time,open,high,low,close,Commercials long,Commercials short,Commercials net,Large Speculators long,Large Speculators short,Large Speculators net,Small Speculators long,Small Speculators short,Small Speculators net,MA,Smoothing Line,Volume,Volume MA,OI,Commercials long,Commercials short,Commercials net,Large Speculators long,Large Speculators short,Large Speculators net,Small Speculators long,Small Speculators short,Small Speculators net
2006-04-24T22:00:00Z,11.3,11.3,10.92,10.92,25835,-16430,9405,1566,-3245,-1679,3659,-11385,-7726,NaN,NaN,NaN,NaN,NaN,25835,-16430,9405,1566,-3245,-1679,3659,-11385,-7726
2006-04-25T22:00:00Z,10.93,10.95,10.93,10.95,25835,-16430,9405,1566,-3245,-1679,3659,-11385,-7726,NaN,NaN,NaN,NaN,NaN,25835,-16430,9405,1566,-3245,-1679,3659,-11385,-7726
2006-04-26T22:00:00Z,10.95,10.95,10.95,10.95,25835,-16430,9405,1566,-3245,-1679,3659,-11385,-7726,NaN,NaN,NaN,NaN,NaN,25835,-16430,9405,1566,-3245,-1679,3659,-11385,-7726
2006-04-27T22:00:00Z,10.92,10.95,10.92,10.95,25835,-16430,9405,1566,-3245,-1679,3659,-11385,-7726,NaN,NaN,NaN,NaN,NaN,25835,-16430,9405,1566,-3245,-1679,3659,-11385,-7726
2006-04-30T22:00:00Z,10.85,10.87,10.85,10.87,25835,-16430,9405,1566,-3245,-1679,3659,-11385,-7726,NaN,NaN,NaN,NaN,NaN,25835,-16430,9405,1566,-3245,-1679,3659,-11385,-7726
2006-05-01T22:00:00Z,10.87,10.87,10.85,10.85,26112,-16774,9338,1772,-3175,-1403,3565,-11500,-7935,NaN,NaN,NaN,NaN,NaN,26112,-16774,9338,1772,-3175,-1403,3565,-11500,-7935
2006-05-02T22:00:00Z,10.85,10.85,10.83,10.83,26112,-16774,9338,1772,-3175,-1403,3565,-11500,-7935,NaN,NaN,NaN,NaN,NaN,26112,-16774,9338,1772,-3175,-1403,3565,-11500,-7935
2006-05-03T22:00:00Z,10.83,10.83,10.81,10.83,26112,-16774,9338,1772,-3175,-1403,3565,-11500,-7935,NaN,NaN,NaN,NaN,NaN,26112,-16774,9338,1772,-3175,-1403,3565,-11500,-7935
2006-05-04T22:00:00Z,10.83,10.83,10.81,10.81,26112,-16774,9338,1772,-3175,-1403,3565,-11500,-7935,NaN,NaN,NaN,NaN,NaN,26112,-16774,9338,1772,-3175,-1403,3565,-11500,-7935
2006-05-07T22:00:00Z,10.73,10.73,10.72,10.72,26112,-16774,9338,1772,-3175,-1403,3565,-11500,-7935,NaN,NaN,NaN,NaN,NaN,26112,-16774,9338,1772,-3175,-1403,3565,-11500,-7935
2006-05-08T22:00:00Z,10.72,10.73,10.71,10.71,24461,-15092,9369,1323,-3306,-1983,3412,-10798,-7386,NaN,NaN,NaN,NaN,NaN,24461,-15092,9369,1323,-3306,-1983,3412,-10798,-7386
2006-05-09T22:00:00Z,10.75,10.75,10.75,10.75,24461,-15092,9369,1323,-3306,-1983,3412,-10798,-7386,NaN,NaN,NaN,NaN,NaN,24461,-15092,9369,1323,-3306,-1983,3412,-10798,-7386
2006-05-10T22:00:00Z,10.79,10.79,10.75,10.76,24461,-15092,9369,1323,-3306,-1983,3412,-10798,-7386,NaN,NaN,NaN,NaN,NaN,24461,-15092,9369,1323,-3306,-1983,3412,-10798,-7386
2006-05-11T22:00:00Z,10.8,10.8,10.8,10.8,24461,-15092,9369,1323,-3306,-1983,3412,-10798,-7386,NaN,NaN,NaN,NaN,NaN,24461,-15092,9369,1323,-3306,-1983,3412,-10798,-7386
2006-05-14T22:00:00Z,10.8,10.82,10.77,10.77,24461,-15092,9369,1323,-3306,-1983,3412,-10798,-7386,NaN,NaN,NaN,NaN,NaN,24461,-15092,9369,1323,-3306,-1983,3412,-10798,-7386
2006-05-15T22:00:00Z,10.8,10.8,10.8,10.8,24957,-15509,9448,1706,-3747,-2041,3570,-10977,-7407,NaN,NaN,NaN,NaN,NaN,24957,-15509,9448,1706,-3747,-2041,3570,-10977,-7407
2006-05-16T22:00:00Z,10.85,10.85,10.85,10.85,24957,-15509,9448,1706,-3747,-2041,3570,-10977,-7407,NaN,NaN,NaN,NaN,NaN,24957,-15509,9448,1706,-3747,-2041,3570,-10977,-7407
2006-05-17T22:00:00Z,10.85,10.85,10.85,10.85,24957,-15509,9448,1706,-3747,-2041,3570,-10977,-7407,NaN,NaN,NaN,NaN,NaN,24957,-15509,9448,1706,-3747,-2041,3570,-10977,-7407
2006-05-18T22:00:00Z,10.82,10.82,10.82,10.82,24957,-15509,9448,1706,-3747,-2041,3570,-10977,-7407,NaN,NaN,NaN,NaN,NaN,24957,-15509,9448,1706,-3747,-2041,3570,-10977,-7407
2006-05-21T22:00:00Z,10.82,10.82,10.82,10.82,24957,-15509,9448,1706,-3747,-2041,3570,-10977,-7407,NaN,NaN,NaN,NaN,NaN,24957,-15509,9448,1706,-3747,-2041,3570,-10977,-7407
2006-05-22T22:00:00Z,10.82,10.82,10.82,10.82,25378,-15697,9681,1481,-3199,-1718,3424,-11387,-7963,NaN,NaN,NaN,NaN,NaN,25378,-15697,9681,1481,-3199,-1718,3424,-11387,-7963
2006-05-23T22:00:00Z,10.85,10.85,10.81,10.81,25378,-15697,9681,1481,-3199,-1718,3424,-11387,-7963,NaN,NaN,NaN,NaN,NaN,25378,-15697,9681,1481,-3199,-1718,3424,-11387,-7963
2006-05-24T22:00:00Z,10.82,10.82,10.82,10.82,25378,-15697,9681,1481,-3199,-1718,3424,-11387,-7963,NaN,NaN,NaN,NaN,NaN,25378,-15697,9681,1481,-3199,-1718,3424,-11387,-7963
2006-05-25T22:00:00Z,10.82,10.82,10.82,10.82,25378,-15697,9681,1481,-3199,-1718,3424,-11387,-7963,NaN,NaN,NaN,NaN,NaN,25378,-15697,9681,1481,-3199,-1718,3424,-11387,-7963
2006-05-28T22:00:00Z,11.45,11.45,11.45,11.45,25378,-15697,9681,1481,-3199,-1718,3424,-11387,-7963,NaN,NaN,NaN,NaN,NaN,25378,-15697,9681,1481,-3199,-1718,3424,-11387,-7963
2006-05-29T22:00:00Z,11.44,11.45,11.41,11.45,25789,-16234,9555,1227,-1914,-687,3529,-12397,-8868,NaN,NaN,NaN,NaN,NaN,25789,-16234,9555,1227,-1914,-687,3529,-12397,-8868
2006-05-30T22:00:00Z,11.34,11.35,11.31,11.35,25789,-16234,9555,1227,-1914,-687,3529,-12397,-8868,NaN,NaN,NaN,NaN,NaN,25789,-16234,9555,1227,-1914,-687,3529,-12397,-8868
2006-05-31T22:00:00Z,11.28,11.42,11.28,11.42,25789,-16234,9555,1227,-1914,-687,3529,-12397,-8868,NaN,NaN,NaN,NaN,NaN,25789,-16234,9555,1227,-1914,-687,3529,-12397,-8868
2006-06-01T22:00:00Z,11.41,11.41,11.34,11.34,25789,-16234,9555,1227,-1914,-687,3529,-12397,-8868,NaN,NaN,NaN,NaN,NaN,25789,-16234,9555,1227,-1914,-687,3529,-12397,-8868
2006-06-04T22:00:00Z,11.27,11.34,11.27,11.34,25789,-16234,9555,1227,-1914,-687,3529,-12397,-8868,NaN,NaN,NaN,NaN,NaN,25789,-16234,9555,1227,-1914,-687,3529,-12397,-8868
2006-06-05T22:00:00Z,11.26,11.26,11.25,11.25,23993,-15352,8641,1082,-1844,-762,3707,-11586,-7879,NaN,NaN,NaN,NaN,NaN,23993,-15352,8641,1082,-1844,-762,3707,-11586,-7879
2006-06-06T22:00:00Z,11.21,11.21,11.21,11.21,23993,-15352,8641,1082,-1844,-762,3707,-11586,-7879,NaN,NaN,NaN,NaN,NaN,23993,-15352,8641,1082,-1844,-762,3707,-11586,-7879
2006-06-07T22:00:00Z,11.25,11.25,11.22,11.22,23993,-15352,8641,1082,-1844,-762,3707,-11586,-7879,NaN,NaN,NaN,NaN,NaN,23993,-15352,8641,1082,-1844,-762,3707,-11586,-7879
2006-06-08T22:00:00Z,11.22,11.25,11.22,11.24,23993,-15352,8641,1082,-1844,-762,3707,-11586,-7879,NaN,NaN,NaN,NaN,NaN,23993,-15352,8641,1082,-1844,-762,3707,-11586,-7879
2006-06-11T22:00:00Z,11.22,11.25,11.22,11.24,23993,-15352,8641,1082,-1844,-762,3707,-11586,-7879,NaN,NaN,NaN,NaN,NaN,23993,-15352,8641,1082,-1844,-762,3707,-11586,-7879
2006-06-12T22:00:00Z,11.25,11.26,11.25,11.26,24251,-15961,8290,1413,-1886,-473,4063,-11880,-7817,NaN,NaN,NaN,NaN,NaN,24251,-15961,8290,1413,-1886,-473,4063,-11880,-7817
2006-06-13T22:00:00Z,11.26,11.26,11.26,11.26,24251,-15961,8290,1413,-1886,-473,4063,-11880,-7817,NaN,NaN,NaN,NaN,NaN,24251,-15961,8290,1413,-1886,-473,4063,-11880,-7817
2006-06-14T22:00:00Z,11.25,11.25,11.25,11.25,24251,-15961,8290,1413,-1886,-473,4063,-11880,-7817,NaN,NaN,NaN,NaN,NaN,24251,-15961,8290,1413,-1886,-473,4063,-11880,-7817
2006-06-15T22:00:00Z,11.26,11.26,11.26,11.26,24251,-15961,8290,1413,-1886,-473,4063,-11880,-7817,NaN,NaN,NaN,NaN,NaN,24251,-15961,8290,1413,-1886,-473,4063,-11880,-7817
2006-06-18T22:00:00Z,11.25,11.26,11.25,11.26,24251,-15961,8290,1413,-1886,-473,4063,-11880,-7817,NaN,NaN,NaN,NaN,NaN,24251,-15961,8290,1413,-1886,-473,4063,-11880,-7817
2006-06-19T22:00:00Z,11.26,11.26,11.26,11.26,25522,-16989,8533,1488,-1989,-501,3496,-11528,-8032,NaN,NaN,NaN,NaN,NaN,25522,-16989,8533,1488,-1989,-501,3496,-11528,-8032
2006-06-20T22:00:00Z,11.26,11.26,11.26,11.26,25522,-16989,8533,1488,-1989,-501,3496,-11528,-8032,NaN,NaN,NaN,NaN,NaN,25522,-16989,8533,1488,-1989,-501,3496,-11528,-8032
2006-06-21T22:00:00Z,11.26,11.26,11.26,11.26,25522,-16989,8533,1488,-1989,-501,3496,-11528,-8032,NaN,NaN,NaN,NaN,NaN,25522,-16989,8533,1488,-1989,-501,3496,-11528,-8032
2006-06-22T22:00:00Z,11.29,11.29,11.29,11.29,25522,-16989,8533,1488,-1989,-501,3496,-11528,-8032,NaN,NaN,NaN,NaN,NaN,25522,-16989,8533,1488,-1989,-501,3496,-11528,-8032
2006-06-25T22:00:00Z,11.21,11.22,11.21,11.21,25522,-16989,8533,1488,-1989,-501,3496,-11528,-8032,NaN,NaN,NaN,NaN,NaN,25522,-16989,8533,1488,-1989,-501,3496,-11528,-8032
2006-06-26T22:00:00Z,11.24,11.25,11.24,11.24,26545,-17231,9314,1085,-2387,-1302,3510,-11522,-8012,NaN,NaN,NaN,NaN,NaN,26545,-17231,9314,1085,-2387,-1302,3510,-11522,-8012
2006-06-27T22:00:00Z,11.27,11.27,11.22,11.22,26545,-17231,9314,1085,-2387,-1302,3510,-11522,-8012,NaN,NaN,NaN,NaN,NaN,26545,-17231,9314,1085,-2387,-1302,3510,-11522,-8012
2006-06-28T22:00:00Z,11.18,11.18,11.17,11.17,26545,-17231,9314,1085,-2387,-1302,3510,-11522,-8012,NaN,NaN,NaN,NaN,NaN,26545,-17231,9314,1085,-2387,-1302,3510,-11522,-8012
2006-06-29T22:00:00Z,11.18,11.18,11.14,11.15,26545,-17231,9314,1085,-2387,-1302,3510,-11522,-8012,NaN,NaN,NaN,NaN,NaN,26545,-17231,9314,1085,-2387,-1302,3510,-11522,-8012
2006-07-02T22:00:00Z,11.17,11.17,11.17,11.17,23363,-15801,7562,1429,-2257,-828,3842,-10576,-6734,NaN,NaN,NaN,NaN,NaN,23363,-15801,7562,1429,-2257,-828,3842,-10576,-6734
2006-07-04T22:00:00Z,11.19,11.19,11.18,11.18,23363,-15801,7562,1429,-2257,-828,3842,-10576,-6734,NaN,NaN,NaN,NaN,NaN,23363,-15801,7562,1429,-2257,-828,3842,-10576,-6734
2006-07-05T22:00:00Z,11.13,11.14,11.1,11.1,23363,-15801,7562,1429,-2257,-828,3842,-10576,-6734,NaN,NaN,NaN,NaN,NaN,23363,-15801,7562,1429,-2257,-828,3842,-10576,-6734
2006-07-06T22:00:00Z,11.1,11.1,11.05,11.05,23363,-15801,7562,1429,-2257,-828,3842,-10576,-6734,NaN,NaN,NaN,NaN,NaN,23363,-15801,7562,1429,-2257,-828,3842,-10576,-6734
2006-07-09T22:00:00Z,11.02,11.02,11,11,23363,-15801,7562,1429,-2257,-828,3842,-10576,-6734,NaN,NaN,NaN,NaN,NaN,23363,-15801,7562,1429,-2257,-828,3842,-10576,-6734
2006-07-10T22:00:00Z,11.02,11.02,11,11,24073,-16018,8055,1316,-2982,-1666,3886,-10275,-6389,NaN,NaN,NaN,NaN,NaN,24073,-16018,8055,1316,-2982,-1666,3886,-10275,-6389
2006-07-11T22:00:00Z,11.02,11.02,11.01,11.01,24073,-16018,8055,1316,-2982,-1666,3886,-10275,-6389,NaN,NaN,NaN,NaN,NaN,24073,-16018,8055,1316,-2982,-1666,3886,-10275,-6389
2006-07-12T22:00:00Z,11.04,11.04,11.01,11.01,24073,-16018,8055,1316,-2982,-1666,3886,-10275,-6389,NaN,NaN,NaN,NaN,NaN,24073,-16018,8055,1316,-2982,-1666,3886,-10275,-6389
2006-07-13T22:00:00Z,11,11,10.98,10.98,24073,-16018,8055,1316,-2982,-1666,3886,-10275,-6389,NaN,NaN,NaN,NaN,NaN,24073,-16018,8055,1316,-2982,-1666,3886,-10275,-6389
2006-07-16T22:00:00Z,10.99,10.99,10.99,10.99,24073,-16018,8055,1316,-2982,-1666,3886,-10275,-6389,NaN,NaN,NaN,NaN,NaN,24073,-16018,8055,1316,-2982,-1666,3886,-10275,-6389
2006-07-17T22:00:00Z,10.98,10.99,10.95,10.95,24663,-16355,8308,1063,-3216,-2153,4170,-10325,-6155,NaN,NaN,NaN,NaN,NaN,24663,-16355,8308,1063,-3216,-2153,4170,-10325,-6155
2006-07-18T22:00:00Z,10.95,10.96,10.95,10.96,24663,-16355,8308,1063,-3216,-2153,4170,-10325,-6155,NaN,NaN,NaN,NaN,NaN,24663,-16355,8308,1063,-3216,-2153,4170,-10325,-6155
2006-07-19T22:00:00Z,10.97,10.97,10.95,10.95,24663,-16355,8308,1063,-3216,-2153,4170,-10325,-6155,NaN,NaN,NaN,NaN,NaN,24663,-16355,8308,1063,-3216,-2153,4170,-10325,-6155
2006-07-20T22:00:00Z,10.94,10.96,10.93,10.93,24663,-16355,8308,1063,-3216,-2153,4170,-10325,-6155,NaN,NaN,NaN,NaN,NaN,24663,-16355,8308,1063,-3216,-2153,4170,-10325,-6155
2006-07-23T22:00:00Z,10.95,10.95,10.95,10.95,24663,-16355,8308,1063,-3216,-2153,4170,-10325,-6155,NaN,NaN,NaN,NaN,NaN,24663,-16355,8308,1063,-3216,-2153,4170,-10325,-6155
2006-07-24T22:00:00Z,10.94,10.94,10.94,10.94,25010,-16598,8412,1021,-3958,-2937,4475,-9950,-5475,NaN,NaN,NaN,NaN,NaN,25010,-16598,8412,1021,-3958,-2937,4475,-9950,-5475
2006-07-25T22:00:00Z,10.95,10.95,10.95,10.95,25010,-16598,8412,1021,-3958,-2937,4475,-9950,-5475,NaN,NaN,NaN,NaN,NaN,25010,-16598,8412,1021,-3958,-2937,4475,-9950,-5475
2006-07-26T22:00:00Z,10.95,10.95,10.95,10.95,25010,-16598,8412,1021,-3958,-2937,4475,-9950,-5475,NaN,NaN,NaN,NaN,NaN,25010,-16598,8412,1021,-3958,-2937,4475,-9950,-5475
2006-07-27T22:00:00Z,10.95,10.95,10.95,10.95,25010,-16598,8412,1021,-3958,-2937,4475,-9950,-5475,NaN,NaN,NaN,NaN,NaN,25010,-16598,8412,1021,-3958,-2937,4475,-9950,-5475
2006-07-30T22:00:00Z,10.99,11.11,10.98,11.02,25010,-16598,8412,1021,-3958,-2937,4475,-9950,-5475,NaN,NaN,NaN,NaN,NaN,25010,-16598,8412,1021,-3958,-2937,4475,-9950,-5475
2006-07-31T22:00:00Z,11.08,11.12,11.05,11.06,25785,-16744,9041,948,-4391,-3443,4060,-9658,-5598,NaN,NaN,NaN,NaN,NaN,25785,-16744,9041,948,-4391,-3443,4060,-9658,-5598
2006-08-01T22:00:00Z,11.04,11.09,11.04,11.05,25785,-16744,9041,948,-4391,-3443,4060,-9658,-5598,NaN,NaN,NaN,NaN,NaN,25785,-16744,9041,948,-4391,-3443,4060,-9658,-5598
2006-08-02T22:00:00Z,11.05,11.06,11,11,25785,-16744,9041,948,-4391,-3443,4060,-9658,-5598,NaN,NaN,NaN,NaN,NaN,25785,-16744,9041,948,-4391,-3443,4060,-9658,-5598
2006-08-03T22:00:00Z,11.01,11.01,10.96,10.96,25785,-16744,9041,948,-4391,-3443,4060,-9658,-5598,NaN,NaN,NaN,NaN,NaN,25785,-16744,9041,948,-4391,-3443,4060,-9658,-5598
2006-08-06T22:00:00Z,10.96,11,10.96,10.97,25785,-16744,9041,948,-4391,-3443,4060,-9658,-5598,NaN,NaN,NaN,NaN,NaN,25785,-16744,9041,948,-4391,-3443,4060,-9658,-5598
2006-08-07T22:00:00Z,10.96,10.96,10.96,10.96,23360,-15382,7978,1139,-3779,-2640,3562,-8900,-5338,NaN,NaN,NaN,NaN,NaN,23360,-15382,7978,1139,-3779,-2640,3562,-8900,-5338
2006-08-08T22:00:00Z,10.96,10.96,10.95,10.95,23360,-15382,7978,1139,-3779,-2640,3562,-8900,-5338,NaN,NaN,NaN,NaN,NaN,23360,-15382,7978,1139,-3779,-2640,3562,-8900,-5338
2006-08-09T22:00:00Z,10.94,10.94,10.94,10.94,23360,-15382,7978,1139,-3779,-2640,3562,-8900,-5338,NaN,NaN,NaN,NaN,NaN,23360,-15382,7978,1139,-3779,-2640,3562,-8900,-5338
2006-08-10T22:00:00Z,10.99,10.99,10.99,10.99,23360,-15382,7978,1139,-3779,-2640,3562,-8900,-5338,NaN,NaN,NaN,NaN,NaN,23360,-15382,7978,1139,-3779,-2640,3562,-8900,-5338
2006-08-13T22:00:00Z,11.05,11.05,11,11,23360,-15382,7978,1139,-3779,-2640,3562,-8900,-5338,NaN,NaN,NaN,NaN,NaN,23360,-15382,7978,1139,-3779,-2640,3562,-8900,-5338
2006-08-14T22:00:00Z,11,11,11,11,23480,-15551,7929,1253,-3267,-2014,3770,-9685,-5915,NaN,NaN,NaN,NaN,NaN,23480,-15551,7929,1253,-3267,-2014,3770,-9685,-5915
2006-08-15T22:00:00Z,11.03,11.03,11.02,11.02,23480,-15551,7929,1253,-3267,-2014,3770,-9685,-5915,NaN,NaN,NaN,NaN,NaN,23480,-15551,7929,1253,-3267,-2014,3770,-9685,-5915
2006-08-16T22:00:00Z,11.05,11.05,11.03,11.03,23480,-15551,7929,1253,-3267,-2014,3770,-9685,-5915,NaN,NaN,NaN,NaN,NaN,23480,-15551,7929,1253,-3267,-2014,3770,-9685,-5915
2006-08-17T22:00:00Z,11.06,11.1,11.05,11.05,23480,-15551,7929,1253,-3267,-2014,3770,-9685,-5915,NaN,NaN,NaN,NaN,NaN,23480,-15551,7929,1253,-3267,-2014,3770,-9685,-5915
2006-08-20T22:00:00Z,11.09,11.09,11.07,11.07,23480,-15551,7929,1253,-3267,-2014,3770,-9685,-5915,NaN,NaN,NaN,NaN,NaN,23480,-15551,7929,1253,-3267,-2014,3770,-9685,-5915
2006-08-21T22:00:00Z,10.98,10.98,10.98,10.98,23843,-16595,7248,1792,-3906,-2114,3593,-8727,-5134,NaN,NaN,NaN,NaN,NaN,23843,-16595,7248,1792,-3906,-2114,3593,-8727,-5134
2006-08-22T22:00:00Z,11.05,11.05,11.05,11.05,23843,-16595,7248,1792,-3906,-2114,3593,-8727,-5134,NaN,NaN,NaN,NaN,NaN,23843,-16595,7248,1792,-3906,-2114,3593,-8727,-5134
2006-08-23T22:00:00Z,11.09,11.09,11.06,11.06,23843,-16595,7248,1792,-3906,-2114,3593,-8727,-5134,NaN,NaN,NaN,NaN,NaN,23843,-16595,7248,1792,-3906,-2114,3593,-8727,-5134
2006-08-24T22:00:00Z,11.08,11.08,11.05,11.05,23843,-16595,7248,1792,-3906,-2114,3593,-8727,-5134,NaN,NaN,NaN,NaN,NaN,23843,-16595,7248,1792,-3906,-2114,3593,-8727,-5134
2006-08-27T22:00:00Z,12.55,12.55,12.5,12.53,23843,-16595,7248,1792,-3906,-2114,3593,-8727,-5134,NaN,NaN,NaN,NaN,NaN,23843,-16595,7248,1792,-3906,-2114,3593,-8727,-5134
2006-08-28T22:00:00Z,12.51,12.55,12.45,12.46,24217,-16939,7278,2064,-4125,-2061,3418,-8635,-5217,NaN,NaN,NaN,NaN,NaN,24217,-16939,7278,2064,-4125,-2061,3418,-8635,-5217
2006-08-29T22:00:00Z,12.5,12.57,12.5,12.57,24217,-16939,7278,2064,-4125,-2061,3418,-8635,-5217,NaN,NaN,NaN,NaN,NaN,24217,-16939,7278,2064,-4125,-2061,3418,-8635,-5217
2006-08-30T22:00:00Z,12.59,12.59,12.5,12.55,24217,-16939,7278,2064,-4125,-2061,3418,-8635,-5217,NaN,NaN,NaN,NaN,NaN,24217,-16939,7278,2064,-4125,-2061,3418,-8635,-5217
2006-08-31T22:00:00Z,12.35,12.35,12.35,12.35,24217,-16939,7278,2064,-4125,-2061,3418,-8635,-5217,NaN,NaN,NaN,NaN,NaN,24217,-16939,7278,2064,-4125,-2061,3418,-8635,-5217
2006-09-04T22:00:00Z,12.39,12.4,12.37,12.4,19656,-14624,5032,2540,-3020,-480,3543,-8095,-4552,NaN,NaN,NaN,NaN,NaN,19656,-14624,5032,2540,-3020,-480,3543,-8095,-4552
2006-09-05T22:00:00Z,12.4,12.4,12.36,12.4,19656,-14624,5032,2540,-3020,-480,3543,-8095,-4552,NaN,NaN,NaN,NaN,NaN,19656,-14624,5032,2540,-3020,-480,3543,-8095,-4552
2006-09-06T22:00:00Z,12.4,12.42,12.36,12.36,19656,-14624,5032,2540,-3020,-480,3543,-8095,-4552,NaN,NaN,NaN,NaN,NaN,19656,-14624,5032,2540,-3020,-480,3543,-8095,-4552
2006-09-07T22:00:00Z,12.37,12.37,12.18,12.18,19656,-14624,5032,2540,-3020,-480,3543,-8095,-4552,NaN,NaN,NaN,NaN,NaN,19656,-14624,5032,2540,-3020,-480,3543,-8095,-4552
2006-09-10T22:00:00Z,12.2,12.2,12.2,12.2,19656,-14624,5032,2540,-3020,-480,3543,-8095,-4552,NaN,NaN,NaN,NaN,NaN,19656,-14624,5032,2540,-3020,-480,3543,-8095,-4552
2006-09-11T22:00:00Z,12.15,12.16,12.13,12.15,20072,-15214,4858,2586,-2363,223,3348,-8429,-5081,NaN,NaN,NaN,NaN,NaN,20072,-15214,4858,2586,-2363,223,3348,-8429,-5081
2006-09-12T22:00:00Z,12.14,12.14,12.14,12.14,20072,-15214,4858,2586,-2363,223,3348,-8429,-5081,NaN,NaN,NaN,NaN,NaN,20072,-15214,4858,2586,-2363,223,3348,-8429,-5081
2006-09-13T22:00:00Z,12.2,12.21,12.18,12.18,20072,-15214,4858,2586,-2363,223,3348,-8429,-5081,NaN,NaN,NaN,NaN,NaN,20072,-15214,4858,2586,-2363,223,3348,-8429,-5081
2006-09-14T22:00:00Z,12.22,12.22,12.22,12.22,20072,-15214,4858,2586,-2363,223,3348,-8429,-5081,NaN,NaN,NaN,NaN,NaN,20072,-15214,4858,2586,-2363,223,3348,-8429,-5081
2006-09-17T22:00:00Z,12.25,12.25,12.25,12.25,20072,-15214,4858,2586,-2363,223,3348,-8429,-5081,NaN,NaN,NaN,NaN,NaN,20072,-15214,4858,2586,-2363,223,3348,-8429,-5081
2006-09-18T22:00:00Z,12.25,12.29,12.25,12.28,21354,-16323,5031,2476,-3000,-524,3904,-8411,-4507,NaN,NaN,NaN,NaN,NaN,21354,-16323,5031,2476,-3000,-524,3904,-8411,-4507
2006-09-19T22:00:00Z,12.28,12.28,12.27,12.28,21354,-16323,5031,2476,-3000,-524,3904,-8411,-4507,NaN,NaN,NaN,NaN,NaN,21354,-16323,5031,2476,-3000,-524,3904,-8411,-4507
2006-09-21T22:00:00Z,12.25,12.26,12.25,12.25,21354,-16323,5031,2476,-3000,-524,3904,-8411,-4507,NaN,NaN,NaN,NaN,NaN,21354,-16323,5031,2476,-3000,-524,3904,-8411,-4507
2006-09-24T22:00:00Z,12.75,12.78,12.58,12.58,21354,-16323,5031,2476,-3000,-524,3904,-8411,-4507,NaN,NaN,NaN,NaN,NaN,21354,-16323,5031,2476,-3000,-524,3904,-8411,-4507
2006-09-25T22:00:00Z,12.51,12.53,12.48,12.53,21696,-17121,4575,3098,-2890,208,3885,-8668,-4783,NaN,NaN,NaN,NaN,NaN,21696,-17121,4575,3098,-2890,208,3885,-8668,-4783
2006-09-26T22:00:00Z,12.54,12.54,12.54,12.54,21696,-17121,4575,3098,-2890,208,3885,-8668,-4783,NaN,NaN,NaN,NaN,NaN,21696,-17121,4575,3098,-2890,208,3885,-8668,-4783
2006-09-27T22:00:00Z,12.45,12.55,12.45,12.55,21696,-17121,4575,3098,-2890,208,3885,-8668,-4783,NaN,NaN,NaN,NaN,NaN,21696,-17121,4575,3098,-2890,208,3885,-8668,-4783
2006-09-28T22:00:00Z,12.55,12.62,12.55,12.6,21696,-17121,4575,3098,-2890,208,3885,-8668,-4783,NaN,NaN,NaN,NaN,NaN,21696,-17121,4575,3098,-2890,208,3885,-8668,-4783
2006-10-01T22:00:00Z,12.4,12.4,12.4,12.4,21696,-17121,4575,3098,-2890,208,3885,-8668,-4783,NaN,NaN,NaN,NaN,NaN,21696,-17121,4575,3098,-2890,208,3885,-8668,-4783
2006-10-02T22:00:00Z,12.36,12.4,12.36,12.37,18346,-15136,3210,3812,-1988,1824,3421,-8455,-5034,NaN,NaN,NaN,NaN,NaN,18346,-15136,3210,3812,-1988,1824,3421,-8455,-5034
2006-10-03T22:00:00Z,12.33,12.42,12.33,12.4,18346,-15136,3210,3812,-1988,1824,3421,-8455,-5034,NaN,NaN,NaN,NaN,NaN,18346,-15136,3210,3812,-1988,1824,3421,-8455,-5034
2006-10-04T22:00:00Z,12.4,12.4,12.37,12.39,18346,-15136,3210,3812,-1988,1824,3421,-8455,-5034,NaN,NaN,NaN,NaN,NaN,18346,-15136,3210,3812,-1988,1824,3421,-8455,-5034
2006-10-05T22:00:00Z,12.36,12.37,12.34,12.37,18346,-15136,3210,3812,-1988,1824,3421,-8455,-5034,NaN,NaN,NaN,NaN,NaN,18346,-15136,3210,3812,-1988,1824,3421,-8455,-5034
2006-10-08T22:00:00Z,12.34,12.34,12.29,12.29,18346,-15136,3210,3812,-1988,1824,3421,-8455,-5034,NaN,NaN,NaN,NaN,NaN,18346,-15136,3210,3812,-1988,1824,3421,-8455,-5034
2006-10-09T22:00:00Z,12.28,12.29,12.25,12.25,18938,-15358,3580,3673,-2021,1652,3190,-8422,-5232,NaN,NaN,NaN,NaN,NaN,18938,-15358,3580,3673,-2021,1652,3190,-8422,-5232
2006-10-10T22:00:00Z,12.25,12.25,12.2,12.24,18938,-15358,3580,3673,-2021,1652,3190,-8422,-5232,NaN,NaN,NaN,NaN,NaN,18938,-15358,3580,3673,-2021,1652,3190,-8422,-5232
2006-10-11T22:00:00Z,12.24,12.3,12.24,12.3,18938,-15358,3580,3673,-2021,1652,3190,-8422,-5232,NaN,NaN,NaN,NaN,NaN,18938,-15358,3580,3673,-2021,1652,3190,-8422,-5232
2006-10-12T22:00:00Z,12.3,12.3,12.3,12.3,18938,-15358,3580,3673,-2021,1652,3190,-8422,-5232,NaN,NaN,NaN,NaN,NaN,18938,-15358,3580,3673,-2021,1652,3190,-8422,-5232
2006-10-15T22:00:00Z,12.35,12.35,12.35,12.35,18938,-15358,3580,3673,-2021,1652,3190,-8422,-5232,NaN,NaN,NaN,NaN,NaN,18938,-15358,3580,3673,-2021,1652,3190,-8422,-5232
2006-10-16T22:00:00Z,12.36,12.37,12.35,12.35,19394,-15625,3769,3865,-2072,1793,3638,-9200,-5562,NaN,NaN,NaN,NaN,NaN,19394,-15625,3769,3865,-2072,1793,3638,-9200,-5562
2006-10-17T22:00:00Z,12.35,12.35,12.35,12.35,19394,-15625,3769,3865,-2072,1793,3638,-9200,-5562,NaN,NaN,NaN,NaN,NaN,19394,-15625,3769,3865,-2072,1793,3638,-9200,-5562
2006-10-18T22:00:00Z,12.35,12.35,12.35,12.35,19394,-15625,3769,3865,-2072,1793,3638,-9200,-5562,NaN,NaN,NaN,NaN,NaN,19394,-15625,3769,3865,-2072,1793,3638,-9200,-5562
2006-10-19T22:00:00Z,12.35,12.35,12.32,12.32,19394,-15625,3769,3865,-2072,1793,3638,-9200,-5562,NaN,NaN,NaN,NaN,NaN,19394,-15625,3769,3865,-2072,1793,3638,-9200,-5562
2006-10-22T22:00:00Z,12.35,12.35,12.35,12.35,19394,-15625,3769,3865,-2072,1793,3638,-9200,-5562,NaN,NaN,NaN,NaN,NaN,19394,-15625,3769,3865,-2072,1793,3638,-9200,-5562
2006-10-24T22:00:00Z,12.33,12.33,12.33,12.33,19745,-16807,2938,4702,-1742,2960,4420,-10318,-5898,NaN,NaN,NaN,NaN,NaN,19745,-16807,2938,4702,-1742,2960,4420,-10318,-5898
2006-10-25T22:00:00Z,12.33,12.33,12.33,12.33,19745,-16807,2938,4702,-1742,2960,4420,-10318,-5898,NaN,NaN,NaN,NaN,NaN,19745,-16807,2938,4702,-1742,2960,4420,-10318,-5898
2006-10-26T22:00:00Z,12.35,12.35,12.35,12.35,19745,-16807,2938,4702,-1742,2960,4420,-10318,-5898,NaN,NaN,NaN,NaN,NaN,19745,-16807,2938,4702,-1742,2960,4420,-10318,-5898
2006-10-29T23:00:00Z,12.55,12.68,12.55,12.68,19745,-16807,2938,4702,-1742,2960,4420,-10318,-5898,NaN,NaN,NaN,NaN,NaN,19745,-16807,2938,4702,-1742,2960,4420,-10318,-5898
2006-10-30T23:00:00Z,12.7,12.7,12.64,12.65,20931,-16948,3983,4843,-2450,2393,3733,-10109,-6376,NaN,NaN,NaN,NaN,NaN,20931,-16948,3983,4843,-2450,2393,3733,-10109,-6376
2006-10-31T23:00:00Z,12.71,12.71,12.69,12.7,20931,-16948,3983,4843,-2450,2393,3733,-10109,-6376,NaN,NaN,NaN,NaN,NaN,20931,-16948,3983,4843,-2450,2393,3733,-10109,-6376
2006-11-01T23:00:00Z,12.78,12.85,12.76,12.77,20931,-16948,3983,4843,-2450,2393,3733,-10109,-6376,NaN,NaN,NaN,NaN,NaN,20931,-16948,3983,4843,-2450,2393,3733,-10109,-6376
2006-11-02T23:00:00Z,12.81,12.86,12.69,12.72,20931,-16948,3983,4843,-2450,2393,3733,-10109,-6376,NaN,NaN,NaN,NaN,NaN,20931,-16948,3983,4843,-2450,2393,3733,-10109,-6376
2006-11-05T23:00:00Z,12.7,12.72,12.59,12.59,20931,-16948,3983,4843,-2450,2393,3733,-10109,-6376,NaN,NaN,NaN,NaN,NaN,20931,-16948,3983,4843,-2450,2393,3733,-10109,-6376
2006-11-06T23:00:00Z,12.65,12.68,12.65,12.68,17700,-14884,2816,4317,-1811,2506,4410,-9732,-5322,NaN,NaN,NaN,NaN,NaN,17700,-14884,2816,4317,-1811,2506,4410,-9732,-5322
2006-11-07T23:00:00Z,12.68,12.73,12.68,12.72,17700,-14884,2816,4317,-1811,2506,4410,-9732,-5322,NaN,NaN,NaN,NaN,NaN,17700,-14884,2816,4317,-1811,2506,4410,-9732,-5322
2006-11-08T23:00:00Z,12.74,12.76,12.73,12.75,17700,-14884,2816,4317,-1811,2506,4410,-9732,-5322,NaN,NaN,NaN,NaN,NaN,17700,-14884,2816,4317,-1811,2506,4410,-9732,-5322
2006-11-09T23:00:00Z,12.75,12.76,12.75,12.75,17700,-14884,2816,4317,-1811,2506,4410,-9732,-5322,NaN,NaN,NaN,NaN,NaN,17700,-14884,2816,4317,-1811,2506,4410,-9732,-5322
2006-11-12T23:00:00Z,12.78,12.8,12.78,12.8,17700,-14884,2816,4317,-1811,2506,4410,-9732,-5322,NaN,NaN,NaN,NaN,NaN,17700,-14884,2816,4317,-1811,2506,4410,-9732,-5322
2006-11-13T23:00:00Z,12.75,12.75,12.75,12.75,18268,-15548,2720,5187,-1784,3403,4218,-10341,-6123,NaN,NaN,NaN,NaN,NaN,18268,-15548,2720,5187,-1784,3403,4218,-10341,-6123
2006-11-14T23:00:00Z,12.79,12.79,12.79,12.79,18268,-15548,2720,5187,-1784,3403,4218,-10341,-6123,NaN,NaN,NaN,NaN,NaN,18268,-15548,2720,5187,-1784,3403,4218,-10341,-6123
2006-11-15T23:00:00Z,12.79,12.83,12.79,12.83,18268,-15548,2720,5187,-1784,3403,4218,-10341,-6123,NaN,NaN,NaN,NaN,NaN,18268,-15548,2720,5187,-1784,3403,4218,-10341,-6123
2006-11-16T23:00:00Z,12.91,12.91,12.87,12.87,18268,-15548,2720,5187,-1784,3403,4218,-10341,-6123,NaN,NaN,NaN,NaN,NaN,18268,-15548,2720,5187,-1784,3403,4218,-10341,-6123
2006-11-19T23:00:00Z,12.87,12.87,12.87,12.87,18268,-15548,2720,5187,-1784,3403,4218,-10341,-6123,NaN,NaN,NaN,NaN,NaN,18268,-15548,2720,5187,-1784,3403,4218,-10341,-6123
2006-11-20T23:00:00Z,12.9,12.9,12.9,12.9,18838,-16529,2309,5383,-1825,3558,3962,-9829,-5867,NaN,NaN,NaN,NaN,NaN,18838,-16529,2309,5383,-1825,3558,3962,-9829,-5867
2006-11-21T23:00:00Z,12.9,12.9,12.9,12.9,18838,-16529,2309,5383,-1825,3558,3962,-9829,-5867,NaN,NaN,NaN,NaN,NaN,18838,-16529,2309,5383,-1825,3558,3962,-9829,-5867
2006-11-23T23:00:00Z,12.9,12.9,12.9,12.9,18838,-16529,2309,5383,-1825,3558,3962,-9829,-5867,NaN,NaN,NaN,NaN,NaN,18838,-16529,2309,5383,-1825,3558,3962,-9829,-5867
2006-11-26T23:00:00Z,13.75,13.78,13.64,13.68,18838,-16529,2309,5383,-1825,3558,3962,-9829,-5867,NaN,NaN,NaN,NaN,NaN,18838,-16529,2309,5383,-1825,3558,3962,-9829,-5867
2006-11-27T23:00:00Z,13.74,13.74,13.66,13.68,18841,-16609,2232,5311,-1850,3461,3959,-9652,-5693,NaN,NaN,NaN,NaN,NaN,18841,-16609,2232,5311,-1850,3461,3959,-9652,-5693
2006-11-28T23:00:00Z,13.65,13.65,13.59,13.59,18841,-16609,2232,5311,-1850,3461,3959,-9652,-5693,NaN,NaN,NaN,NaN,NaN,18841,-16609,2232,5311,-1850,3461,3959,-9652,-5693
2006-11-29T23:00:00Z,13.53,13.53,13.53,13.53,18841,-16609,2232,5311,-1850,3461,3959,-9652,-5693,NaN,NaN,NaN,NaN,NaN,18841,-16609,2232,5311,-1850,3461,3959,-9652,-5693
2006-11-30T23:00:00Z,13.48,13.48,13.31,13.35,18841,-16609,2232,5311,-1850,3461,3959,-9652,-5693,NaN,NaN,NaN,NaN,NaN,18841,-16609,2232,5311,-1850,3461,3959,-9652,-5693
2006-12-04T23:00:00Z,13.31,13.38,13.31,13.38,16249,-15585,664,5552,-2142,3410,3681,-7755,-4074,NaN,NaN,NaN,NaN,NaN,16249,-15585,664,5552,-2142,3410,3681,-7755,-4074
2006-12-05T23:00:00Z,13.4,13.48,13.4,13.48,16249,-15585,664,5552,-2142,3410,3681,-7755,-4074,NaN,NaN,NaN,NaN,NaN,16249,-15585,664,5552,-2142,3410,3681,-7755,-4074
2006-12-06T23:00:00Z,13.41,13.44,13.41,13.44,16249,-15585,664,5552,-2142,3410,3681,-7755,-4074,NaN,NaN,NaN,NaN,NaN,16249,-15585,664,5552,-2142,3410,3681,-7755,-4074
2006-12-07T23:00:00Z,13.44,13.44,13.4,13.42,16249,-15585,664,5552,-2142,3410,3681,-7755,-4074,NaN,NaN,NaN,NaN,NaN,16249,-15585,664,5552,-2142,3410,3681,-7755,-4074
2006-12-10T23:00:00Z,13.42,13.42,13.4,13.4,16249,-15585,664,5552,-2142,3410,3681,-7755,-4074,NaN,NaN,NaN,NaN,NaN,16249,-15585,664,5552,-2142,3410,3681,-7755,-4074
2006-12-11T23:00:00Z,13.4,13.42,13.4,13.42,16785,-15909,876,5515,-2272,3243,3612,-7731,-4119,NaN,NaN,NaN,NaN,NaN,16785,-15909,876,5515,-2272,3243,3612,-7731,-4119
2006-12-12T23:00:00Z,13.41,13.42,13.4,13.42,16785,-15909,876,5515,-2272,3243,3612,-7731,-4119,NaN,NaN,NaN,NaN,NaN,16785,-15909,876,5515,-2272,3243,3612,-7731,-4119
2006-12-13T23:00:00Z,13.42,13.42,13.42,13.42,16785,-15909,876,5515,-2272,3243,3612,-7731,-4119,NaN,NaN,NaN,NaN,NaN,16785,-15909,876,5515,-2272,3243,3612,-7731,-4119
2006-12-14T23:00:00Z,13.5,13.52,13.49,13.52,16785,-15909,876,5515,-2272,3243,3612,-7731,-4119,NaN,NaN,NaN,NaN,NaN,16785,-15909,876,5515,-2272,3243,3612,-7731,-4119
2006-12-17T23:00:00Z,13.54,13.54,13.51,13.51,16785,-15909,876,5515,-2272,3243,3612,-7731,-4119,NaN,NaN,NaN,NaN,NaN,16785,-15909,876,5515,-2272,3243,3612,-7731,-4119
2006-12-18T23:00:00Z,13.5,13.5,13.47,13.5,17416,-16752,664,6093,-2381,3712,3731,-8107,-4376,NaN,NaN,NaN,NaN,NaN,17416,-16752,664,6093,-2381,3712,3731,-8107,-4376
2006-12-19T23:00:00Z,13.5,13.5,13.5,13.5,17416,-16752,664,6093,-2381,3712,3731,-8107,-4376,NaN,NaN,NaN,NaN,NaN,17416,-16752,664,6093,-2381,3712,3731,-8107,-4376
2006-12-20T23:00:00Z,13.53,13.53,13.53,13.53,17416,-16752,664,6093,-2381,3712,3731,-8107,-4376,NaN,NaN,NaN,NaN,NaN,17416,-16752,664,6093,-2381,3712,3731,-8107,-4376
2006-12-21T23:00:00Z,13.47,13.47,13.47,13.47,17416,-16752,664,6093,-2381,3712,3731,-8107,-4376,NaN,NaN,NaN,NaN,NaN,17416,-16752,664,6093,-2381,3712,3731,-8107,-4376
2006-12-26T23:00:00Z,13.1,13.16,13.1,13.15,17363,-16850,513,6128,-1922,4206,4029,-8748,-4719,NaN,NaN,NaN,NaN,NaN,17363,-16850,513,6128,-1922,4206,4029,-8748,-4719
2006-12-27T23:00:00Z,13.17,13.18,13.15,13.16,17363,-16850,513,6128,-1922,4206,4029,-8748,-4719,NaN,NaN,NaN,NaN,NaN,17363,-16850,513,6128,-1922,4206,4029,-8748,-4719
2006-12-28T23:00:00Z,13.2,13.2,13.17,13.2,17363,-16850,513,6128,-1922,4206,4029,-8748,-4719,NaN,NaN,NaN,NaN,NaN,17363,-16850,513,6128,-1922,4206,4029,-8748,-4719
2007-01-01T23:00:00Z,13.2,13.2,13.2,13.2,17363,-16850,513,6128,-1922,4206,4029,-8748,-4719,NaN,NaN,NaN,NaN,NaN,17363,-16850,513,6128,-1922,4206,4029,-8748,-4719
2007-01-02T23:00:00Z,13.12,13.15,13.1,13.15,17380,-17418,-38,6314,-1827,4487,4420,-8869,-4449,NaN,NaN,NaN,NaN,NaN,17380,-17418,-38,6314,-1827,4487,4420,-8869,-4449
2007-01-03T23:00:00Z,13.1,13.34,13.1,13.34,17380,-17418,-38,6314,-1827,4487,4420,-8869,-4449,NaN,NaN,NaN,NaN,NaN,17380,-17418,-38,6314,-1827,4487,4420,-8869,-4449
2007-01-04T23:00:00Z,13.3,13.33,13.28,13.33,17380,-17418,-38,6314,-1827,4487,4420,-8869,-4449,NaN,NaN,NaN,NaN,NaN,17380,-17418,-38,6314,-1827,4487,4420,-8869,-4449
2007-01-07T23:00:00Z,13.36,13.44,13.36,13.44,17380,-17418,-38,6314,-1827,4487,4420,-8869,-4449,NaN,NaN,NaN,NaN,NaN,17380,-17418,-38,6314,-1827,4487,4420,-8869,-4449
2007-01-08T23:00:00Z,13.44,13.44,13.38,13.4,14605,-14823,-218,5284,-1512,3772,4731,-8285,-3554,NaN,NaN,NaN,NaN,NaN,14605,-14823,-218,5284,-1512,3772,4731,-8285,-3554
2007-01-09T23:00:00Z,13.44,13.44,13.37,13.37,14605,-14823,-218,5284,-1512,3772,4731,-8285,-3554,NaN,NaN,NaN,NaN,NaN,14605,-14823,-218,5284,-1512,3772,4731,-8285,-3554
2007-01-10T23:00:00Z,13.37,13.39,13.36,13.36,14605,-14823,-218,5284,-1512,3772,4731,-8285,-3554,NaN,NaN,NaN,NaN,NaN,14605,-14823,-218,5284,-1512,3772,4731,-8285,-3554
2007-01-11T23:00:00Z,13.37,13.4,13.37,13.4,14605,-14823,-218,5284,-1512,3772,4731,-8285,-3554,NaN,NaN,NaN,NaN,NaN,14605,-14823,-218,5284,-1512,3772,4731,-8285,-3554
2007-01-15T23:00:00Z,13.38,13.38,13.38,13.38,15548,-15702,-154,5653,-1509,4144,4393,-8383,-3990,NaN,NaN,NaN,NaN,NaN,15548,-15702,-154,5653,-1509,4144,4393,-8383,-3990
2007-01-16T23:00:00Z,13.38,13.38,13.38,13.38,15548,-15702,-154,5653,-1509,4144,4393,-8383,-3990,NaN,NaN,NaN,NaN,NaN,15548,-15702,-154,5653,-1509,4144,4393,-8383,-3990
2007-01-17T23:00:00Z,13.36,13.36,13.36,13.36,15548,-15702,-154,5653,-1509,4144,4393,-8383,-3990,NaN,NaN,NaN,NaN,NaN,15548,-15702,-154,5653,-1509,4144,4393,-8383,-3990
2007-01-18T23:00:00Z,13.46,13.49,13.45,13.49,15548,-15702,-154,5653,-1509,4144,4393,-8383,-3990,NaN,NaN,NaN,NaN,NaN,15548,-15702,-154,5653,-1509,4144,4393,-8383,-3990
2007-01-21T23:00:00Z,13.5,13.5,13.5,13.5,15548,-15702,-154,5653,-1509,4144,4393,-8383,-3990,NaN,NaN,NaN,NaN,NaN,15548,-15702,-154,5653,-1509,4144,4393,-8383,-3990
2007-01-22T23:00:00Z,13.49,13.54,13.49,13.54,15987,-16597,-610,6241,-1565,4676,4622,-8688,-4066,NaN,NaN,NaN,NaN,NaN,15987,-16597,-610,6241,-1565,4676,4622,-8688,-4066
2007-01-23T23:00:00Z,13.48,13.54,13.48,13.54,15987,-16597,-610,6241,-1565,4676,4622,-8688,-4066,NaN,NaN,NaN,NaN,NaN,15987,-16597,-610,6241,-1565,4676,4622,-8688,-4066
2007-01-24T23:00:00Z,13.54,13.54,13.54,13.54,15987,-16597,-610,6241,-1565,4676,4622,-8688,-4066,NaN,NaN,NaN,NaN,NaN,15987,-16597,-610,6241,-1565,4676,4622,-8688,-4066
2007-01-25T23:00:00Z,14.1,14.25,14.03,14.22,15987,-16597,-610,6241,-1565,4676,4622,-8688,-4066,NaN,NaN,NaN,NaN,NaN,15987,-16597,-610,6241,-1565,4676,4622,-8688,-4066
2007-01-28T23:00:00Z,14.22,14.28,13.99,14.03,15987,-16597,-610,6241,-1565,4676,4622,-8688,-4066,NaN,NaN,NaN,NaN,NaN,15987,-16597,-610,6241,-1565,4676,4622,-8688,-4066
2007-01-29T23:00:00Z,13.94,14.05,13.9,14.05,16791,-19173,-2382,7247,-1644,5603,5506,-8727,-3221,NaN,NaN,NaN,NaN,NaN,16791,-19173,-2382,7247,-1644,5603,5506,-8727,-3221
2007-01-30T23:00:00Z,13.96,14,13.96,14,16791,-19173,-2382,7247,-1644,5603,5506,-8727,-3221,NaN,NaN,NaN,NaN,NaN,16791,-19173,-2382,7247,-1644,5603,5506,-8727,-3221
2007-01-31T23:00:00Z,13.97,14.1,13.97,14.1,16791,-19173,-2382,7247,-1644,5603,5506,-8727,-3221,NaN,NaN,NaN,NaN,NaN,16791,-19173,-2382,7247,-1644,5603,5506,-8727,-3221
2007-02-01T23:00:00Z,14.07,14.14,14.07,14.14,16791,-19173,-2382,7247,-1644,5603,5506,-8727,-3221,NaN,NaN,NaN,NaN,NaN,16791,-19173,-2382,7247,-1644,5603,5506,-8727,-3221
2007-02-04T23:00:00Z,14.01,14.13,14.01,14.13,16791,-19173,-2382,7247,-1644,5603,5506,-8727,-3221,NaN,NaN,NaN,NaN,NaN,16791,-19173,-2382,7247,-1644,5603,5506,-8727,-3221
2007-02-05T23:00:00Z,14.2,14.22,14.15,14.22,16030,-18456,-2426,7011,-1534,5477,5260,-8311,-3051,NaN,NaN,NaN,NaN,NaN,16030,-18456,-2426,7011,-1534,5477,5260,-8311,-3051
2007-02-06T23:00:00Z,14.2,14.2,14.2,14.2,16030,-18456,-2426,7011,-1534,5477,5260,-8311,-3051,NaN,NaN,NaN,NaN,NaN,16030,-18456,-2426,7011,-1534,5477,5260,-8311,-3051
2007-02-07T23:00:00Z,14.2,14.3,14.19,14.3,16030,-18456,-2426,7011,-1534,5477,5260,-8311,-3051,NaN,NaN,NaN,NaN,NaN,16030,-18456,-2426,7011,-1534,5477,5260,-8311,-3051
2007-02-08T23:00:00Z,14.24,14.24,14.24,14.24,16030,-18456,-2426,7011,-1534,5477,5260,-8311,-3051,NaN,NaN,NaN,NaN,NaN,16030,-18456,-2426,7011,-1534,5477,5260,-8311,-3051
2007-02-11T23:00:00Z,14.21,14.23,14.21,14.23,16030,-18456,-2426,7011,-1534,5477,5260,-8311,-3051,NaN,NaN,NaN,NaN,NaN,16030,-18456,-2426,7011,-1534,5477,5260,-8311,-3051
2007-02-12T23:00:00Z,14.17,14.2,14.17,14.2,16607,-19920,-3313,7375,-1416,5959,5765,-8411,-2646,NaN,NaN,NaN,NaN,NaN,16607,-19920,-3313,7375,-1416,5959,5765,-8411,-2646
2007-02-13T23:00:00Z,14.21,14.21,14.2,14.2,16607,-19920,-3313,7375,-1416,5959,5765,-8411,-2646,NaN,NaN,NaN,NaN,NaN,16607,-19920,-3313,7375,-1416,5959,5765,-8411,-2646
2007-02-14T23:00:00Z,14.2,14.2,14.2,14.2,16607,-19920,-3313,7375,-1416,5959,5765,-8411,-2646,NaN,NaN,NaN,NaN,NaN,16607,-19920,-3313,7375,-1416,5959,5765,-8411,-2646
2007-02-15T23:00:00Z,14.25,14.3,14.25,14.3,16607,-19920,-3313,7375,-1416,5959,5765,-8411,-2646,NaN,NaN,NaN,NaN,NaN,16607,-19920,-3313,7375,-1416,5959,5765,-8411,-2646
2007-02-19T23:00:00Z,14.35,14.35,14.35,14.35,17318,-20341,-3023,7629,-1425,6204,6478,-9659,-3181,NaN,NaN,NaN,NaN,NaN,17318,-20341,-3023,7629,-1425,6204,6478,-9659,-3181
2007-02-20T23:00:00Z,14.38,14.38,14.38,14.38,17318,-20341,-3023,7629,-1425,6204,6478,-9659,-3181,NaN,NaN,NaN,NaN,NaN,17318,-20341,-3023,7629,-1425,6204,6478,-9659,-3181
2007-02-21T23:00:00Z,14.39,14.39,14.39,14.39,17318,-20341,-3023,7629,-1425,6204,6478,-9659,-3181,NaN,NaN,NaN,NaN,NaN,17318,-20341,-3023,7629,-1425,6204,6478,-9659,-3181
2007-02-22T23:00:00Z,14.65,14.65,14.62,14.62,17318,-20341,-3023,7629,-1425,6204,6478,-9659,-3181,NaN,NaN,NaN,NaN,NaN,17318,-20341,-3023,7629,-1425,6204,6478,-9659,-3181
2007-02-25T23:00:00Z,14.52,14.52,14.5,14.5,17318,-20341,-3023,7629,-1425,6204,6478,-9659,-3181,NaN,NaN,NaN,NaN,NaN,17318,-20341,-3023,7629,-1425,6204,6478,-9659,-3181
2007-02-26T23:00:00Z,14.41,14.41,14.38,14.4,18540,-21933,-3393,7501,-1734,5767,6123,-8497,-2374,NaN,NaN,NaN,NaN,NaN,18540,-21933,-3393,7501,-1734,5767,6123,-8497,-2374
2007-02-27T23:00:00Z,14.35,14.39,14.35,14.39,18540,-21933,-3393,7501,-1734,5767,6123,-8497,-2374,NaN,NaN,NaN,NaN,NaN,18540,-21933,-3393,7501,-1734,5767,6123,-8497,-2374
2007-02-28T23:00:00Z,14.45,14.46,14.38,14.38,18540,-21933,-3393,7501,-1734,5767,6123,-8497,-2374,NaN,NaN,NaN,NaN,NaN,18540,-21933,-3393,7501,-1734,5767,6123,-8497,-2374
2007-03-01T23:00:00Z,14.5,14.54,14.5,14.54,18540,-21933,-3393,7501,-1734,5767,6123,-8497,-2374,NaN,NaN,NaN,NaN,NaN,18540,-21933,-3393,7501,-1734,5767,6123,-8497,-2374
2007-03-04T23:00:00Z,14.54,14.64,14.54,14.64,18540,-21933,-3393,7501,-1734,5767,6123,-8497,-2374,NaN,NaN,NaN,NaN,NaN,18540,-21933,-3393,7501,-1734,5767,6123,-8497,-2374
2007-03-05T23:00:00Z,14.67,14.83,14.67,14.82,17659,-20752,-3093,6805,-1091,5714,5425,-8046,-2621,NaN,NaN,NaN,NaN,NaN,17659,-20752,-3093,6805,-1091,5714,5425,-8046,-2621
2007-03-07T23:00:00Z,14.83,15.02,14.83,15.02,17659,-20752,-3093,6805,-1091,5714,5425,-8046,-2621,NaN,NaN,NaN,NaN,NaN,17659,-20752,-3093,6805,-1091,5714,5425,-8046,-2621
2007-03-08T23:00:00Z,14.89,14.89,14.87,14.87,17659,-20752,-3093,6805,-1091,5714,5425,-8046,-2621,NaN,NaN,NaN,NaN,NaN,17659,-20752,-3093,6805,-1091,5714,5425,-8046,-2621
2007-03-11T22:00:00Z,14.91,14.93,14.82,14.82,17659,-20752,-3093,6805,-1091,5714,5425,-8046,-2621,NaN,NaN,NaN,NaN,NaN,17659,-20752,-3093,6805,-1091,5714,5425,-8046,-2621
2007-03-12T22:00:00Z,14.89,14.89,14.87,14.87,17579,-21315,-3736,7799,-1277,6522,5482,-8268,-2786,NaN,NaN,NaN,NaN,NaN,17579,-21315,-3736,7799,-1277,6522,5482,-8268,-2786
2007-03-13T22:00:00Z,14.87,14.89,14.87,14.89,17579,-21315,-3736,7799,-1277,6522,5482,-8268,-2786,NaN,NaN,NaN,NaN,NaN,17579,-21315,-3736,7799,-1277,6522,5482,-8268,-2786
2007-03-14T22:00:00Z,14.95,14.95,14.95,14.95,17579,-21315,-3736,7799,-1277,6522,5482,-8268,-2786,NaN,NaN,NaN,NaN,NaN,17579,-21315,-3736,7799,-1277,6522,5482,-8268,-2786
2007-03-15T22:00:00Z,14.93,14.93,14.91,14.93,17579,-21315,-3736,7799,-1277,6522,5482,-8268,-2786,NaN,NaN,NaN,NaN,NaN,17579,-21315,-3736,7799,-1277,6522,5482,-8268,-2786
2007-03-18T22:00:00Z,14.91,14.91,14.91,14.91,17579,-21315,-3736,7799,-1277,6522,5482,-8268,-2786,NaN,NaN,NaN,NaN,NaN,17579,-21315,-3736,7799,-1277,6522,5482,-8268,-2786
2007-03-19T22:00:00Z,14.89,14.89,14.87,14.87,18531,-23000,-4469,8770,-1064,7706,5681,-8918,-3237,NaN,NaN,NaN,NaN,NaN,18531,-23000,-4469,8770,-1064,7706,5681,-8918,-3237
2007-03-20T22:00:00Z,14.88,14.9,14.88,14.88,18531,-23000,-4469,8770,-1064,7706,5681,-8918,-3237,NaN,NaN,NaN,NaN,NaN,18531,-23000,-4469,8770,-1064,7706,5681,-8918,-3237
2007-03-21T22:00:00Z,14.89,14.89,14.89,14.89,18531,-23000,-4469,8770,-1064,7706,5681,-8918,-3237,NaN,NaN,NaN,NaN,NaN,18531,-23000,-4469,8770,-1064,7706,5681,-8918,-3237
2007-03-22T22:00:00Z,14.92,14.95,14.87,14.95,18531,-23000,-4469,8770,-1064,7706,5681,-8918,-3237,NaN,NaN,NaN,NaN,NaN,18531,-23000,-4469,8770,-1064,7706,5681,-8918,-3237
2007-03-25T22:00:00Z,14.9,14.91,14.9,14.91,18531,-23000,-4469,8770,-1064,7706,5681,-8918,-3237,NaN,NaN,NaN,NaN,NaN,18531,-23000,-4469,8770,-1064,7706,5681,-8918,-3237
2007-03-26T22:00:00Z,15.57,15.6,15.57,15.6,18608,-23478,-4870,8616,-1124,7492,6241,-8863,-2622,NaN,NaN,NaN,NaN,NaN,18608,-23478,-4870,8616,-1124,7492,6241,-8863,-2622
2007-03-27T22:00:00Z,15.63,15.68,15.63,15.68,18608,-23478,-4870,8616,-1124,7492,6241,-8863,-2622,NaN,NaN,NaN,NaN,NaN,18608,-23478,-4870,8616,-1124,7492,6241,-8863,-2622
2007-03-28T22:00:00Z,15.68,15.73,15.68,15.73,18608,-23478,-4870,8616,-1124,7492,6241,-8863,-2622,NaN,NaN,NaN,NaN,NaN,18608,-23478,-4870,8616,-1124,7492,6241,-8863,-2622
2007-03-29T22:00:00Z,15.75,15.77,15.7,15.77,18608,-23478,-4870,8616,-1124,7492,6241,-8863,-2622,NaN,NaN,NaN,NaN,NaN,18608,-23478,-4870,8616,-1124,7492,6241,-8863,-2622
2007-04-01T22:00:00Z,15.73,15.75,15.7,15.7,18608,-23478,-4870,8616,-1124,7492,6241,-8863,-2622,NaN,NaN,NaN,NaN,NaN,18608,-23478,-4870,8616,-1124,7492,6241,-8863,-2622
2007-04-02T22:00:00Z,15.7,15.73,15.7,15.72,18280,-22559,-4279,7317,-373,6944,5464,-8129,-2665,NaN,NaN,NaN,NaN,NaN,18280,-22559,-4279,7317,-373,6944,5464,-8129,-2665
2007-04-03T22:00:00Z,15.65,15.75,15.65,15.75,18280,-22559,-4279,7317,-373,6944,5464,-8129,-2665,NaN,NaN,NaN,NaN,NaN,18280,-22559,-4279,7317,-373,6944,5464,-8129,-2665
2007-04-04T22:00:00Z,15.75,15.87,15.75,15.87,18280,-22559,-4279,7317,-373,6944,5464,-8129,-2665,NaN,NaN,NaN,NaN,NaN,18280,-22559,-4279,7317,-373,6944,5464,-8129,-2665
2007-04-05T22:00:00Z,15.87,15.87,15.87,15.87,18280,-22559,-4279,7317,-373,6944,5464,-8129,-2665,NaN,NaN,NaN,NaN,NaN,18280,-22559,-4279,7317,-373,6944,5464,-8129,-2665
2007-04-08T22:00:00Z,16.01,16.05,15.97,15.97,18280,-22559,-4279,7317,-373,6944,5464,-8129,-2665,NaN,NaN,NaN,NaN,NaN,18280,-22559,-4279,7317,-373,6944,5464,-8129,-2665
2007-04-09T22:00:00Z,15.97,15.98,15.97,15.98,18640,-23065,-4425,7538,-493,7045,6076,-8696,-2620,NaN,NaN,NaN,NaN,NaN,18640,-23065,-4425,7538,-493,7045,6076,-8696,-2620
2007-04-10T22:00:00Z,15.98,16,15.98,15.98,18640,-23065,-4425,7538,-493,7045,6076,-8696,-2620,NaN,NaN,NaN,NaN,NaN,18640,-23065,-4425,7538,-493,7045,6076,-8696,-2620
2007-04-11T22:00:00Z,15.98,15.98,15.96,15.98,18640,-23065,-4425,7538,-493,7045,6076,-8696,-2620,NaN,NaN,NaN,NaN,NaN,18640,-23065,-4425,7538,-493,7045,6076,-8696,-2620
2007-04-12T22:00:00Z,16,16.05,16,16.05,18640,-23065,-4425,7538,-493,7045,6076,-8696,-2620,NaN,NaN,NaN,NaN,NaN,18640,-23065,-4425,7538,-493,7045,6076,-8696,-2620
2007-04-15T22:00:00Z,16.01,16.01,16.01,16.01,18640,-23065,-4425,7538,-493,7045,6076,-8696,-2620,NaN,NaN,NaN,NaN,NaN,18640,-23065,-4425,7538,-493,7045,6076,-8696,-2620
2007-04-16T22:00:00Z,16.01,16.1,16.01,16.05,17901,-23461,-5560,8589,-482,8107,6265,-8812,-2547,NaN,NaN,NaN,NaN,NaN,17901,-23461,-5560,8589,-482,8107,6265,-8812,-2547
2007-04-17T22:00:00Z,16.02,16.02,16.02,16.02,17901,-23461,-5560,8589,-482,8107,6265,-8812,-2547,NaN,NaN,NaN,NaN,NaN,17901,-23461,-5560,8589,-482,8107,6265,-8812,-2547
2007-04-18T22:00:00Z,16.04,16.1,16.04,16.1,17901,-23461,-5560,8589,-482,8107,6265,-8812,-2547,NaN,NaN,NaN,NaN,NaN,17901,-23461,-5560,8589,-482,8107,6265,-8812,-2547
2007-04-19T22:00:00Z,16.11,16.11,16.1,16.1,17901,-23461,-5560,8589,-482,8107,6265,-8812,-2547,NaN,NaN,NaN,NaN,NaN,17901,-23461,-5560,8589,-482,8107,6265,-8812,-2547
2007-04-22T22:00:00Z,16.1,16.1,16.1,16.1,17901,-23461,-5560,8589,-482,8107,6265,-8812,-2547,NaN,NaN,NaN,NaN,NaN,17901,-23461,-5560,8589,-482,8107,6265,-8812,-2547
2007-04-24T22:00:00Z,17.21,17.3,17.1,17.21,19388,-25618,-6230,9761,-1030,8731,5824,-8325,-2501,NaN,NaN,NaN,NaN,NaN,19388,-25618,-6230,9761,-1030,8731,5824,-8325,-2501
2007-04-25T22:00:00Z,17.22,17.31,17.22,17.23,19388,-25618,-6230,9761,-1030,8731,5824,-8325,-2501,NaN,NaN,NaN,NaN,NaN,19388,-25618,-6230,9761,-1030,8731,5824,-8325,-2501
2007-04-26T22:00:00Z,17.3,17.4,17.3,17.35,19388,-25618,-6230,9761,-1030,8731,5824,-8325,-2501,NaN,NaN,NaN,NaN,NaN,19388,-25618,-6230,9761,-1030,8731,5824,-8325,-2501
2007-04-29T22:00:00Z,17.4,17.48,17.35,17.48,19388,-25618,-6230,9761,-1030,8731,5824,-8325,-2501,NaN,NaN,NaN,NaN,NaN,19388,-25618,-6230,9761,-1030,8731,5824,-8325,-2501
2007-04-30T22:00:00Z,17.48,17.6,17.48,17.57,19618,-26436,-6818,10066,-1147,8919,6688,-8789,-2101,NaN,NaN,NaN,NaN,NaN,19618,-26436,-6818,10066,-1147,8919,6688,-8789,-2101
2007-05-01T22:00:00Z,17.6,17.77,17.6,17.7,19618,-26436,-6818,10066,-1147,8919,6688,-8789,-2101,NaN,NaN,NaN,NaN,NaN,19618,-26436,-6818,10066,-1147,8919,6688,-8789,-2101
2007-05-02T22:00:00Z,17.7,17.73,17.7,17.7,19618,-26436,-6818,10066,-1147,8919,6688,-8789,-2101,NaN,NaN,NaN,NaN,NaN,19618,-26436,-6818,10066,-1147,8919,6688,-8789,-2101
2007-05-03T22:00:00Z,17.52,17.7,17.45,17.45,19618,-26436,-6818,10066,-1147,8919,6688,-8789,-2101,NaN,NaN,NaN,NaN,NaN,19618,-26436,-6818,10066,-1147,8919,6688,-8789,-2101
2007-05-06T22:00:00Z,17.46,17.46,17.15,17.15,19618,-26436,-6818,10066,-1147,8919,6688,-8789,-2101,NaN,NaN,NaN,NaN,NaN,19618,-26436,-6818,10066,-1147,8919,6688,-8789,-2101
2007-05-07T22:00:00Z,17.13,17.3,17.13,17.3,19706,-25992,-6286,9687,-1131,8556,6051,-8321,-2270,NaN,NaN,NaN,NaN,NaN,19706,-25992,-6286,9687,-1131,8556,6051,-8321,-2270
2007-05-08T22:00:00Z,17.3,17.36,16.9,17.32,19706,-25992,-6286,9687,-1131,8556,6051,-8321,-2270,NaN,NaN,NaN,NaN,NaN,19706,-25992,-6286,9687,-1131,8556,6051,-8321,-2270
2007-05-09T22:00:00Z,17.35,17.51,17.35,17.5,19706,-25992,-6286,9687,-1131,8556,6051,-8321,-2270,NaN,NaN,NaN,NaN,NaN,19706,-25992,-6286,9687,-1131,8556,6051,-8321,-2270
2007-05-10T22:00:00Z,17.47,17.47,17.42,17.45,19706,-25992,-6286,9687,-1131,8556,6051,-8321,-2270,NaN,NaN,NaN,NaN,NaN,19706,-25992,-6286,9687,-1131,8556,6051,-8321,-2270
2007-05-13T22:00:00Z,17.47,17.5,17.42,17.5,19706,-25992,-6286,9687,-1131,8556,6051,-8321,-2270,NaN,NaN,NaN,NaN,NaN,19706,-25992,-6286,9687,-1131,8556,6051,-8321,-2270
2007-05-14T22:00:00Z,17.46,17.46,17.4,17.4,20465,-27726,-7261,10692,-1090,9602,6192,-8533,-2341,NaN,NaN,NaN,NaN,NaN,20465,-27726,-7261,10692,-1090,9602,6192,-8533,-2341
2007-05-15T22:00:00Z,17.35,17.35,17.35,17.35,20465,-27726,-7261,10692,-1090,9602,6192,-8533,-2341,NaN,NaN,NaN,NaN,NaN,20465,-27726,-7261,10692,-1090,9602,6192,-8533,-2341
2007-05-16T22:00:00Z,17.35,17.85,17.3,17.5,20465,-27726,-7261,10692,-1090,9602,6192,-8533,-2341,NaN,NaN,NaN,NaN,NaN,20465,-27726,-7261,10692,-1090,9602,6192,-8533,-2341
2007-05-17T22:00:00Z,17.5,17.5,17.5,17.5,20465,-27726,-7261,10692,-1090,9602,6192,-8533,-2341,NaN,NaN,NaN,NaN,NaN,20465,-27726,-7261,10692,-1090,9602,6192,-8533,-2341
2007-05-20T22:00:00Z,17.5,17.5,17.5,17.5,20465,-27726,-7261,10692,-1090,9602,6192,-8533,-2341,NaN,NaN,NaN,NaN,NaN,20465,-27726,-7261,10692,-1090,9602,6192,-8533,-2341
2007-05-21T22:00:00Z,17.5,17.5,17.5,17.5,20726,-28071,-7345,10726,-1043,9683,6420,-8758,-2338,NaN,NaN,NaN,NaN,NaN,20726,-28071,-7345,10726,-1043,9683,6420,-8758,-2338
2007-05-23T22:00:00Z,17.58,17.58,17.55,17.55,20726,-28071,-7345,10726,-1043,9683,6420,-8758,-2338,NaN,NaN,NaN,NaN,NaN,20726,-28071,-7345,10726,-1043,9683,6420,-8758,-2338
2007-05-24T22:00:00Z,17.6,17.6,17.56,17.56,20726,-28071,-7345,10726,-1043,9683,6420,-8758,-2338,NaN,NaN,NaN,NaN,NaN,20726,-28071,-7345,10726,-1043,9683,6420,-8758,-2338
2007-05-28T22:00:00Z,19.7,19.75,19.65,19.75,20925,-29003,-8078,10882,-979,9903,6607,-8432,-1825,NaN,NaN,NaN,NaN,NaN,20925,-29003,-8078,10882,-979,9903,6607,-8432,-1825
2007-05-29T22:00:00Z,19.75,19.98,19.75,19.96,20925,-29003,-8078,10882,-979,9903,6607,-8432,-1825,NaN,NaN,NaN,NaN,NaN,20925,-29003,-8078,10882,-979,9903,6607,-8432,-1825
2007-05-30T22:00:00Z,20,20.18,20,20.16,20925,-29003,-8078,10882,-979,9903,6607,-8432,-1825,NaN,NaN,NaN,NaN,NaN,20925,-29003,-8078,10882,-979,9903,6607,-8432,-1825
2007-05-31T22:00:00Z,20.08,20.2,20.04,20.16,20925,-29003,-8078,10882,-979,9903,6607,-8432,-1825,NaN,NaN,NaN,NaN,NaN,20925,-29003,-8078,10882,-979,9903,6607,-8432,-1825
2007-06-03T22:00:00Z,20.25,20.25,20.22,20.25,20925,-29003,-8078,10882,-979,9903,6607,-8432,-1825,NaN,NaN,NaN,NaN,NaN,20925,-29003,-8078,10882,-979,9903,6607,-8432,-1825
2007-06-04T22:00:00Z,20.29,20.34,20.19,20.2,20210,-27115,-6905,9812,-898,8914,6525,-8534,-2009,NaN,NaN,NaN,NaN,NaN,20210,-27115,-6905,9812,-898,8914,6525,-8534,-2009
2007-06-05T22:00:00Z,20.2,20.24,20.15,20.15,20210,-27115,-6905,9812,-898,8914,6525,-8534,-2009,NaN,NaN,NaN,NaN,NaN,20210,-27115,-6905,9812,-898,8914,6525,-8534,-2009
2007-06-06T22:00:00Z,20.18,20.19,20.12,20.14,20210,-27115,-6905,9812,-898,8914,6525,-8534,-2009,NaN,NaN,NaN,NaN,NaN,20210,-27115,-6905,9812,-898,8914,6525,-8534,-2009
2007-06-07T22:00:00Z,20.1,20.1,20.01,20.03,20210,-27115,-6905,9812,-898,8914,6525,-8534,-2009,NaN,NaN,NaN,NaN,NaN,20210,-27115,-6905,9812,-898,8914,6525,-8534,-2009
2007-06-10T22:00:00Z,20.05,20.1,20.05,20.1,20210,-27115,-6905,9812,-898,8914,6525,-8534,-2009,NaN,NaN,NaN,NaN,NaN,20210,-27115,-6905,9812,-898,8914,6525,-8534,-2009
2007-06-12T22:00:00Z,20.1,20.12,20.1,20.12,19620,-28337,-8717,11439,-891,10548,6531,-8362,-1831,NaN,NaN,NaN,NaN,NaN,19620,-28337,-8717,11439,-891,10548,6531,-8362,-1831
2007-06-13T22:00:00Z,20.1,20.12,20.1,20.1,19620,-28337,-8717,11439,-891,10548,6531,-8362,-1831,NaN,NaN,NaN,NaN,NaN,19620,-28337,-8717,11439,-891,10548,6531,-8362,-1831
2007-06-14T22:00:00Z,20.11,20.11,20.06,20.06,19620,-28337,-8717,11439,-891,10548,6531,-8362,-1831,NaN,NaN,NaN,NaN,NaN,19620,-28337,-8717,11439,-891,10548,6531,-8362,-1831
2007-06-17T22:00:00Z,20.05,20.05,20.05,20.05,19620,-28337,-8717,11439,-891,10548,6531,-8362,-1831,NaN,NaN,NaN,NaN,NaN,19620,-28337,-8717,11439,-891,10548,6531,-8362,-1831
2007-06-19T22:00:00Z,20,20.02,20,20.02,19969,-29272,-9303,12467,-1007,11460,6649,-8806,-2157,NaN,NaN,NaN,NaN,NaN,19969,-29272,-9303,12467,-1007,11460,6649,-8806,-2157
2007-06-20T22:00:00Z,19.96,20.05,19.96,20.05,19969,-29272,-9303,12467,-1007,11460,6649,-8806,-2157,NaN,NaN,NaN,NaN,NaN,19969,-29272,-9303,12467,-1007,11460,6649,-8806,-2157
2007-06-21T22:00:00Z,20.12,20.15,20.06,20.15,19969,-29272,-9303,12467,-1007,11460,6649,-8806,-2157,NaN,NaN,NaN,NaN,NaN,19969,-29272,-9303,12467,-1007,11460,6649,-8806,-2157
2007-06-24T22:00:00Z,22.24,22.45,22.2,22.3,19969,-29272,-9303,12467,-1007,11460,6649,-8806,-2157,NaN,NaN,NaN,NaN,NaN,19969,-29272,-9303,12467,-1007,11460,6649,-8806,-2157
2007-06-25T22:00:00Z,22.22,22.4,21.95,22.05,21525,-30557,-9032,11794,-937,10857,7009,-8834,-1825,NaN,NaN,NaN,NaN,NaN,21525,-30557,-9032,11794,-937,10857,7009,-8834,-1825
2007-06-26T22:00:00Z,22.05,22.05,21.5,21.6,21525,-30557,-9032,11794,-937,10857,7009,-8834,-1825,NaN,NaN,NaN,NaN,NaN,21525,-30557,-9032,11794,-937,10857,7009,-8834,-1825
2007-06-27T22:00:00Z,21.5,21.55,20.85,20.85,21525,-30557,-9032,11794,-937,10857,7009,-8834,-1825,NaN,NaN,NaN,NaN,NaN,21525,-30557,-9032,11794,-937,10857,7009,-8834,-1825
2007-06-28T22:00:00Z,20.1,20.71,20.1,20.1,21525,-30557,-9032,11794,-937,10857,7009,-8834,-1825,NaN,NaN,NaN,NaN,NaN,21525,-30557,-9032,11794,-937,10857,7009,-8834,-1825
2007-07-01T22:00:00Z,20.09,20.85,19.95,20.85,21525,-30557,-9032,11794,-937,10857,7009,-8834,-1825,NaN,NaN,NaN,NaN,NaN,21525,-30557,-9032,11794,-937,10857,7009,-8834,-1825
2007-07-02T22:00:00Z,20.86,21.3,20.85,21.19,21601,-27702,-6101,9173,-1202,7971,5758,-7628,-1870,NaN,NaN,NaN,NaN,NaN,21601,-27702,-6101,9173,-1202,7971,5758,-7628,-1870
2007-07-03T22:00:00Z,20.86,21.3,20.85,21.19,21601,-27702,-6101,9173,-1202,7971,5758,-7628,-1870,NaN,NaN,NaN,NaN,NaN,21601,-27702,-6101,9173,-1202,7971,5758,-7628,-1870
2007-07-04T22:00:00Z,21.19,21.27,21.1,21.15,21601,-27702,-6101,9173,-1202,7971,5758,-7628,-1870,NaN,NaN,NaN,NaN,NaN,21601,-27702,-6101,9173,-1202,7971,5758,-7628,-1870
2007-07-05T22:00:00Z,20.89,21.1,20.89,20.95,21601,-27702,-6101,9173,-1202,7971,5758,-7628,-1870,NaN,NaN,NaN,NaN,NaN,21601,-27702,-6101,9173,-1202,7971,5758,-7628,-1870
2007-07-08T22:00:00Z,20.95,21.29,20.95,21.29,21601,-27702,-6101,9173,-1202,7971,5758,-7628,-1870,NaN,NaN,NaN,NaN,NaN,21601,-27702,-6101,9173,-1202,7971,5758,-7628,-1870
2007-07-09T22:00:00Z,21.2,21.26,21.2,21.23,21509,-27857,-6348,9304,-1300,8004,5842,-7498,-1656,NaN,NaN,NaN,NaN,NaN,21509,-27857,-6348,9304,-1300,8004,5842,-7498,-1656
2007-07-10T22:00:00Z,21.23,21.23,20.98,21.07,21509,-27857,-6348,9304,-1300,8004,5842,-7498,-1656,NaN,NaN,NaN,NaN,NaN,21509,-27857,-6348,9304,-1300,8004,5842,-7498,-1656
2007-07-11T22:00:00Z,20.95,21.05,20.95,21.04,21509,-27857,-6348,9304,-1300,8004,5842,-7498,-1656,NaN,NaN,NaN,NaN,NaN,21509,-27857,-6348,9304,-1300,8004,5842,-7498,-1656
2007-07-12T22:00:00Z,21.05,21.17,21.05,21.17,21509,-27857,-6348,9304,-1300,8004,5842,-7498,-1656,NaN,NaN,NaN,NaN,NaN,21509,-27857,-6348,9304,-1300,8004,5842,-7498,-1656
2007-07-15T22:00:00Z,21.15,21.25,21.15,21.25,21509,-27857,-6348,9304,-1300,8004,5842,-7498,-1656,NaN,NaN,NaN,NaN,NaN,21509,-27857,-6348,9304,-1300,8004,5842,-7498,-1656
2007-07-16T22:00:00Z,21.25,21.25,21.22,21.25,21444,-28233,-6789,9637,-1452,8185,6084,-7480,-1396,NaN,NaN,NaN,NaN,NaN,21444,-28233,-6789,9637,-1452,8185,6084,-7480,-1396
2007-07-17T22:00:00Z,21.22,21.22,21.16,21.2,21444,-28233,-6789,9637,-1452,8185,6084,-7480,-1396,NaN,NaN,NaN,NaN,NaN,21444,-28233,-6789,9637,-1452,8185,6084,-7480,-1396
2007-07-18T22:00:00Z,21.2,21.2,21.16,21.2,21444,-28233,-6789,9637,-1452,8185,6084,-7480,-1396,NaN,NaN,NaN,NaN,NaN,21444,-28233,-6789,9637,-1452,8185,6084,-7480,-1396
2007-07-19T22:00:00Z,21.25,21.29,21.25,21.29,21444,-28233,-6789,9637,-1452,8185,6084,-7480,-1396,NaN,NaN,NaN,NaN,NaN,21444,-28233,-6789,9637,-1452,8185,6084,-7480,-1396
2007-07-22T22:00:00Z,21.25,21.29,21.25,21.29,21444,-28233,-6789,9637,-1452,8185,6084,-7480,-1396,NaN,NaN,NaN,NaN,NaN,21444,-28233,-6789,9637,-1452,8185,6084,-7480,-1396
2007-07-23T22:00:00Z,21.25,21.29,21.25,21.29,21894,-28384,-6490,9731,-1577,8154,5936,-7600,-1664,NaN,NaN,NaN,NaN,NaN,21894,-28384,-6490,9731,-1577,8154,5936,-7600,-1664
2007-07-24T22:00:00Z,21.3,21.3,21.3,21.3,21894,-28384,-6490,9731,-1577,8154,5936,-7600,-1664,NaN,NaN,NaN,NaN,NaN,21894,-28384,-6490,9731,-1577,8154,5936,-7600,-1664
2007-07-25T22:00:00Z,21.29,21.29,21.29,21.29,21894,-28384,-6490,9731,-1577,8154,5936,-7600,-1664,NaN,NaN,NaN,NaN,NaN,21894,-28384,-6490,9731,-1577,8154,5936,-7600,-1664
2007-07-26T22:00:00Z,21.37,21.43,21.37,21.43,21894,-28384,-6490,9731,-1577,8154,5936,-7600,-1664,NaN,NaN,NaN,NaN,NaN,21894,-28384,-6490,9731,-1577,8154,5936,-7600,-1664
2007-07-29T22:00:00Z,19.35,19.56,19.35,19.55,21894,-28384,-6490,9731,-1577,8154,5936,-7600,-1664,NaN,NaN,NaN,NaN,NaN,21894,-28384,-6490,9731,-1577,8154,5936,-7600,-1664
2007-07-30T22:00:00Z,19.58,19.6,19.25,19.55,21778,-28625,-6847,9745,-1051,8694,5831,-7678,-1847,NaN,NaN,NaN,NaN,NaN,21778,-28625,-6847,9745,-1051,8694,5831,-7678,-1847
2007-07-31T22:00:00Z,19.55,19.57,19.5,19.56,21778,-28625,-6847,9745,-1051,8694,5831,-7678,-1847,NaN,NaN,NaN,NaN,NaN,21778,-28625,-6847,9745,-1051,8694,5831,-7678,-1847
2007-08-01T22:00:00Z,19.5,20.1,19.5,20.05,21778,-28625,-6847,9745,-1051,8694,5831,-7678,-1847,NaN,NaN,NaN,NaN,NaN,21778,-28625,-6847,9745,-1051,8694,5831,-7678,-1847
2007-08-02T22:00:00Z,20.05,20.05,19.9,19.99,21778,-28625,-6847,9745,-1051,8694,5831,-7678,-1847,NaN,NaN,NaN,NaN,NaN,21778,-28625,-6847,9745,-1051,8694,5831,-7678,-1847
2007-08-05T22:00:00Z,20.05,20.05,19.89,19.89,21778,-28625,-6847,9745,-1051,8694,5831,-7678,-1847,NaN,NaN,NaN,NaN,NaN,21778,-28625,-6847,9745,-1051,8694,5831,-7678,-1847
2007-08-06T22:00:00Z,19.8,19.9,19.75,19.89,20218,-25484,-5266,7770,-1023,6747,5581,-7062,-1481,NaN,NaN,NaN,NaN,NaN,20218,-25484,-5266,7770,-1023,6747,5581,-7062,-1481
2007-08-07T22:00:00Z,19.92,19.92,19.78,19.89,20218,-25484,-5266,7770,-1023,6747,5581,-7062,-1481,NaN,NaN,NaN,NaN,NaN,20218,-25484,-5266,7770,-1023,6747,5581,-7062,-1481
2007-08-08T22:00:00Z,19.85,19.9,19.74,19.82,20218,-25484,-5266,7770,-1023,6747,5581,-7062,-1481,NaN,NaN,NaN,NaN,NaN,20218,-25484,-5266,7770,-1023,6747,5581,-7062,-1481
2007-08-09T22:00:00Z,19.77,19.85,19.7,19.83,20218,-25484,-5266,7770,-1023,6747,5581,-7062,-1481,NaN,NaN,NaN,NaN,NaN,20218,-25484,-5266,7770,-1023,6747,5581,-7062,-1481
2007-08-12T22:00:00Z,19.76,19.8,19.76,19.76,20218,-25484,-5266,7770,-1023,6747,5581,-7062,-1481,NaN,NaN,NaN,NaN,NaN,20218,-25484,-5266,7770,-1023,6747,5581,-7062,-1481
2007-08-13T22:00:00Z,19.76,19.78,19.69,19.78,20435,-25944,-5509,8321,-1176,7145,5521,-7157,-1636,NaN,NaN,NaN,NaN,NaN,20435,-25944,-5509,8321,-1176,7145,5521,-7157,-1636
2007-08-14T22:00:00Z,19.75,19.78,19.75,19.78,20435,-25944,-5509,8321,-1176,7145,5521,-7157,-1636,NaN,NaN,NaN,NaN,NaN,20435,-25944,-5509,8321,-1176,7145,5521,-7157,-1636
2007-08-15T22:00:00Z,19.72,19.72,19.71,19.72,20435,-25944,-5509,8321,-1176,7145,5521,-7157,-1636,NaN,NaN,NaN,NaN,NaN,20435,-25944,-5509,8321,-1176,7145,5521,-7157,-1636
2007-08-16T22:00:00Z,19.8,19.82,19.78,19.82,20435,-25944,-5509,8321,-1176,7145,5521,-7157,-1636,NaN,NaN,NaN,NaN,NaN,20435,-25944,-5509,8321,-1176,7145,5521,-7157,-1636
2007-08-19T22:00:00Z,19.75,19.79,19.75,19.79,20435,-25944,-5509,8321,-1176,7145,5521,-7157,-1636,NaN,NaN,NaN,NaN,NaN,20435,-25944,-5509,8321,-1176,7145,5521,-7157,-1636
2007-08-20T22:00:00Z,19.79,19.85,19.79,19.85,20572,-26057,-5485,9054,-1116,7938,5405,-7858,-2453,NaN,NaN,NaN,NaN,NaN,20572,-26057,-5485,9054,-1116,7938,5405,-7858,-2453
2007-08-21T22:00:00Z,19.83,19.91,19.82,19.91,20572,-26057,-5485,9054,-1116,7938,5405,-7858,-2453,NaN,NaN,NaN,NaN,NaN,20572,-26057,-5485,9054,-1116,7938,5405,-7858,-2453
2007-08-22T22:00:00Z,19.82,19.83,19.82,19.83,20572,-26057,-5485,9054,-1116,7938,5405,-7858,-2453,NaN,NaN,NaN,NaN,NaN,20572,-26057,-5485,9054,-1116,7938,5405,-7858,-2453
2007-08-23T22:00:00Z,19.83,19.83,19.83,19.83,20572,-26057,-5485,9054,-1116,7938,5405,-7858,-2453,NaN,NaN,NaN,NaN,NaN,20572,-26057,-5485,9054,-1116,7938,5405,-7858,-2453
2007-08-26T22:00:00Z,19.76,19.83,19.73,19.79,20572,-26057,-5485,9054,-1116,7938,5405,-7858,-2453,NaN,NaN,NaN,NaN,NaN,20572,-26057,-5485,9054,-1116,7938,5405,-7858,-2453
2007-08-28T22:00:00Z,19.95,20.29,19.95,20.25,20828,-26501,-5673,9099,-1137,7962,5729,-8018,-2289,NaN,NaN,NaN,NaN,NaN,20828,-26501,-5673,9099,-1137,7962,5729,-8018,-2289
2007-08-29T22:00:00Z,20.25,20.51,20.13,20.27,20828,-26501,-5673,9099,-1137,7962,5729,-8018,-2289,NaN,NaN,NaN,NaN,NaN,20828,-26501,-5673,9099,-1137,7962,5729,-8018,-2289
2007-08-30T22:00:00Z,20.2,20.36,20.16,20.22,20828,-26501,-5673,9099,-1137,7962,5729,-8018,-2289,NaN,NaN,NaN,NaN,NaN,20828,-26501,-5673,9099,-1137,7962,5729,-8018,-2289
2007-09-03T22:00:00Z,20.25,20.41,20.23,20.4,18575,-23407,-4832,7411,-1210,6201,5819,-7188,-1369,NaN,NaN,NaN,NaN,NaN,18575,-23407,-4832,7411,-1210,6201,5819,-7188,-1369
2007-09-04T22:00:00Z,20.45,20.48,20.21,20.4,18575,-23407,-4832,7411,-1210,6201,5819,-7188,-1369,NaN,NaN,NaN,NaN,NaN,18575,-23407,-4832,7411,-1210,6201,5819,-7188,-1369
2007-09-05T22:00:00Z,20.3,20.3,20.15,20.28,18575,-23407,-4832,7411,-1210,6201,5819,-7188,-1369,NaN,NaN,NaN,NaN,NaN,18575,-23407,-4832,7411,-1210,6201,5819,-7188,-1369
2007-09-06T22:00:00Z,20.28,20.32,20.21,20.29,18575,-23407,-4832,7411,-1210,6201,5819,-7188,-1369,NaN,NaN,NaN,NaN,NaN,18575,-23407,-4832,7411,-1210,6201,5819,-7188,-1369
2007-09-09T22:00:00Z,20.29,20.29,20.2,20.23,18575,-23407,-4832,7411,-1210,6201,5819,-7188,-1369,NaN,NaN,NaN,NaN,NaN,18575,-23407,-4832,7411,-1210,6201,5819,-7188,-1369
2007-09-10T22:00:00Z,20.25,20.38,20.24,20.38,19192,-24134,-4942,7805,-1393,6412,6045,-7515,-1470,NaN,NaN,NaN,NaN,NaN,19192,-24134,-4942,7805,-1393,6412,6045,-7515,-1470
2007-09-11T22:00:00Z,20.4,20.4,20.3,20.36,19192,-24134,-4942,7805,-1393,6412,6045,-7515,-1470,NaN,NaN,NaN,NaN,NaN,19192,-24134,-4942,7805,-1393,6412,6045,-7515,-1470
2007-09-12T22:00:00Z,20.29,20.3,20.1,20.16,19192,-24134,-4942,7805,-1393,6412,6045,-7515,-1470,NaN,NaN,NaN,NaN,NaN,19192,-24134,-4942,7805,-1393,6412,6045,-7515,-1470
2007-09-13T22:00:00Z,20.18,20.18,20.03,20.1,19192,-24134,-4942,7805,-1393,6412,6045,-7515,-1470,NaN,NaN,NaN,NaN,NaN,19192,-24134,-4942,7805,-1393,6412,6045,-7515,-1470
2007-09-16T22:00:00Z,20.1,20.11,20.04,20.1,19192,-24134,-4942,7805,-1393,6412,6045,-7515,-1470,NaN,NaN,NaN,NaN,NaN,19192,-24134,-4942,7805,-1393,6412,6045,-7515,-1470
2007-09-17T22:00:00Z,20.1,20.15,20.1,20.15,20214,-24988,-4774,7815,-1745,6070,6272,-7568,-1296,NaN,NaN,NaN,NaN,NaN,20214,-24988,-4774,7815,-1745,6070,6272,-7568,-1296
2007-09-18T22:00:00Z,20.15,20.19,20.13,20.17,20214,-24988,-4774,7815,-1745,6070,6272,-7568,-1296,NaN,NaN,NaN,NaN,NaN,20214,-24988,-4774,7815,-1745,6070,6272,-7568,-1296
2007-09-19T22:00:00Z,20.17,20.17,20.17,20.17,20214,-24988,-4774,7815,-1745,6070,6272,-7568,-1296,NaN,NaN,NaN,NaN,NaN,20214,-24988,-4774,7815,-1745,6070,6272,-7568,-1296
2007-09-20T22:00:00Z,20.16,20.19,20.11,20.17,20214,-24988,-4774,7815,-1745,6070,6272,-7568,-1296,NaN,NaN,NaN,NaN,NaN,20214,-24988,-4774,7815,-1745,6070,6272,-7568,-1296
2007-09-23T22:00:00Z,20.1,20.16,20.1,20.16,20214,-24988,-4774,7815,-1745,6070,6272,-7568,-1296,NaN,NaN,NaN,NaN,NaN,20214,-24988,-4774,7815,-1745,6070,6272,-7568,-1296
2007-09-24T22:00:00Z,20.14,20.17,20.14,20.17,20498,-25087,-4589,8030,-2055,5975,6287,-7673,-1386,NaN,NaN,NaN,NaN,NaN,20498,-25087,-4589,8030,-2055,5975,6287,-7673,-1386
2007-09-25T22:00:00Z,20.1,20.15,20.06,20.15,20498,-25087,-4589,8030,-2055,5975,6287,-7673,-1386,NaN,NaN,NaN,NaN,NaN,20498,-25087,-4589,8030,-2055,5975,6287,-7673,-1386
2007-09-26T22:00:00Z,20.12,20.14,19.93,20.14,20498,-25087,-4589,8030,-2055,5975,6287,-7673,-1386,NaN,NaN,NaN,NaN,NaN,20498,-25087,-4589,8030,-2055,5975,6287,-7673,-1386
2007-09-27T22:00:00Z,20.11,20.12,20.05,20.11,20498,-25087,-4589,8030,-2055,5975,6287,-7673,-1386,NaN,NaN,NaN,NaN,NaN,20498,-25087,-4589,8030,-2055,5975,6287,-7673,-1386
2007-10-01T22:00:00Z,18.48,18.7,18.39,18.64,21440,-25253,-3813,7683,-2031,5652,5785,-7624,-1839,NaN,NaN,NaN,NaN,NaN,21440,-25253,-3813,7683,-2031,5652,5785,-7624,-1839
2007-10-02T22:00:00Z,18.55,18.6,18.41,18.5,21440,-25253,-3813,7683,-2031,5652,5785,-7624,-1839,NaN,NaN,NaN,NaN,NaN,21440,-25253,-3813,7683,-2031,5652,5785,-7624,-1839
2007-10-03T22:00:00Z,18.39,18.56,18.26,18.56,21440,-25253,-3813,7683,-2031,5652,5785,-7624,-1839,NaN,NaN,NaN,NaN,NaN,21440,-25253,-3813,7683,-2031,5652,5785,-7624,-1839
2007-10-04T22:00:00Z,18.5,18.56,18.3,18.3,21440,-25253,-3813,7683,-2031,5652,5785,-7624,-1839,NaN,NaN,NaN,NaN,NaN,21440,-25253,-3813,7683,-2031,5652,5785,-7624,-1839
2007-10-07T22:00:00Z,18.33,18.33,18.11,18.12,21440,-25253,-3813,7683,-2031,5652,5785,-7624,-1839,NaN,NaN,NaN,NaN,NaN,21440,-25253,-3813,7683,-2031,5652,5785,-7624,-1839
2007-10-08T22:00:00Z,18.21,18.4,18.13,18.32,19631,-21460,-1829,5598,-2263,3335,5536,-7042,-1506,NaN,NaN,NaN,NaN,NaN,19631,-21460,-1829,5598,-2263,3335,5536,-7042,-1506
2007-10-09T22:00:00Z,18.4,18.41,18.33,18.34,19631,-21460,-1829,5598,-2263,3335,5536,-7042,-1506,NaN,NaN,NaN,NaN,NaN,19631,-21460,-1829,5598,-2263,3335,5536,-7042,-1506
2007-10-10T22:00:00Z,18.31,18.35,18.23,18.3,19631,-21460,-1829,5598,-2263,3335,5536,-7042,-1506,NaN,NaN,NaN,NaN,NaN,19631,-21460,-1829,5598,-2263,3335,5536,-7042,-1506
2007-10-11T22:00:00Z,18.29,18.47,18.29,18.47,19631,-21460,-1829,5598,-2263,3335,5536,-7042,-1506,NaN,NaN,NaN,NaN,NaN,19631,-21460,-1829,5598,-2263,3335,5536,-7042,-1506
2007-10-14T22:00:00Z,18.44,18.52,18.44,18.47,19631,-21460,-1829,5598,-2263,3335,5536,-7042,-1506,NaN,NaN,NaN,NaN,NaN,19631,-21460,-1829,5598,-2263,3335,5536,-7042,-1506
2007-10-15T22:00:00Z,18.5,18.5,18.47,18.5,19757,-21239,-1482,5565,-2267,3298,5432,-7248,-1816,NaN,NaN,NaN,NaN,NaN,19757,-21239,-1482,5565,-2267,3298,5432,-7248,-1816
2007-10-16T22:00:00Z,18.5,18.5,18.45,18.5,19757,-21239,-1482,5565,-2267,3298,5432,-7248,-1816,NaN,NaN,NaN,NaN,NaN,19757,-21239,-1482,5565,-2267,3298,5432,-7248,-1816
2007-10-17T22:00:00Z,18.5,18.52,18.49,18.52,19757,-21239,-1482,5565,-2267,3298,5432,-7248,-1816,NaN,NaN,NaN,NaN,NaN,19757,-21239,-1482,5565,-2267,3298,5432,-7248,-1816
2007-10-18T22:00:00Z,18.52,18.53,18.5,18.53,19757,-21239,-1482,5565,-2267,3298,5432,-7248,-1816,NaN,NaN,NaN,NaN,NaN,19757,-21239,-1482,5565,-2267,3298,5432,-7248,-1816
2007-10-21T22:00:00Z,18.5,18.54,18.5,18.52,19757,-21239,-1482,5565,-2267,3298,5432,-7248,-1816,NaN,NaN,NaN,NaN,NaN,19757,-21239,-1482,5565,-2267,3298,5432,-7248,-1816
2007-10-22T22:00:00Z,18.52,18.54,18.5,18.54,19957,-21451,-1494,5429,-2295,3134,5613,-7253,-1640,NaN,NaN,NaN,NaN,NaN,19957,-21451,-1494,5429,-2295,3134,5613,-7253,-1640
2007-10-23T22:00:00Z,18.51,18.54,18.5,18.54,19957,-21451,-1494,5429,-2295,3134,5613,-7253,-1640,NaN,NaN,NaN,NaN,NaN,19957,-21451,-1494,5429,-2295,3134,5613,-7253,-1640
2007-10-24T22:00:00Z,18.53,18.59,18.53,18.57,19957,-21451,-1494,5429,-2295,3134,5613,-7253,-1640,NaN,NaN,NaN,NaN,NaN,19957,-21451,-1494,5429,-2295,3134,5613,-7253,-1640
2007-10-25T22:00:00Z,18.6,18.62,18.6,18.62,19957,-21451,-1494,5429,-2295,3134,5613,-7253,-1640,NaN,NaN,NaN,NaN,NaN,19957,-21451,-1494,5429,-2295,3134,5613,-7253,-1640
2007-10-28T22:00:00Z,18.73,18.74,18.6,18.67,19957,-21451,-1494,5429,-2295,3134,5613,-7253,-1640,NaN,NaN,NaN,NaN,NaN,19957,-21451,-1494,5429,-2295,3134,5613,-7253,-1640
2007-10-29T22:00:00Z,18.7,18.83,18.64,18.78,21641,-21909,-268,5283,-2385,2898,4928,-7558,-2630,NaN,NaN,NaN,NaN,NaN,21641,-21909,-268,5283,-2385,2898,4928,-7558,-2630
2007-10-30T22:00:00Z,18.78,18.88,18.77,18.83,21641,-21909,-268,5283,-2385,2898,4928,-7558,-2630,NaN,NaN,NaN,NaN,NaN,21641,-21909,-268,5283,-2385,2898,4928,-7558,-2630
2007-10-31T22:00:00Z,18.83,18.95,18.77,18.78,21641,-21909,-268,5283,-2385,2898,4928,-7558,-2630,NaN,NaN,NaN,NaN,NaN,21641,-21909,-268,5283,-2385,2898,4928,-7558,-2630
2007-11-01T22:00:00Z,18.71,18.9,18.7,18.77,21641,-21909,-268,5283,-2385,2898,4928,-7558,-2630,NaN,NaN,NaN,NaN,NaN,21641,-21909,-268,5283,-2385,2898,4928,-7558,-2630
2007-11-04T23:00:00Z,18.8,18.8,18.72,18.72,21641,-21909,-268,5283,-2385,2898,4928,-7558,-2630,NaN,NaN,NaN,NaN,NaN,21641,-21909,-268,5283,-2385,2898,4928,-7558,-2630
2007-11-05T23:00:00Z,18.79,18.95,18.78,18.93,20507,-19289,1218,4481,-2773,1708,4559,-7485,-2926,NaN,NaN,NaN,NaN,NaN,20507,-19289,1218,4481,-2773,1708,4559,-7485,-2926
2007-11-06T23:00:00Z,18.95,19.24,18.95,19.15,20507,-19289,1218,4481,-2773,1708,4559,-7485,-2926,NaN,NaN,NaN,NaN,NaN,20507,-19289,1218,4481,-2773,1708,4559,-7485,-2926
2007-11-07T23:00:00Z,19.15,19.19,19.02,19.13,20507,-19289,1218,4481,-2773,1708,4559,-7485,-2926,NaN,NaN,NaN,NaN,NaN,20507,-19289,1218,4481,-2773,1708,4559,-7485,-2926
2007-11-08T23:00:00Z,19.1,19.21,19.1,19.2,20507,-19289,1218,4481,-2773,1708,4559,-7485,-2926,NaN,NaN,NaN,NaN,NaN,20507,-19289,1218,4481,-2773,1708,4559,-7485,-2926
2007-11-11T23:00:00Z,19.15,19.23,19.12,19.2,20507,-19289,1218,4481,-2773,1708,4559,-7485,-2926,NaN,NaN,NaN,NaN,NaN,20507,-19289,1218,4481,-2773,1708,4559,-7485,-2926
2007-11-12T23:00:00Z,19.25,19.26,19.15,19.18,20432,-19709,723,4433,-2683,1750,5225,-7698,-2473,NaN,NaN,NaN,NaN,NaN,20432,-19709,723,4433,-2683,1750,5225,-7698,-2473
2007-11-13T23:00:00Z,19.18,19.2,19.15,19.18,20432,-19709,723,4433,-2683,1750,5225,-7698,-2473,NaN,NaN,NaN,NaN,NaN,20432,-19709,723,4433,-2683,1750,5225,-7698,-2473
2007-11-14T23:00:00Z,19.18,19.2,19.17,19.2,20432,-19709,723,4433,-2683,1750,5225,-7698,-2473,NaN,NaN,NaN,NaN,NaN,20432,-19709,723,4433,-2683,1750,5225,-7698,-2473
2007-11-15T23:00:00Z,19.18,19.21,19.18,19.2,20432,-19709,723,4433,-2683,1750,5225,-7698,-2473,NaN,NaN,NaN,NaN,NaN,20432,-19709,723,4433,-2683,1750,5225,-7698,-2473
2007-11-18T23:00:00Z,19.2,19.21,19.2,19.21,20432,-19709,723,4433,-2683,1750,5225,-7698,-2473,NaN,NaN,NaN,NaN,NaN,20432,-19709,723,4433,-2683,1750,5225,-7698,-2473
2007-11-19T23:00:00Z,19.2,19.2,19.15,19.2,21159,-20246,913,4325,-2500,1825,5500,-8238,-2738,NaN,NaN,NaN,NaN,NaN,21159,-20246,913,4325,-2500,1825,5500,-8238,-2738
2007-11-20T23:00:00Z,19.15,19.25,19.15,19.25,21159,-20246,913,4325,-2500,1825,5500,-8238,-2738,NaN,NaN,NaN,NaN,NaN,21159,-20246,913,4325,-2500,1825,5500,-8238,-2738
2007-11-22T23:00:00Z,19.25,19.25,19.25,19.25,21159,-20246,913,4325,-2500,1825,5500,-8238,-2738,NaN,NaN,NaN,NaN,NaN,21159,-20246,913,4325,-2500,1825,5500,-8238,-2738
2007-11-25T23:00:00Z,19.9,20.15,19.88,20.15,21159,-20246,913,4325,-2500,1825,5500,-8238,-2738,NaN,NaN,NaN,NaN,NaN,21159,-20246,913,4325,-2500,1825,5500,-8238,-2738
2007-11-26T23:00:00Z,20.19,20.2,20.11,20.19,20983,-20143,840,4977,-2692,2285,5286,-8411,-3125,NaN,NaN,NaN,NaN,NaN,20983,-20143,840,4977,-2692,2285,5286,-8411,-3125
2007-11-27T23:00:00Z,20.14,20.2,20.01,20.18,20983,-20143,840,4977,-2692,2285,5286,-8411,-3125,NaN,NaN,NaN,NaN,NaN,20983,-20143,840,4977,-2692,2285,5286,-8411,-3125
2007-11-28T23:00:00Z,20.05,20.14,19.56,19.65,20983,-20143,840,4977,-2692,2285,5286,-8411,-3125,NaN,NaN,NaN,NaN,NaN,20983,-20143,840,4977,-2692,2285,5286,-8411,-3125
2007-11-29T23:00:00Z,19.62,19.87,19.53,19.85,20983,-20143,840,4977,-2692,2285,5286,-8411,-3125,NaN,NaN,NaN,NaN,NaN,20983,-20143,840,4977,-2692,2285,5286,-8411,-3125
2007-12-02T23:00:00Z,19.85,20.3,19.85,20.24,20983,-20143,840,4977,-2692,2285,5286,-8411,-3125,NaN,NaN,NaN,NaN,NaN,20983,-20143,840,4977,-2692,2285,5286,-8411,-3125
2007-12-03T23:00:00Z,20.24,20.26,19.9,20.18,18839,-17692,1147,4222,-2900,1322,5247,-7716,-2469,NaN,NaN,NaN,NaN,NaN,18839,-17692,1147,4222,-2900,1322,5247,-7716,-2469
2007-12-04T23:00:00Z,20.14,20.4,20.14,20.3,18839,-17692,1147,4222,-2900,1322,5247,-7716,-2469,NaN,NaN,NaN,NaN,NaN,18839,-17692,1147,4222,-2900,1322,5247,-7716,-2469
2007-12-05T23:00:00Z,20.3,20.34,20.25,20.3,18839,-17692,1147,4222,-2900,1322,5247,-7716,-2469,NaN,NaN,NaN,NaN,NaN,18839,-17692,1147,4222,-2900,1322,5247,-7716,-2469
2007-12-06T23:00:00Z,20.3,20.41,20.27,20.4,18839,-17692,1147,4222,-2900,1322,5247,-7716,-2469,NaN,NaN,NaN,NaN,NaN,18839,-17692,1147,4222,-2900,1322,5247,-7716,-2469
2007-12-09T23:00:00Z,20.4,20.52,20.3,20.46,18839,-17692,1147,4222,-2900,1322,5247,-7716,-2469,NaN,NaN,NaN,NaN,NaN,18839,-17692,1147,4222,-2900,1322,5247,-7716,-2469
2007-12-10T23:00:00Z,20.5,20.5,20.3,20.4,19304,-18219,1085,4420,-2859,1561,5271,-7917,-2646,NaN,NaN,NaN,NaN,NaN,19304,-18219,1085,4420,-2859,1561,5271,-7917,-2646
2007-12-11T23:00:00Z,20.4,20.44,20.19,20.33,19304,-18219,1085,4420,-2859,1561,5271,-7917,-2646,NaN,NaN,NaN,NaN,NaN,19304,-18219,1085,4420,-2859,1561,5271,-7917,-2646
2007-12-12T23:00:00Z,20.27,20.38,20.27,20.38,19304,-18219,1085,4420,-2859,1561,5271,-7917,-2646,NaN,NaN,NaN,NaN,NaN,19304,-18219,1085,4420,-2859,1561,5271,-7917,-2646
2007-12-13T23:00:00Z,20.39,20.48,20.31,20.38,19304,-18219,1085,4420,-2859,1561,5271,-7917,-2646,NaN,NaN,NaN,NaN,NaN,19304,-18219,1085,4420,-2859,1561,5271,-7917,-2646
2007-12-16T23:00:00Z,20.3,20.33,20.2,20.3,19304,-18219,1085,4420,-2859,1561,5271,-7917,-2646,NaN,NaN,NaN,NaN,NaN,19304,-18219,1085,4420,-2859,1561,5271,-7917,-2646
2007-12-17T23:00:00Z,20.3,20.35,20.26,20.28,20109,-19247,862,4330,-2464,1866,5499,-8227,-2728,NaN,NaN,NaN,NaN,NaN,20109,-19247,862,4330,-2464,1866,5499,-8227,-2728
2007-12-18T23:00:00Z,20.29,20.35,20.28,20.34,20109,-19247,862,4330,-2464,1866,5499,-8227,-2728,NaN,NaN,NaN,NaN,NaN,20109,-19247,862,4330,-2464,1866,5499,-8227,-2728
2007-12-19T23:00:00Z,20.34,20.34,20.33,20.33,20109,-19247,862,4330,-2464,1866,5499,-8227,-2728,NaN,NaN,NaN,NaN,NaN,20109,-19247,862,4330,-2464,1866,5499,-8227,-2728
2007-12-20T23:00:00Z,20.37,20.49,20.37,20.49,20109,-19247,862,4330,-2464,1866,5499,-8227,-2728,NaN,NaN,NaN,NaN,NaN,20109,-19247,862,4330,-2464,1866,5499,-8227,-2728
2007-12-23T23:00:00Z,20.49,20.49,20.49,20.49,21911,-19536,2375,2894,-2284,610,5307,-8292,-2985,NaN,NaN,NaN,NaN,NaN,21911,-19536,2375,2894,-2284,610,5307,-8292,-2985
2007-12-26T23:00:00Z,20.42,20.53,20.42,20.53,21911,-19536,2375,2894,-2284,610,5307,-8292,-2985,NaN,NaN,NaN,NaN,NaN,21911,-19536,2375,2894,-2284,610,5307,-8292,-2985
2007-12-27T23:00:00Z,20.5,20.55,20.47,20.49,21911,-19536,2375,2894,-2284,610,5307,-8292,-2985,NaN,NaN,NaN,NaN,NaN,21911,-19536,2375,2894,-2284,610,5307,-8292,-2985
2007-12-30T23:00:00Z,18.88,18.88,18.88,18.88,22288,-20038,2250,2803,-2407,396,5130,-7776,-2646,NaN,NaN,NaN,NaN,NaN,22288,-20038,2250,2803,-2407,396,5130,-7776,-2646
2008-01-01T23:00:00Z,18.91,19.63,18.8,19.63,22288,-20038,2250,2803,-2407,396,5130,-7776,-2646,NaN,NaN,NaN,NaN,NaN,22288,-20038,2250,2803,-2407,396,5130,-7776,-2646
2008-01-02T23:00:00Z,19.73,20.38,19.65,20.12,22288,-20038,2250,2803,-2407,396,5130,-7776,-2646,NaN,NaN,NaN,NaN,NaN,22288,-20038,2250,2803,-2407,396,5130,-7776,-2646
2008-01-03T23:00:00Z,20.12,20.2,19.87,19.95,22288,-20038,2250,2803,-2407,396,5130,-7776,-2646,NaN,NaN,NaN,NaN,NaN,22288,-20038,2250,2803,-2407,396,5130,-7776,-2646
2008-01-06T23:00:00Z,19.95,19.95,19.2,19.28,22288,-20038,2250,2803,-2407,396,5130,-7776,-2646,NaN,NaN,NaN,NaN,NaN,22288,-20038,2250,2803,-2407,396,5130,-7776,-2646
2008-01-07T23:00:00Z,19.29,19.78,19.29,19.7,19750,-16406,3344,2969,-2670,299,4864,-8507,-3643,NaN,NaN,NaN,NaN,NaN,19750,-16406,3344,2969,-2670,299,4864,-8507,-3643
2008-01-08T23:00:00Z,19.65,19.72,19.4,19.48,19750,-16406,3344,2969,-2670,299,4864,-8507,-3643,NaN,NaN,NaN,NaN,NaN,19750,-16406,3344,2969,-2670,299,4864,-8507,-3643
2008-01-09T23:00:00Z,19.45,19.47,19.38,19.4,19750,-16406,3344,2969,-2670,299,4864,-8507,-3643,NaN,NaN,NaN,NaN,NaN,19750,-16406,3344,2969,-2670,299,4864,-8507,-3643
2008-01-10T23:00:00Z,19.49,19.6,19.29,19.3,19750,-16406,3344,2969,-2670,299,4864,-8507,-3643,NaN,NaN,NaN,NaN,NaN,19750,-16406,3344,2969,-2670,299,4864,-8507,-3643
2008-01-13T23:00:00Z,19.3,19.49,19.3,19.36,19750,-16406,3344,2969,-2670,299,4864,-8507,-3643,NaN,NaN,NaN,NaN,NaN,19750,-16406,3344,2969,-2670,299,4864,-8507,-3643
2008-01-14T23:00:00Z,19.37,19.4,19.3,19.35,21331,-18999,2332,3416,-2228,1188,5232,-8752,-3520,NaN,NaN,NaN,NaN,NaN,21331,-18999,2332,3416,-2228,1188,5232,-8752,-3520
2008-01-15T23:00:00Z,19.35,19.35,19.28,19.29,21331,-18999,2332,3416,-2228,1188,5232,-8752,-3520,NaN,NaN,NaN,NaN,NaN,21331,-18999,2332,3416,-2228,1188,5232,-8752,-3520
2008-01-16T23:00:00Z,19.3,19.3,19.21,19.3,21331,-18999,2332,3416,-2228,1188,5232,-8752,-3520,NaN,NaN,NaN,NaN,NaN,21331,-18999,2332,3416,-2228,1188,5232,-8752,-3520
2008-01-17T23:00:00Z,19.35,19.35,19.26,19.28,21331,-18999,2332,3416,-2228,1188,5232,-8752,-3520,NaN,NaN,NaN,NaN,NaN,21331,-18999,2332,3416,-2228,1188,5232,-8752,-3520
2008-01-21T23:00:00Z,19.28,19.32,19.27,19.32,22025,-19347,2678,3508,-2690,818,5453,-8949,-3496,NaN,NaN,NaN,NaN,NaN,22025,-19347,2678,3508,-2690,818,5453,-8949,-3496
2008-01-22T23:00:00Z,19.28,19.28,19.27,19.27,22025,-19347,2678,3508,-2690,818,5453,-8949,-3496,NaN,NaN,NaN,NaN,NaN,22025,-19347,2678,3508,-2690,818,5453,-8949,-3496
2008-01-23T23:00:00Z,19.26,19.28,19.25,19.26,22025,-19347,2678,3508,-2690,818,5453,-8949,-3496,NaN,NaN,NaN,NaN,NaN,22025,-19347,2678,3508,-2690,818,5453,-8949,-3496
2008-01-24T23:00:00Z,19.27,19.37,19.27,19.35,22025,-19347,2678,3508,-2690,818,5453,-8949,-3496,NaN,NaN,NaN,NaN,NaN,22025,-19347,2678,3508,-2690,818,5453,-8949,-3496
2008-01-27T23:00:00Z,17.05,17.5,16.96,17.33,22025,-19347,2678,3508,-2690,818,5453,-8949,-3496,NaN,NaN,NaN,NaN,NaN,22025,-19347,2678,3508,-2690,818,5453,-8949,-3496
2008-01-28T23:00:00Z,17.3,17.33,16.8,16.84,22078,-19874,2204,3539,-2487,1052,5964,-9220,-3256,NaN,NaN,NaN,NaN,NaN,22078,-19874,2204,3539,-2487,1052,5964,-9220,-3256
2008-01-29T23:00:00Z,16.81,16.9,16.7,16.8,22078,-19874,2204,3539,-2487,1052,5964,-9220,-3256,NaN,NaN,NaN,NaN,NaN,22078,-19874,2204,3539,-2487,1052,5964,-9220,-3256
2008-01-30T23:00:00Z,16.85,17.12,16.8,16.85,22078,-19874,2204,3539,-2487,1052,5964,-9220,-3256,NaN,NaN,NaN,NaN,NaN,22078,-19874,2204,3539,-2487,1052,5964,-9220,-3256
2008-01-31T23:00:00Z,16.99,17.3,16.82,17.04,22078,-19874,2204,3539,-2487,1052,5964,-9220,-3256,NaN,NaN,NaN,NaN,NaN,22078,-19874,2204,3539,-2487,1052,5964,-9220,-3256
2008-02-03T23:00:00Z,17,17.25,17,17.05,22078,-19874,2204,3539,-2487,1052,5964,-9220,-3256,NaN,NaN,NaN,NaN,NaN,22078,-19874,2204,3539,-2487,1052,5964,-9220,-3256
2008-02-04T23:00:00Z,17.05,17.15,17.01,17.03,20067,-18131,1936,3133,-2587,546,5800,-8282,-2482,NaN,NaN,NaN,NaN,NaN,20067,-18131,1936,3133,-2587,546,5800,-8282,-2482
2008-02-05T23:00:00Z,17.04,17.3,17.02,17.25,20067,-18131,1936,3133,-2587,546,5800,-8282,-2482,NaN,NaN,NaN,NaN,NaN,20067,-18131,1936,3133,-2587,546,5800,-8282,-2482
2008-02-06T23:00:00Z,17.22,17.29,17.18,17.28,20067,-18131,1936,3133,-2587,546,5800,-8282,-2482,NaN,NaN,NaN,NaN,NaN,20067,-18131,1936,3133,-2587,546,5800,-8282,-2482
2008-02-07T23:00:00Z,17.3,17.31,17.23,17.27,20067,-18131,1936,3133,-2587,546,5800,-8282,-2482,NaN,NaN,NaN,NaN,NaN,20067,-18131,1936,3133,-2587,546,5800,-8282,-2482
2008-02-10T23:00:00Z,17.26,17.28,17.26,17.27,20067,-18131,1936,3133,-2587,546,5800,-8282,-2482,NaN,NaN,NaN,NaN,NaN,20067,-18131,1936,3133,-2587,546,5800,-8282,-2482
2008-02-11T23:00:00Z,17.27,17.27,17.17,17.23,20669,-19114,1555,3260,-2029,1231,5703,-8489,-2786,NaN,NaN,NaN,NaN,NaN,20669,-19114,1555,3260,-2029,1231,5703,-8489,-2786
2008-02-12T23:00:00Z,17.22,17.32,17.17,17.25,20669,-19114,1555,3260,-2029,1231,5703,-8489,-2786,NaN,NaN,NaN,NaN,NaN,20669,-19114,1555,3260,-2029,1231,5703,-8489,-2786
2008-02-13T23:00:00Z,17.3,17.3,17.25,17.28,20669,-19114,1555,3260,-2029,1231,5703,-8489,-2786,NaN,NaN,NaN,NaN,NaN,20669,-19114,1555,3260,-2029,1231,5703,-8489,-2786
2008-02-14T23:00:00Z,17.28,17.32,17.17,17.17,20669,-19114,1555,3260,-2029,1231,5703,-8489,-2786,NaN,NaN,NaN,NaN,NaN,20669,-19114,1555,3260,-2029,1231,5703,-8489,-2786
2008-02-17T23:00:00Z,17.28,17.32,17.17,17.17,20669,-19114,1555,3260,-2029,1231,5703,-8489,-2786,NaN,NaN,NaN,NaN,NaN,20669,-19114,1555,3260,-2029,1231,5703,-8489,-2786
2008-02-18T23:00:00Z,17.19,17.2,17.14,17.16,20759,-19350,1409,3311,-1756,1555,5758,-8722,-2964,NaN,NaN,NaN,NaN,NaN,20759,-19350,1409,3311,-1756,1555,5758,-8722,-2964
2008-02-19T23:00:00Z,17.16,17.18,17.16,17.17,20759,-19350,1409,3311,-1756,1555,5758,-8722,-2964,NaN,NaN,NaN,NaN,NaN,20759,-19350,1409,3311,-1756,1555,5758,-8722,-2964
2008-02-20T23:00:00Z,17.14,17.18,17.14,17.17,20759,-19350,1409,3311,-1756,1555,5758,-8722,-2964,NaN,NaN,NaN,NaN,NaN,20759,-19350,1409,3311,-1756,1555,5758,-8722,-2964
2008-02-21T23:00:00Z,17.15,17.15,17.01,17.03,20759,-19350,1409,3311,-1756,1555,5758,-8722,-2964,NaN,NaN,NaN,NaN,NaN,20759,-19350,1409,3311,-1756,1555,5758,-8722,-2964
2008-02-24T23:00:00Z,18.5,18.67,18.48,18.54,20759,-19350,1409,3311,-1756,1555,5758,-8722,-2964,NaN,NaN,NaN,NaN,NaN,20759,-19350,1409,3311,-1756,1555,5758,-8722,-2964
2008-02-25T23:00:00Z,18.62,18.68,18.49,18.6,22109,-20261,1848,2694,-1691,1003,5775,-8626,-2851,NaN,NaN,NaN,NaN,NaN,22109,-20261,1848,2694,-1691,1003,5775,-8626,-2851
2008-02-26T23:00:00Z,18.53,18.57,18.31,18.33,22109,-20261,1848,2694,-1691,1003,5775,-8626,-2851,NaN,NaN,NaN,NaN,NaN,22109,-20261,1848,2694,-1691,1003,5775,-8626,-2851
2008-02-27T23:00:00Z,18.31,18.4,17.85,18.05,22109,-20261,1848,2694,-1691,1003,5775,-8626,-2851,NaN,NaN,NaN,NaN,NaN,22109,-20261,1848,2694,-1691,1003,5775,-8626,-2851
2008-02-28T23:00:00Z,18.14,18.4,18.12,18.19,22109,-20261,1848,2694,-1691,1003,5775,-8626,-2851,NaN,NaN,NaN,NaN,NaN,22109,-20261,1848,2694,-1691,1003,5775,-8626,-2851
2008-03-02T23:00:00Z,18.24,18.3,18.1,18.17,22109,-20261,1848,2694,-1691,1003,5775,-8626,-2851,NaN,NaN,NaN,NaN,NaN,22109,-20261,1848,2694,-1691,1003,5775,-8626,-2851
2008-03-03T23:00:00Z,18.14,18.14,17.97,18.03,19511,-18696,815,3252,-1663,1589,5092,-7496,-2404,NaN,NaN,NaN,NaN,NaN,19511,-18696,815,3252,-1663,1589,5092,-7496,-2404
2008-03-04T23:00:00Z,17.93,18.13,17.91,18.05,19511,-18696,815,3252,-1663,1589,5092,-7496,-2404,NaN,NaN,NaN,NaN,NaN,19511,-18696,815,3252,-1663,1589,5092,-7496,-2404
2008-03-05T23:00:00Z,18.05,18.43,17.9,18.21,19511,-18696,815,3252,-1663,1589,5092,-7496,-2404,NaN,NaN,NaN,NaN,NaN,19511,-18696,815,3252,-1663,1589,5092,-7496,-2404
2008-03-06T23:00:00Z,18.08,18.1,17.96,18.07,19511,-18696,815,3252,-1663,1589,5092,-7496,-2404,NaN,NaN,NaN,NaN,NaN,19511,-18696,815,3252,-1663,1589,5092,-7496,-2404
2008-03-09T22:00:00Z,18.07,18.1,18.02,18.06,19511,-18696,815,3252,-1663,1589,5092,-7496,-2404,NaN,NaN,NaN,NaN,NaN,19511,-18696,815,3252,-1663,1589,5092,-7496,-2404
2008-03-10T22:00:00Z,18.06,18.06,17.99,17.99,19807,-19564,243,3774,-1437,2337,4874,-7454,-2580,NaN,NaN,NaN,NaN,NaN,19807,-19564,243,3774,-1437,2337,4874,-7454,-2580
2008-03-11T22:00:00Z,18,18.02,17.97,17.97,19807,-19564,243,3774,-1437,2337,4874,-7454,-2580,NaN,NaN,NaN,NaN,NaN,19807,-19564,243,3774,-1437,2337,4874,-7454,-2580
2008-03-12T22:00:00Z,17.98,18.01,17.97,17.98,19807,-19564,243,3774,-1437,2337,4874,-7454,-2580,NaN,NaN,NaN,NaN,NaN,19807,-19564,243,3774,-1437,2337,4874,-7454,-2580
2008-03-13T22:00:00Z,18.02,18.05,18,18.03,19807,-19564,243,3774,-1437,2337,4874,-7454,-2580,NaN,NaN,NaN,NaN,NaN,19807,-19564,243,3774,-1437,2337,4874,-7454,-2580
2008-03-16T22:00:00Z,18,18.05,17.97,18,19807,-19564,243,3774,-1437,2337,4874,-7454,-2580,NaN,NaN,NaN,NaN,NaN,19807,-19564,243,3774,-1437,2337,4874,-7454,-2580
2008-03-17T22:00:00Z,17.97,18,17.95,17.98,20153,-19790,363,3646,-1306,2340,4864,-7567,-2703,NaN,NaN,NaN,NaN,NaN,20153,-19790,363,3646,-1306,2340,4864,-7567,-2703
2008-03-18T22:00:00Z,17.98,17.98,17.98,17.98,20153,-19790,363,3646,-1306,2340,4864,-7567,-2703,NaN,NaN,NaN,NaN,NaN,20153,-19790,363,3646,-1306,2340,4864,-7567,-2703
2008-03-19T22:00:00Z,18,18.04,17.99,17.99,20153,-19790,363,3646,-1306,2340,4864,-7567,-2703,NaN,NaN,NaN,NaN,NaN,20153,-19790,363,3646,-1306,2340,4864,-7567,-2703
2008-03-23T22:00:00Z,17.99,18,17.95,17.99,20153,-19790,363,3646,-1306,2340,4864,-7567,-2703,NaN,NaN,NaN,NaN,NaN,20153,-19790,363,3646,-1306,2340,4864,-7567,-2703
2008-03-24T22:00:00Z,18,18,17.98,18,20594,-20157,437,3696,-1282,2414,4642,-7493,-2851,NaN,NaN,NaN,NaN,NaN,20594,-20157,437,3696,-1282,2414,4642,-7493,-2851
2008-03-25T22:00:00Z,17.98,17.98,17.98,17.98,20594,-20157,437,3696,-1282,2414,4642,-7493,-2851,NaN,NaN,NaN,NaN,NaN,20594,-20157,437,3696,-1282,2414,4642,-7493,-2851
2008-03-26T22:00:00Z,18,18.02,18,18.01,20594,-20157,437,3696,-1282,2414,4642,-7493,-2851,NaN,NaN,NaN,NaN,NaN,20594,-20157,437,3696,-1282,2414,4642,-7493,-2851
2008-03-27T22:00:00Z,18.05,18.05,17.99,18,20594,-20157,437,3696,-1282,2414,4642,-7493,-2851,NaN,NaN,NaN,NaN,NaN,20594,-20157,437,3696,-1282,2414,4642,-7493,-2851
2008-03-30T22:00:00Z,16.88,16.95,16.83,16.87,20594,-20157,437,3696,-1282,2414,4642,-7493,-2851,NaN,NaN,NaN,NaN,NaN,20594,-20157,437,3696,-1282,2414,4642,-7493,-2851
2008-03-31T22:00:00Z,16.87,16.9,16.8,16.84,20944,-20718,226,3646,-1446,2200,5168,-7594,-2426,NaN,NaN,NaN,NaN,NaN,20944,-20718,226,3646,-1446,2200,5168,-7594,-2426
2008-04-01T22:00:00Z,16.85,16.89,16.8,16.84,20944,-20718,226,3646,-1446,2200,5168,-7594,-2426,NaN,NaN,NaN,NaN,NaN,20944,-20718,226,3646,-1446,2200,5168,-7594,-2426
2008-04-02T22:00:00Z,16.85,16.85,16.71,16.72,20944,-20718,226,3646,-1446,2200,5168,-7594,-2426,NaN,NaN,NaN,NaN,NaN,20944,-20718,226,3646,-1446,2200,5168,-7594,-2426
2008-04-03T22:00:00Z,16.69,16.76,16.63,16.72,20944,-20718,226,3646,-1446,2200,5168,-7594,-2426,NaN,NaN,NaN,NaN,NaN,20944,-20718,226,3646,-1446,2200,5168,-7594,-2426
2008-04-06T22:00:00Z,16.79,16.8,16.64,16.64,20944,-20718,226,3646,-1446,2200,5168,-7594,-2426,NaN,NaN,NaN,NaN,NaN,20944,-20718,226,3646,-1446,2200,5168,-7594,-2426
2008-04-07T22:00:00Z,16.65,16.68,16.61,16.66,19063,-18847,216,3778,-1213,2565,4567,-7348,-2781,NaN,NaN,NaN,NaN,NaN,19063,-18847,216,3778,-1213,2565,4567,-7348,-2781
2008-04-08T22:00:00Z,16.67,16.75,16.67,16.75,19063,-18847,216,3778,-1213,2565,4567,-7348,-2781,NaN,NaN,NaN,NaN,NaN,19063,-18847,216,3778,-1213,2565,4567,-7348,-2781
2008-04-09T22:00:00Z,16.75,16.8,16.51,16.73,19063,-18847,216,3778,-1213,2565,4567,-7348,-2781,NaN,NaN,NaN,NaN,NaN,19063,-18847,216,3778,-1213,2565,4567,-7348,-2781
2008-04-10T22:00:00Z,16.7,16.75,16.65,16.7,19063,-18847,216,3778,-1213,2565,4567,-7348,-2781,NaN,NaN,NaN,NaN,NaN,19063,-18847,216,3778,-1213,2565,4567,-7348,-2781
2008-04-13T22:00:00Z,16.7,16.7,16.7,16.7,19063,-18847,216,3778,-1213,2565,4567,-7348,-2781,NaN,NaN,NaN,NaN,NaN,19063,-18847,216,3778,-1213,2565,4567,-7348,-2781
2008-04-14T22:00:00Z,16.72,16.73,16.67,16.73,19779,-20167,-388,4287,-1053,3234,4672,-7518,-2846,NaN,NaN,NaN,NaN,NaN,19779,-20167,-388,4287,-1053,3234,4672,-7518,-2846
2008-04-15T22:00:00Z,16.73,16.84,16.65,16.84,19779,-20167,-388,4287,-1053,3234,4672,-7518,-2846,NaN,NaN,NaN,NaN,NaN,19779,-20167,-388,4287,-1053,3234,4672,-7518,-2846
2008-04-16T22:00:00Z,16.71,16.78,16.71,16.78,19779,-20167,-388,4287,-1053,3234,4672,-7518,-2846,NaN,NaN,NaN,NaN,NaN,19779,-20167,-388,4287,-1053,3234,4672,-7518,-2846
2008-04-17T22:00:00Z,16.73,16.75,16.72,16.74,19779,-20167,-388,4287,-1053,3234,4672,-7518,-2846,NaN,NaN,NaN,NaN,NaN,19779,-20167,-388,4287,-1053,3234,4672,-7518,-2846
2008-04-20T22:00:00Z,16.61,16.79,16.61,16.72,19779,-20167,-388,4287,-1053,3234,4672,-7518,-2846,NaN,NaN,NaN,NaN,NaN,19779,-20167,-388,4287,-1053,3234,4672,-7518,-2846
2008-04-21T22:00:00Z,16.72,16.72,16.72,16.72,20098,-21219,-1121,4754,-876,3878,5010,-7767,-2757,NaN,NaN,NaN,NaN,NaN,20098,-21219,-1121,4754,-876,3878,5010,-7767,-2757
2008-04-22T22:00:00Z,16.72,16.72,16.67,16.71,20098,-21219,-1121,4754,-876,3878,5010,-7767,-2757,NaN,NaN,NaN,NaN,NaN,20098,-21219,-1121,4754,-876,3878,5010,-7767,-2757
2008-04-23T22:00:00Z,16.7,16.7,16.68,16.69,20098,-21219,-1121,4754,-876,3878,5010,-7767,-2757,NaN,NaN,NaN,NaN,NaN,20098,-21219,-1121,4754,-876,3878,5010,-7767,-2757
2008-04-24T22:00:00Z,16.63,16.73,16.63,16.7,20098,-21219,-1121,4754,-876,3878,5010,-7767,-2757,NaN,NaN,NaN,NaN,NaN,20098,-21219,-1121,4754,-876,3878,5010,-7767,-2757
2008-04-27T22:00:00Z,17.69,17.83,17.69,17.79,20098,-21219,-1121,4754,-876,3878,5010,-7767,-2757,NaN,NaN,NaN,NaN,NaN,20098,-21219,-1121,4754,-876,3878,5010,-7767,-2757
2008-04-28T22:00:00Z,17.91,18,17.86,17.97,20209,-21368,-1159,5481,-1008,4473,4462,-7776,-3314,NaN,NaN,NaN,NaN,NaN,20209,-21368,-1159,5481,-1008,4473,4462,-7776,-3314
2008-04-29T22:00:00Z,18,18.2,17.9,18.12,20209,-21368,-1159,5481,-1008,4473,4462,-7776,-3314,NaN,NaN,NaN,NaN,NaN,20209,-21368,-1159,5481,-1008,4473,4462,-7776,-3314
2008-04-30T22:00:00Z,18.25,18.25,17.92,18.05,20209,-21368,-1159,5481,-1008,4473,4462,-7776,-3314,NaN,NaN,NaN,NaN,NaN,20209,-21368,-1159,5481,-1008,4473,4462,-7776,-3314
2008-05-01T22:00:00Z,17.97,18,17.75,17.9,20209,-21368,-1159,5481,-1008,4473,4462,-7776,-3314,NaN,NaN,NaN,NaN,NaN,20209,-21368,-1159,5481,-1008,4473,4462,-7776,-3314
2008-05-04T22:00:00Z,17.9,18.1,17.88,18.01,20209,-21368,-1159,5481,-1008,4473,4462,-7776,-3314,NaN,NaN,NaN,NaN,NaN,20209,-21368,-1159,5481,-1008,4473,4462,-7776,-3314
2008-05-05T22:00:00Z,17.9,18.16,17.9,18.16,18519,-19852,-1333,5265,-1037,4228,4103,-6998,-2895,NaN,NaN,NaN,NaN,NaN,18519,-19852,-1333,5265,-1037,4228,4103,-6998,-2895
2008-05-06T22:00:00Z,18.05,18.13,18.01,18.13,18519,-19852,-1333,5265,-1037,4228,4103,-6998,-2895,NaN,NaN,NaN,NaN,NaN,18519,-19852,-1333,5265,-1037,4228,4103,-6998,-2895
2008-05-07T22:00:00Z,18.09,18.1,17.98,18.04,18519,-19852,-1333,5265,-1037,4228,4103,-6998,-2895,NaN,NaN,NaN,NaN,NaN,18519,-19852,-1333,5265,-1037,4228,4103,-6998,-2895
2008-05-08T22:00:00Z,18.06,18.06,17.96,17.97,18519,-19852,-1333,5265,-1037,4228,4103,-6998,-2895,NaN,NaN,NaN,NaN,NaN,18519,-19852,-1333,5265,-1037,4228,4103,-6998,-2895
2008-05-11T22:00:00Z,18,18.05,17.97,18.02,18519,-19852,-1333,5265,-1037,4228,4103,-6998,-2895,NaN,NaN,NaN,NaN,NaN,18519,-19852,-1333,5265,-1037,4228,4103,-6998,-2895
2008-05-12T22:00:00Z,18.03,18.08,18.03,18.05,18853,-20927,-2074,5823,-1003,4820,4221,-6967,-2746,NaN,NaN,NaN,NaN,NaN,18853,-20927,-2074,5823,-1003,4820,4221,-6967,-2746
2008-05-13T22:00:00Z,18.08,18.11,18.08,18.1,18853,-20927,-2074,5823,-1003,4820,4221,-6967,-2746,NaN,NaN,NaN,NaN,NaN,18853,-20927,-2074,5823,-1003,4820,4221,-6967,-2746
2008-05-14T22:00:00Z,18.08,18.09,18.07,18.08,18853,-20927,-2074,5823,-1003,4820,4221,-6967,-2746,NaN,NaN,NaN,NaN,NaN,18853,-20927,-2074,5823,-1003,4820,4221,-6967,-2746
2008-05-15T22:00:00Z,18.05,18.11,18.05,18.09,18853,-20927,-2074,5823,-1003,4820,4221,-6967,-2746,NaN,NaN,NaN,NaN,NaN,18853,-20927,-2074,5823,-1003,4820,4221,-6967,-2746
2008-05-18T22:00:00Z,18.06,18.12,18.06,18.11,18853,-20927,-2074,5823,-1003,4820,4221,-6967,-2746,NaN,NaN,NaN,NaN,NaN,18853,-20927,-2074,5823,-1003,4820,4221,-6967,-2746
2008-05-19T22:00:00Z,18.1,18.13,18.08,18.12,19167,-21319,-2152,6261,-1329,4932,4650,-7430,-2780,NaN,NaN,NaN,NaN,NaN,19167,-21319,-2152,6261,-1329,4932,4650,-7430,-2780
2008-05-20T22:00:00Z,18.12,18.12,18.1,18.12,19167,-21319,-2152,6261,-1329,4932,4650,-7430,-2780,NaN,NaN,NaN,NaN,NaN,19167,-21319,-2152,6261,-1329,4932,4650,-7430,-2780
2008-05-21T22:00:00Z,18.11,18.14,18.09,18.14,19167,-21319,-2152,6261,-1329,4932,4650,-7430,-2780,NaN,NaN,NaN,NaN,NaN,19167,-21319,-2152,6261,-1329,4932,4650,-7430,-2780
2008-05-22T22:00:00Z,18.15,18.2,18.15,18.19,19167,-21319,-2152,6261,-1329,4932,4650,-7430,-2780,NaN,NaN,NaN,NaN,NaN,19167,-21319,-2152,6261,-1329,4932,4650,-7430,-2780
2008-05-25T22:00:00Z,20.86,21.15,20.84,20.88,19167,-21319,-2152,6261,-1329,4932,4650,-7430,-2780,NaN,NaN,NaN,NaN,NaN,19167,-21319,-2152,6261,-1329,4932,4650,-7430,-2780
2008-05-26T22:00:00Z,21,21.1,20.86,20.95,19204,-21790,-2586,6990,-1520,5470,4882,-7766,-2884,NaN,NaN,NaN,NaN,NaN,19204,-21790,-2586,6990,-1520,5470,4882,-7766,-2884
2008-05-27T22:00:00Z,20.85,20.92,20.65,20.69,19204,-21790,-2586,6990,-1520,5470,4882,-7766,-2884,NaN,NaN,NaN,NaN,NaN,19204,-21790,-2586,6990,-1520,5470,4882,-7766,-2884
2008-05-28T22:00:00Z,20.65,20.66,20.04,20.13,19204,-21790,-2586,6990,-1520,5470,4882,-7766,-2884,NaN,NaN,NaN,NaN,NaN,19204,-21790,-2586,6990,-1520,5470,4882,-7766,-2884
2008-05-29T22:00:00Z,20.11,20.5,19.76,20.15,19204,-21790,-2586,6990,-1520,5470,4882,-7766,-2884,NaN,NaN,NaN,NaN,NaN,19204,-21790,-2586,6990,-1520,5470,4882,-7766,-2884
2008-06-01T22:00:00Z,20.15,20.2,20,20.05,19204,-21790,-2586,6990,-1520,5470,4882,-7766,-2884,NaN,NaN,NaN,NaN,NaN,19204,-21790,-2586,6990,-1520,5470,4882,-7766,-2884
2008-06-02T22:00:00Z,20.05,20.35,20.05,20.11,18500,-21132,-2632,7126,-1545,5581,4105,-7054,-2949,NaN,NaN,NaN,NaN,NaN,18500,-21132,-2632,7126,-1545,5581,4105,-7054,-2949
2008-06-03T22:00:00Z,20.17,20.2,20.08,20.15,18500,-21132,-2632,7126,-1545,5581,4105,-7054,-2949,NaN,NaN,NaN,NaN,NaN,18500,-21132,-2632,7126,-1545,5581,4105,-7054,-2949
2008-06-04T22:00:00Z,20.1,20.25,20.07,20.25,18500,-21132,-2632,7126,-1545,5581,4105,-7054,-2949,NaN,NaN,NaN,NaN,NaN,18500,-21132,-2632,7126,-1545,5581,4105,-7054,-2949
2008-06-05T22:00:00Z,20.27,20.35,20.15,20.15,18500,-21132,-2632,7126,-1545,5581,4105,-7054,-2949,NaN,NaN,NaN,NaN,NaN,18500,-21132,-2632,7126,-1545,5581,4105,-7054,-2949
2008-06-08T22:00:00Z,20.15,20.18,20.06,20.09,18500,-21132,-2632,7126,-1545,5581,4105,-7054,-2949,NaN,NaN,NaN,NaN,NaN,18500,-21132,-2632,7126,-1545,5581,4105,-7054,-2949
2008-06-09T22:00:00Z,20.06,20.12,20.05,20.1,18910,-22751,-3841,8047,-1165,6882,4148,-7189,-3041,NaN,NaN,NaN,NaN,NaN,18910,-22751,-3841,8047,-1165,6882,4148,-7189,-3041
2008-06-10T22:00:00Z,20.06,20.08,20.05,20.05,18910,-22751,-3841,8047,-1165,6882,4148,-7189,-3041,NaN,NaN,NaN,NaN,NaN,18910,-22751,-3841,8047,-1165,6882,4148,-7189,-3041
2008-06-11T22:00:00Z,20.03,20.11,20.02,20.1,18910,-22751,-3841,8047,-1165,6882,4148,-7189,-3041,NaN,NaN,NaN,NaN,NaN,18910,-22751,-3841,8047,-1165,6882,4148,-7189,-3041
2008-06-12T22:00:00Z,20.12,20.2,20.1,20.2,18910,-22751,-3841,8047,-1165,6882,4148,-7189,-3041,NaN,NaN,NaN,NaN,NaN,18910,-22751,-3841,8047,-1165,6882,4148,-7189,-3041
2008-06-15T22:00:00Z,20.17,20.18,20.17,20.17,18910,-22751,-3841,8047,-1165,6882,4148,-7189,-3041,NaN,NaN,NaN,NaN,NaN,18910,-22751,-3841,8047,-1165,6882,4148,-7189,-3041
2008-06-16T22:00:00Z,20.18,20.2,20.18,20.2,21681,-24993,-3312,7792,-1100,6692,4313,-7693,-3380,NaN,NaN,NaN,NaN,NaN,21681,-24993,-3312,7792,-1100,6692,4313,-7693,-3380
2008-06-17T22:00:00Z,20.23,20.23,20.14,20.18,21681,-24993,-3312,7792,-1100,6692,4313,-7693,-3380,NaN,NaN,NaN,NaN,NaN,21681,-24993,-3312,7792,-1100,6692,4313,-7693,-3380
2008-06-18T22:00:00Z,20.18,20.18,20.18,20.18,21681,-24993,-3312,7792,-1100,6692,4313,-7693,-3380,NaN,NaN,NaN,NaN,NaN,21681,-24993,-3312,7792,-1100,6692,4313,-7693,-3380
2008-06-19T22:00:00Z,20.2,20.2,20.2,20.2,21681,-24993,-3312,7792,-1100,6692,4313,-7693,-3380,NaN,NaN,NaN,NaN,NaN,21681,-24993,-3312,7792,-1100,6692,4313,-7693,-3380
2008-06-22T22:00:00Z,20.2,20.2,20.18,20.2,21681,-24993,-3312,7792,-1100,6692,4313,-7693,-3380,NaN,NaN,NaN,NaN,NaN,21681,-24993,-3312,7792,-1100,6692,4313,-7693,-3380
2008-06-23T22:00:00Z,20.18,20.2,20.1,20.2,23622,-25456,-1834,7122,-1283,5839,4219,-8224,-4005,NaN,NaN,NaN,NaN,NaN,23622,-25456,-1834,7122,-1283,5839,4219,-8224,-4005
2008-06-24T22:00:00Z,20.2,20.2,20.2,20.2,23622,-25456,-1834,7122,-1283,5839,4219,-8224,-4005,NaN,NaN,NaN,NaN,NaN,23622,-25456,-1834,7122,-1283,5839,4219,-8224,-4005
2008-06-25T22:00:00Z,20.2,20.2,20.2,20.2,23622,-25456,-1834,7122,-1283,5839,4219,-8224,-4005,NaN,NaN,NaN,NaN,NaN,23622,-25456,-1834,7122,-1283,5839,4219,-8224,-4005
2008-06-26T22:00:00Z,18.36,18.6,18.25,18.46,23622,-25456,-1834,7122,-1283,5839,4219,-8224,-4005,NaN,NaN,NaN,NaN,NaN,23622,-25456,-1834,7122,-1283,5839,4219,-8224,-4005
2008-06-29T22:00:00Z,18.4,18.55,18.4,18.5,23622,-25456,-1834,7122,-1283,5839,4219,-8224,-4005,NaN,NaN,NaN,NaN,NaN,23622,-25456,-1834,7122,-1283,5839,4219,-8224,-4005
2008-06-30T22:00:00Z,18.46,18.46,18.31,18.31,24136,-25592,-1456,7113,-1717,5396,4098,-8038,-3940,NaN,NaN,NaN,NaN,NaN,24136,-25592,-1456,7113,-1717,5396,4098,-8038,-3940
2008-07-01T22:00:00Z,18.33,18.33,18.2,18.2,24136,-25592,-1456,7113,-1717,5396,4098,-8038,-3940,NaN,NaN,NaN,NaN,NaN,24136,-25592,-1456,7113,-1717,5396,4098,-8038,-3940
2008-07-02T22:00:00Z,18.21,18.45,18.2,18.3,24136,-25592,-1456,7113,-1717,5396,4098,-8038,-3940,NaN,NaN,NaN,NaN,NaN,24136,-25592,-1456,7113,-1717,5396,4098,-8038,-3940
2008-07-03T22:00:00Z,18.31,18.31,18.31,18.31,24136,-25592,-1456,7113,-1717,5396,4098,-8038,-3940,NaN,NaN,NaN,NaN,NaN,24136,-25592,-1456,7113,-1717,5396,4098,-8038,-3940
2008-07-06T22:00:00Z,18.25,18.25,17.99,18.06,24136,-25592,-1456,7113,-1717,5396,4098,-8038,-3940,NaN,NaN,NaN,NaN,NaN,24136,-25592,-1456,7113,-1717,5396,4098,-8038,-3940
2008-07-07T22:00:00Z,18.03,18.08,18.02,18.06,21926,-23108,-1182,6210,-1831,4379,4215,-7412,-3197,NaN,NaN,NaN,NaN,NaN,21926,-23108,-1182,6210,-1831,4379,4215,-7412,-3197
2008-07-08T22:00:00Z,18.09,18.09,18.01,18.07,21926,-23108,-1182,6210,-1831,4379,4215,-7412,-3197,NaN,NaN,NaN,NaN,NaN,21926,-23108,-1182,6210,-1831,4379,4215,-7412,-3197
2008-07-09T22:00:00Z,18.01,18.05,18.01,18.02,21926,-23108,-1182,6210,-1831,4379,4215,-7412,-3197,NaN,NaN,NaN,NaN,NaN,21926,-23108,-1182,6210,-1831,4379,4215,-7412,-3197
2008-07-10T22:00:00Z,18.05,18.15,18.05,18.15,21926,-23108,-1182,6210,-1831,4379,4215,-7412,-3197,NaN,NaN,NaN,NaN,NaN,21926,-23108,-1182,6210,-1831,4379,4215,-7412,-3197
2008-07-13T22:00:00Z,18.1,18.12,18.1,18.11,21926,-23108,-1182,6210,-1831,4379,4215,-7412,-3197,NaN,NaN,NaN,NaN,NaN,21926,-23108,-1182,6210,-1831,4379,4215,-7412,-3197
2008-07-14T22:00:00Z,18.12,18.12,18.12,18.12,22840,-23351,-511,6234,-2074,4160,3886,-7535,-3649,NaN,NaN,NaN,NaN,NaN,22840,-23351,-511,6234,-2074,4160,3886,-7535,-3649
2008-07-15T22:00:00Z,18.5,18.5,18.13,18.2,22840,-23351,-511,6234,-2074,4160,3886,-7535,-3649,NaN,NaN,NaN,NaN,NaN,22840,-23351,-511,6234,-2074,4160,3886,-7535,-3649
2008-07-16T22:00:00Z,18.23,18.23,18.2,18.2,22840,-23351,-511,6234,-2074,4160,3886,-7535,-3649,NaN,NaN,NaN,NaN,NaN,22840,-23351,-511,6234,-2074,4160,3886,-7535,-3649
2008-07-17T22:00:00Z,18.2,18.23,18.18,18.2,22840,-23351,-511,6234,-2074,4160,3886,-7535,-3649,NaN,NaN,NaN,NaN,NaN,22840,-23351,-511,6234,-2074,4160,3886,-7535,-3649
2008-07-20T22:00:00Z,18.15,18.16,18.15,18.15,22840,-23351,-511,6234,-2074,4160,3886,-7535,-3649,NaN,NaN,NaN,NaN,NaN,22840,-23351,-511,6234,-2074,4160,3886,-7535,-3649
2008-07-21T22:00:00Z,18.17,18.19,18.17,18.19,22783,-23486,-703,5908,-2001,3907,4184,-7388,-3204,NaN,NaN,NaN,NaN,NaN,22783,-23486,-703,5908,-2001,3907,4184,-7388,-3204
2008-07-22T22:00:00Z,18.19,18.19,18.15,18.18,22783,-23486,-703,5908,-2001,3907,4184,-7388,-3204,NaN,NaN,NaN,NaN,NaN,22783,-23486,-703,5908,-2001,3907,4184,-7388,-3204
2008-07-23T22:00:00Z,18.19,18.19,18.18,18.19,22783,-23486,-703,5908,-2001,3907,4184,-7388,-3204,NaN,NaN,NaN,NaN,NaN,22783,-23486,-703,5908,-2001,3907,4184,-7388,-3204
2008-07-24T22:00:00Z,18.2,18.22,18.19,18.22,22783,-23486,-703,5908,-2001,3907,4184,-7388,-3204,NaN,NaN,NaN,NaN,NaN,22783,-23486,-703,5908,-2001,3907,4184,-7388,-3204
2008-07-27T22:00:00Z,18.95,19.1,18.72,18.8,22783,-23486,-703,5908,-2001,3907,4184,-7388,-3204,NaN,NaN,NaN,NaN,NaN,22783,-23486,-703,5908,-2001,3907,4184,-7388,-3204
2008-07-28T22:00:00Z,18.8,18.8,18.6,18.64,23671,-24657,-986,6084,-1955,4129,3977,-7120,-3143,NaN,NaN,NaN,NaN,NaN,23671,-24657,-986,6084,-1955,4129,3977,-7120,-3143
2008-07-29T22:00:00Z,18.64,18.64,17.9,17.97,23671,-24657,-986,6084,-1955,4129,3977,-7120,-3143,NaN,NaN,NaN,NaN,NaN,23671,-24657,-986,6084,-1955,4129,3977,-7120,-3143
2008-07-30T22:00:00Z,17.98,18.2,17.81,17.97,23671,-24657,-986,6084,-1955,4129,3977,-7120,-3143,NaN,NaN,NaN,NaN,NaN,23671,-24657,-986,6084,-1955,4129,3977,-7120,-3143
2008-07-31T22:00:00Z,18,18,18,18,23671,-24657,-986,6084,-1955,4129,3977,-7120,-3143,NaN,NaN,NaN,NaN,NaN,23671,-24657,-986,6084,-1955,4129,3977,-7120,-3143
2008-08-03T22:00:00Z,18,18,17.85,17.85,23671,-24657,-986,6084,-1955,4129,3977,-7120,-3143,NaN,NaN,NaN,NaN,NaN,23671,-24657,-986,6084,-1955,4129,3977,-7120,-3143
2008-08-04T22:00:00Z,17.82,18,17.65,17.72,23389,-22838,551,5215,-1771,3444,3447,-7442,-3995,NaN,NaN,NaN,NaN,NaN,23389,-22838,551,5215,-1771,3444,3447,-7442,-3995
2008-08-05T22:00:00Z,17.65,17.69,17.55,17.56,23389,-22838,551,5215,-1771,3444,3447,-7442,-3995,NaN,NaN,NaN,NaN,NaN,23389,-22838,551,5215,-1771,3444,3447,-7442,-3995
2008-08-06T22:00:00Z,17.52,17.8,17.52,17.6,23389,-22838,551,5215,-1771,3444,3447,-7442,-3995,NaN,NaN,NaN,NaN,NaN,23389,-22838,551,5215,-1771,3444,3447,-7442,-3995
2008-08-07T22:00:00Z,17.59,17.7,17.55,17.55,23389,-22838,551,5215,-1771,3444,3447,-7442,-3995,NaN,NaN,NaN,NaN,NaN,23389,-22838,551,5215,-1771,3444,3447,-7442,-3995
2008-08-10T22:00:00Z,17.55,17.6,17.55,17.58,23389,-22838,551,5215,-1771,3444,3447,-7442,-3995,NaN,NaN,NaN,NaN,NaN,23389,-22838,551,5215,-1771,3444,3447,-7442,-3995
2008-08-11T22:00:00Z,17.58,17.6,17.5,17.51,25434,-23340,2094,4864,-2745,2119,3847,-8060,-4213,NaN,NaN,NaN,NaN,NaN,25434,-23340,2094,4864,-2745,2119,3847,-8060,-4213
2008-08-12T22:00:00Z,17.5,17.5,17.35,17.4,25434,-23340,2094,4864,-2745,2119,3847,-8060,-4213,NaN,NaN,NaN,NaN,NaN,25434,-23340,2094,4864,-2745,2119,3847,-8060,-4213
2008-08-13T22:00:00Z,17.35,17.35,17.2,17.35,25434,-23340,2094,4864,-2745,2119,3847,-8060,-4213,NaN,NaN,NaN,NaN,NaN,25434,-23340,2094,4864,-2745,2119,3847,-8060,-4213
2008-08-14T22:00:00Z,17.3,17.3,17.12,17.12,25434,-23340,2094,4864,-2745,2119,3847,-8060,-4213,NaN,NaN,NaN,NaN,NaN,25434,-23340,2094,4864,-2745,2119,3847,-8060,-4213
2008-08-17T22:00:00Z,17.11,17.18,17.1,17.18,25434,-23340,2094,4864,-2745,2119,3847,-8060,-4213,NaN,NaN,NaN,NaN,NaN,25434,-23340,2094,4864,-2745,2119,3847,-8060,-4213
2008-08-18T22:00:00Z,17.2,17.2,17.12,17.15,28111,-24158,3953,4715,-3663,1052,4125,-9130,-5005,NaN,NaN,NaN,NaN,NaN,28111,-24158,3953,4715,-3663,1052,4125,-9130,-5005
2008-08-19T22:00:00Z,17.15,17.2,17.13,17.2,28111,-24158,3953,4715,-3663,1052,4125,-9130,-5005,NaN,NaN,NaN,NaN,NaN,28111,-24158,3953,4715,-3663,1052,4125,-9130,-5005
2008-08-20T22:00:00Z,17.18,17.2,17.17,17.18,28111,-24158,3953,4715,-3663,1052,4125,-9130,-5005,NaN,NaN,NaN,NaN,NaN,28111,-24158,3953,4715,-3663,1052,4125,-9130,-5005
2008-08-21T22:00:00Z,17.18,17.21,17.18,17.18,28111,-24158,3953,4715,-3663,1052,4125,-9130,-5005,NaN,NaN,NaN,NaN,NaN,28111,-24158,3953,4715,-3663,1052,4125,-9130,-5005
2008-08-24T22:00:00Z,17.25,17.25,17.18,17.19,28111,-24158,3953,4715,-3663,1052,4125,-9130,-5005,NaN,NaN,NaN,NaN,NaN,28111,-24158,3953,4715,-3663,1052,4125,-9130,-5005
2008-08-25T22:00:00Z,17.19,17.2,17.19,17.2,29934,-25683,4251,4685,-4258,427,4077,-8755,-4678,NaN,NaN,NaN,NaN,NaN,29934,-25683,4251,4685,-4258,427,4077,-8755,-4678
2008-08-26T22:00:00Z,17.2,17.2,17.2,17.2,29934,-25683,4251,4685,-4258,427,4077,-8755,-4678,NaN,NaN,NaN,NaN,NaN,29934,-25683,4251,4685,-4258,427,4077,-8755,-4678
2008-08-27T22:00:00Z,17.26,17.26,17.17,17.2,29934,-25683,4251,4685,-4258,427,4077,-8755,-4678,NaN,NaN,NaN,NaN,NaN,29934,-25683,4251,4685,-4258,427,4077,-8755,-4678
2008-08-28T22:00:00Z,17.29,17.31,17.27,17.28,29934,-25683,4251,4685,-4258,427,4077,-8755,-4678,NaN,NaN,NaN,NaN,NaN,29934,-25683,4251,4685,-4258,427,4077,-8755,-4678
2008-08-31T22:00:00Z,15.91,15.91,15.78,15.81,29934,-25683,4251,4685,-4258,427,4077,-8755,-4678,NaN,NaN,NaN,NaN,NaN,29934,-25683,4251,4685,-4258,427,4077,-8755,-4678
2008-09-01T22:00:00Z,15.79,15.87,15.69,15.76,30209,-26364,3845,4750,-4444,306,4146,-8297,-4151,NaN,NaN,NaN,NaN,NaN,30209,-26364,3845,4750,-4444,306,4146,-8297,-4151
2008-09-02T22:00:00Z,15.78,15.8,15.63,15.73,30209,-26364,3845,4750,-4444,306,4146,-8297,-4151,NaN,NaN,NaN,NaN,NaN,30209,-26364,3845,4750,-4444,306,4146,-8297,-4151
2008-09-03T22:00:00Z,15.82,16.13,15.73,16.09,30209,-26364,3845,4750,-4444,306,4146,-8297,-4151,NaN,NaN,NaN,NaN,NaN,30209,-26364,3845,4750,-4444,306,4146,-8297,-4151
2008-09-04T22:00:00Z,16.09,16.25,15.86,16.1,30209,-26364,3845,4750,-4444,306,4146,-8297,-4151,NaN,NaN,NaN,NaN,NaN,30209,-26364,3845,4750,-4444,306,4146,-8297,-4151
2008-09-07T22:00:00Z,16.1,16.25,16.1,16.16,30209,-26364,3845,4750,-4444,306,4146,-8297,-4151,NaN,NaN,NaN,NaN,NaN,30209,-26364,3845,4750,-4444,306,4146,-8297,-4151
2008-09-08T22:00:00Z,16.19,16.25,16.12,16.16,26772,-23517,3255,4101,-3899,202,4516,-7973,-3457,NaN,NaN,NaN,NaN,NaN,26772,-23517,3255,4101,-3899,202,4516,-7973,-3457
2008-09-09T22:00:00Z,16.11,16.25,16.11,16.19,26772,-23517,3255,4101,-3899,202,4516,-7973,-3457,NaN,NaN,NaN,NaN,NaN,26772,-23517,3255,4101,-3899,202,4516,-7973,-3457
2008-09-10T22:00:00Z,16.15,16.2,16.15,16.16,26772,-23517,3255,4101,-3899,202,4516,-7973,-3457,NaN,NaN,NaN,NaN,NaN,26772,-23517,3255,4101,-3899,202,4516,-7973,-3457
2008-09-11T22:00:00Z,16.18,16.23,16.17,16.17,26772,-23517,3255,4101,-3899,202,4516,-7973,-3457,NaN,NaN,NaN,NaN,NaN,26772,-23517,3255,4101,-3899,202,4516,-7973,-3457
2008-09-14T22:00:00Z,16.11,16.16,16.11,16.15,26772,-23517,3255,4101,-3899,202,4516,-7973,-3457,NaN,NaN,NaN,NaN,NaN,26772,-23517,3255,4101,-3899,202,4516,-7973,-3457
2008-09-15T22:00:00Z,16.18,16.22,16.18,16.18,27932,-23959,3973,4106,-4497,-391,4767,-8349,-3582,NaN,NaN,NaN,NaN,NaN,27932,-23959,3973,4106,-4497,-391,4767,-8349,-3582
2008-09-16T22:00:00Z,16.2,16.23,16.2,16.21,27932,-23959,3973,4106,-4497,-391,4767,-8349,-3582,NaN,NaN,NaN,NaN,NaN,27932,-23959,3973,4106,-4497,-391,4767,-8349,-3582
2008-09-17T22:00:00Z,16.2,16.29,16.2,16.28,27932,-23959,3973,4106,-4497,-391,4767,-8349,-3582,NaN,NaN,NaN,NaN,NaN,27932,-23959,3973,4106,-4497,-391,4767,-8349,-3582
2008-09-18T22:00:00Z,16.25,16.31,16.25,16.29,27932,-23959,3973,4106,-4497,-391,4767,-8349,-3582,NaN,NaN,NaN,NaN,NaN,27932,-23959,3973,4106,-4497,-391,4767,-8349,-3582
2008-09-21T22:00:00Z,16.34,16.49,16.28,16.3,27932,-23959,3973,4106,-4497,-391,4767,-8349,-3582,NaN,NaN,NaN,NaN,NaN,27932,-23959,3973,4106,-4497,-391,4767,-8349,-3582
2008-09-22T22:00:00Z,16.3,16.36,16.3,16.34,26509,-22938,3571,3733,-4795,-1062,5826,-8335,-2509,NaN,NaN,NaN,NaN,NaN,26509,-22938,3571,3733,-4795,-1062,5826,-8335,-2509
2008-09-23T22:00:00Z,16.32,16.37,16.32,16.32,26509,-22938,3571,3733,-4795,-1062,5826,-8335,-2509,NaN,NaN,NaN,NaN,NaN,26509,-22938,3571,3733,-4795,-1062,5826,-8335,-2509
2008-09-24T22:00:00Z,16.33,16.37,16.31,16.34,26509,-22938,3571,3733,-4795,-1062,5826,-8335,-2509,NaN,NaN,NaN,NaN,NaN,26509,-22938,3571,3733,-4795,-1062,5826,-8335,-2509
2008-09-25T22:00:00Z,16.31,16.31,16.25,16.26,26509,-22938,3571,3733,-4795,-1062,5826,-8335,-2509,NaN,NaN,NaN,NaN,NaN,26509,-22938,3571,3733,-4795,-1062,5826,-8335,-2509
2008-09-28T22:00:00Z,17.45,17.45,16.75,16.8,26509,-22938,3571,3733,-4795,-1062,5826,-8335,-2509,NaN,NaN,NaN,NaN,NaN,26509,-22938,3571,3733,-4795,-1062,5826,-8335,-2509
2008-09-29T22:00:00Z,16.65,16.9,16.52,16.56,28463,-25306,3157,4639,-5229,-590,4898,-7465,-2567,NaN,NaN,NaN,NaN,NaN,28463,-25306,3157,4639,-5229,-590,4898,-7465,-2567
2008-09-30T22:00:00Z,16.56,16.75,16.48,16.56,28463,-25306,3157,4639,-5229,-590,4898,-7465,-2567,NaN,NaN,NaN,NaN,NaN,28463,-25306,3157,4639,-5229,-590,4898,-7465,-2567
2008-10-01T22:00:00Z,16.51,16.93,16.51,16.7,28463,-25306,3157,4639,-5229,-590,4898,-7465,-2567,NaN,NaN,NaN,NaN,NaN,28463,-25306,3157,4639,-5229,-590,4898,-7465,-2567
2008-10-02T22:00:00Z,16.7,16.8,16.66,16.7,28463,-25306,3157,4639,-5229,-590,4898,-7465,-2567,NaN,NaN,NaN,NaN,NaN,28463,-25306,3157,4639,-5229,-590,4898,-7465,-2567
2008-10-05T22:00:00Z,16.6,16.7,16.6,16.65,28463,-25306,3157,4639,-5229,-590,4898,-7465,-2567,NaN,NaN,NaN,NaN,NaN,28463,-25306,3157,4639,-5229,-590,4898,-7465,-2567
2008-10-06T22:00:00Z,16.8,16.9,16.65,16.81,26844,-22029,4815,3449,-4335,-886,4160,-8089,-3929,NaN,NaN,NaN,NaN,NaN,26844,-22029,4815,3449,-4335,-886,4160,-8089,-3929
2008-10-07T22:00:00Z,16.9,16.93,16.83,16.9,26844,-22029,4815,3449,-4335,-886,4160,-8089,-3929,NaN,NaN,NaN,NaN,NaN,26844,-22029,4815,3449,-4335,-886,4160,-8089,-3929
2008-10-08T22:00:00Z,16.9,17.1,16.88,17.03,26844,-22029,4815,3449,-4335,-886,4160,-8089,-3929,NaN,NaN,NaN,NaN,NaN,26844,-22029,4815,3449,-4335,-886,4160,-8089,-3929
2008-10-09T22:00:00Z,17,17,16.86,16.88,26844,-22029,4815,3449,-4335,-886,4160,-8089,-3929,NaN,NaN,NaN,NaN,NaN,26844,-22029,4815,3449,-4335,-886,4160,-8089,-3929
2008-10-12T22:00:00Z,16.88,16.95,16.85,16.89,26844,-22029,4815,3449,-4335,-886,4160,-8089,-3929,NaN,NaN,NaN,NaN,NaN,26844,-22029,4815,3449,-4335,-886,4160,-8089,-3929
2008-10-13T22:00:00Z,16.91,16.97,16.9,16.9,27633,-22234,5399,3786,-4619,-833,4080,-8646,-4566,NaN,NaN,NaN,NaN,NaN,27633,-22234,5399,3786,-4619,-833,4080,-8646,-4566
2008-10-14T22:00:00Z,16.96,16.98,16.9,16.9,27633,-22234,5399,3786,-4619,-833,4080,-8646,-4566,NaN,NaN,NaN,NaN,NaN,27633,-22234,5399,3786,-4619,-833,4080,-8646,-4566
2008-10-15T22:00:00Z,16.9,16.95,16.9,16.9,27633,-22234,5399,3786,-4619,-833,4080,-8646,-4566,NaN,NaN,NaN,NaN,NaN,27633,-22234,5399,3786,-4619,-833,4080,-8646,-4566
2008-10-16T22:00:00Z,16.97,16.98,16.95,16.95,27633,-22234,5399,3786,-4619,-833,4080,-8646,-4566,NaN,NaN,NaN,NaN,NaN,27633,-22234,5399,3786,-4619,-833,4080,-8646,-4566
2008-10-19T22:00:00Z,17.01,17.01,16.98,16.98,27633,-22234,5399,3786,-4619,-833,4080,-8646,-4566,NaN,NaN,NaN,NaN,NaN,27633,-22234,5399,3786,-4619,-833,4080,-8646,-4566
2008-10-20T22:00:00Z,16.98,16.98,16.98,16.98,29184,-22113,7071,3562,-5368,-1806,4214,-9479,-5265,NaN,NaN,NaN,NaN,NaN,29184,-22113,7071,3562,-5368,-1806,4214,-9479,-5265
2008-10-21T22:00:00Z,16.99,16.99,16.99,16.99,29184,-22113,7071,3562,-5368,-1806,4214,-9479,-5265,NaN,NaN,NaN,NaN,NaN,29184,-22113,7071,3562,-5368,-1806,4214,-9479,-5265
2008-10-22T22:00:00Z,16.99,16.99,16.99,16.99,29184,-22113,7071,3562,-5368,-1806,4214,-9479,-5265,NaN,NaN,NaN,NaN,NaN,29184,-22113,7071,3562,-5368,-1806,4214,-9479,-5265
2008-10-23T22:00:00Z,16.98,16.99,16.94,16.98,29184,-22113,7071,3562,-5368,-1806,4214,-9479,-5265,NaN,NaN,NaN,NaN,NaN,29184,-22113,7071,3562,-5368,-1806,4214,-9479,-5265
2008-10-26T22:00:00Z,15.57,15.6,15.49,15.5,29184,-22113,7071,3562,-5368,-1806,4214,-9479,-5265,NaN,NaN,NaN,NaN,NaN,29184,-22113,7071,3562,-5368,-1806,4214,-9479,-5265
2008-10-27T22:00:00Z,15.6,15.6,15.43,15.47,31702,-22495,9207,2824,-5915,-3091,4246,-10362,-6116,NaN,NaN,NaN,NaN,NaN,31702,-22495,9207,2824,-5915,-3091,4246,-10362,-6116
2008-10-28T22:00:00Z,15.55,15.6,15.54,15.54,31702,-22495,9207,2824,-5915,-3091,4246,-10362,-6116,NaN,NaN,NaN,NaN,NaN,31702,-22495,9207,2824,-5915,-3091,4246,-10362,-6116
2008-10-29T22:00:00Z,15.69,15.79,15.45,15.48,31702,-22495,9207,2824,-5915,-3091,4246,-10362,-6116,NaN,NaN,NaN,NaN,NaN,31702,-22495,9207,2824,-5915,-3091,4246,-10362,-6116
2008-10-30T22:00:00Z,15.45,15.5,15.3,15.46,31702,-22495,9207,2824,-5915,-3091,4246,-10362,-6116,NaN,NaN,NaN,NaN,NaN,31702,-22495,9207,2824,-5915,-3091,4246,-10362,-6116
2008-11-02T23:00:00Z,15.4,15.46,15.37,15.41,31702,-22495,9207,2824,-5915,-3091,4246,-10362,-6116,NaN,NaN,NaN,NaN,NaN,31702,-22495,9207,2824,-5915,-3091,4246,-10362,-6116
2008-11-03T23:00:00Z,15.39,15.43,15.37,15.37,28076,-19938,8138,3375,-5756,-2381,3217,-8974,-5757,NaN,NaN,NaN,NaN,NaN,28076,-19938,8138,3375,-5756,-2381,3217,-8974,-5757
2008-11-04T23:00:00Z,15.36,15.4,15.28,15.28,28076,-19938,8138,3375,-5756,-2381,3217,-8974,-5757,NaN,NaN,NaN,NaN,NaN,28076,-19938,8138,3375,-5756,-2381,3217,-8974,-5757
2008-11-05T23:00:00Z,15.31,15.38,15.24,15.26,28076,-19938,8138,3375,-5756,-2381,3217,-8974,-5757,NaN,NaN,NaN,NaN,NaN,28076,-19938,8138,3375,-5756,-2381,3217,-8974,-5757
2008-11-06T23:00:00Z,15.26,15.4,15.24,15.34,28076,-19938,8138,3375,-5756,-2381,3217,-8974,-5757,NaN,NaN,NaN,NaN,NaN,28076,-19938,8138,3375,-5756,-2381,3217,-8974,-5757
2008-11-09T23:00:00Z,15.4,15.6,15.4,15.51,28076,-19938,8138,3375,-5756,-2381,3217,-8974,-5757,NaN,NaN,NaN,NaN,NaN,28076,-19938,8138,3375,-5756,-2381,3217,-8974,-5757
2008-11-10T23:00:00Z,15.63,15.7,15.41,15.45,28844,-20506,8338,3524,-5487,-1963,3464,-9839,-6375,NaN,NaN,NaN,NaN,NaN,28844,-20506,8338,3524,-5487,-1963,3464,-9839,-6375
2008-11-11T23:00:00Z,15.5,15.55,15.45,15.45,28844,-20506,8338,3524,-5487,-1963,3464,-9839,-6375,NaN,NaN,NaN,NaN,NaN,28844,-20506,8338,3524,-5487,-1963,3464,-9839,-6375
2008-11-12T23:00:00Z,15.5,15.56,15.47,15.47,28844,-20506,8338,3524,-5487,-1963,3464,-9839,-6375,NaN,NaN,NaN,NaN,NaN,28844,-20506,8338,3524,-5487,-1963,3464,-9839,-6375
2008-11-13T23:00:00Z,15.54,15.6,15.51,15.55,28844,-20506,8338,3524,-5487,-1963,3464,-9839,-6375,NaN,NaN,NaN,NaN,NaN,28844,-20506,8338,3524,-5487,-1963,3464,-9839,-6375
2008-11-16T23:00:00Z,15.6,15.6,15.55,15.55,28844,-20506,8338,3524,-5487,-1963,3464,-9839,-6375,NaN,NaN,NaN,NaN,NaN,28844,-20506,8338,3524,-5487,-1963,3464,-9839,-6375
2008-11-17T23:00:00Z,15.6,15.63,15.54,15.55,28964,-20343,8621,3726,-5848,-2122,3335,-9834,-6499,NaN,NaN,NaN,NaN,NaN,28964,-20343,8621,3726,-5848,-2122,3335,-9834,-6499
2008-11-18T23:00:00Z,15.57,15.6,15.54,15.54,28964,-20343,8621,3726,-5848,-2122,3335,-9834,-6499,NaN,NaN,NaN,NaN,NaN,28964,-20343,8621,3726,-5848,-2122,3335,-9834,-6499
2008-11-19T23:00:00Z,15.52,15.56,15.52,15.54,28964,-20343,8621,3726,-5848,-2122,3335,-9834,-6499,NaN,NaN,NaN,NaN,NaN,28964,-20343,8621,3726,-5848,-2122,3335,-9834,-6499
2008-11-20T23:00:00Z,15.54,15.55,15.5,15.5,28964,-20343,8621,3726,-5848,-2122,3335,-9834,-6499,NaN,NaN,NaN,NaN,NaN,28964,-20343,8621,3726,-5848,-2122,3335,-9834,-6499
2008-11-23T23:00:00Z,15.56,15.59,15.51,15.51,28964,-20343,8621,3726,-5848,-2122,3335,-9834,-6499,NaN,NaN,NaN,NaN,NaN,28964,-20343,8621,3726,-5848,-2122,3335,-9834,-6499
2008-11-24T23:00:00Z,15.54,15.54,15.5,15.5,30572,-20244,10328,3404,-6201,-2797,2929,-10460,-7531,NaN,NaN,NaN,NaN,NaN,30572,-20244,10328,3404,-6201,-2797,2929,-10460,-7531
2008-11-25T23:00:00Z,15.5,15.52,15.5,15.5,30572,-20244,10328,3404,-6201,-2797,2929,-10460,-7531,NaN,NaN,NaN,NaN,NaN,30572,-20244,10328,3404,-6201,-2797,2929,-10460,-7531
2008-11-27T23:00:00Z,15.5,15.5,15.5,15.5,30572,-20244,10328,3404,-6201,-2797,2929,-10460,-7531,NaN,NaN,NaN,NaN,NaN,30572,-20244,10328,3404,-6201,-2797,2929,-10460,-7531
2008-11-30T23:00:00Z,14.96,15.4,14.96,15.31,30572,-20244,10328,3404,-6201,-2797,2929,-10460,-7531,NaN,NaN,NaN,NaN,NaN,30572,-20244,10328,3404,-6201,-2797,2929,-10460,-7531
2008-12-01T23:00:00Z,15.37,15.41,15.31,15.37,31013,-20013,11000,3417,-6297,-2880,2802,-10922,-8120,NaN,NaN,NaN,NaN,NaN,31013,-20013,11000,3417,-6297,-2880,2802,-10922,-8120
2008-12-02T23:00:00Z,15.4,15.66,15.25,15.3,31013,-20013,11000,3417,-6297,-2880,2802,-10922,-8120,NaN,NaN,NaN,NaN,NaN,31013,-20013,11000,3417,-6297,-2880,2802,-10922,-8120
2008-12-03T23:00:00Z,15.3,15.38,15.27,15.35,31013,-20013,11000,3417,-6297,-2880,2802,-10922,-8120,NaN,NaN,NaN,NaN,NaN,31013,-20013,11000,3417,-6297,-2880,2802,-10922,-8120
2008-12-04T23:00:00Z,15.32,15.4,15.3,15.33,31013,-20013,11000,3417,-6297,-2880,2802,-10922,-8120,NaN,NaN,NaN,NaN,NaN,31013,-20013,11000,3417,-6297,-2880,2802,-10922,-8120
2008-12-07T23:00:00Z,15.35,15.61,15.35,15.5,31013,-20013,11000,3417,-6297,-2880,2802,-10922,-8120,NaN,NaN,NaN,NaN,NaN,31013,-20013,11000,3417,-6297,-2880,2802,-10922,-8120
2008-12-08T23:00:00Z,15.55,15.57,15.48,15.48,27706,-18615,9091,3349,-5414,-2065,2452,-9478,-7026,NaN,NaN,NaN,NaN,NaN,27706,-18615,9091,3349,-5414,-2065,2452,-9478,-7026
2008-12-09T23:00:00Z,15.48,15.49,15.4,15.44,27706,-18615,9091,3349,-5414,-2065,2452,-9478,-7026,NaN,NaN,NaN,NaN,NaN,27706,-18615,9091,3349,-5414,-2065,2452,-9478,-7026
2008-12-10T23:00:00Z,15.47,15.48,15.16,15.18,27706,-18615,9091,3349,-5414,-2065,2452,-9478,-7026,NaN,NaN,NaN,NaN,NaN,27706,-18615,9091,3349,-5414,-2065,2452,-9478,-7026
2008-12-11T23:00:00Z,15.17,15.17,15.07,15.11,27706,-18615,9091,3349,-5414,-2065,2452,-9478,-7026,NaN,NaN,NaN,NaN,NaN,27706,-18615,9091,3349,-5414,-2065,2452,-9478,-7026
2008-12-14T23:00:00Z,15.12,15.2,15.08,15.15,27706,-18615,9091,3349,-5414,-2065,2452,-9478,-7026,NaN,NaN,NaN,NaN,NaN,27706,-18615,9091,3349,-5414,-2065,2452,-9478,-7026
2008-12-15T23:00:00Z,15.18,15.22,15.17,15.18,29973,-19684,10289,3225,-5969,-2744,2558,-10103,-7545,NaN,NaN,NaN,NaN,NaN,29973,-19684,10289,3225,-5969,-2744,2558,-10103,-7545
2008-12-16T23:00:00Z,15.17,15.18,15.13,15.16,29973,-19684,10289,3225,-5969,-2744,2558,-10103,-7545,NaN,NaN,NaN,NaN,NaN,29973,-19684,10289,3225,-5969,-2744,2558,-10103,-7545
2008-12-17T23:00:00Z,15.16,15.18,15.06,15.08,29973,-19684,10289,3225,-5969,-2744,2558,-10103,-7545,NaN,NaN,NaN,NaN,NaN,29973,-19684,10289,3225,-5969,-2744,2558,-10103,-7545
2008-12-18T23:00:00Z,15.08,15.16,15.02,15.02,29973,-19684,10289,3225,-5969,-2744,2558,-10103,-7545,NaN,NaN,NaN,NaN,NaN,29973,-19684,10289,3225,-5969,-2744,2558,-10103,-7545
2008-12-21T23:00:00Z,15.05,15.1,14.95,15.07,30477,-19637,10840,3286,-6202,-2916,2632,-10556,-7924,NaN,NaN,NaN,NaN,NaN,30477,-19637,10840,3286,-6202,-2916,2632,-10556,-7924
2008-12-22T23:00:00Z,15.12,15.12,15.08,15.08,30477,-19637,10840,3286,-6202,-2916,2632,-10556,-7924,NaN,NaN,NaN,NaN,NaN,30477,-19637,10840,3286,-6202,-2916,2632,-10556,-7924
2008-12-23T23:00:00Z,14.95,14.97,14.95,14.97,30477,-19637,10840,3286,-6202,-2916,2632,-10556,-7924,NaN,NaN,NaN,NaN,NaN,30477,-19637,10840,3286,-6202,-2916,2632,-10556,-7924
2008-12-25T23:00:00Z,11.56,11.56,11.56,11.56,30477,-19637,10840,3286,-6202,-2916,2632,-10556,-7924,NaN,NaN,NaN,NaN,NaN,30477,-19637,10840,3286,-6202,-2916,2632,-10556,-7924
2008-12-28T23:00:00Z,11.57,11.58,11.5,11.55,30477,-19637,10840,3286,-6202,-2916,2632,-10556,-7924,NaN,NaN,NaN,NaN,NaN,30477,-19637,10840,3286,-6202,-2916,2632,-10556,-7924
2008-12-29T23:00:00Z,11.5,11.53,10.94,11.01,30955,-19658,11297,3209,-7034,-3825,2627,-10099,-7472,NaN,NaN,NaN,NaN,NaN,30955,-19658,11297,3209,-7034,-3825,2627,-10099,-7472
2008-12-30T23:00:00Z,10.91,10.91,10.65,10.8,30955,-19658,11297,3209,-7034,-3825,2627,-10099,-7472,NaN,NaN,NaN,NaN,NaN,30955,-19658,11297,3209,-7034,-3825,2627,-10099,-7472
2009-01-01T23:00:00Z,10.8,10.8,10.8,10.8,30955,-19658,11297,3209,-7034,-3825,2627,-10099,-7472,NaN,NaN,NaN,NaN,NaN,30955,-19658,11297,3209,-7034,-3825,2627,-10099,-7472
2009-01-04T23:00:00Z,10.95,10.97,10.75,10.97,30955,-19658,11297,3209,-7034,-3825,2627,-10099,-7472,NaN,NaN,NaN,NaN,NaN,30955,-19658,11297,3209,-7034,-3825,2627,-10099,-7472
2009-01-05T23:00:00Z,11.1,11.1,10.9,10.99,27954,-16897,11057,3233,-5247,-2014,2448,-11491,-9043,NaN,NaN,NaN,NaN,NaN,27954,-16897,11057,3233,-5247,-2014,2448,-11491,-9043
2009-01-06T23:00:00Z,10.95,10.95,10.79,10.83,27954,-16897,11057,3233,-5247,-2014,2448,-11491,-9043,NaN,NaN,NaN,NaN,NaN,27954,-16897,11057,3233,-5247,-2014,2448,-11491,-9043
2009-01-07T23:00:00Z,10.8,10.98,10.8,10.95,27954,-16897,11057,3233,-5247,-2014,2448,-11491,-9043,NaN,NaN,NaN,NaN,NaN,27954,-16897,11057,3233,-5247,-2014,2448,-11491,-9043
2009-01-08T23:00:00Z,10.94,10.97,10.75,10.88,27954,-16897,11057,3233,-5247,-2014,2448,-11491,-9043,NaN,NaN,NaN,NaN,NaN,27954,-16897,11057,3233,-5247,-2014,2448,-11491,-9043
2009-01-11T23:00:00Z,10.86,10.89,10.84,10.84,27954,-16897,11057,3233,-5247,-2014,2448,-11491,-9043,NaN,NaN,NaN,NaN,NaN,27954,-16897,11057,3233,-5247,-2014,2448,-11491,-9043
2009-01-12T23:00:00Z,10.85,10.85,10.73,10.76,29268,-18538,10730,3437,-5911,-2474,2694,-10950,-8256,NaN,NaN,NaN,NaN,NaN,29268,-18538,10730,3437,-5911,-2474,2694,-10950,-8256
2009-01-13T23:00:00Z,10.72,10.73,10.72,10.72,29268,-18538,10730,3437,-5911,-2474,2694,-10950,-8256,NaN,NaN,NaN,NaN,NaN,29268,-18538,10730,3437,-5911,-2474,2694,-10950,-8256
2009-01-14T23:00:00Z,10.72,10.72,10.65,10.68,29268,-18538,10730,3437,-5911,-2474,2694,-10950,-8256,NaN,NaN,NaN,NaN,NaN,29268,-18538,10730,3437,-5911,-2474,2694,-10950,-8256
2009-01-15T23:00:00Z,10.65,10.74,10.65,10.67,29268,-18538,10730,3437,-5911,-2474,2694,-10950,-8256,NaN,NaN,NaN,NaN,NaN,29268,-18538,10730,3437,-5911,-2474,2694,-10950,-8256
2009-01-18T23:00:00Z,10.65,10.71,10.62,10.65,30352,-18641,11711,3539,-6717,-3178,2728,-11261,-8533,NaN,NaN,NaN,NaN,NaN,30352,-18641,11711,3539,-6717,-3178,2728,-11261,-8533
2009-01-20T23:00:00Z,10.65,10.71,10.62,10.65,30352,-18641,11711,3539,-6717,-3178,2728,-11261,-8533,NaN,NaN,NaN,NaN,NaN,30352,-18641,11711,3539,-6717,-3178,2728,-11261,-8533
2009-01-22T23:00:00Z,10.72,10.8,10.71,10.78,30352,-18641,11711,3539,-6717,-3178,2728,-11261,-8533,NaN,NaN,NaN,NaN,NaN,30352,-18641,11711,3539,-6717,-3178,2728,-11261,-8533
2009-01-25T23:00:00Z,9.45,9.61,9.31,9.36,30352,-18641,11711,3539,-6717,-3178,2728,-11261,-8533,NaN,NaN,NaN,NaN,NaN,30352,-18641,11711,3539,-6717,-3178,2728,-11261,-8533
2009-01-28T23:00:00Z,9.54,9.6,9.5,9.55,30268,-19124,11144,3561,-7664,-4103,3157,-10198,-7041,NaN,NaN,NaN,NaN,NaN,30268,-19124,11144,3561,-7664,-4103,3157,-10198,-7041
2009-01-29T23:00:00Z,9.62,9.62,9.43,9.45,30268,-19124,11144,3561,-7664,-4103,3157,-10198,-7041,NaN,NaN,NaN,NaN,NaN,30268,-19124,11144,3561,-7664,-4103,3157,-10198,-7041
2009-02-01T23:00:00Z,9.43,9.44,9.33,9.34,30268,-19124,11144,3561,-7664,-4103,3157,-10198,-7041,NaN,NaN,NaN,NaN,NaN,30268,-19124,11144,3561,-7664,-4103,3157,-10198,-7041
2009-02-02T23:00:00Z,9.33,9.36,9.24,9.3,27506,-17811,9695,3739,-7251,-3512,3085,-9268,-6183,NaN,NaN,NaN,NaN,NaN,27506,-17811,9695,3739,-7251,-3512,3085,-9268,-6183
2009-02-03T23:00:00Z,9.34,9.38,9.32,9.32,27506,-17811,9695,3739,-7251,-3512,3085,-9268,-6183,NaN,NaN,NaN,NaN,NaN,27506,-17811,9695,3739,-7251,-3512,3085,-9268,-6183
2009-02-04T23:00:00Z,9.35,9.36,9.28,9.29,27506,-17811,9695,3739,-7251,-3512,3085,-9268,-6183,NaN,NaN,NaN,NaN,NaN,27506,-17811,9695,3739,-7251,-3512,3085,-9268,-6183
2009-02-05T23:00:00Z,9.28,9.32,9.24,9.26,27506,-17811,9695,3739,-7251,-3512,3085,-9268,-6183,NaN,NaN,NaN,NaN,NaN,27506,-17811,9695,3739,-7251,-3512,3085,-9268,-6183
2009-02-08T23:00:00Z,9.33,9.35,9.3,9.3,27506,-17811,9695,3739,-7251,-3512,3085,-9268,-6183,NaN,NaN,NaN,NaN,NaN,27506,-17811,9695,3739,-7251,-3512,3085,-9268,-6183
2009-02-09T23:00:00Z,9.3,9.34,9.29,9.3,28344,-18686,9658,3720,-7695,-3975,3179,-8862,-5683,NaN,NaN,NaN,NaN,NaN,28344,-18686,9658,3720,-7695,-3975,3179,-8862,-5683
2009-02-10T23:00:00Z,9.35,9.35,9.3,9.32,28344,-18686,9658,3720,-7695,-3975,3179,-8862,-5683,NaN,NaN,NaN,NaN,NaN,28344,-18686,9658,3720,-7695,-3975,3179,-8862,-5683
2009-02-11T23:00:00Z,9.35,9.38,9.32,9.33,28344,-18686,9658,3720,-7695,-3975,3179,-8862,-5683,NaN,NaN,NaN,NaN,NaN,28344,-18686,9658,3720,-7695,-3975,3179,-8862,-5683
2009-02-12T23:00:00Z,9.3,9.31,9.27,9.27,28344,-18686,9658,3720,-7695,-3975,3179,-8862,-5683,NaN,NaN,NaN,NaN,NaN,28344,-18686,9658,3720,-7695,-3975,3179,-8862,-5683
2009-02-15T23:00:00Z,9.27,9.29,9.26,9.27,28545,-18705,9840,3733,-7755,-4022,3298,-9116,-5818,NaN,NaN,NaN,NaN,NaN,28545,-18705,9840,3733,-7755,-4022,3298,-9116,-5818
2009-02-17T23:00:00Z,9.27,9.3,9.27,9.27,28545,-18705,9840,3733,-7755,-4022,3298,-9116,-5818,NaN,NaN,NaN,NaN,NaN,28545,-18705,9840,3733,-7755,-4022,3298,-9116,-5818
2009-02-18T23:00:00Z,9.29,9.3,9.26,9.28,28545,-18705,9840,3733,-7755,-4022,3298,-9116,-5818,NaN,NaN,NaN,NaN,NaN,28545,-18705,9840,3733,-7755,-4022,3298,-9116,-5818
2009-02-19T23:00:00Z,9.27,9.31,9.27,9.28,28545,-18705,9840,3733,-7755,-4022,3298,-9116,-5818,NaN,NaN,NaN,NaN,NaN,28545,-18705,9840,3733,-7755,-4022,3298,-9116,-5818
2009-02-22T23:00:00Z,10.42,10.42,10.22,10.23,28545,-18705,9840,3733,-7755,-4022,3298,-9116,-5818,NaN,NaN,NaN,NaN,NaN,28545,-18705,9840,3733,-7755,-4022,3298,-9116,-5818
2009-02-23T23:00:00Z,10.2,10.35,10.1,10.24,29141,-18943,10198,2953,-8047,-5094,3724,-8828,-5104,NaN,NaN,NaN,NaN,NaN,29141,-18943,10198,2953,-8047,-5094,3724,-8828,-5104
2009-02-24T23:00:00Z,10.24,10.25,10.15,10.19,29141,-18943,10198,2953,-8047,-5094,3724,-8828,-5104,NaN,NaN,NaN,NaN,NaN,29141,-18943,10198,2953,-8047,-5094,3724,-8828,-5104
2009-02-25T23:00:00Z,10.2,10.28,10.16,10.27,29141,-18943,10198,2953,-8047,-5094,3724,-8828,-5104,NaN,NaN,NaN,NaN,NaN,29141,-18943,10198,2953,-8047,-5094,3724,-8828,-5104
2009-02-26T23:00:00Z,10.26,10.3,10.16,10.23,29141,-18943,10198,2953,-8047,-5094,3724,-8828,-5104,NaN,NaN,NaN,NaN,NaN,29141,-18943,10198,2953,-8047,-5094,3724,-8828,-5104
2009-03-01T23:00:00Z,10.2,10.3,10.2,10.27,29141,-18943,10198,2953,-8047,-5094,3724,-8828,-5104,NaN,NaN,NaN,NaN,NaN,29141,-18943,10198,2953,-8047,-5094,3724,-8828,-5104
2009-03-02T23:00:00Z,10.32,10.32,10.2,10.2,25647,-17275,8372,3063,-6418,-3355,3305,-8322,-5017,NaN,NaN,NaN,NaN,NaN,25647,-17275,8372,3063,-6418,-3355,3305,-8322,-5017
2009-03-03T23:00:00Z,10.2,10.28,10.18,10.2,25647,-17275,8372,3063,-6418,-3355,3305,-8322,-5017,NaN,NaN,NaN,NaN,NaN,25647,-17275,8372,3063,-6418,-3355,3305,-8322,-5017
2009-03-04T23:00:00Z,10.2,10.26,10.2,10.21,25647,-17275,8372,3063,-6418,-3355,3305,-8322,-5017,NaN,NaN,NaN,NaN,NaN,25647,-17275,8372,3063,-6418,-3355,3305,-8322,-5017
2009-03-05T23:00:00Z,10.2,10.35,10.19,10.22,25647,-17275,8372,3063,-6418,-3355,3305,-8322,-5017,NaN,NaN,NaN,NaN,NaN,25647,-17275,8372,3063,-6418,-3355,3305,-8322,-5017
2009-03-08T22:00:00Z,10.22,10.3,10.22,10.29,25647,-17275,8372,3063,-6418,-3355,3305,-8322,-5017,NaN,NaN,NaN,NaN,NaN,25647,-17275,8372,3063,-6418,-3355,3305,-8322,-5017
2009-03-09T22:00:00Z,10.27,10.34,10.21,10.22,26309,-16860,9449,2867,-7158,-4291,2916,-8074,-5158,NaN,NaN,NaN,NaN,NaN,26309,-16860,9449,2867,-7158,-4291,2916,-8074,-5158
2009-03-10T22:00:00Z,10.27,10.27,10.22,10.22,26309,-16860,9449,2867,-7158,-4291,2916,-8074,-5158,NaN,NaN,NaN,NaN,NaN,26309,-16860,9449,2867,-7158,-4291,2916,-8074,-5158
2009-03-11T22:00:00Z,10.22,10.31,10.22,10.27,26309,-16860,9449,2867,-7158,-4291,2916,-8074,-5158,NaN,NaN,NaN,NaN,NaN,26309,-16860,9449,2867,-7158,-4291,2916,-8074,-5158
2009-03-12T22:00:00Z,10.38,10.38,10.3,10.31,26309,-16860,9449,2867,-7158,-4291,2916,-8074,-5158,NaN,NaN,NaN,NaN,NaN,26309,-16860,9449,2867,-7158,-4291,2916,-8074,-5158
2009-03-15T22:00:00Z,10.34,10.44,10.34,10.37,26309,-16860,9449,2867,-7158,-4291,2916,-8074,-5158,NaN,NaN,NaN,NaN,NaN,26309,-16860,9449,2867,-7158,-4291,2916,-8074,-5158
2009-03-16T22:00:00Z,10.35,10.46,10.35,10.42,26533,-17263,9270,3137,-7786,-4649,3130,-7751,-4621,NaN,NaN,NaN,NaN,NaN,26533,-17263,9270,3137,-7786,-4649,3130,-7751,-4621
2009-03-17T22:00:00Z,10.52,10.52,10.38,10.4,26533,-17263,9270,3137,-7786,-4649,3130,-7751,-4621,NaN,NaN,NaN,NaN,NaN,26533,-17263,9270,3137,-7786,-4649,3130,-7751,-4621
2009-03-18T22:00:00Z,10.45,10.66,10.45,10.55,26533,-17263,9270,3137,-7786,-4649,3130,-7751,-4621,NaN,NaN,NaN,NaN,NaN,26533,-17263,9270,3137,-7786,-4649,3130,-7751,-4621
2009-03-19T22:00:00Z,10.55,10.56,10.5,10.51,26533,-17263,9270,3137,-7786,-4649,3130,-7751,-4621,NaN,NaN,NaN,NaN,NaN,26533,-17263,9270,3137,-7786,-4649,3130,-7751,-4621
2009-03-22T22:00:00Z,10.52,10.52,10.48,10.48,26533,-17263,9270,3137,-7786,-4649,3130,-7751,-4621,NaN,NaN,NaN,NaN,NaN,26533,-17263,9270,3137,-7786,-4649,3130,-7751,-4621
2009-03-23T22:00:00Z,10.48,10.49,10.46,10.47,26583,-17623,8960,2709,-7558,-4849,3581,-7692,-4111,NaN,NaN,NaN,NaN,NaN,26583,-17623,8960,2709,-7558,-4849,3581,-7692,-4111
2009-03-24T22:00:00Z,10.48,10.48,10.45,10.45,26583,-17623,8960,2709,-7558,-4849,3581,-7692,-4111,NaN,NaN,NaN,NaN,NaN,26583,-17623,8960,2709,-7558,-4849,3581,-7692,-4111
2009-03-25T22:00:00Z,10.51,10.51,10.44,10.45,26583,-17623,8960,2709,-7558,-4849,3581,-7692,-4111,NaN,NaN,NaN,NaN,NaN,26583,-17623,8960,2709,-7558,-4849,3581,-7692,-4111
2009-03-26T22:00:00Z,10.46,10.46,10.46,10.46,26583,-17623,8960,2709,-7558,-4849,3581,-7692,-4111,NaN,NaN,NaN,NaN,NaN,26583,-17623,8960,2709,-7558,-4849,3581,-7692,-4111
2009-03-29T22:00:00Z,11.7,11.7,11.25,11.3,26583,-17623,8960,2709,-7558,-4849,3581,-7692,-4111,NaN,NaN,NaN,NaN,NaN,26583,-17623,8960,2709,-7558,-4849,3581,-7692,-4111
2009-03-30T22:00:00Z,11.25,11.35,11.23,11.28,26694,-18182,8512,2974,-7012,-4038,2981,-7455,-4474,NaN,NaN,NaN,NaN,NaN,26694,-18182,8512,2974,-7012,-4038,2981,-7455,-4474
2009-03-31T22:00:00Z,11.28,11.36,11.05,11.12,26694,-18182,8512,2974,-7012,-4038,2981,-7455,-4474,NaN,NaN,NaN,NaN,NaN,26694,-18182,8512,2974,-7012,-4038,2981,-7455,-4474
2009-04-01T22:00:00Z,11.12,11.14,10.99,11.01,26694,-18182,8512,2974,-7012,-4038,2981,-7455,-4474,NaN,NaN,NaN,NaN,NaN,26694,-18182,8512,2974,-7012,-4038,2981,-7455,-4474
2009-04-02T22:00:00Z,11.01,11.05,10.96,11.03,26694,-18182,8512,2974,-7012,-4038,2981,-7455,-4474,NaN,NaN,NaN,NaN,NaN,26694,-18182,8512,2974,-7012,-4038,2981,-7455,-4474
2009-04-05T22:00:00Z,11,11.04,10.98,10.98,26694,-18182,8512,2974,-7012,-4038,2981,-7455,-4474,NaN,NaN,NaN,NaN,NaN,26694,-18182,8512,2974,-7012,-4038,2981,-7455,-4474
2009-04-06T22:00:00Z,10.97,11,10.81,10.81,22982,-16404,6578,2962,-5310,-2348,2857,-7087,-4230,NaN,NaN,NaN,NaN,NaN,22982,-16404,6578,2962,-5310,-2348,2857,-7087,-4230
2009-04-07T22:00:00Z,10.86,10.9,10.81,10.81,22982,-16404,6578,2962,-5310,-2348,2857,-7087,-4230,NaN,NaN,NaN,NaN,NaN,22982,-16404,6578,2962,-5310,-2348,2857,-7087,-4230
2009-04-08T22:00:00Z,10.8,10.85,10.76,10.78,22982,-16404,6578,2962,-5310,-2348,2857,-7087,-4230,NaN,NaN,NaN,NaN,NaN,22982,-16404,6578,2962,-5310,-2348,2857,-7087,-4230
2009-04-12T22:00:00Z,10.76,10.76,10.76,10.76,22982,-16404,6578,2962,-5310,-2348,2857,-7087,-4230,NaN,NaN,NaN,NaN,NaN,22982,-16404,6578,2962,-5310,-2348,2857,-7087,-4230
2009-04-13T22:00:00Z,10.76,10.78,10.73,10.74,23263,-16646,6617,3107,-5391,-2284,2809,-7142,-4333,NaN,NaN,NaN,NaN,NaN,23263,-16646,6617,3107,-5391,-2284,2809,-7142,-4333
2009-04-14T22:00:00Z,10.77,10.8,10.75,10.75,23263,-16646,6617,3107,-5391,-2284,2809,-7142,-4333,NaN,NaN,NaN,NaN,NaN,23263,-16646,6617,3107,-5391,-2284,2809,-7142,-4333
2009-04-15T22:00:00Z,10.8,10.8,10.76,10.76,23263,-16646,6617,3107,-5391,-2284,2809,-7142,-4333,NaN,NaN,NaN,NaN,NaN,23263,-16646,6617,3107,-5391,-2284,2809,-7142,-4333
2009-04-16T22:00:00Z,10.75,10.82,10.75,10.76,23263,-16646,6617,3107,-5391,-2284,2809,-7142,-4333,NaN,NaN,NaN,NaN,NaN,23263,-16646,6617,3107,-5391,-2284,2809,-7142,-4333
2009-04-19T22:00:00Z,10.76,10.82,10.76,10.76,23263,-16646,6617,3107,-5391,-2284,2809,-7142,-4333,NaN,NaN,NaN,NaN,NaN,23263,-16646,6617,3107,-5391,-2284,2809,-7142,-4333
2009-04-20T22:00:00Z,10.76,10.76,10.76,10.76,24111,-16705,7406,2769,-5855,-3086,2656,-6976,-4320,NaN,NaN,NaN,NaN,NaN,24111,-16705,7406,2769,-5855,-3086,2656,-6976,-4320
2009-04-21T22:00:00Z,10.81,10.83,10.76,10.76,24111,-16705,7406,2769,-5855,-3086,2656,-6976,-4320,NaN,NaN,NaN,NaN,NaN,24111,-16705,7406,2769,-5855,-3086,2656,-6976,-4320
2009-04-22T22:00:00Z,10.8,10.8,10.77,10.77,24111,-16705,7406,2769,-5855,-3086,2656,-6976,-4320,NaN,NaN,NaN,NaN,NaN,24111,-16705,7406,2769,-5855,-3086,2656,-6976,-4320
2009-04-23T22:00:00Z,10.8,10.8,10.78,10.78,24111,-16705,7406,2769,-5855,-3086,2656,-6976,-4320,NaN,NaN,NaN,NaN,NaN,24111,-16705,7406,2769,-5855,-3086,2656,-6976,-4320
2009-04-26T22:00:00Z,10.13,10.17,10.05,10.13,24111,-16705,7406,2769,-5855,-3086,2656,-6976,-4320,NaN,NaN,NaN,NaN,NaN,24111,-16705,7406,2769,-5855,-3086,2656,-6976,-4320
2009-04-27T22:00:00Z,10.01,10.1,10.01,10.04,24530,-16993,7537,2806,-5640,-2834,2851,-7554,-4703,NaN,NaN,NaN,NaN,NaN,24530,-16993,7537,2806,-5640,-2834,2851,-7554,-4703
2009-04-28T22:00:00Z,10.03,10.13,10.02,10.1,24530,-16993,7537,2806,-5640,-2834,2851,-7554,-4703,NaN,NaN,NaN,NaN,NaN,24530,-16993,7537,2806,-5640,-2834,2851,-7554,-4703
2009-04-29T22:00:00Z,10.1,10.1,10.04,10.08,24530,-16993,7537,2806,-5640,-2834,2851,-7554,-4703,NaN,NaN,NaN,NaN,NaN,24530,-16993,7537,2806,-5640,-2834,2851,-7554,-4703
2009-04-30T22:00:00Z,10.06,10.09,9.94,9.94,24530,-16993,7537,2806,-5640,-2834,2851,-7554,-4703,NaN,NaN,NaN,NaN,NaN,24530,-16993,7537,2806,-5640,-2834,2851,-7554,-4703
2009-05-03T22:00:00Z,9.91,9.97,9.75,9.83,24530,-16993,7537,2806,-5640,-2834,2851,-7554,-4703,NaN,NaN,NaN,NaN,NaN,24530,-16993,7537,2806,-5640,-2834,2851,-7554,-4703
2009-05-04T22:00:00Z,9.8,9.88,9.8,9.85,21035,-15393,5642,2694,-4145,-1451,2578,-6769,-4191,NaN,NaN,NaN,NaN,NaN,21035,-15393,5642,2694,-4145,-1451,2578,-6769,-4191
2009-05-05T22:00:00Z,9.86,9.86,9.78,9.81,21035,-15393,5642,2694,-4145,-1451,2578,-6769,-4191,NaN,NaN,NaN,NaN,NaN,21035,-15393,5642,2694,-4145,-1451,2578,-6769,-4191
2009-05-06T22:00:00Z,9.84,9.89,9.81,9.81,21035,-15393,5642,2694,-4145,-1451,2578,-6769,-4191,NaN,NaN,NaN,NaN,NaN,21035,-15393,5642,2694,-4145,-1451,2578,-6769,-4191
2009-05-07T22:00:00Z,9.8,9.83,9.76,9.77,21035,-15393,5642,2694,-4145,-1451,2578,-6769,-4191,NaN,NaN,NaN,NaN,NaN,21035,-15393,5642,2694,-4145,-1451,2578,-6769,-4191
2009-05-10T22:00:00Z,9.77,9.8,9.75,9.78,21035,-15393,5642,2694,-4145,-1451,2578,-6769,-4191,NaN,NaN,NaN,NaN,NaN,21035,-15393,5642,2694,-4145,-1451,2578,-6769,-4191
2009-05-11T22:00:00Z,9.79,9.83,9.76,9.78,21778,-16002,5776,2366,-5040,-2674,2924,-6026,-3102,NaN,NaN,NaN,NaN,NaN,21778,-16002,5776,2366,-5040,-2674,2924,-6026,-3102
2009-05-12T22:00:00Z,9.8,9.85,9.77,9.83,21778,-16002,5776,2366,-5040,-2674,2924,-6026,-3102,NaN,NaN,NaN,NaN,NaN,21778,-16002,5776,2366,-5040,-2674,2924,-6026,-3102
2009-05-13T22:00:00Z,9.81,9.88,9.79,9.82,21778,-16002,5776,2366,-5040,-2674,2924,-6026,-3102,NaN,NaN,NaN,NaN,NaN,21778,-16002,5776,2366,-5040,-2674,2924,-6026,-3102
2009-05-14T22:00:00Z,9.82,9.87,9.78,9.83,21778,-16002,5776,2366,-5040,-2674,2924,-6026,-3102,NaN,NaN,NaN,NaN,NaN,21778,-16002,5776,2366,-5040,-2674,2924,-6026,-3102
2009-05-17T22:00:00Z,9.84,9.87,9.83,9.83,21778,-16002,5776,2366,-5040,-2674,2924,-6026,-3102,NaN,NaN,NaN,NaN,NaN,21778,-16002,5776,2366,-5040,-2674,2924,-6026,-3102
2009-05-18T22:00:00Z,9.86,9.87,9.82,9.82,22418,-16212,6206,2251,-5401,-3150,3050,-6106,-3056,NaN,NaN,NaN,NaN,NaN,22418,-16212,6206,2251,-5401,-3150,3050,-6106,-3056
2009-05-19T22:00:00Z,9.85,9.85,9.82,9.82,22418,-16212,6206,2251,-5401,-3150,3050,-6106,-3056,NaN,NaN,NaN,NaN,NaN,22418,-16212,6206,2251,-5401,-3150,3050,-6106,-3056
2009-05-20T22:00:00Z,9.82,9.89,9.8,9.8,22418,-16212,6206,2251,-5401,-3150,3050,-6106,-3056,NaN,NaN,NaN,NaN,NaN,22418,-16212,6206,2251,-5401,-3150,3050,-6106,-3056
2009-05-21T22:00:00Z,9.84,9.84,9.82,9.82,22418,-16212,6206,2251,-5401,-3150,3050,-6106,-3056,NaN,NaN,NaN,NaN,NaN,22418,-16212,6206,2251,-5401,-3150,3050,-6106,-3056
2009-05-24T22:00:00Z,9.84,9.86,9.82,9.83,23252,-16382,6870,1815,-5713,-3898,3498,-6470,-2972,NaN,NaN,NaN,NaN,NaN,23252,-16382,6870,1815,-5713,-3898,3498,-6470,-2972
2009-05-26T22:00:00Z,9.84,9.86,9.82,9.84,23252,-16382,6870,1815,-5713,-3898,3498,-6470,-2972,NaN,NaN,NaN,NaN,NaN,23252,-16382,6870,1815,-5713,-3898,3498,-6470,-2972
2009-05-27T22:00:00Z,9.84,9.84,9.83,9.83,23252,-16382,6870,1815,-5713,-3898,3498,-6470,-2972,NaN,NaN,NaN,NaN,NaN,23252,-16382,6870,1815,-5713,-3898,3498,-6470,-2972
2009-05-28T22:00:00Z,9.86,9.88,9.83,9.83,23252,-16382,6870,1815,-5713,-3898,3498,-6470,-2972,NaN,NaN,NaN,NaN,NaN,23252,-16382,6870,1815,-5713,-3898,3498,-6470,-2972
2009-05-31T22:00:00Z,10.19,10.25,10.12,10.23,23252,-16382,6870,1815,-5713,-3898,3498,-6470,-2972,NaN,NaN,NaN,NaN,NaN,23252,-16382,6870,1815,-5713,-3898,3498,-6470,-2972
2009-06-01T22:00:00Z,10.18,10.31,10.12,10.12,23699,-17200,6499,1777,-5885,-4108,3926,-6317,-2391,NaN,NaN,NaN,NaN,NaN,23699,-17200,6499,1777,-5885,-4108,3926,-6317,-2391
2009-06-02T22:00:00Z,10.12,10.15,10.02,10.06,23699,-17200,6499,1777,-5885,-4108,3926,-6317,-2391,NaN,NaN,NaN,NaN,NaN,23699,-17200,6499,1777,-5885,-4108,3926,-6317,-2391
2009-06-03T22:00:00Z,10.03,10.06,9.95,9.95,23699,-17200,6499,1777,-5885,-4108,3926,-6317,-2391,NaN,NaN,NaN,NaN,NaN,23699,-17200,6499,1777,-5885,-4108,3926,-6317,-2391
2009-06-04T22:00:00Z,9.99,9.99,9.87,9.89,23699,-17200,6499,1777,-5885,-4108,3926,-6317,-2391,NaN,NaN,NaN,NaN,NaN,23699,-17200,6499,1777,-5885,-4108,3926,-6317,-2391
2009-06-07T22:00:00Z,9.94,9.96,9.92,9.92,23699,-17200,6499,1777,-5885,-4108,3926,-6317,-2391,NaN,NaN,NaN,NaN,NaN,23699,-17200,6499,1777,-5885,-4108,3926,-6317,-2391
2009-06-08T22:00:00Z,9.96,9.96,9.89,9.91,20055,-15263,4792,2321,-4797,-2476,3224,-5540,-2316,NaN,NaN,NaN,NaN,NaN,20055,-15263,4792,2321,-4797,-2476,3224,-5540,-2316
2009-06-09T22:00:00Z,9.91,9.93,9.87,9.89,20055,-15263,4792,2321,-4797,-2476,3224,-5540,-2316,NaN,NaN,NaN,NaN,NaN,20055,-15263,4792,2321,-4797,-2476,3224,-5540,-2316
2009-06-10T22:00:00Z,9.88,9.94,9.87,9.88,20055,-15263,4792,2321,-4797,-2476,3224,-5540,-2316,NaN,NaN,NaN,NaN,NaN,20055,-15263,4792,2321,-4797,-2476,3224,-5540,-2316
2009-06-11T22:00:00Z,9.92,10.04,9.9,9.91,20055,-15263,4792,2321,-4797,-2476,3224,-5540,-2316,NaN,NaN,NaN,NaN,NaN,20055,-15263,4792,2321,-4797,-2476,3224,-5540,-2316
2009-06-14T22:00:00Z,9.91,9.97,9.91,9.91,20055,-15263,4792,2321,-4797,-2476,3224,-5540,-2316,NaN,NaN,NaN,NaN,NaN,20055,-15263,4792,2321,-4797,-2476,3224,-5540,-2316
2009-06-15T22:00:00Z,9.93,9.93,9.88,9.89,20610,-15795,4815,2749,-5039,-2290,2758,-5283,-2525,NaN,NaN,NaN,NaN,NaN,20610,-15795,4815,2749,-5039,-2290,2758,-5283,-2525
2009-06-16T22:00:00Z,9.91,9.95,9.88,9.88,20610,-15795,4815,2749,-5039,-2290,2758,-5283,-2525,NaN,NaN,NaN,NaN,NaN,20610,-15795,4815,2749,-5039,-2290,2758,-5283,-2525
2009-06-17T22:00:00Z,9.91,9.97,9.88,9.89,20610,-15795,4815,2749,-5039,-2290,2758,-5283,-2525,NaN,NaN,NaN,NaN,NaN,20610,-15795,4815,2749,-5039,-2290,2758,-5283,-2525
2009-06-18T22:00:00Z,9.92,9.98,9.92,9.93,20610,-15795,4815,2749,-5039,-2290,2758,-5283,-2525,NaN,NaN,NaN,NaN,NaN,20610,-15795,4815,2749,-5039,-2290,2758,-5283,-2525
2009-06-21T22:00:00Z,9.95,9.99,9.93,9.94,20610,-15795,4815,2749,-5039,-2290,2758,-5283,-2525,NaN,NaN,NaN,NaN,NaN,20610,-15795,4815,2749,-5039,-2290,2758,-5283,-2525
2009-06-22T22:00:00Z,9.95,9.98,9.94,9.94,21524,-16189,5335,3119,-5971,-2852,2911,-5394,-2483,NaN,NaN,NaN,NaN,NaN,21524,-16189,5335,3119,-5971,-2852,2911,-5394,-2483
2009-06-23T22:00:00Z,9.97,9.97,9.91,9.91,21524,-16189,5335,3119,-5971,-2852,2911,-5394,-2483,NaN,NaN,NaN,NaN,NaN,21524,-16189,5335,3119,-5971,-2852,2911,-5394,-2483
2009-06-24T22:00:00Z,9.94,9.94,9.91,9.92,21524,-16189,5335,3119,-5971,-2852,2911,-5394,-2483,NaN,NaN,NaN,NaN,NaN,21524,-16189,5335,3119,-5971,-2852,2911,-5394,-2483
2009-06-25T22:00:00Z,9.96,9.97,9.94,9.95,21524,-16189,5335,3119,-5971,-2852,2911,-5394,-2483,NaN,NaN,NaN,NaN,NaN,21524,-16189,5335,3119,-5971,-2852,2911,-5394,-2483
2009-06-28T22:00:00Z,10.12,10.16,10.07,10.07,21524,-16189,5335,3119,-5971,-2852,2911,-5394,-2483,NaN,NaN,NaN,NaN,NaN,21524,-16189,5335,3119,-5971,-2852,2911,-5394,-2483
2009-06-29T22:00:00Z,10.04,10.12,10.03,10.07,21815,-16549,5266,3166,-6589,-3423,3658,-5501,-1843,NaN,NaN,NaN,NaN,NaN,21815,-16549,5266,3166,-6589,-3423,3658,-5501,-1843
2009-06-30T22:00:00Z,10.08,10.13,10.06,10.08,21815,-16549,5266,3166,-6589,-3423,3658,-5501,-1843,NaN,NaN,NaN,NaN,NaN,21815,-16549,5266,3166,-6589,-3423,3658,-5501,-1843
2009-07-01T22:00:00Z,10.07,10.11,10.04,10.05,21815,-16549,5266,3166,-6589,-3423,3658,-5501,-1843,NaN,NaN,NaN,NaN,NaN,21815,-16549,5266,3166,-6589,-3423,3658,-5501,-1843
2009-07-02T22:00:00Z,10.06,10.08,10.04,10.06,21815,-16549,5266,3166,-6589,-3423,3658,-5501,-1843,NaN,NaN,NaN,NaN,NaN,21815,-16549,5266,3166,-6589,-3423,3658,-5501,-1843
2009-07-06T22:00:00Z,10.06,10.09,10.05,10.06,18052,-15120,2932,2918,-4691,-1773,3581,-4740,-1159,NaN,NaN,NaN,NaN,NaN,18052,-15120,2932,2918,-4691,-1773,3581,-4740,-1159
2009-07-07T22:00:00Z,10.06,10.06,10.01,10.02,18052,-15120,2932,2918,-4691,-1773,3581,-4740,-1159,NaN,NaN,NaN,NaN,NaN,18052,-15120,2932,2918,-4691,-1773,3581,-4740,-1159
2009-07-08T22:00:00Z,10.01,10.03,9.98,9.98,18052,-15120,2932,2918,-4691,-1773,3581,-4740,-1159,NaN,NaN,NaN,NaN,NaN,18052,-15120,2932,2918,-4691,-1773,3581,-4740,-1159
2009-07-09T22:00:00Z,9.98,9.98,9.88,9.88,18052,-15120,2932,2918,-4691,-1773,3581,-4740,-1159,NaN,NaN,NaN,NaN,NaN,18052,-15120,2932,2918,-4691,-1773,3581,-4740,-1159
2009-07-12T22:00:00Z,9.9,9.91,9.88,9.89,18052,-15120,2932,2918,-4691,-1773,3581,-4740,-1159,NaN,NaN,NaN,NaN,NaN,18052,-15120,2932,2918,-4691,-1773,3581,-4740,-1159
2009-07-13T22:00:00Z,9.91,9.91,9.89,9.89,18493,-15283,3210,2302,-5326,-3024,3995,-4181,-186,NaN,NaN,NaN,NaN,NaN,18493,-15283,3210,2302,-5326,-3024,3995,-4181,-186
2009-07-14T22:00:00Z,9.91,9.95,9.89,9.95,18493,-15283,3210,2302,-5326,-3024,3995,-4181,-186,NaN,NaN,NaN,NaN,NaN,18493,-15283,3210,2302,-5326,-3024,3995,-4181,-186
2009-07-15T22:00:00Z,9.9,10.03,9.9,9.97,18493,-15283,3210,2302,-5326,-3024,3995,-4181,-186,NaN,NaN,NaN,NaN,NaN,18493,-15283,3210,2302,-5326,-3024,3995,-4181,-186
2009-07-16T22:00:00Z,9.95,10.01,9.95,10,18493,-15283,3210,2302,-5326,-3024,3995,-4181,-186,NaN,NaN,NaN,NaN,NaN,18493,-15283,3210,2302,-5326,-3024,3995,-4181,-186
2009-07-19T22:00:00Z,10,10.01,9.98,9.98,18493,-15283,3210,2302,-5326,-3024,3995,-4181,-186,NaN,NaN,NaN,NaN,NaN,18493,-15283,3210,2302,-5326,-3024,3995,-4181,-186
2009-07-20T22:00:00Z,9.99,9.99,9.96,9.96,20035,-15058,4977,1443,-6574,-5131,4780,-4626,154,NaN,NaN,NaN,NaN,NaN,20035,-15058,4977,1443,-6574,-5131,4780,-4626,154
2009-07-21T22:00:00Z,9.97,9.97,9.96,9.96,20035,-15058,4977,1443,-6574,-5131,4780,-4626,154,NaN,NaN,NaN,NaN,NaN,20035,-15058,4977,1443,-6574,-5131,4780,-4626,154
2009-07-22T22:00:00Z,9.96,9.96,9.95,9.96,20035,-15058,4977,1443,-6574,-5131,4780,-4626,154,NaN,NaN,NaN,NaN,NaN,20035,-15058,4977,1443,-6574,-5131,4780,-4626,154
2009-07-23T22:00:00Z,9.96,9.97,9.95,9.96,20035,-15058,4977,1443,-6574,-5131,4780,-4626,154,NaN,NaN,NaN,NaN,NaN,20035,-15058,4977,1443,-6574,-5131,4780,-4626,154
2009-07-27T22:00:00Z,10.79,10.95,10.78,10.84,20205,-15248,4957,1827,-6819,-4992,4486,-4451,35,NaN,NaN,NaN,NaN,NaN,20205,-15248,4957,1827,-6819,-4992,4486,-4451,35
2009-07-28T22:00:00Z,10.81,10.85,10.76,10.8,20205,-15248,4957,1827,-6819,-4992,4486,-4451,35,NaN,NaN,NaN,NaN,NaN,20205,-15248,4957,1827,-6819,-4992,4486,-4451,35
2009-07-29T22:00:00Z,10.8,10.9,10.7,10.78,20205,-15248,4957,1827,-6819,-4992,4486,-4451,35,NaN,NaN,NaN,NaN,NaN,20205,-15248,4957,1827,-6819,-4992,4486,-4451,35
2009-07-30T22:00:00Z,10.83,11.15,10.83,11.05,20205,-15248,4957,1827,-6819,-4992,4486,-4451,35,NaN,NaN,NaN,NaN,NaN,20205,-15248,4957,1827,-6819,-4992,4486,-4451,35
2009-08-02T22:00:00Z,11.07,11.3,11.02,11.1,20205,-15248,4957,1827,-6819,-4992,4486,-4451,35,NaN,NaN,NaN,NaN,NaN,20205,-15248,4957,1827,-6819,-4992,4486,-4451,35
2009-08-03T22:00:00Z,11.12,11.15,10.96,10.96,17505,-13548,3957,1182,-5307,-4125,4822,-4654,168,NaN,NaN,NaN,NaN,NaN,17505,-13548,3957,1182,-5307,-4125,4822,-4654,168
2009-08-04T22:00:00Z,11,11.05,10.91,10.96,17505,-13548,3957,1182,-5307,-4125,4822,-4654,168,NaN,NaN,NaN,NaN,NaN,17505,-13548,3957,1182,-5307,-4125,4822,-4654,168
2009-08-05T22:00:00Z,10.9,11.04,10.86,10.99,17505,-13548,3957,1182,-5307,-4125,4822,-4654,168,NaN,NaN,NaN,NaN,NaN,17505,-13548,3957,1182,-5307,-4125,4822,-4654,168
2009-08-06T22:00:00Z,11,11.12,10.99,11.09,17505,-13548,3957,1182,-5307,-4125,4822,-4654,168,NaN,NaN,NaN,NaN,NaN,17505,-13548,3957,1182,-5307,-4125,4822,-4654,168
2009-08-09T22:00:00Z,11.03,11.16,11.01,11.05,17505,-13548,3957,1182,-5307,-4125,4822,-4654,168,NaN,NaN,NaN,NaN,NaN,17505,-13548,3957,1182,-5307,-4125,4822,-4654,168
2009-08-10T22:00:00Z,11.06,11.08,11.05,11.06,18029,-14359,3670,789,-5007,-4218,4744,-4196,548,NaN,NaN,NaN,NaN,NaN,18029,-14359,3670,789,-5007,-4218,4744,-4196,548
2009-08-11T22:00:00Z,11.06,11.14,11.03,11.1,18029,-14359,3670,789,-5007,-4218,4744,-4196,548,NaN,NaN,NaN,NaN,NaN,18029,-14359,3670,789,-5007,-4218,4744,-4196,548
2009-08-12T22:00:00Z,11.15,11.15,11.07,11.08,18029,-14359,3670,789,-5007,-4218,4744,-4196,548,NaN,NaN,NaN,NaN,NaN,18029,-14359,3670,789,-5007,-4218,4744,-4196,548
2009-08-13T22:00:00Z,11.11,11.15,11.07,11.15,18029,-14359,3670,789,-5007,-4218,4744,-4196,548,NaN,NaN,NaN,NaN,NaN,18029,-14359,3670,789,-5007,-4218,4744,-4196,548
2009-08-16T22:00:00Z,11.15,11.21,11.11,11.2,18029,-14359,3670,789,-5007,-4218,4744,-4196,548,NaN,NaN,NaN,NaN,NaN,18029,-14359,3670,789,-5007,-4218,4744,-4196,548
2009-08-17T22:00:00Z,11.2,11.22,11.16,11.2,18519,-14292,4227,715,-5232,-4517,4733,-4443,290,NaN,NaN,NaN,NaN,NaN,18519,-14292,4227,715,-5232,-4517,4733,-4443,290
2009-08-18T22:00:00Z,11.22,11.22,11.2,11.21,18519,-14292,4227,715,-5232,-4517,4733,-4443,290,NaN,NaN,NaN,NaN,NaN,18519,-14292,4227,715,-5232,-4517,4733,-4443,290
2009-08-19T22:00:00Z,11.23,11.25,11.21,11.24,18519,-14292,4227,715,-5232,-4517,4733,-4443,290,NaN,NaN,NaN,NaN,NaN,18519,-14292,4227,715,-5232,-4517,4733,-4443,290
2009-08-20T22:00:00Z,11.25,11.25,11.21,11.21,18519,-14292,4227,715,-5232,-4517,4733,-4443,290,NaN,NaN,NaN,NaN,NaN,18519,-14292,4227,715,-5232,-4517,4733,-4443,290
2009-08-23T22:00:00Z,11.21,11.22,11.21,11.22,18519,-14292,4227,715,-5232,-4517,4733,-4443,290,NaN,NaN,NaN,NaN,NaN,18519,-14292,4227,715,-5232,-4517,4733,-4443,290
2009-08-24T22:00:00Z,11.2,11.22,11.2,11.21,18709,-14896,3813,719,-4717,-3998,4903,-4718,185,NaN,NaN,NaN,NaN,NaN,18709,-14896,3813,719,-4717,-3998,4903,-4718,185
2009-08-25T22:00:00Z,11.22,11.22,11.2,11.21,18709,-14896,3813,719,-4717,-3998,4903,-4718,185,NaN,NaN,NaN,NaN,NaN,18709,-14896,3813,719,-4717,-3998,4903,-4718,185
2009-08-26T22:00:00Z,11.23,11.23,11.2,11.2,18709,-14896,3813,719,-4717,-3998,4903,-4718,185,NaN,NaN,NaN,NaN,NaN,18709,-14896,3813,719,-4717,-3998,4903,-4718,185
2009-08-27T22:00:00Z,11.25,11.25,11.21,11.22,18709,-14896,3813,719,-4717,-3998,4903,-4718,185,NaN,NaN,NaN,NaN,NaN,18709,-14896,3813,719,-4717,-3998,4903,-4718,185
2009-08-30T22:00:00Z,12.31,12.32,12.25,12.29,18709,-14896,3813,719,-4717,-3998,4903,-4718,185,NaN,NaN,NaN,NaN,NaN,18709,-14896,3813,719,-4717,-3998,4903,-4718,185
2009-08-31T22:00:00Z,12.29,12.3,12.22,12.25,19262,-14715,4547,972,-5071,-4099,4795,-5243,-448,NaN,NaN,NaN,NaN,NaN,19262,-14715,4547,972,-5071,-4099,4795,-5243,-448
2009-09-01T22:00:00Z,12.23,12.32,12.18,12.19,19262,-14715,4547,972,-5071,-4099,4795,-5243,-448,NaN,NaN,NaN,NaN,NaN,19262,-14715,4547,972,-5071,-4099,4795,-5243,-448
2009-09-02T22:00:00Z,12.32,12.34,12.17,12.19,19262,-14715,4547,972,-5071,-4099,4795,-5243,-448,NaN,NaN,NaN,NaN,NaN,19262,-14715,4547,972,-5071,-4099,4795,-5243,-448
2009-09-03T22:00:00Z,12.16,12.2,12.13,12.13,19262,-14715,4547,972,-5071,-4099,4795,-5243,-448,NaN,NaN,NaN,NaN,NaN,19262,-14715,4547,972,-5071,-4099,4795,-5243,-448
2009-09-06T22:00:00Z,12.12,12.18,12.06,12.08,15585,-12656,2929,1055,-4222,-3167,5078,-4840,238,NaN,NaN,NaN,NaN,NaN,15585,-12656,2929,1055,-4222,-3167,5078,-4840,238
2009-09-08T22:00:00Z,12.09,12.18,12.09,12.09,15585,-12656,2929,1055,-4222,-3167,5078,-4840,238,NaN,NaN,NaN,NaN,NaN,15585,-12656,2929,1055,-4222,-3167,5078,-4840,238
2009-09-09T22:00:00Z,12.11,12.14,12.01,12.02,15585,-12656,2929,1055,-4222,-3167,5078,-4840,238,NaN,NaN,NaN,NaN,NaN,15585,-12656,2929,1055,-4222,-3167,5078,-4840,238
2009-09-10T22:00:00Z,12.03,12.06,12.02,12.04,15585,-12656,2929,1055,-4222,-3167,5078,-4840,238,NaN,NaN,NaN,NaN,NaN,15585,-12656,2929,1055,-4222,-3167,5078,-4840,238
2009-09-13T22:00:00Z,12.01,12.08,12.01,12.04,15585,-12656,2929,1055,-4222,-3167,5078,-4840,238,NaN,NaN,NaN,NaN,NaN,15585,-12656,2929,1055,-4222,-3167,5078,-4840,238
2009-09-14T22:00:00Z,12.04,12.07,12.03,12.04,16581,-13155,3426,965,-4761,-3796,4745,-4375,370,NaN,NaN,NaN,NaN,NaN,16581,-13155,3426,965,-4761,-3796,4745,-4375,370
2009-09-15T22:00:00Z,12.04,12.07,12.04,12.05,16581,-13155,3426,965,-4761,-3796,4745,-4375,370,NaN,NaN,NaN,NaN,NaN,16581,-13155,3426,965,-4761,-3796,4745,-4375,370
2009-09-16T22:00:00Z,12.06,12.07,12.04,12.05,16581,-13155,3426,965,-4761,-3796,4745,-4375,370,NaN,NaN,NaN,NaN,NaN,16581,-13155,3426,965,-4761,-3796,4745,-4375,370
2009-09-17T22:00:00Z,12.09,12.09,12.08,12.08,16581,-13155,3426,965,-4761,-3796,4745,-4375,370,NaN,NaN,NaN,NaN,NaN,16581,-13155,3426,965,-4761,-3796,4745,-4375,370
2009-09-20T22:00:00Z,12.1,12.1,12.07,12.08,16581,-13155,3426,965,-4761,-3796,4745,-4375,370,NaN,NaN,NaN,NaN,NaN,16581,-13155,3426,965,-4761,-3796,4745,-4375,370
2009-09-21T22:00:00Z,12.07,12.08,12.06,12.07,16843,-12837,4006,938,-4962,-4024,4810,-4792,18,NaN,NaN,NaN,NaN,NaN,16843,-12837,4006,938,-4962,-4024,4810,-4792,18
2009-09-22T22:00:00Z,12.06,12.08,12.06,12.06,16843,-12837,4006,938,-4962,-4024,4810,-4792,18,NaN,NaN,NaN,NaN,NaN,16843,-12837,4006,938,-4962,-4024,4810,-4792,18
2009-09-23T22:00:00Z,12.08,12.09,12.06,12.06,16843,-12837,4006,938,-4962,-4024,4810,-4792,18,NaN,NaN,NaN,NaN,NaN,16843,-12837,4006,938,-4962,-4024,4810,-4792,18
2009-09-24T22:00:00Z,12.05,12.07,12.05,12.07,16843,-12837,4006,938,-4962,-4024,4810,-4792,18,NaN,NaN,NaN,NaN,NaN,16843,-12837,4006,938,-4962,-4024,4810,-4792,18
2009-09-27T22:00:00Z,12.84,12.88,12.6,12.62,16843,-12837,4006,938,-4962,-4024,4810,-4792,18,NaN,NaN,NaN,NaN,NaN,16843,-12837,4006,938,-4962,-4024,4810,-4792,18
2009-09-28T22:00:00Z,12.69,12.75,12.56,12.66,17138,-12673,4465,828,-5635,-4807,5104,-4762,342,NaN,NaN,NaN,NaN,NaN,17138,-12673,4465,828,-5635,-4807,5104,-4762,342
2009-09-29T22:00:00Z,12.66,12.68,12.56,12.58,17138,-12673,4465,828,-5635,-4807,5104,-4762,342,NaN,NaN,NaN,NaN,NaN,17138,-12673,4465,828,-5635,-4807,5104,-4762,342
2009-09-30T22:00:00Z,12.6,12.76,12.6,12.72,17138,-12673,4465,828,-5635,-4807,5104,-4762,342,NaN,NaN,NaN,NaN,NaN,17138,-12673,4465,828,-5635,-4807,5104,-4762,342
2009-10-01T22:00:00Z,12.68,12.84,12.68,12.8,17138,-12673,4465,828,-5635,-4807,5104,-4762,342,NaN,NaN,NaN,NaN,NaN,17138,-12673,4465,828,-5635,-4807,5104,-4762,342
2009-10-05T22:00:00Z,12.72,12.86,12.72,12.84,14223,-11813,2410,1476,-4245,-2769,5159,-4800,359,NaN,NaN,NaN,NaN,NaN,14223,-11813,2410,1476,-4245,-2769,5159,-4800,359
2009-10-06T22:00:00Z,12.85,12.9,12.81,12.86,14223,-11813,2410,1476,-4245,-2769,5159,-4800,359,NaN,NaN,NaN,NaN,NaN,14223,-11813,2410,1476,-4245,-2769,5159,-4800,359
2009-10-07T22:00:00Z,12.9,12.9,12.83,12.86,14223,-11813,2410,1476,-4245,-2769,5159,-4800,359,NaN,NaN,NaN,NaN,NaN,14223,-11813,2410,1476,-4245,-2769,5159,-4800,359
2009-10-08T22:00:00Z,12.86,12.86,12.69,12.75,14223,-11813,2410,1476,-4245,-2769,5159,-4800,359,NaN,NaN,NaN,NaN,NaN,14223,-11813,2410,1476,-4245,-2769,5159,-4800,359
2009-10-11T22:00:00Z,12.77,12.79,12.73,12.75,14223,-11813,2410,1476,-4245,-2769,5159,-4800,359,NaN,NaN,NaN,NaN,NaN,14223,-11813,2410,1476,-4245,-2769,5159,-4800,359
2009-10-12T22:00:00Z,12.77,12.77,12.71,12.75,14664,-12397,2267,1576,-4629,-3053,5478,-4692,786,NaN,NaN,NaN,NaN,NaN,14664,-12397,2267,1576,-4629,-3053,5478,-4692,786
2009-10-13T22:00:00Z,12.72,12.76,12.72,12.76,14664,-12397,2267,1576,-4629,-3053,5478,-4692,786,NaN,NaN,NaN,NaN,NaN,14664,-12397,2267,1576,-4629,-3053,5478,-4692,786
2009-10-14T22:00:00Z,12.74,12.77,12.68,12.71,14664,-12397,2267,1576,-4629,-3053,5478,-4692,786,NaN,NaN,NaN,NaN,NaN,14664,-12397,2267,1576,-4629,-3053,5478,-4692,786
2009-10-15T22:00:00Z,12.72,12.75,12.7,12.73,14664,-12397,2267,1576,-4629,-3053,5478,-4692,786,NaN,NaN,NaN,NaN,NaN,14664,-12397,2267,1576,-4629,-3053,5478,-4692,786
2009-10-18T22:00:00Z,12.73,12.75,12.7,12.73,14664,-12397,2267,1576,-4629,-3053,5478,-4692,786,NaN,NaN,NaN,NaN,NaN,14664,-12397,2267,1576,-4629,-3053,5478,-4692,786
2009-10-19T22:00:00Z,12.7,12.77,12.7,12.76,15770,-13238,2532,1496,-5205,-3709,5712,-4535,1177,NaN,NaN,NaN,NaN,NaN,15770,-13238,2532,1496,-5205,-3709,5712,-4535,1177
2009-10-20T22:00:00Z,12.75,12.77,12.74,12.75,15770,-13238,2532,1496,-5205,-3709,5712,-4535,1177,NaN,NaN,NaN,NaN,NaN,15770,-13238,2532,1496,-5205,-3709,5712,-4535,1177
2009-10-21T22:00:00Z,12.75,12.75,12.7,12.72,15770,-13238,2532,1496,-5205,-3709,5712,-4535,1177,NaN,NaN,NaN,NaN,NaN,15770,-13238,2532,1496,-5205,-3709,5712,-4535,1177
2009-10-22T22:00:00Z,12.74,12.79,12.73,12.78,15770,-13238,2532,1496,-5205,-3709,5712,-4535,1177,NaN,NaN,NaN,NaN,NaN,15770,-13238,2532,1496,-5205,-3709,5712,-4535,1177
2009-10-25T22:00:00Z,13.78,13.89,13.78,13.8,15770,-13238,2532,1496,-5205,-3709,5712,-4535,1177,NaN,NaN,NaN,NaN,NaN,15770,-13238,2532,1496,-5205,-3709,5712,-4535,1177
2009-10-26T22:00:00Z,13.85,13.85,13.7,13.76,16339,-13848,2491,1626,-4958,-3332,5572,-4731,841,NaN,NaN,NaN,NaN,NaN,16339,-13848,2491,1626,-4958,-3332,5572,-4731,841
2009-10-27T22:00:00Z,13.7,13.7,13.52,13.6,16339,-13848,2491,1626,-4958,-3332,5572,-4731,841,NaN,NaN,NaN,NaN,NaN,16339,-13848,2491,1626,-4958,-3332,5572,-4731,841
2009-10-28T22:00:00Z,13.59,13.8,13.54,13.8,16339,-13848,2491,1626,-4958,-3332,5572,-4731,841,NaN,NaN,NaN,NaN,NaN,16339,-13848,2491,1626,-4958,-3332,5572,-4731,841
2009-10-29T22:00:00Z,13.89,13.95,13.86,13.93,16339,-13848,2491,1626,-4958,-3332,5572,-4731,841,NaN,NaN,NaN,NaN,NaN,16339,-13848,2491,1626,-4958,-3332,5572,-4731,841
2009-11-01T23:00:00Z,14,14,13.78,13.82,16339,-13848,2491,1626,-4958,-3332,5572,-4731,841,NaN,NaN,NaN,NaN,NaN,16339,-13848,2491,1626,-4958,-3332,5572,-4731,841
2009-11-02T23:00:00Z,13.8,13.9,13.78,13.86,14415,-13629,786,1287,-3602,-2315,5149,-3620,1529,NaN,NaN,NaN,NaN,NaN,14415,-13629,786,1287,-3602,-2315,5149,-3620,1529
2009-11-03T23:00:00Z,13.87,13.9,13.85,13.88,14415,-13629,786,1287,-3602,-2315,5149,-3620,1529,NaN,NaN,NaN,NaN,NaN,14415,-13629,786,1287,-3602,-2315,5149,-3620,1529
2009-11-04T23:00:00Z,13.85,13.97,13.85,13.92,14415,-13629,786,1287,-3602,-2315,5149,-3620,1529,NaN,NaN,NaN,NaN,NaN,14415,-13629,786,1287,-3602,-2315,5149,-3620,1529
2009-11-05T23:00:00Z,13.91,14.02,13.91,14,14415,-13629,786,1287,-3602,-2315,5149,-3620,1529,NaN,NaN,NaN,NaN,NaN,14415,-13629,786,1287,-3602,-2315,5149,-3620,1529
2009-11-08T23:00:00Z,14,14.09,14,14.09,14704,-13749,955,1378,-3831,-2453,5494,-3996,1498,NaN,NaN,NaN,NaN,NaN,14704,-13749,955,1378,-3831,-2453,5494,-3996,1498
2009-11-09T23:00:00Z,14.01,14.08,14.01,14.08,14704,-13749,955,1378,-3831,-2453,5494,-3996,1498,NaN,NaN,NaN,NaN,NaN,14704,-13749,955,1378,-3831,-2453,5494,-3996,1498
2009-11-10T23:00:00Z,14.06,14.09,14.04,14.04,14704,-13749,955,1378,-3831,-2453,5494,-3996,1498,NaN,NaN,NaN,NaN,NaN,14704,-13749,955,1378,-3831,-2453,5494,-3996,1498
2009-11-11T23:00:00Z,14.04,14.04,14.01,14.04,14704,-13749,955,1378,-3831,-2453,5494,-3996,1498,NaN,NaN,NaN,NaN,NaN,14704,-13749,955,1378,-3831,-2453,5494,-3996,1498
2009-11-12T23:00:00Z,14.03,14.08,14.02,14.05,14704,-13749,955,1378,-3831,-2453,5494,-3996,1498,NaN,NaN,NaN,NaN,NaN,14704,-13749,955,1378,-3831,-2453,5494,-3996,1498
2009-11-15T23:00:00Z,14.05,14.08,14.03,14.08,14704,-13749,955,1378,-3831,-2453,5494,-3996,1498,NaN,NaN,NaN,NaN,NaN,14704,-13749,955,1378,-3831,-2453,5494,-3996,1498
2009-11-16T23:00:00Z,14.06,14.1,14.06,14.07,15568,-13750,1818,1559,-4682,-3123,5593,-4288,1305,NaN,NaN,NaN,NaN,NaN,15568,-13750,1818,1559,-4682,-3123,5593,-4288,1305
2009-11-17T23:00:00Z,14.08,14.09,14.04,14.05,15568,-13750,1818,1559,-4682,-3123,5593,-4288,1305,NaN,NaN,NaN,NaN,NaN,15568,-13750,1818,1559,-4682,-3123,5593,-4288,1305
2009-11-18T23:00:00Z,14.07,14.08,14.03,14.06,15568,-13750,1818,1559,-4682,-3123,5593,-4288,1305,NaN,NaN,NaN,NaN,NaN,15568,-13750,1818,1559,-4682,-3123,5593,-4288,1305
2009-11-19T23:00:00Z,14.05,14.08,14.05,14.06,15568,-13750,1818,1559,-4682,-3123,5593,-4288,1305,NaN,NaN,NaN,NaN,NaN,15568,-13750,1818,1559,-4682,-3123,5593,-4288,1305
2009-11-22T23:00:00Z,14.05,14.05,14.03,14.04,15568,-13750,1818,1559,-4682,-3123,5593,-4288,1305,NaN,NaN,NaN,NaN,NaN,15568,-13750,1818,1559,-4682,-3123,5593,-4288,1305
2009-11-23T23:00:00Z,14.07,14.08,14.04,14.08,16592,-14221,2371,1437,-4969,-3532,5665,-4504,1161,NaN,NaN,NaN,NaN,NaN,16592,-14221,2371,1437,-4969,-3532,5665,-4504,1161
2009-11-24T23:00:00Z,14.13,14.13,14.08,14.08,16592,-14221,2371,1437,-4969,-3532,5665,-4504,1161,NaN,NaN,NaN,NaN,NaN,16592,-14221,2371,1437,-4969,-3532,5665,-4504,1161
2009-11-25T23:00:00Z,14.08,14.08,14.08,14.08,16592,-14221,2371,1437,-4969,-3532,5665,-4504,1161,NaN,NaN,NaN,NaN,NaN,16592,-14221,2371,1437,-4969,-3532,5665,-4504,1161
2009-11-30T23:00:00Z,14.77,14.91,14.77,14.84,16841,-14507,2334,1452,-4937,-3485,5782,-4631,1151,NaN,NaN,NaN,NaN,NaN,16841,-14507,2334,1452,-4937,-3485,5782,-4631,1151
2009-12-01T23:00:00Z,14.94,14.94,14.73,14.8,16841,-14507,2334,1452,-4937,-3485,5782,-4631,1151,NaN,NaN,NaN,NaN,NaN,16841,-14507,2334,1452,-4937,-3485,5782,-4631,1151
2009-12-02T23:00:00Z,14.78,14.83,14.74,14.81,16841,-14507,2334,1452,-4937,-3485,5782,-4631,1151,NaN,NaN,NaN,NaN,NaN,16841,-14507,2334,1452,-4937,-3485,5782,-4631,1151
2009-12-03T23:00:00Z,14.78,14.79,14.72,14.73,16841,-14507,2334,1452,-4937,-3485,5782,-4631,1151,NaN,NaN,NaN,NaN,NaN,16841,-14507,2334,1452,-4937,-3485,5782,-4631,1151
2009-12-06T23:00:00Z,14.73,14.75,14.69,14.72,16841,-14507,2334,1452,-4937,-3485,5782,-4631,1151,NaN,NaN,NaN,NaN,NaN,16841,-14507,2334,1452,-4937,-3485,5782,-4631,1151
2009-12-07T23:00:00Z,14.68,14.75,14.68,14.71,16594,-13474,3120,1123,-5133,-4010,4997,-4107,890,NaN,NaN,NaN,NaN,NaN,16594,-13474,3120,1123,-5133,-4010,4997,-4107,890
2009-12-08T23:00:00Z,14.72,14.77,14.72,14.76,16594,-13474,3120,1123,-5133,-4010,4997,-4107,890,NaN,NaN,NaN,NaN,NaN,16594,-13474,3120,1123,-5133,-4010,4997,-4107,890
2009-12-09T23:00:00Z,14.79,14.83,14.76,14.79,16594,-13474,3120,1123,-5133,-4010,4997,-4107,890,NaN,NaN,NaN,NaN,NaN,16594,-13474,3120,1123,-5133,-4010,4997,-4107,890
2009-12-10T23:00:00Z,14.79,14.89,14.79,14.83,16594,-13474,3120,1123,-5133,-4010,4997,-4107,890,NaN,NaN,NaN,NaN,NaN,16594,-13474,3120,1123,-5133,-4010,4997,-4107,890
2009-12-13T23:00:00Z,14.85,14.86,14.83,14.86,16594,-13474,3120,1123,-5133,-4010,4997,-4107,890,NaN,NaN,NaN,NaN,NaN,16594,-13474,3120,1123,-5133,-4010,4997,-4107,890
2009-12-14T23:00:00Z,14.85,14.87,14.83,14.86,17189,-14086,3103,1851,-5582,-3731,5081,-4453,628,NaN,NaN,NaN,NaN,NaN,17189,-14086,3103,1851,-5582,-3731,5081,-4453,628
2009-12-15T23:00:00Z,14.86,14.86,14.85,14.85,17189,-14086,3103,1851,-5582,-3731,5081,-4453,628,NaN,NaN,NaN,NaN,NaN,17189,-14086,3103,1851,-5582,-3731,5081,-4453,628
2009-12-16T23:00:00Z,14.84,14.88,14.84,14.86,17189,-14086,3103,1851,-5582,-3731,5081,-4453,628,NaN,NaN,NaN,NaN,NaN,17189,-14086,3103,1851,-5582,-3731,5081,-4453,628
2009-12-17T23:00:00Z,14.86,14.86,14.82,14.83,17189,-14086,3103,1851,-5582,-3731,5081,-4453,628,NaN,NaN,NaN,NaN,NaN,17189,-14086,3103,1851,-5582,-3731,5081,-4453,628
2009-12-20T23:00:00Z,14.86,14.86,14.82,14.83,17189,-14086,3103,1851,-5582,-3731,5081,-4453,628,NaN,NaN,NaN,NaN,NaN,17189,-14086,3103,1851,-5582,-3731,5081,-4453,628
2009-12-21T23:00:00Z,14.85,14.85,14.83,14.84,17667,-14831,2836,2655,-5164,-2509,4822,-5149,-327,NaN,NaN,NaN,NaN,NaN,17667,-14831,2836,2655,-5164,-2509,4822,-5149,-327
2009-12-22T23:00:00Z,14.84,14.84,14.84,14.84,17667,-14831,2836,2655,-5164,-2509,4822,-5149,-327,NaN,NaN,NaN,NaN,NaN,17667,-14831,2836,2655,-5164,-2509,4822,-5149,-327
2009-12-23T23:00:00Z,14.27,14.35,14.22,14.31,17667,-14831,2836,2655,-5164,-2509,4822,-5149,-327,NaN,NaN,NaN,NaN,NaN,17667,-14831,2836,2655,-5164,-2509,4822,-5149,-327
2009-12-27T23:00:00Z,14.29,14.4,14.22,14.3,17667,-14831,2836,2655,-5164,-2509,4822,-5149,-327,NaN,NaN,NaN,NaN,NaN,17667,-14831,2836,2655,-5164,-2509,4822,-5149,-327
2009-12-28T23:00:00Z,14.3,14.38,14.26,14.33,18950,-15469,3481,2614,-5439,-2825,4838,-5494,-656,NaN,NaN,NaN,NaN,NaN,18950,-15469,3481,2614,-5439,-2825,4838,-5494,-656
2009-12-29T23:00:00Z,14.32,14.32,14.22,14.25,18950,-15469,3481,2614,-5439,-2825,4838,-5494,-656,NaN,NaN,NaN,NaN,NaN,18950,-15469,3481,2614,-5439,-2825,4838,-5494,-656
2009-12-30T23:00:00Z,14.25,14.28,14.19,14.22,18950,-15469,3481,2614,-5439,-2825,4838,-5494,-656,NaN,NaN,NaN,NaN,NaN,18950,-15469,3481,2614,-5439,-2825,4838,-5494,-656
2010-01-03T23:00:00Z,14.2,14.38,14.2,14.3,18950,-15469,3481,2614,-5439,-2825,4838,-5494,-656,NaN,NaN,NaN,NaN,NaN,18950,-15469,3481,2614,-5439,-2825,4838,-5494,-656
2010-01-04T23:00:00Z,14.39,14.4,14.23,14.24,16797,-12944,3853,2123,-5805,-3682,4640,-4811,-171,NaN,NaN,NaN,NaN,NaN,16797,-12944,3853,2123,-5805,-3682,4640,-4811,-171
2010-01-05T23:00:00Z,14.24,14.26,14.14,14.15,16797,-12944,3853,2123,-5805,-3682,4640,-4811,-171,NaN,NaN,NaN,NaN,NaN,16797,-12944,3853,2123,-5805,-3682,4640,-4811,-171
2010-01-06T23:00:00Z,14.15,14.24,14.13,14.18,16797,-12944,3853,2123,-5805,-3682,4640,-4811,-171,NaN,NaN,NaN,NaN,NaN,16797,-12944,3853,2123,-5805,-3682,4640,-4811,-171
2010-01-07T23:00:00Z,14.2,14.39,14.2,14.33,16797,-12944,3853,2123,-5805,-3682,4640,-4811,-171,NaN,NaN,NaN,NaN,NaN,16797,-12944,3853,2123,-5805,-3682,4640,-4811,-171
2010-01-10T23:00:00Z,14.36,14.37,14.32,14.32,16797,-12944,3853,2123,-5805,-3682,4640,-4811,-171,NaN,NaN,NaN,NaN,NaN,16797,-12944,3853,2123,-5805,-3682,4640,-4811,-171
2010-01-11T23:00:00Z,14.32,14.35,14.3,14.32,18662,-13530,5132,2163,-6943,-4780,4640,-4992,-352,NaN,NaN,NaN,NaN,NaN,18662,-13530,5132,2163,-6943,-4780,4640,-4992,-352
2010-01-12T23:00:00Z,14.3,14.44,14.28,14.4,18662,-13530,5132,2163,-6943,-4780,4640,-4992,-352,NaN,NaN,NaN,NaN,NaN,18662,-13530,5132,2163,-6943,-4780,4640,-4992,-352
2010-01-13T23:00:00Z,14.36,14.39,14.3,14.35,18662,-13530,5132,2163,-6943,-4780,4640,-4992,-352,NaN,NaN,NaN,NaN,NaN,18662,-13530,5132,2163,-6943,-4780,4640,-4992,-352
2010-01-14T23:00:00Z,14.3,14.43,14.3,14.43,18662,-13530,5132,2163,-6943,-4780,4640,-4992,-352,NaN,NaN,NaN,NaN,NaN,18662,-13530,5132,2163,-6943,-4780,4640,-4992,-352
2010-01-17T23:00:00Z,14.4,14.45,14.4,14.45,19746,-15017,4729,2153,-6476,-4323,4688,-5094,-406,NaN,NaN,NaN,NaN,NaN,19746,-15017,4729,2153,-6476,-4323,4688,-5094,-406
2010-01-19T23:00:00Z,14.45,14.45,14.43,14.45,19746,-15017,4729,2153,-6476,-4323,4688,-5094,-406,NaN,NaN,NaN,NaN,NaN,19746,-15017,4729,2153,-6476,-4323,4688,-5094,-406
2010-01-21T23:00:00Z,14.45,14.5,14.45,14.49,19746,-15017,4729,2153,-6476,-4323,4688,-5094,-406,NaN,NaN,NaN,NaN,NaN,19746,-15017,4729,2153,-6476,-4323,4688,-5094,-406
2010-01-24T23:00:00Z,14.55,14.55,14.48,14.53,19746,-15017,4729,2153,-6476,-4323,4688,-5094,-406,NaN,NaN,NaN,NaN,NaN,19746,-15017,4729,2153,-6476,-4323,4688,-5094,-406
2010-01-25T23:00:00Z,14.48,14.54,14.48,14.54,21611,-15479,6132,1814,-7245,-5431,4315,-5016,-701,NaN,NaN,NaN,NaN,NaN,21611,-15479,6132,1814,-7245,-5431,4315,-5016,-701
2010-01-26T23:00:00Z,14.53,14.55,14.53,14.54,21611,-15479,6132,1814,-7245,-5431,4315,-5016,-701,NaN,NaN,NaN,NaN,NaN,21611,-15479,6132,1814,-7245,-5431,4315,-5016,-701
2010-01-27T23:00:00Z,14.55,14.55,14.52,14.54,21611,-15479,6132,1814,-7245,-5431,4315,-5016,-701,NaN,NaN,NaN,NaN,NaN,21611,-15479,6132,1814,-7245,-5431,4315,-5016,-701
2010-01-28T23:00:00Z,14.55,14.55,14.48,14.51,21611,-15479,6132,1814,-7245,-5431,4315,-5016,-701,NaN,NaN,NaN,NaN,NaN,21611,-15479,6132,1814,-7245,-5431,4315,-5016,-701
2010-01-31T23:00:00Z,14.05,14.05,13.86,13.9,21611,-15479,6132,1814,-7245,-5431,4315,-5016,-701,NaN,NaN,NaN,NaN,NaN,21611,-15479,6132,1814,-7245,-5431,4315,-5016,-701
2010-02-01T23:00:00Z,13.95,13.95,13.82,13.86,24330,-15745,8585,1587,-8487,-6900,3754,-5439,-1685,NaN,NaN,NaN,NaN,NaN,24330,-15745,8585,1587,-8487,-6900,3754,-5439,-1685
2010-02-02T23:00:00Z,13.87,13.99,13.87,13.96,24330,-15745,8585,1587,-8487,-6900,3754,-5439,-1685,NaN,NaN,NaN,NaN,NaN,24330,-15745,8585,1587,-8487,-6900,3754,-5439,-1685
2010-02-03T23:00:00Z,13.95,14.07,13.9,14.05,24330,-15745,8585,1587,-8487,-6900,3754,-5439,-1685,NaN,NaN,NaN,NaN,NaN,24330,-15745,8585,1587,-8487,-6900,3754,-5439,-1685
2010-02-04T23:00:00Z,14.05,14.14,14,14.1,24330,-15745,8585,1587,-8487,-6900,3754,-5439,-1685,NaN,NaN,NaN,NaN,NaN,24330,-15745,8585,1587,-8487,-6900,3754,-5439,-1685
2010-02-07T23:00:00Z,14.15,14.15,14.08,14.14,24330,-15745,8585,1587,-8487,-6900,3754,-5439,-1685,NaN,NaN,NaN,NaN,NaN,24330,-15745,8585,1587,-8487,-6900,3754,-5439,-1685
2010-02-08T23:00:00Z,14.14,14.2,14.14,14.19,22514,-13673,8841,1323,-8266,-6943,3168,-5066,-1898,NaN,NaN,NaN,NaN,NaN,22514,-13673,8841,1323,-8266,-6943,3168,-5066,-1898
2010-02-09T23:00:00Z,14.2,14.31,14.18,14.3,22514,-13673,8841,1323,-8266,-6943,3168,-5066,-1898,NaN,NaN,NaN,NaN,NaN,22514,-13673,8841,1323,-8266,-6943,3168,-5066,-1898
2010-02-10T23:00:00Z,14.31,14.35,14.19,14.24,22514,-13673,8841,1323,-8266,-6943,3168,-5066,-1898,NaN,NaN,NaN,NaN,NaN,22514,-13673,8841,1323,-8266,-6943,3168,-5066,-1898
2010-02-11T23:00:00Z,14.2,14.3,14.15,14.25,22514,-13673,8841,1323,-8266,-6943,3168,-5066,-1898,NaN,NaN,NaN,NaN,NaN,22514,-13673,8841,1323,-8266,-6943,3168,-5066,-1898
2010-02-14T23:00:00Z,14.21,14.26,14.17,14.2,22855,-13868,8987,1401,-8408,-7007,3199,-5179,-1980,NaN,NaN,NaN,NaN,NaN,22855,-13868,8987,1401,-8408,-7007,3199,-5179,-1980
2010-02-16T23:00:00Z,14.18,14.21,14.16,14.18,22855,-13868,8987,1401,-8408,-7007,3199,-5179,-1980,NaN,NaN,NaN,NaN,NaN,22855,-13868,8987,1401,-8408,-7007,3199,-5179,-1980
2010-02-17T23:00:00Z,14.18,14.2,14.18,14.18,22855,-13868,8987,1401,-8408,-7007,3199,-5179,-1980,NaN,NaN,NaN,NaN,NaN,22855,-13868,8987,1401,-8408,-7007,3199,-5179,-1980
2010-02-18T23:00:00Z,14.2,14.28,14.2,14.2,22855,-13868,8987,1401,-8408,-7007,3199,-5179,-1980,NaN,NaN,NaN,NaN,NaN,22855,-13868,8987,1401,-8408,-7007,3199,-5179,-1980
2010-02-21T23:00:00Z,14.2,14.24,14.2,14.24,22855,-13868,8987,1401,-8408,-7007,3199,-5179,-1980,NaN,NaN,NaN,NaN,NaN,22855,-13868,8987,1401,-8408,-7007,3199,-5179,-1980
2010-02-22T23:00:00Z,14.24,14.24,14.2,14.24,23755,-14079,9676,1243,-8803,-7560,3403,-5519,-2116,NaN,NaN,NaN,NaN,NaN,23755,-14079,9676,1243,-8803,-7560,3403,-5519,-2116
2010-02-23T23:00:00Z,14.23,14.23,14.21,14.22,23755,-14079,9676,1243,-8803,-7560,3403,-5519,-2116,NaN,NaN,NaN,NaN,NaN,23755,-14079,9676,1243,-8803,-7560,3403,-5519,-2116
2010-02-24T23:00:00Z,14.2,14.23,14.2,14.22,23755,-14079,9676,1243,-8803,-7560,3403,-5519,-2116,NaN,NaN,NaN,NaN,NaN,23755,-14079,9676,1243,-8803,-7560,3403,-5519,-2116
2010-02-25T23:00:00Z,14.27,14.3,14.27,14.28,23755,-14079,9676,1243,-8803,-7560,3403,-5519,-2116,NaN,NaN,NaN,NaN,NaN,23755,-14079,9676,1243,-8803,-7560,3403,-5519,-2116
2010-02-28T23:00:00Z,13.05,13.1,12.89,13,23755,-14079,9676,1243,-8803,-7560,3403,-5519,-2116,NaN,NaN,NaN,NaN,NaN,23755,-14079,9676,1243,-8803,-7560,3403,-5519,-2116
2010-03-01T23:00:00Z,12.99,13.15,12.99,13.14,24990,-15036,9954,1257,-8987,-7730,3163,-5387,-2224,NaN,NaN,NaN,NaN,NaN,24990,-15036,9954,1257,-8987,-7730,3163,-5387,-2224
2010-03-02T23:00:00Z,13.08,13.16,12.92,13,24990,-15036,9954,1257,-8987,-7730,3163,-5387,-2224,NaN,NaN,NaN,NaN,NaN,24990,-15036,9954,1257,-8987,-7730,3163,-5387,-2224
2010-03-03T23:00:00Z,12.93,13,12.81,12.88,24990,-15036,9954,1257,-8987,-7730,3163,-5387,-2224,NaN,NaN,NaN,NaN,NaN,24990,-15036,9954,1257,-8987,-7730,3163,-5387,-2224
2010-03-04T23:00:00Z,12.9,12.92,12.85,12.89,24990,-15036,9954,1257,-8987,-7730,3163,-5387,-2224,NaN,NaN,NaN,NaN,NaN,24990,-15036,9954,1257,-8987,-7730,3163,-5387,-2224
2010-03-07T23:00:00Z,12.84,12.89,12.76,12.78,24990,-15036,9954,1257,-8987,-7730,3163,-5387,-2224,NaN,NaN,NaN,NaN,NaN,24990,-15036,9954,1257,-8987,-7730,3163,-5387,-2224
2010-03-08T23:00:00Z,12.76,12.78,12.68,12.76,23032,-14340,8692,1607,-8159,-6552,3187,-5327,-2140,NaN,NaN,NaN,NaN,NaN,23032,-14340,8692,1607,-8159,-6552,3187,-5327,-2140
2010-03-11T23:00:00Z,12.87,12.87,12.81,12.84,23032,-14340,8692,1607,-8159,-6552,3187,-5327,-2140,NaN,NaN,NaN,NaN,NaN,23032,-14340,8692,1607,-8159,-6552,3187,-5327,-2140
2010-03-14T22:00:00Z,12.85,12.9,12.8,12.83,23032,-14340,8692,1607,-8159,-6552,3187,-5327,-2140,NaN,NaN,NaN,NaN,NaN,23032,-14340,8692,1607,-8159,-6552,3187,-5327,-2140
2010-03-15T22:00:00Z,12.84,12.89,12.8,12.84,24683,-14673,10010,876,-9188,-8312,3395,-5093,-1698,NaN,NaN,NaN,NaN,NaN,24683,-14673,10010,876,-9188,-8312,3395,-5093,-1698
2010-03-16T22:00:00Z,12.82,12.83,12.8,12.81,24683,-14673,10010,876,-9188,-8312,3395,-5093,-1698,NaN,NaN,NaN,NaN,NaN,24683,-14673,10010,876,-9188,-8312,3395,-5093,-1698
2010-03-17T22:00:00Z,12.83,12.83,12.8,12.8,24683,-14673,10010,876,-9188,-8312,3395,-5093,-1698,NaN,NaN,NaN,NaN,NaN,24683,-14673,10010,876,-9188,-8312,3395,-5093,-1698
2010-03-18T22:00:00Z,12.81,12.82,12.8,12.81,24683,-14673,10010,876,-9188,-8312,3395,-5093,-1698,NaN,NaN,NaN,NaN,NaN,24683,-14673,10010,876,-9188,-8312,3395,-5093,-1698
2010-03-21T22:00:00Z,12.77,12.81,12.77,12.79,24683,-14673,10010,876,-9188,-8312,3395,-5093,-1698,NaN,NaN,NaN,NaN,NaN,24683,-14673,10010,876,-9188,-8312,3395,-5093,-1698
2010-03-22T22:00:00Z,12.81,12.81,12.8,12.8,26137,-14985,11152,1059,-10248,-9189,3498,-5461,-1963,NaN,NaN,NaN,NaN,NaN,26137,-14985,11152,1059,-10248,-9189,3498,-5461,-1963
2010-03-25T22:00:00Z,12.8,12.81,12.78,12.78,26137,-14985,11152,1059,-10248,-9189,3498,-5461,-1963,NaN,NaN,NaN,NaN,NaN,26137,-14985,11152,1059,-10248,-9189,3498,-5461,-1963
2010-03-28T22:00:00Z,12.5,12.6,12.45,12.59,26137,-14985,11152,1059,-10248,-9189,3498,-5461,-1963,NaN,NaN,NaN,NaN,NaN,26137,-14985,11152,1059,-10248,-9189,3498,-5461,-1963
2010-03-29T22:00:00Z,12.59,12.68,12.59,12.6,26321,-15716,10605,944,-9522,-8578,3899,-5926,-2027,NaN,NaN,NaN,NaN,NaN,26321,-15716,10605,944,-9522,-8578,3899,-5926,-2027
2010-03-30T22:00:00Z,12.62,12.67,12.57,12.64,26321,-15716,10605,944,-9522,-8578,3899,-5926,-2027,NaN,NaN,NaN,NaN,NaN,26321,-15716,10605,944,-9522,-8578,3899,-5926,-2027
2010-03-31T22:00:00Z,12.62,12.75,12.6,12.72,26321,-15716,10605,944,-9522,-8578,3899,-5926,-2027,NaN,NaN,NaN,NaN,NaN,26321,-15716,10605,944,-9522,-8578,3899,-5926,-2027
2010-04-04T22:00:00Z,12.73,12.83,12.71,12.83,26321,-15716,10605,944,-9522,-8578,3899,-5926,-2027,NaN,NaN,NaN,NaN,NaN,26321,-15716,10605,944,-9522,-8578,3899,-5926,-2027
2010-04-05T22:00:00Z,12.8,12.89,12.8,12.85,23466,-14116,9350,609,-7508,-6899,3363,-5814,-2451,NaN,NaN,NaN,NaN,NaN,23466,-14116,9350,609,-7508,-6899,3363,-5814,-2451
2010-04-06T22:00:00Z,12.85,12.93,12.84,12.85,23466,-14116,9350,609,-7508,-6899,3363,-5814,-2451,NaN,NaN,NaN,NaN,NaN,23466,-14116,9350,609,-7508,-6899,3363,-5814,-2451
2010-04-07T22:00:00Z,12.8,12.88,12.5,12.83,23466,-14116,9350,609,-7508,-6899,3363,-5814,-2451,NaN,NaN,NaN,NaN,NaN,23466,-14116,9350,609,-7508,-6899,3363,-5814,-2451
2010-04-08T22:00:00Z,12.83,12.95,12.8,12.81,23466,-14116,9350,609,-7508,-6899,3363,-5814,-2451,NaN,NaN,NaN,NaN,NaN,23466,-14116,9350,609,-7508,-6899,3363,-5814,-2451
2010-04-11T22:00:00Z,12.85,12.94,12.82,12.85,23466,-14116,9350,609,-7508,-6899,3363,-5814,-2451,NaN,NaN,NaN,NaN,NaN,23466,-14116,9350,609,-7508,-6899,3363,-5814,-2451
2010-04-12T22:00:00Z,12.85,12.85,12.81,12.81,24571,-15033,9538,1088,-8781,-7693,3129,-4974,-1845,NaN,NaN,NaN,NaN,NaN,24571,-15033,9538,1088,-8781,-7693,3129,-4974,-1845
2010-04-13T22:00:00Z,12.82,12.85,12.8,12.84,24571,-15033,9538,1088,-8781,-7693,3129,-4974,-1845,NaN,NaN,NaN,NaN,NaN,24571,-15033,9538,1088,-8781,-7693,3129,-4974,-1845
2010-04-15T22:00:00Z,12.85,12.89,12.84,12.85,24571,-15033,9538,1088,-8781,-7693,3129,-4974,-1845,NaN,NaN,NaN,NaN,NaN,24571,-15033,9538,1088,-8781,-7693,3129,-4974,-1845
2010-04-18T22:00:00Z,12.85,12.85,12.85,12.85,24571,-15033,9538,1088,-8781,-7693,3129,-4974,-1845,NaN,NaN,NaN,NaN,NaN,24571,-15033,9538,1088,-8781,-7693,3129,-4974,-1845
2010-04-20T22:00:00Z,12.85,12.85,12.83,12.84,24801,-15459,9342,1222,-8613,-7391,3286,-5237,-1951,NaN,NaN,NaN,NaN,NaN,24801,-15459,9342,1222,-8613,-7391,3286,-5237,-1951
2010-04-21T22:00:00Z,12.84,12.85,12.82,12.82,24801,-15459,9342,1222,-8613,-7391,3286,-5237,-1951,NaN,NaN,NaN,NaN,NaN,24801,-15459,9342,1222,-8613,-7391,3286,-5237,-1951
2010-04-22T22:00:00Z,12.9,12.96,12.9,12.96,24801,-15459,9342,1222,-8613,-7391,3286,-5237,-1951,NaN,NaN,NaN,NaN,NaN,24801,-15459,9342,1222,-8613,-7391,3286,-5237,-1951
2010-04-25T22:00:00Z,13.5,13.5,13.25,13.4,24801,-15459,9342,1222,-8613,-7391,3286,-5237,-1951,NaN,NaN,NaN,NaN,NaN,24801,-15459,9342,1222,-8613,-7391,3286,-5237,-1951
2010-04-26T22:00:00Z,13.4,13.55,13.33,13.49,25727,-15987,9740,996,-8614,-7618,3222,-5344,-2122,NaN,NaN,NaN,NaN,NaN,25727,-15987,9740,996,-8614,-7618,3222,-5344,-2122
2010-04-27T22:00:00Z,13.55,13.56,13.4,13.41,25727,-15987,9740,996,-8614,-7618,3222,-5344,-2122,NaN,NaN,NaN,NaN,NaN,25727,-15987,9740,996,-8614,-7618,3222,-5344,-2122
2010-04-28T22:00:00Z,13.41,13.47,13.35,13.42,25727,-15987,9740,996,-8614,-7618,3222,-5344,-2122,NaN,NaN,NaN,NaN,NaN,25727,-15987,9740,996,-8614,-7618,3222,-5344,-2122
2010-04-29T22:00:00Z,13.39,13.43,13.32,13.38,25727,-15987,9740,996,-8614,-7618,3222,-5344,-2122,NaN,NaN,NaN,NaN,NaN,25727,-15987,9740,996,-8614,-7618,3222,-5344,-2122
2010-05-02T22:00:00Z,13.38,13.39,13.33,13.36,25727,-15987,9740,996,-8614,-7618,3222,-5344,-2122,NaN,NaN,NaN,NaN,NaN,25727,-15987,9740,996,-8614,-7618,3222,-5344,-2122
2010-05-04T22:00:00Z,13.22,13.22,13.11,13.18,22725,-14429,8296,526,-6782,-6256,2983,-5023,-2040,NaN,NaN,NaN,NaN,NaN,22725,-14429,8296,526,-6782,-6256,2983,-5023,-2040
2010-05-05T22:00:00Z,13.15,13.18,13.11,13.12,22725,-14429,8296,526,-6782,-6256,2983,-5023,-2040,NaN,NaN,NaN,NaN,NaN,22725,-14429,8296,526,-6782,-6256,2983,-5023,-2040
2010-05-06T22:00:00Z,13.11,13.24,13.11,13.24,22725,-14429,8296,526,-6782,-6256,2983,-5023,-2040,NaN,NaN,NaN,NaN,NaN,22725,-14429,8296,526,-6782,-6256,2983,-5023,-2040
2010-05-09T22:00:00Z,13.2,13.3,13.2,13.24,22725,-14429,8296,526,-6782,-6256,2983,-5023,-2040,NaN,NaN,NaN,NaN,NaN,22725,-14429,8296,526,-6782,-6256,2983,-5023,-2040
2010-05-10T22:00:00Z,13.2,13.27,13.19,13.24,23903,-14695,9208,762,-7936,-7174,3181,-5215,-2034,NaN,NaN,NaN,NaN,NaN,23903,-14695,9208,762,-7936,-7174,3181,-5215,-2034
2010-05-11T22:00:00Z,13.29,13.29,13.23,13.24,23903,-14695,9208,762,-7936,-7174,3181,-5215,-2034,NaN,NaN,NaN,NaN,NaN,23903,-14695,9208,762,-7936,-7174,3181,-5215,-2034
2010-05-12T22:00:00Z,13.25,13.27,13.25,13.27,23903,-14695,9208,762,-7936,-7174,3181,-5215,-2034,NaN,NaN,NaN,NaN,NaN,23903,-14695,9208,762,-7936,-7174,3181,-5215,-2034
2010-05-13T22:00:00Z,13.28,13.33,13.26,13.33,23903,-14695,9208,762,-7936,-7174,3181,-5215,-2034,NaN,NaN,NaN,NaN,NaN,23903,-14695,9208,762,-7936,-7174,3181,-5215,-2034
2010-05-16T22:00:00Z,13.41,13.41,13.29,13.37,23903,-14695,9208,762,-7936,-7174,3181,-5215,-2034,NaN,NaN,NaN,NaN,NaN,23903,-14695,9208,762,-7936,-7174,3181,-5215,-2034
2010-05-17T22:00:00Z,13.34,13.37,13.32,13.32,24795,-14979,9816,720,-8566,-7846,3189,-5159,-1970,NaN,NaN,NaN,NaN,NaN,24795,-14979,9816,720,-8566,-7846,3189,-5159,-1970
2010-05-18T22:00:00Z,13.33,13.36,13.33,13.36,24795,-14979,9816,720,-8566,-7846,3189,-5159,-1970,NaN,NaN,NaN,NaN,NaN,24795,-14979,9816,720,-8566,-7846,3189,-5159,-1970
2010-05-19T22:00:00Z,13.4,13.4,13.37,13.38,24795,-14979,9816,720,-8566,-7846,3189,-5159,-1970,NaN,NaN,NaN,NaN,NaN,24795,-14979,9816,720,-8566,-7846,3189,-5159,-1970
2010-05-20T22:00:00Z,13.4,13.4,13.36,13.39,24795,-14979,9816,720,-8566,-7846,3189,-5159,-1970,NaN,NaN,NaN,NaN,NaN,24795,-14979,9816,720,-8566,-7846,3189,-5159,-1970
2010-05-23T22:00:00Z,13.39,13.39,13.36,13.36,24795,-14979,9816,720,-8566,-7846,3189,-5159,-1970,NaN,NaN,NaN,NaN,NaN,24795,-14979,9816,720,-8566,-7846,3189,-5159,-1970
2010-05-24T22:00:00Z,13.36,13.37,13.35,13.37,26517,-15556,10961,695,-9231,-8536,3199,-5624,-2425,NaN,NaN,NaN,NaN,NaN,26517,-15556,10961,695,-9231,-8536,3199,-5624,-2425
2010-05-27T22:00:00Z,13.85,13.89,13.55,13.6,26517,-15556,10961,695,-9231,-8536,3199,-5624,-2425,NaN,NaN,NaN,NaN,NaN,26517,-15556,10961,695,-9231,-8536,3199,-5624,-2425
2010-05-30T22:00:00Z,13.6,13.6,13.47,13.54,26894,-15825,11069,561,-9772,-9211,3572,-5430,-1858,NaN,NaN,NaN,NaN,NaN,26894,-15825,11069,561,-9772,-9211,3572,-5430,-1858
2010-06-01T22:00:00Z,13.49,13.67,13.49,13.56,26894,-15825,11069,561,-9772,-9211,3572,-5430,-1858,NaN,NaN,NaN,NaN,NaN,26894,-15825,11069,561,-9772,-9211,3572,-5430,-1858
2010-06-02T22:00:00Z,13.6,13.6,13.52,13.52,26894,-15825,11069,561,-9772,-9211,3572,-5430,-1858,NaN,NaN,NaN,NaN,NaN,26894,-15825,11069,561,-9772,-9211,3572,-5430,-1858
2010-06-03T22:00:00Z,13.53,13.54,13.49,13.5,26894,-15825,11069,561,-9772,-9211,3572,-5430,-1858,NaN,NaN,NaN,NaN,NaN,26894,-15825,11069,561,-9772,-9211,3572,-5430,-1858
2010-06-06T22:00:00Z,13.5,13.51,13.48,13.49,26894,-15825,11069,561,-9772,-9211,3572,-5430,-1858,NaN,NaN,NaN,NaN,NaN,26894,-15825,11069,561,-9772,-9211,3572,-5430,-1858
2010-06-07T22:00:00Z,13.51,13.51,13.49,13.49,23888,-13900,9988,301,-8354,-8053,3262,-5197,-1935,NaN,NaN,NaN,NaN,NaN,23888,-13900,9988,301,-8354,-8053,3262,-5197,-1935
2010-06-08T22:00:00Z,13.49,13.49,13.43,13.45,23888,-13900,9988,301,-8354,-8053,3262,-5197,-1935,NaN,NaN,NaN,NaN,NaN,23888,-13900,9988,301,-8354,-8053,3262,-5197,-1935
2010-06-09T22:00:00Z,13.42,13.61,13.41,13.5,23888,-13900,9988,301,-8354,-8053,3262,-5197,-1935,NaN,NaN,NaN,NaN,NaN,23888,-13900,9988,301,-8354,-8053,3262,-5197,-1935
2010-06-10T22:00:00Z,13.53,13.58,13.53,13.55,23888,-13900,9988,301,-8354,-8053,3262,-5197,-1935,NaN,NaN,NaN,NaN,NaN,23888,-13900,9988,301,-8354,-8053,3262,-5197,-1935
2010-06-13T22:00:00Z,13.55,13.57,13.55,13.56,23888,-13900,9988,301,-8354,-8053,3262,-5197,-1935,NaN,NaN,NaN,NaN,NaN,23888,-13900,9988,301,-8354,-8053,3262,-5197,-1935
2010-06-14T22:00:00Z,13.58,13.61,13.58,13.6,24211,-14162,10049,416,-8385,-7969,3404,-5484,-2080,NaN,NaN,NaN,NaN,NaN,24211,-14162,10049,416,-8385,-7969,3404,-5484,-2080
2010-06-15T22:00:00Z,13.75,13.75,13.61,13.62,24211,-14162,10049,416,-8385,-7969,3404,-5484,-2080,NaN,NaN,NaN,NaN,NaN,24211,-14162,10049,416,-8385,-7969,3404,-5484,-2080
2010-06-16T22:00:00Z,13.59,13.66,13.59,13.62,24211,-14162,10049,416,-8385,-7969,3404,-5484,-2080,NaN,NaN,NaN,NaN,NaN,24211,-14162,10049,416,-8385,-7969,3404,-5484,-2080
2010-06-17T22:00:00Z,13.61,13.61,13.58,13.58,24211,-14162,10049,416,-8385,-7969,3404,-5484,-2080,NaN,NaN,NaN,NaN,NaN,24211,-14162,10049,416,-8385,-7969,3404,-5484,-2080
2010-06-21T22:00:00Z,13.59,13.59,13.56,13.56,24702,-14126,10576,339,-8806,-8467,3484,-5593,-2109,NaN,NaN,NaN,NaN,NaN,24702,-14126,10576,339,-8806,-8467,3484,-5593,-2109
2010-06-22T22:00:00Z,13.6,13.6,13.57,13.57,24702,-14126,10576,339,-8806,-8467,3484,-5593,-2109,NaN,NaN,NaN,NaN,NaN,24702,-14126,10576,339,-8806,-8467,3484,-5593,-2109
2010-06-23T22:00:00Z,13.59,13.59,13.59,13.59,24702,-14126,10576,339,-8806,-8467,3484,-5593,-2109,NaN,NaN,NaN,NaN,NaN,24702,-14126,10576,339,-8806,-8467,3484,-5593,-2109
2010-06-24T22:00:00Z,13.61,13.65,13.58,13.63,24702,-14126,10576,339,-8806,-8467,3484,-5593,-2109,NaN,NaN,NaN,NaN,NaN,24702,-14126,10576,339,-8806,-8467,3484,-5593,-2109
2010-06-27T22:00:00Z,13.5,13.57,13.36,13.38,24702,-14126,10576,339,-8806,-8467,3484,-5593,-2109,NaN,NaN,NaN,NaN,NaN,24702,-14126,10576,339,-8806,-8467,3484,-5593,-2109
2010-06-28T22:00:00Z,13.4,13.49,13.35,13.41,25355,-14400,10955,332,-8970,-8638,3471,-5788,-2317,NaN,NaN,NaN,NaN,NaN,25355,-14400,10955,332,-8970,-8638,3471,-5788,-2317
2010-06-29T22:00:00Z,13.46,13.52,13.36,13.5,25355,-14400,10955,332,-8970,-8638,3471,-5788,-2317,NaN,NaN,NaN,NaN,NaN,25355,-14400,10955,332,-8970,-8638,3471,-5788,-2317
2010-06-30T22:00:00Z,13.5,13.54,13.47,13.51,25355,-14400,10955,332,-8970,-8638,3471,-5788,-2317,NaN,NaN,NaN,NaN,NaN,25355,-14400,10955,332,-8970,-8638,3471,-5788,-2317
2010-07-01T22:00:00Z,13.51,13.53,13.45,13.45,25355,-14400,10955,332,-8970,-8638,3471,-5788,-2317,NaN,NaN,NaN,NaN,NaN,25355,-14400,10955,332,-8970,-8638,3471,-5788,-2317
2010-07-04T22:00:00Z,13.5,13.55,13.5,13.51,21284,-13706,7578,746,-6708,-5962,3532,-5148,-1616,NaN,NaN,NaN,NaN,NaN,21284,-13706,7578,746,-6708,-5962,3532,-5148,-1616
2010-07-06T22:00:00Z,13.52,13.53,13.47,13.5,21284,-13706,7578,746,-6708,-5962,3532,-5148,-1616,NaN,NaN,NaN,NaN,NaN,21284,-13706,7578,746,-6708,-5962,3532,-5148,-1616
2010-07-07T22:00:00Z,13.5,13.57,13.48,13.56,21284,-13706,7578,746,-6708,-5962,3532,-5148,-1616,NaN,NaN,NaN,NaN,NaN,21284,-13706,7578,746,-6708,-5962,3532,-5148,-1616
2010-07-08T22:00:00Z,13.56,13.68,13.56,13.64,21284,-13706,7578,746,-6708,-5962,3532,-5148,-1616,NaN,NaN,NaN,NaN,NaN,21284,-13706,7578,746,-6708,-5962,3532,-5148,-1616
2010-07-11T22:00:00Z,13.67,13.78,13.67,13.77,21284,-13706,7578,746,-6708,-5962,3532,-5148,-1616,NaN,NaN,NaN,NaN,NaN,21284,-13706,7578,746,-6708,-5962,3532,-5148,-1616
2010-07-12T22:00:00Z,13.75,13.78,13.65,13.73,21808,-14616,7192,565,-6498,-5933,3998,-5257,-1259,NaN,NaN,NaN,NaN,NaN,21808,-14616,7192,565,-6498,-5933,3998,-5257,-1259
2010-07-13T22:00:00Z,13.7,13.77,13.7,13.73,21808,-14616,7192,565,-6498,-5933,3998,-5257,-1259,NaN,NaN,NaN,NaN,NaN,21808,-14616,7192,565,-6498,-5933,3998,-5257,-1259
2010-07-14T22:00:00Z,13.79,13.79,13.74,13.76,21808,-14616,7192,565,-6498,-5933,3998,-5257,-1259,NaN,NaN,NaN,NaN,NaN,21808,-14616,7192,565,-6498,-5933,3998,-5257,-1259
2010-07-15T22:00:00Z,13.76,13.77,13.71,13.76,21808,-14616,7192,565,-6498,-5933,3998,-5257,-1259,NaN,NaN,NaN,NaN,NaN,21808,-14616,7192,565,-6498,-5933,3998,-5257,-1259
2010-07-18T22:00:00Z,13.71,13.75,13.71,13.75,21808,-14616,7192,565,-6498,-5933,3998,-5257,-1259,NaN,NaN,NaN,NaN,NaN,21808,-14616,7192,565,-6498,-5933,3998,-5257,-1259
2010-07-19T22:00:00Z,13.75,13.75,13.75,13.75,22536,-15951,6585,686,-6661,-5975,4060,-4670,-610,NaN,NaN,NaN,NaN,NaN,22536,-15951,6585,686,-6661,-5975,4060,-4670,-610
2010-07-20T22:00:00Z,13.75,13.77,13.75,13.75,22536,-15951,6585,686,-6661,-5975,4060,-4670,-610,NaN,NaN,NaN,NaN,NaN,22536,-15951,6585,686,-6661,-5975,4060,-4670,-610
2010-07-21T22:00:00Z,13.77,13.77,13.74,13.77,22536,-15951,6585,686,-6661,-5975,4060,-4670,-610,NaN,NaN,NaN,NaN,NaN,22536,-15951,6585,686,-6661,-5975,4060,-4670,-610
2010-07-22T22:00:00Z,13.75,13.75,13.72,13.73,22536,-15951,6585,686,-6661,-5975,4060,-4670,-610,NaN,NaN,NaN,NaN,NaN,22536,-15951,6585,686,-6661,-5975,4060,-4670,-610
2010-07-25T22:00:00Z,14.92,15.04,14.92,15.01,22536,-15951,6585,686,-6661,-5975,4060,-4670,-610,NaN,NaN,NaN,NaN,NaN,22536,-15951,6585,686,-6661,-5975,4060,-4670,-610
2010-07-26T22:00:00Z,14.98,15.07,14.98,15,22881,-16758,6123,1125,-6766,-5641,4397,-4879,-482,NaN,NaN,NaN,NaN,NaN,22881,-16758,6123,1125,-6766,-5641,4397,-4879,-482
2010-07-27T22:00:00Z,14.95,14.98,14.85,14.89,22881,-16758,6123,1125,-6766,-5641,4397,-4879,-482,NaN,NaN,NaN,NaN,NaN,22881,-16758,6123,1125,-6766,-5641,4397,-4879,-482
2010-07-28T22:00:00Z,14.84,14.95,14.84,14.92,22881,-16758,6123,1125,-6766,-5641,4397,-4879,-482,NaN,NaN,NaN,NaN,NaN,22881,-16758,6123,1125,-6766,-5641,4397,-4879,-482
2010-07-29T22:00:00Z,14.88,14.96,14.88,14.94,22881,-16758,6123,1125,-6766,-5641,4397,-4879,-482,NaN,NaN,NaN,NaN,NaN,22881,-16758,6123,1125,-6766,-5641,4397,-4879,-482
2010-08-01T22:00:00Z,14.9,14.99,14.9,14.97,22881,-16758,6123,1125,-6766,-5641,4397,-4879,-482,NaN,NaN,NaN,NaN,NaN,22881,-16758,6123,1125,-6766,-5641,4397,-4879,-482
2010-08-02T22:00:00Z,14.95,14.99,14.91,14.92,19328,-15836,3492,1182,-4553,-3371,4261,-4382,-121,NaN,NaN,NaN,NaN,NaN,19328,-15836,3492,1182,-4553,-3371,4261,-4382,-121
2010-08-03T22:00:00Z,14.95,14.98,14.93,14.94,19328,-15836,3492,1182,-4553,-3371,4261,-4382,-121,NaN,NaN,NaN,NaN,NaN,19328,-15836,3492,1182,-4553,-3371,4261,-4382,-121
2010-08-04T22:00:00Z,14.95,14.98,14.92,14.95,19328,-15836,3492,1182,-4553,-3371,4261,-4382,-121,NaN,NaN,NaN,NaN,NaN,19328,-15836,3492,1182,-4553,-3371,4261,-4382,-121
2010-08-05T22:00:00Z,14.99,15.05,14.99,15.04,19328,-15836,3492,1182,-4553,-3371,4261,-4382,-121,NaN,NaN,NaN,NaN,NaN,19328,-15836,3492,1182,-4553,-3371,4261,-4382,-121
2010-08-08T22:00:00Z,15.03,15.08,15.03,15.06,19328,-15836,3492,1182,-4553,-3371,4261,-4382,-121,NaN,NaN,NaN,NaN,NaN,19328,-15836,3492,1182,-4553,-3371,4261,-4382,-121
2010-08-09T22:00:00Z,15.08,15.15,15.06,15.06,19879,-16463,3416,1025,-4238,-3213,4166,-4369,-203,NaN,NaN,NaN,NaN,NaN,19879,-16463,3416,1025,-4238,-3213,4166,-4369,-203
2010-08-10T22:00:00Z,15.1,15.11,15.05,15.07,19879,-16463,3416,1025,-4238,-3213,4166,-4369,-203,NaN,NaN,NaN,NaN,NaN,19879,-16463,3416,1025,-4238,-3213,4166,-4369,-203
2010-08-11T22:00:00Z,15.06,15.09,15.06,15.08,19879,-16463,3416,1025,-4238,-3213,4166,-4369,-203,NaN,NaN,NaN,NaN,NaN,19879,-16463,3416,1025,-4238,-3213,4166,-4369,-203
2010-08-12T22:00:00Z,15.08,15.08,15.05,15.05,19879,-16463,3416,1025,-4238,-3213,4166,-4369,-203,NaN,NaN,NaN,NaN,NaN,19879,-16463,3416,1025,-4238,-3213,4166,-4369,-203
2010-08-15T22:00:00Z,15.06,15.1,15.05,15.05,19879,-16463,3416,1025,-4238,-3213,4166,-4369,-203,NaN,NaN,NaN,NaN,NaN,19879,-16463,3416,1025,-4238,-3213,4166,-4369,-203
2010-08-17T22:00:00Z,15.1,15.11,15.1,15.1,20278,-17232,3046,1049,-3699,-2650,4240,-4636,-396,NaN,NaN,NaN,NaN,NaN,20278,-17232,3046,1049,-3699,-2650,4240,-4636,-396
2010-08-18T22:00:00Z,15.09,15.11,15.09,15.09,20278,-17232,3046,1049,-3699,-2650,4240,-4636,-396,NaN,NaN,NaN,NaN,NaN,20278,-17232,3046,1049,-3699,-2650,4240,-4636,-396
2010-08-19T22:00:00Z,15.13,15.16,15.08,15.14,20278,-17232,3046,1049,-3699,-2650,4240,-4636,-396,NaN,NaN,NaN,NaN,NaN,20278,-17232,3046,1049,-3699,-2650,4240,-4636,-396
2010-08-22T22:00:00Z,15.14,15.14,15.14,15.14,20278,-17232,3046,1049,-3699,-2650,4240,-4636,-396,NaN,NaN,NaN,NaN,NaN,20278,-17232,3046,1049,-3699,-2650,4240,-4636,-396
2010-08-23T22:00:00Z,15.16,15.16,15.15,15.15,20596,-17898,2698,1006,-3212,-2206,4457,-4949,-492,NaN,NaN,NaN,NaN,NaN,20596,-17898,2698,1006,-3212,-2206,4457,-4949,-492
2010-08-24T22:00:00Z,15.16,15.16,15.15,15.15,20596,-17898,2698,1006,-3212,-2206,4457,-4949,-492,NaN,NaN,NaN,NaN,NaN,20596,-17898,2698,1006,-3212,-2206,4457,-4949,-492
2010-08-25T22:00:00Z,15.15,15.16,15.14,15.15,20596,-17898,2698,1006,-3212,-2206,4457,-4949,-492,NaN,NaN,NaN,NaN,NaN,20596,-17898,2698,1006,-3212,-2206,4457,-4949,-492
2010-08-26T22:00:00Z,15.15,15.16,15.14,15.15,20596,-17898,2698,1006,-3212,-2206,4457,-4949,-492,NaN,NaN,NaN,NaN,NaN,20596,-17898,2698,1006,-3212,-2206,4457,-4949,-492
2010-08-29T22:00:00Z,15.86,15.88,15.81,15.86,20596,-17898,2698,1006,-3212,-2206,4457,-4949,-492,NaN,NaN,NaN,NaN,NaN,20596,-17898,2698,1006,-3212,-2206,4457,-4949,-492
2010-08-30T22:00:00Z,15.86,16.1,15.86,16.07,21412,-19174,2238,1028,-2744,-1716,4678,-5200,-522,NaN,NaN,NaN,NaN,NaN,21412,-19174,2238,1028,-2744,-1716,4678,-5200,-522
2010-08-31T22:00:00Z,16.09,16.2,16.04,16.19,21412,-19174,2238,1028,-2744,-1716,4678,-5200,-522,NaN,NaN,NaN,NaN,NaN,21412,-19174,2238,1028,-2744,-1716,4678,-5200,-522
2010-09-01T22:00:00Z,16.11,16.19,16.11,16.13,21412,-19174,2238,1028,-2744,-1716,4678,-5200,-522,NaN,NaN,NaN,NaN,NaN,21412,-19174,2238,1028,-2744,-1716,4678,-5200,-522
2010-09-02T22:00:00Z,16.12,16.18,16.12,16.16,21412,-19174,2238,1028,-2744,-1716,4678,-5200,-522,NaN,NaN,NaN,NaN,NaN,21412,-19174,2238,1028,-2744,-1716,4678,-5200,-522
2010-09-07T22:00:00Z,16.19,16.24,16.17,16.19,18081,-17457,624,1278,-2211,-933,4653,-4344,309,NaN,NaN,NaN,NaN,NaN,18081,-17457,624,1278,-2211,-933,4653,-4344,309
2010-09-08T22:00:00Z,16.23,16.33,16.19,16.29,18081,-17457,624,1278,-2211,-933,4653,-4344,309,NaN,NaN,NaN,NaN,NaN,18081,-17457,624,1278,-2211,-933,4653,-4344,309
2010-09-09T22:00:00Z,16.28,16.3,16.25,16.28,18081,-17457,624,1278,-2211,-933,4653,-4344,309,NaN,NaN,NaN,NaN,NaN,18081,-17457,624,1278,-2211,-933,4653,-4344,309
2010-09-12T22:00:00Z,16.29,16.33,16.26,16.3,18081,-17457,624,1278,-2211,-933,4653,-4344,309,NaN,NaN,NaN,NaN,NaN,18081,-17457,624,1278,-2211,-933,4653,-4344,309
2010-09-13T22:00:00Z,16.33,16.36,16.31,16.33,18541,-19191,-650,2350,-2566,-216,4423,-3557,866,NaN,NaN,NaN,NaN,NaN,18541,-19191,-650,2350,-2566,-216,4423,-3557,866
2010-09-14T22:00:00Z,16.32,16.37,16.32,16.32,18541,-19191,-650,2350,-2566,-216,4423,-3557,866,NaN,NaN,NaN,NaN,NaN,18541,-19191,-650,2350,-2566,-216,4423,-3557,866
2010-09-15T22:00:00Z,16.36,16.44,16.33,16.37,18541,-19191,-650,2350,-2566,-216,4423,-3557,866,NaN,NaN,NaN,NaN,NaN,18541,-19191,-650,2350,-2566,-216,4423,-3557,866
2010-09-16T22:00:00Z,16.35,16.39,16.29,16.31,18541,-19191,-650,2350,-2566,-216,4423,-3557,866,NaN,NaN,NaN,NaN,NaN,18541,-19191,-650,2350,-2566,-216,4423,-3557,866
2010-09-19T22:00:00Z,16.29,16.3,16.27,16.3,18541,-19191,-650,2350,-2566,-216,4423,-3557,866,NaN,NaN,NaN,NaN,NaN,18541,-19191,-650,2350,-2566,-216,4423,-3557,866
2010-09-20T22:00:00Z,16.28,16.3,16.28,16.3,18581,-20248,-1667,2700,-2468,232,4885,-3450,1435,NaN,NaN,NaN,NaN,NaN,18581,-20248,-1667,2700,-2468,232,4885,-3450,1435
2010-09-21T22:00:00Z,16.31,16.32,16.29,16.31,18581,-20248,-1667,2700,-2468,232,4885,-3450,1435,NaN,NaN,NaN,NaN,NaN,18581,-20248,-1667,2700,-2468,232,4885,-3450,1435
2010-09-22T22:00:00Z,16.33,16.33,16.25,16.3,18581,-20248,-1667,2700,-2468,232,4885,-3450,1435,NaN,NaN,NaN,NaN,NaN,18581,-20248,-1667,2700,-2468,232,4885,-3450,1435
2010-09-23T22:00:00Z,16.31,16.31,16.26,16.26,18581,-20248,-1667,2700,-2468,232,4885,-3450,1435,NaN,NaN,NaN,NaN,NaN,18581,-20248,-1667,2700,-2468,232,4885,-3450,1435
2010-09-26T22:00:00Z,16.54,16.57,16.49,16.55,18581,-20248,-1667,2700,-2468,232,4885,-3450,1435,NaN,NaN,NaN,NaN,NaN,18581,-20248,-1667,2700,-2468,232,4885,-3450,1435
2010-09-27T22:00:00Z,16.54,16.54,16.47,16.49,18712,-20819,-2107,3157,-2551,606,5049,-3548,1501,NaN,NaN,NaN,NaN,NaN,18712,-20819,-2107,3157,-2551,606,5049,-3548,1501
2010-09-28T22:00:00Z,16.45,16.57,16.38,16.55,18712,-20819,-2107,3157,-2551,606,5049,-3548,1501,NaN,NaN,NaN,NaN,NaN,18712,-20819,-2107,3157,-2551,606,5049,-3548,1501
2010-09-29T22:00:00Z,16.57,16.62,16.53,16.62,18712,-20819,-2107,3157,-2551,606,5049,-3548,1501,NaN,NaN,NaN,NaN,NaN,18712,-20819,-2107,3157,-2551,606,5049,-3548,1501
2010-09-30T22:00:00Z,16.6,16.67,16.57,16.58,18712,-20819,-2107,3157,-2551,606,5049,-3548,1501,NaN,NaN,NaN,NaN,NaN,18712,-20819,-2107,3157,-2551,606,5049,-3548,1501
2010-10-03T22:00:00Z,16.62,16.65,16.48,16.56,18712,-20819,-2107,3157,-2551,606,5049,-3548,1501,NaN,NaN,NaN,NaN,NaN,18712,-20819,-2107,3157,-2551,606,5049,-3548,1501
2010-10-04T22:00:00Z,16.53,16.63,16.45,16.63,15759,-17774,-2015,2303,-1613,690,4408,-3083,1325,NaN,NaN,NaN,NaN,NaN,15759,-17774,-2015,2303,-1613,690,4408,-3083,1325
2010-10-05T22:00:00Z,16.64,16.73,16.61,16.72,15759,-17774,-2015,2303,-1613,690,4408,-3083,1325,NaN,NaN,NaN,NaN,NaN,15759,-17774,-2015,2303,-1613,690,4408,-3083,1325
2010-10-06T22:00:00Z,16.61,16.72,16.61,16.7,15759,-17774,-2015,2303,-1613,690,4408,-3083,1325,NaN,NaN,NaN,NaN,NaN,15759,-17774,-2015,2303,-1613,690,4408,-3083,1325
2010-10-07T22:00:00Z,16.72,16.79,16.7,16.79,15759,-17774,-2015,2303,-1613,690,4408,-3083,1325,NaN,NaN,NaN,NaN,NaN,15759,-17774,-2015,2303,-1613,690,4408,-3083,1325
2010-10-10T22:00:00Z,16.85,16.87,16.78,16.8,15759,-17774,-2015,2303,-1613,690,4408,-3083,1325,NaN,NaN,NaN,NaN,NaN,15759,-17774,-2015,2303,-1613,690,4408,-3083,1325
2010-10-11T22:00:00Z,16.79,16.83,16.73,16.8,15790,-18735,-2945,3289,-1646,1643,4506,-3204,1302,NaN,NaN,NaN,NaN,NaN,15790,-18735,-2945,3289,-1646,1643,4506,-3204,1302
2010-10-12T22:00:00Z,16.78,16.84,16.76,16.82,15790,-18735,-2945,3289,-1646,1643,4506,-3204,1302,NaN,NaN,NaN,NaN,NaN,15790,-18735,-2945,3289,-1646,1643,4506,-3204,1302
2010-10-13T22:00:00Z,16.81,16.84,16.8,16.82,15790,-18735,-2945,3289,-1646,1643,4506,-3204,1302,NaN,NaN,NaN,NaN,NaN,15790,-18735,-2945,3289,-1646,1643,4506,-3204,1302
2010-10-14T22:00:00Z,16.83,16.89,16.8,16.82,15790,-18735,-2945,3289,-1646,1643,4506,-3204,1302,NaN,NaN,NaN,NaN,NaN,15790,-18735,-2945,3289,-1646,1643,4506,-3204,1302
2010-10-17T22:00:00Z,16.8,16.85,16.8,16.84,15790,-18735,-2945,3289,-1646,1643,4506,-3204,1302,NaN,NaN,NaN,NaN,NaN,15790,-18735,-2945,3289,-1646,1643,4506,-3204,1302
2010-10-18T22:00:00Z,16.82,16.85,16.81,16.83,17023,-19550,-2527,4325,-2456,1869,4213,-3555,658,NaN,NaN,NaN,NaN,NaN,17023,-19550,-2527,4325,-2456,1869,4213,-3555,658
2010-10-19T22:00:00Z,16.87,16.88,16.84,16.88,17023,-19550,-2527,4325,-2456,1869,4213,-3555,658,NaN,NaN,NaN,NaN,NaN,17023,-19550,-2527,4325,-2456,1869,4213,-3555,658
2010-10-20T22:00:00Z,16.86,16.88,16.85,16.88,17023,-19550,-2527,4325,-2456,1869,4213,-3555,658,NaN,NaN,NaN,NaN,NaN,17023,-19550,-2527,4325,-2456,1869,4213,-3555,658
2010-10-21T22:00:00Z,16.91,16.91,16.87,16.88,17023,-19550,-2527,4325,-2456,1869,4213,-3555,658,NaN,NaN,NaN,NaN,NaN,17023,-19550,-2527,4325,-2456,1869,4213,-3555,658
2010-10-24T22:00:00Z,16.87,16.9,16.86,16.89,17023,-19550,-2527,4325,-2456,1869,4213,-3555,658,NaN,NaN,NaN,NaN,NaN,17023,-19550,-2527,4325,-2456,1869,4213,-3555,658
2010-10-25T22:00:00Z,16.88,16.9,16.87,16.88,17475,-20640,-3165,4388,-2310,2078,4777,-3690,1087,NaN,NaN,NaN,NaN,NaN,17475,-20640,-3165,4388,-2310,2078,4777,-3690,1087
2010-10-26T22:00:00Z,16.9,16.9,16.88,16.88,17475,-20640,-3165,4388,-2310,2078,4777,-3690,1087,NaN,NaN,NaN,NaN,NaN,17475,-20640,-3165,4388,-2310,2078,4777,-3690,1087
2010-10-27T22:00:00Z,16.9,16.9,16.86,16.86,17475,-20640,-3165,4388,-2310,2078,4777,-3690,1087,NaN,NaN,NaN,NaN,NaN,17475,-20640,-3165,4388,-2310,2078,4777,-3690,1087
2010-10-28T22:00:00Z,16.9,16.94,16.9,16.92,17475,-20640,-3165,4388,-2310,2078,4777,-3690,1087,NaN,NaN,NaN,NaN,NaN,17475,-20640,-3165,4388,-2310,2078,4777,-3690,1087
2010-10-31T22:00:00Z,15.65,15.67,15.52,15.58,17475,-20640,-3165,4388,-2310,2078,4777,-3690,1087,NaN,NaN,NaN,NaN,NaN,17475,-20640,-3165,4388,-2310,2078,4777,-3690,1087
2010-11-01T22:00:00Z,15.54,15.65,15.52,15.58,18815,-21560,-2745,5019,-2657,2362,4209,-3826,383,NaN,NaN,NaN,NaN,NaN,18815,-21560,-2745,5019,-2657,2362,4209,-3826,383
2010-11-02T22:00:00Z,15.54,15.58,15.43,15.45,18815,-21560,-2745,5019,-2657,2362,4209,-3826,383,NaN,NaN,NaN,NaN,NaN,18815,-21560,-2745,5019,-2657,2362,4209,-3826,383
2010-11-03T22:00:00Z,15.51,15.72,15.45,15.69,18815,-21560,-2745,5019,-2657,2362,4209,-3826,383,NaN,NaN,NaN,NaN,NaN,18815,-21560,-2745,5019,-2657,2362,4209,-3826,383
2010-11-04T22:00:00Z,15.68,15.71,15.41,15.45,18815,-21560,-2745,5019,-2657,2362,4209,-3826,383,NaN,NaN,NaN,NaN,NaN,18815,-21560,-2745,5019,-2657,2362,4209,-3826,383
2010-11-07T23:00:00Z,15.44,15.48,15.35,15.38,18815,-21560,-2745,5019,-2657,2362,4209,-3826,383,NaN,NaN,NaN,NaN,NaN,18815,-21560,-2745,5019,-2657,2362,4209,-3826,383
2010-11-08T23:00:00Z,15.41,15.49,15.38,15.45,17349,-19225,-1876,4242,-2865,1377,3752,-3253,499,NaN,NaN,NaN,NaN,NaN,17349,-19225,-1876,4242,-2865,1377,3752,-3253,499
2010-11-09T23:00:00Z,15.43,15.48,15.38,15.45,17349,-19225,-1876,4242,-2865,1377,3752,-3253,499,NaN,NaN,NaN,NaN,NaN,17349,-19225,-1876,4242,-2865,1377,3752,-3253,499
2010-11-10T23:00:00Z,15.42,15.45,15.4,15.43,17349,-19225,-1876,4242,-2865,1377,3752,-3253,499,NaN,NaN,NaN,NaN,NaN,17349,-19225,-1876,4242,-2865,1377,3752,-3253,499
2010-11-11T23:00:00Z,15.4,15.43,15.3,15.43,17349,-19225,-1876,4242,-2865,1377,3752,-3253,499,NaN,NaN,NaN,NaN,NaN,17349,-19225,-1876,4242,-2865,1377,3752,-3253,499
2010-11-14T23:00:00Z,15.4,15.44,15.38,15.43,17349,-19225,-1876,4242,-2865,1377,3752,-3253,499,NaN,NaN,NaN,NaN,NaN,17349,-19225,-1876,4242,-2865,1377,3752,-3253,499
2010-11-15T23:00:00Z,15.44,15.45,15.38,15.42,18820,-20196,-1376,4339,-3308,1031,3682,-3337,345,NaN,NaN,NaN,NaN,NaN,18820,-20196,-1376,4339,-3308,1031,3682,-3337,345
2010-11-16T23:00:00Z,15.43,15.5,15.43,15.46,18820,-20196,-1376,4339,-3308,1031,3682,-3337,345,NaN,NaN,NaN,NaN,NaN,18820,-20196,-1376,4339,-3308,1031,3682,-3337,345
2010-11-17T23:00:00Z,15.46,15.5,15.44,15.48,18820,-20196,-1376,4339,-3308,1031,3682,-3337,345,NaN,NaN,NaN,NaN,NaN,18820,-20196,-1376,4339,-3308,1031,3682,-3337,345
2010-11-18T23:00:00Z,15.49,15.52,15.4,15.43,18820,-20196,-1376,4339,-3308,1031,3682,-3337,345,NaN,NaN,NaN,NaN,NaN,18820,-20196,-1376,4339,-3308,1031,3682,-3337,345
2010-11-21T23:00:00Z,15.45,15.45,15.4,15.43,18820,-20196,-1376,4339,-3308,1031,3682,-3337,345,NaN,NaN,NaN,NaN,NaN,18820,-20196,-1376,4339,-3308,1031,3682,-3337,345
2010-11-23T23:00:00Z,15.4,15.42,15.4,15.42,20537,-21303,-766,3860,-4094,-234,4129,-3129,1000,NaN,NaN,NaN,NaN,NaN,20537,-21303,-766,3860,-4094,-234,4129,-3129,1000
2010-11-24T23:00:00Z,15.42,15.42,15.42,15.42,20537,-21303,-766,3860,-4094,-234,4129,-3129,1000,NaN,NaN,NaN,NaN,NaN,20537,-21303,-766,3860,-4094,-234,4129,-3129,1000
2010-11-28T23:00:00Z,13.7,13.88,13.64,13.81,20537,-21303,-766,3860,-4094,-234,4129,-3129,1000,NaN,NaN,NaN,NaN,NaN,20537,-21303,-766,3860,-4094,-234,4129,-3129,1000
2010-11-29T23:00:00Z,13.85,14.02,13.85,13.91,22008,-22168,-160,4045,-4749,-704,4132,-3268,864,NaN,NaN,NaN,NaN,NaN,22008,-22168,-160,4045,-4749,-704,4132,-3268,864
2010-11-30T23:00:00Z,13.92,13.95,13.87,13.93,22008,-22168,-160,4045,-4749,-704,4132,-3268,864,NaN,NaN,NaN,NaN,NaN,22008,-22168,-160,4045,-4749,-704,4132,-3268,864
2010-12-01T23:00:00Z,13.94,13.95,13.72,13.77,22008,-22168,-160,4045,-4749,-704,4132,-3268,864,NaN,NaN,NaN,NaN,NaN,22008,-22168,-160,4045,-4749,-704,4132,-3268,864
2010-12-02T23:00:00Z,13.79,13.92,13.79,13.9,22008,-22168,-160,4045,-4749,-704,4132,-3268,864,NaN,NaN,NaN,NaN,NaN,22008,-22168,-160,4045,-4749,-704,4132,-3268,864
2010-12-05T23:00:00Z,13.92,13.92,13.74,13.88,22008,-22168,-160,4045,-4749,-704,4132,-3268,864,NaN,NaN,NaN,NaN,NaN,22008,-22168,-160,4045,-4749,-704,4132,-3268,864
2010-12-06T23:00:00Z,13.86,13.89,13.74,13.84,20086,-19082,1004,3282,-4932,-1650,3936,-3290,646,NaN,NaN,NaN,NaN,NaN,20086,-19082,1004,3282,-4932,-1650,3936,-3290,646
2010-12-07T23:00:00Z,13.81,13.87,13.78,13.84,20086,-19082,1004,3282,-4932,-1650,3936,-3290,646,NaN,NaN,NaN,NaN,NaN,20086,-19082,1004,3282,-4932,-1650,3936,-3290,646
2010-12-08T23:00:00Z,13.83,13.84,13.77,13.78,20086,-19082,1004,3282,-4932,-1650,3936,-3290,646,NaN,NaN,NaN,NaN,NaN,20086,-19082,1004,3282,-4932,-1650,3936,-3290,646
2010-12-09T23:00:00Z,13.8,13.85,13.78,13.8,20086,-19082,1004,3282,-4932,-1650,3936,-3290,646,NaN,NaN,NaN,NaN,NaN,20086,-19082,1004,3282,-4932,-1650,3936,-3290,646
2010-12-12T23:00:00Z,13.85,13.85,13.78,13.82,20086,-19082,1004,3282,-4932,-1650,3936,-3290,646,NaN,NaN,NaN,NaN,NaN,20086,-19082,1004,3282,-4932,-1650,3936,-3290,646
2010-12-13T23:00:00Z,13.79,13.81,13.78,13.78,22210,-20394,1816,3845,-6129,-2284,4029,-3561,468,NaN,NaN,NaN,NaN,NaN,22210,-20394,1816,3845,-6129,-2284,4029,-3561,468
2010-12-14T23:00:00Z,13.78,13.81,13.77,13.78,22210,-20394,1816,3845,-6129,-2284,4029,-3561,468,NaN,NaN,NaN,NaN,NaN,22210,-20394,1816,3845,-6129,-2284,4029,-3561,468
2010-12-15T23:00:00Z,13.79,13.82,13.78,13.78,22210,-20394,1816,3845,-6129,-2284,4029,-3561,468,NaN,NaN,NaN,NaN,NaN,22210,-20394,1816,3845,-6129,-2284,4029,-3561,468
2010-12-16T23:00:00Z,13.8,13.8,13.73,13.73,22210,-20394,1816,3845,-6129,-2284,4029,-3561,468,NaN,NaN,NaN,NaN,NaN,22210,-20394,1816,3845,-6129,-2284,4029,-3561,468
2010-12-19T23:00:00Z,13.74,13.76,13.74,13.74,22210,-20394,1816,3845,-6129,-2284,4029,-3561,468,NaN,NaN,NaN,NaN,NaN,22210,-20394,1816,3845,-6129,-2284,4029,-3561,468
2010-12-20T23:00:00Z,13.73,13.75,13.73,13.74,22967,-21072,1895,4255,-6579,-2324,4421,-3992,429,NaN,NaN,NaN,NaN,NaN,22967,-21072,1895,4255,-6579,-2324,4421,-3992,429
2010-12-21T23:00:00Z,13.75,13.75,13.73,13.73,22967,-21072,1895,4255,-6579,-2324,4421,-3992,429,NaN,NaN,NaN,NaN,NaN,22967,-21072,1895,4255,-6579,-2324,4421,-3992,429
2010-12-22T23:00:00Z,13.73,13.81,13.73,13.79,22967,-21072,1895,4255,-6579,-2324,4421,-3992,429,NaN,NaN,NaN,NaN,NaN,22967,-21072,1895,4255,-6579,-2324,4421,-3992,429
2010-12-26T23:00:00Z,13.21,13.24,13.1,13.1,22967,-21072,1895,4255,-6579,-2324,4421,-3992,429,NaN,NaN,NaN,NaN,NaN,22967,-21072,1895,4255,-6579,-2324,4421,-3992,429
2010-12-27T23:00:00Z,13.14,13.14,13.06,13.1,24421,-21444,2977,4265,-6869,-2604,3886,-4259,-373,NaN,NaN,NaN,NaN,NaN,24421,-21444,2977,4265,-6869,-2604,3886,-4259,-373
2010-12-28T23:00:00Z,13.1,13.28,13.05,13.25,24421,-21444,2977,4265,-6869,-2604,3886,-4259,-373,NaN,NaN,NaN,NaN,NaN,24421,-21444,2977,4265,-6869,-2604,3886,-4259,-373
2010-12-29T23:00:00Z,13.2,13.3,13.17,13.27,24421,-21444,2977,4265,-6869,-2604,3886,-4259,-373,NaN,NaN,NaN,NaN,NaN,24421,-21444,2977,4265,-6869,-2604,3886,-4259,-373
2010-12-30T23:00:00Z,13.27,13.31,13.16,13.22,24421,-21444,2977,4265,-6869,-2604,3886,-4259,-373,NaN,NaN,NaN,NaN,NaN,24421,-21444,2977,4265,-6869,-2604,3886,-4259,-373
2011-01-02T23:00:00Z,13.22,13.25,13.17,13.19,24421,-21444,2977,4265,-6869,-2604,3886,-4259,-373,NaN,NaN,NaN,NaN,NaN,24421,-21444,2977,4265,-6869,-2604,3886,-4259,-373
2011-01-03T23:00:00Z,13.19,13.21,13.15,13.18,22072,-18320,3752,3177,-6027,-2850,3815,-4717,-902,NaN,NaN,NaN,NaN,NaN,22072,-18320,3752,3177,-6027,-2850,3815,-4717,-902
2011-01-04T23:00:00Z,13.17,13.23,13.16,13.21,22072,-18320,3752,3177,-6027,-2850,3815,-4717,-902,NaN,NaN,NaN,NaN,NaN,22072,-18320,3752,3177,-6027,-2850,3815,-4717,-902
2011-01-05T23:00:00Z,13.2,13.29,13.19,13.22,22072,-18320,3752,3177,-6027,-2850,3815,-4717,-902,NaN,NaN,NaN,NaN,NaN,22072,-18320,3752,3177,-6027,-2850,3815,-4717,-902
2011-01-06T23:00:00Z,13.2,13.34,13.2,13.33,22072,-18320,3752,3177,-6027,-2850,3815,-4717,-902,NaN,NaN,NaN,NaN,NaN,22072,-18320,3752,3177,-6027,-2850,3815,-4717,-902
2011-01-09T23:00:00Z,13.34,13.39,13.32,13.35,22072,-18320,3752,3177,-6027,-2850,3815,-4717,-902,NaN,NaN,NaN,NaN,NaN,22072,-18320,3752,3177,-6027,-2850,3815,-4717,-902
2011-01-10T23:00:00Z,13.32,13.5,13.29,13.46,23609,-20046,3563,3855,-6099,-2244,3924,-5243,-1319,NaN,NaN,NaN,NaN,NaN,23609,-20046,3563,3855,-6099,-2244,3924,-5243,-1319
2011-01-11T23:00:00Z,13.44,13.55,13.44,13.52,23609,-20046,3563,3855,-6099,-2244,3924,-5243,-1319,NaN,NaN,NaN,NaN,NaN,23609,-20046,3563,3855,-6099,-2244,3924,-5243,-1319
2011-01-13T23:00:00Z,13.52,13.53,13.47,13.51,23609,-20046,3563,3855,-6099,-2244,3924,-5243,-1319,NaN,NaN,NaN,NaN,NaN,23609,-20046,3563,3855,-6099,-2244,3924,-5243,-1319
2011-01-16T23:00:00Z,13.49,13.54,13.49,13.51,24107,-21586,2521,4036,-6449,-2413,4762,-4870,-108,NaN,NaN,NaN,NaN,NaN,24107,-21586,2521,4036,-6449,-2413,4762,-4870,-108
2011-01-18T23:00:00Z,13.49,13.49,13.45,13.47,24107,-21586,2521,4036,-6449,-2413,4762,-4870,-108,NaN,NaN,NaN,NaN,NaN,24107,-21586,2521,4036,-6449,-2413,4762,-4870,-108
2011-01-19T23:00:00Z,13.47,13.5,13.46,13.5,24107,-21586,2521,4036,-6449,-2413,4762,-4870,-108,NaN,NaN,NaN,NaN,NaN,24107,-21586,2521,4036,-6449,-2413,4762,-4870,-108
2011-01-20T23:00:00Z,13.51,13.53,13.48,13.5,24107,-21586,2521,4036,-6449,-2413,4762,-4870,-108,NaN,NaN,NaN,NaN,NaN,24107,-21586,2521,4036,-6449,-2413,4762,-4870,-108
2011-01-23T23:00:00Z,13.51,13.54,13.5,13.53,24107,-21586,2521,4036,-6449,-2413,4762,-4870,-108,NaN,NaN,NaN,NaN,NaN,24107,-21586,2521,4036,-6449,-2413,4762,-4870,-108
2011-01-24T23:00:00Z,13.54,13.55,13.53,13.53,25150,-23762,1388,4738,-6576,-1838,4910,-4460,450,NaN,NaN,NaN,NaN,NaN,25150,-23762,1388,4738,-6576,-1838,4910,-4460,450
2011-01-25T23:00:00Z,13.53,13.53,13.53,13.53,25150,-23762,1388,4738,-6576,-1838,4910,-4460,450,NaN,NaN,NaN,NaN,NaN,25150,-23762,1388,4738,-6576,-1838,4910,-4460,450
2011-01-26T23:00:00Z,13.53,13.53,13.52,13.52,25150,-23762,1388,4738,-6576,-1838,4910,-4460,450,NaN,NaN,NaN,NaN,NaN,25150,-23762,1388,4738,-6576,-1838,4910,-4460,450
2011-01-27T23:00:00Z,13.52,13.52,13.48,13.5,25150,-23762,1388,4738,-6576,-1838,4910,-4460,450,NaN,NaN,NaN,NaN,NaN,25150,-23762,1388,4738,-6576,-1838,4910,-4460,450
2011-01-30T23:00:00Z,16.43,16.74,16.43,16.7,25150,-23762,1388,4738,-6576,-1838,4910,-4460,450,NaN,NaN,NaN,NaN,NaN,25150,-23762,1388,4738,-6576,-1838,4910,-4460,450
2011-01-31T23:00:00Z,16.68,16.79,16.35,16.65,26186,-26761,-575,5682,-6422,-740,6208,-4893,1315,NaN,NaN,NaN,NaN,NaN,26186,-26761,-575,5682,-6422,-740,6208,-4893,1315
2011-02-01T23:00:00Z,16.6,16.65,16.46,16.47,26186,-26761,-575,5682,-6422,-740,6208,-4893,1315,NaN,NaN,NaN,NaN,NaN,26186,-26761,-575,5682,-6422,-740,6208,-4893,1315
2011-02-02T23:00:00Z,16.5,16.68,16.5,16.63,26186,-26761,-575,5682,-6422,-740,6208,-4893,1315,NaN,NaN,NaN,NaN,NaN,26186,-26761,-575,5682,-6422,-740,6208,-4893,1315
2011-02-03T23:00:00Z,16.63,16.68,16.5,16.59,26186,-26761,-575,5682,-6422,-740,6208,-4893,1315,NaN,NaN,NaN,NaN,NaN,26186,-26761,-575,5682,-6422,-740,6208,-4893,1315
2011-02-06T23:00:00Z,16.56,16.64,16.54,16.56,26186,-26761,-575,5682,-6422,-740,6208,-4893,1315,NaN,NaN,NaN,NaN,NaN,26186,-26761,-575,5682,-6422,-740,6208,-4893,1315
2011-02-07T23:00:00Z,16.55,16.72,16.53,16.7,22201,-24699,-2498,6759,-5614,1145,6151,-4798,1353,NaN,NaN,NaN,NaN,NaN,22201,-24699,-2498,6759,-5614,1145,6151,-4798,1353
2011-02-08T23:00:00Z,16.71,16.74,16.62,16.69,22201,-24699,-2498,6759,-5614,1145,6151,-4798,1353,NaN,NaN,NaN,NaN,NaN,22201,-24699,-2498,6759,-5614,1145,6151,-4798,1353
2011-02-09T23:00:00Z,16.75,16.75,16.69,16.7,22201,-24699,-2498,6759,-5614,1145,6151,-4798,1353,NaN,NaN,NaN,NaN,NaN,22201,-24699,-2498,6759,-5614,1145,6151,-4798,1353
2011-02-10T23:00:00Z,16.72,17.02,16.72,16.99,22201,-24699,-2498,6759,-5614,1145,6151,-4798,1353,NaN,NaN,NaN,NaN,NaN,22201,-24699,-2498,6759,-5614,1145,6151,-4798,1353
2011-02-13T23:00:00Z,17.04,17.04,16.95,16.96,22201,-24699,-2498,6759,-5614,1145,6151,-4798,1353,NaN,NaN,NaN,NaN,NaN,22201,-24699,-2498,6759,-5614,1145,6151,-4798,1353
2011-02-14T23:00:00Z,17,17,16.95,16.96,23554,-26692,-3138,7458,-5435,2023,5927,-4812,1115,NaN,NaN,NaN,NaN,NaN,23554,-26692,-3138,7458,-5435,2023,5927,-4812,1115
2011-02-15T23:00:00Z,16.97,16.97,16.92,16.93,23554,-26692,-3138,7458,-5435,2023,5927,-4812,1115,NaN,NaN,NaN,NaN,NaN,23554,-26692,-3138,7458,-5435,2023,5927,-4812,1115
2011-02-16T23:00:00Z,16.96,16.98,16.93,16.98,23554,-26692,-3138,7458,-5435,2023,5927,-4812,1115,NaN,NaN,NaN,NaN,NaN,23554,-26692,-3138,7458,-5435,2023,5927,-4812,1115
2011-02-17T23:00:00Z,16.97,17.05,16.97,16.99,23554,-26692,-3138,7458,-5435,2023,5927,-4812,1115,NaN,NaN,NaN,NaN,NaN,23554,-26692,-3138,7458,-5435,2023,5927,-4812,1115
2011-02-20T23:00:00Z,17.01,17.02,16.97,16.98,25246,-28167,-2921,7347,-5879,1468,6069,-4616,1453,NaN,NaN,NaN,NaN,NaN,25246,-28167,-2921,7347,-5879,1468,6069,-4616,1453
2011-02-22T23:00:00Z,17,17.05,16.99,17.04,25246,-28167,-2921,7347,-5879,1468,6069,-4616,1453,NaN,NaN,NaN,NaN,NaN,25246,-28167,-2921,7347,-5879,1468,6069,-4616,1453
2011-02-23T23:00:00Z,16.99,17,16.95,17,25246,-28167,-2921,7347,-5879,1468,6069,-4616,1453,NaN,NaN,NaN,NaN,NaN,25246,-28167,-2921,7347,-5879,1468,6069,-4616,1453
2011-02-24T23:00:00Z,17.01,17.09,16.99,17.07,25246,-28167,-2921,7347,-5879,1468,6069,-4616,1453,NaN,NaN,NaN,NaN,NaN,25246,-28167,-2921,7347,-5879,1468,6069,-4616,1453
2011-02-27T23:00:00Z,19.01,19.23,19,19.19,25246,-28167,-2921,7347,-5879,1468,6069,-4616,1453,NaN,NaN,NaN,NaN,NaN,25246,-28167,-2921,7347,-5879,1468,6069,-4616,1453
2011-02-28T23:00:00Z,19.16,19.48,19.16,19.44,26013,-29209,-3196,7619,-5255,2364,5593,-4761,832,NaN,NaN,NaN,NaN,NaN,26013,-29209,-3196,7619,-5255,2364,5593,-4761,832
2011-03-01T23:00:00Z,19.37,19.48,19.35,19.47,26013,-29209,-3196,7619,-5255,2364,5593,-4761,832,NaN,NaN,NaN,NaN,NaN,26013,-29209,-3196,7619,-5255,2364,5593,-4761,832
2011-03-02T23:00:00Z,19.52,19.6,19.4,19.6,26013,-29209,-3196,7619,-5255,2364,5593,-4761,832,NaN,NaN,NaN,NaN,NaN,26013,-29209,-3196,7619,-5255,2364,5593,-4761,832
2011-03-03T23:00:00Z,19.63,19.63,19.52,19.58,26013,-29209,-3196,7619,-5255,2364,5593,-4761,832,NaN,NaN,NaN,NaN,NaN,26013,-29209,-3196,7619,-5255,2364,5593,-4761,832
2011-03-06T23:00:00Z,19.61,19.62,19.5,19.61,26013,-29209,-3196,7619,-5255,2364,5593,-4761,832,NaN,NaN,NaN,NaN,NaN,26013,-29209,-3196,7619,-5255,2364,5593,-4761,832
2011-03-07T23:00:00Z,19.56,19.59,19.48,19.54,22646,-26121,-3475,7556,-5097,2459,5335,-4319,1016,NaN,NaN,NaN,NaN,NaN,22646,-26121,-3475,7556,-5097,2459,5335,-4319,1016
2011-03-08T23:00:00Z,19.52,19.63,19.43,19.63,22646,-26121,-3475,7556,-5097,2459,5335,-4319,1016,NaN,NaN,NaN,NaN,NaN,22646,-26121,-3475,7556,-5097,2459,5335,-4319,1016
2011-03-09T23:00:00Z,19.57,19.63,19.52,19.6,22646,-26121,-3475,7556,-5097,2459,5335,-4319,1016,NaN,NaN,NaN,NaN,NaN,22646,-26121,-3475,7556,-5097,2459,5335,-4319,1016
2011-03-10T23:00:00Z,19.59,19.65,19.59,19.65,22646,-26121,-3475,7556,-5097,2459,5335,-4319,1016,NaN,NaN,NaN,NaN,NaN,22646,-26121,-3475,7556,-5097,2459,5335,-4319,1016
2011-03-13T22:00:00Z,19.63,19.65,19.55,19.61,22646,-26121,-3475,7556,-5097,2459,5335,-4319,1016,NaN,NaN,NaN,NaN,NaN,22646,-26121,-3475,7556,-5097,2459,5335,-4319,1016
2011-03-14T22:00:00Z,19.58,19.61,19.49,19.59,25435,-26885,-1450,6746,-5027,1719,4082,-4351,-269,NaN,NaN,NaN,NaN,NaN,25435,-26885,-1450,6746,-5027,1719,4082,-4351,-269
2011-03-15T22:00:00Z,19.6,19.6,19.52,19.58,25435,-26885,-1450,6746,-5027,1719,4082,-4351,-269,NaN,NaN,NaN,NaN,NaN,25435,-26885,-1450,6746,-5027,1719,4082,-4351,-269
2011-03-16T22:00:00Z,19.57,19.57,19.51,19.55,25435,-26885,-1450,6746,-5027,1719,4082,-4351,-269,NaN,NaN,NaN,NaN,NaN,25435,-26885,-1450,6746,-5027,1719,4082,-4351,-269
2011-03-17T22:00:00Z,19.55,19.57,19.46,19.5,25435,-26885,-1450,6746,-5027,1719,4082,-4351,-269,NaN,NaN,NaN,NaN,NaN,25435,-26885,-1450,6746,-5027,1719,4082,-4351,-269
2011-03-20T22:00:00Z,19.45,19.47,19.4,19.46,25435,-26885,-1450,6746,-5027,1719,4082,-4351,-269,NaN,NaN,NaN,NaN,NaN,25435,-26885,-1450,6746,-5027,1719,4082,-4351,-269
2011-03-21T22:00:00Z,19.41,19.48,19.4,19.46,26083,-27813,-1730,7703,-5532,2171,4135,-4576,-441,NaN,NaN,NaN,NaN,NaN,26083,-27813,-1730,7703,-5532,2171,4135,-4576,-441
2011-03-22T22:00:00Z,19.44,19.46,19.41,19.46,26083,-27813,-1730,7703,-5532,2171,4135,-4576,-441,NaN,NaN,NaN,NaN,NaN,26083,-27813,-1730,7703,-5532,2171,4135,-4576,-441
2011-03-23T22:00:00Z,19.46,19.47,19.38,19.45,26083,-27813,-1730,7703,-5532,2171,4135,-4576,-441,NaN,NaN,NaN,NaN,NaN,26083,-27813,-1730,7703,-5532,2171,4135,-4576,-441
2011-03-24T22:00:00Z,19.45,19.47,19.4,19.44,26083,-27813,-1730,7703,-5532,2171,4135,-4576,-441,NaN,NaN,NaN,NaN,NaN,26083,-27813,-1730,7703,-5532,2171,4135,-4576,-441
2011-03-27T22:00:00Z,16.78,17.15,16.5,17.04,26083,-27813,-1730,7703,-5532,2171,4135,-4576,-441,NaN,NaN,NaN,NaN,NaN,26083,-27813,-1730,7703,-5532,2171,4135,-4576,-441
2011-03-28T22:00:00Z,16.95,17.1,16.54,16.76,27612,-28554,-942,7386,-6077,1309,4532,-4899,-367,NaN,NaN,NaN,NaN,NaN,27612,-28554,-942,7386,-6077,1309,4532,-4899,-367
2011-03-29T22:00:00Z,16.55,16.7,16.5,16.65,27612,-28554,-942,7386,-6077,1309,4532,-4899,-367,NaN,NaN,NaN,NaN,NaN,27612,-28554,-942,7386,-6077,1309,4532,-4899,-367
2011-03-30T22:00:00Z,16.78,16.78,16.6,16.71,27612,-28554,-942,7386,-6077,1309,4532,-4899,-367,NaN,NaN,NaN,NaN,NaN,27612,-28554,-942,7386,-6077,1309,4532,-4899,-367
2011-03-31T22:00:00Z,16.74,16.74,16.62,16.65,27612,-28554,-942,7386,-6077,1309,4532,-4899,-367,NaN,NaN,NaN,NaN,NaN,27612,-28554,-942,7386,-6077,1309,4532,-4899,-367
2011-04-03T22:00:00Z,16.51,16.62,16.49,16.52,27612,-28554,-942,7386,-6077,1309,4532,-4899,-367,NaN,NaN,NaN,NaN,NaN,27612,-28554,-942,7386,-6077,1309,4532,-4899,-367
2011-04-04T22:00:00Z,16.49,16.64,16.43,16.54,24111,-24286,-175,4549,-4746,-197,4266,-3894,372,NaN,NaN,NaN,NaN,NaN,24111,-24286,-175,4549,-4746,-197,4266,-3894,372
2011-04-05T22:00:00Z,16.58,16.65,16.54,16.63,24111,-24286,-175,4549,-4746,-197,4266,-3894,372,NaN,NaN,NaN,NaN,NaN,24111,-24286,-175,4549,-4746,-197,4266,-3894,372
2011-04-06T22:00:00Z,16.68,16.68,16.5,16.59,24111,-24286,-175,4549,-4746,-197,4266,-3894,372,NaN,NaN,NaN,NaN,NaN,24111,-24286,-175,4549,-4746,-197,4266,-3894,372
2011-04-07T22:00:00Z,16.62,16.73,16.56,16.71,24111,-24286,-175,4549,-4746,-197,4266,-3894,372,NaN,NaN,NaN,NaN,NaN,24111,-24286,-175,4549,-4746,-197,4266,-3894,372
2011-04-10T22:00:00Z,16.74,16.8,16.73,16.78,24111,-24286,-175,4549,-4746,-197,4266,-3894,372,NaN,NaN,NaN,NaN,NaN,24111,-24286,-175,4549,-4746,-197,4266,-3894,372
2011-04-11T22:00:00Z,16.78,16.82,16.69,16.75,24984,-25064,-80,4646,-4217,429,4204,-4553,-349,NaN,NaN,NaN,NaN,NaN,24984,-25064,-80,4646,-4217,429,4204,-4553,-349
2011-04-12T22:00:00Z,16.72,16.74,16.71,16.74,24984,-25064,-80,4646,-4217,429,4204,-4553,-349,NaN,NaN,NaN,NaN,NaN,24984,-25064,-80,4646,-4217,429,4204,-4553,-349
2011-04-13T22:00:00Z,16.73,16.75,16.72,16.74,24984,-25064,-80,4646,-4217,429,4204,-4553,-349,NaN,NaN,NaN,NaN,NaN,24984,-25064,-80,4646,-4217,429,4204,-4553,-349
2011-04-14T22:00:00Z,16.75,16.75,16.72,16.74,24984,-25064,-80,4646,-4217,429,4204,-4553,-349,NaN,NaN,NaN,NaN,NaN,24984,-25064,-80,4646,-4217,429,4204,-4553,-349
2011-04-17T22:00:00Z,16.74,16.74,16.74,16.74,24984,-25064,-80,4646,-4217,429,4204,-4553,-349,NaN,NaN,NaN,NaN,NaN,24984,-25064,-80,4646,-4217,429,4204,-4553,-349
2011-04-18T22:00:00Z,16.74,16.76,16.67,16.74,25590,-25617,-27,4749,-4629,120,4222,-4315,-93,NaN,NaN,NaN,NaN,NaN,25590,-25617,-27,4749,-4629,120,4222,-4315,-93
2011-04-19T22:00:00Z,16.72,16.74,16.71,16.74,25590,-25617,-27,4749,-4629,120,4222,-4315,-93,NaN,NaN,NaN,NaN,NaN,25590,-25617,-27,4749,-4629,120,4222,-4315,-93
2011-04-20T22:00:00Z,16.76,16.82,16.71,16.8,25590,-25617,-27,4749,-4629,120,4222,-4315,-93,NaN,NaN,NaN,NaN,NaN,25590,-25617,-27,4749,-4629,120,4222,-4315,-93
2011-04-24T22:00:00Z,16.2,16.35,16.14,16.16,25590,-25617,-27,4749,-4629,120,4222,-4315,-93,NaN,NaN,NaN,NaN,NaN,25590,-25617,-27,4749,-4629,120,4222,-4315,-93
2011-04-25T22:00:00Z,16.23,16.37,16.11,16.26,25865,-25921,-56,4901,-4502,399,4194,-4537,-343,NaN,NaN,NaN,NaN,NaN,25865,-25921,-56,4901,-4502,399,4194,-4537,-343
2011-04-26T22:00:00Z,16.28,16.54,16.28,16.48,25865,-25921,-56,4901,-4502,399,4194,-4537,-343,NaN,NaN,NaN,NaN,NaN,25865,-25921,-56,4901,-4502,399,4194,-4537,-343
2011-04-27T22:00:00Z,16.5,16.6,16.23,16.27,25865,-25921,-56,4901,-4502,399,4194,-4537,-343,NaN,NaN,NaN,NaN,NaN,25865,-25921,-56,4901,-4502,399,4194,-4537,-343
2011-04-28T22:00:00Z,16.27,16.49,16.2,16.41,25865,-25921,-56,4901,-4502,399,4194,-4537,-343,NaN,NaN,NaN,NaN,NaN,25865,-25921,-56,4901,-4502,399,4194,-4537,-343
2011-05-01T22:00:00Z,16.4,16.55,16.37,16.47,25865,-25921,-56,4901,-4502,399,4194,-4537,-343,NaN,NaN,NaN,NaN,NaN,25865,-25921,-56,4901,-4502,399,4194,-4537,-343
2011-05-02T22:00:00Z,16.5,16.52,16.43,16.46,22659,-22070,589,4142,-4372,-230,3868,-4227,-359,NaN,NaN,NaN,NaN,NaN,22659,-22070,589,4142,-4372,-230,3868,-4227,-359
2011-05-03T22:00:00Z,16.45,16.56,16.44,16.52,22659,-22070,589,4142,-4372,-230,3868,-4227,-359,NaN,NaN,NaN,NaN,NaN,22659,-22070,589,4142,-4372,-230,3868,-4227,-359
2011-05-04T22:00:00Z,16.52,16.59,16.49,16.58,22659,-22070,589,4142,-4372,-230,3868,-4227,-359,NaN,NaN,NaN,NaN,NaN,22659,-22070,589,4142,-4372,-230,3868,-4227,-359
2011-05-05T22:00:00Z,16.58,16.58,16.5,16.58,22659,-22070,589,4142,-4372,-230,3868,-4227,-359,NaN,NaN,NaN,NaN,NaN,22659,-22070,589,4142,-4372,-230,3868,-4227,-359
2011-05-08T22:00:00Z,16.51,16.55,16.5,16.52,22659,-22070,589,4142,-4372,-230,3868,-4227,-359,NaN,NaN,NaN,NaN,NaN,22659,-22070,589,4142,-4372,-230,3868,-4227,-359
2011-05-09T22:00:00Z,16.55,16.55,16.47,16.49,22646,-22555,91,4296,-4104,192,3959,-4242,-283,NaN,NaN,NaN,NaN,NaN,22646,-22555,91,4296,-4104,192,3959,-4242,-283
2011-05-10T22:00:00Z,16.46,16.47,16.32,16.36,22646,-22555,91,4296,-4104,192,3959,-4242,-283,NaN,NaN,NaN,NaN,NaN,22646,-22555,91,4296,-4104,192,3959,-4242,-283
2011-05-11T22:00:00Z,16.35,16.5,16.3,16.45,22646,-22555,91,4296,-4104,192,3959,-4242,-283,NaN,NaN,NaN,NaN,NaN,22646,-22555,91,4296,-4104,192,3959,-4242,-283
2011-05-12T22:00:00Z,16.42,16.44,16.38,16.38,22646,-22555,91,4296,-4104,192,3959,-4242,-283,NaN,NaN,NaN,NaN,NaN,22646,-22555,91,4296,-4104,192,3959,-4242,-283
2011-05-15T22:00:00Z,16.35,16.42,16.31,16.41,22646,-22555,91,4296,-4104,192,3959,-4242,-283,NaN,NaN,NaN,NaN,NaN,22646,-22555,91,4296,-4104,192,3959,-4242,-283
2011-05-16T22:00:00Z,16.37,16.42,16.37,16.42,22745,-23113,-368,4269,-4026,243,5117,-4992,125,NaN,NaN,NaN,NaN,NaN,22745,-23113,-368,4269,-4026,243,5117,-4992,125
2011-05-17T22:00:00Z,16.43,16.44,16.4,16.43,22745,-23113,-368,4269,-4026,243,5117,-4992,125,NaN,NaN,NaN,NaN,NaN,22745,-23113,-368,4269,-4026,243,5117,-4992,125
2011-05-18T22:00:00Z,16.41,16.45,16.39,16.44,22745,-23113,-368,4269,-4026,243,5117,-4992,125,NaN,NaN,NaN,NaN,NaN,22745,-23113,-368,4269,-4026,243,5117,-4992,125
2011-05-19T22:00:00Z,16.45,16.49,16.44,16.48,22745,-23113,-368,4269,-4026,243,5117,-4992,125,NaN,NaN,NaN,NaN,NaN,22745,-23113,-368,4269,-4026,243,5117,-4992,125
2011-05-22T22:00:00Z,16.45,16.49,16.45,16.48,22745,-23113,-368,4269,-4026,243,5117,-4992,125,NaN,NaN,NaN,NaN,NaN,22745,-23113,-368,4269,-4026,243,5117,-4992,125
2011-05-23T22:00:00Z,16.48,16.5,16.44,16.46,23934,-24869,-935,5062,-4234,828,5056,-4949,107,NaN,NaN,NaN,NaN,NaN,23934,-24869,-935,5062,-4234,828,5056,-4949,107
2011-05-24T22:00:00Z,16.46,16.49,16.45,16.49,23934,-24869,-935,5062,-4234,828,5056,-4949,107,NaN,NaN,NaN,NaN,NaN,23934,-24869,-935,5062,-4234,828,5056,-4949,107
2011-05-25T22:00:00Z,16.47,16.51,16.46,16.51,23934,-24869,-935,5062,-4234,828,5056,-4949,107,NaN,NaN,NaN,NaN,NaN,23934,-24869,-935,5062,-4234,828,5056,-4949,107
2011-05-26T22:00:00Z,18.43,18.6,18.43,18.48,23934,-24869,-935,5062,-4234,828,5056,-4949,107,NaN,NaN,NaN,NaN,NaN,23934,-24869,-935,5062,-4234,828,5056,-4949,107
2011-05-29T22:00:00Z,18.48,18.89,18.48,18.75,24049,-25588,-1539,6004,-4516,1488,5429,-5378,51,NaN,NaN,NaN,NaN,NaN,24049,-25588,-1539,6004,-4516,1488,5429,-5378,51
2011-05-31T22:00:00Z,18.88,19.02,18.88,18.94,24049,-25588,-1539,6004,-4516,1488,5429,-5378,51,NaN,NaN,NaN,NaN,NaN,24049,-25588,-1539,6004,-4516,1488,5429,-5378,51
2011-06-01T22:00:00Z,18.91,18.96,18.82,18.89,24049,-25588,-1539,6004,-4516,1488,5429,-5378,51,NaN,NaN,NaN,NaN,NaN,24049,-25588,-1539,6004,-4516,1488,5429,-5378,51
2011-06-02T22:00:00Z,18.93,19.05,18.89,18.95,24049,-25588,-1539,6004,-4516,1488,5429,-5378,51,NaN,NaN,NaN,NaN,NaN,24049,-25588,-1539,6004,-4516,1488,5429,-5378,51
2011-06-05T22:00:00Z,18.84,19.04,18.84,19.01,24049,-25588,-1539,6004,-4516,1488,5429,-5378,51,NaN,NaN,NaN,NaN,NaN,24049,-25588,-1539,6004,-4516,1488,5429,-5378,51
2011-06-06T22:00:00Z,19.01,19.09,18.8,18.87,21248,-23053,-1805,5574,-4768,806,5321,-4322,999,NaN,NaN,NaN,NaN,NaN,21248,-23053,-1805,5574,-4768,806,5321,-4322,999
2011-06-07T22:00:00Z,18.83,19.06,18.83,18.97,21248,-23053,-1805,5574,-4768,806,5321,-4322,999,NaN,NaN,NaN,NaN,NaN,21248,-23053,-1805,5574,-4768,806,5321,-4322,999
2011-06-08T22:00:00Z,18.97,19.05,18.93,19,21248,-23053,-1805,5574,-4768,806,5321,-4322,999,NaN,NaN,NaN,NaN,NaN,21248,-23053,-1805,5574,-4768,806,5321,-4322,999
2011-06-09T22:00:00Z,19,19.14,19,19.07,21248,-23053,-1805,5574,-4768,806,5321,-4322,999,NaN,NaN,NaN,NaN,NaN,21248,-23053,-1805,5574,-4768,806,5321,-4322,999
2011-06-12T22:00:00Z,19.05,19.16,19.03,19.15,21248,-23053,-1805,5574,-4768,806,5321,-4322,999,NaN,NaN,NaN,NaN,NaN,21248,-23053,-1805,5574,-4768,806,5321,-4322,999
2011-06-13T22:00:00Z,19.08,19.25,19.08,19.22,21776,-23446,-1670,5551,-5118,433,5615,-4378,1237,NaN,NaN,NaN,NaN,NaN,21776,-23446,-1670,5551,-5118,433,5615,-4378,1237
2011-06-14T22:00:00Z,19.2,19.2,19.16,19.17,21776,-23446,-1670,5551,-5118,433,5615,-4378,1237,NaN,NaN,NaN,NaN,NaN,21776,-23446,-1670,5551,-5118,433,5615,-4378,1237
2011-06-15T22:00:00Z,19.17,19.2,19.12,19.2,21776,-23446,-1670,5551,-5118,433,5615,-4378,1237,NaN,NaN,NaN,NaN,NaN,21776,-23446,-1670,5551,-5118,433,5615,-4378,1237
2011-06-16T22:00:00Z,19.2,19.2,19.14,19.15,21776,-23446,-1670,5551,-5118,433,5615,-4378,1237,NaN,NaN,NaN,NaN,NaN,21776,-23446,-1670,5551,-5118,433,5615,-4378,1237
2011-06-19T22:00:00Z,19.13,19.16,19.13,19.15,21776,-23446,-1670,5551,-5118,433,5615,-4378,1237,NaN,NaN,NaN,NaN,NaN,21776,-23446,-1670,5551,-5118,433,5615,-4378,1237
2011-06-20T22:00:00Z,19.13,19.14,19.1,19.14,22127,-23925,-1798,6610,-5602,1008,5451,-4661,790,NaN,NaN,NaN,NaN,NaN,22127,-23925,-1798,6610,-5602,1008,5451,-4661,790
2011-06-21T22:00:00Z,19.12,19.14,19.12,19.14,22127,-23925,-1798,6610,-5602,1008,5451,-4661,790,NaN,NaN,NaN,NaN,NaN,22127,-23925,-1798,6610,-5602,1008,5451,-4661,790
2011-06-22T22:00:00Z,19.14,19.15,19.1,19.14,22127,-23925,-1798,6610,-5602,1008,5451,-4661,790,NaN,NaN,NaN,NaN,NaN,22127,-23925,-1798,6610,-5602,1008,5451,-4661,790
2011-06-23T22:00:00Z,19.15,19.23,19.15,19.23,22127,-23925,-1798,6610,-5602,1008,5451,-4661,790,NaN,NaN,NaN,NaN,NaN,22127,-23925,-1798,6610,-5602,1008,5451,-4661,790
2011-06-26T22:00:00Z,20.26,20.49,20.22,20.35,22127,-23925,-1798,6610,-5602,1008,5451,-4661,790,NaN,NaN,NaN,NaN,NaN,22127,-23925,-1798,6610,-5602,1008,5451,-4661,790
2011-06-27T22:00:00Z,20.33,20.47,20.3,20.4,22389,-25306,-2917,7794,-5939,1855,5592,-4530,1062,NaN,NaN,NaN,NaN,NaN,22389,-25306,-2917,7794,-5939,1855,5592,-4530,1062
2011-06-28T22:00:00Z,20.45,20.55,20.3,20.49,22389,-25306,-2917,7794,-5939,1855,5592,-4530,1062,NaN,NaN,NaN,NaN,NaN,22389,-25306,-2917,7794,-5939,1855,5592,-4530,1062
2011-06-29T22:00:00Z,20.49,20.6,20.25,20.52,22389,-25306,-2917,7794,-5939,1855,5592,-4530,1062,NaN,NaN,NaN,NaN,NaN,22389,-25306,-2917,7794,-5939,1855,5592,-4530,1062
2011-06-30T22:00:00Z,20.53,20.55,20.4,20.51,22389,-25306,-2917,7794,-5939,1855,5592,-4530,1062,NaN,NaN,NaN,NaN,NaN,22389,-25306,-2917,7794,-5939,1855,5592,-4530,1062
2011-07-03T22:00:00Z,20.6,20.69,20.5,20.68,19643,-22274,-2631,6742,-5891,851,5661,-3881,1780,NaN,NaN,NaN,NaN,NaN,19643,-22274,-2631,6742,-5891,851,5661,-3881,1780
2011-07-05T22:00:00Z,20.66,20.86,20.53,20.6,19643,-22274,-2631,6742,-5891,851,5661,-3881,1780,NaN,NaN,NaN,NaN,NaN,19643,-22274,-2631,6742,-5891,851,5661,-3881,1780
2011-07-06T22:00:00Z,20.6,20.79,20.55,20.78,19643,-22274,-2631,6742,-5891,851,5661,-3881,1780,NaN,NaN,NaN,NaN,NaN,19643,-22274,-2631,6742,-5891,851,5661,-3881,1780
2011-07-07T22:00:00Z,20.85,21.01,20.85,21,19643,-22274,-2631,6742,-5891,851,5661,-3881,1780,NaN,NaN,NaN,NaN,NaN,19643,-22274,-2631,6742,-5891,851,5661,-3881,1780
2011-07-10T22:00:00Z,21,21.15,20.95,21.13,19643,-22274,-2631,6742,-5891,851,5661,-3881,1780,NaN,NaN,NaN,NaN,NaN,19643,-22274,-2631,6742,-5891,851,5661,-3881,1780
2011-07-11T22:00:00Z,21.07,21.12,20.99,21.03,20165,-22626,-2461,7187,-6135,1052,5773,-4364,1409,NaN,NaN,NaN,NaN,NaN,20165,-22626,-2461,7187,-6135,1052,5773,-4364,1409
2011-07-12T22:00:00Z,21,21.02,20.95,21.01,20165,-22626,-2461,7187,-6135,1052,5773,-4364,1409,NaN,NaN,NaN,NaN,NaN,20165,-22626,-2461,7187,-6135,1052,5773,-4364,1409
2011-07-13T22:00:00Z,21,21.05,20.97,21.03,20165,-22626,-2461,7187,-6135,1052,5773,-4364,1409,NaN,NaN,NaN,NaN,NaN,20165,-22626,-2461,7187,-6135,1052,5773,-4364,1409
2011-07-14T22:00:00Z,21.02,21.19,21.02,21.19,20165,-22626,-2461,7187,-6135,1052,5773,-4364,1409,NaN,NaN,NaN,NaN,NaN,20165,-22626,-2461,7187,-6135,1052,5773,-4364,1409
2011-07-17T22:00:00Z,21.18,21.19,21.1,21.19,20165,-22626,-2461,7187,-6135,1052,5773,-4364,1409,NaN,NaN,NaN,NaN,NaN,20165,-22626,-2461,7187,-6135,1052,5773,-4364,1409
2011-07-18T22:00:00Z,21.18,21.22,21.14,21.21,20544,-24311,-3767,8854,-5752,3102,6187,-5522,665,NaN,NaN,NaN,NaN,NaN,20544,-24311,-3767,8854,-5752,3102,6187,-5522,665
2011-07-19T22:00:00Z,21.22,21.22,21.19,21.21,20544,-24311,-3767,8854,-5752,3102,6187,-5522,665,NaN,NaN,NaN,NaN,NaN,20544,-24311,-3767,8854,-5752,3102,6187,-5522,665
2011-07-20T22:00:00Z,21.21,21.25,21.17,21.25,20544,-24311,-3767,8854,-5752,3102,6187,-5522,665,NaN,NaN,NaN,NaN,NaN,20544,-24311,-3767,8854,-5752,3102,6187,-5522,665
2011-07-21T22:00:00Z,21.23,21.33,21.22,21.33,20544,-24311,-3767,8854,-5752,3102,6187,-5522,665,NaN,NaN,NaN,NaN,NaN,20544,-24311,-3767,8854,-5752,3102,6187,-5522,665
2011-07-24T22:00:00Z,21.37,21.37,21.31,21.33,20544,-24311,-3767,8854,-5752,3102,6187,-5522,665,NaN,NaN,NaN,NaN,NaN,20544,-24311,-3767,8854,-5752,3102,6187,-5522,665
2011-07-25T22:00:00Z,21.33,21.36,21.29,21.34,20649,-25344,-4695,9154,-5669,3485,6105,-4895,1210,NaN,NaN,NaN,NaN,NaN,20649,-25344,-4695,9154,-5669,3485,6105,-4895,1210
2011-07-26T22:00:00Z,21.32,21.35,21.32,21.34,20649,-25344,-4695,9154,-5669,3485,6105,-4895,1210,NaN,NaN,NaN,NaN,NaN,20649,-25344,-4695,9154,-5669,3485,6105,-4895,1210
2011-07-27T22:00:00Z,21.31,21.34,21.28,21.33,20649,-25344,-4695,9154,-5669,3485,6105,-4895,1210,NaN,NaN,NaN,NaN,NaN,20649,-25344,-4695,9154,-5669,3485,6105,-4895,1210
2011-07-28T22:00:00Z,21.39,21.42,21.33,21.38,20649,-25344,-4695,9154,-5669,3485,6105,-4895,1210,NaN,NaN,NaN,NaN,NaN,20649,-25344,-4695,9154,-5669,3485,6105,-4895,1210
2011-07-31T22:00:00Z,21.46,21.58,21.4,21.5,20649,-25344,-4695,9154,-5669,3485,6105,-4895,1210,NaN,NaN,NaN,NaN,NaN,20649,-25344,-4695,9154,-5669,3485,6105,-4895,1210
2011-08-01T22:00:00Z,21.5,21.5,21.26,21.43,20949,-25733,-4784,9192,-5710,3482,6351,-5049,1302,NaN,NaN,NaN,NaN,NaN,20949,-25733,-4784,9192,-5710,3482,6351,-5049,1302
2011-08-02T22:00:00Z,21.39,21.5,21.28,21.45,20949,-25733,-4784,9192,-5710,3482,6351,-5049,1302,NaN,NaN,NaN,NaN,NaN,20949,-25733,-4784,9192,-5710,3482,6351,-5049,1302
2011-08-03T22:00:00Z,21.45,21.54,21.36,21.45,20949,-25733,-4784,9192,-5710,3482,6351,-5049,1302,NaN,NaN,NaN,NaN,NaN,20949,-25733,-4784,9192,-5710,3482,6351,-5049,1302
2011-08-04T22:00:00Z,21.39,21.54,21.3,21.5,20949,-25733,-4784,9192,-5710,3482,6351,-5049,1302,NaN,NaN,NaN,NaN,NaN,20949,-25733,-4784,9192,-5710,3482,6351,-5049,1302
2011-08-07T22:00:00Z,21.57,21.6,21.44,21.55,20949,-25733,-4784,9192,-5710,3482,6351,-5049,1302,NaN,NaN,NaN,NaN,NaN,20949,-25733,-4784,9192,-5710,3482,6351,-5049,1302
2011-08-08T22:00:00Z,21.55,21.65,21.5,21.56,19406,-22322,-2916,7417,-6593,824,6268,-4176,2092,NaN,NaN,NaN,NaN,NaN,19406,-22322,-2916,7417,-6593,824,6268,-4176,2092
2011-08-09T22:00:00Z,21.58,21.69,21.51,21.62,19406,-22322,-2916,7417,-6593,824,6268,-4176,2092,NaN,NaN,NaN,NaN,NaN,19406,-22322,-2916,7417,-6593,824,6268,-4176,2092
2011-08-10T22:00:00Z,21.64,21.69,21.41,21.5,19406,-22322,-2916,7417,-6593,824,6268,-4176,2092,NaN,NaN,NaN,NaN,NaN,19406,-22322,-2916,7417,-6593,824,6268,-4176,2092
2011-08-11T22:00:00Z,21.46,21.59,21.44,21.56,19406,-22322,-2916,7417,-6593,824,6268,-4176,2092,NaN,NaN,NaN,NaN,NaN,19406,-22322,-2916,7417,-6593,824,6268,-4176,2092
2011-08-14T22:00:00Z,21.59,21.6,21.5,21.6,19406,-22322,-2916,7417,-6593,824,6268,-4176,2092,NaN,NaN,NaN,NaN,NaN,19406,-22322,-2916,7417,-6593,824,6268,-4176,2092
2011-08-15T22:00:00Z,21.58,21.58,21.54,21.57,20507,-23639,-3132,8446,-7093,1353,5919,-4140,1779,NaN,NaN,NaN,NaN,NaN,20507,-23639,-3132,8446,-7093,1353,5919,-4140,1779
2011-08-16T22:00:00Z,21.5,21.56,21.43,21.5,20507,-23639,-3132,8446,-7093,1353,5919,-4140,1779,NaN,NaN,NaN,NaN,NaN,20507,-23639,-3132,8446,-7093,1353,5919,-4140,1779
2011-08-17T22:00:00Z,21.47,21.53,21.44,21.47,20507,-23639,-3132,8446,-7093,1353,5919,-4140,1779,NaN,NaN,NaN,NaN,NaN,20507,-23639,-3132,8446,-7093,1353,5919,-4140,1779
2011-08-18T22:00:00Z,21.48,21.55,21.46,21.48,20507,-23639,-3132,8446,-7093,1353,5919,-4140,1779,NaN,NaN,NaN,NaN,NaN,20507,-23639,-3132,8446,-7093,1353,5919,-4140,1779
2011-08-21T22:00:00Z,21.54,21.54,21.48,21.53,20507,-23639,-3132,8446,-7093,1353,5919,-4140,1779,NaN,NaN,NaN,NaN,NaN,20507,-23639,-3132,8446,-7093,1353,5919,-4140,1779
2011-08-22T22:00:00Z,21.53,21.57,21.45,21.5,21577,-24280,-2703,8800,-7315,1485,5403,-4185,1218,NaN,NaN,NaN,NaN,NaN,21577,-24280,-2703,8800,-7315,1485,5403,-4185,1218
2011-08-23T22:00:00Z,21.47,21.54,21.45,21.52,21577,-24280,-2703,8800,-7315,1485,5403,-4185,1218,NaN,NaN,NaN,NaN,NaN,21577,-24280,-2703,8800,-7315,1485,5403,-4185,1218
2011-08-24T22:00:00Z,21.48,21.54,21.48,21.52,21577,-24280,-2703,8800,-7315,1485,5403,-4185,1218,NaN,NaN,NaN,NaN,NaN,21577,-24280,-2703,8800,-7315,1485,5403,-4185,1218
2011-08-25T22:00:00Z,21.5,21.58,21.5,21.57,21577,-24280,-2703,8800,-7315,1485,5403,-4185,1218,NaN,NaN,NaN,NaN,NaN,21577,-24280,-2703,8800,-7315,1485,5403,-4185,1218
2011-08-28T22:00:00Z,18.6,18.85,18.55,18.64,21577,-24280,-2703,8800,-7315,1485,5403,-4185,1218,NaN,NaN,NaN,NaN,NaN,21577,-24280,-2703,8800,-7315,1485,5403,-4185,1218
2011-08-29T22:00:00Z,18.62,18.82,18.57,18.73,22425,-25421,-2996,8903,-6930,1973,5269,-4246,1023,NaN,NaN,NaN,NaN,NaN,22425,-25421,-2996,8903,-6930,1973,5269,-4246,1023
2011-08-30T22:00:00Z,18.69,18.73,18.57,18.69,22425,-25421,-2996,8903,-6930,1973,5269,-4246,1023,NaN,NaN,NaN,NaN,NaN,22425,-25421,-2996,8903,-6930,1973,5269,-4246,1023
2011-08-31T22:00:00Z,18.69,18.93,18.65,18.87,22425,-25421,-2996,8903,-6930,1973,5269,-4246,1023,NaN,NaN,NaN,NaN,NaN,22425,-25421,-2996,8903,-6930,1973,5269,-4246,1023
2011-09-01T22:00:00Z,18.87,19.1,18.85,19.06,22425,-25421,-2996,8903,-6930,1973,5269,-4246,1023,NaN,NaN,NaN,NaN,NaN,22425,-25421,-2996,8903,-6930,1973,5269,-4246,1023
2011-09-04T22:00:00Z,18.97,19.08,18.91,19.01,19784,-20794,-1010,6139,-6343,-204,4847,-3633,1214,NaN,NaN,NaN,NaN,NaN,19784,-20794,-1010,6139,-6343,-204,4847,-3633,1214
2011-09-06T22:00:00Z,19,19.07,18.76,18.97,19784,-20794,-1010,6139,-6343,-204,4847,-3633,1214,NaN,NaN,NaN,NaN,NaN,19784,-20794,-1010,6139,-6343,-204,4847,-3633,1214
2011-09-07T22:00:00Z,18.91,19.02,18.87,18.98,19784,-20794,-1010,6139,-6343,-204,4847,-3633,1214,NaN,NaN,NaN,NaN,NaN,19784,-20794,-1010,6139,-6343,-204,4847,-3633,1214
2011-09-08T22:00:00Z,18.94,18.97,18.86,18.92,19784,-20794,-1010,6139,-6343,-204,4847,-3633,1214,NaN,NaN,NaN,NaN,NaN,19784,-20794,-1010,6139,-6343,-204,4847,-3633,1214
2011-09-11T22:00:00Z,18.89,18.93,18.87,18.92,19784,-20794,-1010,6139,-6343,-204,4847,-3633,1214,NaN,NaN,NaN,NaN,NaN,19784,-20794,-1010,6139,-6343,-204,4847,-3633,1214
2011-09-12T22:00:00Z,18.9,18.95,18.9,18.92,20019,-21982,-1963,6763,-5814,949,4793,-3779,1014,NaN,NaN,NaN,NaN,NaN,20019,-21982,-1963,6763,-5814,949,4793,-3779,1014
2011-09-13T22:00:00Z,18.95,18.95,18.87,18.92,20019,-21982,-1963,6763,-5814,949,4793,-3779,1014,NaN,NaN,NaN,NaN,NaN,20019,-21982,-1963,6763,-5814,949,4793,-3779,1014
2011-09-14T22:00:00Z,18.92,18.93,18.9,18.93,20019,-21982,-1963,6763,-5814,949,4793,-3779,1014,NaN,NaN,NaN,NaN,NaN,20019,-21982,-1963,6763,-5814,949,4793,-3779,1014
2011-09-15T22:00:00Z,18.94,18.97,18.92,18.94,20019,-21982,-1963,6763,-5814,949,4793,-3779,1014,NaN,NaN,NaN,NaN,NaN,20019,-21982,-1963,6763,-5814,949,4793,-3779,1014
2011-09-18T22:00:00Z,18.94,18.95,18.91,18.93,20019,-21982,-1963,6763,-5814,949,4793,-3779,1014,NaN,NaN,NaN,NaN,NaN,20019,-21982,-1963,6763,-5814,949,4793,-3779,1014
2011-09-19T22:00:00Z,18.92,18.93,18.91,18.93,21074,-22493,-1419,7722,-6697,1025,4377,-3983,394,NaN,NaN,NaN,NaN,NaN,21074,-22493,-1419,7722,-6697,1025,4377,-3983,394
2011-09-20T22:00:00Z,18.92,18.93,18.91,18.93,21074,-22493,-1419,7722,-6697,1025,4377,-3983,394,NaN,NaN,NaN,NaN,NaN,21074,-22493,-1419,7722,-6697,1025,4377,-3983,394
2011-09-21T22:00:00Z,18.91,18.94,18.91,18.93,21074,-22493,-1419,7722,-6697,1025,4377,-3983,394,NaN,NaN,NaN,NaN,NaN,21074,-22493,-1419,7722,-6697,1025,4377,-3983,394
2011-09-22T22:00:00Z,18.94,19,18.94,19,21074,-22493,-1419,7722,-6697,1025,4377,-3983,394,NaN,NaN,NaN,NaN,NaN,21074,-22493,-1419,7722,-6697,1025,4377,-3983,394
2011-09-25T22:00:00Z,18.04,18.1,17.54,17.65,21074,-22493,-1419,7722,-6697,1025,4377,-3983,394,NaN,NaN,NaN,NaN,NaN,21074,-22493,-1419,7722,-6697,1025,4377,-3983,394
2011-09-26T22:00:00Z,17.67,17.83,17.25,17.38,22409,-23097,-688,8391,-7386,1005,3976,-4293,-317,NaN,NaN,NaN,NaN,NaN,22409,-23097,-688,8391,-7386,1005,3976,-4293,-317
2011-09-27T22:00:00Z,17.32,17.37,17.15,17.21,22409,-23097,-688,8391,-7386,1005,3976,-4293,-317,NaN,NaN,NaN,NaN,NaN,22409,-23097,-688,8391,-7386,1005,3976,-4293,-317
2011-09-28T22:00:00Z,17.28,17.68,17.28,17.64,22409,-23097,-688,8391,-7386,1005,3976,-4293,-317,NaN,NaN,NaN,NaN,NaN,22409,-23097,-688,8391,-7386,1005,3976,-4293,-317
2011-09-29T22:00:00Z,17.58,17.66,17.25,17.44,22409,-23097,-688,8391,-7386,1005,3976,-4293,-317,NaN,NaN,NaN,NaN,NaN,22409,-23097,-688,8391,-7386,1005,3976,-4293,-317
2011-10-02T22:00:00Z,17.47,17.51,17.22,17.4,22409,-23097,-688,8391,-7386,1005,3976,-4293,-317,NaN,NaN,NaN,NaN,NaN,22409,-23097,-688,8391,-7386,1005,3976,-4293,-317
2011-10-03T22:00:00Z,17.42,17.68,17.35,17.65,20713,-18614,2099,5764,-6868,-1104,3535,-4530,-995,NaN,NaN,NaN,NaN,NaN,20713,-18614,2099,5764,-6868,-1104,3535,-4530,-995
2011-10-04T22:00:00Z,17.69,17.89,17.65,17.82,20713,-18614,2099,5764,-6868,-1104,3535,-4530,-995,NaN,NaN,NaN,NaN,NaN,20713,-18614,2099,5764,-6868,-1104,3535,-4530,-995
2011-10-05T22:00:00Z,17.81,17.94,17.75,17.92,20713,-18614,2099,5764,-6868,-1104,3535,-4530,-995,NaN,NaN,NaN,NaN,NaN,20713,-18614,2099,5764,-6868,-1104,3535,-4530,-995
2011-10-06T22:00:00Z,17.85,18.05,17.85,18.03,20713,-18614,2099,5764,-6868,-1104,3535,-4530,-995,NaN,NaN,NaN,NaN,NaN,20713,-18614,2099,5764,-6868,-1104,3535,-4530,-995
2011-10-09T22:00:00Z,18.03,18.09,17.85,17.92,20713,-18614,2099,5764,-6868,-1104,3535,-4530,-995,NaN,NaN,NaN,NaN,NaN,20713,-18614,2099,5764,-6868,-1104,3535,-4530,-995
2011-10-10T22:00:00Z,17.92,17.98,17.9,17.92,21210,-18587,2623,5038,-6771,-1733,3609,-4499,-890,NaN,NaN,NaN,NaN,NaN,21210,-18587,2623,5038,-6771,-1733,3609,-4499,-890
2011-10-11T22:00:00Z,17.9,17.9,17.89,17.9,21210,-18587,2623,5038,-6771,-1733,3609,-4499,-890,NaN,NaN,NaN,NaN,NaN,21210,-18587,2623,5038,-6771,-1733,3609,-4499,-890
2011-10-12T22:00:00Z,17.89,17.94,17.86,17.94,21210,-18587,2623,5038,-6771,-1733,3609,-4499,-890,NaN,NaN,NaN,NaN,NaN,21210,-18587,2623,5038,-6771,-1733,3609,-4499,-890
2011-10-13T22:00:00Z,17.95,18,17.89,17.92,21210,-18587,2623,5038,-6771,-1733,3609,-4499,-890,NaN,NaN,NaN,NaN,NaN,21210,-18587,2623,5038,-6771,-1733,3609,-4499,-890
2011-10-16T22:00:00Z,17.95,17.95,17.9,17.9,21210,-18587,2623,5038,-6771,-1733,3609,-4499,-890,NaN,NaN,NaN,NaN,NaN,21210,-18587,2623,5038,-6771,-1733,3609,-4499,-890
2011-10-17T22:00:00Z,17.9,17.95,17.9,17.92,21649,-19366,2283,4789,-6331,-1542,3627,-4368,-741,NaN,NaN,NaN,NaN,NaN,21649,-19366,2283,4789,-6331,-1542,3627,-4368,-741
2011-10-18T22:00:00Z,17.94,17.94,17.92,17.92,21649,-19366,2283,4789,-6331,-1542,3627,-4368,-741,NaN,NaN,NaN,NaN,NaN,21649,-19366,2283,4789,-6331,-1542,3627,-4368,-741
2011-10-19T22:00:00Z,17.95,17.95,17.92,17.93,21649,-19366,2283,4789,-6331,-1542,3627,-4368,-741,NaN,NaN,NaN,NaN,NaN,21649,-19366,2283,4789,-6331,-1542,3627,-4368,-741
2011-10-20T22:00:00Z,17.95,18.04,17.95,18,21649,-19366,2283,4789,-6331,-1542,3627,-4368,-741,NaN,NaN,NaN,NaN,NaN,21649,-19366,2283,4789,-6331,-1542,3627,-4368,-741
2011-10-23T22:00:00Z,18.02,18.04,18,18,21649,-19366,2283,4789,-6331,-1542,3627,-4368,-741,NaN,NaN,NaN,NaN,NaN,21649,-19366,2283,4789,-6331,-1542,3627,-4368,-741
2011-10-24T22:00:00Z,18.02,18.04,18,18,21814,-19566,2248,5698,-7073,-1375,3556,-4429,-873,NaN,NaN,NaN,NaN,NaN,21814,-19566,2248,5698,-7073,-1375,3556,-4429,-873
2011-10-25T22:00:00Z,18,18.02,18,18,21814,-19566,2248,5698,-7073,-1375,3556,-4429,-873,NaN,NaN,NaN,NaN,NaN,21814,-19566,2248,5698,-7073,-1375,3556,-4429,-873
2011-10-26T22:00:00Z,18.02,18.02,18,18,21814,-19566,2248,5698,-7073,-1375,3556,-4429,-873,NaN,NaN,NaN,NaN,NaN,21814,-19566,2248,5698,-7073,-1375,3556,-4429,-873
2011-10-27T22:00:00Z,18.01,18.05,18.01,18.04,21814,-19566,2248,5698,-7073,-1375,3556,-4429,-873,NaN,NaN,NaN,NaN,NaN,21814,-19566,2248,5698,-7073,-1375,3556,-4429,-873
2011-10-30T22:00:00Z,18.04,18.41,18.04,18.28,21814,-19566,2248,5698,-7073,-1375,3556,-4429,-873,NaN,NaN,NaN,NaN,NaN,21814,-19566,2248,5698,-7073,-1375,3556,-4429,-873
2011-10-31T22:00:00Z,18.28,18.37,18.13,18.34,22843,-20622,2221,6350,-7324,-974,4042,-5289,-1247,NaN,NaN,NaN,NaN,NaN,22843,-20622,2221,6350,-7324,-974,4042,-5289,-1247
2011-11-01T22:00:00Z,18.39,18.47,18.25,18.44,22843,-20622,2221,6350,-7324,-974,4042,-5289,-1247,NaN,NaN,NaN,NaN,NaN,22843,-20622,2221,6350,-7324,-974,4042,-5289,-1247
2011-11-02T22:00:00Z,18.49,18.8,18.44,18.75,22843,-20622,2221,6350,-7324,-974,4042,-5289,-1247,NaN,NaN,NaN,NaN,NaN,22843,-20622,2221,6350,-7324,-974,4042,-5289,-1247
2011-11-03T22:00:00Z,18.75,18.95,18.74,18.88,22843,-20622,2221,6350,-7324,-974,4042,-5289,-1247,NaN,NaN,NaN,NaN,NaN,22843,-20622,2221,6350,-7324,-974,4042,-5289,-1247
2011-11-06T23:00:00Z,18.92,19.04,18.88,18.93,22843,-20622,2221,6350,-7324,-974,4042,-5289,-1247,NaN,NaN,NaN,NaN,NaN,22843,-20622,2221,6350,-7324,-974,4042,-5289,-1247
2011-11-07T23:00:00Z,18.92,18.96,18.8,18.87,19641,-17047,2594,5819,-7625,-1806,3447,-4235,-788,NaN,NaN,NaN,NaN,NaN,19641,-17047,2594,5819,-7625,-1806,3447,-4235,-788
2011-11-08T23:00:00Z,18.84,18.87,18.71,18.83,19641,-17047,2594,5819,-7625,-1806,3447,-4235,-788,NaN,NaN,NaN,NaN,NaN,19641,-17047,2594,5819,-7625,-1806,3447,-4235,-788
2011-11-09T23:00:00Z,18.83,18.95,18.83,18.94,19641,-17047,2594,5819,-7625,-1806,3447,-4235,-788,NaN,NaN,NaN,NaN,NaN,19641,-17047,2594,5819,-7625,-1806,3447,-4235,-788
2011-11-10T23:00:00Z,18.92,19.03,18.92,19,19641,-17047,2594,5819,-7625,-1806,3447,-4235,-788,NaN,NaN,NaN,NaN,NaN,19641,-17047,2594,5819,-7625,-1806,3447,-4235,-788
2011-11-13T23:00:00Z,19,19.14,19,19.13,19641,-17047,2594,5819,-7625,-1806,3447,-4235,-788,NaN,NaN,NaN,NaN,NaN,19641,-17047,2594,5819,-7625,-1806,3447,-4235,-788
2011-11-14T23:00:00Z,19.11,19.17,19.1,19.16,20243,-17936,2307,6201,-7420,-1219,4641,-5729,-1088,NaN,NaN,NaN,NaN,NaN,20243,-17936,2307,6201,-7420,-1219,4641,-5729,-1088
2011-11-15T23:00:00Z,19.12,19.15,19.06,19.09,20243,-17936,2307,6201,-7420,-1219,4641,-5729,-1088,NaN,NaN,NaN,NaN,NaN,20243,-17936,2307,6201,-7420,-1219,4641,-5729,-1088
2011-11-16T23:00:00Z,19.09,19.1,19.06,19.08,20243,-17936,2307,6201,-7420,-1219,4641,-5729,-1088,NaN,NaN,NaN,NaN,NaN,20243,-17936,2307,6201,-7420,-1219,4641,-5729,-1088
2011-11-17T23:00:00Z,19.01,19.11,19.01,19.09,20243,-17936,2307,6201,-7420,-1219,4641,-5729,-1088,NaN,NaN,NaN,NaN,NaN,20243,-17936,2307,6201,-7420,-1219,4641,-5729,-1088
2011-11-20T23:00:00Z,19.09,19.12,19.05,19.12,20243,-17936,2307,6201,-7420,-1219,4641,-5729,-1088,NaN,NaN,NaN,NaN,NaN,20243,-17936,2307,6201,-7420,-1219,4641,-5729,-1088
2011-11-21T23:00:00Z,19.1,19.12,19.07,19.11,20996,-19037,1959,8040,-8465,-425,4389,-5923,-1534,NaN,NaN,NaN,NaN,NaN,20996,-19037,1959,8040,-8465,-425,4389,-5923,-1534
2011-11-22T23:00:00Z,19.11,19.11,19.1,19.11,20996,-19037,1959,8040,-8465,-425,4389,-5923,-1534,NaN,NaN,NaN,NaN,NaN,20996,-19037,1959,8040,-8465,-425,4389,-5923,-1534
2011-11-23T23:00:00Z,19.11,19.11,19.11,19.11,20996,-19037,1959,8040,-8465,-425,4389,-5923,-1534,NaN,NaN,NaN,NaN,NaN,20996,-19037,1959,8040,-8465,-425,4389,-5923,-1534
2011-11-27T23:00:00Z,18.14,18.86,18.14,18.77,20996,-19037,1959,8040,-8465,-425,4389,-5923,-1534,NaN,NaN,NaN,NaN,NaN,20996,-19037,1959,8040,-8465,-425,4389,-5923,-1534
2011-11-28T23:00:00Z,18.78,18.83,18.63,18.8,21414,-19696,1718,8403,-8195,208,4542,-6468,-1926,NaN,NaN,NaN,NaN,NaN,21414,-19696,1718,8403,-8195,208,4542,-6468,-1926
2011-11-29T23:00:00Z,18.72,18.75,18.29,18.43,21414,-19696,1718,8403,-8195,208,4542,-6468,-1926,NaN,NaN,NaN,NaN,NaN,21414,-19696,1718,8403,-8195,208,4542,-6468,-1926
2011-11-30T23:00:00Z,18.41,18.65,18.41,18.61,21414,-19696,1718,8403,-8195,208,4542,-6468,-1926,NaN,NaN,NaN,NaN,NaN,21414,-19696,1718,8403,-8195,208,4542,-6468,-1926
2011-12-01T23:00:00Z,18.68,18.71,18.45,18.66,21414,-19696,1718,8403,-8195,208,4542,-6468,-1926,NaN,NaN,NaN,NaN,NaN,21414,-19696,1718,8403,-8195,208,4542,-6468,-1926
2011-12-04T23:00:00Z,18.69,18.73,18.66,18.69,21414,-19696,1718,8403,-8195,208,4542,-6468,-1926,NaN,NaN,NaN,NaN,NaN,21414,-19696,1718,8403,-8195,208,4542,-6468,-1926
2011-12-05T23:00:00Z,18.68,18.68,18.45,18.52,19400,-16475,2925,7487,-9324,-1837,4200,-5288,-1088,NaN,NaN,NaN,NaN,NaN,19400,-16475,2925,7487,-9324,-1837,4200,-5288,-1088
2011-12-06T23:00:00Z,18.52,18.55,18.46,18.49,19400,-16475,2925,7487,-9324,-1837,4200,-5288,-1088,NaN,NaN,NaN,NaN,NaN,19400,-16475,2925,7487,-9324,-1837,4200,-5288,-1088
2011-12-07T23:00:00Z,18.49,18.57,18.45,18.54,19400,-16475,2925,7487,-9324,-1837,4200,-5288,-1088,NaN,NaN,NaN,NaN,NaN,19400,-16475,2925,7487,-9324,-1837,4200,-5288,-1088
2011-12-08T23:00:00Z,18.54,18.61,18.54,18.59,19400,-16475,2925,7487,-9324,-1837,4200,-5288,-1088,NaN,NaN,NaN,NaN,NaN,19400,-16475,2925,7487,-9324,-1837,4200,-5288,-1088
2011-12-11T23:00:00Z,18.58,18.6,18.55,18.56,19400,-16475,2925,7487,-9324,-1837,4200,-5288,-1088,NaN,NaN,NaN,NaN,NaN,19400,-16475,2925,7487,-9324,-1837,4200,-5288,-1088
2011-12-12T23:00:00Z,18.55,18.57,18.54,18.56,20246,-16983,3263,7992,-9740,-1748,4215,-5730,-1515,NaN,NaN,NaN,NaN,NaN,20246,-16983,3263,7992,-9740,-1748,4215,-5730,-1515
2011-12-13T23:00:00Z,18.56,18.57,18.54,18.56,20246,-16983,3263,7992,-9740,-1748,4215,-5730,-1515,NaN,NaN,NaN,NaN,NaN,20246,-16983,3263,7992,-9740,-1748,4215,-5730,-1515
2011-12-14T23:00:00Z,18.56,18.6,18.54,18.56,20246,-16983,3263,7992,-9740,-1748,4215,-5730,-1515,NaN,NaN,NaN,NaN,NaN,20246,-16983,3263,7992,-9740,-1748,4215,-5730,-1515
2011-12-15T23:00:00Z,18.57,18.7,18.56,18.66,20246,-16983,3263,7992,-9740,-1748,4215,-5730,-1515,NaN,NaN,NaN,NaN,NaN,20246,-16983,3263,7992,-9740,-1748,4215,-5730,-1515
2011-12-18T23:00:00Z,18.7,18.72,18.66,18.71,20246,-16983,3263,7992,-9740,-1748,4215,-5730,-1515,NaN,NaN,NaN,NaN,NaN,20246,-16983,3263,7992,-9740,-1748,4215,-5730,-1515
2011-12-19T23:00:00Z,18.68,18.73,18.67,18.7,19950,-18044,1906,8020,-8950,-930,4759,-5735,-976,NaN,NaN,NaN,NaN,NaN,19950,-18044,1906,8020,-8950,-930,4759,-5735,-976
2011-12-20T23:00:00Z,18.69,18.71,18.68,18.7,19950,-18044,1906,8020,-8950,-930,4759,-5735,-976,NaN,NaN,NaN,NaN,NaN,19950,-18044,1906,8020,-8950,-930,4759,-5735,-976
2011-12-21T23:00:00Z,18.69,18.7,18.66,18.68,19950,-18044,1906,8020,-8950,-930,4759,-5735,-976,NaN,NaN,NaN,NaN,NaN,19950,-18044,1906,8020,-8950,-930,4759,-5735,-976
2011-12-22T23:00:00Z,17.35,17.4,16.9,17,19950,-18044,1906,8020,-8950,-930,4759,-5735,-976,NaN,NaN,NaN,NaN,NaN,19950,-18044,1906,8020,-8950,-930,4759,-5735,-976
2011-12-25T23:00:00Z,17.01,17.14,16.96,17.05,20469,-18719,1750,8328,-9275,-947,4778,-5581,-803,NaN,NaN,NaN,NaN,NaN,20469,-18719,1750,8328,-9275,-947,4778,-5581,-803
2011-12-27T23:00:00Z,17.1,17.25,17.1,17.14,20469,-18719,1750,8328,-9275,-947,4778,-5581,-803,NaN,NaN,NaN,NaN,NaN,20469,-18719,1750,8328,-9275,-947,4778,-5581,-803
2011-12-28T23:00:00Z,17.21,17.46,17.2,17.45,20469,-18719,1750,8328,-9275,-947,4778,-5581,-803,NaN,NaN,NaN,NaN,NaN,20469,-18719,1750,8328,-9275,-947,4778,-5581,-803
2011-12-29T23:00:00Z,17.44,17.47,17.2,17.26,20469,-18719,1750,8328,-9275,-947,4778,-5581,-803,NaN,NaN,NaN,NaN,NaN,20469,-18719,1750,8328,-9275,-947,4778,-5581,-803
2012-01-01T23:00:00Z,17.25,17.35,17.13,17.14,17765,-15446,2319,6547,-8043,-1496,4814,-5637,-823,NaN,NaN,NaN,NaN,NaN,17765,-15446,2319,6547,-8043,-1496,4814,-5637,-823
2012-01-03T23:00:00Z,17.12,17.15,16.96,17.09,17765,-15446,2319,6547,-8043,-1496,4814,-5637,-823,NaN,NaN,NaN,NaN,NaN,17765,-15446,2319,6547,-8043,-1496,4814,-5637,-823
2012-01-04T23:00:00Z,17.11,17.27,17.05,17.19,17765,-15446,2319,6547,-8043,-1496,4814,-5637,-823,NaN,NaN,NaN,NaN,NaN,17765,-15446,2319,6547,-8043,-1496,4814,-5637,-823
2012-01-05T23:00:00Z,17.24,17.36,17.16,17.26,17765,-15446,2319,6547,-8043,-1496,4814,-5637,-823,NaN,NaN,NaN,NaN,NaN,17765,-15446,2319,6547,-8043,-1496,4814,-5637,-823
2012-01-08T23:00:00Z,17.26,17.31,17.1,17.14,17765,-15446,2319,6547,-8043,-1496,4814,-5637,-823,NaN,NaN,NaN,NaN,NaN,17765,-15446,2319,6547,-8043,-1496,4814,-5637,-823
2012-01-09T23:00:00Z,17.12,17.13,17.07,17.12,18788,-17253,1535,6520,-7897,-1377,5333,-5491,-158,NaN,NaN,NaN,NaN,NaN,18788,-17253,1535,6520,-7897,-1377,5333,-5491,-158
2012-01-10T23:00:00Z,17.12,17.14,17.1,17.14,18788,-17253,1535,6520,-7897,-1377,5333,-5491,-158,NaN,NaN,NaN,NaN,NaN,18788,-17253,1535,6520,-7897,-1377,5333,-5491,-158
2012-01-11T23:00:00Z,17.11,17.13,17.08,17.12,18788,-17253,1535,6520,-7897,-1377,5333,-5491,-158,NaN,NaN,NaN,NaN,NaN,18788,-17253,1535,6520,-7897,-1377,5333,-5491,-158
2012-01-12T23:00:00Z,17.13,17.14,17.07,17.11,18788,-17253,1535,6520,-7897,-1377,5333,-5491,-158,NaN,NaN,NaN,NaN,NaN,18788,-17253,1535,6520,-7897,-1377,5333,-5491,-158
2012-01-15T23:00:00Z,17.1,17.1,17.07,17.08,19911,-18077,1834,6528,-8044,-1516,5027,-5345,-318,NaN,NaN,NaN,NaN,NaN,19911,-18077,1834,6528,-8044,-1516,5027,-5345,-318
2012-01-17T23:00:00Z,17.07,17.08,17.07,17.07,19911,-18077,1834,6528,-8044,-1516,5027,-5345,-318,NaN,NaN,NaN,NaN,NaN,19911,-18077,1834,6528,-8044,-1516,5027,-5345,-318
2012-01-18T23:00:00Z,17.07,17.1,17.07,17.07,19911,-18077,1834,6528,-8044,-1516,5027,-5345,-318,NaN,NaN,NaN,NaN,NaN,19911,-18077,1834,6528,-8044,-1516,5027,-5345,-318
2012-01-19T23:00:00Z,17.1,17.12,17.1,17.1,19911,-18077,1834,6528,-8044,-1516,5027,-5345,-318,NaN,NaN,NaN,NaN,NaN,19911,-18077,1834,6528,-8044,-1516,5027,-5345,-318
2012-01-22T23:00:00Z,17.11,17.11,17.06,17.09,19911,-18077,1834,6528,-8044,-1516,5027,-5345,-318,NaN,NaN,NaN,NaN,NaN,19911,-18077,1834,6528,-8044,-1516,5027,-5345,-318
2012-01-23T23:00:00Z,17.09,17.1,17.09,17.1,21040,-18622,2418,6184,-7703,-1519,4709,-5608,-899,NaN,NaN,NaN,NaN,NaN,21040,-18622,2418,6184,-7703,-1519,4709,-5608,-899
2012-01-24T23:00:00Z,17.1,17.12,17.08,17.09,21040,-18622,2418,6184,-7703,-1519,4709,-5608,-899,NaN,NaN,NaN,NaN,NaN,21040,-18622,2418,6184,-7703,-1519,4709,-5608,-899
2012-01-25T23:00:00Z,17.08,17.12,17.08,17.09,21040,-18622,2418,6184,-7703,-1519,4709,-5608,-899,NaN,NaN,NaN,NaN,NaN,21040,-18622,2418,6184,-7703,-1519,4709,-5608,-899
2012-01-26T23:00:00Z,17.13,17.13,17.1,17.1,21040,-18622,2418,6184,-7703,-1519,4709,-5608,-899,NaN,NaN,NaN,NaN,NaN,21040,-18622,2418,6184,-7703,-1519,4709,-5608,-899
2012-01-29T23:00:00Z,16.6,16.72,16.55,16.68,21040,-18622,2418,6184,-7703,-1519,4709,-5608,-899,NaN,NaN,NaN,NaN,NaN,21040,-18622,2418,6184,-7703,-1519,4709,-5608,-899
2012-01-30T23:00:00Z,16.59,16.6,16.5,16.52,22348,-19357,2991,6305,-8370,-2065,4799,-5725,-926,NaN,NaN,NaN,NaN,NaN,22348,-19357,2991,6305,-8370,-2065,4799,-5725,-926
2012-01-31T23:00:00Z,16.55,16.56,16.35,16.35,22348,-19357,2991,6305,-8370,-2065,4799,-5725,-926,NaN,NaN,NaN,NaN,NaN,22348,-19357,2991,6305,-8370,-2065,4799,-5725,-926
2012-02-01T23:00:00Z,16.29,16.31,16.12,16.15,22348,-19357,2991,6305,-8370,-2065,4799,-5725,-926,NaN,NaN,NaN,NaN,NaN,22348,-19357,2991,6305,-8370,-2065,4799,-5725,-926
2012-02-02T23:00:00Z,16.13,16.2,15.96,16.15,22348,-19357,2991,6305,-8370,-2065,4799,-5725,-926,NaN,NaN,NaN,NaN,NaN,22348,-19357,2991,6305,-8370,-2065,4799,-5725,-926
2012-02-05T23:00:00Z,16.11,16.18,16.03,16.15,22348,-19357,2991,6305,-8370,-2065,4799,-5725,-926,NaN,NaN,NaN,NaN,NaN,22348,-19357,2991,6305,-8370,-2065,4799,-5725,-926
2012-02-06T23:00:00Z,16.09,16.12,16.07,16.08,20801,-16867,3934,5219,-8520,-3301,4569,-5202,-633,NaN,NaN,NaN,NaN,NaN,20801,-16867,3934,5219,-8520,-3301,4569,-5202,-633
2012-02-07T23:00:00Z,16.07,16.08,16.01,16.06,20801,-16867,3934,5219,-8520,-3301,4569,-5202,-633,NaN,NaN,NaN,NaN,NaN,20801,-16867,3934,5219,-8520,-3301,4569,-5202,-633
2012-02-08T23:00:00Z,16.09,16.11,16,16.09,20801,-16867,3934,5219,-8520,-3301,4569,-5202,-633,NaN,NaN,NaN,NaN,NaN,20801,-16867,3934,5219,-8520,-3301,4569,-5202,-633
2012-02-09T23:00:00Z,16.07,16.12,16.06,16.08,20801,-16867,3934,5219,-8520,-3301,4569,-5202,-633,NaN,NaN,NaN,NaN,NaN,20801,-16867,3934,5219,-8520,-3301,4569,-5202,-633
2012-02-12T23:00:00Z,16.06,16.08,16.05,16.07,20801,-16867,3934,5219,-8520,-3301,4569,-5202,-633,NaN,NaN,NaN,NaN,NaN,20801,-16867,3934,5219,-8520,-3301,4569,-5202,-633
2012-02-13T23:00:00Z,16.08,16.1,16.08,16.1,22183,-17143,5040,5165,-9622,-4457,4596,-5179,-583,NaN,NaN,NaN,NaN,NaN,22183,-17143,5040,5165,-9622,-4457,4596,-5179,-583
2012-02-14T23:00:00Z,16.11,16.14,16.1,16.12,22183,-17143,5040,5165,-9622,-4457,4596,-5179,-583,NaN,NaN,NaN,NaN,NaN,22183,-17143,5040,5165,-9622,-4457,4596,-5179,-583
2012-02-15T23:00:00Z,16.11,16.11,16.09,16.1,22183,-17143,5040,5165,-9622,-4457,4596,-5179,-583,NaN,NaN,NaN,NaN,NaN,22183,-17143,5040,5165,-9622,-4457,4596,-5179,-583
2012-02-16T23:00:00Z,16.09,16.1,16.07,16.07,22183,-17143,5040,5165,-9622,-4457,4596,-5179,-583,NaN,NaN,NaN,NaN,NaN,22183,-17143,5040,5165,-9622,-4457,4596,-5179,-583
2012-02-19T23:00:00Z,16.07,16.07,16.06,16.07,22682,-17464,5218,5510,-9833,-4323,4892,-5787,-895,NaN,NaN,NaN,NaN,NaN,22682,-17464,5218,5510,-9833,-4323,4892,-5787,-895
2012-02-21T23:00:00Z,16.09,16.09,16.07,16.07,22682,-17464,5218,5510,-9833,-4323,4892,-5787,-895,NaN,NaN,NaN,NaN,NaN,22682,-17464,5218,5510,-9833,-4323,4892,-5787,-895
2012-02-22T23:00:00Z,16.09,16.1,16.06,16.08,22682,-17464,5218,5510,-9833,-4323,4892,-5787,-895,NaN,NaN,NaN,NaN,NaN,22682,-17464,5218,5510,-9833,-4323,4892,-5787,-895
2012-02-23T23:00:00Z,16.07,16.09,16.06,16.08,22682,-17464,5218,5510,-9833,-4323,4892,-5787,-895,NaN,NaN,NaN,NaN,NaN,22682,-17464,5218,5510,-9833,-4323,4892,-5787,-895
2012-02-26T23:00:00Z,15.27,15.44,15.2,15.4,22682,-17464,5218,5510,-9833,-4323,4892,-5787,-895,NaN,NaN,NaN,NaN,NaN,22682,-17464,5218,5510,-9833,-4323,4892,-5787,-895
2012-02-27T23:00:00Z,15.45,15.52,15.3,15.4,23871,-17595,6276,5781,-10298,-4517,4467,-6226,-1759,NaN,NaN,NaN,NaN,NaN,23871,-17595,6276,5781,-10298,-4517,4467,-6226,-1759
2012-02-28T23:00:00Z,15.39,15.59,15.38,15.54,23871,-17595,6276,5781,-10298,-4517,4467,-6226,-1759,NaN,NaN,NaN,NaN,NaN,23871,-17595,6276,5781,-10298,-4517,4467,-6226,-1759
2012-02-29T23:00:00Z,15.54,15.74,15.47,15.48,23871,-17595,6276,5781,-10298,-4517,4467,-6226,-1759,NaN,NaN,NaN,NaN,NaN,23871,-17595,6276,5781,-10298,-4517,4467,-6226,-1759
2012-03-01T23:00:00Z,15.54,15.56,15.25,15.36,23871,-17595,6276,5781,-10298,-4517,4467,-6226,-1759,NaN,NaN,NaN,NaN,NaN,23871,-17595,6276,5781,-10298,-4517,4467,-6226,-1759
2012-03-04T23:00:00Z,15.28,15.39,15.15,15.19,23871,-17595,6276,5781,-10298,-4517,4467,-6226,-1759,NaN,NaN,NaN,NaN,NaN,23871,-17595,6276,5781,-10298,-4517,4467,-6226,-1759
2012-03-05T23:00:00Z,15.25,15.35,15.23,15.25,20201,-14358,5843,5262,-10110,-4848,4409,-5404,-995,NaN,NaN,NaN,NaN,NaN,20201,-14358,5843,5262,-10110,-4848,4409,-5404,-995
2012-03-06T23:00:00Z,15.28,15.4,15.26,15.35,20201,-14358,5843,5262,-10110,-4848,4409,-5404,-995,NaN,NaN,NaN,NaN,NaN,20201,-14358,5843,5262,-10110,-4848,4409,-5404,-995
2012-03-07T23:00:00Z,15.4,15.47,15.28,15.36,20201,-14358,5843,5262,-10110,-4848,4409,-5404,-995,NaN,NaN,NaN,NaN,NaN,20201,-14358,5843,5262,-10110,-4848,4409,-5404,-995
2012-03-08T23:00:00Z,15.44,15.46,15.37,15.42,20201,-14358,5843,5262,-10110,-4848,4409,-5404,-995,NaN,NaN,NaN,NaN,NaN,20201,-14358,5843,5262,-10110,-4848,4409,-5404,-995
2012-03-11T22:00:00Z,15.45,15.48,15.44,15.45,20201,-14358,5843,5262,-10110,-4848,4409,-5404,-995,NaN,NaN,NaN,NaN,NaN,20201,-14358,5843,5262,-10110,-4848,4409,-5404,-995
2012-03-12T22:00:00Z,15.48,15.52,15.45,15.49,20665,-14969,5696,5120,-9546,-4426,4454,-5724,-1270,NaN,NaN,NaN,NaN,NaN,20665,-14969,5696,5120,-9546,-4426,4454,-5724,-1270
2012-03-13T22:00:00Z,15.48,15.52,15.47,15.5,20665,-14969,5696,5120,-9546,-4426,4454,-5724,-1270,NaN,NaN,NaN,NaN,NaN,20665,-14969,5696,5120,-9546,-4426,4454,-5724,-1270
2012-03-14T22:00:00Z,15.53,15.54,15.47,15.51,20665,-14969,5696,5120,-9546,-4426,4454,-5724,-1270,NaN,NaN,NaN,NaN,NaN,20665,-14969,5696,5120,-9546,-4426,4454,-5724,-1270
2012-03-15T22:00:00Z,15.49,15.65,15.46,15.61,20665,-14969,5696,5120,-9546,-4426,4454,-5724,-1270,NaN,NaN,NaN,NaN,NaN,20665,-14969,5696,5120,-9546,-4426,4454,-5724,-1270
2012-03-18T22:00:00Z,15.64,15.66,15.62,15.63,20665,-14969,5696,5120,-9546,-4426,4454,-5724,-1270,NaN,NaN,NaN,NaN,NaN,20665,-14969,5696,5120,-9546,-4426,4454,-5724,-1270
2012-03-19T22:00:00Z,15.64,15.65,15.63,15.64,21127,-15588,5539,5544,-9227,-3683,4433,-6289,-1856,NaN,NaN,NaN,NaN,NaN,21127,-15588,5539,5544,-9227,-3683,4433,-6289,-1856
2012-03-20T22:00:00Z,15.65,15.68,15.64,15.64,21127,-15588,5539,5544,-9227,-3683,4433,-6289,-1856,NaN,NaN,NaN,NaN,NaN,21127,-15588,5539,5544,-9227,-3683,4433,-6289,-1856
2012-03-21T22:00:00Z,15.63,15.67,15.6,15.63,21127,-15588,5539,5544,-9227,-3683,4433,-6289,-1856,NaN,NaN,NaN,NaN,NaN,21127,-15588,5539,5544,-9227,-3683,4433,-6289,-1856
2012-03-22T22:00:00Z,15.62,15.65,15.62,15.63,21127,-15588,5539,5544,-9227,-3683,4433,-6289,-1856,NaN,NaN,NaN,NaN,NaN,21127,-15588,5539,5544,-9227,-3683,4433,-6289,-1856
2012-03-25T22:00:00Z,15.7,15.7,15.31,15.61,21127,-15588,5539,5544,-9227,-3683,4433,-6289,-1856,NaN,NaN,NaN,NaN,NaN,21127,-15588,5539,5544,-9227,-3683,4433,-6289,-1856
2012-03-26T22:00:00Z,15.64,15.72,15.37,15.4,21297,-16570,4727,6130,-9173,-3043,3994,-5678,-1684,NaN,NaN,NaN,NaN,NaN,21297,-16570,4727,6130,-9173,-3043,3994,-5678,-1684
2012-03-27T22:00:00Z,15.45,15.76,15.45,15.75,21297,-16570,4727,6130,-9173,-3043,3994,-5678,-1684,NaN,NaN,NaN,NaN,NaN,21297,-16570,4727,6130,-9173,-3043,3994,-5678,-1684
2012-03-28T22:00:00Z,15.65,15.68,15.5,15.62,21297,-16570,4727,6130,-9173,-3043,3994,-5678,-1684,NaN,NaN,NaN,NaN,NaN,21297,-16570,4727,6130,-9173,-3043,3994,-5678,-1684
2012-03-29T22:00:00Z,15.66,15.99,15.62,15.66,21297,-16570,4727,6130,-9173,-3043,3994,-5678,-1684,NaN,NaN,NaN,NaN,NaN,21297,-16570,4727,6130,-9173,-3043,3994,-5678,-1684
2012-04-01T22:00:00Z,15.78,15.9,15.68,15.84,21297,-16570,4727,6130,-9173,-3043,3994,-5678,-1684,NaN,NaN,NaN,NaN,NaN,21297,-16570,4727,6130,-9173,-3043,3994,-5678,-1684
2012-04-02T22:00:00Z,15.99,16.05,15.87,15.87,17514,-14274,3240,5101,-6847,-1746,3645,-5139,-1494,NaN,NaN,NaN,NaN,NaN,17514,-14274,3240,5101,-6847,-1746,3645,-5139,-1494
2012-04-03T22:00:00Z,15.87,15.91,15.51,15.71,17514,-14274,3240,5101,-6847,-1746,3645,-5139,-1494,NaN,NaN,NaN,NaN,NaN,17514,-14274,3240,5101,-6847,-1746,3645,-5139,-1494
2012-04-04T22:00:00Z,15.54,15.59,15.5,15.5,17514,-14274,3240,5101,-6847,-1746,3645,-5139,-1494,NaN,NaN,NaN,NaN,NaN,17514,-14274,3240,5101,-6847,-1746,3645,-5139,-1494
2012-04-08T22:00:00Z,15.52,15.64,15.52,15.62,17514,-14274,3240,5101,-6847,-1746,3645,-5139,-1494,NaN,NaN,NaN,NaN,NaN,17514,-14274,3240,5101,-6847,-1746,3645,-5139,-1494
2012-04-09T22:00:00Z,15.66,15.67,15.58,15.64,18207,-14620,3587,4920,-7009,-2089,3485,-4983,-1498,NaN,NaN,NaN,NaN,NaN,18207,-14620,3587,4920,-7009,-2089,3485,-4983,-1498
2012-04-10T22:00:00Z,15.62,15.86,15.57,15.6,18207,-14620,3587,4920,-7009,-2089,3485,-4983,-1498,NaN,NaN,NaN,NaN,NaN,18207,-14620,3587,4920,-7009,-2089,3485,-4983,-1498
2012-04-11T22:00:00Z,15.76,15.78,15.7,15.73,18207,-14620,3587,4920,-7009,-2089,3485,-4983,-1498,NaN,NaN,NaN,NaN,NaN,18207,-14620,3587,4920,-7009,-2089,3485,-4983,-1498
2012-04-12T22:00:00Z,15.72,15.84,15.71,15.8,18207,-14620,3587,4920,-7009,-2089,3485,-4983,-1498,NaN,NaN,NaN,NaN,NaN,18207,-14620,3587,4920,-7009,-2089,3485,-4983,-1498
2012-04-15T22:00:00Z,15.78,15.8,15.76,15.79,18207,-14620,3587,4920,-7009,-2089,3485,-4983,-1498,NaN,NaN,NaN,NaN,NaN,18207,-14620,3587,4920,-7009,-2089,3485,-4983,-1498
2012-04-16T22:00:00Z,15.79,15.79,15.76,15.78,19024,-15368,3656,5252,-7366,-2114,3554,-5096,-1542,NaN,NaN,NaN,NaN,NaN,19024,-15368,3656,5252,-7366,-2114,3554,-5096,-1542
2012-04-17T22:00:00Z,15.75,15.8,15.7,15.74,19024,-15368,3656,5252,-7366,-2114,3554,-5096,-1542,NaN,NaN,NaN,NaN,NaN,19024,-15368,3656,5252,-7366,-2114,3554,-5096,-1542
2012-04-18T22:00:00Z,15.73,15.77,15.72,15.77,19024,-15368,3656,5252,-7366,-2114,3554,-5096,-1542,NaN,NaN,NaN,NaN,NaN,19024,-15368,3656,5252,-7366,-2114,3554,-5096,-1542
2012-04-19T22:00:00Z,15.74,15.77,15.73,15.77,19024,-15368,3656,5252,-7366,-2114,3554,-5096,-1542,NaN,NaN,NaN,NaN,NaN,19024,-15368,3656,5252,-7366,-2114,3554,-5096,-1542
2012-04-22T22:00:00Z,15.74,15.77,15.73,15.73,19024,-15368,3656,5252,-7366,-2114,3554,-5096,-1542,NaN,NaN,NaN,NaN,NaN,19024,-15368,3656,5252,-7366,-2114,3554,-5096,-1542
2012-04-23T22:00:00Z,15.74,15.76,15.72,15.76,19221,-15700,3521,5801,-7977,-2176,3660,-5005,-1345,NaN,NaN,NaN,NaN,NaN,19221,-15700,3521,5801,-7977,-2176,3660,-5005,-1345
2012-04-24T22:00:00Z,15.74,15.78,15.74,15.74,19221,-15700,3521,5801,-7977,-2176,3660,-5005,-1345,NaN,NaN,NaN,NaN,NaN,19221,-15700,3521,5801,-7977,-2176,3660,-5005,-1345
2012-04-25T22:00:00Z,15.74,15.74,15.73,15.73,19221,-15700,3521,5801,-7977,-2176,3660,-5005,-1345,NaN,NaN,NaN,NaN,NaN,19221,-15700,3521,5801,-7977,-2176,3660,-5005,-1345
2012-04-26T22:00:00Z,15.74,15.74,15.73,15.73,19221,-15700,3521,5801,-7977,-2176,3660,-5005,-1345,NaN,NaN,NaN,NaN,NaN,19221,-15700,3521,5801,-7977,-2176,3660,-5005,-1345
2012-04-29T22:00:00Z,14.89,14.94,14.84,14.94,19221,-15700,3521,5801,-7977,-2176,3660,-5005,-1345,NaN,NaN,NaN,NaN,NaN,19221,-15700,3521,5801,-7977,-2176,3660,-5005,-1345
2012-04-30T22:00:00Z,14.9,15.38,14.88,15.27,19441,-16047,3394,5989,-8253,-2264,3700,-4830,-1130,NaN,NaN,NaN,NaN,NaN,19441,-16047,3394,5989,-8253,-2264,3700,-4830,-1130
2012-05-01T22:00:00Z,15.33,15.39,15.06,15.13,19441,-16047,3394,5989,-8253,-2264,3700,-4830,-1130,NaN,NaN,NaN,NaN,NaN,19441,-16047,3394,5989,-8253,-2264,3700,-4830,-1130
2012-05-02T22:00:00Z,15.08,15.13,14.88,14.95,19441,-16047,3394,5989,-8253,-2264,3700,-4830,-1130,NaN,NaN,NaN,NaN,NaN,19441,-16047,3394,5989,-8253,-2264,3700,-4830,-1130
2012-05-03T22:00:00Z,14.94,15.17,14.94,15.1,19441,-16047,3394,5989,-8253,-2264,3700,-4830,-1130,NaN,NaN,NaN,NaN,NaN,19441,-16047,3394,5989,-8253,-2264,3700,-4830,-1130
2012-05-06T22:00:00Z,15.14,15.17,15.05,15.17,19441,-16047,3394,5989,-8253,-2264,3700,-4830,-1130,NaN,NaN,NaN,NaN,NaN,19441,-16047,3394,5989,-8253,-2264,3700,-4830,-1130
2012-05-07T22:00:00Z,15.17,15.17,15.07,15.09,16749,-13300,3449,5415,-7998,-2583,3438,-4304,-866,NaN,NaN,NaN,NaN,NaN,16749,-13300,3449,5415,-7998,-2583,3438,-4304,-866
2012-05-08T22:00:00Z,15.07,15.23,15.01,15.12,16749,-13300,3449,5415,-7998,-2583,3438,-4304,-866,NaN,NaN,NaN,NaN,NaN,16749,-13300,3449,5415,-7998,-2583,3438,-4304,-866
2012-05-09T22:00:00Z,15.2,15.29,15.18,15.24,16749,-13300,3449,5415,-7998,-2583,3438,-4304,-866,NaN,NaN,NaN,NaN,NaN,16749,-13300,3449,5415,-7998,-2583,3438,-4304,-866
2012-05-10T22:00:00Z,15.22,15.28,15.22,15.26,16749,-13300,3449,5415,-7998,-2583,3438,-4304,-866,NaN,NaN,NaN,NaN,NaN,16749,-13300,3449,5415,-7998,-2583,3438,-4304,-866
2012-05-13T22:00:00Z,15.27,15.29,15.24,15.24,16749,-13300,3449,5415,-7998,-2583,3438,-4304,-866,NaN,NaN,NaN,NaN,NaN,16749,-13300,3449,5415,-7998,-2583,3438,-4304,-866
2012-05-14T22:00:00Z,15.25,15.29,15.23,15.25,16713,-13559,3154,5681,-7824,-2143,3398,-4409,-1011,NaN,NaN,NaN,NaN,NaN,16713,-13559,3154,5681,-7824,-2143,3398,-4409,-1011
2012-05-15T22:00:00Z,15.25,15.29,15.16,15.26,16713,-13559,3154,5681,-7824,-2143,3398,-4409,-1011,NaN,NaN,NaN,NaN,NaN,16713,-13559,3154,5681,-7824,-2143,3398,-4409,-1011
2012-05-16T22:00:00Z,15.17,15.21,15.16,15.17,16713,-13559,3154,5681,-7824,-2143,3398,-4409,-1011,NaN,NaN,NaN,NaN,NaN,16713,-13559,3154,5681,-7824,-2143,3398,-4409,-1011
2012-05-17T22:00:00Z,15.19,15.2,15.17,15.17,16713,-13559,3154,5681,-7824,-2143,3398,-4409,-1011,NaN,NaN,NaN,NaN,NaN,16713,-13559,3154,5681,-7824,-2143,3398,-4409,-1011
2012-05-20T22:00:00Z,15.19,15.25,15.19,15.22,16713,-13559,3154,5681,-7824,-2143,3398,-4409,-1011,NaN,NaN,NaN,NaN,NaN,16713,-13559,3154,5681,-7824,-2143,3398,-4409,-1011
2012-05-21T22:00:00Z,15.21,15.22,15.21,15.22,16708,-13899,2809,5491,-7537,-2046,3602,-4365,-763,NaN,NaN,NaN,NaN,NaN,16708,-13899,2809,5491,-7537,-2046,3602,-4365,-763
2012-05-22T22:00:00Z,15.22,15.24,15.21,15.21,16708,-13899,2809,5491,-7537,-2046,3602,-4365,-763,NaN,NaN,NaN,NaN,NaN,16708,-13899,2809,5491,-7537,-2046,3602,-4365,-763
2012-05-23T22:00:00Z,15.21,15.23,15.21,15.22,16708,-13899,2809,5491,-7537,-2046,3602,-4365,-763,NaN,NaN,NaN,NaN,NaN,16708,-13899,2809,5491,-7537,-2046,3602,-4365,-763
2012-05-24T22:00:00Z,15.6,15.93,15.5,15.8,16708,-13899,2809,5491,-7537,-2046,3602,-4365,-763,NaN,NaN,NaN,NaN,NaN,16708,-13899,2809,5491,-7537,-2046,3602,-4365,-763
2012-05-27T22:00:00Z,15.91,15.97,15.6,15.6,16892,-14653,2239,5968,-7404,-1436,3702,-4505,-803,NaN,NaN,NaN,NaN,NaN,16892,-14653,2239,5968,-7404,-1436,3702,-4505,-803
2012-05-29T22:00:00Z,15.62,15.75,15.55,15.65,16892,-14653,2239,5968,-7404,-1436,3702,-4505,-803,NaN,NaN,NaN,NaN,NaN,16892,-14653,2239,5968,-7404,-1436,3702,-4505,-803
2012-05-30T22:00:00Z,15.69,15.75,15.52,15.62,16892,-14653,2239,5968,-7404,-1436,3702,-4505,-803,NaN,NaN,NaN,NaN,NaN,16892,-14653,2239,5968,-7404,-1436,3702,-4505,-803
2012-05-31T22:00:00Z,15.56,15.65,15.52,15.62,16892,-14653,2239,5968,-7404,-1436,3702,-4505,-803,NaN,NaN,NaN,NaN,NaN,16892,-14653,2239,5968,-7404,-1436,3702,-4505,-803
2012-06-03T22:00:00Z,15.6,15.72,15.36,15.39,16892,-14653,2239,5968,-7404,-1436,3702,-4505,-803,NaN,NaN,NaN,NaN,NaN,16892,-14653,2239,5968,-7404,-1436,3702,-4505,-803
2012-06-04T22:00:00Z,15.39,15.61,15.36,15.53,14114,-12795,1319,4952,-5962,-1010,3806,-4115,-309,NaN,NaN,NaN,NaN,NaN,14114,-12795,1319,4952,-5962,-1010,3806,-4115,-309
2012-06-05T22:00:00Z,15.48,15.64,15.41,15.47,14114,-12795,1319,4952,-5962,-1010,3806,-4115,-309,NaN,NaN,NaN,NaN,NaN,14114,-12795,1319,4952,-5962,-1010,3806,-4115,-309
2012-06-06T22:00:00Z,15.46,15.63,15.44,15.59,14114,-12795,1319,4952,-5962,-1010,3806,-4115,-309,NaN,NaN,NaN,NaN,NaN,14114,-12795,1319,4952,-5962,-1010,3806,-4115,-309
2012-06-07T22:00:00Z,15.7,15.7,15.5,15.55,14114,-12795,1319,4952,-5962,-1010,3806,-4115,-309,NaN,NaN,NaN,NaN,NaN,14114,-12795,1319,4952,-5962,-1010,3806,-4115,-309
2012-06-10T22:00:00Z,15.55,15.6,15.55,15.56,14114,-12795,1319,4952,-5962,-1010,3806,-4115,-309,NaN,NaN,NaN,NaN,NaN,14114,-12795,1319,4952,-5962,-1010,3806,-4115,-309
2012-06-11T22:00:00Z,15.55,15.71,15.54,15.69,14636,-13768,868,5279,-5613,-334,3877,-4411,-534,NaN,NaN,NaN,NaN,NaN,14636,-13768,868,5279,-5613,-334,3877,-4411,-534
2012-06-12T22:00:00Z,15.71,15.75,15.67,15.7,14636,-13768,868,5279,-5613,-334,3877,-4411,-534,NaN,NaN,NaN,NaN,NaN,14636,-13768,868,5279,-5613,-334,3877,-4411,-534
2012-06-13T22:00:00Z,15.69,15.78,15.52,15.62,14636,-13768,868,5279,-5613,-334,3877,-4411,-534,NaN,NaN,NaN,NaN,NaN,14636,-13768,868,5279,-5613,-334,3877,-4411,-534
2012-06-14T22:00:00Z,15.63,15.64,15.57,15.61,14636,-13768,868,5279,-5613,-334,3877,-4411,-534,NaN,NaN,NaN,NaN,NaN,14636,-13768,868,5279,-5613,-334,3877,-4411,-534
2012-06-17T22:00:00Z,15.59,15.62,15.58,15.6,14636,-13768,868,5279,-5613,-334,3877,-4411,-534,NaN,NaN,NaN,NaN,NaN,14636,-13768,868,5279,-5613,-334,3877,-4411,-534
2012-06-18T22:00:00Z,15.59,15.68,15.58,15.64,14954,-14382,572,5314,-5748,-434,4012,-4150,-138,NaN,NaN,NaN,NaN,NaN,14954,-14382,572,5314,-5748,-434,4012,-4150,-138
2012-06-19T22:00:00Z,15.65,15.7,15.62,15.69,14954,-14382,572,5314,-5748,-434,4012,-4150,-138,NaN,NaN,NaN,NaN,NaN,14954,-14382,572,5314,-5748,-434,4012,-4150,-138
2012-06-20T22:00:00Z,15.65,15.69,15.62,15.67,14954,-14382,572,5314,-5748,-434,4012,-4150,-138,NaN,NaN,NaN,NaN,NaN,14954,-14382,572,5314,-5748,-434,4012,-4150,-138
2012-06-21T22:00:00Z,15.65,15.68,15.65,15.67,14954,-14382,572,5314,-5748,-434,4012,-4150,-138,NaN,NaN,NaN,NaN,NaN,14954,-14382,572,5314,-5748,-434,4012,-4150,-138
2012-06-24T22:00:00Z,16.75,16.96,16.7,16.95,14954,-14382,572,5314,-5748,-434,4012,-4150,-138,NaN,NaN,NaN,NaN,NaN,14954,-14382,572,5314,-5748,-434,4012,-4150,-138
2012-06-25T22:00:00Z,16.96,17.14,16.86,17.06,15761,-15239,522,4958,-5452,-494,4122,-4150,-28,NaN,NaN,NaN,NaN,NaN,15761,-15239,522,4958,-5452,-494,4122,-4150,-28
2012-06-26T22:00:00Z,16.96,17.2,16.96,17.05,15761,-15239,522,4958,-5452,-494,4122,-4150,-28,NaN,NaN,NaN,NaN,NaN,15761,-15239,522,4958,-5452,-494,4122,-4150,-28
2012-06-27T22:00:00Z,17.14,17.15,16.92,16.94,15761,-15239,522,4958,-5452,-494,4122,-4150,-28,NaN,NaN,NaN,NaN,NaN,15761,-15239,522,4958,-5452,-494,4122,-4150,-28
2012-06-28T22:00:00Z,17,17,16.82,16.87,15761,-15239,522,4958,-5452,-494,4122,-4150,-28,NaN,NaN,NaN,NaN,NaN,15761,-15239,522,4958,-5452,-494,4122,-4150,-28
2012-07-01T22:00:00Z,16.94,16.94,16.55,16.56,15761,-15239,522,4958,-5452,-494,4122,-4150,-28,NaN,NaN,NaN,NaN,NaN,15761,-15239,522,4958,-5452,-494,4122,-4150,-28
2012-07-02T22:00:00Z,16.52,16.75,16.52,16.69,15877,-16048,-171,5199,-5122,77,4270,-4176,94,NaN,NaN,NaN,NaN,NaN,15877,-16048,-171,5199,-5122,77,4270,-4176,94
2012-07-03T22:00:00Z,16.7,16.87,16.7,16.76,15877,-16048,-171,5199,-5122,77,4270,-4176,94,NaN,NaN,NaN,NaN,NaN,15877,-16048,-171,5199,-5122,77,4270,-4176,94
2012-07-05T22:00:00Z,16.75,16.79,16.69,16.71,15877,-16048,-171,5199,-5122,77,4270,-4176,94,NaN,NaN,NaN,NaN,NaN,15877,-16048,-171,5199,-5122,77,4270,-4176,94
2012-07-08T22:00:00Z,16.69,16.75,16.56,16.6,15877,-16048,-171,5199,-5122,77,4270,-4176,94,NaN,NaN,NaN,NaN,NaN,15877,-16048,-171,5199,-5122,77,4270,-4176,94
2012-07-09T22:00:00Z,16.6,16.61,16.52,16.58,13354,-14293,-939,3888,-3871,17,4536,-3614,922,NaN,NaN,NaN,NaN,NaN,13354,-14293,-939,3888,-3871,17,4536,-3614,922
2012-07-10T22:00:00Z,16.55,16.65,16.53,16.57,13354,-14293,-939,3888,-3871,17,4536,-3614,922,NaN,NaN,NaN,NaN,NaN,13354,-14293,-939,3888,-3871,17,4536,-3614,922
2012-07-11T22:00:00Z,16.64,16.73,16.6,16.71,13354,-14293,-939,3888,-3871,17,4536,-3614,922,NaN,NaN,NaN,NaN,NaN,13354,-14293,-939,3888,-3871,17,4536,-3614,922
2012-07-12T22:00:00Z,16.7,16.75,16.67,16.73,13354,-14293,-939,3888,-3871,17,4536,-3614,922,NaN,NaN,NaN,NaN,NaN,13354,-14293,-939,3888,-3871,17,4536,-3614,922
2012-07-15T22:00:00Z,16.7,16.73,16.67,16.72,13354,-14293,-939,3888,-3871,17,4536,-3614,922,NaN,NaN,NaN,NaN,NaN,13354,-14293,-939,3888,-3871,17,4536,-3614,922
2012-07-16T22:00:00Z,16.72,16.77,16.71,16.74,14345,-15794,-1449,4316,-4165,151,4725,-3427,1298,NaN,NaN,NaN,NaN,NaN,14345,-15794,-1449,4316,-4165,151,4725,-3427,1298
2012-07-17T22:00:00Z,16.7,16.79,16.62,16.69,14345,-15794,-1449,4316,-4165,151,4725,-3427,1298,NaN,NaN,NaN,NaN,NaN,14345,-15794,-1449,4316,-4165,151,4725,-3427,1298
2012-07-18T22:00:00Z,16.68,16.7,16.65,16.68,14345,-15794,-1449,4316,-4165,151,4725,-3427,1298,NaN,NaN,NaN,NaN,NaN,14345,-15794,-1449,4316,-4165,151,4725,-3427,1298
2012-07-19T22:00:00Z,16.68,16.72,16.67,16.67,14345,-15794,-1449,4316,-4165,151,4725,-3427,1298,NaN,NaN,NaN,NaN,NaN,14345,-15794,-1449,4316,-4165,151,4725,-3427,1298
2012-07-22T22:00:00Z,16.7,16.73,16.66,16.67,14345,-15794,-1449,4316,-4165,151,4725,-3427,1298,NaN,NaN,NaN,NaN,NaN,14345,-15794,-1449,4316,-4165,151,4725,-3427,1298
2012-07-23T22:00:00Z,16.68,16.69,16.67,16.68,15504,-17313,-1809,4285,-4192,93,5223,-3507,1716,NaN,NaN,NaN,NaN,NaN,15504,-17313,-1809,4285,-4192,93,5223,-3507,1716
2012-07-24T22:00:00Z,16.67,16.68,16.67,16.68,15504,-17313,-1809,4285,-4192,93,5223,-3507,1716,NaN,NaN,NaN,NaN,NaN,15504,-17313,-1809,4285,-4192,93,5223,-3507,1716
2012-07-25T22:00:00Z,17.7,17.79,17.48,17.56,15504,-17313,-1809,4285,-4192,93,5223,-3507,1716,NaN,NaN,NaN,NaN,NaN,15504,-17313,-1809,4285,-4192,93,5223,-3507,1716
2012-07-26T22:00:00Z,17.56,17.56,17.21,17.3,15504,-17313,-1809,4285,-4192,93,5223,-3507,1716,NaN,NaN,NaN,NaN,NaN,15504,-17313,-1809,4285,-4192,93,5223,-3507,1716
2012-07-29T22:00:00Z,17.26,17.36,17.23,17.3,15504,-17313,-1809,4285,-4192,93,5223,-3507,1716,NaN,NaN,NaN,NaN,NaN,15504,-17313,-1809,4285,-4192,93,5223,-3507,1716
2012-07-30T22:00:00Z,17.4,17.4,17.06,17.08,16521,-17991,-1470,4041,-4458,-417,5352,-3465,1887,NaN,NaN,NaN,NaN,NaN,16521,-17991,-1470,4041,-4458,-417,5352,-3465,1887
2012-07-31T22:00:00Z,17.06,17.21,17.02,17.13,16521,-17991,-1470,4041,-4458,-417,5352,-3465,1887,NaN,NaN,NaN,NaN,NaN,16521,-17991,-1470,4041,-4458,-417,5352,-3465,1887
2012-08-01T22:00:00Z,17.18,17.2,17.11,17.17,16521,-17991,-1470,4041,-4458,-417,5352,-3465,1887,NaN,NaN,NaN,NaN,NaN,16521,-17991,-1470,4041,-4458,-417,5352,-3465,1887
2012-08-02T22:00:00Z,17.11,17.5,17.1,17.49,16521,-17991,-1470,4041,-4458,-417,5352,-3465,1887,NaN,NaN,NaN,NaN,NaN,16521,-17991,-1470,4041,-4458,-417,5352,-3465,1887
2012-08-05T22:00:00Z,17.5,17.57,17.45,17.57,16521,-17991,-1470,4041,-4458,-417,5352,-3465,1887,NaN,NaN,NaN,NaN,NaN,16521,-17991,-1470,4041,-4458,-417,5352,-3465,1887
2012-08-06T22:00:00Z,17.57,17.64,17.54,17.56,15503,-16665,-1162,2969,-4062,-1093,5237,-2982,2255,NaN,NaN,NaN,NaN,NaN,15503,-16665,-1162,2969,-4062,-1093,5237,-2982,2255
2012-08-07T22:00:00Z,17.6,17.65,17.51,17.59,15503,-16665,-1162,2969,-4062,-1093,5237,-2982,2255,NaN,NaN,NaN,NaN,NaN,15503,-16665,-1162,2969,-4062,-1093,5237,-2982,2255
2012-08-08T22:00:00Z,17.64,17.69,17.55,17.63,15503,-16665,-1162,2969,-4062,-1093,5237,-2982,2255,NaN,NaN,NaN,NaN,NaN,15503,-16665,-1162,2969,-4062,-1093,5237,-2982,2255
2012-08-09T22:00:00Z,17.61,17.65,17.56,17.64,15503,-16665,-1162,2969,-4062,-1093,5237,-2982,2255,NaN,NaN,NaN,NaN,NaN,15503,-16665,-1162,2969,-4062,-1093,5237,-2982,2255
2012-08-12T22:00:00Z,17.6,17.65,17.55,17.61,15503,-16665,-1162,2969,-4062,-1093,5237,-2982,2255,NaN,NaN,NaN,NaN,NaN,15503,-16665,-1162,2969,-4062,-1093,5237,-2982,2255
2012-08-13T22:00:00Z,17.55,17.6,17.55,17.58,15718,-17241,-1523,3764,-4308,-544,5242,-3175,2067,NaN,NaN,NaN,NaN,NaN,15718,-17241,-1523,3764,-4308,-544,5242,-3175,2067
2012-08-14T22:00:00Z,17.6,17.66,17.6,17.64,15718,-17241,-1523,3764,-4308,-544,5242,-3175,2067,NaN,NaN,NaN,NaN,NaN,15718,-17241,-1523,3764,-4308,-544,5242,-3175,2067
2012-08-15T22:00:00Z,17.63,17.66,17.62,17.66,15718,-17241,-1523,3764,-4308,-544,5242,-3175,2067,NaN,NaN,NaN,NaN,NaN,15718,-17241,-1523,3764,-4308,-544,5242,-3175,2067
2012-08-16T22:00:00Z,17.67,17.69,17.63,17.66,15718,-17241,-1523,3764,-4308,-544,5242,-3175,2067,NaN,NaN,NaN,NaN,NaN,15718,-17241,-1523,3764,-4308,-544,5242,-3175,2067
2012-08-19T22:00:00Z,17.67,17.67,17.63,17.65,15718,-17241,-1523,3764,-4308,-544,5242,-3175,2067,NaN,NaN,NaN,NaN,NaN,15718,-17241,-1523,3764,-4308,-544,5242,-3175,2067
2012-08-20T22:00:00Z,17.64,17.68,17.64,17.66,16634,-18711,-2077,4226,-4347,-121,5592,-3394,2198,NaN,NaN,NaN,NaN,NaN,16634,-18711,-2077,4226,-4347,-121,5592,-3394,2198
2012-08-21T22:00:00Z,17.64,17.74,17.63,17.63,16634,-18711,-2077,4226,-4347,-121,5592,-3394,2198,NaN,NaN,NaN,NaN,NaN,16634,-18711,-2077,4226,-4347,-121,5592,-3394,2198
2012-08-22T22:00:00Z,19.05,19.24,18.96,19.2,16634,-18711,-2077,4226,-4347,-121,5592,-3394,2198,NaN,NaN,NaN,NaN,NaN,16634,-18711,-2077,4226,-4347,-121,5592,-3394,2198
2012-08-23T22:00:00Z,19.19,19.21,18.96,19.1,16634,-18711,-2077,4226,-4347,-121,5592,-3394,2198,NaN,NaN,NaN,NaN,NaN,16634,-18711,-2077,4226,-4347,-121,5592,-3394,2198
2012-08-26T22:00:00Z,19.08,19.16,19.03,19.08,16634,-18711,-2077,4226,-4347,-121,5592,-3394,2198,NaN,NaN,NaN,NaN,NaN,16634,-18711,-2077,4226,-4347,-121,5592,-3394,2198
2012-08-27T22:00:00Z,19.07,19.12,18.92,19.06,16842,-19308,-2466,4589,-4276,313,5748,-3595,2153,NaN,NaN,NaN,NaN,NaN,16842,-19308,-2466,4589,-4276,313,5748,-3595,2153
2012-08-28T22:00:00Z,19.06,19.37,19.06,19.36,16842,-19308,-2466,4589,-4276,313,5748,-3595,2153,NaN,NaN,NaN,NaN,NaN,16842,-19308,-2466,4589,-4276,313,5748,-3595,2153
2012-08-29T22:00:00Z,19.34,19.4,19.09,19.11,16842,-19308,-2466,4589,-4276,313,5748,-3595,2153,NaN,NaN,NaN,NaN,NaN,16842,-19308,-2466,4589,-4276,313,5748,-3595,2153
2012-08-30T22:00:00Z,19.07,19.07,18.86,18.89,16842,-19308,-2466,4589,-4276,313,5748,-3595,2153,NaN,NaN,NaN,NaN,NaN,16842,-19308,-2466,4589,-4276,313,5748,-3595,2153
2012-09-02T22:00:00Z,18.85,19.02,18.81,18.97,14555,-17148,-2593,4386,-4054,332,5599,-3338,2261,NaN,NaN,NaN,NaN,NaN,14555,-17148,-2593,4386,-4054,332,5599,-3338,2261
2012-09-04T22:00:00Z,18.96,18.96,18.77,18.78,14555,-17148,-2593,4386,-4054,332,5599,-3338,2261,NaN,NaN,NaN,NaN,NaN,14555,-17148,-2593,4386,-4054,332,5599,-3338,2261
2012-09-05T22:00:00Z,18.76,18.88,18.7,18.86,14555,-17148,-2593,4386,-4054,332,5599,-3338,2261,NaN,NaN,NaN,NaN,NaN,14555,-17148,-2593,4386,-4054,332,5599,-3338,2261
2012-09-06T22:00:00Z,18.86,18.92,18.78,18.85,14555,-17148,-2593,4386,-4054,332,5599,-3338,2261,NaN,NaN,NaN,NaN,NaN,14555,-17148,-2593,4386,-4054,332,5599,-3338,2261
2012-09-09T22:00:00Z,18.81,18.84,18.76,18.78,14555,-17148,-2593,4386,-4054,332,5599,-3338,2261,NaN,NaN,NaN,NaN,NaN,14555,-17148,-2593,4386,-4054,332,5599,-3338,2261
2012-09-10T22:00:00Z,18.81,18.82,18.74,18.81,14652,-17292,-2640,4217,-3699,518,5349,-3227,2122,NaN,NaN,NaN,NaN,NaN,14652,-17292,-2640,4217,-3699,518,5349,-3227,2122
2012-09-11T22:00:00Z,18.79,18.87,18.76,18.81,14652,-17292,-2640,4217,-3699,518,5349,-3227,2122,NaN,NaN,NaN,NaN,NaN,14652,-17292,-2640,4217,-3699,518,5349,-3227,2122
2012-09-12T22:00:00Z,18.85,18.89,18.84,18.88,14652,-17292,-2640,4217,-3699,518,5349,-3227,2122,NaN,NaN,NaN,NaN,NaN,14652,-17292,-2640,4217,-3699,518,5349,-3227,2122
2012-09-13T22:00:00Z,18.86,18.9,18.84,18.87,14652,-17292,-2640,4217,-3699,518,5349,-3227,2122,NaN,NaN,NaN,NaN,NaN,14652,-17292,-2640,4217,-3699,518,5349,-3227,2122
2012-09-16T22:00:00Z,18.89,18.9,18.84,18.86,14652,-17292,-2640,4217,-3699,518,5349,-3227,2122,NaN,NaN,NaN,NaN,NaN,14652,-17292,-2640,4217,-3699,518,5349,-3227,2122
2012-09-17T22:00:00Z,18.82,18.89,18.82,18.86,15221,-17947,-2726,3989,-3579,410,5725,-3409,2316,NaN,NaN,NaN,NaN,NaN,15221,-17947,-2726,3989,-3579,410,5725,-3409,2316
2012-09-18T22:00:00Z,18.86,18.93,18.84,18.86,15221,-17947,-2726,3989,-3579,410,5725,-3409,2316,NaN,NaN,NaN,NaN,NaN,15221,-17947,-2726,3989,-3579,410,5725,-3409,2316
2012-09-19T22:00:00Z,18.93,18.95,18.93,18.95,15221,-17947,-2726,3989,-3579,410,5725,-3409,2316,NaN,NaN,NaN,NaN,NaN,15221,-17947,-2726,3989,-3579,410,5725,-3409,2316
2012-09-20T22:00:00Z,18.94,18.94,18.92,18.93,15221,-17947,-2726,3989,-3579,410,5725,-3409,2316,NaN,NaN,NaN,NaN,NaN,15221,-17947,-2726,3989,-3579,410,5725,-3409,2316
2012-09-23T22:00:00Z,18.94,18.95,18.92,18.95,15221,-17947,-2726,3989,-3579,410,5725,-3409,2316,NaN,NaN,NaN,NaN,NaN,15221,-17947,-2726,3989,-3579,410,5725,-3409,2316
2012-09-24T22:00:00Z,18.93,18.94,18.92,18.94,15978,-18805,-2827,5034,-4295,739,5589,-3501,2088,NaN,NaN,NaN,NaN,NaN,15978,-18805,-2827,5034,-4295,739,5589,-3501,2088
2012-09-25T22:00:00Z,18.92,18.96,18.92,18.94,15978,-18805,-2827,5034,-4295,739,5589,-3501,2088,NaN,NaN,NaN,NaN,NaN,15978,-18805,-2827,5034,-4295,739,5589,-3501,2088
2012-09-26T22:00:00Z,20.89,21.2,20.7,20.78,15978,-18805,-2827,5034,-4295,739,5589,-3501,2088,NaN,NaN,NaN,NaN,NaN,15978,-18805,-2827,5034,-4295,739,5589,-3501,2088
2012-09-27T22:00:00Z,20.88,20.96,20.8,20.86,15978,-18805,-2827,5034,-4295,739,5589,-3501,2088,NaN,NaN,NaN,NaN,NaN,15978,-18805,-2827,5034,-4295,739,5589,-3501,2088
2012-09-30T22:00:00Z,20.89,21.19,20.89,21.13,15978,-18805,-2827,5034,-4295,739,5589,-3501,2088,NaN,NaN,NaN,NaN,NaN,15978,-18805,-2827,5034,-4295,739,5589,-3501,2088
2012-10-01T22:00:00Z,21.18,21.2,20.91,21.1,17280,-19934,-2654,5440,-4586,854,5141,-3341,1800,NaN,NaN,NaN,NaN,NaN,17280,-19934,-2654,5440,-4586,854,5141,-3341,1800
2012-10-02T22:00:00Z,21.05,21.26,21.03,21.17,17280,-19934,-2654,5440,-4586,854,5141,-3341,1800,NaN,NaN,NaN,NaN,NaN,17280,-19934,-2654,5440,-4586,854,5141,-3341,1800
2012-10-03T22:00:00Z,21.23,21.23,20.99,21.06,17280,-19934,-2654,5440,-4586,854,5141,-3341,1800,NaN,NaN,NaN,NaN,NaN,17280,-19934,-2654,5440,-4586,854,5141,-3341,1800
2012-10-04T22:00:00Z,21.06,21.08,20.87,20.9,17280,-19934,-2654,5440,-4586,854,5141,-3341,1800,NaN,NaN,NaN,NaN,NaN,17280,-19934,-2654,5440,-4586,854,5141,-3341,1800
2012-10-07T22:00:00Z,20.89,21.08,20.85,21.05,17280,-19934,-2654,5440,-4586,854,5141,-3341,1800,NaN,NaN,NaN,NaN,NaN,17280,-19934,-2654,5440,-4586,854,5141,-3341,1800
2012-10-08T22:00:00Z,21.1,21.14,20.95,21.01,13966,-16387,-2421,4863,-4455,408,5623,-3610,2013,NaN,NaN,NaN,NaN,NaN,13966,-16387,-2421,4863,-4455,408,5623,-3610,2013
2012-10-09T22:00:00Z,21.01,21.09,20.95,21.05,13966,-16387,-2421,4863,-4455,408,5623,-3610,2013,NaN,NaN,NaN,NaN,NaN,13966,-16387,-2421,4863,-4455,408,5623,-3610,2013
2012-10-10T22:00:00Z,21.05,21.16,21.02,21.12,13966,-16387,-2421,4863,-4455,408,5623,-3610,2013,NaN,NaN,NaN,NaN,NaN,13966,-16387,-2421,4863,-4455,408,5623,-3610,2013
2012-10-11T22:00:00Z,21.12,21.15,21.1,21.14,13966,-16387,-2421,4863,-4455,408,5623,-3610,2013,NaN,NaN,NaN,NaN,NaN,13966,-16387,-2421,4863,-4455,408,5623,-3610,2013
2012-10-14T22:00:00Z,21.14,21.17,21.14,21.16,13966,-16387,-2421,4863,-4455,408,5623,-3610,2013,NaN,NaN,NaN,NaN,NaN,13966,-16387,-2421,4863,-4455,408,5623,-3610,2013
2012-10-15T22:00:00Z,21.15,21.18,21.04,21.05,14453,-16797,-2344,4621,-4626,-5,6003,-3654,2349,NaN,NaN,NaN,NaN,NaN,14453,-16797,-2344,4621,-4626,-5,6003,-3654,2349
2012-10-16T22:00:00Z,21.04,21.1,21.02,21.05,14453,-16797,-2344,4621,-4626,-5,6003,-3654,2349,NaN,NaN,NaN,NaN,NaN,14453,-16797,-2344,4621,-4626,-5,6003,-3654,2349
2012-10-17T22:00:00Z,21.02,21.05,20.98,21.04,14453,-16797,-2344,4621,-4626,-5,6003,-3654,2349,NaN,NaN,NaN,NaN,NaN,14453,-16797,-2344,4621,-4626,-5,6003,-3654,2349
2012-10-18T22:00:00Z,21.04,21.04,20.98,21.04,14453,-16797,-2344,4621,-4626,-5,6003,-3654,2349,NaN,NaN,NaN,NaN,NaN,14453,-16797,-2344,4621,-4626,-5,6003,-3654,2349
2012-10-21T22:00:00Z,21.05,21.05,21.02,21.05,14453,-16797,-2344,4621,-4626,-5,6003,-3654,2349,NaN,NaN,NaN,NaN,NaN,14453,-16797,-2344,4621,-4626,-5,6003,-3654,2349
2012-10-22T22:00:00Z,21.03,21.04,21.01,21.04,14935,-17091,-2156,4939,-4600,339,5607,-3790,1817,NaN,NaN,NaN,NaN,NaN,14935,-17091,-2156,4939,-4600,339,5607,-3790,1817
2012-10-23T22:00:00Z,21.02,21.08,21,21.04,14935,-17091,-2156,4939,-4600,339,5607,-3790,1817,NaN,NaN,NaN,NaN,NaN,14935,-17091,-2156,4939,-4600,339,5607,-3790,1817
2012-10-24T22:00:00Z,20.81,21.06,20.76,21.04,14935,-17091,-2156,4939,-4600,339,5607,-3790,1817,NaN,NaN,NaN,NaN,NaN,14935,-17091,-2156,4939,-4600,339,5607,-3790,1817
2012-10-25T22:00:00Z,21.05,21.18,20.81,21.13,14935,-17091,-2156,4939,-4600,339,5607,-3790,1817,NaN,NaN,NaN,NaN,NaN,14935,-17091,-2156,4939,-4600,339,5607,-3790,1817
2012-10-28T22:00:00Z,21.14,21.15,20.84,20.86,14935,-17091,-2156,4939,-4600,339,5607,-3790,1817,NaN,NaN,NaN,NaN,NaN,14935,-17091,-2156,4939,-4600,339,5607,-3790,1817
2012-10-29T22:00:00Z,20.88,21.01,20.83,20.97,15166,-17488,-2322,5470,-4682,788,5486,-3952,1534,NaN,NaN,NaN,NaN,NaN,15166,-17488,-2322,5470,-4682,788,5486,-3952,1534
2012-10-30T22:00:00Z,20.99,21.11,20.98,21.06,15166,-17488,-2322,5470,-4682,788,5486,-3952,1534,NaN,NaN,NaN,NaN,NaN,15166,-17488,-2322,5470,-4682,788,5486,-3952,1534
2012-10-31T22:00:00Z,21.04,21.16,21,21.1,15166,-17488,-2322,5470,-4682,788,5486,-3952,1534,NaN,NaN,NaN,NaN,NaN,15166,-17488,-2322,5470,-4682,788,5486,-3952,1534
2012-11-01T22:00:00Z,21.07,21.23,21.03,21.2,15166,-17488,-2322,5470,-4682,788,5486,-3952,1534,NaN,NaN,NaN,NaN,NaN,15166,-17488,-2322,5470,-4682,788,5486,-3952,1534
2012-11-04T23:00:00Z,21.18,21.2,21.06,21.19,15166,-17488,-2322,5470,-4682,788,5486,-3952,1534,NaN,NaN,NaN,NaN,NaN,15166,-17488,-2322,5470,-4682,788,5486,-3952,1534
2012-11-05T23:00:00Z,21.14,21.28,21.14,21.27,12351,-14400,-2049,4130,-3587,543,5012,-3506,1506,NaN,NaN,NaN,NaN,NaN,12351,-14400,-2049,4130,-3587,543,5012,-3506,1506
2012-11-06T23:00:00Z,21.23,21.26,20.74,20.76,12351,-14400,-2049,4130,-3587,543,5012,-3506,1506,NaN,NaN,NaN,NaN,NaN,12351,-14400,-2049,4130,-3587,543,5012,-3506,1506
2012-11-07T23:00:00Z,20.87,20.93,20.76,20.9,12351,-14400,-2049,4130,-3587,543,5012,-3506,1506,NaN,NaN,NaN,NaN,NaN,12351,-14400,-2049,4130,-3587,543,5012,-3506,1506
2012-11-08T23:00:00Z,20.85,21.1,20.66,20.78,12351,-14400,-2049,4130,-3587,543,5012,-3506,1506,NaN,NaN,NaN,NaN,NaN,12351,-14400,-2049,4130,-3587,543,5012,-3506,1506
2012-11-11T23:00:00Z,20.79,20.8,20.71,20.8,12351,-14400,-2049,4130,-3587,543,5012,-3506,1506,NaN,NaN,NaN,NaN,NaN,12351,-14400,-2049,4130,-3587,543,5012,-3506,1506
2012-11-12T23:00:00Z,20.8,20.9,20.78,20.9,13353,-14954,-1601,3864,-3741,123,4878,-3400,1478,NaN,NaN,NaN,NaN,NaN,13353,-14954,-1601,3864,-3741,123,4878,-3400,1478
2012-11-13T23:00:00Z,20.85,20.92,20.82,20.9,13353,-14954,-1601,3864,-3741,123,4878,-3400,1478,NaN,NaN,NaN,NaN,NaN,13353,-14954,-1601,3864,-3741,123,4878,-3400,1478
2012-11-14T23:00:00Z,20.9,20.9,20.7,20.79,13353,-14954,-1601,3864,-3741,123,4878,-3400,1478,NaN,NaN,NaN,NaN,NaN,13353,-14954,-1601,3864,-3741,123,4878,-3400,1478
2012-11-15T23:00:00Z,20.8,20.8,20.72,20.74,13353,-14954,-1601,3864,-3741,123,4878,-3400,1478,NaN,NaN,NaN,NaN,NaN,13353,-14954,-1601,3864,-3741,123,4878,-3400,1478
2012-11-18T23:00:00Z,20.75,20.76,20.69,20.7,13353,-14954,-1601,3864,-3741,123,4878,-3400,1478,NaN,NaN,NaN,NaN,NaN,13353,-14954,-1601,3864,-3741,123,4878,-3400,1478
2012-11-19T23:00:00Z,20.72,20.73,20.7,20.71,14025,-15404,-1379,3970,-4169,-199,4712,-3134,1578,NaN,NaN,NaN,NaN,NaN,14025,-15404,-1379,3970,-4169,-199,4712,-3134,1578
2012-11-20T23:00:00Z,20.7,20.8,20.68,20.71,14025,-15404,-1379,3970,-4169,-199,4712,-3134,1578,NaN,NaN,NaN,NaN,NaN,14025,-15404,-1379,3970,-4169,-199,4712,-3134,1578
2012-11-21T23:00:00Z,20.71,20.71,20.71,20.71,14025,-15404,-1379,3970,-4169,-199,4712,-3134,1578,NaN,NaN,NaN,NaN,NaN,14025,-15404,-1379,3970,-4169,-199,4712,-3134,1578
2012-11-25T23:00:00Z,20.78,20.8,20.72,20.73,14025,-15404,-1379,3970,-4169,-199,4712,-3134,1578,NaN,NaN,NaN,NaN,NaN,14025,-15404,-1379,3970,-4169,-199,4712,-3134,1578
2012-11-26T23:00:00Z,20.73,20.74,20.7,20.73,14387,-15562,-1175,4264,-4602,-338,4725,-3212,1513,NaN,NaN,NaN,NaN,NaN,14387,-15562,-1175,4264,-4602,-338,4725,-3212,1513
2012-11-27T23:00:00Z,20.72,20.81,20.72,20.77,14387,-15562,-1175,4264,-4602,-338,4725,-3212,1513,NaN,NaN,NaN,NaN,NaN,14387,-15562,-1175,4264,-4602,-338,4725,-3212,1513
2012-11-28T23:00:00Z,19.18,19.25,19.05,19.07,14387,-15562,-1175,4264,-4602,-338,4725,-3212,1513,NaN,NaN,NaN,NaN,NaN,14387,-15562,-1175,4264,-4602,-338,4725,-3212,1513
2012-11-29T23:00:00Z,19.04,19.11,18.57,18.74,14387,-15562,-1175,4264,-4602,-338,4725,-3212,1513,NaN,NaN,NaN,NaN,NaN,14387,-15562,-1175,4264,-4602,-338,4725,-3212,1513
2012-12-02T23:00:00Z,18.74,18.86,18.56,18.58,14387,-15562,-1175,4264,-4602,-338,4725,-3212,1513,NaN,NaN,NaN,NaN,NaN,14387,-15562,-1175,4264,-4602,-338,4725,-3212,1513
2012-12-03T23:00:00Z,18.6,18.6,18.42,18.47,14740,-15751,-1011,4674,-4512,162,4260,-3411,849,NaN,NaN,NaN,NaN,NaN,14740,-15751,-1011,4674,-4512,162,4260,-3411,849
2012-12-04T23:00:00Z,18.52,18.56,18.34,18.47,14740,-15751,-1011,4674,-4512,162,4260,-3411,849,NaN,NaN,NaN,NaN,NaN,14740,-15751,-1011,4674,-4512,162,4260,-3411,849
2012-12-05T23:00:00Z,18.54,18.54,18.38,18.5,14740,-15751,-1011,4674,-4512,162,4260,-3411,849,NaN,NaN,NaN,NaN,NaN,14740,-15751,-1011,4674,-4512,162,4260,-3411,849
2012-12-06T23:00:00Z,18.52,18.54,18.42,18.51,14740,-15751,-1011,4674,-4512,162,4260,-3411,849,NaN,NaN,NaN,NaN,NaN,14740,-15751,-1011,4674,-4512,162,4260,-3411,849
2012-12-09T23:00:00Z,18.5,18.53,18.47,18.51,14740,-15751,-1011,4674,-4512,162,4260,-3411,849,NaN,NaN,NaN,NaN,NaN,14740,-15751,-1011,4674,-4512,162,4260,-3411,849
2012-12-10T23:00:00Z,18.53,18.53,18.47,18.5,12907,-12422,485,2310,-3680,-1370,3556,-2671,885,NaN,NaN,NaN,NaN,NaN,12907,-12422,485,2310,-3680,-1370,3556,-2671,885
2012-12-11T23:00:00Z,18.52,18.6,18.46,18.48,12907,-12422,485,2310,-3680,-1370,3556,-2671,885,NaN,NaN,NaN,NaN,NaN,12907,-12422,485,2310,-3680,-1370,3556,-2671,885
2012-12-12T23:00:00Z,18.58,18.61,18.54,18.58,12907,-12422,485,2310,-3680,-1370,3556,-2671,885,NaN,NaN,NaN,NaN,NaN,12907,-12422,485,2310,-3680,-1370,3556,-2671,885
2012-12-13T23:00:00Z,18.6,18.61,18.57,18.59,12907,-12422,485,2310,-3680,-1370,3556,-2671,885,NaN,NaN,NaN,NaN,NaN,12907,-12422,485,2310,-3680,-1370,3556,-2671,885
2012-12-16T23:00:00Z,18.6,18.7,18.6,18.63,12907,-12422,485,2310,-3680,-1370,3556,-2671,885,NaN,NaN,NaN,NaN,NaN,12907,-12422,485,2310,-3680,-1370,3556,-2671,885
2012-12-17T23:00:00Z,18.64,18.68,18.64,18.68,13825,-12966,859,2902,-3933,-1031,2935,-2763,172,NaN,NaN,NaN,NaN,NaN,13825,-12966,859,2902,-3933,-1031,2935,-2763,172
2012-12-18T23:00:00Z,18.66,18.68,18.58,18.65,13825,-12966,859,2902,-3933,-1031,2935,-2763,172,NaN,NaN,NaN,NaN,NaN,13825,-12966,859,2902,-3933,-1031,2935,-2763,172
2012-12-19T23:00:00Z,18.58,18.66,18.56,18.56,13825,-12966,859,2902,-3933,-1031,2935,-2763,172,NaN,NaN,NaN,NaN,NaN,13825,-12966,859,2902,-3933,-1031,2935,-2763,172
2012-12-20T23:00:00Z,18.57,18.57,18.57,18.57,13825,-12966,859,2902,-3933,-1031,2935,-2763,172,NaN,NaN,NaN,NaN,NaN,13825,-12966,859,2902,-3933,-1031,2935,-2763,172
2012-12-23T23:00:00Z,18.58,18.58,18.57,18.57,14367,-13506,861,2831,-3571,-740,3016,-3137,-121,NaN,NaN,NaN,NaN,NaN,14367,-13506,861,2831,-3571,-740,3016,-3137,-121
2012-12-24T23:00:00Z,18.56,18.56,18.56,18.56,14367,-13506,861,2831,-3571,-740,3016,-3137,-121,NaN,NaN,NaN,NaN,NaN,14367,-13506,861,2831,-3571,-740,3016,-3137,-121
2012-12-26T23:00:00Z,18.55,18.6,18.55,18.56,14367,-13506,861,2831,-3571,-740,3016,-3137,-121,NaN,NaN,NaN,NaN,NaN,14367,-13506,861,2831,-3571,-740,3016,-3137,-121
2012-12-27T23:00:00Z,18.13,18.2,18.08,18.1,14367,-13506,861,2831,-3571,-740,3016,-3137,-121,NaN,NaN,NaN,NaN,NaN,14367,-13506,861,2831,-3571,-740,3016,-3137,-121
2012-12-30T23:00:00Z,18.1,18.1,17.78,17.91,14638,-13599,1039,2887,-3866,-979,3057,-3117,-60,NaN,NaN,NaN,NaN,NaN,14638,-13599,1039,2887,-3866,-979,3057,-3117,-60
2012-12-31T23:00:00Z,18.03,18.03,17.82,17.9,14638,-13599,1039,2887,-3866,-979,3057,-3117,-60,NaN,NaN,NaN,NaN,NaN,14638,-13599,1039,2887,-3866,-979,3057,-3117,-60
2013-01-02T23:00:00Z,17.99,18.09,17.8,18.06,14638,-13599,1039,2887,-3866,-979,3057,-3117,-60,NaN,NaN,NaN,NaN,NaN,14638,-13599,1039,2887,-3866,-979,3057,-3117,-60
2013-01-03T23:00:00Z,18.14,18.14,18,18.03,14638,-13599,1039,2887,-3866,-979,3057,-3117,-60,NaN,NaN,NaN,NaN,NaN,14638,-13599,1039,2887,-3866,-979,3057,-3117,-60
2013-01-06T23:00:00Z,18.03,18.15,17.97,17.97,14638,-13599,1039,2887,-3866,-979,3057,-3117,-60,NaN,NaN,NaN,NaN,NaN,14638,-13599,1039,2887,-3866,-979,3057,-3117,-60
2013-01-07T23:00:00Z,17.93,18.02,17.86,18,12162,-10643,1519,2153,-3293,-1140,2811,-3190,-379,NaN,NaN,NaN,NaN,NaN,12162,-10643,1519,2153,-3293,-1140,2811,-3190,-379
2013-01-08T23:00:00Z,17.97,18.08,17.94,18,12162,-10643,1519,2153,-3293,-1140,2811,-3190,-379,NaN,NaN,NaN,NaN,NaN,12162,-10643,1519,2153,-3293,-1140,2811,-3190,-379
2013-01-09T23:00:00Z,18.06,18.1,18.03,18.07,12162,-10643,1519,2153,-3293,-1140,2811,-3190,-379,NaN,NaN,NaN,NaN,NaN,12162,-10643,1519,2153,-3293,-1140,2811,-3190,-379
2013-01-10T23:00:00Z,18.07,18.14,18.03,18.06,12162,-10643,1519,2153,-3293,-1140,2811,-3190,-379,NaN,NaN,NaN,NaN,NaN,12162,-10643,1519,2153,-3293,-1140,2811,-3190,-379
2013-01-13T23:00:00Z,18.07,18.13,18.05,18.12,12162,-10643,1519,2153,-3293,-1140,2811,-3190,-379,NaN,NaN,NaN,NaN,NaN,12162,-10643,1519,2153,-3293,-1140,2811,-3190,-379
2013-01-14T23:00:00Z,18.11,18.12,18.09,18.11,12812,-10935,1877,2361,-3505,-1144,2964,-3697,-733,NaN,NaN,NaN,NaN,NaN,12812,-10935,1877,2361,-3505,-1144,2964,-3697,-733
2013-01-15T23:00:00Z,18.11,18.15,18.07,18.07,12812,-10935,1877,2361,-3505,-1144,2964,-3697,-733,NaN,NaN,NaN,NaN,NaN,12812,-10935,1877,2361,-3505,-1144,2964,-3697,-733
2013-01-16T23:00:00Z,18.12,18.13,18.1,18.1,12812,-10935,1877,2361,-3505,-1144,2964,-3697,-733,NaN,NaN,NaN,NaN,NaN,12812,-10935,1877,2361,-3505,-1144,2964,-3697,-733
2013-01-17T23:00:00Z,18.12,18.13,18.1,18.11,12812,-10935,1877,2361,-3505,-1144,2964,-3697,-733,NaN,NaN,NaN,NaN,NaN,12812,-10935,1877,2361,-3505,-1144,2964,-3697,-733
2013-01-20T23:00:00Z,18.1,18.13,18.1,18.1,13369,-11681,1688,2984,-3472,-488,2827,-4027,-1200,NaN,NaN,NaN,NaN,NaN,13369,-11681,1688,2984,-3472,-488,2827,-4027,-1200
2013-01-22T23:00:00Z,18.1,18.15,18.1,18.12,13369,-11681,1688,2984,-3472,-488,2827,-4027,-1200,NaN,NaN,NaN,NaN,NaN,13369,-11681,1688,2984,-3472,-488,2827,-4027,-1200
2013-01-23T23:00:00Z,18.15,18.17,18.11,18.12,13369,-11681,1688,2984,-3472,-488,2827,-4027,-1200,NaN,NaN,NaN,NaN,NaN,13369,-11681,1688,2984,-3472,-488,2827,-4027,-1200
2013-01-24T23:00:00Z,17.12,17.18,17,17.02,13369,-11681,1688,2984,-3472,-488,2827,-4027,-1200,NaN,NaN,NaN,NaN,NaN,13369,-11681,1688,2984,-3472,-488,2827,-4027,-1200
2013-01-27T23:00:00Z,17.02,17.07,16.89,17.02,13369,-11681,1688,2984,-3472,-488,2827,-4027,-1200,NaN,NaN,NaN,NaN,NaN,13369,-11681,1688,2984,-3472,-488,2827,-4027,-1200
2013-01-28T23:00:00Z,17.05,17.05,16.91,16.94,13497,-13465,32,4305,-3070,1235,3106,-4373,-1267,NaN,NaN,NaN,NaN,NaN,13497,-13465,32,4305,-3070,1235,3106,-4373,-1267
2013-01-29T23:00:00Z,16.99,17.17,16.94,17.07,13497,-13465,32,4305,-3070,1235,3106,-4373,-1267,NaN,NaN,NaN,NaN,NaN,13497,-13465,32,4305,-3070,1235,3106,-4373,-1267
2013-01-30T23:00:00Z,17.19,17.25,17,17.2,13497,-13465,32,4305,-3070,1235,3106,-4373,-1267,NaN,NaN,NaN,NaN,NaN,13497,-13465,32,4305,-3070,1235,3106,-4373,-1267
2013-01-31T23:00:00Z,17.25,17.31,17.17,17.18,13497,-13465,32,4305,-3070,1235,3106,-4373,-1267,NaN,NaN,NaN,NaN,NaN,13497,-13465,32,4305,-3070,1235,3106,-4373,-1267
2013-02-03T23:00:00Z,17.27,17.39,17.1,17.12,13497,-13465,32,4305,-3070,1235,3106,-4373,-1267,NaN,NaN,NaN,NaN,NaN,13497,-13465,32,4305,-3070,1235,3106,-4373,-1267
2013-02-04T23:00:00Z,17.23,17.23,17.06,17.12,11949,-11618,331,3524,-2612,912,2903,-4146,-1243,NaN,NaN,NaN,NaN,NaN,11949,-11618,331,3524,-2612,912,2903,-4146,-1243
2013-02-05T23:00:00Z,17.1,17.3,17.07,17.26,11949,-11618,331,3524,-2612,912,2903,-4146,-1243,NaN,NaN,NaN,NaN,NaN,11949,-11618,331,3524,-2612,912,2903,-4146,-1243
2013-02-06T23:00:00Z,17.26,17.3,17.21,17.22,11949,-11618,331,3524,-2612,912,2903,-4146,-1243,NaN,NaN,NaN,NaN,NaN,11949,-11618,331,3524,-2612,912,2903,-4146,-1243
2013-02-07T23:00:00Z,17.2,17.28,17.19,17.24,11949,-11618,331,3524,-2612,912,2903,-4146,-1243,NaN,NaN,NaN,NaN,NaN,11949,-11618,331,3524,-2612,912,2903,-4146,-1243
2013-02-10T23:00:00Z,17.24,17.26,17.2,17.2,11949,-11618,331,3524,-2612,912,2903,-4146,-1243,NaN,NaN,NaN,NaN,NaN,11949,-11618,331,3524,-2612,912,2903,-4146,-1243
2013-02-11T23:00:00Z,17.2,17.29,17.2,17.25,12351,-11583,768,3579,-2925,654,3064,-4486,-1422,NaN,NaN,NaN,NaN,NaN,12351,-11583,768,3579,-2925,654,3064,-4486,-1422
2013-02-12T23:00:00Z,17.24,17.25,17.2,17.23,12351,-11583,768,3579,-2925,654,3064,-4486,-1422,NaN,NaN,NaN,NaN,NaN,12351,-11583,768,3579,-2925,654,3064,-4486,-1422
2013-02-13T23:00:00Z,17.24,17.28,17.23,17.23,12351,-11583,768,3579,-2925,654,3064,-4486,-1422,NaN,NaN,NaN,NaN,NaN,12351,-11583,768,3579,-2925,654,3064,-4486,-1422
2013-02-14T23:00:00Z,17.26,17.26,17.22,17.23,12351,-11583,768,3579,-2925,654,3064,-4486,-1422,NaN,NaN,NaN,NaN,NaN,12351,-11583,768,3579,-2925,654,3064,-4486,-1422
2013-02-17T23:00:00Z,17.23,17.28,17.23,17.27,13239,-12315,924,3740,-2962,778,2589,-4291,-1702,NaN,NaN,NaN,NaN,NaN,13239,-12315,924,3740,-2962,778,2589,-4291,-1702
2013-02-19T23:00:00Z,17.24,17.28,17.23,17.24,13239,-12315,924,3740,-2962,778,2589,-4291,-1702,NaN,NaN,NaN,NaN,NaN,13239,-12315,924,3740,-2962,778,2589,-4291,-1702
2013-02-20T23:00:00Z,17.28,17.29,17.22,17.25,13239,-12315,924,3740,-2962,778,2589,-4291,-1702,NaN,NaN,NaN,NaN,NaN,13239,-12315,924,3740,-2962,778,2589,-4291,-1702
2013-02-21T23:00:00Z,17.2,17.28,17.15,17.24,13239,-12315,924,3740,-2962,778,2589,-4291,-1702,NaN,NaN,NaN,NaN,NaN,13239,-12315,924,3740,-2962,778,2589,-4291,-1702
2013-02-24T23:00:00Z,17.28,17.28,16.94,17.02,13239,-12315,924,3740,-2962,778,2589,-4291,-1702,NaN,NaN,NaN,NaN,NaN,13239,-12315,924,3740,-2962,778,2589,-4291,-1702
2013-02-25T23:00:00Z,16.95,17.15,16.85,17.09,13300,-12613,687,4523,-3245,1278,2480,-4445,-1965,NaN,NaN,NaN,NaN,NaN,13300,-12613,687,4523,-3245,1278,2480,-4445,-1965
2013-02-26T23:00:00Z,17.03,17.14,17,17.05,13300,-12613,687,4523,-3245,1278,2480,-4445,-1965,NaN,NaN,NaN,NaN,NaN,13300,-12613,687,4523,-3245,1278,2480,-4445,-1965
2013-02-27T23:00:00Z,17.06,17.09,16.95,16.98,13300,-12613,687,4523,-3245,1278,2480,-4445,-1965,NaN,NaN,NaN,NaN,NaN,13300,-12613,687,4523,-3245,1278,2480,-4445,-1965
2013-02-28T23:00:00Z,17.05,17.05,16.78,16.79,13300,-12613,687,4523,-3245,1278,2480,-4445,-1965,NaN,NaN,NaN,NaN,NaN,13300,-12613,687,4523,-3245,1278,2480,-4445,-1965
2013-03-03T23:00:00Z,16.77,16.87,16.68,16.82,13300,-12613,687,4523,-3245,1278,2480,-4445,-1965,NaN,NaN,NaN,NaN,NaN,13300,-12613,687,4523,-3245,1278,2480,-4445,-1965
2013-03-04T23:00:00Z,16.8,16.95,16.74,16.94,11955,-11120,835,4087,-2799,1288,2281,-4404,-2123,NaN,NaN,NaN,NaN,NaN,11955,-11120,835,4087,-2799,1288,2281,-4404,-2123
2013-03-05T23:00:00Z,16.95,17.09,16.83,16.99,11955,-11120,835,4087,-2799,1288,2281,-4404,-2123,NaN,NaN,NaN,NaN,NaN,11955,-11120,835,4087,-2799,1288,2281,-4404,-2123
2013-03-06T23:00:00Z,17.06,17.09,17.01,17.06,11955,-11120,835,4087,-2799,1288,2281,-4404,-2123,NaN,NaN,NaN,NaN,NaN,11955,-11120,835,4087,-2799,1288,2281,-4404,-2123
2013-03-07T23:00:00Z,17.04,17.11,17.01,17.03,11955,-11120,835,4087,-2799,1288,2281,-4404,-2123,NaN,NaN,NaN,NaN,NaN,11955,-11120,835,4087,-2799,1288,2281,-4404,-2123
2013-03-10T22:00:00Z,17.03,17.08,17.01,17.05,11955,-11120,835,4087,-2799,1288,2281,-4404,-2123,NaN,NaN,NaN,NaN,NaN,11955,-11120,835,4087,-2799,1288,2281,-4404,-2123
2013-03-11T22:00:00Z,17.04,17.05,16.95,16.99,13150,-11748,1402,3702,-3278,424,2386,-4212,-1826,NaN,NaN,NaN,NaN,NaN,13150,-11748,1402,3702,-3278,424,2386,-4212,-1826
2013-03-12T22:00:00Z,16.95,17.01,16.9,16.96,13150,-11748,1402,3702,-3278,424,2386,-4212,-1826,NaN,NaN,NaN,NaN,NaN,13150,-11748,1402,3702,-3278,424,2386,-4212,-1826
2013-03-13T22:00:00Z,16.9,16.96,16.9,16.95,13150,-11748,1402,3702,-3278,424,2386,-4212,-1826,NaN,NaN,NaN,NaN,NaN,13150,-11748,1402,3702,-3278,424,2386,-4212,-1826
2013-03-14T22:00:00Z,16.93,16.95,16.92,16.95,13150,-11748,1402,3702,-3278,424,2386,-4212,-1826,NaN,NaN,NaN,NaN,NaN,13150,-11748,1402,3702,-3278,424,2386,-4212,-1826
2013-03-17T22:00:00Z,16.97,16.97,16.9,16.95,13150,-11748,1402,3702,-3278,424,2386,-4212,-1826,NaN,NaN,NaN,NaN,NaN,13150,-11748,1402,3702,-3278,424,2386,-4212,-1826
2013-03-18T22:00:00Z,16.94,16.99,16.93,16.95,14509,-12515,1994,3608,-3736,-128,2447,-4313,-1866,NaN,NaN,NaN,NaN,NaN,14509,-12515,1994,3608,-3736,-128,2447,-4313,-1866
2013-03-19T22:00:00Z,16.96,16.96,16.94,16.95,14509,-12515,1994,3608,-3736,-128,2447,-4313,-1866,NaN,NaN,NaN,NaN,NaN,14509,-12515,1994,3608,-3736,-128,2447,-4313,-1866
2013-03-20T22:00:00Z,16.98,16.99,16.96,16.96,14509,-12515,1994,3608,-3736,-128,2447,-4313,-1866,NaN,NaN,NaN,NaN,NaN,14509,-12515,1994,3608,-3736,-128,2447,-4313,-1866
2013-03-21T22:00:00Z,16.98,16.99,16.95,16.99,14509,-12515,1994,3608,-3736,-128,2447,-4313,-1866,NaN,NaN,NaN,NaN,NaN,14509,-12515,1994,3608,-3736,-128,2447,-4313,-1866
2013-03-24T22:00:00Z,16.99,17.02,16.97,17.01,14509,-12515,1994,3608,-3736,-128,2447,-4313,-1866,NaN,NaN,NaN,NaN,NaN,14509,-12515,1994,3608,-3736,-128,2447,-4313,-1866
2013-03-25T22:00:00Z,17.01,17.06,17.01,17.06,14985,-13333,1652,4023,-3708,315,2847,-4814,-1967,NaN,NaN,NaN,NaN,NaN,14985,-13333,1652,4023,-3708,315,2847,-4814,-1967
2013-03-26T22:00:00Z,17.05,17.05,16.97,17.05,14985,-13333,1652,4023,-3708,315,2847,-4814,-1967,NaN,NaN,NaN,NaN,NaN,14985,-13333,1652,4023,-3708,315,2847,-4814,-1967
2013-03-27T22:00:00Z,16.97,17,16.94,16.97,14985,-13333,1652,4023,-3708,315,2847,-4814,-1967,NaN,NaN,NaN,NaN,NaN,14985,-13333,1652,4023,-3708,315,2847,-4814,-1967
2013-03-31T22:00:00Z,17.26,17.26,17.11,17.12,14985,-13333,1652,4023,-3708,315,2847,-4814,-1967,NaN,NaN,NaN,NaN,NaN,14985,-13333,1652,4023,-3708,315,2847,-4814,-1967
2013-04-01T22:00:00Z,17.12,17.41,17.1,17.33,15645,-13794,1851,3921,-3547,374,2811,-5036,-2225,NaN,NaN,NaN,NaN,NaN,15645,-13794,1851,3921,-3547,374,2811,-5036,-2225
2013-04-02T22:00:00Z,17.37,17.55,17.37,17.42,15645,-13794,1851,3921,-3547,374,2811,-5036,-2225,NaN,NaN,NaN,NaN,NaN,15645,-13794,1851,3921,-3547,374,2811,-5036,-2225
2013-04-03T22:00:00Z,17.42,17.52,17.28,17.45,15645,-13794,1851,3921,-3547,374,2811,-5036,-2225,NaN,NaN,NaN,NaN,NaN,15645,-13794,1851,3921,-3547,374,2811,-5036,-2225
2013-04-04T22:00:00Z,17.44,17.57,17.44,17.52,15645,-13794,1851,3921,-3547,374,2811,-5036,-2225,NaN,NaN,NaN,NaN,NaN,15645,-13794,1851,3921,-3547,374,2811,-5036,-2225
2013-04-07T22:00:00Z,17.55,17.67,17.55,17.6,15645,-13794,1851,3921,-3547,374,2811,-5036,-2225,NaN,NaN,NaN,NaN,NaN,15645,-13794,1851,3921,-3547,374,2811,-5036,-2225
2013-04-08T22:00:00Z,17.6,17.65,17.53,17.54,14379,-13308,1071,3776,-2917,859,2841,-4771,-1930,NaN,NaN,NaN,NaN,NaN,14379,-13308,1071,3776,-2917,859,2841,-4771,-1930
2013-04-09T22:00:00Z,17.57,17.58,17.49,17.52,14379,-13308,1071,3776,-2917,859,2841,-4771,-1930,NaN,NaN,NaN,NaN,NaN,14379,-13308,1071,3776,-2917,859,2841,-4771,-1930
2013-04-10T22:00:00Z,17.56,17.63,17.56,17.59,14379,-13308,1071,3776,-2917,859,2841,-4771,-1930,NaN,NaN,NaN,NaN,NaN,14379,-13308,1071,3776,-2917,859,2841,-4771,-1930
2013-04-11T22:00:00Z,17.64,17.65,17.57,17.58,14379,-13308,1071,3776,-2917,859,2841,-4771,-1930,NaN,NaN,NaN,NaN,NaN,14379,-13308,1071,3776,-2917,859,2841,-4771,-1930
2013-04-14T22:00:00Z,17.63,17.65,17.59,17.61,14379,-13308,1071,3776,-2917,859,2841,-4771,-1930,NaN,NaN,NaN,NaN,NaN,14379,-13308,1071,3776,-2917,859,2841,-4771,-1930
2013-04-15T22:00:00Z,17.61,17.68,17.6,17.64,14995,-14301,694,3779,-2898,881,2913,-4488,-1575,NaN,NaN,NaN,NaN,NaN,14995,-14301,694,3779,-2898,881,2913,-4488,-1575
2013-04-16T22:00:00Z,17.63,17.68,17.6,17.66,14995,-14301,694,3779,-2898,881,2913,-4488,-1575,NaN,NaN,NaN,NaN,NaN,14995,-14301,694,3779,-2898,881,2913,-4488,-1575
2013-04-17T22:00:00Z,17.62,17.68,17.62,17.65,14995,-14301,694,3779,-2898,881,2913,-4488,-1575,NaN,NaN,NaN,NaN,NaN,14995,-14301,694,3779,-2898,881,2913,-4488,-1575
2013-04-18T22:00:00Z,17.63,17.63,17.62,17.62,14995,-14301,694,3779,-2898,881,2913,-4488,-1575,NaN,NaN,NaN,NaN,NaN,14995,-14301,694,3779,-2898,881,2913,-4488,-1575
2013-04-21T22:00:00Z,17.64,17.64,17.62,17.62,14995,-14301,694,3779,-2898,881,2913,-4488,-1575,NaN,NaN,NaN,NaN,NaN,14995,-14301,694,3779,-2898,881,2913,-4488,-1575
2013-04-22T22:00:00Z,17.63,17.65,17.59,17.59,15379,-14630,749,3579,-2564,1015,2830,-4594,-1764,NaN,NaN,NaN,NaN,NaN,15379,-14630,749,3579,-2564,1015,2830,-4594,-1764
2013-04-23T22:00:00Z,17.6,17.63,17.59,17.59,15379,-14630,749,3579,-2564,1015,2830,-4594,-1764,NaN,NaN,NaN,NaN,NaN,15379,-14630,749,3579,-2564,1015,2830,-4594,-1764
2013-04-24T22:00:00Z,17.61,17.62,17.6,17.6,15379,-14630,749,3579,-2564,1015,2830,-4594,-1764,NaN,NaN,NaN,NaN,NaN,15379,-14630,749,3579,-2564,1015,2830,-4594,-1764
2013-04-25T22:00:00Z,18.64,18.83,18.64,18.7,15379,-14630,749,3579,-2564,1015,2830,-4594,-1764,NaN,NaN,NaN,NaN,NaN,15379,-14630,749,3579,-2564,1015,2830,-4594,-1764
2013-04-28T22:00:00Z,18.61,18.67,18.61,18.62,15379,-14630,749,3579,-2564,1015,2830,-4594,-1764,NaN,NaN,NaN,NaN,NaN,15379,-14630,749,3579,-2564,1015,2830,-4594,-1764
2013-04-29T22:00:00Z,18.57,18.8,18.56,18.67,15579,-15432,147,3869,-2109,1760,2861,-4768,-1907,NaN,NaN,NaN,NaN,NaN,15579,-15432,147,3869,-2109,1760,2861,-4768,-1907
2013-04-30T22:00:00Z,18.65,18.75,18.62,18.65,15579,-15432,147,3869,-2109,1760,2861,-4768,-1907,NaN,NaN,NaN,NaN,NaN,15579,-15432,147,3869,-2109,1760,2861,-4768,-1907
2013-05-01T22:00:00Z,18.63,18.69,18.5,18.69,15579,-15432,147,3869,-2109,1760,2861,-4768,-1907,NaN,NaN,NaN,NaN,NaN,15579,-15432,147,3869,-2109,1760,2861,-4768,-1907
2013-05-02T22:00:00Z,18.7,18.76,18.66,18.7,15579,-15432,147,3869,-2109,1760,2861,-4768,-1907,NaN,NaN,NaN,NaN,NaN,15579,-15432,147,3869,-2109,1760,2861,-4768,-1907
2013-05-05T22:00:00Z,18.66,18.7,18.54,18.68,15579,-15432,147,3869,-2109,1760,2861,-4768,-1907,NaN,NaN,NaN,NaN,NaN,15579,-15432,147,3869,-2109,1760,2861,-4768,-1907
2013-05-06T22:00:00Z,18.73,18.79,18.53,18.56,13949,-13526,423,3577,-2222,1355,2707,-4485,-1778,NaN,NaN,NaN,NaN,NaN,13949,-13526,423,3577,-2222,1355,2707,-4485,-1778
2013-05-07T22:00:00Z,18.51,18.67,18.51,18.59,13949,-13526,423,3577,-2222,1355,2707,-4485,-1778,NaN,NaN,NaN,NaN,NaN,13949,-13526,423,3577,-2222,1355,2707,-4485,-1778
2013-05-08T22:00:00Z,18.59,18.67,18.56,18.58,13949,-13526,423,3577,-2222,1355,2707,-4485,-1778,NaN,NaN,NaN,NaN,NaN,13949,-13526,423,3577,-2222,1355,2707,-4485,-1778
2013-05-09T22:00:00Z,18.57,18.57,18.51,18.55,13949,-13526,423,3577,-2222,1355,2707,-4485,-1778,NaN,NaN,NaN,NaN,NaN,13949,-13526,423,3577,-2222,1355,2707,-4485,-1778
2013-05-12T22:00:00Z,18.54,18.55,18.5,18.51,13949,-13526,423,3577,-2222,1355,2707,-4485,-1778,NaN,NaN,NaN,NaN,NaN,13949,-13526,423,3577,-2222,1355,2707,-4485,-1778
2013-05-13T22:00:00Z,18.53,18.55,18.48,18.49,13823,-13507,316,3875,-2522,1353,2899,-4568,-1669,NaN,NaN,NaN,NaN,NaN,13823,-13507,316,3875,-2522,1353,2899,-4568,-1669
2013-05-14T22:00:00Z,18.48,18.52,18.46,18.5,13823,-13507,316,3875,-2522,1353,2899,-4568,-1669,NaN,NaN,NaN,NaN,NaN,13823,-13507,316,3875,-2522,1353,2899,-4568,-1669
2013-05-15T22:00:00Z,18.49,18.53,18.48,18.51,13823,-13507,316,3875,-2522,1353,2899,-4568,-1669,NaN,NaN,NaN,NaN,NaN,13823,-13507,316,3875,-2522,1353,2899,-4568,-1669
2013-05-16T22:00:00Z,18.52,18.55,18.5,18.52,13823,-13507,316,3875,-2522,1353,2899,-4568,-1669,NaN,NaN,NaN,NaN,NaN,13823,-13507,316,3875,-2522,1353,2899,-4568,-1669
2013-05-19T22:00:00Z,18.54,18.54,18.51,18.51,13823,-13507,316,3875,-2522,1353,2899,-4568,-1669,NaN,NaN,NaN,NaN,NaN,13823,-13507,316,3875,-2522,1353,2899,-4568,-1669
2013-05-20T22:00:00Z,18.51,18.52,18.51,18.51,13988,-13838,150,4399,-2426,1973,2856,-4979,-2123,NaN,NaN,NaN,NaN,NaN,13988,-13838,150,4399,-2426,1973,2856,-4979,-2123
2013-05-21T22:00:00Z,18.49,18.51,18.49,18.5,13988,-13838,150,4399,-2426,1973,2856,-4979,-2123,NaN,NaN,NaN,NaN,NaN,13988,-13838,150,4399,-2426,1973,2856,-4979,-2123
2013-05-22T22:00:00Z,18.52,18.53,18.51,18.51,13988,-13838,150,4399,-2426,1973,2856,-4979,-2123,NaN,NaN,NaN,NaN,NaN,13988,-13838,150,4399,-2426,1973,2856,-4979,-2123
2013-05-23T22:00:00Z,18.54,18.54,18.51,18.51,13988,-13838,150,4399,-2426,1973,2856,-4979,-2123,NaN,NaN,NaN,NaN,NaN,13988,-13838,150,4399,-2426,1973,2856,-4979,-2123
2013-05-26T22:00:00Z,18.51,18.53,18.5,18.51,14103,-14038,65,4471,-2483,1988,2959,-5012,-2053,NaN,NaN,NaN,NaN,NaN,14103,-14038,65,4471,-2483,1988,2959,-5012,-2053
2013-05-28T22:00:00Z,18.51,18.52,18.5,18.5,14103,-14038,65,4471,-2483,1988,2959,-5012,-2053,NaN,NaN,NaN,NaN,NaN,14103,-14038,65,4471,-2483,1988,2959,-5012,-2053
2013-05-29T22:00:00Z,18.51,18.51,18.5,18.5,14103,-14038,65,4471,-2483,1988,2959,-5012,-2053,NaN,NaN,NaN,NaN,NaN,14103,-14038,65,4471,-2483,1988,2959,-5012,-2053
2013-05-30T22:00:00Z,17.82,17.87,17.76,17.78,14103,-14038,65,4471,-2483,1988,2959,-5012,-2053,NaN,NaN,NaN,NaN,NaN,14103,-14038,65,4471,-2483,1988,2959,-5012,-2053
2013-06-02T22:00:00Z,17.8,17.86,17.76,17.78,14103,-14038,65,4471,-2483,1988,2959,-5012,-2053,NaN,NaN,NaN,NaN,NaN,14103,-14038,65,4471,-2483,1988,2959,-5012,-2053
2013-06-03T22:00:00Z,17.84,17.84,17.69,17.74,14743,-14353,390,4334,-2642,1692,2981,-5063,-2082,NaN,NaN,NaN,NaN,NaN,14743,-14353,390,4334,-2642,1692,2981,-5063,-2082
2013-06-04T22:00:00Z,17.86,18.09,17.7,18.03,14743,-14353,390,4334,-2642,1692,2981,-5063,-2082,NaN,NaN,NaN,NaN,NaN,14743,-14353,390,4334,-2642,1692,2981,-5063,-2082
2013-06-05T22:00:00Z,18.04,18.08,17.98,18.06,14743,-14353,390,4334,-2642,1692,2981,-5063,-2082,NaN,NaN,NaN,NaN,NaN,14743,-14353,390,4334,-2642,1692,2981,-5063,-2082
2013-06-06T22:00:00Z,18.07,18.1,17.88,18.09,14743,-14353,390,4334,-2642,1692,2981,-5063,-2082,NaN,NaN,NaN,NaN,NaN,14743,-14353,390,4334,-2642,1692,2981,-5063,-2082
2013-06-09T22:00:00Z,18.12,18.14,18.06,18.11,14743,-14353,390,4334,-2642,1692,2981,-5063,-2082,NaN,NaN,NaN,NaN,NaN,14743,-14353,390,4334,-2642,1692,2981,-5063,-2082
2013-06-10T22:00:00Z,18.14,18.14,18,18.04,12530,-13113,-583,4304,-2203,2101,2954,-4472,-1518,NaN,NaN,NaN,NaN,NaN,12530,-13113,-583,4304,-2203,2101,2954,-4472,-1518
2013-06-11T22:00:00Z,18,18.05,17.96,18.04,12530,-13113,-583,4304,-2203,2101,2954,-4472,-1518,NaN,NaN,NaN,NaN,NaN,12530,-13113,-583,4304,-2203,2101,2954,-4472,-1518
2013-06-12T22:00:00Z,18,18.03,17.95,18,12530,-13113,-583,4304,-2203,2101,2954,-4472,-1518,NaN,NaN,NaN,NaN,NaN,12530,-13113,-583,4304,-2203,2101,2954,-4472,-1518
2013-06-13T22:00:00Z,17.98,18.02,17.97,17.99,12530,-13113,-583,4304,-2203,2101,2954,-4472,-1518,NaN,NaN,NaN,NaN,NaN,12530,-13113,-583,4304,-2203,2101,2954,-4472,-1518
2013-06-16T22:00:00Z,17.99,18.03,17.99,18.02,12530,-13113,-583,4304,-2203,2101,2954,-4472,-1518,NaN,NaN,NaN,NaN,NaN,12530,-13113,-583,4304,-2203,2101,2954,-4472,-1518
2013-06-17T22:00:00Z,18.01,18.06,17.99,18.02,13071,-12908,163,4406,-3099,1307,2851,-4321,-1470,NaN,NaN,NaN,NaN,NaN,13071,-12908,163,4406,-3099,1307,2851,-4321,-1470
2013-06-18T22:00:00Z,18.03,18.04,18,18.04,13071,-12908,163,4406,-3099,1307,2851,-4321,-1470,NaN,NaN,NaN,NaN,NaN,13071,-12908,163,4406,-3099,1307,2851,-4321,-1470
2013-06-19T22:00:00Z,18.02,18.04,18.01,18.01,13071,-12908,163,4406,-3099,1307,2851,-4321,-1470,NaN,NaN,NaN,NaN,NaN,13071,-12908,163,4406,-3099,1307,2851,-4321,-1470
2013-06-20T22:00:00Z,18.02,18.04,18.01,18.03,13071,-12908,163,4406,-3099,1307,2851,-4321,-1470,NaN,NaN,NaN,NaN,NaN,13071,-12908,163,4406,-3099,1307,2851,-4321,-1470
2013-06-23T22:00:00Z,18.02,18.04,18.02,18.03,13071,-12908,163,4406,-3099,1307,2851,-4321,-1470,NaN,NaN,NaN,NaN,NaN,13071,-12908,163,4406,-3099,1307,2851,-4321,-1470
2013-06-24T22:00:00Z,18.03,18.04,18,18.03,13773,-13094,679,4638,-3601,1037,2843,-4559,-1716,NaN,NaN,NaN,NaN,NaN,13773,-13094,679,4638,-3601,1037,2843,-4559,-1716
2013-06-25T22:00:00Z,18.02,18.06,18,18.02,13773,-13094,679,4638,-3601,1037,2843,-4559,-1716,NaN,NaN,NaN,NaN,NaN,13773,-13094,679,4638,-3601,1037,2843,-4559,-1716
2013-06-26T22:00:00Z,18.03,18.04,18.02,18.04,13773,-13094,679,4638,-3601,1037,2843,-4559,-1716,NaN,NaN,NaN,NaN,NaN,13773,-13094,679,4638,-3601,1037,2843,-4559,-1716
2013-06-27T22:00:00Z,16.8,17,16.74,16.88,13773,-13094,679,4638,-3601,1037,2843,-4559,-1716,NaN,NaN,NaN,NaN,NaN,13773,-13094,679,4638,-3601,1037,2843,-4559,-1716
2013-06-30T22:00:00Z,16.95,17.58,16.94,17.37,13773,-13094,679,4638,-3601,1037,2843,-4559,-1716,NaN,NaN,NaN,NaN,NaN,13773,-13094,679,4638,-3601,1037,2843,-4559,-1716
2013-07-01T22:00:00Z,17.28,17.36,17.2,17.29,14361,-13115,1246,4514,-3986,528,2891,-4665,-1774,NaN,NaN,NaN,NaN,NaN,14361,-13115,1246,4514,-3986,528,2891,-4665,-1774
2013-07-02T22:00:00Z,17.33,17.39,17.18,17.2,14361,-13115,1246,4514,-3986,528,2891,-4665,-1774,NaN,NaN,NaN,NaN,NaN,14361,-13115,1246,4514,-3986,528,2891,-4665,-1774
2013-07-03T22:00:00Z,17.1,17.31,17.05,17.24,14361,-13115,1246,4514,-3986,528,2891,-4665,-1774,NaN,NaN,NaN,NaN,NaN,14361,-13115,1246,4514,-3986,528,2891,-4665,-1774
2013-07-07T22:00:00Z,17.15,17.33,17.15,17.27,14361,-13115,1246,4514,-3986,528,2891,-4665,-1774,NaN,NaN,NaN,NaN,NaN,14361,-13115,1246,4514,-3986,528,2891,-4665,-1774
2013-07-08T22:00:00Z,17.31,17.38,17.23,17.3,12799,-11010,1789,3447,-3749,-302,2899,-4386,-1487,NaN,NaN,NaN,NaN,NaN,12799,-11010,1789,3447,-3749,-302,2899,-4386,-1487
2013-07-09T22:00:00Z,17.3,17.45,17.3,17.41,12799,-11010,1789,3447,-3749,-302,2899,-4386,-1487,NaN,NaN,NaN,NaN,NaN,12799,-11010,1789,3447,-3749,-302,2899,-4386,-1487
2013-07-10T22:00:00Z,17.37,17.4,17.32,17.38,12799,-11010,1789,3447,-3749,-302,2899,-4386,-1487,NaN,NaN,NaN,NaN,NaN,12799,-11010,1789,3447,-3749,-302,2899,-4386,-1487
2013-07-11T22:00:00Z,17.35,17.41,17.34,17.36,12799,-11010,1789,3447,-3749,-302,2899,-4386,-1487,NaN,NaN,NaN,NaN,NaN,12799,-11010,1789,3447,-3749,-302,2899,-4386,-1487
2013-07-14T22:00:00Z,17.32,17.41,17.32,17.35,12799,-11010,1789,3447,-3749,-302,2899,-4386,-1487,NaN,NaN,NaN,NaN,NaN,12799,-11010,1789,3447,-3749,-302,2899,-4386,-1487
2013-07-15T22:00:00Z,17.36,17.4,17.35,17.38,13069,-11228,1841,3910,-4181,-271,2820,-4390,-1570,NaN,NaN,NaN,NaN,NaN,13069,-11228,1841,3910,-4181,-271,2820,-4390,-1570
2013-07-16T22:00:00Z,17.36,17.39,17.36,17.38,13069,-11228,1841,3910,-4181,-271,2820,-4390,-1570,NaN,NaN,NaN,NaN,NaN,13069,-11228,1841,3910,-4181,-271,2820,-4390,-1570
2013-07-17T22:00:00Z,17.38,17.4,17.34,17.35,13069,-11228,1841,3910,-4181,-271,2820,-4390,-1570,NaN,NaN,NaN,NaN,NaN,13069,-11228,1841,3910,-4181,-271,2820,-4390,-1570
2013-07-18T22:00:00Z,17.38,17.38,17.36,17.38,13069,-11228,1841,3910,-4181,-271,2820,-4390,-1570,NaN,NaN,NaN,NaN,NaN,13069,-11228,1841,3910,-4181,-271,2820,-4390,-1570
2013-07-21T22:00:00Z,17.37,17.37,17.35,17.35,13069,-11228,1841,3910,-4181,-271,2820,-4390,-1570,NaN,NaN,NaN,NaN,NaN,13069,-11228,1841,3910,-4181,-271,2820,-4390,-1570
2013-07-22T22:00:00Z,17.37,17.39,17.34,17.35,13772,-11808,1964,4159,-4748,-589,2876,-4251,-1375,NaN,NaN,NaN,NaN,NaN,13772,-11808,1964,4159,-4748,-589,2876,-4251,-1375
2013-07-23T22:00:00Z,17.34,17.38,17.34,17.35,13772,-11808,1964,4159,-4748,-589,2876,-4251,-1375,NaN,NaN,NaN,NaN,NaN,13772,-11808,1964,4159,-4748,-589,2876,-4251,-1375
2013-07-24T22:00:00Z,17.36,17.36,17.36,17.36,13772,-11808,1964,4159,-4748,-589,2876,-4251,-1375,NaN,NaN,NaN,NaN,NaN,13772,-11808,1964,4159,-4748,-589,2876,-4251,-1375
2013-07-25T22:00:00Z,18.05,18.05,17.74,17.88,13772,-11808,1964,4159,-4748,-589,2876,-4251,-1375,NaN,NaN,NaN,NaN,NaN,13772,-11808,1964,4159,-4748,-589,2876,-4251,-1375
2013-07-28T22:00:00Z,17.92,17.99,17.76,17.82,13772,-11808,1964,4159,-4748,-589,2876,-4251,-1375,NaN,NaN,NaN,NaN,NaN,13772,-11808,1964,4159,-4748,-589,2876,-4251,-1375
2013-07-29T22:00:00Z,17.77,17.9,17.73,17.84,14571,-12562,2009,4549,-5046,-497,2900,-4412,-1512,NaN,NaN,NaN,NaN,NaN,14571,-12562,2009,4549,-5046,-497,2900,-4412,-1512
2013-07-30T22:00:00Z,17.85,17.95,17.77,17.8,14571,-12562,2009,4549,-5046,-497,2900,-4412,-1512,NaN,NaN,NaN,NaN,NaN,14571,-12562,2009,4549,-5046,-497,2900,-4412,-1512
2013-07-31T22:00:00Z,17.76,17.88,17.73,17.82,14571,-12562,2009,4549,-5046,-497,2900,-4412,-1512,NaN,NaN,NaN,NaN,NaN,14571,-12562,2009,4549,-5046,-497,2900,-4412,-1512
2013-08-01T22:00:00Z,17.86,17.92,17.8,17.89,14571,-12562,2009,4549,-5046,-497,2900,-4412,-1512,NaN,NaN,NaN,NaN,NaN,14571,-12562,2009,4549,-5046,-497,2900,-4412,-1512
2013-08-04T22:00:00Z,17.96,18.01,17.89,17.96,14571,-12562,2009,4549,-5046,-497,2900,-4412,-1512,NaN,NaN,NaN,NaN,NaN,14571,-12562,2009,4549,-5046,-497,2900,-4412,-1512
2013-08-05T22:00:00Z,17.93,17.97,17.85,17.95,13409,-11065,2344,4456,-5194,-738,2737,-4343,-1606,NaN,NaN,NaN,NaN,NaN,13409,-11065,2344,4456,-5194,-738,2737,-4343,-1606
2013-08-06T22:00:00Z,17.97,18.14,17.94,18.12,13409,-11065,2344,4456,-5194,-738,2737,-4343,-1606,NaN,NaN,NaN,NaN,NaN,13409,-11065,2344,4456,-5194,-738,2737,-4343,-1606
2013-08-07T22:00:00Z,18.12,18.24,18.08,18.16,13409,-11065,2344,4456,-5194,-738,2737,-4343,-1606,NaN,NaN,NaN,NaN,NaN,13409,-11065,2344,4456,-5194,-738,2737,-4343,-1606
2013-08-08T22:00:00Z,18.17,18.19,18.03,18.09,13409,-11065,2344,4456,-5194,-738,2737,-4343,-1606,NaN,NaN,NaN,NaN,NaN,13409,-11065,2344,4456,-5194,-738,2737,-4343,-1606
2013-08-11T22:00:00Z,18.06,18.13,18.03,18.07,13409,-11065,2344,4456,-5194,-738,2737,-4343,-1606,NaN,NaN,NaN,NaN,NaN,13409,-11065,2344,4456,-5194,-738,2737,-4343,-1606
2013-08-12T22:00:00Z,18.06,18.14,18.05,18.11,14578,-11857,2721,5034,-5523,-489,2413,-4645,-2232,NaN,NaN,NaN,NaN,NaN,14578,-11857,2721,5034,-5523,-489,2413,-4645,-2232
2013-08-13T22:00:00Z,18.12,18.13,18.04,18.13,14578,-11857,2721,5034,-5523,-489,2413,-4645,-2232,NaN,NaN,NaN,NaN,NaN,14578,-11857,2721,5034,-5523,-489,2413,-4645,-2232
2013-08-14T22:00:00Z,18.04,18.06,18.02,18.04,14578,-11857,2721,5034,-5523,-489,2413,-4645,-2232,NaN,NaN,NaN,NaN,NaN,14578,-11857,2721,5034,-5523,-489,2413,-4645,-2232
2013-08-15T22:00:00Z,18.03,18.07,18,18.05,14578,-11857,2721,5034,-5523,-489,2413,-4645,-2232,NaN,NaN,NaN,NaN,NaN,14578,-11857,2721,5034,-5523,-489,2413,-4645,-2232
2013-08-18T22:00:00Z,18.04,18.05,18.02,18.02,14578,-11857,2721,5034,-5523,-489,2413,-4645,-2232,NaN,NaN,NaN,NaN,NaN,14578,-11857,2721,5034,-5523,-489,2413,-4645,-2232
2013-08-19T22:00:00Z,18.01,18.02,17.98,17.99,15684,-12563,3121,5076,-6359,-1283,2454,-4292,-1838,NaN,NaN,NaN,NaN,NaN,15684,-12563,3121,5076,-6359,-1283,2454,-4292,-1838
2013-08-20T22:00:00Z,17.97,17.99,17.92,17.96,15684,-12563,3121,5076,-6359,-1283,2454,-4292,-1838,NaN,NaN,NaN,NaN,NaN,15684,-12563,3121,5076,-6359,-1283,2454,-4292,-1838
2013-08-21T22:00:00Z,17.95,17.95,17.9,17.91,15684,-12563,3121,5076,-6359,-1283,2454,-4292,-1838,NaN,NaN,NaN,NaN,NaN,15684,-12563,3121,5076,-6359,-1283,2454,-4292,-1838
2013-08-22T22:00:00Z,17.92,17.93,17.89,17.9,15684,-12563,3121,5076,-6359,-1283,2454,-4292,-1838,NaN,NaN,NaN,NaN,NaN,15684,-12563,3121,5076,-6359,-1283,2454,-4292,-1838
2013-08-25T22:00:00Z,17.91,17.91,17.89,17.89,15684,-12563,3121,5076,-6359,-1283,2454,-4292,-1838,NaN,NaN,NaN,NaN,NaN,15684,-12563,3121,5076,-6359,-1283,2454,-4292,-1838
2013-08-26T22:00:00Z,17.89,17.9,17.89,17.89,15499,-13875,1624,5428,-5504,-76,2781,-4329,-1548,NaN,NaN,NaN,NaN,NaN,15499,-13875,1624,5428,-5504,-76,2781,-4329,-1548
2013-08-27T22:00:00Z,17.89,17.91,17.88,17.89,15499,-13875,1624,5428,-5504,-76,2781,-4329,-1548,NaN,NaN,NaN,NaN,NaN,15499,-13875,1624,5428,-5504,-76,2781,-4329,-1548
2013-08-28T22:00:00Z,17.9,17.9,17.88,17.9,15499,-13875,1624,5428,-5504,-76,2781,-4329,-1548,NaN,NaN,NaN,NaN,NaN,15499,-13875,1624,5428,-5504,-76,2781,-4329,-1548
2013-08-29T22:00:00Z,17.52,17.97,17.52,17.83,15499,-13875,1624,5428,-5504,-76,2781,-4329,-1548,NaN,NaN,NaN,NaN,NaN,15499,-13875,1624,5428,-5504,-76,2781,-4329,-1548
2013-09-01T22:00:00Z,17.94,17.95,17.75,17.79,15980,-14294,1686,5675,-5899,-224,2873,-4335,-1462,NaN,NaN,NaN,NaN,NaN,15980,-14294,1686,5675,-5899,-224,2873,-4335,-1462
2013-09-03T22:00:00Z,17.88,18.04,17.8,18,15980,-14294,1686,5675,-5899,-224,2873,-4335,-1462,NaN,NaN,NaN,NaN,NaN,15980,-14294,1686,5675,-5899,-224,2873,-4335,-1462
2013-09-04T22:00:00Z,17.98,18.08,17.93,18.03,15980,-14294,1686,5675,-5899,-224,2873,-4335,-1462,NaN,NaN,NaN,NaN,NaN,15980,-14294,1686,5675,-5899,-224,2873,-4335,-1462
2013-09-05T22:00:00Z,17.96,18.19,17.95,18.06,15980,-14294,1686,5675,-5899,-224,2873,-4335,-1462,NaN,NaN,NaN,NaN,NaN,15980,-14294,1686,5675,-5899,-224,2873,-4335,-1462
2013-09-08T22:00:00Z,18.13,18.17,17.99,18.14,15980,-14294,1686,5675,-5899,-224,2873,-4335,-1462,NaN,NaN,NaN,NaN,NaN,15980,-14294,1686,5675,-5899,-224,2873,-4335,-1462
2013-09-09T22:00:00Z,18.15,18.23,18.13,18.16,14057,-12333,1724,4924,-5190,-266,2881,-4339,-1458,NaN,NaN,NaN,NaN,NaN,14057,-12333,1724,4924,-5190,-266,2881,-4339,-1458
2013-09-10T22:00:00Z,18.18,18.25,18.18,18.23,14057,-12333,1724,4924,-5190,-266,2881,-4339,-1458,NaN,NaN,NaN,NaN,NaN,14057,-12333,1724,4924,-5190,-266,2881,-4339,-1458
2013-09-11T22:00:00Z,18.23,18.24,18.16,18.17,14057,-12333,1724,4924,-5190,-266,2881,-4339,-1458,NaN,NaN,NaN,NaN,NaN,14057,-12333,1724,4924,-5190,-266,2881,-4339,-1458
2013-09-12T22:00:00Z,18.16,18.19,18.16,18.18,14057,-12333,1724,4924,-5190,-266,2881,-4339,-1458,NaN,NaN,NaN,NaN,NaN,14057,-12333,1724,4924,-5190,-266,2881,-4339,-1458
2013-09-15T22:00:00Z,18.19,18.23,18.13,18.16,14057,-12333,1724,4924,-5190,-266,2881,-4339,-1458,NaN,NaN,NaN,NaN,NaN,14057,-12333,1724,4924,-5190,-266,2881,-4339,-1458
2013-09-16T22:00:00Z,18.12,18.19,18.11,18.14,14780,-12537,2243,4776,-5744,-968,3143,-4418,-1275,NaN,NaN,NaN,NaN,NaN,14780,-12537,2243,4776,-5744,-968,3143,-4418,-1275
2013-09-17T22:00:00Z,18.15,18.17,18.12,18.15,14780,-12537,2243,4776,-5744,-968,3143,-4418,-1275,NaN,NaN,NaN,NaN,NaN,14780,-12537,2243,4776,-5744,-968,3143,-4418,-1275
2013-09-18T22:00:00Z,18.16,18.16,18.1,18.14,14780,-12537,2243,4776,-5744,-968,3143,-4418,-1275,NaN,NaN,NaN,NaN,NaN,14780,-12537,2243,4776,-5744,-968,3143,-4418,-1275
2013-09-19T22:00:00Z,18.13,18.15,18.11,18.14,14780,-12537,2243,4776,-5744,-968,3143,-4418,-1275,NaN,NaN,NaN,NaN,NaN,14780,-12537,2243,4776,-5744,-968,3143,-4418,-1275
2013-09-22T22:00:00Z,18.15,18.15,18.12,18.14,14780,-12537,2243,4776,-5744,-968,3143,-4418,-1275,NaN,NaN,NaN,NaN,NaN,14780,-12537,2243,4776,-5744,-968,3143,-4418,-1275
2013-09-23T22:00:00Z,18.13,18.14,18.12,18.14,14989,-12567,2422,4927,-5954,-1027,3149,-4544,-1395,NaN,NaN,NaN,NaN,NaN,14989,-12567,2422,4927,-5954,-1027,3149,-4544,-1395
2013-09-24T22:00:00Z,18.14,18.15,18.07,18.13,14989,-12567,2422,4927,-5954,-1027,3149,-4544,-1395,NaN,NaN,NaN,NaN,NaN,14989,-12567,2422,4927,-5954,-1027,3149,-4544,-1395
2013-09-25T22:00:00Z,18.12,18.14,18.12,18.14,14989,-12567,2422,4927,-5954,-1027,3149,-4544,-1395,NaN,NaN,NaN,NaN,NaN,14989,-12567,2422,4927,-5954,-1027,3149,-4544,-1395
2013-09-26T22:00:00Z,18.04,18.08,17.94,17.96,14989,-12567,2422,4927,-5954,-1027,3149,-4544,-1395,NaN,NaN,NaN,NaN,NaN,14989,-12567,2422,4927,-5954,-1027,3149,-4544,-1395
2013-09-29T22:00:00Z,17.96,18.07,17.93,18,14989,-12567,2422,4927,-5954,-1027,3149,-4544,-1395,NaN,NaN,NaN,NaN,NaN,14989,-12567,2422,4927,-5954,-1027,3149,-4544,-1395
2013-09-30T22:00:00Z,18.05,18.15,18.05,18.13,15559,-12853,2706,5193,-6165,-972,3119,-4853,-1734,NaN,NaN,NaN,NaN,NaN,15559,-12853,2706,5193,-6165,-972,3119,-4853,-1734
2013-10-01T22:00:00Z,18.13,18.19,18.04,18.09,15559,-12853,2706,5193,-6165,-972,3119,-4853,-1734,NaN,NaN,NaN,NaN,NaN,15559,-12853,2706,5193,-6165,-972,3119,-4853,-1734
2013-10-02T22:00:00Z,18.11,18.19,18.03,18.15,15559,-12853,2706,5193,-6165,-972,3119,-4853,-1734,NaN,NaN,NaN,NaN,NaN,15559,-12853,2706,5193,-6165,-972,3119,-4853,-1734
2013-10-03T22:00:00Z,18.15,18.16,18.12,18.14,15559,-12853,2706,5193,-6165,-972,3119,-4853,-1734,NaN,NaN,NaN,NaN,NaN,15559,-12853,2706,5193,-6165,-972,3119,-4853,-1734
2013-10-06T22:00:00Z,18.16,18.18,18.03,18.05,15559,-12853,2706,5193,-6165,-972,3119,-4853,-1734,NaN,NaN,NaN,NaN,NaN,15559,-12853,2706,5193,-6165,-972,3119,-4853,-1734
2013-10-07T22:00:00Z,18.08,18.12,18.06,18.1,13573,-10468,3105,4833,-5619,-786,2755,-5074,-2319,NaN,NaN,NaN,NaN,NaN,13573,-10468,3105,4833,-5619,-786,2755,-5074,-2319
2013-10-08T22:00:00Z,18.12,18.17,18.11,18.14,13573,-10468,3105,4833,-5619,-786,2755,-5074,-2319,NaN,NaN,NaN,NaN,NaN,13573,-10468,3105,4833,-5619,-786,2755,-5074,-2319
2013-10-09T22:00:00Z,18.18,18.2,18.15,18.18,13573,-10468,3105,4833,-5619,-786,2755,-5074,-2319,NaN,NaN,NaN,NaN,NaN,13573,-10468,3105,4833,-5619,-786,2755,-5074,-2319
2013-10-10T22:00:00Z,18.19,18.22,18.16,18.22,13573,-10468,3105,4833,-5619,-786,2755,-5074,-2319,NaN,NaN,NaN,NaN,NaN,13573,-10468,3105,4833,-5619,-786,2755,-5074,-2319
2013-10-13T22:00:00Z,18.2,18.22,18.17,18.21,13573,-10468,3105,4833,-5619,-786,2755,-5074,-2319,NaN,NaN,NaN,NaN,NaN,13573,-10468,3105,4833,-5619,-786,2755,-5074,-2319
2013-10-14T22:00:00Z,18.22,18.23,18.17,18.2,13987,-11498,2489,4807,-5466,-659,3087,-4917,-1830,NaN,NaN,NaN,NaN,NaN,13987,-11498,2489,4807,-5466,-659,3087,-4917,-1830
2013-10-15T22:00:00Z,18.22,18.24,18.17,18.24,13987,-11498,2489,4807,-5466,-659,3087,-4917,-1830,NaN,NaN,NaN,NaN,NaN,13987,-11498,2489,4807,-5466,-659,3087,-4917,-1830
2013-10-16T22:00:00Z,18.24,18.25,18.2,18.23,13987,-11498,2489,4807,-5466,-659,3087,-4917,-1830,NaN,NaN,NaN,NaN,NaN,13987,-11498,2489,4807,-5466,-659,3087,-4917,-1830
2013-10-17T22:00:00Z,18.22,18.25,18.21,18.25,13987,-11498,2489,4807,-5466,-659,3087,-4917,-1830,NaN,NaN,NaN,NaN,NaN,13987,-11498,2489,4807,-5466,-659,3087,-4917,-1830
2013-10-20T22:00:00Z,18.24,18.24,18.21,18.24,13987,-11498,2489,4807,-5466,-659,3087,-4917,-1830,NaN,NaN,NaN,NaN,NaN,13987,-11498,2489,4807,-5466,-659,3087,-4917,-1830
2013-10-21T22:00:00Z,18.22,18.25,18.2,18.25,14491,-11940,2551,4754,-5500,-746,3172,-4977,-1805,NaN,NaN,NaN,NaN,NaN,14491,-11940,2551,4754,-5500,-746,3172,-4977,-1805
2013-10-22T22:00:00Z,18.22,18.24,18.21,18.24,14491,-11940,2551,4754,-5500,-746,3172,-4977,-1805,NaN,NaN,NaN,NaN,NaN,14491,-11940,2551,4754,-5500,-746,3172,-4977,-1805
2013-10-23T22:00:00Z,18.21,18.27,18.21,18.25,14491,-11940,2551,4754,-5500,-746,3172,-4977,-1805,NaN,NaN,NaN,NaN,NaN,14491,-11940,2551,4754,-5500,-746,3172,-4977,-1805
2013-10-24T22:00:00Z,18.69,18.8,18.61,18.73,14491,-11940,2551,4754,-5500,-746,3172,-4977,-1805,NaN,NaN,NaN,NaN,NaN,14491,-11940,2551,4754,-5500,-746,3172,-4977,-1805
2013-10-27T22:00:00Z,18.79,18.79,18.67,18.74,14491,-11940,2551,4754,-5500,-746,3172,-4977,-1805,NaN,NaN,NaN,NaN,NaN,14491,-11940,2551,4754,-5500,-746,3172,-4977,-1805
2013-10-28T22:00:00Z,18.74,18.78,18.59,18.63,15055,-12687,2368,4417,-5320,-903,3314,-4779,-1465,NaN,NaN,NaN,NaN,NaN,15055,-12687,2368,4417,-5320,-903,3314,-4779,-1465
2013-10-29T22:00:00Z,18.61,18.68,18.58,18.62,15055,-12687,2368,4417,-5320,-903,3314,-4779,-1465,NaN,NaN,NaN,NaN,NaN,15055,-12687,2368,4417,-5320,-903,3314,-4779,-1465
2013-10-30T22:00:00Z,18.61,18.8,18.61,18.79,15055,-12687,2368,4417,-5320,-903,3314,-4779,-1465,NaN,NaN,NaN,NaN,NaN,15055,-12687,2368,4417,-5320,-903,3314,-4779,-1465
2013-10-31T22:00:00Z,18.8,18.91,18.8,18.84,15055,-12687,2368,4417,-5320,-903,3314,-4779,-1465,NaN,NaN,NaN,NaN,NaN,15055,-12687,2368,4417,-5320,-903,3314,-4779,-1465
2013-11-03T23:00:00Z,18.91,18.94,18.85,18.85,15055,-12687,2368,4417,-5320,-903,3314,-4779,-1465,NaN,NaN,NaN,NaN,NaN,15055,-12687,2368,4417,-5320,-903,3314,-4779,-1465
2013-11-04T23:00:00Z,18.85,18.94,18.85,18.89,13770,-10797,2973,3982,-5031,-1049,3206,-5130,-1924,NaN,NaN,NaN,NaN,NaN,13770,-10797,2973,3982,-5031,-1049,3206,-5130,-1924
2013-11-05T23:00:00Z,18.89,18.95,18.74,18.76,13770,-10797,2973,3982,-5031,-1049,3206,-5130,-1924,NaN,NaN,NaN,NaN,NaN,13770,-10797,2973,3982,-5031,-1049,3206,-5130,-1924
2013-11-06T23:00:00Z,18.76,18.83,18.71,18.82,13770,-10797,2973,3982,-5031,-1049,3206,-5130,-1924,NaN,NaN,NaN,NaN,NaN,13770,-10797,2973,3982,-5031,-1049,3206,-5130,-1924
2013-11-07T23:00:00Z,18.85,18.86,18.77,18.78,13770,-10797,2973,3982,-5031,-1049,3206,-5130,-1924,NaN,NaN,NaN,NaN,NaN,13770,-10797,2973,3982,-5031,-1049,3206,-5130,-1924
2013-11-10T23:00:00Z,18.77,18.84,18.74,18.82,13770,-10797,2973,3982,-5031,-1049,3206,-5130,-1924,NaN,NaN,NaN,NaN,NaN,13770,-10797,2973,3982,-5031,-1049,3206,-5130,-1924
2013-11-11T23:00:00Z,18.85,18.86,18.79,18.8,14890,-11631,3259,4167,-5074,-907,2990,-5342,-2352,NaN,NaN,NaN,NaN,NaN,14890,-11631,3259,4167,-5074,-907,2990,-5342,-2352
2013-11-12T23:00:00Z,18.78,18.85,18.78,18.85,14890,-11631,3259,4167,-5074,-907,2990,-5342,-2352,NaN,NaN,NaN,NaN,NaN,14890,-11631,3259,4167,-5074,-907,2990,-5342,-2352
2013-11-13T23:00:00Z,18.82,18.89,18.81,18.83,14890,-11631,3259,4167,-5074,-907,2990,-5342,-2352,NaN,NaN,NaN,NaN,NaN,14890,-11631,3259,4167,-5074,-907,2990,-5342,-2352
2013-11-14T23:00:00Z,18.81,18.83,18.8,18.82,14890,-11631,3259,4167,-5074,-907,2990,-5342,-2352,NaN,NaN,NaN,NaN,NaN,14890,-11631,3259,4167,-5074,-907,2990,-5342,-2352
2013-11-17T23:00:00Z,18.81,18.83,18.8,18.82,14890,-11631,3259,4167,-5074,-907,2990,-5342,-2352,NaN,NaN,NaN,NaN,NaN,14890,-11631,3259,4167,-5074,-907,2990,-5342,-2352
2013-11-18T23:00:00Z,18.82,18.82,18.8,18.81,16086,-12308,3778,4075,-5134,-1059,2621,-5340,-2719,NaN,NaN,NaN,NaN,NaN,16086,-12308,3778,4075,-5134,-1059,2621,-5340,-2719
2013-11-19T23:00:00Z,18.82,18.82,18.8,18.8,16086,-12308,3778,4075,-5134,-1059,2621,-5340,-2719,NaN,NaN,NaN,NaN,NaN,16086,-12308,3778,4075,-5134,-1059,2621,-5340,-2719
2013-11-20T23:00:00Z,18.8,18.81,18.78,18.79,16086,-12308,3778,4075,-5134,-1059,2621,-5340,-2719,NaN,NaN,NaN,NaN,NaN,16086,-12308,3778,4075,-5134,-1059,2621,-5340,-2719
2013-11-21T23:00:00Z,18.8,18.8,18.79,18.79,16086,-12308,3778,4075,-5134,-1059,2621,-5340,-2719,NaN,NaN,NaN,NaN,NaN,16086,-12308,3778,4075,-5134,-1059,2621,-5340,-2719
2013-11-24T23:00:00Z,18.79,18.8,18.79,18.8,16086,-12308,3778,4075,-5134,-1059,2621,-5340,-2719,NaN,NaN,NaN,NaN,NaN,16086,-12308,3778,4075,-5134,-1059,2621,-5340,-2719
2013-11-25T23:00:00Z,18.81,18.82,18.79,18.8,16796,-12832,3964,4082,-5487,-1405,2923,-5482,-2559,NaN,NaN,NaN,NaN,NaN,16796,-12832,3964,4082,-5487,-1405,2923,-5482,-2559
2013-11-26T23:00:00Z,18.78,18.83,18.76,18.8,16796,-12832,3964,4082,-5487,-1405,2923,-5482,-2559,NaN,NaN,NaN,NaN,NaN,16796,-12832,3964,4082,-5487,-1405,2923,-5482,-2559
2013-11-27T23:00:00Z,18.47,18.47,18.47,18.47,16796,-12832,3964,4082,-5487,-1405,2923,-5482,-2559,NaN,NaN,NaN,NaN,NaN,16796,-12832,3964,4082,-5487,-1405,2923,-5482,-2559
2013-12-01T23:00:00Z,18.47,18.7,18.47,18.6,16796,-12832,3964,4082,-5487,-1405,2923,-5482,-2559,NaN,NaN,NaN,NaN,NaN,16796,-12832,3964,4082,-5487,-1405,2923,-5482,-2559
2013-12-02T23:00:00Z,18.7,18.94,18.69,18.86,17257,-13567,3690,4252,-5880,-1628,3177,-5239,-2062,NaN,NaN,NaN,NaN,NaN,17257,-13567,3690,4252,-5880,-1628,3177,-5239,-2062
2013-12-03T23:00:00Z,18.87,19.34,18.87,19.23,17257,-13567,3690,4252,-5880,-1628,3177,-5239,-2062,NaN,NaN,NaN,NaN,NaN,17257,-13567,3690,4252,-5880,-1628,3177,-5239,-2062
2013-12-04T23:00:00Z,19.2,19.25,18.73,18.98,17257,-13567,3690,4252,-5880,-1628,3177,-5239,-2062,NaN,NaN,NaN,NaN,NaN,17257,-13567,3690,4252,-5880,-1628,3177,-5239,-2062
2013-12-05T23:00:00Z,19.02,19.1,18.85,19.08,17257,-13567,3690,4252,-5880,-1628,3177,-5239,-2062,NaN,NaN,NaN,NaN,NaN,17257,-13567,3690,4252,-5880,-1628,3177,-5239,-2062
2013-12-08T23:00:00Z,19.17,19.18,19,19.11,17257,-13567,3690,4252,-5880,-1628,3177,-5239,-2062,NaN,NaN,NaN,NaN,NaN,17257,-13567,3690,4252,-5880,-1628,3177,-5239,-2062
2013-12-09T23:00:00Z,19.01,19.11,18.99,19.09,15398,-12691,2707,4219,-5433,-1214,3194,-4687,-1493,NaN,NaN,NaN,NaN,NaN,15398,-12691,2707,4219,-5433,-1214,3194,-4687,-1493
2013-12-10T23:00:00Z,19,19.06,18.88,19.03,15398,-12691,2707,4219,-5433,-1214,3194,-4687,-1493,NaN,NaN,NaN,NaN,NaN,15398,-12691,2707,4219,-5433,-1214,3194,-4687,-1493
2013-12-11T23:00:00Z,18.87,18.99,18.86,18.92,15398,-12691,2707,4219,-5433,-1214,3194,-4687,-1493,NaN,NaN,NaN,NaN,NaN,15398,-12691,2707,4219,-5433,-1214,3194,-4687,-1493
2013-12-12T23:00:00Z,18.95,19.07,18.92,19.02,15398,-12691,2707,4219,-5433,-1214,3194,-4687,-1493,NaN,NaN,NaN,NaN,NaN,15398,-12691,2707,4219,-5433,-1214,3194,-4687,-1493
2013-12-15T23:00:00Z,19.02,19.04,18.98,18.98,15398,-12691,2707,4219,-5433,-1214,3194,-4687,-1493,NaN,NaN,NaN,NaN,NaN,15398,-12691,2707,4219,-5433,-1214,3194,-4687,-1493
2013-12-16T23:00:00Z,18.98,19.04,18.95,19.01,16316,-13771,2545,4679,-5343,-664,2992,-4873,-1881,NaN,NaN,NaN,NaN,NaN,16316,-13771,2545,4679,-5343,-664,2992,-4873,-1881
2013-12-17T23:00:00Z,18.98,19.03,18.98,19.01,16316,-13771,2545,4679,-5343,-664,2992,-4873,-1881,NaN,NaN,NaN,NaN,NaN,16316,-13771,2545,4679,-5343,-664,2992,-4873,-1881
2013-12-18T23:00:00Z,19.01,19.05,18.97,18.98,16316,-13771,2545,4679,-5343,-664,2992,-4873,-1881,NaN,NaN,NaN,NaN,NaN,16316,-13771,2545,4679,-5343,-664,2992,-4873,-1881
2013-12-19T23:00:00Z,19,19.03,19,19.03,16316,-13771,2545,4679,-5343,-664,2992,-4873,-1881,NaN,NaN,NaN,NaN,NaN,16316,-13771,2545,4679,-5343,-664,2992,-4873,-1881
2013-12-22T23:00:00Z,19.02,19.02,19,19,16316,-13771,2545,4679,-5343,-664,2992,-4873,-1881,NaN,NaN,NaN,NaN,NaN,16316,-13771,2545,4679,-5343,-664,2992,-4873,-1881
2013-12-23T23:00:00Z,19.01,19.02,18.99,19.02,17435,-15868,1567,5248,-4619,629,3148,-5344,-2196,NaN,NaN,NaN,NaN,NaN,17435,-15868,1567,5248,-4619,629,3148,-5344,-2196
2013-12-24T23:00:00Z,19.02,19.02,18.99,19.01,17435,-15868,1567,5248,-4619,629,3148,-5344,-2196,NaN,NaN,NaN,NaN,NaN,17435,-15868,1567,5248,-4619,629,3148,-5344,-2196
2013-12-26T23:00:00Z,19.55,19.62,19.42,19.48,17435,-15868,1567,5248,-4619,629,3148,-5344,-2196,NaN,NaN,NaN,NaN,NaN,17435,-15868,1567,5248,-4619,629,3148,-5344,-2196
2013-12-29T23:00:00Z,19.45,19.48,19.24,19.26,17435,-15868,1567,5248,-4619,629,3148,-5344,-2196,NaN,NaN,NaN,NaN,NaN,17435,-15868,1567,5248,-4619,629,3148,-5344,-2196
2013-12-30T23:00:00Z,19.23,19.45,19.1,19.34,17820,-16596,1224,5791,-4741,1050,2968,-5242,-2274,NaN,NaN,NaN,NaN,NaN,17820,-16596,1224,5791,-4741,1050,2968,-5242,-2274
2013-12-31T23:00:00Z,19.32,19.75,19.24,19.66,17820,-16596,1224,5791,-4741,1050,2968,-5242,-2274,NaN,NaN,NaN,NaN,NaN,17820,-16596,1224,5791,-4741,1050,2968,-5242,-2274
2014-01-02T23:00:00Z,19.74,20.13,19.74,20.06,17820,-16596,1224,5791,-4741,1050,2968,-5242,-2274,NaN,NaN,NaN,NaN,NaN,17820,-16596,1224,5791,-4741,1050,2968,-5242,-2274
2014-01-05T23:00:00Z,20.15,20.24,19.94,20.06,17820,-16596,1224,5791,-4741,1050,2968,-5242,-2274,NaN,NaN,NaN,NaN,NaN,17820,-16596,1224,5791,-4741,1050,2968,-5242,-2274
2014-01-06T23:00:00Z,20.01,20.28,19.98,20.28,15625,-14764,861,4959,-3859,1100,3095,-5056,-1961,NaN,NaN,NaN,NaN,NaN,15625,-14764,861,4959,-3859,1100,3095,-5056,-1961
2014-01-07T23:00:00Z,20.27,20.5,20.24,20.39,15625,-14764,861,4959,-3859,1100,3095,-5056,-1961,NaN,NaN,NaN,NaN,NaN,15625,-14764,861,4959,-3859,1100,3095,-5056,-1961
2014-01-08T23:00:00Z,20.4,20.48,20.34,20.42,15625,-14764,861,4959,-3859,1100,3095,-5056,-1961,NaN,NaN,NaN,NaN,NaN,15625,-14764,861,4959,-3859,1100,3095,-5056,-1961
2014-01-09T23:00:00Z,20.43,20.54,20.27,20.5,15625,-14764,861,4959,-3859,1100,3095,-5056,-1961,NaN,NaN,NaN,NaN,NaN,15625,-14764,861,4959,-3859,1100,3095,-5056,-1961
2014-01-12T23:00:00Z,20.46,20.68,20.46,20.66,15625,-14764,861,4959,-3859,1100,3095,-5056,-1961,NaN,NaN,NaN,NaN,NaN,15625,-14764,861,4959,-3859,1100,3095,-5056,-1961
2014-01-13T23:00:00Z,20.66,20.75,20.55,20.72,16097,-16897,-800,5870,-3470,2400,3354,-4954,-1600,NaN,NaN,NaN,NaN,NaN,16097,-16897,-800,5870,-3470,2400,3354,-4954,-1600
2014-01-14T23:00:00Z,20.72,20.84,20.71,20.83,16097,-16897,-800,5870,-3470,2400,3354,-4954,-1600,NaN,NaN,NaN,NaN,NaN,16097,-16897,-800,5870,-3470,2400,3354,-4954,-1600
2014-01-15T23:00:00Z,20.83,20.95,20.8,20.91,16097,-16897,-800,5870,-3470,2400,3354,-4954,-1600,NaN,NaN,NaN,NaN,NaN,16097,-16897,-800,5870,-3470,2400,3354,-4954,-1600
2014-01-16T23:00:00Z,20.94,20.97,20.91,20.94,16097,-16897,-800,5870,-3470,2400,3354,-4954,-1600,NaN,NaN,NaN,NaN,NaN,16097,-16897,-800,5870,-3470,2400,3354,-4954,-1600
2014-01-19T23:00:00Z,20.93,20.96,20.89,20.94,16444,-18101,-1657,6881,-3809,3072,3716,-5131,-1415,NaN,NaN,NaN,NaN,NaN,16444,-18101,-1657,6881,-3809,3072,3716,-5131,-1415
2014-01-21T23:00:00Z,20.92,20.95,20.91,20.93,16444,-18101,-1657,6881,-3809,3072,3716,-5131,-1415,NaN,NaN,NaN,NaN,NaN,16444,-18101,-1657,6881,-3809,3072,3716,-5131,-1415
2014-01-22T23:00:00Z,20.93,21.1,20.92,20.92,16444,-18101,-1657,6881,-3809,3072,3716,-5131,-1415,NaN,NaN,NaN,NaN,NaN,16444,-18101,-1657,6881,-3809,3072,3716,-5131,-1415
2014-01-23T23:00:00Z,21.05,21.08,21.02,21.05,16444,-18101,-1657,6881,-3809,3072,3716,-5131,-1415,NaN,NaN,NaN,NaN,NaN,16444,-18101,-1657,6881,-3809,3072,3716,-5131,-1415
2014-01-26T23:00:00Z,21.05,21.05,21.04,21.05,16444,-18101,-1657,6881,-3809,3072,3716,-5131,-1415,NaN,NaN,NaN,NaN,NaN,16444,-18101,-1657,6881,-3809,3072,3716,-5131,-1415
2014-01-27T23:00:00Z,21.06,21.07,21.05,21.07,17276,-19138,-1862,7137,-3734,3403,3704,-5245,-1541,NaN,NaN,NaN,NaN,NaN,17276,-19138,-1862,7137,-3734,3403,3704,-5245,-1541
2014-01-28T23:00:00Z,21.07,21.12,21.06,21.06,17276,-19138,-1862,7137,-3734,3403,3704,-5245,-1541,NaN,NaN,NaN,NaN,NaN,17276,-19138,-1862,7137,-3734,3403,3704,-5245,-1541
2014-01-29T23:00:00Z,21.12,21.14,21.11,21.11,17276,-19138,-1862,7137,-3734,3403,3704,-5245,-1541,NaN,NaN,NaN,NaN,NaN,17276,-19138,-1862,7137,-3734,3403,3704,-5245,-1541
2014-01-30T23:00:00Z,23.28,23.43,23.08,23.11,17276,-19138,-1862,7137,-3734,3403,3704,-5245,-1541,NaN,NaN,NaN,NaN,NaN,17276,-19138,-1862,7137,-3734,3403,3704,-5245,-1541
2014-02-02T23:00:00Z,23.15,23.15,22.7,22.81,17276,-19138,-1862,7137,-3734,3403,3704,-5245,-1541,NaN,NaN,NaN,NaN,NaN,17276,-19138,-1862,7137,-3734,3403,3704,-5245,-1541
2014-02-03T23:00:00Z,22.75,23.1,22.64,22.84,18011,-19684,-1673,7655,-3969,3686,3357,-5370,-2013,NaN,NaN,NaN,NaN,NaN,18011,-19684,-1673,7655,-3969,3686,3357,-5370,-2013
2014-02-04T23:00:00Z,22.88,23.15,22.7,23.15,18011,-19684,-1673,7655,-3969,3686,3357,-5370,-2013,NaN,NaN,NaN,NaN,NaN,18011,-19684,-1673,7655,-3969,3686,3357,-5370,-2013
2014-02-05T23:00:00Z,23.13,23.25,23.04,23.21,18011,-19684,-1673,7655,-3969,3686,3357,-5370,-2013,NaN,NaN,NaN,NaN,NaN,18011,-19684,-1673,7655,-3969,3686,3357,-5370,-2013
2014-02-06T23:00:00Z,23.18,23.23,22.8,22.87,18011,-19684,-1673,7655,-3969,3686,3357,-5370,-2013,NaN,NaN,NaN,NaN,NaN,18011,-19684,-1673,7655,-3969,3686,3357,-5370,-2013
2014-02-09T23:00:00Z,22.91,22.93,22.78,22.89,18011,-19684,-1673,7655,-3969,3686,3357,-5370,-2013,NaN,NaN,NaN,NaN,NaN,18011,-19684,-1673,7655,-3969,3686,3357,-5370,-2013
2014-02-10T23:00:00Z,22.85,23.18,22.82,23.15,16084,-17966,-1882,7397,-3961,3436,3166,-4720,-1554,NaN,NaN,NaN,NaN,NaN,16084,-17966,-1882,7397,-3961,3436,3166,-4720,-1554
2014-02-11T23:00:00Z,23.18,23.19,23,23.1,16084,-17966,-1882,7397,-3961,3436,3166,-4720,-1554,NaN,NaN,NaN,NaN,NaN,16084,-17966,-1882,7397,-3961,3436,3166,-4720,-1554
2014-02-12T23:00:00Z,23.09,23.14,23.06,23.12,16084,-17966,-1882,7397,-3961,3436,3166,-4720,-1554,NaN,NaN,NaN,NaN,NaN,16084,-17966,-1882,7397,-3961,3436,3166,-4720,-1554
2014-02-13T23:00:00Z,23.1,23.15,23.08,23.14,16084,-17966,-1882,7397,-3961,3436,3166,-4720,-1554,NaN,NaN,NaN,NaN,NaN,16084,-17966,-1882,7397,-3961,3436,3166,-4720,-1554
2014-02-16T23:00:00Z,23.14,23.14,23.1,23.14,16813,-18396,-1583,7699,-4307,3392,3032,-4841,-1809,NaN,NaN,NaN,NaN,NaN,16813,-18396,-1583,7699,-4307,3392,3032,-4841,-1809
2014-02-18T23:00:00Z,23.12,23.15,23.12,23.14,16813,-18396,-1583,7699,-4307,3392,3032,-4841,-1809,NaN,NaN,NaN,NaN,NaN,16813,-18396,-1583,7699,-4307,3392,3032,-4841,-1809
2014-02-19T23:00:00Z,23.15,23.2,23.15,23.15,16813,-18396,-1583,7699,-4307,3392,3032,-4841,-1809,NaN,NaN,NaN,NaN,NaN,16813,-18396,-1583,7699,-4307,3392,3032,-4841,-1809
2014-02-20T23:00:00Z,23.21,23.21,23.16,23.19,16813,-18396,-1583,7699,-4307,3392,3032,-4841,-1809,NaN,NaN,NaN,NaN,NaN,16813,-18396,-1583,7699,-4307,3392,3032,-4841,-1809
2014-02-23T23:00:00Z,23.21,23.21,23.18,23.2,16813,-18396,-1583,7699,-4307,3392,3032,-4841,-1809,NaN,NaN,NaN,NaN,NaN,16813,-18396,-1583,7699,-4307,3392,3032,-4841,-1809
2014-02-24T23:00:00Z,23.19,23.22,23.19,23.2,17570,-19476,-1906,8140,-4978,3162,3324,-4580,-1256,NaN,NaN,NaN,NaN,NaN,17570,-19476,-1906,8140,-4978,3162,3324,-4580,-1256
2014-02-25T23:00:00Z,23.2,23.22,23.16,23.2,17570,-19476,-1906,8140,-4978,3162,3324,-4580,-1256,NaN,NaN,NaN,NaN,NaN,17570,-19476,-1906,8140,-4978,3162,3324,-4580,-1256
2014-02-26T23:00:00Z,23.2,23.2,23.18,23.19,17570,-19476,-1906,8140,-4978,3162,3324,-4580,-1256,NaN,NaN,NaN,NaN,NaN,17570,-19476,-1906,8140,-4978,3162,3324,-4580,-1256
2014-02-27T23:00:00Z,22.25,22.29,22.09,22.15,17570,-19476,-1906,8140,-4978,3162,3324,-4580,-1256,NaN,NaN,NaN,NaN,NaN,17570,-19476,-1906,8140,-4978,3162,3324,-4580,-1256
2014-03-02T23:00:00Z,22.16,22.22,21.84,21.89,17570,-19476,-1906,8140,-4978,3162,3324,-4580,-1256,NaN,NaN,NaN,NaN,NaN,17570,-19476,-1906,8140,-4978,3162,3324,-4580,-1256
2014-03-03T23:00:00Z,21.91,22.13,21.83,22.1,18404,-20486,-2082,8795,-5011,3784,3128,-4830,-1702,NaN,NaN,NaN,NaN,NaN,18404,-20486,-2082,8795,-5011,3784,3128,-4830,-1702
2014-03-04T23:00:00Z,22.15,22.32,21.8,22.2,18404,-20486,-2082,8795,-5011,3784,3128,-4830,-1702,NaN,NaN,NaN,NaN,NaN,18404,-20486,-2082,8795,-5011,3784,3128,-4830,-1702
2014-03-05T23:00:00Z,22.21,22.75,22.21,22.6,18404,-20486,-2082,8795,-5011,3784,3128,-4830,-1702,NaN,NaN,NaN,NaN,NaN,18404,-20486,-2082,8795,-5011,3784,3128,-4830,-1702
2014-03-06T23:00:00Z,22.75,22.8,22.56,22.65,18404,-20486,-2082,8795,-5011,3784,3128,-4830,-1702,NaN,NaN,NaN,NaN,NaN,18404,-20486,-2082,8795,-5011,3784,3128,-4830,-1702
2014-03-09T22:00:00Z,22.65,22.94,22.65,22.86,18404,-20486,-2082,8795,-5011,3784,3128,-4830,-1702,NaN,NaN,NaN,NaN,NaN,18404,-20486,-2082,8795,-5011,3784,3128,-4830,-1702
2014-03-10T22:00:00Z,22.91,23,22.86,22.9,16474,-17533,-1059,7315,-5514,1801,3348,-4090,-742,NaN,NaN,NaN,NaN,NaN,16474,-17533,-1059,7315,-5514,1801,3348,-4090,-742
2014-03-11T22:00:00Z,22.9,23.3,22.89,22.91,16474,-17533,-1059,7315,-5514,1801,3348,-4090,-742,NaN,NaN,NaN,NaN,NaN,16474,-17533,-1059,7315,-5514,1801,3348,-4090,-742
2014-03-12T22:00:00Z,23.2,23.23,23.01,23.17,16474,-17533,-1059,7315,-5514,1801,3348,-4090,-742,NaN,NaN,NaN,NaN,NaN,16474,-17533,-1059,7315,-5514,1801,3348,-4090,-742
2014-03-13T22:00:00Z,23.19,23.3,23.16,23.29,16474,-17533,-1059,7315,-5514,1801,3348,-4090,-742,NaN,NaN,NaN,NaN,NaN,16474,-17533,-1059,7315,-5514,1801,3348,-4090,-742
2014-03-16T22:00:00Z,23.25,23.61,23.21,23.49,16474,-17533,-1059,7315,-5514,1801,3348,-4090,-742,NaN,NaN,NaN,NaN,NaN,16474,-17533,-1059,7315,-5514,1801,3348,-4090,-742
2014-03-17T22:00:00Z,23.48,23.48,23.3,23.32,17510,-18302,-792,7499,-5381,2118,3227,-4553,-1326,NaN,NaN,NaN,NaN,NaN,17510,-18302,-792,7499,-5381,2118,3227,-4553,-1326
2014-03-18T22:00:00Z,23.34,23.48,23.26,23.42,17510,-18302,-792,7499,-5381,2118,3227,-4553,-1326,NaN,NaN,NaN,NaN,NaN,17510,-18302,-792,7499,-5381,2118,3227,-4553,-1326
2014-03-19T22:00:00Z,23.27,23.39,23.27,23.33,17510,-18302,-792,7499,-5381,2118,3227,-4553,-1326,NaN,NaN,NaN,NaN,NaN,17510,-18302,-792,7499,-5381,2118,3227,-4553,-1326
2014-03-20T22:00:00Z,23.32,23.34,23.28,23.29,17510,-18302,-792,7499,-5381,2118,3227,-4553,-1326,NaN,NaN,NaN,NaN,NaN,17510,-18302,-792,7499,-5381,2118,3227,-4553,-1326
2014-03-23T22:00:00Z,23.32,23.35,23.26,23.28,17510,-18302,-792,7499,-5381,2118,3227,-4553,-1326,NaN,NaN,NaN,NaN,NaN,17510,-18302,-792,7499,-5381,2118,3227,-4553,-1326
2014-03-24T22:00:00Z,23.27,23.3,23.23,23.28,18040,-19507,-1467,8291,-5527,2764,3202,-4499,-1297,NaN,NaN,NaN,NaN,NaN,18040,-19507,-1467,8291,-5527,2764,3202,-4499,-1297
2014-03-25T22:00:00Z,23.25,23.31,23.22,23.29,18040,-19507,-1467,8291,-5527,2764,3202,-4499,-1297,NaN,NaN,NaN,NaN,NaN,18040,-19507,-1467,8291,-5527,2764,3202,-4499,-1297
2014-03-26T22:00:00Z,23.3,23.3,23.25,23.29,18040,-19507,-1467,8291,-5527,2764,3202,-4499,-1297,NaN,NaN,NaN,NaN,NaN,18040,-19507,-1467,8291,-5527,2764,3202,-4499,-1297
2014-03-27T22:00:00Z,23.99,24.03,23.8,23.81,18040,-19507,-1467,8291,-5527,2764,3202,-4499,-1297,NaN,NaN,NaN,NaN,NaN,18040,-19507,-1467,8291,-5527,2764,3202,-4499,-1297
2014-03-30T22:00:00Z,23.81,23.88,23.59,23.79,18040,-19507,-1467,8291,-5527,2764,3202,-4499,-1297,NaN,NaN,NaN,NaN,NaN,18040,-19507,-1467,8291,-5527,2764,3202,-4499,-1297
2014-03-31T22:00:00Z,23.75,24.1,23.67,23.94,18148,-20261,-2113,9259,-5383,3876,3161,-4924,-1763,NaN,NaN,NaN,NaN,NaN,18148,-20261,-2113,9259,-5383,3876,3161,-4924,-1763
2014-04-01T22:00:00Z,23.94,24.11,23.9,24.03,18148,-20261,-2113,9259,-5383,3876,3161,-4924,-1763,NaN,NaN,NaN,NaN,NaN,18148,-20261,-2113,9259,-5383,3876,3161,-4924,-1763
2014-04-02T22:00:00Z,24.07,24.24,24.05,24.23,18148,-20261,-2113,9259,-5383,3876,3161,-4924,-1763,NaN,NaN,NaN,NaN,NaN,18148,-20261,-2113,9259,-5383,3876,3161,-4924,-1763
2014-04-03T22:00:00Z,24.2,24.25,23.87,23.94,18148,-20261,-2113,9259,-5383,3876,3161,-4924,-1763,NaN,NaN,NaN,NaN,NaN,18148,-20261,-2113,9259,-5383,3876,3161,-4924,-1763
2014-04-06T22:00:00Z,23.94,24.07,23.83,23.95,18148,-20261,-2113,9259,-5383,3876,3161,-4924,-1763,NaN,NaN,NaN,NaN,NaN,18148,-20261,-2113,9259,-5383,3876,3161,-4924,-1763
2014-04-07T22:00:00Z,24,24.15,23.96,24.02,16093,-17419,-1326,7578,-4723,2855,3196,-4725,-1529,NaN,NaN,NaN,NaN,NaN,16093,-17419,-1326,7578,-4723,2855,3196,-4725,-1529
2014-04-08T22:00:00Z,24.08,24.1,23.96,23.98,16093,-17419,-1326,7578,-4723,2855,3196,-4725,-1529,NaN,NaN,NaN,NaN,NaN,16093,-17419,-1326,7578,-4723,2855,3196,-4725,-1529
2014-04-09T22:00:00Z,23.95,23.99,23.94,23.96,16093,-17419,-1326,7578,-4723,2855,3196,-4725,-1529,NaN,NaN,NaN,NaN,NaN,16093,-17419,-1326,7578,-4723,2855,3196,-4725,-1529
2014-04-10T22:00:00Z,23.96,24.04,23.95,24.02,16093,-17419,-1326,7578,-4723,2855,3196,-4725,-1529,NaN,NaN,NaN,NaN,NaN,16093,-17419,-1326,7578,-4723,2855,3196,-4725,-1529
2014-04-13T22:00:00Z,23.98,24.1,23.97,24.09,16093,-17419,-1326,7578,-4723,2855,3196,-4725,-1529,NaN,NaN,NaN,NaN,NaN,16093,-17419,-1326,7578,-4723,2855,3196,-4725,-1529
2014-04-14T22:00:00Z,24.08,24.16,24.05,24.11,16047,-18410,-2363,8301,-4764,3537,3406,-4580,-1174,NaN,NaN,NaN,NaN,NaN,16047,-18410,-2363,8301,-4764,3537,3406,-4580,-1174
2014-04-15T22:00:00Z,24.1,24.19,24.09,24.12,16047,-18410,-2363,8301,-4764,3537,3406,-4580,-1174,NaN,NaN,NaN,NaN,NaN,16047,-18410,-2363,8301,-4764,3537,3406,-4580,-1174
2014-04-16T22:00:00Z,24.2,24.24,24.18,24.21,16047,-18410,-2363,8301,-4764,3537,3406,-4580,-1174,NaN,NaN,NaN,NaN,NaN,16047,-18410,-2363,8301,-4764,3537,3406,-4580,-1174
2014-04-20T22:00:00Z,24.21,24.25,24.2,24.23,16047,-18410,-2363,8301,-4764,3537,3406,-4580,-1174,NaN,NaN,NaN,NaN,NaN,16047,-18410,-2363,8301,-4764,3537,3406,-4580,-1174
2014-04-21T22:00:00Z,24.27,24.28,24.21,24.26,16198,-18722,-2524,8850,-4860,3990,3338,-4804,-1466,NaN,NaN,NaN,NaN,NaN,16198,-18722,-2524,8850,-4860,3990,3338,-4804,-1466
2014-04-22T22:00:00Z,24.26,24.29,24.17,24.21,16198,-18722,-2524,8850,-4860,3990,3338,-4804,-1466,NaN,NaN,NaN,NaN,NaN,16198,-18722,-2524,8850,-4860,3990,3338,-4804,-1466
2014-04-23T22:00:00Z,24.29,24.32,24.27,24.31,16198,-18722,-2524,8850,-4860,3990,3338,-4804,-1466,NaN,NaN,NaN,NaN,NaN,16198,-18722,-2524,8850,-4860,3990,3338,-4804,-1466
2014-04-24T22:00:00Z,22.92,22.97,22.62,22.7,16198,-18722,-2524,8850,-4860,3990,3338,-4804,-1466,NaN,NaN,NaN,NaN,NaN,16198,-18722,-2524,8850,-4860,3990,3338,-4804,-1466
2014-04-27T22:00:00Z,22.71,22.71,22.51,22.57,16198,-18722,-2524,8850,-4860,3990,3338,-4804,-1466,NaN,NaN,NaN,NaN,NaN,16198,-18722,-2524,8850,-4860,3990,3338,-4804,-1466
2014-04-28T22:00:00Z,22.6,22.6,22.41,22.48,16275,-19250,-2975,9383,-4893,4490,3403,-4918,-1515,NaN,NaN,NaN,NaN,NaN,16275,-19250,-2975,9383,-4893,4490,3403,-4918,-1515
2014-04-29T22:00:00Z,22.55,22.73,22.41,22.55,16275,-19250,-2975,9383,-4893,4490,3403,-4918,-1515,NaN,NaN,NaN,NaN,NaN,16275,-19250,-2975,9383,-4893,4490,3403,-4918,-1515
2014-04-30T22:00:00Z,22.7,23.03,22.6,22.85,16275,-19250,-2975,9383,-4893,4490,3403,-4918,-1515,NaN,NaN,NaN,NaN,NaN,16275,-19250,-2975,9383,-4893,4490,3403,-4918,-1515
2014-05-01T22:00:00Z,22.9,22.9,22.7,22.75,16275,-19250,-2975,9383,-4893,4490,3403,-4918,-1515,NaN,NaN,NaN,NaN,NaN,16275,-19250,-2975,9383,-4893,4490,3403,-4918,-1515
2014-05-04T22:00:00Z,22.79,22.86,22.65,22.81,16275,-19250,-2975,9383,-4893,4490,3403,-4918,-1515,NaN,NaN,NaN,NaN,NaN,16275,-19250,-2975,9383,-4893,4490,3403,-4918,-1515
2014-05-05T22:00:00Z,22.84,22.84,22.66,22.7,14307,-16401,-2094,7908,-4816,3092,3365,-4363,-998,NaN,NaN,NaN,NaN,NaN,14307,-16401,-2094,7908,-4816,3092,3365,-4363,-998
2014-05-06T22:00:00Z,22.75,22.96,22.71,22.89,14307,-16401,-2094,7908,-4816,3092,3365,-4363,-998,NaN,NaN,NaN,NaN,NaN,14307,-16401,-2094,7908,-4816,3092,3365,-4363,-998
2014-05-07T22:00:00Z,22.78,22.9,22.75,22.84,14307,-16401,-2094,7908,-4816,3092,3365,-4363,-998,NaN,NaN,NaN,NaN,NaN,14307,-16401,-2094,7908,-4816,3092,3365,-4363,-998
2014-05-08T22:00:00Z,22.81,22.84,22.66,22.71,14307,-16401,-2094,7908,-4816,3092,3365,-4363,-998,NaN,NaN,NaN,NaN,NaN,14307,-16401,-2094,7908,-4816,3092,3365,-4363,-998
2014-05-11T22:00:00Z,22.76,22.76,22.68,22.74,14307,-16401,-2094,7908,-4816,3092,3365,-4363,-998,NaN,NaN,NaN,NaN,NaN,14307,-16401,-2094,7908,-4816,3092,3365,-4363,-998
2014-05-12T22:00:00Z,22.75,22.77,22.59,22.65,14455,-16831,-2376,8355,-4903,3452,3227,-4303,-1076,NaN,NaN,NaN,NaN,NaN,14455,-16831,-2376,8355,-4903,3452,3227,-4303,-1076
2014-05-13T22:00:00Z,22.62,22.68,22.6,22.64,14455,-16831,-2376,8355,-4903,3452,3227,-4303,-1076,NaN,NaN,NaN,NaN,NaN,14455,-16831,-2376,8355,-4903,3452,3227,-4303,-1076
2014-05-14T22:00:00Z,22.62,22.65,22.54,22.55,14455,-16831,-2376,8355,-4903,3452,3227,-4303,-1076,NaN,NaN,NaN,NaN,NaN,14455,-16831,-2376,8355,-4903,3452,3227,-4303,-1076
2014-05-15T22:00:00Z,22.52,22.6,22.5,22.58,14455,-16831,-2376,8355,-4903,3452,3227,-4303,-1076,NaN,NaN,NaN,NaN,NaN,14455,-16831,-2376,8355,-4903,3452,3227,-4303,-1076
2014-05-18T22:00:00Z,22.53,22.62,22.53,22.56,14455,-16831,-2376,8355,-4903,3452,3227,-4303,-1076,NaN,NaN,NaN,NaN,NaN,14455,-16831,-2376,8355,-4903,3452,3227,-4303,-1076
2014-05-19T22:00:00Z,22.59,22.62,22.54,22.58,14664,-17377,-2713,9090,-4973,4117,2877,-4281,-1404,NaN,NaN,NaN,NaN,NaN,14664,-17377,-2713,9090,-4973,4117,2877,-4281,-1404
2014-05-20T22:00:00Z,22.61,22.62,22.54,22.56,14664,-17377,-2713,9090,-4973,4117,2877,-4281,-1404,NaN,NaN,NaN,NaN,NaN,14664,-17377,-2713,9090,-4973,4117,2877,-4281,-1404
2014-05-21T22:00:00Z,22.54,22.61,22.51,22.59,14664,-17377,-2713,9090,-4973,4117,2877,-4281,-1404,NaN,NaN,NaN,NaN,NaN,14664,-17377,-2713,9090,-4973,4117,2877,-4281,-1404
2014-05-22T22:00:00Z,22.6,22.61,22.53,22.58,14664,-17377,-2713,9090,-4973,4117,2877,-4281,-1404,NaN,NaN,NaN,NaN,NaN,14664,-17377,-2713,9090,-4973,4117,2877,-4281,-1404
2014-05-25T22:00:00Z,22.58,22.58,22.52,22.57,14713,-17730,-3017,9220,-4788,4432,3202,-4617,-1415,NaN,NaN,NaN,NaN,NaN,14713,-17730,-3017,9220,-4788,4432,3202,-4617,-1415
2014-05-27T22:00:00Z,22.55,22.57,22.53,22.57,14713,-17730,-3017,9220,-4788,4432,3202,-4617,-1415,NaN,NaN,NaN,NaN,NaN,14713,-17730,-3017,9220,-4788,4432,3202,-4617,-1415
2014-05-28T22:00:00Z,22.52,22.59,22.52,22.53,14713,-17730,-3017,9220,-4788,4432,3202,-4617,-1415,NaN,NaN,NaN,NaN,NaN,14713,-17730,-3017,9220,-4788,4432,3202,-4617,-1415
2014-05-29T22:00:00Z,20.66,21.15,20.6,20.83,14713,-17730,-3017,9220,-4788,4432,3202,-4617,-1415,NaN,NaN,NaN,NaN,NaN,14713,-17730,-3017,9220,-4788,4432,3202,-4617,-1415
2014-06-01T22:00:00Z,20.89,21.18,20.75,21.06,14713,-17730,-3017,9220,-4788,4432,3202,-4617,-1415,NaN,NaN,NaN,NaN,NaN,14713,-17730,-3017,9220,-4788,4432,3202,-4617,-1415
2014-06-02T22:00:00Z,21.09,21.34,20.9,20.94,15110,-18185,-3075,9719,-5003,4716,3064,-4705,-1641,NaN,NaN,NaN,NaN,NaN,15110,-18185,-3075,9719,-5003,4716,3064,-4705,-1641
2014-06-03T22:00:00Z,20.92,21.35,20.9,21.21,15110,-18185,-3075,9719,-5003,4716,3064,-4705,-1641,NaN,NaN,NaN,NaN,NaN,15110,-18185,-3075,9719,-5003,4716,3064,-4705,-1641
2014-06-04T22:00:00Z,21.22,21.44,21.07,21.37,15110,-18185,-3075,9719,-5003,4716,3064,-4705,-1641,NaN,NaN,NaN,NaN,NaN,15110,-18185,-3075,9719,-5003,4716,3064,-4705,-1641
2014-06-05T22:00:00Z,21.36,21.44,21.24,21.24,15110,-18185,-3075,9719,-5003,4716,3064,-4705,-1641,NaN,NaN,NaN,NaN,NaN,15110,-18185,-3075,9719,-5003,4716,3064,-4705,-1641
2014-06-08T22:00:00Z,21.24,21.33,21.2,21.27,15110,-18185,-3075,9719,-5003,4716,3064,-4705,-1641,NaN,NaN,NaN,NaN,NaN,15110,-18185,-3075,9719,-5003,4716,3064,-4705,-1641
2014-06-09T22:00:00Z,21.29,21.33,21.24,21.28,13271,-15638,-2367,8268,-4595,3673,2794,-4100,-1306,NaN,NaN,NaN,NaN,NaN,13271,-15638,-2367,8268,-4595,3673,2794,-4100,-1306
2014-06-10T22:00:00Z,21.28,21.35,21.22,21.31,13271,-15638,-2367,8268,-4595,3673,2794,-4100,-1306,NaN,NaN,NaN,NaN,NaN,13271,-15638,-2367,8268,-4595,3673,2794,-4100,-1306
2014-06-11T22:00:00Z,21.32,21.32,21.27,21.29,13271,-15638,-2367,8268,-4595,3673,2794,-4100,-1306,NaN,NaN,NaN,NaN,NaN,13271,-15638,-2367,8268,-4595,3673,2794,-4100,-1306
2014-06-12T22:00:00Z,21.28,21.33,21.28,21.3,13271,-15638,-2367,8268,-4595,3673,2794,-4100,-1306,NaN,NaN,NaN,NaN,NaN,13271,-15638,-2367,8268,-4595,3673,2794,-4100,-1306
2014-06-15T22:00:00Z,21.28,21.3,21.28,21.3,13271,-15638,-2367,8268,-4595,3673,2794,-4100,-1306,NaN,NaN,NaN,NaN,NaN,13271,-15638,-2367,8268,-4595,3673,2794,-4100,-1306
2014-06-16T22:00:00Z,21.3,21.35,21.29,21.33,13519,-16042,-2523,8735,-4271,4464,2874,-4815,-1941,NaN,NaN,NaN,NaN,NaN,13519,-16042,-2523,8735,-4271,4464,2874,-4815,-1941
2014-06-17T22:00:00Z,21.33,21.37,21.29,21.35,13519,-16042,-2523,8735,-4271,4464,2874,-4815,-1941,NaN,NaN,NaN,NaN,NaN,13519,-16042,-2523,8735,-4271,4464,2874,-4815,-1941
2014-06-18T22:00:00Z,21.38,21.39,21.31,21.34,13519,-16042,-2523,8735,-4271,4464,2874,-4815,-1941,NaN,NaN,NaN,NaN,NaN,13519,-16042,-2523,8735,-4271,4464,2874,-4815,-1941
2014-06-19T22:00:00Z,21.34,21.37,21.33,21.34,13519,-16042,-2523,8735,-4271,4464,2874,-4815,-1941,NaN,NaN,NaN,NaN,NaN,13519,-16042,-2523,8735,-4271,4464,2874,-4815,-1941
2014-06-22T22:00:00Z,21.33,21.37,21.33,21.33,13519,-16042,-2523,8735,-4271,4464,2874,-4815,-1941,NaN,NaN,NaN,NaN,NaN,13519,-16042,-2523,8735,-4271,4464,2874,-4815,-1941
2014-06-23T22:00:00Z,21.31,21.38,21.31,21.35,13998,-17249,-3251,9289,-4410,4879,3005,-4633,-1628,NaN,NaN,NaN,NaN,NaN,13998,-17249,-3251,9289,-4410,4879,3005,-4633,-1628
2014-06-24T22:00:00Z,21.33,21.37,21.3,21.35,13998,-17249,-3251,9289,-4410,4879,3005,-4633,-1628,NaN,NaN,NaN,NaN,NaN,13998,-17249,-3251,9289,-4410,4879,3005,-4633,-1628
2014-06-25T22:00:00Z,21.35,21.37,21.34,21.37,13998,-17249,-3251,9289,-4410,4879,3005,-4633,-1628,NaN,NaN,NaN,NaN,NaN,13998,-17249,-3251,9289,-4410,4879,3005,-4633,-1628
2014-06-26T22:00:00Z,21.74,21.77,21.27,21.34,13998,-17249,-3251,9289,-4410,4879,3005,-4633,-1628,NaN,NaN,NaN,NaN,NaN,13998,-17249,-3251,9289,-4410,4879,3005,-4633,-1628
2014-06-29T22:00:00Z,21.34,21.42,21.13,21.32,13998,-17249,-3251,9289,-4410,4879,3005,-4633,-1628,NaN,NaN,NaN,NaN,NaN,13998,-17249,-3251,9289,-4410,4879,3005,-4633,-1628
2014-06-30T22:00:00Z,21.3,21.4,21.13,21.15,14134,-17743,-3609,9366,-4313,5053,3167,-4611,-1444,NaN,NaN,NaN,NaN,NaN,14134,-17743,-3609,9366,-4313,5053,3167,-4611,-1444
2014-07-01T22:00:00Z,21.13,21.34,21.13,21.27,14134,-17743,-3609,9366,-4313,5053,3167,-4611,-1444,NaN,NaN,NaN,NaN,NaN,14134,-17743,-3609,9366,-4313,5053,3167,-4611,-1444
2014-07-02T22:00:00Z,21.33,21.38,21.25,21.38,14134,-17743,-3609,9366,-4313,5053,3167,-4611,-1444,NaN,NaN,NaN,NaN,NaN,14134,-17743,-3609,9366,-4313,5053,3167,-4611,-1444
2014-07-03T22:00:00Z,21.38,21.38,21.3,21.37,14134,-17743,-3609,9366,-4313,5053,3167,-4611,-1444,NaN,NaN,NaN,NaN,NaN,14134,-17743,-3609,9366,-4313,5053,3167,-4611,-1444
2014-07-07T22:00:00Z,21.39,21.39,21.3,21.32,11847,-14960,-3113,7908,-3850,4058,3538,-4483,-945,NaN,NaN,NaN,NaN,NaN,11847,-14960,-3113,7908,-3850,4058,3538,-4483,-945
2014-07-08T22:00:00Z,21.3,21.4,21.27,21.38,11847,-14960,-3113,7908,-3850,4058,3538,-4483,-945,NaN,NaN,NaN,NaN,NaN,11847,-14960,-3113,7908,-3850,4058,3538,-4483,-945
2014-07-09T22:00:00Z,21.39,21.39,21.36,21.38,11847,-14960,-3113,7908,-3850,4058,3538,-4483,-945,NaN,NaN,NaN,NaN,NaN,11847,-14960,-3113,7908,-3850,4058,3538,-4483,-945
2014-07-10T22:00:00Z,21.4,21.4,21.37,21.4,11847,-14960,-3113,7908,-3850,4058,3538,-4483,-945,NaN,NaN,NaN,NaN,NaN,11847,-14960,-3113,7908,-3850,4058,3538,-4483,-945
2014-07-13T22:00:00Z,21.4,21.47,21.38,21.47,11847,-14960,-3113,7908,-3850,4058,3538,-4483,-945,NaN,NaN,NaN,NaN,NaN,11847,-14960,-3113,7908,-3850,4058,3538,-4483,-945
2014-07-14T22:00:00Z,21.51,21.51,21.44,21.46,12341,-15722,-3381,8820,-4195,4625,3549,-4793,-1244,NaN,NaN,NaN,NaN,NaN,12341,-15722,-3381,8820,-4195,4625,3549,-4793,-1244
2014-07-15T22:00:00Z,21.48,21.51,21.44,21.49,12341,-15722,-3381,8820,-4195,4625,3549,-4793,-1244,NaN,NaN,NaN,NaN,NaN,12341,-15722,-3381,8820,-4195,4625,3549,-4793,-1244
2014-07-16T22:00:00Z,21.49,21.53,21.49,21.52,12341,-15722,-3381,8820,-4195,4625,3549,-4793,-1244,NaN,NaN,NaN,NaN,NaN,12341,-15722,-3381,8820,-4195,4625,3549,-4793,-1244
2014-07-17T22:00:00Z,21.52,21.54,21.5,21.51,12341,-15722,-3381,8820,-4195,4625,3549,-4793,-1244,NaN,NaN,NaN,NaN,NaN,12341,-15722,-3381,8820,-4195,4625,3549,-4793,-1244
2014-07-20T22:00:00Z,21.51,21.55,21.51,21.55,12341,-15722,-3381,8820,-4195,4625,3549,-4793,-1244,NaN,NaN,NaN,NaN,NaN,12341,-15722,-3381,8820,-4195,4625,3549,-4793,-1244
2014-07-21T22:00:00Z,21.54,21.55,21.52,21.54,13050,-16531,-3481,9673,-4748,4925,3579,-5023,-1444,NaN,NaN,NaN,NaN,NaN,13050,-16531,-3481,9673,-4748,4925,3579,-5023,-1444
2014-07-22T22:00:00Z,21.54,21.57,21.52,21.55,13050,-16531,-3481,9673,-4748,4925,3579,-5023,-1444,NaN,NaN,NaN,NaN,NaN,13050,-16531,-3481,9673,-4748,4925,3579,-5023,-1444
2014-07-23T22:00:00Z,21.57,21.58,21.53,21.53,13050,-16531,-3481,9673,-4748,4925,3579,-5023,-1444,NaN,NaN,NaN,NaN,NaN,13050,-16531,-3481,9673,-4748,4925,3579,-5023,-1444
2014-07-24T22:00:00Z,21.62,21.62,21.35,21.46,13050,-16531,-3481,9673,-4748,4925,3579,-5023,-1444,NaN,NaN,NaN,NaN,NaN,13050,-16531,-3481,9673,-4748,4925,3579,-5023,-1444
2014-07-27T22:00:00Z,21.43,21.72,21.42,21.6,13050,-16531,-3481,9673,-4748,4925,3579,-5023,-1444,NaN,NaN,NaN,NaN,NaN,13050,-16531,-3481,9673,-4748,4925,3579,-5023,-1444
2014-07-28T22:00:00Z,21.64,21.75,21.58,21.62,13424,-17229,-3805,10342,-5013,5329,3709,-5233,-1524,NaN,NaN,NaN,NaN,NaN,13424,-17229,-3805,10342,-5013,5329,3709,-5233,-1524
2014-07-29T22:00:00Z,21.59,21.62,21.37,21.45,13424,-17229,-3805,10342,-5013,5329,3709,-5233,-1524,NaN,NaN,NaN,NaN,NaN,13424,-17229,-3805,10342,-5013,5329,3709,-5233,-1524
2014-07-30T22:00:00Z,21.44,21.6,21.43,21.47,13424,-17229,-3805,10342,-5013,5329,3709,-5233,-1524,NaN,NaN,NaN,NaN,NaN,13424,-17229,-3805,10342,-5013,5329,3709,-5233,-1524
2014-07-31T22:00:00Z,21.43,21.56,21.4,21.51,13424,-17229,-3805,10342,-5013,5329,3709,-5233,-1524,NaN,NaN,NaN,NaN,NaN,13424,-17229,-3805,10342,-5013,5329,3709,-5233,-1524
2014-08-03T22:00:00Z,21.5,21.8,21.44,21.68,13424,-17229,-3805,10342,-5013,5329,3709,-5233,-1524,NaN,NaN,NaN,NaN,NaN,13424,-17229,-3805,10342,-5013,5329,3709,-5233,-1524
2014-08-04T22:00:00Z,21.69,21.79,21.61,21.62,11832,-14810,-2978,9276,-4831,4445,4014,-5481,-1467,NaN,NaN,NaN,NaN,NaN,11832,-14810,-2978,9276,-4831,4445,4014,-5481,-1467
2014-08-05T22:00:00Z,21.65,21.8,21.5,21.74,11832,-14810,-2978,9276,-4831,4445,4014,-5481,-1467,NaN,NaN,NaN,NaN,NaN,11832,-14810,-2978,9276,-4831,4445,4014,-5481,-1467
2014-08-06T22:00:00Z,21.78,21.82,21.69,21.69,11832,-14810,-2978,9276,-4831,4445,4014,-5481,-1467,NaN,NaN,NaN,NaN,NaN,11832,-14810,-2978,9276,-4831,4445,4014,-5481,-1467
2014-08-07T22:00:00Z,21.72,21.77,21.71,21.77,11832,-14810,-2978,9276,-4831,4445,4014,-5481,-1467,NaN,NaN,NaN,NaN,NaN,11832,-14810,-2978,9276,-4831,4445,4014,-5481,-1467
2014-08-10T22:00:00Z,21.77,21.91,21.77,21.88,11832,-14810,-2978,9276,-4831,4445,4014,-5481,-1467,NaN,NaN,NaN,NaN,NaN,11832,-14810,-2978,9276,-4831,4445,4014,-5481,-1467
2014-08-11T22:00:00Z,21.89,22.05,21.83,22.02,12294,-15796,-3502,10520,-5285,5235,4050,-5783,-1733,NaN,NaN,NaN,NaN,NaN,12294,-15796,-3502,10520,-5285,5235,4050,-5783,-1733
2014-08-12T22:00:00Z,22,22.05,21.97,22.02,12294,-15796,-3502,10520,-5285,5235,4050,-5783,-1733,NaN,NaN,NaN,NaN,NaN,12294,-15796,-3502,10520,-5285,5235,4050,-5783,-1733
2014-08-13T22:00:00Z,22.03,22.35,22.03,22.19,12294,-15796,-3502,10520,-5285,5235,4050,-5783,-1733,NaN,NaN,NaN,NaN,NaN,12294,-15796,-3502,10520,-5285,5235,4050,-5783,-1733
2014-08-14T22:00:00Z,22.2,22.22,22.12,22.16,12294,-15796,-3502,10520,-5285,5235,4050,-5783,-1733,NaN,NaN,NaN,NaN,NaN,12294,-15796,-3502,10520,-5285,5235,4050,-5783,-1733
2014-08-17T22:00:00Z,22.16,22.2,22.1,22.12,12294,-15796,-3502,10520,-5285,5235,4050,-5783,-1733,NaN,NaN,NaN,NaN,NaN,12294,-15796,-3502,10520,-5285,5235,4050,-5783,-1733
2014-08-18T22:00:00Z,22.1,22.19,22.1,22.18,12875,-16392,-3517,11663,-5940,5723,4023,-6229,-2206,NaN,NaN,NaN,NaN,NaN,12875,-16392,-3517,11663,-5940,5723,4023,-6229,-2206
2014-08-19T22:00:00Z,22.17,22.3,22.17,22.23,12875,-16392,-3517,11663,-5940,5723,4023,-6229,-2206,NaN,NaN,NaN,NaN,NaN,12875,-16392,-3517,11663,-5940,5723,4023,-6229,-2206
2014-08-20T22:00:00Z,22.25,22.27,22.23,22.25,12875,-16392,-3517,11663,-5940,5723,4023,-6229,-2206,NaN,NaN,NaN,NaN,NaN,12875,-16392,-3517,11663,-5940,5723,4023,-6229,-2206
2014-08-21T22:00:00Z,22.27,22.27,22.21,22.23,12875,-16392,-3517,11663,-5940,5723,4023,-6229,-2206,NaN,NaN,NaN,NaN,NaN,12875,-16392,-3517,11663,-5940,5723,4023,-6229,-2206
2014-08-24T22:00:00Z,22.21,22.24,22.19,22.21,12875,-16392,-3517,11663,-5940,5723,4023,-6229,-2206,NaN,NaN,NaN,NaN,NaN,12875,-16392,-3517,11663,-5940,5723,4023,-6229,-2206
2014-08-25T22:00:00Z,22.15,22.27,22.15,22.26,13827,-17944,-4117,12789,-6014,6775,3801,-6459,-2658,NaN,NaN,NaN,NaN,NaN,13827,-17944,-4117,12789,-6014,6775,3801,-6459,-2658
2014-08-26T22:00:00Z,22.25,22.26,22.22,22.24,13827,-17944,-4117,12789,-6014,6775,3801,-6459,-2658,NaN,NaN,NaN,NaN,NaN,13827,-17944,-4117,12789,-6014,6775,3801,-6459,-2658
2014-08-27T22:00:00Z,22.23,22.25,22.23,22.25,13827,-17944,-4117,12789,-6014,6775,3801,-6459,-2658,NaN,NaN,NaN,NaN,NaN,13827,-17944,-4117,12789,-6014,6775,3801,-6459,-2658
2014-08-28T22:00:00Z,23.83,24.02,23.8,23.96,13827,-17944,-4117,12789,-6014,6775,3801,-6459,-2658,NaN,NaN,NaN,NaN,NaN,13827,-17944,-4117,12789,-6014,6775,3801,-6459,-2658
2014-08-31T22:00:00Z,23.98,24.29,23.98,24.26,14271,-18459,-4188,13469,-6068,7401,3436,-6649,-3213,NaN,NaN,NaN,NaN,NaN,14271,-18459,-4188,13469,-6068,7401,3436,-6649,-3213
2014-09-02T22:00:00Z,24.25,24.33,24.04,24.09,14271,-18459,-4188,13469,-6068,7401,3436,-6649,-3213,NaN,NaN,NaN,NaN,NaN,14271,-18459,-4188,13469,-6068,7401,3436,-6649,-3213
2014-09-03T22:00:00Z,24.09,24.28,23.97,24.24,14271,-18459,-4188,13469,-6068,7401,3436,-6649,-3213,NaN,NaN,NaN,NaN,NaN,14271,-18459,-4188,13469,-6068,7401,3436,-6649,-3213
2014-09-04T22:00:00Z,24.27,24.32,24.08,24.31,14271,-18459,-4188,13469,-6068,7401,3436,-6649,-3213,NaN,NaN,NaN,NaN,NaN,14271,-18459,-4188,13469,-6068,7401,3436,-6649,-3213
2014-09-07T22:00:00Z,24.31,24.47,24.28,24.41,14271,-18459,-4188,13469,-6068,7401,3436,-6649,-3213,NaN,NaN,NaN,NaN,NaN,14271,-18459,-4188,13469,-6068,7401,3436,-6649,-3213
2014-09-08T22:00:00Z,24.41,24.52,24.4,24.46,11946,-15882,-3936,12874,-6414,6460,3527,-6051,-2524,NaN,NaN,NaN,NaN,NaN,11946,-15882,-3936,12874,-6414,6460,3527,-6051,-2524
2014-09-09T22:00:00Z,24.47,24.5,24.41,24.45,11946,-15882,-3936,12874,-6414,6460,3527,-6051,-2524,NaN,NaN,NaN,NaN,NaN,11946,-15882,-3936,12874,-6414,6460,3527,-6051,-2524
2014-09-10T22:00:00Z,24.45,24.51,24.4,24.45,11946,-15882,-3936,12874,-6414,6460,3527,-6051,-2524,NaN,NaN,NaN,NaN,NaN,11946,-15882,-3936,12874,-6414,6460,3527,-6051,-2524
2014-09-11T22:00:00Z,24.47,24.53,24.43,24.49,11946,-15882,-3936,12874,-6414,6460,3527,-6051,-2524,NaN,NaN,NaN,NaN,NaN,11946,-15882,-3936,12874,-6414,6460,3527,-6051,-2524
2014-09-14T22:00:00Z,24.5,24.59,24.48,24.56,11946,-15882,-3936,12874,-6414,6460,3527,-6051,-2524,NaN,NaN,NaN,NaN,NaN,11946,-15882,-3936,12874,-6414,6460,3527,-6051,-2524
2014-09-15T22:00:00Z,24.58,24.59,24.53,24.59,12639,-16990,-4351,14752,-7194,7558,3530,-6737,-3207,NaN,NaN,NaN,NaN,NaN,12639,-16990,-4351,14752,-7194,7558,3530,-6737,-3207
2014-09-16T22:00:00Z,24.57,24.59,24.52,24.52,12639,-16990,-4351,14752,-7194,7558,3530,-6737,-3207,NaN,NaN,NaN,NaN,NaN,12639,-16990,-4351,14752,-7194,7558,3530,-6737,-3207
2014-09-17T22:00:00Z,24.51,24.55,24.5,24.54,12639,-16990,-4351,14752,-7194,7558,3530,-6737,-3207,NaN,NaN,NaN,NaN,NaN,12639,-16990,-4351,14752,-7194,7558,3530,-6737,-3207
2014-09-18T22:00:00Z,24.52,24.55,24.47,24.55,12639,-16990,-4351,14752,-7194,7558,3530,-6737,-3207,NaN,NaN,NaN,NaN,NaN,12639,-16990,-4351,14752,-7194,7558,3530,-6737,-3207
2014-09-21T22:00:00Z,24.55,24.56,24.53,24.55,12639,-16990,-4351,14752,-7194,7558,3530,-6737,-3207,NaN,NaN,NaN,NaN,NaN,12639,-16990,-4351,14752,-7194,7558,3530,-6737,-3207
2014-09-22T22:00:00Z,24.55,24.55,24.55,24.55,13639,-18752,-5113,15542,-6960,8582,3465,-6934,-3469,NaN,NaN,NaN,NaN,NaN,13639,-18752,-5113,15542,-6960,8582,3465,-6934,-3469
2014-09-23T22:00:00Z,24.55,24.58,24.49,24.58,13639,-18752,-5113,15542,-6960,8582,3465,-6934,-3469,NaN,NaN,NaN,NaN,NaN,13639,-18752,-5113,15542,-6960,8582,3465,-6934,-3469
2014-09-24T22:00:00Z,24.58,24.59,24.58,24.59,13639,-18752,-5113,15542,-6960,8582,3465,-6934,-3469,NaN,NaN,NaN,NaN,NaN,13639,-18752,-5113,15542,-6960,8582,3465,-6934,-3469
2014-09-25T22:00:00Z,24.74,24.76,24.2,24.33,13639,-18752,-5113,15542,-6960,8582,3465,-6934,-3469,NaN,NaN,NaN,NaN,NaN,13639,-18752,-5113,15542,-6960,8582,3465,-6934,-3469
2014-09-28T22:00:00Z,24.31,24.46,23.88,24.04,13639,-18752,-5113,15542,-6960,8582,3465,-6934,-3469,NaN,NaN,NaN,NaN,NaN,13639,-18752,-5113,15542,-6960,8582,3465,-6934,-3469
2014-09-29T22:00:00Z,24.03,24.2,23.86,24.19,14361,-20045,-5684,16347,-6574,9773,3391,-7480,-4089,NaN,NaN,NaN,NaN,NaN,14361,-20045,-5684,16347,-6574,9773,3391,-7480,-4089
2014-09-30T22:00:00Z,24.18,24.32,23.91,24,14361,-20045,-5684,16347,-6574,9773,3391,-7480,-4089,NaN,NaN,NaN,NaN,NaN,14361,-20045,-5684,16347,-6574,9773,3391,-7480,-4089
2014-10-01T22:00:00Z,23.96,24.12,23.81,24.05,14361,-20045,-5684,16347,-6574,9773,3391,-7480,-4089,NaN,NaN,NaN,NaN,NaN,14361,-20045,-5684,16347,-6574,9773,3391,-7480,-4089
2014-10-02T22:00:00Z,24.02,24.37,23.85,24.27,14361,-20045,-5684,16347,-6574,9773,3391,-7480,-4089,NaN,NaN,NaN,NaN,NaN,14361,-20045,-5684,16347,-6574,9773,3391,-7480,-4089
2014-10-05T22:00:00Z,24.33,24.34,24.08,24.09,14361,-20045,-5684,16347,-6574,9773,3391,-7480,-4089,NaN,NaN,NaN,NaN,NaN,14361,-20045,-5684,16347,-6574,9773,3391,-7480,-4089
2014-10-06T22:00:00Z,24.06,24.25,23.83,23.9,12667,-19036,-6369,16179,-5834,10345,3518,-7494,-3976,NaN,NaN,NaN,NaN,NaN,12667,-19036,-6369,16179,-5834,10345,3518,-7494,-3976
2014-10-07T22:00:00Z,23.88,24.06,23.83,24.06,12667,-19036,-6369,16179,-5834,10345,3518,-7494,-3976,NaN,NaN,NaN,NaN,NaN,12667,-19036,-6369,16179,-5834,10345,3518,-7494,-3976
2014-10-08T22:00:00Z,24.1,24.18,24.03,24.13,12667,-19036,-6369,16179,-5834,10345,3518,-7494,-3976,NaN,NaN,NaN,NaN,NaN,12667,-19036,-6369,16179,-5834,10345,3518,-7494,-3976
2014-10-09T22:00:00Z,24.14,24.18,24.07,24.1,12667,-19036,-6369,16179,-5834,10345,3518,-7494,-3976,NaN,NaN,NaN,NaN,NaN,12667,-19036,-6369,16179,-5834,10345,3518,-7494,-3976
2014-10-12T22:00:00Z,24.1,24.16,24.07,24.1,12667,-19036,-6369,16179,-5834,10345,3518,-7494,-3976,NaN,NaN,NaN,NaN,NaN,12667,-19036,-6369,16179,-5834,10345,3518,-7494,-3976
2014-10-13T22:00:00Z,24.08,24.24,24.05,24.21,13622,-20034,-6412,17187,-6507,10680,3619,-7887,-4268,NaN,NaN,NaN,NaN,NaN,13622,-20034,-6412,17187,-6507,10680,3619,-7887,-4268
2014-10-14T22:00:00Z,24.21,24.23,24.08,24.12,13622,-20034,-6412,17187,-6507,10680,3619,-7887,-4268,NaN,NaN,NaN,NaN,NaN,13622,-20034,-6412,17187,-6507,10680,3619,-7887,-4268
2014-10-15T22:00:00Z,24.11,24.2,23.98,24,13622,-20034,-6412,17187,-6507,10680,3619,-7887,-4268,NaN,NaN,NaN,NaN,NaN,13622,-20034,-6412,17187,-6507,10680,3619,-7887,-4268
2014-10-16T22:00:00Z,24,24,23.95,23.96,13622,-20034,-6412,17187,-6507,10680,3619,-7887,-4268,NaN,NaN,NaN,NaN,NaN,13622,-20034,-6412,17187,-6507,10680,3619,-7887,-4268
2014-10-19T22:00:00Z,23.97,23.99,23.95,23.97,13622,-20034,-6412,17187,-6507,10680,3619,-7887,-4268,NaN,NaN,NaN,NaN,NaN,13622,-20034,-6412,17187,-6507,10680,3619,-7887,-4268
2014-10-20T22:00:00Z,23.98,24,23.95,23.97,15502,-21171,-5669,18672,-6820,11852,2195,-8378,-6183,NaN,NaN,NaN,NaN,NaN,15502,-21171,-5669,18672,-6820,11852,2195,-8378,-6183
2014-10-21T22:00:00Z,23.97,23.99,23.93,23.98,15502,-21171,-5669,18672,-6820,11852,2195,-8378,-6183,NaN,NaN,NaN,NaN,NaN,15502,-21171,-5669,18672,-6820,11852,2195,-8378,-6183
2014-10-22T22:00:00Z,23.96,23.98,23.91,23.94,15502,-21171,-5669,18672,-6820,11852,2195,-8378,-6183,NaN,NaN,NaN,NaN,NaN,15502,-21171,-5669,18672,-6820,11852,2195,-8378,-6183
2014-10-23T22:00:00Z,23.92,23.94,23.86,23.88,15502,-21171,-5669,18672,-6820,11852,2195,-8378,-6183,NaN,NaN,NaN,NaN,NaN,15502,-21171,-5669,18672,-6820,11852,2195,-8378,-6183
2014-10-26T22:00:00Z,23.88,23.94,23.88,23.9,15502,-21171,-5669,18672,-6820,11852,2195,-8378,-6183,NaN,NaN,NaN,NaN,NaN,15502,-21171,-5669,18672,-6820,11852,2195,-8378,-6183
2014-10-27T22:00:00Z,23.89,23.9,23.88,23.9,16155,-23336,-7181,19650,-5510,14140,2009,-8968,-6959,NaN,NaN,NaN,NaN,NaN,16155,-23336,-7181,19650,-5510,14140,2009,-8968,-6959
2014-10-28T22:00:00Z,23.9,23.9,23.79,23.79,16155,-23336,-7181,19650,-5510,14140,2009,-8968,-6959,NaN,NaN,NaN,NaN,NaN,16155,-23336,-7181,19650,-5510,14140,2009,-8968,-6959
2014-10-29T22:00:00Z,23.8,23.8,23.77,23.79,16155,-23336,-7181,19650,-5510,14140,2009,-8968,-6959,NaN,NaN,NaN,NaN,NaN,16155,-23336,-7181,19650,-5510,14140,2009,-8968,-6959
2014-10-30T22:00:00Z,21.36,21.36,21.06,21.3,16155,-23336,-7181,19650,-5510,14140,2009,-8968,-6959,NaN,NaN,NaN,NaN,NaN,16155,-23336,-7181,19650,-5510,14140,2009,-8968,-6959
2014-11-02T23:00:00Z,21.3,21.36,21.18,21.31,16155,-23336,-7181,19650,-5510,14140,2009,-8968,-6959,NaN,NaN,NaN,NaN,NaN,16155,-23336,-7181,19650,-5510,14140,2009,-8968,-6959
2014-11-03T23:00:00Z,21.3,21.48,21.23,21.4,16697,-24271,-7574,20865,-5994,14871,2061,-9358,-7297,NaN,NaN,NaN,NaN,NaN,16697,-24271,-7574,20865,-5994,14871,2061,-9358,-7297
2014-11-04T23:00:00Z,21.42,22.04,21.42,22,16697,-24271,-7574,20865,-5994,14871,2061,-9358,-7297,NaN,NaN,NaN,NaN,NaN,16697,-24271,-7574,20865,-5994,14871,2061,-9358,-7297
2014-11-05T23:00:00Z,21.98,22.33,21.84,21.9,16697,-24271,-7574,20865,-5994,14871,2061,-9358,-7297,NaN,NaN,NaN,NaN,NaN,16697,-24271,-7574,20865,-5994,14871,2061,-9358,-7297
2014-11-06T23:00:00Z,21.86,21.87,21.65,21.84,16697,-24271,-7574,20865,-5994,14871,2061,-9358,-7297,NaN,NaN,NaN,NaN,NaN,16697,-24271,-7574,20865,-5994,14871,2061,-9358,-7297
2014-11-09T23:00:00Z,21.83,21.85,21.62,21.8,16697,-24271,-7574,20865,-5994,14871,2061,-9358,-7297,NaN,NaN,NaN,NaN,NaN,16697,-24271,-7574,20865,-5994,14871,2061,-9358,-7297
2014-11-10T23:00:00Z,21.79,21.8,21.57,21.67,15332,-21604,-6272,19652,-6170,13482,1755,-8965,-7210,NaN,NaN,NaN,NaN,NaN,15332,-21604,-6272,19652,-6170,13482,1755,-8965,-7210
2014-11-11T23:00:00Z,21.65,21.7,21.55,21.65,15332,-21604,-6272,19652,-6170,13482,1755,-8965,-7210,NaN,NaN,NaN,NaN,NaN,15332,-21604,-6272,19652,-6170,13482,1755,-8965,-7210
2014-11-12T23:00:00Z,21.65,21.78,21.56,21.75,15332,-21604,-6272,19652,-6170,13482,1755,-8965,-7210,NaN,NaN,NaN,NaN,NaN,15332,-21604,-6272,19652,-6170,13482,1755,-8965,-7210
2014-11-13T23:00:00Z,21.73,21.81,21.73,21.78,15332,-21604,-6272,19652,-6170,13482,1755,-8965,-7210,NaN,NaN,NaN,NaN,NaN,15332,-21604,-6272,19652,-6170,13482,1755,-8965,-7210
2014-11-16T23:00:00Z,21.79,21.83,21.75,21.77,15332,-21604,-6272,19652,-6170,13482,1755,-8965,-7210,NaN,NaN,NaN,NaN,NaN,15332,-21604,-6272,19652,-6170,13482,1755,-8965,-7210
2014-11-17T23:00:00Z,21.75,21.78,21.74,21.76,15635,-22388,-6753,21415,-6753,14662,1592,-9501,-7909,NaN,NaN,NaN,NaN,NaN,15635,-22388,-6753,21415,-6753,14662,1592,-9501,-7909
2014-11-18T23:00:00Z,21.77,21.99,21.76,21.97,15635,-22388,-6753,21415,-6753,14662,1592,-9501,-7909,NaN,NaN,NaN,NaN,NaN,15635,-22388,-6753,21415,-6753,14662,1592,-9501,-7909
2014-11-19T23:00:00Z,21.97,21.97,21.87,21.92,15635,-22388,-6753,21415,-6753,14662,1592,-9501,-7909,NaN,NaN,NaN,NaN,NaN,15635,-22388,-6753,21415,-6753,14662,1592,-9501,-7909
2014-11-20T23:00:00Z,21.92,21.94,21.86,21.9,15635,-22388,-6753,21415,-6753,14662,1592,-9501,-7909,NaN,NaN,NaN,NaN,NaN,15635,-22388,-6753,21415,-6753,14662,1592,-9501,-7909
2014-11-23T23:00:00Z,21.87,21.91,21.87,21.91,15635,-22388,-6753,21415,-6753,14662,1592,-9501,-7909,NaN,NaN,NaN,NaN,NaN,15635,-22388,-6753,21415,-6753,14662,1592,-9501,-7909
2014-11-24T23:00:00Z,21.9,21.91,21.88,21.9,15962,-23615,-7653,23057,-7103,15954,1509,-9810,-8301,NaN,NaN,NaN,NaN,NaN,15962,-23615,-7653,23057,-7103,15954,1509,-9810,-8301
2014-11-25T23:00:00Z,21.89,21.93,21.85,21.89,15962,-23615,-7653,23057,-7103,15954,1509,-9810,-8301,NaN,NaN,NaN,NaN,NaN,15962,-23615,-7653,23057,-7103,15954,1509,-9810,-8301
2014-11-26T23:00:00Z,18,18,18,18,15962,-23615,-7653,23057,-7103,15954,1509,-9810,-8301,NaN,NaN,NaN,NaN,NaN,15962,-23615,-7653,23057,-7103,15954,1509,-9810,-8301
2014-11-30T23:00:00Z,18,18.05,17.65,17.78,15962,-23615,-7653,23057,-7103,15954,1509,-9810,-8301,NaN,NaN,NaN,NaN,NaN,15962,-23615,-7653,23057,-7103,15954,1509,-9810,-8301
2014-12-01T23:00:00Z,17.77,17.99,17.57,17.9,16534,-24396,-7862,24568,-8205,16363,1511,-10012,-8501,NaN,NaN,NaN,NaN,NaN,16534,-24396,-7862,24568,-8205,16363,1511,-10012,-8501
2014-12-02T23:00:00Z,17.87,17.98,17.76,17.95,16534,-24396,-7862,24568,-8205,16363,1511,-10012,-8501,NaN,NaN,NaN,NaN,NaN,16534,-24396,-7862,24568,-8205,16363,1511,-10012,-8501
2014-12-03T23:00:00Z,17.91,17.96,17.72,17.8,16534,-24396,-7862,24568,-8205,16363,1511,-10012,-8501,NaN,NaN,NaN,NaN,NaN,16534,-24396,-7862,24568,-8205,16363,1511,-10012,-8501
2014-12-04T23:00:00Z,17.75,17.86,17.67,17.8,16534,-24396,-7862,24568,-8205,16363,1511,-10012,-8501,NaN,NaN,NaN,NaN,NaN,16534,-24396,-7862,24568,-8205,16363,1511,-10012,-8501
2014-12-07T23:00:00Z,17.78,17.85,17.75,17.84,16534,-24396,-7862,24568,-8205,16363,1511,-10012,-8501,NaN,NaN,NaN,NaN,NaN,16534,-24396,-7862,24568,-8205,16363,1511,-10012,-8501
2014-12-08T23:00:00Z,17.8,17.87,17.78,17.85,15416,-22346,-6930,24241,-7886,16355,1247,-10672,-9425,NaN,NaN,NaN,NaN,NaN,15416,-22346,-6930,24241,-7886,16355,1247,-10672,-9425
2014-12-09T23:00:00Z,17.87,17.9,17.73,17.76,15416,-22346,-6930,24241,-7886,16355,1247,-10672,-9425,NaN,NaN,NaN,NaN,NaN,15416,-22346,-6930,24241,-7886,16355,1247,-10672,-9425
2014-12-10T23:00:00Z,17.75,17.79,17.72,17.79,15416,-22346,-6930,24241,-7886,16355,1247,-10672,-9425,NaN,NaN,NaN,NaN,NaN,15416,-22346,-6930,24241,-7886,16355,1247,-10672,-9425
2014-12-11T23:00:00Z,17.78,17.8,17.75,17.75,15416,-22346,-6930,24241,-7886,16355,1247,-10672,-9425,NaN,NaN,NaN,NaN,NaN,15416,-22346,-6930,24241,-7886,16355,1247,-10672,-9425
2014-12-14T23:00:00Z,17.75,17.78,17.75,17.78,15416,-22346,-6930,24241,-7886,16355,1247,-10672,-9425,NaN,NaN,NaN,NaN,NaN,15416,-22346,-6930,24241,-7886,16355,1247,-10672,-9425
2014-12-15T23:00:00Z,17.78,17.81,17.77,17.79,16118,-24380,-8262,26822,-8693,18129,1320,-11187,-9867,NaN,NaN,NaN,NaN,NaN,16118,-24380,-8262,26822,-8693,18129,1320,-11187,-9867
2014-12-16T23:00:00Z,17.79,17.82,17.76,17.78,16118,-24380,-8262,26822,-8693,18129,1320,-11187,-9867,NaN,NaN,NaN,NaN,NaN,16118,-24380,-8262,26822,-8693,18129,1320,-11187,-9867
2014-12-17T23:00:00Z,17.78,17.79,17.76,17.78,16118,-24380,-8262,26822,-8693,18129,1320,-11187,-9867,NaN,NaN,NaN,NaN,NaN,16118,-24380,-8262,26822,-8693,18129,1320,-11187,-9867
2014-12-18T23:00:00Z,17.77,17.78,17.72,17.74,16118,-24380,-8262,26822,-8693,18129,1320,-11187,-9867,NaN,NaN,NaN,NaN,NaN,16118,-24380,-8262,26822,-8693,18129,1320,-11187,-9867
2014-12-21T23:00:00Z,17.75,17.75,17.7,17.71,16118,-24380,-8262,26822,-8693,18129,1320,-11187,-9867,NaN,NaN,NaN,NaN,NaN,16118,-24380,-8262,26822,-8693,18129,1320,-11187,-9867
2014-12-22T23:00:00Z,17.71,17.74,17.71,17.74,17136,-25590,-8454,27675,-9169,18506,1360,-11412,-10052,NaN,NaN,NaN,NaN,NaN,17136,-25590,-8454,27675,-9169,18506,1360,-11412,-10052
2014-12-23T23:00:00Z,17.74,17.76,17.71,17.73,17136,-25590,-8454,27675,-9169,18506,1360,-11412,-10052,NaN,NaN,NaN,NaN,NaN,17136,-25590,-8454,27675,-9169,18506,1360,-11412,-10052
2014-12-24T23:00:00Z,15.95,16.1,15.72,15.77,17136,-25590,-8454,27675,-9169,18506,1360,-11412,-10052,NaN,NaN,NaN,NaN,NaN,17136,-25590,-8454,27675,-9169,18506,1360,-11412,-10052
2014-12-28T23:00:00Z,15.7,15.9,15.62,15.77,17136,-25590,-8454,27675,-9169,18506,1360,-11412,-10052,NaN,NaN,NaN,NaN,NaN,17136,-25590,-8454,27675,-9169,18506,1360,-11412,-10052
2014-12-29T23:00:00Z,15.8,16,15.68,15.95,17577,-25782,-8205,27786,-9464,18322,1334,-11451,-10117,NaN,NaN,NaN,NaN,NaN,17577,-25782,-8205,27786,-9464,18322,1334,-11451,-10117
2014-12-30T23:00:00Z,16,16.17,15.86,15.93,17577,-25782,-8205,27786,-9464,18322,1334,-11451,-10117,NaN,NaN,NaN,NaN,NaN,17577,-25782,-8205,27786,-9464,18322,1334,-11451,-10117
2014-12-31T23:00:00Z,15.92,16.06,15.83,15.92,17577,-25782,-8205,27786,-9464,18322,1334,-11451,-10117,NaN,NaN,NaN,NaN,NaN,17577,-25782,-8205,27786,-9464,18322,1334,-11451,-10117
2015-01-04T23:00:00Z,15.92,15.92,15.71,15.77,17577,-25782,-8205,27786,-9464,18322,1334,-11451,-10117,NaN,NaN,NaN,NaN,NaN,17577,-25782,-8205,27786,-9464,18322,1334,-11451,-10117
2015-01-05T23:00:00Z,15.76,15.78,15.62,15.68,15425,-23261,-7836,26267,-9283,16984,1659,-10807,-9148,NaN,NaN,NaN,NaN,NaN,15425,-23261,-7836,26267,-9283,16984,1659,-10807,-9148
2015-01-06T23:00:00Z,15.65,16.11,15.58,15.97,15425,-23261,-7836,26267,-9283,16984,1659,-10807,-9148,NaN,NaN,NaN,NaN,NaN,15425,-23261,-7836,26267,-9283,16984,1659,-10807,-9148
2015-01-07T23:00:00Z,15.96,16.09,15.96,15.99,15425,-23261,-7836,26267,-9283,16984,1659,-10807,-9148,NaN,NaN,NaN,NaN,NaN,15425,-23261,-7836,26267,-9283,16984,1659,-10807,-9148
2015-01-08T23:00:00Z,16.01,16.04,15.96,15.98,15425,-23261,-7836,26267,-9283,16984,1659,-10807,-9148,NaN,NaN,NaN,NaN,NaN,15425,-23261,-7836,26267,-9283,16984,1659,-10807,-9148
2015-01-11T23:00:00Z,15.97,16.14,15.91,16.08,15425,-23261,-7836,26267,-9283,16984,1659,-10807,-9148,NaN,NaN,NaN,NaN,NaN,15425,-23261,-7836,26267,-9283,16984,1659,-10807,-9148
2015-01-12T23:00:00Z,16.11,16.14,16.07,16.09,16006,-23990,-7984,27201,-9583,17618,1542,-11176,-9634,NaN,NaN,NaN,NaN,NaN,16006,-23990,-7984,27201,-9583,17618,1542,-11176,-9634
2015-01-13T23:00:00Z,16.08,16.09,15.88,15.98,16006,-23990,-7984,27201,-9583,17618,1542,-11176,-9634,NaN,NaN,NaN,NaN,NaN,16006,-23990,-7984,27201,-9583,17618,1542,-11176,-9634
2015-01-14T23:00:00Z,15.97,16.07,15.97,16.02,16006,-23990,-7984,27201,-9583,17618,1542,-11176,-9634,NaN,NaN,NaN,NaN,NaN,16006,-23990,-7984,27201,-9583,17618,1542,-11176,-9634
2015-01-15T23:00:00Z,16.01,16.06,16,16.02,16006,-23990,-7984,27201,-9583,17618,1542,-11176,-9634,NaN,NaN,NaN,NaN,NaN,16006,-23990,-7984,27201,-9583,17618,1542,-11176,-9634
2015-01-18T23:00:00Z,16.01,16.01,16.01,16.01,16153,-24681,-8528,28919,-10822,18097,1502,-11071,-9569,NaN,NaN,NaN,NaN,NaN,16153,-24681,-8528,28919,-10822,18097,1502,-11071,-9569
2015-01-20T23:00:00Z,16.01,16.09,16.01,16.06,16153,-24681,-8528,28919,-10822,18097,1502,-11071,-9569,NaN,NaN,NaN,NaN,NaN,16153,-24681,-8528,28919,-10822,18097,1502,-11071,-9569
2015-01-21T23:00:00Z,16.05,16.13,16,16.12,16153,-24681,-8528,28919,-10822,18097,1502,-11071,-9569,NaN,NaN,NaN,NaN,NaN,16153,-24681,-8528,28919,-10822,18097,1502,-11071,-9569
2015-01-22T23:00:00Z,16.11,16.13,16.08,16.08,16153,-24681,-8528,28919,-10822,18097,1502,-11071,-9569,NaN,NaN,NaN,NaN,NaN,16153,-24681,-8528,28919,-10822,18097,1502,-11071,-9569
2015-01-25T23:00:00Z,16.11,16.13,16.09,16.13,16153,-24681,-8528,28919,-10822,18097,1502,-11071,-9569,NaN,NaN,NaN,NaN,NaN,16153,-24681,-8528,28919,-10822,18097,1502,-11071,-9569
2015-01-26T23:00:00Z,16.13,16.13,16.1,16.12,16375,-25002,-8627,29184,-11332,17852,1554,-10779,-9225,NaN,NaN,NaN,NaN,NaN,16375,-25002,-8627,29184,-11332,17852,1554,-10779,-9225
2015-01-27T23:00:00Z,16.1,16.15,16.09,16.14,16375,-25002,-8627,29184,-11332,17852,1554,-10779,-9225,NaN,NaN,NaN,NaN,NaN,16375,-25002,-8627,29184,-11332,17852,1554,-10779,-9225
2015-01-28T23:00:00Z,16.14,16.19,16.14,16.17,16375,-25002,-8627,29184,-11332,17852,1554,-10779,-9225,NaN,NaN,NaN,NaN,NaN,16375,-25002,-8627,29184,-11332,17852,1554,-10779,-9225
2015-01-29T23:00:00Z,16.1,16.38,15.92,16,16375,-25002,-8627,29184,-11332,17852,1554,-10779,-9225,NaN,NaN,NaN,NaN,NaN,16375,-25002,-8627,29184,-11332,17852,1554,-10779,-9225
2015-02-01T23:00:00Z,16.05,16.15,15.8,15.86,16375,-25002,-8627,29184,-11332,17852,1554,-10779,-9225,NaN,NaN,NaN,NaN,NaN,16375,-25002,-8627,29184,-11332,17852,1554,-10779,-9225
2015-02-02T23:00:00Z,15.84,16,15.84,15.93,17082,-26086,-9004,29067,-10972,18095,1629,-10720,-9091,NaN,NaN,NaN,NaN,NaN,17082,-26086,-9004,29067,-10972,18095,1629,-10720,-9091
2015-02-03T23:00:00Z,15.9,15.91,15.72,15.81,17082,-26086,-9004,29067,-10972,18095,1629,-10720,-9091,NaN,NaN,NaN,NaN,NaN,17082,-26086,-9004,29067,-10972,18095,1629,-10720,-9091
2015-02-04T23:00:00Z,15.75,15.86,15.71,15.83,17082,-26086,-9004,29067,-10972,18095,1629,-10720,-9091,NaN,NaN,NaN,NaN,NaN,17082,-26086,-9004,29067,-10972,18095,1629,-10720,-9091
2015-02-05T23:00:00Z,15.84,15.94,15.79,15.88,17082,-26086,-9004,29067,-10972,18095,1629,-10720,-9091,NaN,NaN,NaN,NaN,NaN,17082,-26086,-9004,29067,-10972,18095,1629,-10720,-9091
2015-02-08T23:00:00Z,15.86,15.91,15.76,15.78,17082,-26086,-9004,29067,-10972,18095,1629,-10720,-9091,NaN,NaN,NaN,NaN,NaN,17082,-26086,-9004,29067,-10972,18095,1629,-10720,-9091
2015-02-09T23:00:00Z,15.78,15.83,15.75,15.77,16653,-20151,-3498,25690,-10694,14996,1679,-13177,-11498,NaN,NaN,NaN,NaN,NaN,16653,-20151,-3498,25690,-10694,14996,1679,-13177,-11498
2015-02-10T23:00:00Z,15.76,15.82,15.71,15.8,16653,-20151,-3498,25690,-10694,14996,1679,-13177,-11498,NaN,NaN,NaN,NaN,NaN,16653,-20151,-3498,25690,-10694,14996,1679,-13177,-11498
2015-02-11T23:00:00Z,15.77,15.8,15.75,15.78,16653,-20151,-3498,25690,-10694,14996,1679,-13177,-11498,NaN,NaN,NaN,NaN,NaN,16653,-20151,-3498,25690,-10694,14996,1679,-13177,-11498
2015-02-12T23:00:00Z,15.75,15.8,15.72,15.74,16653,-20151,-3498,25690,-10694,14996,1679,-13177,-11498,NaN,NaN,NaN,NaN,NaN,16653,-20151,-3498,25690,-10694,14996,1679,-13177,-11498
2015-02-15T23:00:00Z,15.75,15.78,15.72,15.75,16927,-20739,-3812,25385,-10586,14799,1770,-12757,-10987,NaN,NaN,NaN,NaN,NaN,16927,-20739,-3812,25385,-10586,14799,1770,-12757,-10987
2015-02-17T23:00:00Z,15.73,15.77,15.73,15.75,16927,-20739,-3812,25385,-10586,14799,1770,-12757,-10987,NaN,NaN,NaN,NaN,NaN,16927,-20739,-3812,25385,-10586,14799,1770,-12757,-10987
2015-02-18T23:00:00Z,15.74,15.76,15.6,15.62,16927,-20739,-3812,25385,-10586,14799,1770,-12757,-10987,NaN,NaN,NaN,NaN,NaN,16927,-20739,-3812,25385,-10586,14799,1770,-12757,-10987
2015-02-19T23:00:00Z,15.61,15.62,15.54,15.54,16927,-20739,-3812,25385,-10586,14799,1770,-12757,-10987,NaN,NaN,NaN,NaN,NaN,16927,-20739,-3812,25385,-10586,14799,1770,-12757,-10987
2015-02-22T23:00:00Z,15.51,15.51,15.48,15.5,16927,-20739,-3812,25385,-10586,14799,1770,-12757,-10987,NaN,NaN,NaN,NaN,NaN,16927,-20739,-3812,25385,-10586,14799,1770,-12757,-10987
2015-02-23T23:00:00Z,15.51,15.51,15.49,15.51,17740,-21161,-3421,24400,-10554,13846,1937,-12362,-10425,NaN,NaN,NaN,NaN,NaN,17740,-21161,-3421,24400,-10554,13846,1937,-12362,-10425
2015-02-24T23:00:00Z,15.51,15.52,15.49,15.5,17740,-21161,-3421,24400,-10554,13846,1937,-12362,-10425,NaN,NaN,NaN,NaN,NaN,17740,-21161,-3421,24400,-10554,13846,1937,-12362,-10425
2015-02-25T23:00:00Z,15.49,15.51,15.49,15.49,17740,-21161,-3421,24400,-10554,13846,1937,-12362,-10425,NaN,NaN,NaN,NaN,NaN,17740,-21161,-3421,24400,-10554,13846,1937,-12362,-10425
2015-02-26T23:00:00Z,15.58,16.12,15.44,15.71,17740,-21161,-3421,24400,-10554,13846,1937,-12362,-10425,NaN,NaN,NaN,NaN,NaN,17740,-21161,-3421,24400,-10554,13846,1937,-12362,-10425
2015-03-01T23:00:00Z,15.8,15.85,15.43,15.44,17740,-21161,-3421,24400,-10554,13846,1937,-12362,-10425,NaN,NaN,NaN,NaN,NaN,17740,-21161,-3421,24400,-10554,13846,1937,-12362,-10425
2015-03-02T23:00:00Z,15.46,15.65,15.44,15.5,18353,-21397,-3044,24323,-11225,13098,2066,-12120,-10054,NaN,NaN,NaN,NaN,NaN,18353,-21397,-3044,24323,-11225,13098,2066,-12120,-10054
2015-03-03T23:00:00Z,15.46,15.65,15.37,15.39,18353,-21397,-3044,24323,-11225,13098,2066,-12120,-10054,NaN,NaN,NaN,NaN,NaN,18353,-21397,-3044,24323,-11225,13098,2066,-12120,-10054
2015-03-04T23:00:00Z,15.38,15.56,15.36,15.47,18353,-21397,-3044,24323,-11225,13098,2066,-12120,-10054,NaN,NaN,NaN,NaN,NaN,18353,-21397,-3044,24323,-11225,13098,2066,-12120,-10054
2015-03-05T23:00:00Z,15.47,15.5,15.38,15.42,18353,-21397,-3044,24323,-11225,13098,2066,-12120,-10054,NaN,NaN,NaN,NaN,NaN,18353,-21397,-3044,24323,-11225,13098,2066,-12120,-10054
2015-03-08T22:00:00Z,15.4,15.46,15.4,15.44,18353,-21397,-3044,24323,-11225,13098,2066,-12120,-10054,NaN,NaN,NaN,NaN,NaN,18353,-21397,-3044,24323,-11225,13098,2066,-12120,-10054
2015-03-09T22:00:00Z,15.46,15.49,15.41,15.44,16710,-19605,-2895,21580,-9188,12392,1937,-11434,-9497,NaN,NaN,NaN,NaN,NaN,16710,-19605,-2895,21580,-9188,12392,1937,-11434,-9497
2015-03-10T22:00:00Z,15.45,15.56,15.41,15.51,16710,-19605,-2895,21580,-9188,12392,1937,-11434,-9497,NaN,NaN,NaN,NaN,NaN,16710,-19605,-2895,21580,-9188,12392,1937,-11434,-9497
2015-03-11T22:00:00Z,15.51,15.54,15.46,15.51,16710,-19605,-2895,21580,-9188,12392,1937,-11434,-9497,NaN,NaN,NaN,NaN,NaN,16710,-19605,-2895,21580,-9188,12392,1937,-11434,-9497
2015-03-12T22:00:00Z,15.52,15.55,15.49,15.5,16710,-19605,-2895,21580,-9188,12392,1937,-11434,-9497,NaN,NaN,NaN,NaN,NaN,16710,-19605,-2895,21580,-9188,12392,1937,-11434,-9497
2015-03-15T22:00:00Z,15.51,15.51,15.5,15.5,16710,-19605,-2895,21580,-9188,12392,1937,-11434,-9497,NaN,NaN,NaN,NaN,NaN,16710,-19605,-2895,21580,-9188,12392,1937,-11434,-9497
2015-03-16T22:00:00Z,15.51,15.53,15.5,15.53,17440,-19663,-2223,21672,-9687,11985,2144,-11906,-9762,NaN,NaN,NaN,NaN,NaN,17440,-19663,-2223,21672,-9687,11985,2144,-11906,-9762
2015-03-17T22:00:00Z,15.54,15.58,15.52,15.56,17440,-19663,-2223,21672,-9687,11985,2144,-11906,-9762,NaN,NaN,NaN,NaN,NaN,17440,-19663,-2223,21672,-9687,11985,2144,-11906,-9762
2015-03-18T22:00:00Z,15.54,15.57,15.54,15.54,17440,-19663,-2223,21672,-9687,11985,2144,-11906,-9762,NaN,NaN,NaN,NaN,NaN,17440,-19663,-2223,21672,-9687,11985,2144,-11906,-9762
2015-03-19T22:00:00Z,15.54,15.55,15.51,15.54,17440,-19663,-2223,21672,-9687,11985,2144,-11906,-9762,NaN,NaN,NaN,NaN,NaN,17440,-19663,-2223,21672,-9687,11985,2144,-11906,-9762
2015-03-22T22:00:00Z,15.53,15.54,15.51,15.54,17440,-19663,-2223,21672,-9687,11985,2144,-11906,-9762,NaN,NaN,NaN,NaN,NaN,17440,-19663,-2223,21672,-9687,11985,2144,-11906,-9762
2015-03-23T22:00:00Z,15.54,15.56,15.52,15.55,17902,-20062,-2160,22271,-9854,12417,1963,-12220,-10257,NaN,NaN,NaN,NaN,NaN,17902,-20062,-2160,22271,-9854,12417,1963,-12220,-10257
2015-03-24T22:00:00Z,15.54,15.55,15.52,15.52,17902,-20062,-2160,22271,-9854,12417,1963,-12220,-10257,NaN,NaN,NaN,NaN,NaN,17902,-20062,-2160,22271,-9854,12417,1963,-12220,-10257
2015-03-25T22:00:00Z,15.52,15.54,15.5,15.53,17902,-20062,-2160,22271,-9854,12417,1963,-12220,-10257,NaN,NaN,NaN,NaN,NaN,17902,-20062,-2160,22271,-9854,12417,1963,-12220,-10257
2015-03-26T22:00:00Z,15.47,15.67,15.47,15.55,17902,-20062,-2160,22271,-9854,12417,1963,-12220,-10257,NaN,NaN,NaN,NaN,NaN,17902,-20062,-2160,22271,-9854,12417,1963,-12220,-10257
2015-03-29T22:00:00Z,15.55,15.64,15.51,15.59,17902,-20062,-2160,22271,-9854,12417,1963,-12220,-10257,NaN,NaN,NaN,NaN,NaN,17902,-20062,-2160,22271,-9854,12417,1963,-12220,-10257
2015-03-30T22:00:00Z,15.61,15.78,15.61,15.69,18121,-20282,-2161,21939,-9708,12231,1990,-12060,-10070,NaN,NaN,NaN,NaN,NaN,18121,-20282,-2161,21939,-9708,12231,1990,-12060,-10070
2015-03-31T22:00:00Z,15.64,15.68,15.51,15.58,18121,-20282,-2161,21939,-9708,12231,1990,-12060,-10070,NaN,NaN,NaN,NaN,NaN,18121,-20282,-2161,21939,-9708,12231,1990,-12060,-10070
2015-04-01T22:00:00Z,15.57,15.67,15.57,15.63,18121,-20282,-2161,21939,-9708,12231,1990,-12060,-10070,NaN,NaN,NaN,NaN,NaN,18121,-20282,-2161,21939,-9708,12231,1990,-12060,-10070
2015-04-05T22:00:00Z,15.63,15.64,15.59,15.61,18121,-20282,-2161,21939,-9708,12231,1990,-12060,-10070,NaN,NaN,NaN,NaN,NaN,18121,-20282,-2161,21939,-9708,12231,1990,-12060,-10070
2015-04-06T22:00:00Z,15.61,15.68,15.61,15.64,15878,-17744,-1866,19195,-8178,11017,2047,-11198,-9151,NaN,NaN,NaN,NaN,NaN,15878,-17744,-1866,19195,-8178,11017,2047,-11198,-9151
2015-04-07T22:00:00Z,15.66,15.68,15.61,15.65,15878,-17744,-1866,19195,-8178,11017,2047,-11198,-9151,NaN,NaN,NaN,NaN,NaN,15878,-17744,-1866,19195,-8178,11017,2047,-11198,-9151
2015-04-08T22:00:00Z,15.67,15.68,15.65,15.67,15878,-17744,-1866,19195,-8178,11017,2047,-11198,-9151,NaN,NaN,NaN,NaN,NaN,15878,-17744,-1866,19195,-8178,11017,2047,-11198,-9151
2015-04-09T22:00:00Z,15.66,15.71,15.65,15.69,15878,-17744,-1866,19195,-8178,11017,2047,-11198,-9151,NaN,NaN,NaN,NaN,NaN,15878,-17744,-1866,19195,-8178,11017,2047,-11198,-9151
2015-04-12T22:00:00Z,15.67,15.68,15.66,15.66,15878,-17744,-1866,19195,-8178,11017,2047,-11198,-9151,NaN,NaN,NaN,NaN,NaN,15878,-17744,-1866,19195,-8178,11017,2047,-11198,-9151
2015-04-13T22:00:00Z,15.66,15.66,15.66,15.66,15896,-17803,-1907,19282,-8174,11108,2097,-11298,-9201,NaN,NaN,NaN,NaN,NaN,15896,-17803,-1907,19282,-8174,11108,2097,-11298,-9201
2015-04-14T22:00:00Z,15.66,15.79,15.66,15.78,15896,-17803,-1907,19282,-8174,11108,2097,-11298,-9201,NaN,NaN,NaN,NaN,NaN,15896,-17803,-1907,19282,-8174,11108,2097,-11298,-9201
2015-04-15T22:00:00Z,15.76,15.78,15.75,15.78,15896,-17803,-1907,19282,-8174,11108,2097,-11298,-9201,NaN,NaN,NaN,NaN,NaN,15896,-17803,-1907,19282,-8174,11108,2097,-11298,-9201
2015-04-16T22:00:00Z,15.77,15.83,15.77,15.81,15896,-17803,-1907,19282,-8174,11108,2097,-11298,-9201,NaN,NaN,NaN,NaN,NaN,15896,-17803,-1907,19282,-8174,11108,2097,-11298,-9201
2015-04-19T22:00:00Z,15.82,15.86,15.82,15.84,15896,-17803,-1907,19282,-8174,11108,2097,-11298,-9201,NaN,NaN,NaN,NaN,NaN,15896,-17803,-1907,19282,-8174,11108,2097,-11298,-9201
2015-04-20T22:00:00Z,15.86,15.86,15.84,15.85,15934,-18317,-2383,19645,-9065,10580,2284,-10481,-8197,NaN,NaN,NaN,NaN,NaN,15934,-18317,-2383,19645,-9065,10580,2284,-10481,-8197
2015-04-21T22:00:00Z,15.86,15.86,15.77,15.8,15934,-18317,-2383,19645,-9065,10580,2284,-10481,-8197,NaN,NaN,NaN,NaN,NaN,15934,-18317,-2383,19645,-9065,10580,2284,-10481,-8197
2015-04-22T22:00:00Z,15.8,15.83,15.79,15.81,15934,-18317,-2383,19645,-9065,10580,2284,-10481,-8197,NaN,NaN,NaN,NaN,NaN,15934,-18317,-2383,19645,-9065,10580,2284,-10481,-8197
2015-04-23T22:00:00Z,16.67,16.81,16.59,16.61,15934,-18317,-2383,19645,-9065,10580,2284,-10481,-8197,NaN,NaN,NaN,NaN,NaN,15934,-18317,-2383,19645,-9065,10580,2284,-10481,-8197
2015-04-26T22:00:00Z,16.75,16.75,16.45,16.48,15934,-18317,-2383,19645,-9065,10580,2284,-10481,-8197,NaN,NaN,NaN,NaN,NaN,15934,-18317,-2383,19645,-9065,10580,2284,-10481,-8197
2015-04-27T22:00:00Z,16.54,16.54,16.31,16.36,15822,-18698,-2876,19788,-9652,10136,2423,-9683,-7260,NaN,NaN,NaN,NaN,NaN,15822,-18698,-2876,19788,-9652,10136,2423,-9683,-7260
2015-04-28T22:00:00Z,16.37,16.37,16.23,16.29,15822,-18698,-2876,19788,-9652,10136,2423,-9683,-7260,NaN,NaN,NaN,NaN,NaN,15822,-18698,-2876,19788,-9652,10136,2423,-9683,-7260
2015-04-29T22:00:00Z,16.33,16.38,16.22,16.22,15822,-18698,-2876,19788,-9652,10136,2423,-9683,-7260,NaN,NaN,NaN,NaN,NaN,15822,-18698,-2876,19788,-9652,10136,2423,-9683,-7260
2015-04-30T22:00:00Z,16.24,16.29,16.22,16.26,15822,-18698,-2876,19788,-9652,10136,2423,-9683,-7260,NaN,NaN,NaN,NaN,NaN,15822,-18698,-2876,19788,-9652,10136,2423,-9683,-7260
2015-05-03T22:00:00Z,16.26,16.45,16.21,16.39,15822,-18698,-2876,19788,-9652,10136,2423,-9683,-7260,NaN,NaN,NaN,NaN,NaN,15822,-18698,-2876,19788,-9652,10136,2423,-9683,-7260
2015-05-04T22:00:00Z,16.38,16.41,16.26,16.29,13871,-16841,-2970,17232,-7733,9499,2232,-8761,-6529,NaN,NaN,NaN,NaN,NaN,13871,-16841,-2970,17232,-7733,9499,2232,-8761,-6529
2015-05-05T22:00:00Z,16.3,16.32,16.25,16.31,13871,-16841,-2970,17232,-7733,9499,2232,-8761,-6529,NaN,NaN,NaN,NaN,NaN,13871,-16841,-2970,17232,-7733,9499,2232,-8761,-6529
2015-05-06T22:00:00Z,16.3,16.34,16.27,16.33,13871,-16841,-2970,17232,-7733,9499,2232,-8761,-6529,NaN,NaN,NaN,NaN,NaN,13871,-16841,-2970,17232,-7733,9499,2232,-8761,-6529
2015-05-07T22:00:00Z,16.31,16.38,16.29,16.38,13871,-16841,-2970,17232,-7733,9499,2232,-8761,-6529,NaN,NaN,NaN,NaN,NaN,13871,-16841,-2970,17232,-7733,9499,2232,-8761,-6529
2015-05-10T22:00:00Z,16.37,16.4,16.31,16.32,13871,-16841,-2970,17232,-7733,9499,2232,-8761,-6529,NaN,NaN,NaN,NaN,NaN,13871,-16841,-2970,17232,-7733,9499,2232,-8761,-6529
2015-05-11T22:00:00Z,16.3,16.35,16.3,16.33,14065,-17172,-3107,17309,-7682,9627,2347,-8867,-6520,NaN,NaN,NaN,NaN,NaN,14065,-17172,-3107,17309,-7682,9627,2347,-8867,-6520
2015-05-12T22:00:00Z,16.33,16.36,16.23,16.25,14065,-17172,-3107,17309,-7682,9627,2347,-8867,-6520,NaN,NaN,NaN,NaN,NaN,14065,-17172,-3107,17309,-7682,9627,2347,-8867,-6520
2015-05-13T22:00:00Z,16.25,16.25,16.21,16.25,14065,-17172,-3107,17309,-7682,9627,2347,-8867,-6520,NaN,NaN,NaN,NaN,NaN,14065,-17172,-3107,17309,-7682,9627,2347,-8867,-6520
2015-05-14T22:00:00Z,16.21,16.26,16.21,16.21,14065,-17172,-3107,17309,-7682,9627,2347,-8867,-6520,NaN,NaN,NaN,NaN,NaN,14065,-17172,-3107,17309,-7682,9627,2347,-8867,-6520
2015-05-17T22:00:00Z,16.21,16.22,16.21,16.22,14065,-17172,-3107,17309,-7682,9627,2347,-8867,-6520,NaN,NaN,NaN,NaN,NaN,14065,-17172,-3107,17309,-7682,9627,2347,-8867,-6520
2015-05-18T22:00:00Z,16.23,16.26,16.22,16.22,14875,-17341,-2466,17216,-7889,9327,2455,-9316,-6861,NaN,NaN,NaN,NaN,NaN,14875,-17341,-2466,17216,-7889,9327,2455,-9316,-6861
2015-05-19T22:00:00Z,16.22,16.24,16.21,16.24,14875,-17341,-2466,17216,-7889,9327,2455,-9316,-6861,NaN,NaN,NaN,NaN,NaN,14875,-17341,-2466,17216,-7889,9327,2455,-9316,-6861
2015-05-20T22:00:00Z,16.23,16.24,16.22,16.24,14875,-17341,-2466,17216,-7889,9327,2455,-9316,-6861,NaN,NaN,NaN,NaN,NaN,14875,-17341,-2466,17216,-7889,9327,2455,-9316,-6861
2015-05-21T22:00:00Z,16.23,16.23,16.21,16.22,14875,-17341,-2466,17216,-7889,9327,2455,-9316,-6861,NaN,NaN,NaN,NaN,NaN,14875,-17341,-2466,17216,-7889,9327,2455,-9316,-6861
2015-05-24T22:00:00Z,16.2,16.22,16.2,16.21,15345,-17435,-2090,16548,-7279,9269,2318,-9497,-7179,NaN,NaN,NaN,NaN,NaN,15345,-17435,-2090,16548,-7279,9269,2318,-9497,-7179
2015-05-26T22:00:00Z,16.21,16.23,16.2,16.21,15345,-17435,-2090,16548,-7279,9269,2318,-9497,-7179,NaN,NaN,NaN,NaN,NaN,15345,-17435,-2090,16548,-7279,9269,2318,-9497,-7179
2015-05-27T22:00:00Z,16.22,16.23,16.2,16.22,15345,-17435,-2090,16548,-7279,9269,2318,-9497,-7179,NaN,NaN,NaN,NaN,NaN,15345,-17435,-2090,16548,-7279,9269,2318,-9497,-7179
2015-05-28T22:00:00Z,16.75,17.03,16.75,16.84,15345,-17435,-2090,16548,-7279,9269,2318,-9497,-7179,NaN,NaN,NaN,NaN,NaN,15345,-17435,-2090,16548,-7279,9269,2318,-9497,-7179
2015-05-31T22:00:00Z,16.88,17.02,16.8,17,15345,-17435,-2090,16548,-7279,9269,2318,-9497,-7179,NaN,NaN,NaN,NaN,NaN,15345,-17435,-2090,16548,-7279,9269,2318,-9497,-7179
2015-06-01T22:00:00Z,17,17.06,16.86,16.9,15614,-18119,-2505,16563,-6966,9597,2335,-9427,-7092,NaN,NaN,NaN,NaN,NaN,15614,-18119,-2505,16563,-6966,9597,2335,-9427,-7092
2015-06-02T22:00:00Z,16.92,17.01,16.65,16.7,15614,-18119,-2505,16563,-6966,9597,2335,-9427,-7092,NaN,NaN,NaN,NaN,NaN,15614,-18119,-2505,16563,-6966,9597,2335,-9427,-7092
2015-06-03T22:00:00Z,16.69,16.75,16.61,16.75,15614,-18119,-2505,16563,-6966,9597,2335,-9427,-7092,NaN,NaN,NaN,NaN,NaN,15614,-18119,-2505,16563,-6966,9597,2335,-9427,-7092
2015-06-04T22:00:00Z,16.71,16.75,16.65,16.7,15614,-18119,-2505,16563,-6966,9597,2335,-9427,-7092,NaN,NaN,NaN,NaN,NaN,15614,-18119,-2505,16563,-6966,9597,2335,-9427,-7092
2015-06-07T22:00:00Z,16.69,16.69,16.64,16.66,15614,-18119,-2505,16563,-6966,9597,2335,-9427,-7092,NaN,NaN,NaN,NaN,NaN,15614,-18119,-2505,16563,-6966,9597,2335,-9427,-7092
2015-06-08T22:00:00Z,16.66,16.77,16.63,16.71,13642,-16228,-2586,14269,-5471,8798,2239,-8451,-6212,NaN,NaN,NaN,NaN,NaN,13642,-16228,-2586,14269,-5471,8798,2239,-8451,-6212
2015-06-09T22:00:00Z,16.75,16.83,16.7,16.79,13642,-16228,-2586,14269,-5471,8798,2239,-8451,-6212,NaN,NaN,NaN,NaN,NaN,13642,-16228,-2586,14269,-5471,8798,2239,-8451,-6212
2015-06-10T22:00:00Z,16.83,16.87,16.75,16.79,13642,-16228,-2586,14269,-5471,8798,2239,-8451,-6212,NaN,NaN,NaN,NaN,NaN,13642,-16228,-2586,14269,-5471,8798,2239,-8451,-6212
2015-06-11T22:00:00Z,16.8,16.81,16.74,16.76,13642,-16228,-2586,14269,-5471,8798,2239,-8451,-6212,NaN,NaN,NaN,NaN,NaN,13642,-16228,-2586,14269,-5471,8798,2239,-8451,-6212
2015-06-14T22:00:00Z,16.74,16.77,16.72,16.74,13642,-16228,-2586,14269,-5471,8798,2239,-8451,-6212,NaN,NaN,NaN,NaN,NaN,13642,-16228,-2586,14269,-5471,8798,2239,-8451,-6212
2015-06-15T22:00:00Z,16.75,16.77,16.73,16.74,13734,-16390,-2656,14332,-5485,8847,2331,-8522,-6191,NaN,NaN,NaN,NaN,NaN,13734,-16390,-2656,14332,-5485,8847,2331,-8522,-6191
2015-06-16T22:00:00Z,16.74,16.75,16.71,16.75,13734,-16390,-2656,14332,-5485,8847,2331,-8522,-6191,NaN,NaN,NaN,NaN,NaN,13734,-16390,-2656,14332,-5485,8847,2331,-8522,-6191
2015-06-17T22:00:00Z,16.75,16.75,16.72,16.73,13734,-16390,-2656,14332,-5485,8847,2331,-8522,-6191,NaN,NaN,NaN,NaN,NaN,13734,-16390,-2656,14332,-5485,8847,2331,-8522,-6191
2015-06-18T22:00:00Z,16.74,16.75,16.72,16.74,13734,-16390,-2656,14332,-5485,8847,2331,-8522,-6191,NaN,NaN,NaN,NaN,NaN,13734,-16390,-2656,14332,-5485,8847,2331,-8522,-6191
2015-06-21T22:00:00Z,16.74,16.75,16.74,16.74,13734,-16390,-2656,14332,-5485,8847,2331,-8522,-6191,NaN,NaN,NaN,NaN,NaN,13734,-16390,-2656,14332,-5485,8847,2331,-8522,-6191
2015-06-22T22:00:00Z,16.73,16.75,16.73,16.73,14862,-16245,-1383,14441,-6169,8272,2294,-9183,-6889,NaN,NaN,NaN,NaN,NaN,14862,-16245,-1383,14441,-6169,8272,2294,-9183,-6889
2015-06-23T22:00:00Z,16.75,16.76,16.69,16.7,14862,-16245,-1383,14441,-6169,8272,2294,-9183,-6889,NaN,NaN,NaN,NaN,NaN,14862,-16245,-1383,14441,-6169,8272,2294,-9183,-6889
2015-06-24T22:00:00Z,16.7,16.72,16.69,16.69,14862,-16245,-1383,14441,-6169,8272,2294,-9183,-6889,NaN,NaN,NaN,NaN,NaN,14862,-16245,-1383,14441,-6169,8272,2294,-9183,-6889
2015-06-25T22:00:00Z,16.55,16.56,15.94,16.19,14862,-16245,-1383,14441,-6169,8272,2294,-9183,-6889,NaN,NaN,NaN,NaN,NaN,14862,-16245,-1383,14441,-6169,8272,2294,-9183,-6889
2015-06-28T22:00:00Z,16.14,16.3,15.87,15.98,14862,-16245,-1383,14441,-6169,8272,2294,-9183,-6889,NaN,NaN,NaN,NaN,NaN,14862,-16245,-1383,14441,-6169,8272,2294,-9183,-6889
2015-06-29T22:00:00Z,15.99,16.14,15.92,16.09,15228,-16137,-909,14566,-6447,8119,2217,-9427,-7210,NaN,NaN,NaN,NaN,NaN,15228,-16137,-909,14566,-6447,8119,2217,-9427,-7210
2015-06-30T22:00:00Z,16.1,16.38,16,16.18,15228,-16137,-909,14566,-6447,8119,2217,-9427,-7210,NaN,NaN,NaN,NaN,NaN,15228,-16137,-909,14566,-6447,8119,2217,-9427,-7210
2015-07-01T22:00:00Z,16.13,16.21,16.07,16.11,15228,-16137,-909,14566,-6447,8119,2217,-9427,-7210,NaN,NaN,NaN,NaN,NaN,15228,-16137,-909,14566,-6447,8119,2217,-9427,-7210
2015-07-02T22:00:00Z,16.04,16.08,15.97,16.05,15228,-16137,-909,14566,-6447,8119,2217,-9427,-7210,NaN,NaN,NaN,NaN,NaN,15228,-16137,-909,14566,-6447,8119,2217,-9427,-7210
2015-07-06T22:00:00Z,16.06,16.18,16.02,16.12,12756,-13869,-1113,11649,-4625,7024,2414,-8325,-5911,NaN,NaN,NaN,NaN,NaN,12756,-13869,-1113,11649,-4625,7024,2414,-8325,-5911
2015-07-07T22:00:00Z,16.13,16.24,16.11,16.24,12756,-13869,-1113,11649,-4625,7024,2414,-8325,-5911,NaN,NaN,NaN,NaN,NaN,12756,-13869,-1113,11649,-4625,7024,2414,-8325,-5911
2015-07-08T22:00:00Z,16.2,16.47,16.19,16.38,12756,-13869,-1113,11649,-4625,7024,2414,-8325,-5911,NaN,NaN,NaN,NaN,NaN,12756,-13869,-1113,11649,-4625,7024,2414,-8325,-5911
2015-07-09T22:00:00Z,16.44,16.48,16.32,16.47,12756,-13869,-1113,11649,-4625,7024,2414,-8325,-5911,NaN,NaN,NaN,NaN,NaN,12756,-13869,-1113,11649,-4625,7024,2414,-8325,-5911
2015-07-12T22:00:00Z,16.46,16.46,16.35,16.37,12756,-13869,-1113,11649,-4625,7024,2414,-8325,-5911,NaN,NaN,NaN,NaN,NaN,12756,-13869,-1113,11649,-4625,7024,2414,-8325,-5911
2015-07-13T22:00:00Z,16.35,16.41,16.33,16.39,13356,-14392,-1036,11886,-4831,7055,2404,-8423,-6019,NaN,NaN,NaN,NaN,NaN,13356,-14392,-1036,11886,-4831,7055,2404,-8423,-6019
2015-07-14T22:00:00Z,16.37,16.41,16.31,16.34,13356,-14392,-1036,11886,-4831,7055,2404,-8423,-6019,NaN,NaN,NaN,NaN,NaN,13356,-14392,-1036,11886,-4831,7055,2404,-8423,-6019
2015-07-15T22:00:00Z,16.32,16.34,16.31,16.33,13356,-14392,-1036,11886,-4831,7055,2404,-8423,-6019,NaN,NaN,NaN,NaN,NaN,13356,-14392,-1036,11886,-4831,7055,2404,-8423,-6019
2015-07-16T22:00:00Z,16.31,16.35,16.31,16.31,13356,-14392,-1036,11886,-4831,7055,2404,-8423,-6019,NaN,NaN,NaN,NaN,NaN,13356,-14392,-1036,11886,-4831,7055,2404,-8423,-6019
2015-07-19T22:00:00Z,16.3,16.31,16.26,16.31,13356,-14392,-1036,11886,-4831,7055,2404,-8423,-6019,NaN,NaN,NaN,NaN,NaN,13356,-14392,-1036,11886,-4831,7055,2404,-8423,-6019
2015-07-20T22:00:00Z,16.31,16.36,16.27,16.34,13739,-15832,-2093,13328,-5164,8164,2547,-8618,-6071,NaN,NaN,NaN,NaN,NaN,13739,-15832,-2093,13328,-5164,8164,2547,-8618,-6071
2015-07-21T22:00:00Z,16.34,16.38,16.3,16.33,13739,-15832,-2093,13328,-5164,8164,2547,-8618,-6071,NaN,NaN,NaN,NaN,NaN,13739,-15832,-2093,13328,-5164,8164,2547,-8618,-6071
2015-07-22T22:00:00Z,16.32,16.36,16.31,16.33,13739,-15832,-2093,13328,-5164,8164,2547,-8618,-6071,NaN,NaN,NaN,NaN,NaN,13739,-15832,-2093,13328,-5164,8164,2547,-8618,-6071
2015-07-23T22:00:00Z,16.73,16.83,16.22,16.32,13739,-15832,-2093,13328,-5164,8164,2547,-8618,-6071,NaN,NaN,NaN,NaN,NaN,13739,-15832,-2093,13328,-5164,8164,2547,-8618,-6071
2015-07-26T22:00:00Z,16.28,16.38,15.85,15.99,13739,-15832,-2093,13328,-5164,8164,2547,-8618,-6071,NaN,NaN,NaN,NaN,NaN,13739,-15832,-2093,13328,-5164,8164,2547,-8618,-6071
2015-07-27T22:00:00Z,15.99,16.11,15.97,16.1,14221,-16416,-2195,13784,-5428,8356,2424,-8585,-6161,NaN,NaN,NaN,NaN,NaN,14221,-16416,-2195,13784,-5428,8356,2424,-8585,-6161
2015-07-28T22:00:00Z,16.12,16.4,16.12,16.33,14221,-16416,-2195,13784,-5428,8356,2424,-8585,-6161,NaN,NaN,NaN,NaN,NaN,14221,-16416,-2195,13784,-5428,8356,2424,-8585,-6161
2015-07-29T22:00:00Z,16.34,16.49,16.28,16.4,14221,-16416,-2195,13784,-5428,8356,2424,-8585,-6161,NaN,NaN,NaN,NaN,NaN,14221,-16416,-2195,13784,-5428,8356,2424,-8585,-6161
2015-07-30T22:00:00Z,16.41,16.43,16.27,16.41,14221,-16416,-2195,13784,-5428,8356,2424,-8585,-6161,NaN,NaN,NaN,NaN,NaN,14221,-16416,-2195,13784,-5428,8356,2424,-8585,-6161
2015-08-02T22:00:00Z,16.46,16.48,16.33,16.46,14221,-16416,-2195,13784,-5428,8356,2424,-8585,-6161,NaN,NaN,NaN,NaN,NaN,14221,-16416,-2195,13784,-5428,8356,2424,-8585,-6161
2015-08-03T22:00:00Z,16.44,16.46,16.26,16.37,14458,-16917,-2459,14167,-5484,8683,2728,-8952,-6224,NaN,NaN,NaN,NaN,NaN,14458,-16917,-2459,14167,-5484,8683,2728,-8952,-6224
2015-08-04T22:00:00Z,16.37,16.44,16.31,16.38,14458,-16917,-2459,14167,-5484,8683,2728,-8952,-6224,NaN,NaN,NaN,NaN,NaN,14458,-16917,-2459,14167,-5484,8683,2728,-8952,-6224
2015-08-05T22:00:00Z,16.35,16.54,16.35,16.5,14458,-16917,-2459,14167,-5484,8683,2728,-8952,-6224,NaN,NaN,NaN,NaN,NaN,14458,-16917,-2459,14167,-5484,8683,2728,-8952,-6224
2015-08-06T22:00:00Z,16.52,16.52,16.4,16.47,14458,-16917,-2459,14167,-5484,8683,2728,-8952,-6224,NaN,NaN,NaN,NaN,NaN,14458,-16917,-2459,14167,-5484,8683,2728,-8952,-6224
2015-08-09T22:00:00Z,16.44,16.52,16.41,16.47,14458,-16917,-2459,14167,-5484,8683,2728,-8952,-6224,NaN,NaN,NaN,NaN,NaN,14458,-16917,-2459,14167,-5484,8683,2728,-8952,-6224
2015-08-10T22:00:00Z,16.49,16.55,16.4,16.42,12488,-15022,-2534,12532,-4678,7854,2650,-7970,-5320,NaN,NaN,NaN,NaN,NaN,12488,-15022,-2534,12532,-4678,7854,2650,-7970,-5320
2015-08-11T22:00:00Z,16.43,16.46,16.4,16.46,12488,-15022,-2534,12532,-4678,7854,2650,-7970,-5320,NaN,NaN,NaN,NaN,NaN,12488,-15022,-2534,12532,-4678,7854,2650,-7970,-5320
2015-08-12T22:00:00Z,16.47,16.53,16.42,16.43,12488,-15022,-2534,12532,-4678,7854,2650,-7970,-5320,NaN,NaN,NaN,NaN,NaN,12488,-15022,-2534,12532,-4678,7854,2650,-7970,-5320
2015-08-13T22:00:00Z,16.41,16.44,16.4,16.41,12488,-15022,-2534,12532,-4678,7854,2650,-7970,-5320,NaN,NaN,NaN,NaN,NaN,12488,-15022,-2534,12532,-4678,7854,2650,-7970,-5320
2015-08-16T22:00:00Z,16.44,16.46,16.42,16.44,12488,-15022,-2534,12532,-4678,7854,2650,-7970,-5320,NaN,NaN,NaN,NaN,NaN,12488,-15022,-2534,12532,-4678,7854,2650,-7970,-5320
2015-08-17T22:00:00Z,16.42,16.45,16.4,16.45,13084,-15681,-2597,12860,-4877,7983,2442,-7828,-5386,NaN,NaN,NaN,NaN,NaN,13084,-15681,-2597,12860,-4877,7983,2442,-7828,-5386
2015-08-18T22:00:00Z,16.44,16.44,16.4,16.41,13084,-15681,-2597,12860,-4877,7983,2442,-7828,-5386,NaN,NaN,NaN,NaN,NaN,13084,-15681,-2597,12860,-4877,7983,2442,-7828,-5386
2015-08-19T22:00:00Z,16.41,16.42,16.39,16.42,13084,-15681,-2597,12860,-4877,7983,2442,-7828,-5386,NaN,NaN,NaN,NaN,NaN,13084,-15681,-2597,12860,-4877,7983,2442,-7828,-5386
2015-08-20T22:00:00Z,16.39,16.41,16.39,16.41,13084,-15681,-2597,12860,-4877,7983,2442,-7828,-5386,NaN,NaN,NaN,NaN,NaN,13084,-15681,-2597,12860,-4877,7983,2442,-7828,-5386
2015-08-23T22:00:00Z,16.41,16.42,16.39,16.41,13084,-15681,-2597,12860,-4877,7983,2442,-7828,-5386,NaN,NaN,NaN,NaN,NaN,13084,-15681,-2597,12860,-4877,7983,2442,-7828,-5386
2015-08-24T22:00:00Z,16.41,16.43,16.4,16.41,13457,-16021,-2564,12737,-4807,7930,2427,-7793,-5366,NaN,NaN,NaN,NaN,NaN,13457,-16021,-2564,12737,-4807,7930,2427,-7793,-5366
2015-08-25T22:00:00Z,16.42,16.43,16.31,16.34,13457,-16021,-2564,12737,-4807,7930,2427,-7793,-5366,NaN,NaN,NaN,NaN,NaN,13457,-16021,-2564,12737,-4807,7930,2427,-7793,-5366
2015-08-26T22:00:00Z,16.34,16.34,16.31,16.32,13457,-16021,-2564,12737,-4807,7930,2427,-7793,-5366,NaN,NaN,NaN,NaN,NaN,13457,-16021,-2564,12737,-4807,7930,2427,-7793,-5366
2015-08-27T22:00:00Z,16.23,16.41,16.13,16.16,13457,-16021,-2564,12737,-4807,7930,2427,-7793,-5366,NaN,NaN,NaN,NaN,NaN,13457,-16021,-2564,12737,-4807,7930,2427,-7793,-5366
2015-08-30T22:00:00Z,16.17,16.25,16.08,16.21,13457,-16021,-2564,12737,-4807,7930,2427,-7793,-5366,NaN,NaN,NaN,NaN,NaN,13457,-16021,-2564,12737,-4807,7930,2427,-7793,-5366
2015-08-31T22:00:00Z,16.21,16.4,16.16,16.33,13907,-16332,-2425,12297,-4741,7556,2567,-7698,-5131,NaN,NaN,NaN,NaN,NaN,13907,-16332,-2425,12297,-4741,7556,2567,-7698,-5131
2015-09-01T22:00:00Z,16.35,16.39,16.06,16.12,13907,-16332,-2425,12297,-4741,7556,2567,-7698,-5131,NaN,NaN,NaN,NaN,NaN,13907,-16332,-2425,12297,-4741,7556,2567,-7698,-5131
2015-09-02T22:00:00Z,16.12,16.18,16.05,16.14,13907,-16332,-2425,12297,-4741,7556,2567,-7698,-5131,NaN,NaN,NaN,NaN,NaN,13907,-16332,-2425,12297,-4741,7556,2567,-7698,-5131
2015-09-03T22:00:00Z,16.12,16.17,16.08,16.12,13907,-16332,-2425,12297,-4741,7556,2567,-7698,-5131,NaN,NaN,NaN,NaN,NaN,13907,-16332,-2425,12297,-4741,7556,2567,-7698,-5131
2015-09-06T22:00:00Z,16.12,16.19,16.12,16.13,11696,-14135,-2439,10764,-4227,6537,2585,-6683,-4098,NaN,NaN,NaN,NaN,NaN,11696,-14135,-2439,10764,-4227,6537,2585,-6683,-4098
2015-09-08T22:00:00Z,16.17,16.21,16.13,16.13,11696,-14135,-2439,10764,-4227,6537,2585,-6683,-4098,NaN,NaN,NaN,NaN,NaN,11696,-14135,-2439,10764,-4227,6537,2585,-6683,-4098
2015-09-09T22:00:00Z,16.14,16.15,15.97,16.01,11696,-14135,-2439,10764,-4227,6537,2585,-6683,-4098,NaN,NaN,NaN,NaN,NaN,11696,-14135,-2439,10764,-4227,6537,2585,-6683,-4098
2015-09-10T22:00:00Z,16.01,16.01,15.95,15.97,11696,-14135,-2439,10764,-4227,6537,2585,-6683,-4098,NaN,NaN,NaN,NaN,NaN,11696,-14135,-2439,10764,-4227,6537,2585,-6683,-4098
2015-09-13T22:00:00Z,15.93,15.98,15.9,15.91,11696,-14135,-2439,10764,-4227,6537,2585,-6683,-4098,NaN,NaN,NaN,NaN,NaN,11696,-14135,-2439,10764,-4227,6537,2585,-6683,-4098
2015-09-14T22:00:00Z,15.91,15.92,15.87,15.9,12131,-14176,-2045,11443,-4906,6537,2564,-7056,-4492,NaN,NaN,NaN,NaN,NaN,12131,-14176,-2045,11443,-4906,6537,2564,-7056,-4492
2015-09-15T22:00:00Z,15.9,15.9,15.81,15.82,12131,-14176,-2045,11443,-4906,6537,2564,-7056,-4492,NaN,NaN,NaN,NaN,NaN,12131,-14176,-2045,11443,-4906,6537,2564,-7056,-4492
2015-09-16T22:00:00Z,15.83,15.85,15.8,15.84,12131,-14176,-2045,11443,-4906,6537,2564,-7056,-4492,NaN,NaN,NaN,NaN,NaN,12131,-14176,-2045,11443,-4906,6537,2564,-7056,-4492
2015-09-17T22:00:00Z,15.85,15.85,15.82,15.84,12131,-14176,-2045,11443,-4906,6537,2564,-7056,-4492,NaN,NaN,NaN,NaN,NaN,12131,-14176,-2045,11443,-4906,6537,2564,-7056,-4492
2015-09-20T22:00:00Z,15.84,15.84,15.83,15.84,12131,-14176,-2045,11443,-4906,6537,2564,-7056,-4492,NaN,NaN,NaN,NaN,NaN,12131,-14176,-2045,11443,-4906,6537,2564,-7056,-4492
2015-09-21T22:00:00Z,15.83,15.85,15.83,15.84,12496,-14067,-1571,11572,-5638,5934,2696,-7059,-4363,NaN,NaN,NaN,NaN,NaN,12496,-14067,-1571,11572,-5638,5934,2696,-7059,-4363
2015-09-22T22:00:00Z,15.82,15.85,15.82,15.82,12496,-14067,-1571,11572,-5638,5934,2696,-7059,-4363,NaN,NaN,NaN,NaN,NaN,12496,-14067,-1571,11572,-5638,5934,2696,-7059,-4363
2015-09-23T22:00:00Z,15.8,15.82,15.8,15.82,12496,-14067,-1571,11572,-5638,5934,2696,-7059,-4363,NaN,NaN,NaN,NaN,NaN,12496,-14067,-1571,11572,-5638,5934,2696,-7059,-4363
2015-09-24T22:00:00Z,15.58,15.66,15.47,15.51,12496,-14067,-1571,11572,-5638,5934,2696,-7059,-4363,NaN,NaN,NaN,NaN,NaN,12496,-14067,-1571,11572,-5638,5934,2696,-7059,-4363
2015-09-27T22:00:00Z,15.54,15.54,15.34,15.34,12496,-14067,-1571,11572,-5638,5934,2696,-7059,-4363,NaN,NaN,NaN,NaN,NaN,12496,-14067,-1571,11572,-5638,5934,2696,-7059,-4363
2015-09-28T22:00:00Z,15.32,15.52,15.18,15.41,12727,-14230,-1503,11728,-5975,5753,2726,-6976,-4250,NaN,NaN,NaN,NaN,NaN,12727,-14230,-1503,11728,-5975,5753,2726,-6976,-4250
2015-09-29T22:00:00Z,15.4,15.55,15.37,15.45,12727,-14230,-1503,11728,-5975,5753,2726,-6976,-4250,NaN,NaN,NaN,NaN,NaN,12727,-14230,-1503,11728,-5975,5753,2726,-6976,-4250
2015-09-30T22:00:00Z,15.45,15.64,15.4,15.56,12727,-14230,-1503,11728,-5975,5753,2726,-6976,-4250,NaN,NaN,NaN,NaN,NaN,12727,-14230,-1503,11728,-5975,5753,2726,-6976,-4250
2015-10-01T22:00:00Z,15.52,15.72,15.52,15.66,12727,-14230,-1503,11728,-5975,5753,2726,-6976,-4250,NaN,NaN,NaN,NaN,NaN,12727,-14230,-1503,11728,-5975,5753,2726,-6976,-4250
2015-10-04T22:00:00Z,15.69,15.94,15.66,15.94,12727,-14230,-1503,11728,-5975,5753,2726,-6976,-4250,NaN,NaN,NaN,NaN,NaN,12727,-14230,-1503,11728,-5975,5753,2726,-6976,-4250
2015-10-05T22:00:00Z,15.96,16.1,15.68,15.68,11451,-11959,-508,9688,-5517,4171,2671,-6334,-3663,NaN,NaN,NaN,NaN,NaN,11451,-11959,-508,9688,-5517,4171,2671,-6334,-3663
2015-10-06T22:00:00Z,15.64,15.71,15.56,15.63,11451,-11959,-508,9688,-5517,4171,2671,-6334,-3663,NaN,NaN,NaN,NaN,NaN,11451,-11959,-508,9688,-5517,4171,2671,-6334,-3663
2015-10-07T22:00:00Z,15.63,15.74,15.6,15.74,11451,-11959,-508,9688,-5517,4171,2671,-6334,-3663,NaN,NaN,NaN,NaN,NaN,11451,-11959,-508,9688,-5517,4171,2671,-6334,-3663
2015-10-08T22:00:00Z,15.76,15.8,15.69,15.77,11451,-11959,-508,9688,-5517,4171,2671,-6334,-3663,NaN,NaN,NaN,NaN,NaN,11451,-11959,-508,9688,-5517,4171,2671,-6334,-3663
2015-10-11T22:00:00Z,15.8,15.82,15.74,15.8,11451,-11959,-508,9688,-5517,4171,2671,-6334,-3663,NaN,NaN,NaN,NaN,NaN,11451,-11959,-508,9688,-5517,4171,2671,-6334,-3663
2015-10-12T22:00:00Z,15.75,15.8,15.68,15.74,11804,-12530,-726,10520,-5733,4787,2462,-6523,-4061,NaN,NaN,NaN,NaN,NaN,11804,-12530,-726,10520,-5733,4787,2462,-6523,-4061
2015-10-13T22:00:00Z,15.73,15.73,15.65,15.67,11804,-12530,-726,10520,-5733,4787,2462,-6523,-4061,NaN,NaN,NaN,NaN,NaN,11804,-12530,-726,10520,-5733,4787,2462,-6523,-4061
2015-10-14T22:00:00Z,15.68,15.77,15.57,15.57,11804,-12530,-726,10520,-5733,4787,2462,-6523,-4061,NaN,NaN,NaN,NaN,NaN,11804,-12530,-726,10520,-5733,4787,2462,-6523,-4061
2015-10-15T22:00:00Z,15.58,15.62,15.58,15.6,11804,-12530,-726,10520,-5733,4787,2462,-6523,-4061,NaN,NaN,NaN,NaN,NaN,11804,-12530,-726,10520,-5733,4787,2462,-6523,-4061
2015-10-18T22:00:00Z,15.61,15.62,15.55,15.56,11804,-12530,-726,10520,-5733,4787,2462,-6523,-4061,NaN,NaN,NaN,NaN,NaN,11804,-12530,-726,10520,-5733,4787,2462,-6523,-4061
2015-10-19T22:00:00Z,15.56,15.57,15.55,15.56,12082,-13087,-1005,11402,-6285,5117,2507,-6619,-4112,NaN,NaN,NaN,NaN,NaN,12082,-13087,-1005,11402,-6285,5117,2507,-6619,-4112
2015-10-20T22:00:00Z,15.57,15.6,15.53,15.53,12082,-13087,-1005,11402,-6285,5117,2507,-6619,-4112,NaN,NaN,NaN,NaN,NaN,12082,-13087,-1005,11402,-6285,5117,2507,-6619,-4112
2015-10-21T22:00:00Z,15.51,15.53,15.5,15.52,12082,-13087,-1005,11402,-6285,5117,2507,-6619,-4112,NaN,NaN,NaN,NaN,NaN,12082,-13087,-1005,11402,-6285,5117,2507,-6619,-4112
2015-10-22T22:00:00Z,15.5,15.52,15.47,15.49,12082,-13087,-1005,11402,-6285,5117,2507,-6619,-4112,NaN,NaN,NaN,NaN,NaN,12082,-13087,-1005,11402,-6285,5117,2507,-6619,-4112
2015-10-25T22:00:00Z,15.46,15.49,15.46,15.46,12082,-13087,-1005,11402,-6285,5117,2507,-6619,-4112,NaN,NaN,NaN,NaN,NaN,12082,-13087,-1005,11402,-6285,5117,2507,-6619,-4112
2015-10-26T22:00:00Z,15.48,15.49,15.47,15.47,12254,-13094,-840,11623,-6486,5137,2538,-6835,-4297,NaN,NaN,NaN,NaN,NaN,12254,-13094,-840,11623,-6486,5137,2538,-6835,-4297
2015-10-27T22:00:00Z,15.47,15.49,15.46,15.46,12254,-13094,-840,11623,-6486,5137,2538,-6835,-4297,NaN,NaN,NaN,NaN,NaN,12254,-13094,-840,11623,-6486,5137,2538,-6835,-4297
2015-10-28T22:00:00Z,15.46,15.46,15.44,15.45,12254,-13094,-840,11623,-6486,5137,2538,-6835,-4297,NaN,NaN,NaN,NaN,NaN,12254,-13094,-840,11623,-6486,5137,2538,-6835,-4297
2015-10-29T22:00:00Z,15.38,15.41,15.27,15.32,12254,-13094,-840,11623,-6486,5137,2538,-6835,-4297,NaN,NaN,NaN,NaN,NaN,12254,-13094,-840,11623,-6486,5137,2538,-6835,-4297
2015-11-01T23:00:00Z,15.37,15.42,15.25,15.27,12254,-13094,-840,11623,-6486,5137,2538,-6835,-4297,NaN,NaN,NaN,NaN,NaN,12254,-13094,-840,11623,-6486,5137,2538,-6835,-4297
2015-11-02T23:00:00Z,15.27,15.3,15.18,15.25,12570,-13505,-935,12959,-7193,5766,2580,-7411,-4831,NaN,NaN,NaN,NaN,NaN,12570,-13505,-935,12959,-7193,5766,2580,-7411,-4831
2015-11-03T23:00:00Z,15.19,15.46,15.19,15.42,12570,-13505,-935,12959,-7193,5766,2580,-7411,-4831,NaN,NaN,NaN,NaN,NaN,12570,-13505,-935,12959,-7193,5766,2580,-7411,-4831
2015-11-04T23:00:00Z,15.46,15.66,15.44,15.64,12570,-13505,-935,12959,-7193,5766,2580,-7411,-4831,NaN,NaN,NaN,NaN,NaN,12570,-13505,-935,12959,-7193,5766,2580,-7411,-4831
2015-11-05T23:00:00Z,15.67,15.75,15.59,15.61,12570,-13505,-935,12959,-7193,5766,2580,-7411,-4831,NaN,NaN,NaN,NaN,NaN,12570,-13505,-935,12959,-7193,5766,2580,-7411,-4831
2015-11-08T23:00:00Z,15.61,15.67,15.5,15.5,12570,-13505,-935,12959,-7193,5766,2580,-7411,-4831,NaN,NaN,NaN,NaN,NaN,12570,-13505,-935,12959,-7193,5766,2580,-7411,-4831
2015-11-09T23:00:00Z,15.47,15.55,15.45,15.48,11270,-11970,-700,11974,-6730,5244,2318,-6862,-4544,NaN,NaN,NaN,NaN,NaN,11270,-11970,-700,11974,-6730,5244,2318,-6862,-4544
2015-11-10T23:00:00Z,15.45,15.5,15.43,15.45,11270,-11970,-700,11974,-6730,5244,2318,-6862,-4544,NaN,NaN,NaN,NaN,NaN,11270,-11970,-700,11974,-6730,5244,2318,-6862,-4544
2015-11-11T23:00:00Z,15.44,15.47,15.36,15.41,11270,-11970,-700,11974,-6730,5244,2318,-6862,-4544,NaN,NaN,NaN,NaN,NaN,11270,-11970,-700,11974,-6730,5244,2318,-6862,-4544
2015-11-12T23:00:00Z,15.42,15.43,15.39,15.41,11270,-11970,-700,11974,-6730,5244,2318,-6862,-4544,NaN,NaN,NaN,NaN,NaN,11270,-11970,-700,11974,-6730,5244,2318,-6862,-4544
2015-11-15T23:00:00Z,15.41,15.42,15.39,15.41,11270,-11970,-700,11974,-6730,5244,2318,-6862,-4544,NaN,NaN,NaN,NaN,NaN,11270,-11970,-700,11974,-6730,5244,2318,-6862,-4544
2015-11-16T23:00:00Z,15.39,15.4,15.36,15.37,11760,-12581,-821,13506,-7455,6051,2511,-7741,-5230,NaN,NaN,NaN,NaN,NaN,11760,-12581,-821,13506,-7455,6051,2511,-7741,-5230
2015-11-17T23:00:00Z,15.38,15.43,15.33,15.33,11760,-12581,-821,13506,-7455,6051,2511,-7741,-5230,NaN,NaN,NaN,NaN,NaN,11760,-12581,-821,13506,-7455,6051,2511,-7741,-5230
2015-11-18T23:00:00Z,15.33,15.33,15.3,15.31,11760,-12581,-821,13506,-7455,6051,2511,-7741,-5230,NaN,NaN,NaN,NaN,NaN,11760,-12581,-821,13506,-7455,6051,2511,-7741,-5230
2015-11-19T23:00:00Z,15.32,15.33,15.31,15.33,11760,-12581,-821,13506,-7455,6051,2511,-7741,-5230,NaN,NaN,NaN,NaN,NaN,11760,-12581,-821,13506,-7455,6051,2511,-7741,-5230
2015-11-22T23:00:00Z,15.33,15.33,15.32,15.33,11760,-12581,-821,13506,-7455,6051,2511,-7741,-5230,NaN,NaN,NaN,NaN,NaN,11760,-12581,-821,13506,-7455,6051,2511,-7741,-5230
2015-11-23T23:00:00Z,15.33,15.33,15.31,15.32,12290,-13168,-878,14739,-8577,6162,2650,-7934,-5284,NaN,NaN,NaN,NaN,NaN,12290,-13168,-878,14739,-8577,6162,2650,-7934,-5284
2015-11-24T23:00:00Z,15.31,15.33,15.29,15.29,12290,-13168,-878,14739,-8577,6162,2650,-7934,-5284,NaN,NaN,NaN,NaN,NaN,12290,-13168,-878,14739,-8577,6162,2650,-7934,-5284
2015-11-25T23:00:00Z,14.58,14.58,14.58,14.58,12290,-13168,-878,14739,-8577,6162,2650,-7934,-5284,NaN,NaN,NaN,NaN,NaN,12290,-13168,-878,14739,-8577,6162,2650,-7934,-5284
2015-11-29T23:00:00Z,14.58,14.65,14.52,14.62,12290,-13168,-878,14739,-8577,6162,2650,-7934,-5284,NaN,NaN,NaN,NaN,NaN,12290,-13168,-878,14739,-8577,6162,2650,-7934,-5284
2015-11-30T23:00:00Z,14.62,14.67,14.55,14.63,12548,-13400,-852,15002,-8736,6266,2603,-8017,-5414,NaN,NaN,NaN,NaN,NaN,12548,-13400,-852,15002,-8736,6266,2603,-8017,-5414
2015-12-01T23:00:00Z,14.61,14.67,14.56,14.65,12548,-13400,-852,15002,-8736,6266,2603,-8017,-5414,NaN,NaN,NaN,NaN,NaN,12548,-13400,-852,15002,-8736,6266,2603,-8017,-5414
2015-12-02T23:00:00Z,14.66,14.69,14.62,14.67,12548,-13400,-852,15002,-8736,6266,2603,-8017,-5414,NaN,NaN,NaN,NaN,NaN,12548,-13400,-852,15002,-8736,6266,2603,-8017,-5414
2015-12-03T23:00:00Z,14.67,14.7,14.55,14.6,12548,-13400,-852,15002,-8736,6266,2603,-8017,-5414,NaN,NaN,NaN,NaN,NaN,12548,-13400,-852,15002,-8736,6266,2603,-8017,-5414
2015-12-06T23:00:00Z,14.62,14.73,14.58,14.62,12548,-13400,-852,15002,-8736,6266,2603,-8017,-5414,NaN,NaN,NaN,NaN,NaN,12548,-13400,-852,15002,-8736,6266,2603,-8017,-5414
2015-12-07T23:00:00Z,14.63,14.67,14.56,14.6,10648,-10848,-200,13773,-8183,5590,2486,-7876,-5390,NaN,NaN,NaN,NaN,NaN,10648,-10848,-200,13773,-8183,5590,2486,-7876,-5390
2015-12-08T23:00:00Z,14.57,14.63,14.56,14.63,10648,-10848,-200,13773,-8183,5590,2486,-7876,-5390,NaN,NaN,NaN,NaN,NaN,10648,-10848,-200,13773,-8183,5590,2486,-7876,-5390
2015-12-09T23:00:00Z,14.63,14.66,14.59,14.61,10648,-10848,-200,13773,-8183,5590,2486,-7876,-5390,NaN,NaN,NaN,NaN,NaN,10648,-10848,-200,13773,-8183,5590,2486,-7876,-5390
2015-12-10T23:00:00Z,14.6,14.62,14.52,14.56,10648,-10848,-200,13773,-8183,5590,2486,-7876,-5390,NaN,NaN,NaN,NaN,NaN,10648,-10848,-200,13773,-8183,5590,2486,-7876,-5390
2015-12-13T23:00:00Z,14.53,14.58,14.53,14.58,10648,-10848,-200,13773,-8183,5590,2486,-7876,-5390,NaN,NaN,NaN,NaN,NaN,10648,-10848,-200,13773,-8183,5590,2486,-7876,-5390
2015-12-14T23:00:00Z,14.57,14.58,14.55,14.56,10967,-11148,-181,15409,-8937,6472,2644,-8935,-6291,NaN,NaN,NaN,NaN,NaN,10967,-11148,-181,15409,-8937,6472,2644,-8935,-6291
2015-12-15T23:00:00Z,14.56,14.58,14.52,14.54,10967,-11148,-181,15409,-8937,6472,2644,-8935,-6291,NaN,NaN,NaN,NaN,NaN,10967,-11148,-181,15409,-8937,6472,2644,-8935,-6291
2015-12-16T23:00:00Z,14.53,14.54,14.5,14.5,10967,-11148,-181,15409,-8937,6472,2644,-8935,-6291,NaN,NaN,NaN,NaN,NaN,10967,-11148,-181,15409,-8937,6472,2644,-8935,-6291
2015-12-17T23:00:00Z,14.49,14.53,14.46,14.52,10967,-11148,-181,15409,-8937,6472,2644,-8935,-6291,NaN,NaN,NaN,NaN,NaN,10967,-11148,-181,15409,-8937,6472,2644,-8935,-6291
2015-12-20T23:00:00Z,14.52,14.53,14.51,14.53,10967,-11148,-181,15409,-8937,6472,2644,-8935,-6291,NaN,NaN,NaN,NaN,NaN,10967,-11148,-181,15409,-8937,6472,2644,-8935,-6291
2015-12-21T23:00:00Z,14.53,14.53,14.5,14.53,11962,-12153,-191,17445,-9921,7524,2391,-9724,-7333,NaN,NaN,NaN,NaN,NaN,11962,-12153,-191,17445,-9921,7524,2391,-9724,-7333
2015-12-22T23:00:00Z,14.53,14.55,14.45,14.48,11962,-12153,-191,17445,-9921,7524,2391,-9724,-7333,NaN,NaN,NaN,NaN,NaN,11962,-12153,-191,17445,-9921,7524,2391,-9724,-7333
2015-12-23T23:00:00Z,14.46,14.49,14.46,14.48,11962,-12153,-191,17445,-9921,7524,2391,-9724,-7333,NaN,NaN,NaN,NaN,NaN,11962,-12153,-191,17445,-9921,7524,2391,-9724,-7333
2015-12-27T23:00:00Z,13.39,13.76,13.39,13.6,11962,-12153,-191,17445,-9921,7524,2391,-9724,-7333,NaN,NaN,NaN,NaN,NaN,11962,-12153,-191,17445,-9921,7524,2391,-9724,-7333
2015-12-28T23:00:00Z,13.65,13.65,13.53,13.56,12197,-12828,-631,18578,-10633,7945,2324,-9638,-7314,NaN,NaN,NaN,NaN,NaN,12197,-12828,-631,18578,-10633,7945,2324,-9638,-7314
2015-12-29T23:00:00Z,13.54,13.65,13.45,13.57,12197,-12828,-631,18578,-10633,7945,2324,-9638,-7314,NaN,NaN,NaN,NaN,NaN,12197,-12828,-631,18578,-10633,7945,2324,-9638,-7314
2015-12-30T23:00:00Z,13.6,13.62,13.53,13.55,12197,-12828,-631,18578,-10633,7945,2324,-9638,-7314,NaN,NaN,NaN,NaN,NaN,12197,-12828,-631,18578,-10633,7945,2324,-9638,-7314
2016-01-03T23:00:00Z,13.59,13.78,13.54,13.55,12197,-12828,-631,18578,-10633,7945,2324,-9638,-7314,NaN,NaN,NaN,NaN,NaN,12197,-12828,-631,18578,-10633,7945,2324,-9638,-7314
2016-01-04T23:00:00Z,13.57,13.57,13.46,13.51,10081,-9900,181,17603,-10243,7360,2821,-10362,-7541,NaN,NaN,NaN,NaN,NaN,10081,-9900,181,17603,-10243,7360,2821,-10362,-7541
2016-01-05T23:00:00Z,13.55,13.58,13.49,13.58,10081,-9900,181,17603,-10243,7360,2821,-10362,-7541,NaN,NaN,NaN,NaN,NaN,10081,-9900,181,17603,-10243,7360,2821,-10362,-7541
2016-01-06T23:00:00Z,13.57,13.61,13.56,13.59,10081,-9900,181,17603,-10243,7360,2821,-10362,-7541,NaN,NaN,NaN,NaN,NaN,10081,-9900,181,17603,-10243,7360,2821,-10362,-7541
2016-01-07T23:00:00Z,13.59,13.68,13.58,13.68,10081,-9900,181,17603,-10243,7360,2821,-10362,-7541,NaN,NaN,NaN,NaN,NaN,10081,-9900,181,17603,-10243,7360,2821,-10362,-7541
2016-01-10T23:00:00Z,13.67,13.76,13.67,13.72,10081,-9900,181,17603,-10243,7360,2821,-10362,-7541,NaN,NaN,NaN,NaN,NaN,10081,-9900,181,17603,-10243,7360,2821,-10362,-7541
2016-01-11T23:00:00Z,13.72,13.78,13.71,13.75,10285,-10379,-94,18505,-10693,7812,2738,-10456,-7718,NaN,NaN,NaN,NaN,NaN,10285,-10379,-94,18505,-10693,7812,2738,-10456,-7718
2016-01-12T23:00:00Z,13.75,13.77,13.71,13.75,10285,-10379,-94,18505,-10693,7812,2738,-10456,-7718,NaN,NaN,NaN,NaN,NaN,10285,-10379,-94,18505,-10693,7812,2738,-10456,-7718
2016-01-13T23:00:00Z,13.76,13.77,13.73,13.77,10285,-10379,-94,18505,-10693,7812,2738,-10456,-7718,NaN,NaN,NaN,NaN,NaN,10285,-10379,-94,18505,-10693,7812,2738,-10456,-7718
2016-01-14T23:00:00Z,13.77,13.78,13.74,13.78,10285,-10379,-94,18505,-10693,7812,2738,-10456,-7718,NaN,NaN,NaN,NaN,NaN,10285,-10379,-94,18505,-10693,7812,2738,-10456,-7718
2016-01-17T23:00:00Z,13.74,13.77,13.73,13.75,10479,-10676,-197,18595,-10951,7644,2717,-10164,-7447,NaN,NaN,NaN,NaN,NaN,10479,-10676,-197,18595,-10951,7644,2717,-10164,-7447
2016-01-19T23:00:00Z,13.73,13.76,13.73,13.75,10479,-10676,-197,18595,-10951,7644,2717,-10164,-7447,NaN,NaN,NaN,NaN,NaN,10479,-10676,-197,18595,-10951,7644,2717,-10164,-7447
2016-01-20T23:00:00Z,13.75,13.75,13.73,13.75,10479,-10676,-197,18595,-10951,7644,2717,-10164,-7447,NaN,NaN,NaN,NaN,NaN,10479,-10676,-197,18595,-10951,7644,2717,-10164,-7447
2016-01-21T23:00:00Z,13.74,13.75,13.72,13.72,10479,-10676,-197,18595,-10951,7644,2717,-10164,-7447,NaN,NaN,NaN,NaN,NaN,10479,-10676,-197,18595,-10951,7644,2717,-10164,-7447
2016-01-24T23:00:00Z,13.73,13.73,13.72,13.72,10479,-10676,-197,18595,-10951,7644,2717,-10164,-7447,NaN,NaN,NaN,NaN,NaN,10479,-10676,-197,18595,-10951,7644,2717,-10164,-7447
2016-01-25T23:00:00Z,13.74,13.74,13.72,13.73,10875,-10775,100,18846,-11199,7647,2722,-10469,-7747,NaN,NaN,NaN,NaN,NaN,10875,-10775,100,18846,-11199,7647,2722,-10469,-7747
2016-01-26T23:00:00Z,13.72,13.77,13.72,13.74,10875,-10775,100,18846,-11199,7647,2722,-10469,-7747,NaN,NaN,NaN,NaN,NaN,10875,-10775,100,18846,-11199,7647,2722,-10469,-7747
2016-01-27T23:00:00Z,13.74,13.74,13.73,13.74,10875,-10775,100,18846,-11199,7647,2722,-10469,-7747,NaN,NaN,NaN,NaN,NaN,10875,-10775,100,18846,-11199,7647,2722,-10469,-7747
2016-01-28T23:00:00Z,13.9,13.96,13.84,13.93,10875,-10775,100,18846,-11199,7647,2722,-10469,-7747,NaN,NaN,NaN,NaN,NaN,10875,-10775,100,18846,-11199,7647,2722,-10469,-7747
2016-01-31T23:00:00Z,13.89,13.97,13.87,13.87,10875,-10775,100,18846,-11199,7647,2722,-10469,-7747,NaN,NaN,NaN,NaN,NaN,10875,-10775,100,18846,-11199,7647,2722,-10469,-7747
2016-02-01T23:00:00Z,13.83,13.96,13.82,13.92,11035,-10756,279,19405,-11834,7571,2675,-10525,-7850,NaN,NaN,NaN,NaN,NaN,11035,-10756,279,19405,-11834,7571,2675,-10525,-7850
2016-02-02T23:00:00Z,13.92,13.94,13.86,13.89,11035,-10756,279,19405,-11834,7571,2675,-10525,-7850,NaN,NaN,NaN,NaN,NaN,11035,-10756,279,19405,-11834,7571,2675,-10525,-7850
2016-02-03T23:00:00Z,13.87,13.98,13.85,13.96,11035,-10756,279,19405,-11834,7571,2675,-10525,-7850,NaN,NaN,NaN,NaN,NaN,11035,-10756,279,19405,-11834,7571,2675,-10525,-7850
2016-02-04T23:00:00Z,13.96,13.96,13.82,13.82,11035,-10756,279,19405,-11834,7571,2675,-10525,-7850,NaN,NaN,NaN,NaN,NaN,11035,-10756,279,19405,-11834,7571,2675,-10525,-7850
2016-02-07T23:00:00Z,13.82,13.83,13.76,13.78,11035,-10756,279,19405,-11834,7571,2675,-10525,-7850,NaN,NaN,NaN,NaN,NaN,11035,-10756,279,19405,-11834,7571,2675,-10525,-7850
2016-02-08T23:00:00Z,13.81,13.83,13.78,13.82,10281,-10530,-249,18634,-10808,7826,2461,-10038,-7577,NaN,NaN,NaN,NaN,NaN,10281,-10530,-249,18634,-10808,7826,2461,-10038,-7577
2016-02-09T23:00:00Z,13.77,13.86,13.75,13.86,10281,-10530,-249,18634,-10808,7826,2461,-10038,-7577,NaN,NaN,NaN,NaN,NaN,10281,-10530,-249,18634,-10808,7826,2461,-10038,-7577
2016-02-10T23:00:00Z,13.81,13.9,13.81,13.9,10281,-10530,-249,18634,-10808,7826,2461,-10038,-7577,NaN,NaN,NaN,NaN,NaN,10281,-10530,-249,18634,-10808,7826,2461,-10038,-7577
2016-02-11T23:00:00Z,13.9,13.9,13.87,13.87,10281,-10530,-249,18634,-10808,7826,2461,-10038,-7577,NaN,NaN,NaN,NaN,NaN,10281,-10530,-249,18634,-10808,7826,2461,-10038,-7577
2016-02-14T23:00:00Z,13.85,13.89,13.84,13.85,10495,-10937,-442,19610,-11588,8022,2523,-10103,-7580,NaN,NaN,NaN,NaN,NaN,10495,-10937,-442,19610,-11588,8022,2523,-10103,-7580
2016-02-16T23:00:00Z,13.87,13.87,13.82,13.83,10495,-10937,-442,19610,-11588,8022,2523,-10103,-7580,NaN,NaN,NaN,NaN,NaN,10495,-10937,-442,19610,-11588,8022,2523,-10103,-7580
2016-02-17T23:00:00Z,13.83,13.84,13.8,13.82,10495,-10937,-442,19610,-11588,8022,2523,-10103,-7580,NaN,NaN,NaN,NaN,NaN,10495,-10937,-442,19610,-11588,8022,2523,-10103,-7580
2016-02-18T23:00:00Z,13.82,13.83,13.81,13.82,10495,-10937,-442,19610,-11588,8022,2523,-10103,-7580,NaN,NaN,NaN,NaN,NaN,10495,-10937,-442,19610,-11588,8022,2523,-10103,-7580
2016-02-21T23:00:00Z,13.83,13.83,13.81,13.82,10495,-10937,-442,19610,-11588,8022,2523,-10103,-7580,NaN,NaN,NaN,NaN,NaN,10495,-10937,-442,19610,-11588,8022,2523,-10103,-7580
2016-02-22T23:00:00Z,13.81,13.83,13.81,13.81,10806,-11419,-613,20406,-11958,8448,2477,-10312,-7835,NaN,NaN,NaN,NaN,NaN,10806,-11419,-613,20406,-11958,8448,2477,-10312,-7835
2016-02-23T23:00:00Z,13.83,13.84,13.81,13.82,10806,-11419,-613,20406,-11958,8448,2477,-10312,-7835,NaN,NaN,NaN,NaN,NaN,10806,-11419,-613,20406,-11958,8448,2477,-10312,-7835
2016-02-24T23:00:00Z,13.81,13.81,13.8,13.8,10806,-11419,-613,20406,-11958,8448,2477,-10312,-7835,NaN,NaN,NaN,NaN,NaN,10806,-11419,-613,20406,-11958,8448,2477,-10312,-7835
2016-02-25T23:00:00Z,13.6,13.8,13.53,13.67,10806,-11419,-613,20406,-11958,8448,2477,-10312,-7835,NaN,NaN,NaN,NaN,NaN,10806,-11419,-613,20406,-11958,8448,2477,-10312,-7835
2016-02-28T23:00:00Z,13.7,13.8,13.7,13.76,10806,-11419,-613,20406,-11958,8448,2477,-10312,-7835,NaN,NaN,NaN,NaN,NaN,10806,-11419,-613,20406,-11958,8448,2477,-10312,-7835
2016-02-29T23:00:00Z,13.77,13.78,13.55,13.59,10973,-11626,-653,20775,-12148,8627,2646,-10620,-7974,NaN,NaN,NaN,NaN,NaN,10973,-11626,-653,20775,-12148,8627,2646,-10620,-7974
2016-03-01T23:00:00Z,13.63,13.74,13.56,13.67,10973,-11626,-653,20775,-12148,8627,2646,-10620,-7974,NaN,NaN,NaN,NaN,NaN,10973,-11626,-653,20775,-12148,8627,2646,-10620,-7974
2016-03-02T23:00:00Z,13.7,13.9,13.67,13.76,10973,-11626,-653,20775,-12148,8627,2646,-10620,-7974,NaN,NaN,NaN,NaN,NaN,10973,-11626,-653,20775,-12148,8627,2646,-10620,-7974
2016-03-03T23:00:00Z,13.81,13.84,13.76,13.79,10973,-11626,-653,20775,-12148,8627,2646,-10620,-7974,NaN,NaN,NaN,NaN,NaN,10973,-11626,-653,20775,-12148,8627,2646,-10620,-7974
2016-03-06T23:00:00Z,13.82,13.9,13.82,13.87,10973,-11626,-653,20775,-12148,8627,2646,-10620,-7974,NaN,NaN,NaN,NaN,NaN,10973,-11626,-653,20775,-12148,8627,2646,-10620,-7974
2016-03-07T23:00:00Z,13.89,13.9,13.81,13.87,9726,-10655,-929,18635,-10632,8003,2838,-9912,-7074,NaN,NaN,NaN,NaN,NaN,9726,-10655,-929,18635,-10632,8003,2838,-9912,-7074
2016-03-08T23:00:00Z,13.86,13.86,13.75,13.79,9726,-10655,-929,18635,-10632,8003,2838,-9912,-7074,NaN,NaN,NaN,NaN,NaN,9726,-10655,-929,18635,-10632,8003,2838,-9912,-7074
2016-03-09T23:00:00Z,13.79,13.83,13.79,13.81,9726,-10655,-929,18635,-10632,8003,2838,-9912,-7074,NaN,NaN,NaN,NaN,NaN,9726,-10655,-929,18635,-10632,8003,2838,-9912,-7074
2016-03-10T23:00:00Z,13.82,13.84,13.79,13.79,9726,-10655,-929,18635,-10632,8003,2838,-9912,-7074,NaN,NaN,NaN,NaN,NaN,9726,-10655,-929,18635,-10632,8003,2838,-9912,-7074
2016-03-13T22:00:00Z,13.8,13.82,13.78,13.79,9726,-10655,-929,18635,-10632,8003,2838,-9912,-7074,NaN,NaN,NaN,NaN,NaN,9726,-10655,-929,18635,-10632,8003,2838,-9912,-7074
2016-03-14T22:00:00Z,13.78,13.8,13.77,13.79,10146,-10665,-519,18786,-10932,7854,2589,-9924,-7335,NaN,NaN,NaN,NaN,NaN,10146,-10665,-519,18786,-10932,7854,2589,-9924,-7335
2016-03-15T22:00:00Z,13.8,13.83,13.78,13.83,10146,-10665,-519,18786,-10932,7854,2589,-9924,-7335,NaN,NaN,NaN,NaN,NaN,10146,-10665,-519,18786,-10932,7854,2589,-9924,-7335
2016-03-16T22:00:00Z,13.83,13.84,13.82,13.82,10146,-10665,-519,18786,-10932,7854,2589,-9924,-7335,NaN,NaN,NaN,NaN,NaN,10146,-10665,-519,18786,-10932,7854,2589,-9924,-7335
2016-03-17T22:00:00Z,13.82,13.84,13.82,13.83,10146,-10665,-519,18786,-10932,7854,2589,-9924,-7335,NaN,NaN,NaN,NaN,NaN,10146,-10665,-519,18786,-10932,7854,2589,-9924,-7335
2016-03-20T22:00:00Z,13.82,13.83,13.82,13.83,10146,-10665,-519,18786,-10932,7854,2589,-9924,-7335,NaN,NaN,NaN,NaN,NaN,10146,-10665,-519,18786,-10932,7854,2589,-9924,-7335
2016-03-21T22:00:00Z,13.82,13.82,13.82,13.82,10513,-10851,-338,18597,-11099,7498,2810,-9970,-7160,NaN,NaN,NaN,NaN,NaN,10513,-10851,-338,18597,-11099,7498,2810,-9970,-7160
2016-03-22T22:00:00Z,13.81,13.82,13.77,13.77,10513,-10851,-338,18597,-11099,7498,2810,-9970,-7160,NaN,NaN,NaN,NaN,NaN,10513,-10851,-338,18597,-11099,7498,2810,-9970,-7160
2016-03-23T22:00:00Z,13.78,13.78,13.76,13.78,10513,-10851,-338,18597,-11099,7498,2810,-9970,-7160,NaN,NaN,NaN,NaN,NaN,10513,-10851,-338,18597,-11099,7498,2810,-9970,-7160
2016-03-27T22:00:00Z,13.88,14,13.78,13.83,10513,-10851,-338,18597,-11099,7498,2810,-9970,-7160,NaN,NaN,NaN,NaN,NaN,10513,-10851,-338,18597,-11099,7498,2810,-9970,-7160
2016-03-28T22:00:00Z,13.79,13.82,13.69,13.8,10681,-10860,-179,18572,-11141,7431,2868,-10120,-7252,NaN,NaN,NaN,NaN,NaN,10681,-10860,-179,18572,-11141,7431,2868,-10120,-7252
2016-03-29T22:00:00Z,13.79,13.9,13.72,13.73,10681,-10860,-179,18572,-11141,7431,2868,-10120,-7252,NaN,NaN,NaN,NaN,NaN,10681,-10860,-179,18572,-11141,7431,2868,-10120,-7252
2016-03-30T22:00:00Z,13.72,13.88,13.72,13.84,10681,-10860,-179,18572,-11141,7431,2868,-10120,-7252,NaN,NaN,NaN,NaN,NaN,10681,-10860,-179,18572,-11141,7431,2868,-10120,-7252
2016-03-31T22:00:00Z,13.79,13.84,13.76,13.81,10681,-10860,-179,18572,-11141,7431,2868,-10120,-7252,NaN,NaN,NaN,NaN,NaN,10681,-10860,-179,18572,-11141,7431,2868,-10120,-7252
2016-04-03T22:00:00Z,13.83,13.85,13.73,13.74,10681,-10860,-179,18572,-11141,7431,2868,-10120,-7252,NaN,NaN,NaN,NaN,NaN,10681,-10860,-179,18572,-11141,7431,2868,-10120,-7252
2016-04-04T22:00:00Z,13.73,13.78,13.71,13.73,9142,-10254,-1112,18018,-10220,7798,3161,-9847,-6686,NaN,NaN,NaN,NaN,NaN,9142,-10254,-1112,18018,-10220,7798,3161,-9847,-6686
2016-04-05T22:00:00Z,13.7,13.79,13.69,13.76,9142,-10254,-1112,18018,-10220,7798,3161,-9847,-6686,NaN,NaN,NaN,NaN,NaN,9142,-10254,-1112,18018,-10220,7798,3161,-9847,-6686
2016-04-06T22:00:00Z,13.77,13.77,13.71,13.75,9142,-10254,-1112,18018,-10220,7798,3161,-9847,-6686,NaN,NaN,NaN,NaN,NaN,9142,-10254,-1112,18018,-10220,7798,3161,-9847,-6686
2016-04-07T22:00:00Z,13.75,13.77,13.73,13.77,9142,-10254,-1112,18018,-10220,7798,3161,-9847,-6686,NaN,NaN,NaN,NaN,NaN,9142,-10254,-1112,18018,-10220,7798,3161,-9847,-6686
2016-04-10T22:00:00Z,13.76,13.78,13.72,13.76,9142,-10254,-1112,18018,-10220,7798,3161,-9847,-6686,NaN,NaN,NaN,NaN,NaN,9142,-10254,-1112,18018,-10220,7798,3161,-9847,-6686
2016-04-11T22:00:00Z,13.77,13.83,13.77,13.81,9387,-10359,-972,17872,-10326,7546,3232,-9806,-6574,NaN,NaN,NaN,NaN,NaN,9387,-10359,-972,17872,-10326,7546,3232,-9806,-6574
2016-04-12T22:00:00Z,13.79,13.81,13.73,13.74,9387,-10359,-972,17872,-10326,7546,3232,-9806,-6574,NaN,NaN,NaN,NaN,NaN,9387,-10359,-972,17872,-10326,7546,3232,-9806,-6574
2016-04-13T22:00:00Z,13.73,13.75,13.71,13.71,9387,-10359,-972,17872,-10326,7546,3232,-9806,-6574,NaN,NaN,NaN,NaN,NaN,9387,-10359,-972,17872,-10326,7546,3232,-9806,-6574
2016-04-14T22:00:00Z,13.73,13.74,13.71,13.73,9387,-10359,-972,17872,-10326,7546,3232,-9806,-6574,NaN,NaN,NaN,NaN,NaN,9387,-10359,-972,17872,-10326,7546,3232,-9806,-6574
2016-04-17T22:00:00Z,13.71,13.73,13.71,13.72,9387,-10359,-972,17872,-10326,7546,3232,-9806,-6574,NaN,NaN,NaN,NaN,NaN,9387,-10359,-972,17872,-10326,7546,3232,-9806,-6574
2016-04-18T22:00:00Z,13.71,13.72,13.7,13.71,9747,-10503,-756,17602,-10587,7015,3404,-9663,-6259,NaN,NaN,NaN,NaN,NaN,9747,-10503,-756,17602,-10587,7015,3404,-9663,-6259
2016-04-19T22:00:00Z,13.7,13.72,13.66,13.66,9747,-10503,-756,17602,-10587,7015,3404,-9663,-6259,NaN,NaN,NaN,NaN,NaN,9747,-10503,-756,17602,-10587,7015,3404,-9663,-6259
2016-04-20T22:00:00Z,13.65,13.67,13.65,13.67,9747,-10503,-756,17602,-10587,7015,3404,-9663,-6259,NaN,NaN,NaN,NaN,NaN,9747,-10503,-756,17602,-10587,7015,3404,-9663,-6259
2016-04-21T22:00:00Z,13.66,13.66,13.65,13.65,9747,-10503,-756,17602,-10587,7015,3404,-9663,-6259,NaN,NaN,NaN,NaN,NaN,9747,-10503,-756,17602,-10587,7015,3404,-9663,-6259
2016-04-24T22:00:00Z,13.66,13.66,13.64,13.64,9747,-10503,-756,17602,-10587,7015,3404,-9663,-6259,NaN,NaN,NaN,NaN,NaN,9747,-10503,-756,17602,-10587,7015,3404,-9663,-6259
2016-04-25T22:00:00Z,13.65,13.65,13.63,13.63,10832,-10792,40,17522,-11831,5691,3635,-9366,-5731,NaN,NaN,NaN,NaN,NaN,10832,-10792,40,17522,-11831,5691,3635,-9366,-5731
2016-04-26T22:00:00Z,13.65,13.65,13.61,13.62,10832,-10792,40,17522,-11831,5691,3635,-9366,-5731,NaN,NaN,NaN,NaN,NaN,10832,-10792,40,17522,-11831,5691,3635,-9366,-5731
2016-04-27T22:00:00Z,13.62,13.63,13.62,13.63,10832,-10792,40,17522,-11831,5691,3635,-9366,-5731,NaN,NaN,NaN,NaN,NaN,10832,-10792,40,17522,-11831,5691,3635,-9366,-5731
2016-04-28T22:00:00Z,13.2,13.22,13.1,13.16,10832,-10792,40,17522,-11831,5691,3635,-9366,-5731,NaN,NaN,NaN,NaN,NaN,10832,-10792,40,17522,-11831,5691,3635,-9366,-5731
2016-05-01T22:00:00Z,13.14,13.15,12.96,13.03,10832,-10792,40,17522,-11831,5691,3635,-9366,-5731,NaN,NaN,NaN,NaN,NaN,10832,-10792,40,17522,-11831,5691,3635,-9366,-5731
2016-05-02T22:00:00Z,12.99,13.04,12.92,12.96,11567,-11402,165,18481,-12388,6093,3566,-9824,-6258,NaN,NaN,NaN,NaN,NaN,11567,-11402,165,18481,-12388,6093,3566,-9824,-6258
2016-05-03T22:00:00Z,12.96,13,12.87,12.95,11567,-11402,165,18481,-12388,6093,3566,-9824,-6258,NaN,NaN,NaN,NaN,NaN,11567,-11402,165,18481,-12388,6093,3566,-9824,-6258
2016-05-04T22:00:00Z,12.91,12.95,12.85,12.88,11567,-11402,165,18481,-12388,6093,3566,-9824,-6258,NaN,NaN,NaN,NaN,NaN,11567,-11402,165,18481,-12388,6093,3566,-9824,-6258
2016-05-05T22:00:00Z,12.87,12.9,12.82,12.87,11567,-11402,165,18481,-12388,6093,3566,-9824,-6258,NaN,NaN,NaN,NaN,NaN,11567,-11402,165,18481,-12388,6093,3566,-9824,-6258
2016-05-08T22:00:00Z,12.89,12.89,12.74,12.75,11567,-11402,165,18481,-12388,6093,3566,-9824,-6258,NaN,NaN,NaN,NaN,NaN,11567,-11402,165,18481,-12388,6093,3566,-9824,-6258
2016-05-09T22:00:00Z,12.72,12.77,12.71,12.77,11091,-10265,826,17300,-12177,5123,3194,-9143,-5949,NaN,NaN,NaN,NaN,NaN,11091,-10265,826,17300,-12177,5123,3194,-9143,-5949
2016-05-10T22:00:00Z,12.78,12.82,12.75,12.79,11091,-10265,826,17300,-12177,5123,3194,-9143,-5949,NaN,NaN,NaN,NaN,NaN,11091,-10265,826,17300,-12177,5123,3194,-9143,-5949
2016-05-11T22:00:00Z,12.8,12.81,12.72,12.74,11091,-10265,826,17300,-12177,5123,3194,-9143,-5949,NaN,NaN,NaN,NaN,NaN,11091,-10265,826,17300,-12177,5123,3194,-9143,-5949
2016-05-12T22:00:00Z,12.71,12.76,12.71,12.73,11091,-10265,826,17300,-12177,5123,3194,-9143,-5949,NaN,NaN,NaN,NaN,NaN,11091,-10265,826,17300,-12177,5123,3194,-9143,-5949
2016-05-15T22:00:00Z,12.72,12.75,12.72,12.74,11091,-10265,826,17300,-12177,5123,3194,-9143,-5949,NaN,NaN,NaN,NaN,NaN,11091,-10265,826,17300,-12177,5123,3194,-9143,-5949
2016-05-16T22:00:00Z,12.75,12.76,12.74,12.75,11673,-10465,1208,16805,-12203,4602,3447,-9257,-5810,NaN,NaN,NaN,NaN,NaN,11673,-10465,1208,16805,-12203,4602,3447,-9257,-5810
2016-05-17T22:00:00Z,12.75,12.78,12.73,12.78,11673,-10465,1208,16805,-12203,4602,3447,-9257,-5810,NaN,NaN,NaN,NaN,NaN,11673,-10465,1208,16805,-12203,4602,3447,-9257,-5810
2016-05-18T22:00:00Z,12.79,12.8,12.78,12.8,11673,-10465,1208,16805,-12203,4602,3447,-9257,-5810,NaN,NaN,NaN,NaN,NaN,11673,-10465,1208,16805,-12203,4602,3447,-9257,-5810
2016-05-19T22:00:00Z,12.81,12.82,12.8,12.82,11673,-10465,1208,16805,-12203,4602,3447,-9257,-5810,NaN,NaN,NaN,NaN,NaN,11673,-10465,1208,16805,-12203,4602,3447,-9257,-5810
2016-05-22T22:00:00Z,12.8,12.84,12.8,12.83,11673,-10465,1208,16805,-12203,4602,3447,-9257,-5810,NaN,NaN,NaN,NaN,NaN,11673,-10465,1208,16805,-12203,4602,3447,-9257,-5810
2016-05-23T22:00:00Z,12.82,12.84,12.81,12.82,12001,-10495,1506,16720,-12469,4251,3482,-9239,-5757,NaN,NaN,NaN,NaN,NaN,12001,-10495,1506,16720,-12469,4251,3482,-9239,-5757
2016-05-24T22:00:00Z,12.83,12.83,12.77,12.8,12001,-10495,1506,16720,-12469,4251,3482,-9239,-5757,NaN,NaN,NaN,NaN,NaN,12001,-10495,1506,16720,-12469,4251,3482,-9239,-5757
2016-05-25T22:00:00Z,12.78,12.82,12.78,12.82,12001,-10495,1506,16720,-12469,4251,3482,-9239,-5757,NaN,NaN,NaN,NaN,NaN,12001,-10495,1506,16720,-12469,4251,3482,-9239,-5757
2016-05-26T22:00:00Z,12.92,13.34,12.82,12.87,12001,-10495,1506,16720,-12469,4251,3482,-9239,-5757,NaN,NaN,NaN,NaN,NaN,12001,-10495,1506,16720,-12469,4251,3482,-9239,-5757
2016-05-29T22:00:00Z,12.93,13.02,12.77,12.83,12131,-10720,1411,16876,-12527,4349,3479,-9239,-5760,NaN,NaN,NaN,NaN,NaN,12131,-10720,1411,16876,-12527,4349,3479,-9239,-5760
2016-05-31T22:00:00Z,12.8,12.93,12.8,12.87,12131,-10720,1411,16876,-12527,4349,3479,-9239,-5760,NaN,NaN,NaN,NaN,NaN,12131,-10720,1411,16876,-12527,4349,3479,-9239,-5760
2016-06-01T22:00:00Z,12.87,13.09,12.84,13.05,12131,-10720,1411,16876,-12527,4349,3479,-9239,-5760,NaN,NaN,NaN,NaN,NaN,12131,-10720,1411,16876,-12527,4349,3479,-9239,-5760
2016-06-02T22:00:00Z,13.08,13.2,13.08,13.13,12131,-10720,1411,16876,-12527,4349,3479,-9239,-5760,NaN,NaN,NaN,NaN,NaN,12131,-10720,1411,16876,-12527,4349,3479,-9239,-5760
2016-06-05T22:00:00Z,13.18,13.27,13.14,13.26,12131,-10720,1411,16876,-12527,4349,3479,-9239,-5760,NaN,NaN,NaN,NaN,NaN,12131,-10720,1411,16876,-12527,4349,3479,-9239,-5760
2016-06-06T22:00:00Z,13.25,13.25,13.07,13.15,10871,-10463,408,14884,-10412,4472,3149,-8029,-4880,NaN,NaN,NaN,NaN,NaN,10871,-10463,408,14884,-10412,4472,3149,-8029,-4880
2016-06-07T22:00:00Z,13.12,13.29,13.08,13.26,10871,-10463,408,14884,-10412,4472,3149,-8029,-4880,NaN,NaN,NaN,NaN,NaN,10871,-10463,408,14884,-10412,4472,3149,-8029,-4880
2016-06-08T22:00:00Z,13.25,13.29,13.22,13.28,10871,-10463,408,14884,-10412,4472,3149,-8029,-4880,NaN,NaN,NaN,NaN,NaN,10871,-10463,408,14884,-10412,4472,3149,-8029,-4880
2016-06-09T22:00:00Z,13.25,13.27,13.21,13.25,10871,-10463,408,14884,-10412,4472,3149,-8029,-4880,NaN,NaN,NaN,NaN,NaN,10871,-10463,408,14884,-10412,4472,3149,-8029,-4880
2016-06-12T22:00:00Z,13.25,13.35,13.25,13.35,10871,-10463,408,14884,-10412,4472,3149,-8029,-4880,NaN,NaN,NaN,NaN,NaN,10871,-10463,408,14884,-10412,4472,3149,-8029,-4880
2016-06-13T22:00:00Z,13.32,13.35,13.28,13.28,11002,-13113,-2111,16726,-10574,6152,3551,-7592,-4041,NaN,NaN,NaN,NaN,NaN,11002,-13113,-2111,16726,-10574,6152,3551,-7592,-4041
2016-06-14T22:00:00Z,13.28,13.31,13.25,13.25,11002,-13113,-2111,16726,-10574,6152,3551,-7592,-4041,NaN,NaN,NaN,NaN,NaN,11002,-13113,-2111,16726,-10574,6152,3551,-7592,-4041
2016-06-15T22:00:00Z,13.24,13.26,13.22,13.22,11002,-13113,-2111,16726,-10574,6152,3551,-7592,-4041,NaN,NaN,NaN,NaN,NaN,11002,-13113,-2111,16726,-10574,6152,3551,-7592,-4041
2016-06-16T22:00:00Z,13.24,13.24,13.21,13.21,11002,-13113,-2111,16726,-10574,6152,3551,-7592,-4041,NaN,NaN,NaN,NaN,NaN,11002,-13113,-2111,16726,-10574,6152,3551,-7592,-4041
2016-06-19T22:00:00Z,13.23,13.23,13.22,13.23,11002,-13113,-2111,16726,-10574,6152,3551,-7592,-4041,NaN,NaN,NaN,NaN,NaN,11002,-13113,-2111,16726,-10574,6152,3551,-7592,-4041
2016-06-20T22:00:00Z,13.23,13.24,13.21,13.21,11306,-13710,-2404,16347,-10093,6254,3598,-7448,-3850,NaN,NaN,NaN,NaN,NaN,11306,-13710,-2404,16347,-10093,6254,3598,-7448,-3850
2016-06-21T22:00:00Z,13.23,13.24,13.22,13.24,11306,-13710,-2404,16347,-10093,6254,3598,-7448,-3850,NaN,NaN,NaN,NaN,NaN,11306,-13710,-2404,16347,-10093,6254,3598,-7448,-3850
2016-06-22T22:00:00Z,13.24,13.26,13.23,13.24,11306,-13710,-2404,16347,-10093,6254,3598,-7448,-3850,NaN,NaN,NaN,NaN,NaN,11306,-13710,-2404,16347,-10093,6254,3598,-7448,-3850
2016-06-23T22:00:00Z,15.01,15.01,14.8,14.83,11306,-13710,-2404,16347,-10093,6254,3598,-7448,-3850,NaN,NaN,NaN,NaN,NaN,11306,-13710,-2404,16347,-10093,6254,3598,-7448,-3850
2016-06-26T22:00:00Z,14.81,14.94,14.67,14.89,11306,-13710,-2404,16347,-10093,6254,3598,-7448,-3850,NaN,NaN,NaN,NaN,NaN,11306,-13710,-2404,16347,-10093,6254,3598,-7448,-3850
2016-06-27T22:00:00Z,14.89,15.2,14.82,15.2,11522,-13495,-1973,16195,-10097,6098,3510,-7635,-4125,NaN,NaN,NaN,NaN,NaN,11522,-13495,-1973,16195,-10097,6098,3510,-7635,-4125
2016-06-28T22:00:00Z,15.2,15.58,15.17,15.33,11522,-13495,-1973,16195,-10097,6098,3510,-7635,-4125,NaN,NaN,NaN,NaN,NaN,11522,-13495,-1973,16195,-10097,6098,3510,-7635,-4125
2016-06-29T22:00:00Z,15.28,15.51,15.23,15.3,11522,-13495,-1973,16195,-10097,6098,3510,-7635,-4125,NaN,NaN,NaN,NaN,NaN,11522,-13495,-1973,16195,-10097,6098,3510,-7635,-4125
2016-06-30T22:00:00Z,15.26,15.47,15,15.05,11522,-13495,-1973,16195,-10097,6098,3510,-7635,-4125,NaN,NaN,NaN,NaN,NaN,11522,-13495,-1973,16195,-10097,6098,3510,-7635,-4125
2016-07-03T22:00:00Z,15.05,15.08,14.89,14.98,10071,-12636,-2565,15130,-8773,6357,3242,-7034,-3792,NaN,NaN,NaN,NaN,NaN,10071,-12636,-2565,15130,-8773,6357,3242,-7034,-3792
2016-07-05T22:00:00Z,14.97,15.28,14.93,15.19,10071,-12636,-2565,15130,-8773,6357,3242,-7034,-3792,NaN,NaN,NaN,NaN,NaN,10071,-12636,-2565,15130,-8773,6357,3242,-7034,-3792
2016-07-06T22:00:00Z,15.15,15.4,15.09,15.21,10071,-12636,-2565,15130,-8773,6357,3242,-7034,-3792,NaN,NaN,NaN,NaN,NaN,10071,-12636,-2565,15130,-8773,6357,3242,-7034,-3792
2016-07-07T22:00:00Z,15.22,15.32,15.19,15.21,10071,-12636,-2565,15130,-8773,6357,3242,-7034,-3792,NaN,NaN,NaN,NaN,NaN,10071,-12636,-2565,15130,-8773,6357,3242,-7034,-3792
2016-07-10T22:00:00Z,15.2,15.27,15.17,15.2,10071,-12636,-2565,15130,-8773,6357,3242,-7034,-3792,NaN,NaN,NaN,NaN,NaN,10071,-12636,-2565,15130,-8773,6357,3242,-7034,-3792
2016-07-11T22:00:00Z,15.22,15.23,15.2,15.21,10252,-12837,-2585,15361,-8849,6512,3283,-7210,-3927,NaN,NaN,NaN,NaN,NaN,10252,-12837,-2585,15361,-8849,6512,3283,-7210,-3927
2016-07-12T22:00:00Z,15.25,15.27,15.24,15.26,10252,-12837,-2585,15361,-8849,6512,3283,-7210,-3927,NaN,NaN,NaN,NaN,NaN,10252,-12837,-2585,15361,-8849,6512,3283,-7210,-3927
2016-07-13T22:00:00Z,15.26,15.35,15.25,15.35,10252,-12837,-2585,15361,-8849,6512,3283,-7210,-3927,NaN,NaN,NaN,NaN,NaN,10252,-12837,-2585,15361,-8849,6512,3283,-7210,-3927
2016-07-14T22:00:00Z,15.31,15.36,15.31,15.33,10252,-12837,-2585,15361,-8849,6512,3283,-7210,-3927,NaN,NaN,NaN,NaN,NaN,10252,-12837,-2585,15361,-8849,6512,3283,-7210,-3927
2016-07-17T22:00:00Z,15.35,15.36,15.32,15.34,10252,-12837,-2585,15361,-8849,6512,3283,-7210,-3927,NaN,NaN,NaN,NaN,NaN,10252,-12837,-2585,15361,-8849,6512,3283,-7210,-3927
2016-07-18T22:00:00Z,15.33,15.35,15.33,15.35,10614,-13688,-3074,15751,-8983,6768,3426,-7120,-3694,NaN,NaN,NaN,NaN,NaN,10614,-13688,-3074,15751,-8983,6768,3426,-7120,-3694
2016-07-19T22:00:00Z,15.34,15.34,15.27,15.29,10614,-13688,-3074,15751,-8983,6768,3426,-7120,-3694,NaN,NaN,NaN,NaN,NaN,10614,-13688,-3074,15751,-8983,6768,3426,-7120,-3694
2016-07-20T22:00:00Z,15.27,15.29,15.26,15.27,10614,-13688,-3074,15751,-8983,6768,3426,-7120,-3694,NaN,NaN,NaN,NaN,NaN,10614,-13688,-3074,15751,-8983,6768,3426,-7120,-3694
2016-07-21T22:00:00Z,15.27,15.29,15.27,15.29,10614,-13688,-3074,15751,-8983,6768,3426,-7120,-3694,NaN,NaN,NaN,NaN,NaN,10614,-13688,-3074,15751,-8983,6768,3426,-7120,-3694
2016-07-24T22:00:00Z,15.28,15.3,15.28,15.3,10614,-13688,-3074,15751,-8983,6768,3426,-7120,-3694,NaN,NaN,NaN,NaN,NaN,10614,-13688,-3074,15751,-8983,6768,3426,-7120,-3694
2016-07-25T22:00:00Z,15.28,15.3,15.27,15.29,11077,-13750,-2673,15967,-9230,6737,3330,-7394,-4064,NaN,NaN,NaN,NaN,NaN,11077,-13750,-2673,15967,-9230,6737,3330,-7394,-4064
2016-07-26T22:00:00Z,15.28,15.3,15.25,15.27,11077,-13750,-2673,15967,-9230,6737,3330,-7394,-4064,NaN,NaN,NaN,NaN,NaN,11077,-13750,-2673,15967,-9230,6737,3330,-7394,-4064
2016-07-27T22:00:00Z,15.27,15.28,15.26,15.27,11077,-13750,-2673,15967,-9230,6737,3330,-7394,-4064,NaN,NaN,NaN,NaN,NaN,11077,-13750,-2673,15967,-9230,6737,3330,-7394,-4064
2016-07-28T22:00:00Z,16.83,16.92,16.75,16.83,11077,-13750,-2673,15967,-9230,6737,3330,-7394,-4064,NaN,NaN,NaN,NaN,NaN,11077,-13750,-2673,15967,-9230,6737,3330,-7394,-4064
2016-07-31T22:00:00Z,16.84,16.98,16.83,16.87,11077,-13750,-2673,15967,-9230,6737,3330,-7394,-4064,NaN,NaN,NaN,NaN,NaN,11077,-13750,-2673,15967,-9230,6737,3330,-7394,-4064
2016-08-01T22:00:00Z,16.89,17.07,16.89,17.03,11409,-14197,-2788,16192,-9230,6962,3418,-7592,-4174,NaN,NaN,NaN,NaN,NaN,11409,-14197,-2788,16192,-9230,6962,3418,-7592,-4174
2016-08-02T22:00:00Z,17.05,17.09,16.94,16.96,11409,-14197,-2788,16192,-9230,6962,3418,-7592,-4174,NaN,NaN,NaN,NaN,NaN,11409,-14197,-2788,16192,-9230,6962,3418,-7592,-4174
2016-08-03T22:00:00Z,16.98,17.09,16.92,17.04,11409,-14197,-2788,16192,-9230,6962,3418,-7592,-4174,NaN,NaN,NaN,NaN,NaN,11409,-14197,-2788,16192,-9230,6962,3418,-7592,-4174
2016-08-04T22:00:00Z,17.02,17.12,16.98,17.12,11409,-14197,-2788,16192,-9230,6962,3418,-7592,-4174,NaN,NaN,NaN,NaN,NaN,11409,-14197,-2788,16192,-9230,6962,3418,-7592,-4174
2016-08-07T22:00:00Z,17.12,17.18,17.1,17.14,11409,-14197,-2788,16192,-9230,6962,3418,-7592,-4174,NaN,NaN,NaN,NaN,NaN,11409,-14197,-2788,16192,-9230,6962,3418,-7592,-4174
2016-08-08T22:00:00Z,17.16,17.2,17,17.07,10688,-13451,-2763,13489,-6909,6580,3439,-7256,-3817,NaN,NaN,NaN,NaN,NaN,10688,-13451,-2763,13489,-6909,6580,3439,-7256,-3817
2016-08-09T22:00:00Z,17.1,17.1,16.95,17.01,10688,-13451,-2763,13489,-6909,6580,3439,-7256,-3817,NaN,NaN,NaN,NaN,NaN,10688,-13451,-2763,13489,-6909,6580,3439,-7256,-3817
2016-08-10T22:00:00Z,16.98,17.02,16.96,16.99,10688,-13451,-2763,13489,-6909,6580,3439,-7256,-3817,NaN,NaN,NaN,NaN,NaN,10688,-13451,-2763,13489,-6909,6580,3439,-7256,-3817
2016-08-11T22:00:00Z,16.99,17.02,16.95,16.97,10688,-13451,-2763,13489,-6909,6580,3439,-7256,-3817,NaN,NaN,NaN,NaN,NaN,10688,-13451,-2763,13489,-6909,6580,3439,-7256,-3817
2016-08-14T22:00:00Z,17,17.02,16.98,17.01,10688,-13451,-2763,13489,-6909,6580,3439,-7256,-3817,NaN,NaN,NaN,NaN,NaN,10688,-13451,-2763,13489,-6909,6580,3439,-7256,-3817
2016-08-15T22:00:00Z,16.99,17.02,16.98,17,11378,-14058,-2680,14167,-7744,6423,3483,-7226,-3743,NaN,NaN,NaN,NaN,NaN,11378,-14058,-2680,14167,-7744,6423,3483,-7226,-3743
2016-08-16T22:00:00Z,17.01,17.01,16.95,16.97,11378,-14058,-2680,14167,-7744,6423,3483,-7226,-3743,NaN,NaN,NaN,NaN,NaN,11378,-14058,-2680,14167,-7744,6423,3483,-7226,-3743
2016-08-17T22:00:00Z,16.96,16.97,16.95,16.95,11378,-14058,-2680,14167,-7744,6423,3483,-7226,-3743,NaN,NaN,NaN,NaN,NaN,11378,-14058,-2680,14167,-7744,6423,3483,-7226,-3743
2016-08-18T22:00:00Z,16.96,16.96,16.95,16.95,11378,-14058,-2680,14167,-7744,6423,3483,-7226,-3743,NaN,NaN,NaN,NaN,NaN,11378,-14058,-2680,14167,-7744,6423,3483,-7226,-3743
2016-08-21T22:00:00Z,16.96,16.96,16.95,16.96,11378,-14058,-2680,14167,-7744,6423,3483,-7226,-3743,NaN,NaN,NaN,NaN,NaN,11378,-14058,-2680,14167,-7744,6423,3483,-7226,-3743
2016-08-22T22:00:00Z,16.95,16.96,16.94,16.96,11567,-15500,-3933,16408,-8587,7821,3505,-7393,-3888,NaN,NaN,NaN,NaN,NaN,11567,-15500,-3933,16408,-8587,7821,3505,-7393,-3888
2016-08-23T22:00:00Z,16.94,16.96,16.92,16.92,11567,-15500,-3933,16408,-8587,7821,3505,-7393,-3888,NaN,NaN,NaN,NaN,NaN,11567,-15500,-3933,16408,-8587,7821,3505,-7393,-3888
2016-08-24T22:00:00Z,16.92,16.93,16.91,16.92,11567,-15500,-3933,16408,-8587,7821,3505,-7393,-3888,NaN,NaN,NaN,NaN,NaN,11567,-15500,-3933,16408,-8587,7821,3505,-7393,-3888
2016-08-25T22:00:00Z,17.11,17.13,16.43,16.63,11567,-15500,-3933,16408,-8587,7821,3505,-7393,-3888,NaN,NaN,NaN,NaN,NaN,11567,-15500,-3933,16408,-8587,7821,3505,-7393,-3888
2016-08-28T22:00:00Z,16.54,16.57,16.41,16.52,11567,-15500,-3933,16408,-8587,7821,3505,-7393,-3888,NaN,NaN,NaN,NaN,NaN,11567,-15500,-3933,16408,-8587,7821,3505,-7393,-3888
2016-08-29T22:00:00Z,16.53,16.75,16.51,16.6,12079,-17507,-5428,17545,-8143,9402,3492,-7466,-3974,NaN,NaN,NaN,NaN,NaN,12079,-17507,-5428,17545,-8143,9402,3492,-7466,-3974
2016-08-30T22:00:00Z,16.58,16.68,16.44,16.52,12079,-17507,-5428,17545,-8143,9402,3492,-7466,-3974,NaN,NaN,NaN,NaN,NaN,12079,-17507,-5428,17545,-8143,9402,3492,-7466,-3974
2016-08-31T22:00:00Z,16.48,16.83,16.44,16.8,12079,-17507,-5428,17545,-8143,9402,3492,-7466,-3974,NaN,NaN,NaN,NaN,NaN,12079,-17507,-5428,17545,-8143,9402,3492,-7466,-3974
2016-09-01T22:00:00Z,16.81,16.95,16.79,16.9,12079,-17507,-5428,17545,-8143,9402,3492,-7466,-3974,NaN,NaN,NaN,NaN,NaN,12079,-17507,-5428,17545,-8143,9402,3492,-7466,-3974
2016-09-04T22:00:00Z,16.87,17.05,16.84,17,10711,-15772,-5061,15799,-7404,8395,3192,-6526,-3334,NaN,NaN,NaN,NaN,NaN,10711,-15772,-5061,15799,-7404,8395,3192,-6526,-3334
2016-09-06T22:00:00Z,16.99,17.01,16.79,16.81,10711,-15772,-5061,15799,-7404,8395,3192,-6526,-3334,NaN,NaN,NaN,NaN,NaN,10711,-15772,-5061,15799,-7404,8395,3192,-6526,-3334
2016-09-07T22:00:00Z,16.76,16.8,16.52,16.53,10711,-15772,-5061,15799,-7404,8395,3192,-6526,-3334,NaN,NaN,NaN,NaN,NaN,10711,-15772,-5061,15799,-7404,8395,3192,-6526,-3334
2016-09-08T22:00:00Z,16.58,16.64,16.5,16.51,10711,-15772,-5061,15799,-7404,8395,3192,-6526,-3334,NaN,NaN,NaN,NaN,NaN,10711,-15772,-5061,15799,-7404,8395,3192,-6526,-3334
2016-09-11T22:00:00Z,16.53,16.54,16.36,16.42,10711,-15772,-5061,15799,-7404,8395,3192,-6526,-3334,NaN,NaN,NaN,NaN,NaN,10711,-15772,-5061,15799,-7404,8395,3192,-6526,-3334
2016-09-12T22:00:00Z,16.42,16.48,16.39,16.45,10708,-16069,-5361,16208,-7528,8680,3249,-6568,-3319,NaN,NaN,NaN,NaN,NaN,10708,-16069,-5361,16208,-7528,8680,3249,-6568,-3319
2016-09-13T22:00:00Z,16.45,16.47,16.4,16.41,10708,-16069,-5361,16208,-7528,8680,3249,-6568,-3319,NaN,NaN,NaN,NaN,NaN,10708,-16069,-5361,16208,-7528,8680,3249,-6568,-3319
2016-09-14T22:00:00Z,16.4,16.44,16.39,16.4,10708,-16069,-5361,16208,-7528,8680,3249,-6568,-3319,NaN,NaN,NaN,NaN,NaN,10708,-16069,-5361,16208,-7528,8680,3249,-6568,-3319
2016-09-15T22:00:00Z,16.4,16.42,16.35,16.37,10708,-16069,-5361,16208,-7528,8680,3249,-6568,-3319,NaN,NaN,NaN,NaN,NaN,10708,-16069,-5361,16208,-7528,8680,3249,-6568,-3319
2016-09-18T22:00:00Z,16.38,16.38,16.34,16.34,10708,-16069,-5361,16208,-7528,8680,3249,-6568,-3319,NaN,NaN,NaN,NaN,NaN,10708,-16069,-5361,16208,-7528,8680,3249,-6568,-3319
2016-09-19T22:00:00Z,16.35,16.36,16.34,16.36,11135,-16528,-5393,16319,-7173,9146,3123,-6876,-3753,NaN,NaN,NaN,NaN,NaN,11135,-16528,-5393,16319,-7173,9146,3123,-6876,-3753
2016-09-20T22:00:00Z,16.35,16.42,16.35,16.42,11135,-16528,-5393,16319,-7173,9146,3123,-6876,-3753,NaN,NaN,NaN,NaN,NaN,11135,-16528,-5393,16319,-7173,9146,3123,-6876,-3753
2016-09-21T22:00:00Z,16.38,16.42,16.38,16.39,11135,-16528,-5393,16319,-7173,9146,3123,-6876,-3753,NaN,NaN,NaN,NaN,NaN,11135,-16528,-5393,16319,-7173,9146,3123,-6876,-3753
2016-09-22T22:00:00Z,16.4,16.4,16.38,16.38,11135,-16528,-5393,16319,-7173,9146,3123,-6876,-3753,NaN,NaN,NaN,NaN,NaN,11135,-16528,-5393,16319,-7173,9146,3123,-6876,-3753
2016-09-25T22:00:00Z,16.4,16.4,16.37,16.38,11135,-16528,-5393,16319,-7173,9146,3123,-6876,-3753,NaN,NaN,NaN,NaN,NaN,11135,-16528,-5393,16319,-7173,9146,3123,-6876,-3753
2016-09-26T22:00:00Z,16.4,16.4,16.38,16.38,11890,-17138,-5248,17910,-7929,9981,2784,-7517,-4733,NaN,NaN,NaN,NaN,NaN,11890,-17138,-5248,17910,-7929,9981,2784,-7517,-4733
2016-09-27T22:00:00Z,16.38,16.41,16.37,16.41,11890,-17138,-5248,17910,-7929,9981,2784,-7517,-4733,NaN,NaN,NaN,NaN,NaN,11890,-17138,-5248,17910,-7929,9981,2784,-7517,-4733
2016-09-28T22:00:00Z,16.4,16.4,16.39,16.39,11890,-17138,-5248,17910,-7929,9981,2784,-7517,-4733,NaN,NaN,NaN,NaN,NaN,11890,-17138,-5248,17910,-7929,9981,2784,-7517,-4733
2016-09-29T22:00:00Z,15.15,15.28,15.12,15.17,11890,-17138,-5248,17910,-7929,9981,2784,-7517,-4733,NaN,NaN,NaN,NaN,NaN,11890,-17138,-5248,17910,-7929,9981,2784,-7517,-4733
2016-10-02T22:00:00Z,15.16,15.25,15.1,15.18,11890,-17138,-5248,17910,-7929,9981,2784,-7517,-4733,NaN,NaN,NaN,NaN,NaN,11890,-17138,-5248,17910,-7929,9981,2784,-7517,-4733
2016-10-03T22:00:00Z,15.16,15.2,14.96,15.02,12124,-17640,-5516,18796,-8454,10342,2599,-7425,-4826,NaN,NaN,NaN,NaN,NaN,12124,-17640,-5516,18796,-8454,10342,2599,-7425,-4826
2016-10-04T22:00:00Z,14.98,15.02,14.9,14.95,12124,-17640,-5516,18796,-8454,10342,2599,-7425,-4826,NaN,NaN,NaN,NaN,NaN,12124,-17640,-5516,18796,-8454,10342,2599,-7425,-4826
2016-10-05T22:00:00Z,14.93,15.06,14.92,14.97,12124,-17640,-5516,18796,-8454,10342,2599,-7425,-4826,NaN,NaN,NaN,NaN,NaN,12124,-17640,-5516,18796,-8454,10342,2599,-7425,-4826
2016-10-06T22:00:00Z,15,15.08,14.97,14.99,12124,-17640,-5516,18796,-8454,10342,2599,-7425,-4826,NaN,NaN,NaN,NaN,NaN,12124,-17640,-5516,18796,-8454,10342,2599,-7425,-4826
2016-10-09T22:00:00Z,15.01,15.01,14.8,14.87,12124,-17640,-5516,18796,-8454,10342,2599,-7425,-4826,NaN,NaN,NaN,NaN,NaN,12124,-17640,-5516,18796,-8454,10342,2599,-7425,-4826
2016-10-10T22:00:00Z,14.86,14.86,14.67,14.7,11371,-15412,-4041,17449,-8212,9237,1848,-7044,-5196,NaN,NaN,NaN,NaN,NaN,11371,-15412,-4041,17449,-8212,9237,1848,-7044,-5196
2016-10-11T22:00:00Z,14.7,14.78,14.7,14.74,11371,-15412,-4041,17449,-8212,9237,1848,-7044,-5196,NaN,NaN,NaN,NaN,NaN,11371,-15412,-4041,17449,-8212,9237,1848,-7044,-5196
2016-10-12T22:00:00Z,14.73,14.75,14.65,14.65,11371,-15412,-4041,17449,-8212,9237,1848,-7044,-5196,NaN,NaN,NaN,NaN,NaN,11371,-15412,-4041,17449,-8212,9237,1848,-7044,-5196
2016-10-13T22:00:00Z,14.68,14.68,14.67,14.68,11371,-15412,-4041,17449,-8212,9237,1848,-7044,-5196,NaN,NaN,NaN,NaN,NaN,11371,-15412,-4041,17449,-8212,9237,1848,-7044,-5196
2016-10-16T22:00:00Z,14.69,14.72,14.65,14.69,11371,-15412,-4041,17449,-8212,9237,1848,-7044,-5196,NaN,NaN,NaN,NaN,NaN,11371,-15412,-4041,17449,-8212,9237,1848,-7044,-5196
2016-10-17T22:00:00Z,14.71,14.78,14.7,14.74,11564,-15016,-3452,17395,-8944,8451,2245,-7244,-4999,NaN,NaN,NaN,NaN,NaN,11564,-15016,-3452,17395,-8944,8451,2245,-7244,-4999
2016-10-18T22:00:00Z,14.75,14.77,14.69,14.74,11564,-15016,-3452,17395,-8944,8451,2245,-7244,-4999,NaN,NaN,NaN,NaN,NaN,11564,-15016,-3452,17395,-8944,8451,2245,-7244,-4999
2016-10-19T22:00:00Z,14.77,14.77,14.72,14.72,11564,-15016,-3452,17395,-8944,8451,2245,-7244,-4999,NaN,NaN,NaN,NaN,NaN,11564,-15016,-3452,17395,-8944,8451,2245,-7244,-4999
2016-10-20T22:00:00Z,14.74,14.74,14.71,14.71,11564,-15016,-3452,17395,-8944,8451,2245,-7244,-4999,NaN,NaN,NaN,NaN,NaN,11564,-15016,-3452,17395,-8944,8451,2245,-7244,-4999
2016-10-23T22:00:00Z,14.72,14.72,14.7,14.7,11564,-15016,-3452,17395,-8944,8451,2245,-7244,-4999,NaN,NaN,NaN,NaN,NaN,11564,-15016,-3452,17395,-8944,8451,2245,-7244,-4999
2016-10-24T22:00:00Z,14.72,14.73,14.7,14.72,11722,-15393,-3671,18179,-8772,9407,1900,-7636,-5736,NaN,NaN,NaN,NaN,NaN,11722,-15393,-3671,18179,-8772,9407,1900,-7636,-5736
2016-10-25T22:00:00Z,14.73,14.79,14.71,14.78,11722,-15393,-3671,18179,-8772,9407,1900,-7636,-5736,NaN,NaN,NaN,NaN,NaN,11722,-15393,-3671,18179,-8772,9407,1900,-7636,-5736
2016-10-26T22:00:00Z,14.79,14.79,14.77,14.78,11722,-15393,-3671,18179,-8772,9407,1900,-7636,-5736,NaN,NaN,NaN,NaN,NaN,11722,-15393,-3671,18179,-8772,9407,1900,-7636,-5736
2016-10-27T22:00:00Z,15.54,15.7,15.48,15.68,11722,-15393,-3671,18179,-8772,9407,1900,-7636,-5736,NaN,NaN,NaN,NaN,NaN,11722,-15393,-3671,18179,-8772,9407,1900,-7636,-5736
2016-10-30T22:00:00Z,15.73,16.1,15.67,16.04,11722,-15393,-3671,18179,-8772,9407,1900,-7636,-5736,NaN,NaN,NaN,NaN,NaN,11722,-15393,-3671,18179,-8772,9407,1900,-7636,-5736
2016-10-31T22:00:00Z,16.03,16.4,16.03,16.3,12199,-15806,-3607,18914,-9800,9114,2104,-7611,-5507,NaN,NaN,NaN,NaN,NaN,12199,-15806,-3607,18914,-9800,9114,2104,-7611,-5507
2016-11-01T22:00:00Z,16.31,16.48,16.23,16.41,12199,-15806,-3607,18914,-9800,9114,2104,-7611,-5507,NaN,NaN,NaN,NaN,NaN,12199,-15806,-3607,18914,-9800,9114,2104,-7611,-5507
2016-11-02T22:00:00Z,16.35,16.62,16.35,16.6,12199,-15806,-3607,18914,-9800,9114,2104,-7611,-5507,NaN,NaN,NaN,NaN,NaN,12199,-15806,-3607,18914,-9800,9114,2104,-7611,-5507
2016-11-03T22:00:00Z,16.65,16.88,16.63,16.81,12199,-15806,-3607,18914,-9800,9114,2104,-7611,-5507,NaN,NaN,NaN,NaN,NaN,12199,-15806,-3607,18914,-9800,9114,2104,-7611,-5507
2016-11-06T23:00:00Z,16.8,17.24,16.8,16.95,12199,-15806,-3607,18914,-9800,9114,2104,-7611,-5507,NaN,NaN,NaN,NaN,NaN,12199,-15806,-3607,18914,-9800,9114,2104,-7611,-5507
2016-11-07T23:00:00Z,16.88,17,16.67,16.8,11008,-13922,-2914,17035,-8884,8151,1960,-7197,-5237,NaN,NaN,NaN,NaN,NaN,11008,-13922,-2914,17035,-8884,8151,1960,-7197,-5237
2016-11-08T23:00:00Z,16.76,16.9,16.64,16.79,11008,-13922,-2914,17035,-8884,8151,1960,-7197,-5237,NaN,NaN,NaN,NaN,NaN,11008,-13922,-2914,17035,-8884,8151,1960,-7197,-5237
2016-11-09T23:00:00Z,16.82,16.86,16.74,16.78,11008,-13922,-2914,17035,-8884,8151,1960,-7197,-5237,NaN,NaN,NaN,NaN,NaN,11008,-13922,-2914,17035,-8884,8151,1960,-7197,-5237
2016-11-10T23:00:00Z,16.83,16.83,16.65,16.69,11008,-13922,-2914,17035,-8884,8151,1960,-7197,-5237,NaN,NaN,NaN,NaN,NaN,11008,-13922,-2914,17035,-8884,8151,1960,-7197,-5237
2016-11-13T23:00:00Z,16.71,16.75,16.61,16.68,11008,-13922,-2914,17035,-8884,8151,1960,-7197,-5237,NaN,NaN,NaN,NaN,NaN,11008,-13922,-2914,17035,-8884,8151,1960,-7197,-5237
2016-11-14T23:00:00Z,16.67,16.71,16.67,16.7,10962,-14431,-3469,17696,-9283,8413,2163,-7107,-4944,NaN,NaN,NaN,NaN,NaN,10962,-14431,-3469,17696,-9283,8413,2163,-7107,-4944
2016-11-15T23:00:00Z,16.73,16.79,16.68,16.72,10962,-14431,-3469,17696,-9283,8413,2163,-7107,-4944,NaN,NaN,NaN,NaN,NaN,10962,-14431,-3469,17696,-9283,8413,2163,-7107,-4944
2016-11-16T23:00:00Z,16.72,16.75,16.71,16.73,10962,-14431,-3469,17696,-9283,8413,2163,-7107,-4944,NaN,NaN,NaN,NaN,NaN,10962,-14431,-3469,17696,-9283,8413,2163,-7107,-4944
2016-11-17T23:00:00Z,16.74,16.76,16.73,16.75,10962,-14431,-3469,17696,-9283,8413,2163,-7107,-4944,NaN,NaN,NaN,NaN,NaN,10962,-14431,-3469,17696,-9283,8413,2163,-7107,-4944
2016-11-20T23:00:00Z,16.75,16.76,16.74,16.76,10962,-14431,-3469,17696,-9283,8413,2163,-7107,-4944,NaN,NaN,NaN,NaN,NaN,10962,-14431,-3469,17696,-9283,8413,2163,-7107,-4944
2016-11-21T23:00:00Z,16.74,16.76,16.73,16.76,10434,-15243,-4809,19095,-9602,9493,2661,-7345,-4684,NaN,NaN,NaN,NaN,NaN,10434,-15243,-4809,19095,-9602,9493,2661,-7345,-4684
2016-11-22T23:00:00Z,16.74,16.75,16.72,16.74,10434,-15243,-4809,19095,-9602,9493,2661,-7345,-4684,NaN,NaN,NaN,NaN,NaN,10434,-15243,-4809,19095,-9602,9493,2661,-7345,-4684
2016-11-23T23:00:00Z,16.86,16.86,16.86,16.86,10434,-15243,-4809,19095,-9602,9493,2661,-7345,-4684,NaN,NaN,NaN,NaN,NaN,10434,-15243,-4809,19095,-9602,9493,2661,-7345,-4684
2016-11-27T23:00:00Z,16.86,16.99,16.8,16.97,10434,-15243,-4809,19095,-9602,9493,2661,-7345,-4684,NaN,NaN,NaN,NaN,NaN,10434,-15243,-4809,19095,-9602,9493,2661,-7345,-4684
2016-11-28T23:00:00Z,16.9,17,16.89,16.92,10376,-15752,-5376,20236,-9595,10641,2645,-7910,-5265,NaN,NaN,NaN,NaN,NaN,10376,-15752,-5376,20236,-9595,10641,2645,-7910,-5265
2016-11-29T23:00:00Z,16.87,17,16.79,16.96,10376,-15752,-5376,20236,-9595,10641,2645,-7910,-5265,NaN,NaN,NaN,NaN,NaN,10376,-15752,-5376,20236,-9595,10641,2645,-7910,-5265
2016-11-30T23:00:00Z,16.98,17.11,16.96,17.04,10376,-15752,-5376,20236,-9595,10641,2645,-7910,-5265,NaN,NaN,NaN,NaN,NaN,10376,-15752,-5376,20236,-9595,10641,2645,-7910,-5265
2016-12-01T23:00:00Z,17.05,17.2,17.03,17.1,10376,-15752,-5376,20236,-9595,10641,2645,-7910,-5265,NaN,NaN,NaN,NaN,NaN,10376,-15752,-5376,20236,-9595,10641,2645,-7910,-5265
2016-12-04T23:00:00Z,17.15,17.15,17,17,10376,-15752,-5376,20236,-9595,10641,2645,-7910,-5265,NaN,NaN,NaN,NaN,NaN,10376,-15752,-5376,20236,-9595,10641,2645,-7910,-5265
2016-12-05T23:00:00Z,17.02,17.05,16.95,16.99,8261,-15211,-6950,19987,-8551,11436,2854,-7340,-4486,NaN,NaN,NaN,NaN,NaN,8261,-15211,-6950,19987,-8551,11436,2854,-7340,-4486
2016-12-06T23:00:00Z,16.96,17.05,16.93,17.05,8261,-15211,-6950,19987,-8551,11436,2854,-7340,-4486,NaN,NaN,NaN,NaN,NaN,8261,-15211,-6950,19987,-8551,11436,2854,-7340,-4486
2016-12-07T23:00:00Z,17.07,17.1,17.02,17.08,8261,-15211,-6950,19987,-8551,11436,2854,-7340,-4486,NaN,NaN,NaN,NaN,NaN,8261,-15211,-6950,19987,-8551,11436,2854,-7340,-4486
2016-12-08T23:00:00Z,17.08,17.14,17.06,17.09,8261,-15211,-6950,19987,-8551,11436,2854,-7340,-4486,NaN,NaN,NaN,NaN,NaN,8261,-15211,-6950,19987,-8551,11436,2854,-7340,-4486
2016-12-11T23:00:00Z,17.1,17.19,17.1,17.18,8261,-15211,-6950,19987,-8551,11436,2854,-7340,-4486,NaN,NaN,NaN,NaN,NaN,8261,-15211,-6950,19987,-8551,11436,2854,-7340,-4486
2016-12-12T23:00:00Z,17.2,17.25,17.19,17.23,8503,-17491,-8988,21645,-8570,13075,2958,-7045,-4087,NaN,NaN,NaN,NaN,NaN,8503,-17491,-8988,21645,-8570,13075,2958,-7045,-4087
2016-12-13T23:00:00Z,17.19,17.33,17.19,17.32,8503,-17491,-8988,21645,-8570,13075,2958,-7045,-4087,NaN,NaN,NaN,NaN,NaN,8503,-17491,-8988,21645,-8570,13075,2958,-7045,-4087
2016-12-14T23:00:00Z,17.31,17.33,17.29,17.31,8503,-17491,-8988,21645,-8570,13075,2958,-7045,-4087,NaN,NaN,NaN,NaN,NaN,8503,-17491,-8988,21645,-8570,13075,2958,-7045,-4087
2016-12-15T23:00:00Z,17.32,17.33,17.32,17.33,8503,-17491,-8988,21645,-8570,13075,2958,-7045,-4087,NaN,NaN,NaN,NaN,NaN,8503,-17491,-8988,21645,-8570,13075,2958,-7045,-4087
2016-12-18T23:00:00Z,17.32,17.34,17.32,17.33,8503,-17491,-8988,21645,-8570,13075,2958,-7045,-4087,NaN,NaN,NaN,NaN,NaN,8503,-17491,-8988,21645,-8570,13075,2958,-7045,-4087
2016-12-19T23:00:00Z,17.34,17.34,17.32,17.33,8655,-18434,-9779,22396,-8391,14005,3442,-7668,-4226,NaN,NaN,NaN,NaN,NaN,8655,-18434,-9779,22396,-8391,14005,3442,-7668,-4226
2016-12-20T23:00:00Z,17.33,17.36,17.3,17.36,8655,-18434,-9779,22396,-8391,14005,3442,-7668,-4226,NaN,NaN,NaN,NaN,NaN,8655,-18434,-9779,22396,-8391,14005,3442,-7668,-4226
2016-12-21T23:00:00Z,17.36,17.39,17.35,17.39,8655,-18434,-9779,22396,-8391,14005,3442,-7668,-4226,NaN,NaN,NaN,NaN,NaN,8655,-18434,-9779,22396,-8391,14005,3442,-7668,-4226
2016-12-22T23:00:00Z,17.38,17.38,17.38,17.38,8655,-18434,-9779,22396,-8391,14005,3442,-7668,-4226,NaN,NaN,NaN,NaN,NaN,8655,-18434,-9779,22396,-8391,14005,3442,-7668,-4226
2016-12-25T23:00:00Z,17.38,17.4,17.37,17.38,8977,-18642,-9665,21888,-8179,13709,3251,-7295,-4044,NaN,NaN,NaN,NaN,NaN,8977,-18642,-9665,21888,-8179,13709,3251,-7295,-4044
2016-12-27T23:00:00Z,17.39,17.39,17.37,17.38,8977,-18642,-9665,21888,-8179,13709,3251,-7295,-4044,NaN,NaN,NaN,NaN,NaN,8977,-18642,-9665,21888,-8179,13709,3251,-7295,-4044
2016-12-28T23:00:00Z,17.39,17.44,17.38,17.4,8977,-18642,-9665,21888,-8179,13709,3251,-7295,-4044,NaN,NaN,NaN,NaN,NaN,8977,-18642,-9665,21888,-8179,13709,3251,-7295,-4044
2016-12-29T23:00:00Z,16.41,16.6,16.41,16.5,8977,-18642,-9665,21888,-8179,13709,3251,-7295,-4044,NaN,NaN,NaN,NaN,NaN,8977,-18642,-9665,21888,-8179,13709,3251,-7295,-4044
2017-01-01T23:00:00Z,16.55,16.63,16.42,16.56,9001,-18685,-9684,21666,-8048,13618,3272,-7206,-3934,NaN,NaN,NaN,NaN,NaN,9001,-18685,-9684,21666,-8048,13618,3272,-7206,-3934
2017-01-03T23:00:00Z,16.61,16.62,16.47,16.52,9001,-18685,-9684,21666,-8048,13618,3272,-7206,-3934,NaN,NaN,NaN,NaN,NaN,9001,-18685,-9684,21666,-8048,13618,3272,-7206,-3934
2017-01-04T23:00:00Z,16.53,16.62,16.48,16.54,9001,-18685,-9684,21666,-8048,13618,3272,-7206,-3934,NaN,NaN,NaN,NaN,NaN,9001,-18685,-9684,21666,-8048,13618,3272,-7206,-3934
2017-01-05T23:00:00Z,16.54,16.64,16.52,16.6,9001,-18685,-9684,21666,-8048,13618,3272,-7206,-3934,NaN,NaN,NaN,NaN,NaN,9001,-18685,-9684,21666,-8048,13618,3272,-7206,-3934
2017-01-08T23:00:00Z,16.62,16.64,16.58,16.62,9001,-18685,-9684,21666,-8048,13618,3272,-7206,-3934,NaN,NaN,NaN,NaN,NaN,9001,-18685,-9684,21666,-8048,13618,3272,-7206,-3934
2017-01-09T23:00:00Z,16.64,16.71,16.61,16.69,8067,-15961,-7894,18104,-6735,11369,3240,-6715,-3475,NaN,NaN,NaN,NaN,NaN,8067,-15961,-7894,18104,-6735,11369,3240,-6715,-3475
2017-01-10T23:00:00Z,16.71,16.83,16.69,16.79,8067,-15961,-7894,18104,-6735,11369,3240,-6715,-3475,NaN,NaN,NaN,NaN,NaN,8067,-15961,-7894,18104,-6735,11369,3240,-6715,-3475
2017-01-11T23:00:00Z,16.81,16.81,16.76,16.79,8067,-15961,-7894,18104,-6735,11369,3240,-6715,-3475,NaN,NaN,NaN,NaN,NaN,8067,-15961,-7894,18104,-6735,11369,3240,-6715,-3475
2017-01-12T23:00:00Z,16.78,16.83,16.78,16.79,8067,-15961,-7894,18104,-6735,11369,3240,-6715,-3475,NaN,NaN,NaN,NaN,NaN,8067,-15961,-7894,18104,-6735,11369,3240,-6715,-3475
2017-01-15T23:00:00Z,16.8,16.81,16.78,16.78,8265,-16182,-7917,18484,-6927,11557,3095,-6735,-3640,NaN,NaN,NaN,NaN,NaN,8265,-16182,-7917,18484,-6927,11557,3095,-6735,-3640
2017-01-17T23:00:00Z,16.78,16.79,16.77,16.78,8265,-16182,-7917,18484,-6927,11557,3095,-6735,-3640,NaN,NaN,NaN,NaN,NaN,8265,-16182,-7917,18484,-6927,11557,3095,-6735,-3640
2017-01-18T23:00:00Z,16.78,16.82,16.78,16.79,8265,-16182,-7917,18484,-6927,11557,3095,-6735,-3640,NaN,NaN,NaN,NaN,NaN,8265,-16182,-7917,18484,-6927,11557,3095,-6735,-3640
2017-01-19T23:00:00Z,16.79,16.79,16.77,16.77,8265,-16182,-7917,18484,-6927,11557,3095,-6735,-3640,NaN,NaN,NaN,NaN,NaN,8265,-16182,-7917,18484,-6927,11557,3095,-6735,-3640
2017-01-22T23:00:00Z,16.76,16.77,16.75,16.75,8265,-16182,-7917,18484,-6927,11557,3095,-6735,-3640,NaN,NaN,NaN,NaN,NaN,8265,-16182,-7917,18484,-6927,11557,3095,-6735,-3640
2017-01-23T23:00:00Z,16.75,16.76,16.73,16.74,8210,-16524,-8314,18966,-6512,12454,2943,-7083,-4140,NaN,NaN,NaN,NaN,NaN,8210,-16524,-8314,18966,-6512,12454,2943,-7083,-4140
2017-01-24T23:00:00Z,16.74,16.77,16.73,16.76,8210,-16524,-8314,18966,-6512,12454,2943,-7083,-4140,NaN,NaN,NaN,NaN,NaN,8210,-16524,-8314,18966,-6512,12454,2943,-7083,-4140
2017-01-25T23:00:00Z,16.74,16.75,16.73,16.74,8210,-16524,-8314,18966,-6512,12454,2943,-7083,-4140,NaN,NaN,NaN,NaN,NaN,8210,-16524,-8314,18966,-6512,12454,2943,-7083,-4140
2017-01-26T23:00:00Z,16.6,16.68,16.54,16.67,8210,-16524,-8314,18966,-6512,12454,2943,-7083,-4140,NaN,NaN,NaN,NaN,NaN,8210,-16524,-8314,18966,-6512,12454,2943,-7083,-4140
2017-01-29T23:00:00Z,16.61,16.65,16.52,16.6,8210,-16524,-8314,18966,-6512,12454,2943,-7083,-4140,NaN,NaN,NaN,NaN,NaN,8210,-16524,-8314,18966,-6512,12454,2943,-7083,-4140
2017-01-30T23:00:00Z,16.61,16.74,16.44,16.68,8688,-17792,-9104,19992,-6695,13297,3144,-7337,-4193,NaN,NaN,NaN,NaN,NaN,8688,-17792,-9104,19992,-6695,13297,3144,-7337,-4193
2017-01-31T23:00:00Z,16.68,16.79,16.6,16.78,8688,-17792,-9104,19992,-6695,13297,3144,-7337,-4193,NaN,NaN,NaN,NaN,NaN,8688,-17792,-9104,19992,-6695,13297,3144,-7337,-4193
2017-02-01T23:00:00Z,16.75,17.03,16.73,16.99,8688,-17792,-9104,19992,-6695,13297,3144,-7337,-4193,NaN,NaN,NaN,NaN,NaN,8688,-17792,-9104,19992,-6695,13297,3144,-7337,-4193
2017-02-02T23:00:00Z,17.08,17.08,16.74,16.85,8688,-17792,-9104,19992,-6695,13297,3144,-7337,-4193,NaN,NaN,NaN,NaN,NaN,8688,-17792,-9104,19992,-6695,13297,3144,-7337,-4193
2017-02-05T23:00:00Z,16.82,16.9,16.74,16.8,8688,-17792,-9104,19992,-6695,13297,3144,-7337,-4193,NaN,NaN,NaN,NaN,NaN,8688,-17792,-9104,19992,-6695,13297,3144,-7337,-4193
2017-02-06T23:00:00Z,16.77,16.83,16.74,16.8,7682,-16371,-8689,18488,-5924,12564,2690,-6565,-3875,NaN,NaN,NaN,NaN,NaN,7682,-16371,-8689,18488,-5924,12564,2690,-6565,-3875
2017-02-07T23:00:00Z,16.82,16.92,16.78,16.85,7682,-16371,-8689,18488,-5924,12564,2690,-6565,-3875,NaN,NaN,NaN,NaN,NaN,7682,-16371,-8689,18488,-5924,12564,2690,-6565,-3875
2017-02-08T23:00:00Z,16.87,16.89,16.79,16.85,7682,-16371,-8689,18488,-5924,12564,2690,-6565,-3875,NaN,NaN,NaN,NaN,NaN,7682,-16371,-8689,18488,-5924,12564,2690,-6565,-3875
2017-02-09T23:00:00Z,16.88,16.88,16.85,16.86,7682,-16371,-8689,18488,-5924,12564,2690,-6565,-3875,NaN,NaN,NaN,NaN,NaN,7682,-16371,-8689,18488,-5924,12564,2690,-6565,-3875
2017-02-12T23:00:00Z,16.84,16.88,16.84,16.85,7682,-16371,-8689,18488,-5924,12564,2690,-6565,-3875,NaN,NaN,NaN,NaN,NaN,7682,-16371,-8689,18488,-5924,12564,2690,-6565,-3875
2017-02-13T23:00:00Z,16.87,16.88,16.86,16.88,7667,-16679,-9012,19247,-6284,12963,2889,-6840,-3951,NaN,NaN,NaN,NaN,NaN,7667,-16679,-9012,19247,-6284,12963,2889,-6840,-3951
2017-02-14T23:00:00Z,16.88,16.93,16.87,16.9,7667,-16679,-9012,19247,-6284,12963,2889,-6840,-3951,NaN,NaN,NaN,NaN,NaN,7667,-16679,-9012,19247,-6284,12963,2889,-6840,-3951
2017-02-15T23:00:00Z,16.92,16.92,16.88,16.88,7667,-16679,-9012,19247,-6284,12963,2889,-6840,-3951,NaN,NaN,NaN,NaN,NaN,7667,-16679,-9012,19247,-6284,12963,2889,-6840,-3951
2017-02-16T23:00:00Z,16.88,16.9,16.88,16.88,7667,-16679,-9012,19247,-6284,12963,2889,-6840,-3951,NaN,NaN,NaN,NaN,NaN,7667,-16679,-9012,19247,-6284,12963,2889,-6840,-3951
2017-02-19T23:00:00Z,16.85,16.87,16.84,16.87,7436,-17694,-10258,20833,-5850,14983,2754,-7479,-4725,NaN,NaN,NaN,NaN,NaN,7436,-17694,-10258,20833,-5850,14983,2754,-7479,-4725
2017-02-21T23:00:00Z,16.85,16.85,16.84,16.85,7436,-17694,-10258,20833,-5850,14983,2754,-7479,-4725,NaN,NaN,NaN,NaN,NaN,7436,-17694,-10258,20833,-5850,14983,2754,-7479,-4725
2017-02-22T23:00:00Z,16.85,16.92,16.83,16.9,7436,-17694,-10258,20833,-5850,14983,2754,-7479,-4725,NaN,NaN,NaN,NaN,NaN,7436,-17694,-10258,20833,-5850,14983,2754,-7479,-4725
2017-02-23T23:00:00Z,16.46,16.48,16.26,16.3,7436,-17694,-10258,20833,-5850,14983,2754,-7479,-4725,NaN,NaN,NaN,NaN,NaN,7436,-17694,-10258,20833,-5850,14983,2754,-7479,-4725
2017-02-26T23:00:00Z,16.26,16.3,16.05,16.17,7436,-17694,-10258,20833,-5850,14983,2754,-7479,-4725,NaN,NaN,NaN,NaN,NaN,7436,-17694,-10258,20833,-5850,14983,2754,-7479,-4725
2017-02-27T23:00:00Z,16.13,16.4,16.12,16.29,7725,-18345,-10620,22876,-6903,15973,2598,-7951,-5353,NaN,NaN,NaN,NaN,NaN,7725,-18345,-10620,22876,-6903,15973,2598,-7951,-5353
2017-02-28T23:00:00Z,16.24,16.36,15.98,16.07,7725,-18345,-10620,22876,-6903,15973,2598,-7951,-5353,NaN,NaN,NaN,NaN,NaN,7725,-18345,-10620,22876,-6903,15973,2598,-7951,-5353
2017-03-01T23:00:00Z,16.07,16.07,15.87,16.02,7725,-18345,-10620,22876,-6903,15973,2598,-7951,-5353,NaN,NaN,NaN,NaN,NaN,7725,-18345,-10620,22876,-6903,15973,2598,-7951,-5353
2017-03-02T23:00:00Z,16.03,16.04,15.92,15.96,7725,-18345,-10620,22876,-6903,15973,2598,-7951,-5353,NaN,NaN,NaN,NaN,NaN,7725,-18345,-10620,22876,-6903,15973,2598,-7951,-5353
2017-03-05T23:00:00Z,15.91,15.98,15.88,15.89,7725,-18345,-10620,22876,-6903,15973,2598,-7951,-5353,NaN,NaN,NaN,NaN,NaN,7725,-18345,-10620,22876,-6903,15973,2598,-7951,-5353
2017-03-06T23:00:00Z,15.88,15.95,15.74,15.91,6902,-16313,-9411,21465,-7321,14144,2366,-7099,-4733,NaN,NaN,NaN,NaN,NaN,6902,-16313,-9411,21465,-7321,14144,2366,-7099,-4733
2017-03-07T23:00:00Z,15.9,15.97,15.8,15.94,6902,-16313,-9411,21465,-7321,14144,2366,-7099,-4733,NaN,NaN,NaN,NaN,NaN,6902,-16313,-9411,21465,-7321,14144,2366,-7099,-4733
2017-03-08T23:00:00Z,16,16.02,15.82,15.83,6902,-16313,-9411,21465,-7321,14144,2366,-7099,-4733,NaN,NaN,NaN,NaN,NaN,6902,-16313,-9411,21465,-7321,14144,2366,-7099,-4733
2017-03-09T23:00:00Z,15.81,15.83,15.7,15.74,6902,-16313,-9411,21465,-7321,14144,2366,-7099,-4733,NaN,NaN,NaN,NaN,NaN,6902,-16313,-9411,21465,-7321,14144,2366,-7099,-4733
2017-03-12T22:00:00Z,15.73,15.75,15.64,15.69,6902,-16313,-9411,21465,-7321,14144,2366,-7099,-4733,NaN,NaN,NaN,NaN,NaN,6902,-16313,-9411,21465,-7321,14144,2366,-7099,-4733
2017-03-13T22:00:00Z,15.69,15.74,15.66,15.73,7395,-16654,-9259,22150,-8391,13759,2439,-6939,-4500,NaN,NaN,NaN,NaN,NaN,7395,-16654,-9259,22150,-8391,13759,2439,-6939,-4500
2017-03-14T22:00:00Z,15.7,15.73,15.65,15.69,7395,-16654,-9259,22150,-8391,13759,2439,-6939,-4500,NaN,NaN,NaN,NaN,NaN,7395,-16654,-9259,22150,-8391,13759,2439,-6939,-4500
2017-03-15T22:00:00Z,15.68,15.71,15.67,15.69,7395,-16654,-9259,22150,-8391,13759,2439,-6939,-4500,NaN,NaN,NaN,NaN,NaN,7395,-16654,-9259,22150,-8391,13759,2439,-6939,-4500
2017-03-16T22:00:00Z,15.7,15.73,15.7,15.73,7395,-16654,-9259,22150,-8391,13759,2439,-6939,-4500,NaN,NaN,NaN,NaN,NaN,7395,-16654,-9259,22150,-8391,13759,2439,-6939,-4500
2017-03-19T22:00:00Z,15.73,15.76,15.72,15.73,7395,-16654,-9259,22150,-8391,13759,2439,-6939,-4500,NaN,NaN,NaN,NaN,NaN,7395,-16654,-9259,22150,-8391,13759,2439,-6939,-4500
2017-03-20T22:00:00Z,15.75,15.77,15.73,15.75,7917,-16973,-9056,23138,-10015,13123,2783,-6850,-4067,NaN,NaN,NaN,NaN,NaN,7917,-16973,-9056,23138,-10015,13123,2783,-6850,-4067
2017-03-21T22:00:00Z,15.76,15.81,15.74,15.8,7917,-16973,-9056,23138,-10015,13123,2783,-6850,-4067,NaN,NaN,NaN,NaN,NaN,7917,-16973,-9056,23138,-10015,13123,2783,-6850,-4067
2017-03-22T22:00:00Z,15.81,15.81,15.8,15.81,7917,-16973,-9056,23138,-10015,13123,2783,-6850,-4067,NaN,NaN,NaN,NaN,NaN,7917,-16973,-9056,23138,-10015,13123,2783,-6850,-4067
2017-03-23T22:00:00Z,15.8,15.82,15.79,15.82,7917,-16973,-9056,23138,-10015,13123,2783,-6850,-4067,NaN,NaN,NaN,NaN,NaN,7917,-16973,-9056,23138,-10015,13123,2783,-6850,-4067
2017-03-26T22:00:00Z,15.81,15.83,15.81,15.83,7917,-16973,-9056,23138,-10015,13123,2783,-6850,-4067,NaN,NaN,NaN,NaN,NaN,7917,-16973,-9056,23138,-10015,13123,2783,-6850,-4067
2017-03-27T22:00:00Z,15.83,15.83,15.83,15.83,8311,-17139,-8828,23601,-10537,13064,2566,-6802,-4236,NaN,NaN,NaN,NaN,NaN,8311,-17139,-8828,23601,-10537,13064,2566,-6802,-4236
2017-03-28T22:00:00Z,15.83,15.84,15.81,15.84,8311,-17139,-8828,23601,-10537,13064,2566,-6802,-4236,NaN,NaN,NaN,NaN,NaN,8311,-17139,-8828,23601,-10537,13064,2566,-6802,-4236
2017-03-29T22:00:00Z,15.82,15.84,15.82,15.84,8311,-17139,-8828,23601,-10537,13064,2566,-6802,-4236,NaN,NaN,NaN,NaN,NaN,8311,-17139,-8828,23601,-10537,13064,2566,-6802,-4236
2017-03-30T22:00:00Z,15.37,15.44,15.25,15.33,8311,-17139,-8828,23601,-10537,13064,2566,-6802,-4236,NaN,NaN,NaN,NaN,NaN,8311,-17139,-8828,23601,-10537,13064,2566,-6802,-4236
2017-04-02T22:00:00Z,15.29,15.57,15.27,15.54,8311,-17139,-8828,23601,-10537,13064,2566,-6802,-4236,NaN,NaN,NaN,NaN,NaN,8311,-17139,-8828,23601,-10537,13064,2566,-6802,-4236
2017-04-03T22:00:00Z,15.57,15.63,15.33,15.4,8725,-17396,-8671,24048,-11069,12979,2580,-6888,-4308,NaN,NaN,NaN,NaN,NaN,8725,-17396,-8671,24048,-11069,12979,2580,-6888,-4308
2017-04-04T22:00:00Z,15.36,15.48,15.28,15.29,8725,-17396,-8671,24048,-11069,12979,2580,-6888,-4308,NaN,NaN,NaN,NaN,NaN,8725,-17396,-8671,24048,-11069,12979,2580,-6888,-4308
2017-04-05T22:00:00Z,15.23,15.31,15.11,15.16,8725,-17396,-8671,24048,-11069,12979,2580,-6888,-4308,NaN,NaN,NaN,NaN,NaN,8725,-17396,-8671,24048,-11069,12979,2580,-6888,-4308
2017-04-06T22:00:00Z,15.12,15.17,15.08,15.08,8725,-17396,-8671,24048,-11069,12979,2580,-6888,-4308,NaN,NaN,NaN,NaN,NaN,8725,-17396,-8671,24048,-11069,12979,2580,-6888,-4308
2017-04-09T22:00:00Z,15.08,15.12,15.03,15.12,8725,-17396,-8671,24048,-11069,12979,2580,-6888,-4308,NaN,NaN,NaN,NaN,NaN,8725,-17396,-8671,24048,-11069,12979,2580,-6888,-4308
2017-04-10T22:00:00Z,15.14,15.17,15.09,15.17,8115,-15560,-7445,22052,-10849,11203,2414,-6172,-3758,NaN,NaN,NaN,NaN,NaN,8115,-15560,-7445,22052,-10849,11203,2414,-6172,-3758
2017-04-11T22:00:00Z,15.13,15.29,15.13,15.25,8115,-15560,-7445,22052,-10849,11203,2414,-6172,-3758,NaN,NaN,NaN,NaN,NaN,8115,-15560,-7445,22052,-10849,11203,2414,-6172,-3758
2017-04-12T22:00:00Z,15.23,15.26,15.23,15.23,8115,-15560,-7445,22052,-10849,11203,2414,-6172,-3758,NaN,NaN,NaN,NaN,NaN,8115,-15560,-7445,22052,-10849,11203,2414,-6172,-3758
2017-04-16T22:00:00Z,15.25,15.26,15.24,15.26,8115,-15560,-7445,22052,-10849,11203,2414,-6172,-3758,NaN,NaN,NaN,NaN,NaN,8115,-15560,-7445,22052,-10849,11203,2414,-6172,-3758
2017-04-17T22:00:00Z,15.25,15.26,15.24,15.24,8177,-16011,-7834,22442,-10965,11477,2416,-6059,-3643,NaN,NaN,NaN,NaN,NaN,8177,-16011,-7834,22442,-10965,11477,2416,-6059,-3643
2017-04-18T22:00:00Z,15.24,15.26,15.2,15.2,8177,-16011,-7834,22442,-10965,11477,2416,-6059,-3643,NaN,NaN,NaN,NaN,NaN,8177,-16011,-7834,22442,-10965,11477,2416,-6059,-3643
2017-04-19T22:00:00Z,15.19,15.2,15.18,15.18,8177,-16011,-7834,22442,-10965,11477,2416,-6059,-3643,NaN,NaN,NaN,NaN,NaN,8177,-16011,-7834,22442,-10965,11477,2416,-6059,-3643
2017-04-20T22:00:00Z,15.19,15.2,15.18,15.2,8177,-16011,-7834,22442,-10965,11477,2416,-6059,-3643,NaN,NaN,NaN,NaN,NaN,8177,-16011,-7834,22442,-10965,11477,2416,-6059,-3643
2017-04-23T22:00:00Z,15.2,15.21,15.2,15.2,8177,-16011,-7834,22442,-10965,11477,2416,-6059,-3643,NaN,NaN,NaN,NaN,NaN,8177,-16011,-7834,22442,-10965,11477,2416,-6059,-3643
2017-04-24T22:00:00Z,15.2,15.21,15.19,15.2,8466,-16168,-7702,22422,-11171,11251,2573,-6122,-3549,NaN,NaN,NaN,NaN,NaN,8466,-16168,-7702,22422,-11171,11251,2573,-6122,-3549
2017-04-25T22:00:00Z,15.21,15.22,15.18,15.19,8466,-16168,-7702,22422,-11171,11251,2573,-6122,-3549,NaN,NaN,NaN,NaN,NaN,8466,-16168,-7702,22422,-11171,11251,2573,-6122,-3549
2017-04-26T22:00:00Z,15.18,15.2,15.18,15.18,8466,-16168,-7702,22422,-11171,11251,2573,-6122,-3549,NaN,NaN,NaN,NaN,NaN,8466,-16168,-7702,22422,-11171,11251,2573,-6122,-3549
2017-04-27T22:00:00Z,15.57,15.58,15.28,15.38,8466,-16168,-7702,22422,-11171,11251,2573,-6122,-3549,NaN,NaN,NaN,NaN,NaN,8466,-16168,-7702,22422,-11171,11251,2573,-6122,-3549
2017-04-30T22:00:00Z,15.32,15.43,15.26,15.31,8466,-16168,-7702,22422,-11171,11251,2573,-6122,-3549,NaN,NaN,NaN,NaN,NaN,8466,-16168,-7702,22422,-11171,11251,2573,-6122,-3549
2017-05-01T22:00:00Z,15.33,15.46,15.31,15.32,8921,-18226,-9305,22578,-10395,12183,2642,-5520,-2878,NaN,NaN,NaN,NaN,NaN,8921,-18226,-9305,22578,-10395,12183,2642,-5520,-2878
2017-05-02T22:00:00Z,15.34,15.38,15.26,15.36,8921,-18226,-9305,22578,-10395,12183,2642,-5520,-2878,NaN,NaN,NaN,NaN,NaN,8921,-18226,-9305,22578,-10395,12183,2642,-5520,-2878
2017-05-03T22:00:00Z,15.36,15.52,15.36,15.46,8921,-18226,-9305,22578,-10395,12183,2642,-5520,-2878,NaN,NaN,NaN,NaN,NaN,8921,-18226,-9305,22578,-10395,12183,2642,-5520,-2878
2017-05-04T22:00:00Z,15.45,15.65,15.45,15.6,8921,-18226,-9305,22578,-10395,12183,2642,-5520,-2878,NaN,NaN,NaN,NaN,NaN,8921,-18226,-9305,22578,-10395,12183,2642,-5520,-2878
2017-05-07T22:00:00Z,15.64,15.65,15.49,15.6,8921,-18226,-9305,22578,-10395,12183,2642,-5520,-2878,NaN,NaN,NaN,NaN,NaN,8921,-18226,-9305,22578,-10395,12183,2642,-5520,-2878
2017-05-08T22:00:00Z,15.55,15.57,15.46,15.49,8183,-15695,-7512,19353,-9172,10181,2433,-5102,-2669,NaN,NaN,NaN,NaN,NaN,8183,-15695,-7512,19353,-9172,10181,2433,-5102,-2669
2017-05-09T22:00:00Z,15.51,15.61,15.47,15.56,8183,-15695,-7512,19353,-9172,10181,2433,-5102,-2669,NaN,NaN,NaN,NaN,NaN,8183,-15695,-7512,19353,-9172,10181,2433,-5102,-2669
2017-05-10T22:00:00Z,15.55,15.64,15.53,15.6,8183,-15695,-7512,19353,-9172,10181,2433,-5102,-2669,NaN,NaN,NaN,NaN,NaN,8183,-15695,-7512,19353,-9172,10181,2433,-5102,-2669
2017-05-11T22:00:00Z,15.62,15.66,15.54,15.59,8183,-15695,-7512,19353,-9172,10181,2433,-5102,-2669,NaN,NaN,NaN,NaN,NaN,8183,-15695,-7512,19353,-9172,10181,2433,-5102,-2669
2017-05-14T22:00:00Z,15.6,15.62,15.59,15.6,8183,-15695,-7512,19353,-9172,10181,2433,-5102,-2669,NaN,NaN,NaN,NaN,NaN,8183,-15695,-7512,19353,-9172,10181,2433,-5102,-2669
2017-05-15T22:00:00Z,15.63,15.67,15.62,15.63,8429,-16347,-7918,19616,-9496,10120,2712,-4914,-2202,NaN,NaN,NaN,NaN,NaN,8429,-16347,-7918,19616,-9496,10120,2712,-4914,-2202
2017-05-16T22:00:00Z,15.64,15.66,15.6,15.61,8429,-16347,-7918,19616,-9496,10120,2712,-4914,-2202,NaN,NaN,NaN,NaN,NaN,8429,-16347,-7918,19616,-9496,10120,2712,-4914,-2202
2017-05-17T22:00:00Z,15.6,15.61,15.6,15.61,8429,-16347,-7918,19616,-9496,10120,2712,-4914,-2202,NaN,NaN,NaN,NaN,NaN,8429,-16347,-7918,19616,-9496,10120,2712,-4914,-2202
2017-05-18T22:00:00Z,15.62,15.62,15.6,15.6,8429,-16347,-7918,19616,-9496,10120,2712,-4914,-2202,NaN,NaN,NaN,NaN,NaN,8429,-16347,-7918,19616,-9496,10120,2712,-4914,-2202
2017-05-21T22:00:00Z,15.6,15.62,15.59,15.61,8429,-16347,-7918,19616,-9496,10120,2712,-4914,-2202,NaN,NaN,NaN,NaN,NaN,8429,-16347,-7918,19616,-9496,10120,2712,-4914,-2202
2017-05-22T22:00:00Z,15.61,15.61,15.6,15.6,8815,-16610,-7795,19584,-9451,10133,2705,-5043,-2338,NaN,NaN,NaN,NaN,NaN,8815,-16610,-7795,19584,-9451,10133,2705,-5043,-2338
2017-05-23T22:00:00Z,15.62,15.63,15.6,15.62,8815,-16610,-7795,19584,-9451,10133,2705,-5043,-2338,NaN,NaN,NaN,NaN,NaN,8815,-16610,-7795,19584,-9451,10133,2705,-5043,-2338
2017-05-24T22:00:00Z,15.62,15.63,15.61,15.61,8815,-16610,-7795,19584,-9451,10133,2705,-5043,-2338,NaN,NaN,NaN,NaN,NaN,8815,-16610,-7795,19584,-9451,10133,2705,-5043,-2338
2017-05-25T22:00:00Z,16.64,16.8,16.51,16.56,8815,-16610,-7795,19584,-9451,10133,2705,-5043,-2338,NaN,NaN,NaN,NaN,NaN,8815,-16610,-7795,19584,-9451,10133,2705,-5043,-2338
2017-05-28T22:00:00Z,16.52,16.64,16.43,16.59,9375,-17203,-7828,19516,-8998,10518,2661,-5351,-2690,NaN,NaN,NaN,NaN,NaN,9375,-17203,-7828,19516,-8998,10518,2661,-5351,-2690
2017-05-30T22:00:00Z,16.58,16.73,16.58,16.72,9375,-17203,-7828,19516,-8998,10518,2661,-5351,-2690,NaN,NaN,NaN,NaN,NaN,9375,-17203,-7828,19516,-8998,10518,2661,-5351,-2690
2017-05-31T22:00:00Z,16.77,16.79,16.56,16.62,9375,-17203,-7828,19516,-8998,10518,2661,-5351,-2690,NaN,NaN,NaN,NaN,NaN,9375,-17203,-7828,19516,-8998,10518,2661,-5351,-2690
2017-06-01T22:00:00Z,16.59,16.64,16.51,16.52,9375,-17203,-7828,19516,-8998,10518,2661,-5351,-2690,NaN,NaN,NaN,NaN,NaN,9375,-17203,-7828,19516,-8998,10518,2661,-5351,-2690
2017-06-04T22:00:00Z,16.49,16.51,16.41,16.43,9375,-17203,-7828,19516,-8998,10518,2661,-5351,-2690,NaN,NaN,NaN,NaN,NaN,9375,-17203,-7828,19516,-8998,10518,2661,-5351,-2690
2017-06-05T22:00:00Z,16.42,16.44,16.36,16.38,7701,-15502,-7801,16947,-7492,9455,2741,-4395,-1654,NaN,NaN,NaN,NaN,NaN,7701,-15502,-7801,16947,-7492,9455,2741,-4395,-1654
2017-06-06T22:00:00Z,16.39,16.4,16.29,16.35,7701,-15502,-7801,16947,-7492,9455,2741,-4395,-1654,NaN,NaN,NaN,NaN,NaN,7701,-15502,-7801,16947,-7492,9455,2741,-4395,-1654
2017-06-07T22:00:00Z,16.32,16.34,16.26,16.28,7701,-15502,-7801,16947,-7492,9455,2741,-4395,-1654,NaN,NaN,NaN,NaN,NaN,7701,-15502,-7801,16947,-7492,9455,2741,-4395,-1654
2017-06-08T22:00:00Z,16.25,16.3,16.25,16.28,7701,-15502,-7801,16947,-7492,9455,2741,-4395,-1654,NaN,NaN,NaN,NaN,NaN,7701,-15502,-7801,16947,-7492,9455,2741,-4395,-1654
2017-06-11T22:00:00Z,16.28,16.32,16.28,16.31,7701,-15502,-7801,16947,-7492,9455,2741,-4395,-1654,NaN,NaN,NaN,NaN,NaN,7701,-15502,-7801,16947,-7492,9455,2741,-4395,-1654
2017-06-12T22:00:00Z,16.31,16.34,16.31,16.34,7885,-16044,-8159,17158,-7064,10094,2643,-4578,-1935,NaN,NaN,NaN,NaN,NaN,7885,-16044,-8159,17158,-7064,10094,2643,-4578,-1935
2017-06-13T22:00:00Z,16.34,16.36,16.3,16.34,7885,-16044,-8159,17158,-7064,10094,2643,-4578,-1935,NaN,NaN,NaN,NaN,NaN,7885,-16044,-8159,17158,-7064,10094,2643,-4578,-1935
2017-06-14T22:00:00Z,16.35,16.35,16.33,16.33,7885,-16044,-8159,17158,-7064,10094,2643,-4578,-1935,NaN,NaN,NaN,NaN,NaN,7885,-16044,-8159,17158,-7064,10094,2643,-4578,-1935
2017-06-15T22:00:00Z,16.34,16.37,16.32,16.33,7885,-16044,-8159,17158,-7064,10094,2643,-4578,-1935,NaN,NaN,NaN,NaN,NaN,7885,-16044,-8159,17158,-7064,10094,2643,-4578,-1935
2017-06-18T22:00:00Z,16.33,16.34,16.32,16.33,7885,-16044,-8159,17158,-7064,10094,2643,-4578,-1935,NaN,NaN,NaN,NaN,NaN,7885,-16044,-8159,17158,-7064,10094,2643,-4578,-1935
2017-06-19T22:00:00Z,16.33,16.34,16.31,16.33,8290,-16539,-8249,17544,-7362,10182,2993,-4926,-1933,NaN,NaN,NaN,NaN,NaN,8290,-16539,-8249,17544,-7362,10182,2993,-4926,-1933
2017-06-20T22:00:00Z,16.33,16.36,16.31,16.36,8290,-16539,-8249,17544,-7362,10182,2993,-4926,-1933,NaN,NaN,NaN,NaN,NaN,8290,-16539,-8249,17544,-7362,10182,2993,-4926,-1933
2017-06-21T22:00:00Z,16.36,16.36,16.35,16.35,8290,-16539,-8249,17544,-7362,10182,2993,-4926,-1933,NaN,NaN,NaN,NaN,NaN,8290,-16539,-8249,17544,-7362,10182,2993,-4926,-1933
2017-06-22T22:00:00Z,16.35,16.37,16.35,16.35,8290,-16539,-8249,17544,-7362,10182,2993,-4926,-1933,NaN,NaN,NaN,NaN,NaN,8290,-16539,-8249,17544,-7362,10182,2993,-4926,-1933
2017-06-25T22:00:00Z,16.36,16.37,16.35,16.35,8290,-16539,-8249,17544,-7362,10182,2993,-4926,-1933,NaN,NaN,NaN,NaN,NaN,8290,-16539,-8249,17544,-7362,10182,2993,-4926,-1933
2017-06-26T22:00:00Z,16.35,16.36,16.35,16.35,8923,-16788,-7865,17547,-7980,9567,2941,-4643,-1702,NaN,NaN,NaN,NaN,NaN,8923,-16788,-7865,17547,-7980,9567,2941,-4643,-1702
2017-06-27T22:00:00Z,16.44,16.44,16.44,16.44,8923,-16788,-7865,17547,-7980,9567,2941,-4643,-1702,NaN,NaN,NaN,NaN,NaN,8923,-16788,-7865,17547,-7980,9567,2941,-4643,-1702
2017-06-29T22:00:00Z,15.69,15.82,15.65,15.71,8923,-16788,-7865,17547,-7980,9567,2941,-4643,-1702,NaN,NaN,NaN,NaN,NaN,8923,-16788,-7865,17547,-7980,9567,2941,-4643,-1702
2017-07-02T22:00:00Z,15.76,15.8,15.54,15.67,7615,-14105,-6490,15365,-7501,7864,2914,-4288,-1374,NaN,NaN,NaN,NaN,NaN,7615,-14105,-6490,15365,-7501,7864,2914,-4288,-1374
2017-07-03T22:00:00Z,15.58,15.73,15.58,15.7,7615,-14105,-6490,15365,-7501,7864,2914,-4288,-1374,NaN,NaN,NaN,NaN,NaN,7615,-14105,-6490,15365,-7501,7864,2914,-4288,-1374
2017-07-05T22:00:00Z,15.73,15.8,15.6,15.65,7615,-14105,-6490,15365,-7501,7864,2914,-4288,-1374,NaN,NaN,NaN,NaN,NaN,7615,-14105,-6490,15365,-7501,7864,2914,-4288,-1374
2017-07-06T22:00:00Z,15.66,15.69,15.58,15.6,7615,-14105,-6490,15365,-7501,7864,2914,-4288,-1374,NaN,NaN,NaN,NaN,NaN,7615,-14105,-6490,15365,-7501,7864,2914,-4288,-1374
2017-07-09T22:00:00Z,15.55,15.6,15.52,15.55,7615,-14105,-6490,15365,-7501,7864,2914,-4288,-1374,NaN,NaN,NaN,NaN,NaN,7615,-14105,-6490,15365,-7501,7864,2914,-4288,-1374
2017-07-10T22:00:00Z,15.57,15.67,15.53,15.66,8003,-13810,-5807,15240,-8058,7182,2994,-4369,-1375,NaN,NaN,NaN,NaN,NaN,8003,-13810,-5807,15240,-8058,7182,2994,-4369,-1375
2017-07-11T22:00:00Z,15.67,15.72,15.56,15.62,8003,-13810,-5807,15240,-8058,7182,2994,-4369,-1375,NaN,NaN,NaN,NaN,NaN,8003,-13810,-5807,15240,-8058,7182,2994,-4369,-1375
2017-07-12T22:00:00Z,15.58,15.64,15.58,15.59,8003,-13810,-5807,15240,-8058,7182,2994,-4369,-1375,NaN,NaN,NaN,NaN,NaN,8003,-13810,-5807,15240,-8058,7182,2994,-4369,-1375
2017-07-13T22:00:00Z,15.59,15.63,15.59,15.62,8003,-13810,-5807,15240,-8058,7182,2994,-4369,-1375,NaN,NaN,NaN,NaN,NaN,8003,-13810,-5807,15240,-8058,7182,2994,-4369,-1375
2017-07-16T22:00:00Z,15.63,15.64,15.6,15.62,8003,-13810,-5807,15240,-8058,7182,2994,-4369,-1375,NaN,NaN,NaN,NaN,NaN,8003,-13810,-5807,15240,-8058,7182,2994,-4369,-1375
2017-07-17T22:00:00Z,15.61,15.62,15.58,15.59,8694,-14394,-5700,14947,-8265,6682,3358,-4340,-982,NaN,NaN,NaN,NaN,NaN,8694,-14394,-5700,14947,-8265,6682,3358,-4340,-982
2017-07-18T22:00:00Z,15.57,15.59,15.53,15.53,8694,-14394,-5700,14947,-8265,6682,3358,-4340,-982,NaN,NaN,NaN,NaN,NaN,8694,-14394,-5700,14947,-8265,6682,3358,-4340,-982
2017-07-19T22:00:00Z,15.53,15.54,15.5,15.52,8694,-14394,-5700,14947,-8265,6682,3358,-4340,-982,NaN,NaN,NaN,NaN,NaN,8694,-14394,-5700,14947,-8265,6682,3358,-4340,-982
2017-07-20T22:00:00Z,15.52,15.52,15.5,15.5,8694,-14394,-5700,14947,-8265,6682,3358,-4340,-982,NaN,NaN,NaN,NaN,NaN,8694,-14394,-5700,14947,-8265,6682,3358,-4340,-982
2017-07-23T22:00:00Z,15.52,15.52,15.5,15.5,8694,-14394,-5700,14947,-8265,6682,3358,-4340,-982,NaN,NaN,NaN,NaN,NaN,8694,-14394,-5700,14947,-8265,6682,3358,-4340,-982
2017-07-24T22:00:00Z,15.53,15.53,15.5,15.51,9636,-15099,-5463,15666,-8721,6945,3032,-4514,-1482,NaN,NaN,NaN,NaN,NaN,9636,-15099,-5463,15666,-8721,6945,3032,-4514,-1482
2017-07-25T22:00:00Z,15.52,15.53,15.48,15.48,9636,-15099,-5463,15666,-8721,6945,3032,-4514,-1482,NaN,NaN,NaN,NaN,NaN,9636,-15099,-5463,15666,-8721,6945,3032,-4514,-1482
2017-07-26T22:00:00Z,15.48,15.49,15.47,15.47,9636,-15099,-5463,15666,-8721,6945,3032,-4514,-1482,NaN,NaN,NaN,NaN,NaN,9636,-15099,-5463,15666,-8721,6945,3032,-4514,-1482
2017-07-27T22:00:00Z,16.38,16.58,16.34,16.54,9636,-15099,-5463,15666,-8721,6945,3032,-4514,-1482,NaN,NaN,NaN,NaN,NaN,9636,-15099,-5463,15666,-8721,6945,3032,-4514,-1482
2017-07-30T22:00:00Z,16.54,16.73,16.53,16.56,9636,-15099,-5463,15666,-8721,6945,3032,-4514,-1482,NaN,NaN,NaN,NaN,NaN,9636,-15099,-5463,15666,-8721,6945,3032,-4514,-1482
2017-07-31T22:00:00Z,16.55,16.79,16.49,16.71,9741,-15879,-6138,15929,-8392,7537,3396,-4795,-1399,NaN,NaN,NaN,NaN,NaN,9741,-15879,-6138,15929,-8392,7537,3396,-4795,-1399
2017-08-01T22:00:00Z,16.74,16.79,16.45,16.46,9741,-15879,-6138,15929,-8392,7537,3396,-4795,-1399,NaN,NaN,NaN,NaN,NaN,9741,-15879,-6138,15929,-8392,7537,3396,-4795,-1399
2017-08-02T22:00:00Z,16.45,16.67,16.4,16.41,9741,-15879,-6138,15929,-8392,7537,3396,-4795,-1399,NaN,NaN,NaN,NaN,NaN,9741,-15879,-6138,15929,-8392,7537,3396,-4795,-1399
2017-08-03T22:00:00Z,16.39,16.56,16.32,16.34,9741,-15879,-6138,15929,-8392,7537,3396,-4795,-1399,NaN,NaN,NaN,NaN,NaN,9741,-15879,-6138,15929,-8392,7537,3396,-4795,-1399
2017-08-06T22:00:00Z,16.38,16.43,16.23,16.24,9741,-15879,-6138,15929,-8392,7537,3396,-4795,-1399,NaN,NaN,NaN,NaN,NaN,9741,-15879,-6138,15929,-8392,7537,3396,-4795,-1399
2017-08-07T22:00:00Z,16.25,16.29,16.2,16.26,9252,-13180,-3928,12806,-7536,5270,3226,-4568,-1342,NaN,NaN,NaN,NaN,NaN,9252,-13180,-3928,12806,-7536,5270,3226,-4568,-1342
2017-08-08T22:00:00Z,16.27,16.44,16.21,16.41,9252,-13180,-3928,12806,-7536,5270,3226,-4568,-1342,NaN,NaN,NaN,NaN,NaN,9252,-13180,-3928,12806,-7536,5270,3226,-4568,-1342
2017-08-09T22:00:00Z,16.43,16.45,16.36,16.38,9252,-13180,-3928,12806,-7536,5270,3226,-4568,-1342,NaN,NaN,NaN,NaN,NaN,9252,-13180,-3928,12806,-7536,5270,3226,-4568,-1342
2017-08-10T22:00:00Z,16.41,16.49,16.41,16.47,9252,-13180,-3928,12806,-7536,5270,3226,-4568,-1342,NaN,NaN,NaN,NaN,NaN,9252,-13180,-3928,12806,-7536,5270,3226,-4568,-1342
2017-08-13T22:00:00Z,16.47,16.53,16.44,16.51,9252,-13180,-3928,12806,-7536,5270,3226,-4568,-1342,NaN,NaN,NaN,NaN,NaN,9252,-13180,-3928,12806,-7536,5270,3226,-4568,-1342
2017-08-14T22:00:00Z,16.48,16.5,16.41,16.47,9186,-13666,-4480,13090,-7332,5758,3324,-4602,-1278,NaN,NaN,NaN,NaN,NaN,9186,-13666,-4480,13090,-7332,5758,3324,-4602,-1278
2017-08-15T22:00:00Z,16.48,16.51,16.46,16.49,9186,-13666,-4480,13090,-7332,5758,3324,-4602,-1278,NaN,NaN,NaN,NaN,NaN,9186,-13666,-4480,13090,-7332,5758,3324,-4602,-1278
2017-08-16T22:00:00Z,16.5,16.52,16.49,16.52,9186,-13666,-4480,13090,-7332,5758,3324,-4602,-1278,NaN,NaN,NaN,NaN,NaN,9186,-13666,-4480,13090,-7332,5758,3324,-4602,-1278
2017-08-17T22:00:00Z,16.52,16.53,16.5,16.51,9186,-13666,-4480,13090,-7332,5758,3324,-4602,-1278,NaN,NaN,NaN,NaN,NaN,9186,-13666,-4480,13090,-7332,5758,3324,-4602,-1278
2017-08-20T22:00:00Z,16.51,16.54,16.51,16.54,9186,-13666,-4480,13090,-7332,5758,3324,-4602,-1278,NaN,NaN,NaN,NaN,NaN,9186,-13666,-4480,13090,-7332,5758,3324,-4602,-1278
2017-08-21T22:00:00Z,16.52,16.55,16.52,16.54,9332,-14156,-4824,12877,-6918,5959,3357,-4492,-1135,NaN,NaN,NaN,NaN,NaN,9332,-14156,-4824,12877,-6918,5959,3357,-4492,-1135
2017-08-22T22:00:00Z,16.54,16.54,16.51,16.51,9332,-14156,-4824,12877,-6918,5959,3357,-4492,-1135,NaN,NaN,NaN,NaN,NaN,9332,-14156,-4824,12877,-6918,5959,3357,-4492,-1135
2017-08-23T22:00:00Z,16.52,16.52,16.5,16.51,9332,-14156,-4824,12877,-6918,5959,3357,-4492,-1135,NaN,NaN,NaN,NaN,NaN,9332,-14156,-4824,12877,-6918,5959,3357,-4492,-1135
2017-08-24T22:00:00Z,16.7,16.82,16.58,16.64,9332,-14156,-4824,12877,-6918,5959,3357,-4492,-1135,NaN,NaN,NaN,NaN,NaN,9332,-14156,-4824,12877,-6918,5959,3357,-4492,-1135
2017-08-27T22:00:00Z,16.64,16.73,16.41,16.41,9332,-14156,-4824,12877,-6918,5959,3357,-4492,-1135,NaN,NaN,NaN,NaN,NaN,9332,-14156,-4824,12877,-6918,5959,3357,-4492,-1135
2017-08-28T22:00:00Z,16.4,16.42,16.2,16.38,9376,-14271,-4895,13619,-7116,6503,3077,-4685,-1608,NaN,NaN,NaN,NaN,NaN,9376,-14271,-4895,13619,-7116,6503,3077,-4685,-1608
2017-08-29T22:00:00Z,16.31,16.39,16.2,16.25,9376,-14271,-4895,13619,-7116,6503,3077,-4685,-1608,NaN,NaN,NaN,NaN,NaN,9376,-14271,-4895,13619,-7116,6503,3077,-4685,-1608
2017-08-30T22:00:00Z,16.27,16.27,16.07,16.16,9376,-14271,-4895,13619,-7116,6503,3077,-4685,-1608,NaN,NaN,NaN,NaN,NaN,9376,-14271,-4895,13619,-7116,6503,3077,-4685,-1608
2017-08-31T22:00:00Z,16.15,16.2,16.03,16.13,9376,-14271,-4895,13619,-7116,6503,3077,-4685,-1608,NaN,NaN,NaN,NaN,NaN,9376,-14271,-4895,13619,-7116,6503,3077,-4685,-1608
2017-09-03T22:00:00Z,16.21,16.35,16.15,16.27,8998,-12066,-3068,11411,-6552,4859,2797,-4588,-1791,NaN,NaN,NaN,NaN,NaN,8998,-12066,-3068,11411,-6552,4859,2797,-4588,-1791
2017-09-05T22:00:00Z,16.32,16.36,16.21,16.34,8998,-12066,-3068,11411,-6552,4859,2797,-4588,-1791,NaN,NaN,NaN,NaN,NaN,8998,-12066,-3068,11411,-6552,4859,2797,-4588,-1791
2017-09-06T22:00:00Z,16.39,16.39,16.23,16.26,8998,-12066,-3068,11411,-6552,4859,2797,-4588,-1791,NaN,NaN,NaN,NaN,NaN,8998,-12066,-3068,11411,-6552,4859,2797,-4588,-1791
2017-09-07T22:00:00Z,16.26,16.33,16.25,16.28,8998,-12066,-3068,11411,-6552,4859,2797,-4588,-1791,NaN,NaN,NaN,NaN,NaN,8998,-12066,-3068,11411,-6552,4859,2797,-4588,-1791
2017-09-10T22:00:00Z,16.3,16.32,16.2,16.21,8998,-12066,-3068,11411,-6552,4859,2797,-4588,-1791,NaN,NaN,NaN,NaN,NaN,8998,-12066,-3068,11411,-6552,4859,2797,-4588,-1791
2017-09-11T22:00:00Z,16.21,16.37,16.2,16.35,10172,-12378,-2206,12201,-7188,5013,2072,-4879,-2807,NaN,NaN,NaN,NaN,NaN,10172,-12378,-2206,12201,-7188,5013,2072,-4879,-2807
2017-09-12T22:00:00Z,16.35,16.38,16.23,16.27,10172,-12378,-2206,12201,-7188,5013,2072,-4879,-2807,NaN,NaN,NaN,NaN,NaN,10172,-12378,-2206,12201,-7188,5013,2072,-4879,-2807
2017-09-13T22:00:00Z,16.26,16.3,16.25,16.28,10172,-12378,-2206,12201,-7188,5013,2072,-4879,-2807,NaN,NaN,NaN,NaN,NaN,10172,-12378,-2206,12201,-7188,5013,2072,-4879,-2807
2017-09-14T22:00:00Z,16.28,16.3,16.22,16.23,10172,-12378,-2206,12201,-7188,5013,2072,-4879,-2807,NaN,NaN,NaN,NaN,NaN,10172,-12378,-2206,12201,-7188,5013,2072,-4879,-2807
2017-09-17T22:00:00Z,16.26,16.27,16.24,16.25,10172,-12378,-2206,12201,-7188,5013,2072,-4879,-2807,NaN,NaN,NaN,NaN,NaN,10172,-12378,-2206,12201,-7188,5013,2072,-4879,-2807
2017-09-18T22:00:00Z,16.23,16.29,16.23,16.27,10647,-12617,-1970,12579,-7970,4609,1993,-4632,-2639,NaN,NaN,NaN,NaN,NaN,10647,-12617,-1970,12579,-7970,4609,1993,-4632,-2639
2017-09-19T22:00:00Z,16.27,16.34,16.25,16.31,10647,-12617,-1970,12579,-7970,4609,1993,-4632,-2639,NaN,NaN,NaN,NaN,NaN,10647,-12617,-1970,12579,-7970,4609,1993,-4632,-2639
2017-09-20T22:00:00Z,16.33,16.37,16.31,16.37,10647,-12617,-1970,12579,-7970,4609,1993,-4632,-2639,NaN,NaN,NaN,NaN,NaN,10647,-12617,-1970,12579,-7970,4609,1993,-4632,-2639
2017-09-21T22:00:00Z,16.38,16.39,16.36,16.36,10647,-12617,-1970,12579,-7970,4609,1993,-4632,-2639,NaN,NaN,NaN,NaN,NaN,10647,-12617,-1970,12579,-7970,4609,1993,-4632,-2639
2017-09-24T22:00:00Z,16.35,16.38,16.35,16.37,10647,-12617,-1970,12579,-7970,4609,1993,-4632,-2639,NaN,NaN,NaN,NaN,NaN,10647,-12617,-1970,12579,-7970,4609,1993,-4632,-2639
2017-09-25T22:00:00Z,16.38,16.38,16.35,16.37,10519,-12747,-2228,13478,-8689,4789,1979,-4540,-2561,NaN,NaN,NaN,NaN,NaN,10519,-12747,-2228,13478,-8689,4789,1979,-4540,-2561
2017-09-26T22:00:00Z,16.35,16.38,16.34,16.36,10519,-12747,-2228,13478,-8689,4789,1979,-4540,-2561,NaN,NaN,NaN,NaN,NaN,10519,-12747,-2228,13478,-8689,4789,1979,-4540,-2561
2017-09-27T22:00:00Z,16.38,16.39,16.37,16.37,10519,-12747,-2228,13478,-8689,4789,1979,-4540,-2561,NaN,NaN,NaN,NaN,NaN,10519,-12747,-2228,13478,-8689,4789,1979,-4540,-2561
2017-09-28T22:00:00Z,16.28,16.34,16.21,16.27,10519,-12747,-2228,13478,-8689,4789,1979,-4540,-2561,NaN,NaN,NaN,NaN,NaN,10519,-12747,-2228,13478,-8689,4789,1979,-4540,-2561
2017-10-01T22:00:00Z,16.22,16.35,16.18,16.35,10519,-12747,-2228,13478,-8689,4789,1979,-4540,-2561,NaN,NaN,NaN,NaN,NaN,10519,-12747,-2228,13478,-8689,4789,1979,-4540,-2561
2017-10-02T22:00:00Z,16.4,16.45,16.3,16.41,10741,-12712,-1971,13381,-8956,4425,2028,-4482,-2454,NaN,NaN,NaN,NaN,NaN,10741,-12712,-1971,13381,-8956,4425,2028,-4482,-2454
2017-10-03T22:00:00Z,16.45,16.75,16.41,16.66,10741,-12712,-1971,13381,-8956,4425,2028,-4482,-2454,NaN,NaN,NaN,NaN,NaN,10741,-12712,-1971,13381,-8956,4425,2028,-4482,-2454
2017-10-04T22:00:00Z,16.65,16.8,16.64,16.78,10741,-12712,-1971,13381,-8956,4425,2028,-4482,-2454,NaN,NaN,NaN,NaN,NaN,10741,-12712,-1971,13381,-8956,4425,2028,-4482,-2454
2017-10-05T22:00:00Z,16.8,16.82,16.74,16.8,10741,-12712,-1971,13381,-8956,4425,2028,-4482,-2454,NaN,NaN,NaN,NaN,NaN,10741,-12712,-1971,13381,-8956,4425,2028,-4482,-2454
2017-10-08T22:00:00Z,16.8,16.85,16.66,16.66,10741,-12712,-1971,13381,-8956,4425,2028,-4482,-2454,NaN,NaN,NaN,NaN,NaN,10741,-12712,-1971,13381,-8956,4425,2028,-4482,-2454
2017-10-09T22:00:00Z,16.65,16.7,16.63,16.69,9033,-10136,-1103,10890,-7391,3499,1900,-4296,-2396,NaN,NaN,NaN,NaN,NaN,9033,-10136,-1103,10890,-7391,3499,1900,-4296,-2396
2017-10-10T22:00:00Z,16.7,16.78,16.68,16.72,9033,-10136,-1103,10890,-7391,3499,1900,-4296,-2396,NaN,NaN,NaN,NaN,NaN,9033,-10136,-1103,10890,-7391,3499,1900,-4296,-2396
2017-10-11T22:00:00Z,16.68,16.77,16.68,16.71,9033,-10136,-1103,10890,-7391,3499,1900,-4296,-2396,NaN,NaN,NaN,NaN,NaN,9033,-10136,-1103,10890,-7391,3499,1900,-4296,-2396
2017-10-12T22:00:00Z,16.68,16.75,16.68,16.73,9033,-10136,-1103,10890,-7391,3499,1900,-4296,-2396,NaN,NaN,NaN,NaN,NaN,9033,-10136,-1103,10890,-7391,3499,1900,-4296,-2396
2017-10-15T22:00:00Z,16.71,16.78,16.71,16.76,9033,-10136,-1103,10890,-7391,3499,1900,-4296,-2396,NaN,NaN,NaN,NaN,NaN,9033,-10136,-1103,10890,-7391,3499,1900,-4296,-2396
2017-10-16T22:00:00Z,16.78,16.82,16.76,16.82,9015,-10124,-1109,11070,-8164,2906,2197,-3994,-1797,NaN,NaN,NaN,NaN,NaN,9015,-10124,-1109,11070,-8164,2906,2197,-3994,-1797
2017-10-17T22:00:00Z,16.8,16.82,16.66,16.66,9015,-10124,-1109,11070,-8164,2906,2197,-3994,-1797,NaN,NaN,NaN,NaN,NaN,9015,-10124,-1109,11070,-8164,2906,2197,-3994,-1797
2017-10-18T22:00:00Z,16.62,16.65,16.61,16.62,9015,-10124,-1109,11070,-8164,2906,2197,-3994,-1797,NaN,NaN,NaN,NaN,NaN,9015,-10124,-1109,11070,-8164,2906,2197,-3994,-1797
2017-10-19T22:00:00Z,16.6,16.64,16.6,16.6,9015,-10124,-1109,11070,-8164,2906,2197,-3994,-1797,NaN,NaN,NaN,NaN,NaN,9015,-10124,-1109,11070,-8164,2906,2197,-3994,-1797
2017-10-22T22:00:00Z,16.61,16.62,16.6,16.62,9015,-10124,-1109,11070,-8164,2906,2197,-3994,-1797,NaN,NaN,NaN,NaN,NaN,9015,-10124,-1109,11070,-8164,2906,2197,-3994,-1797
2017-10-23T22:00:00Z,16.61,16.62,16.59,16.62,9470,-10335,-865,11225,-8501,2724,2360,-4219,-1859,NaN,NaN,NaN,NaN,NaN,9470,-10335,-865,11225,-8501,2724,2360,-4219,-1859
2017-10-24T22:00:00Z,16.61,16.71,16.6,16.7,9470,-10335,-865,11225,-8501,2724,2360,-4219,-1859,NaN,NaN,NaN,NaN,NaN,9470,-10335,-865,11225,-8501,2724,2360,-4219,-1859
2017-10-25T22:00:00Z,16.7,16.72,16.69,16.7,9470,-10335,-865,11225,-8501,2724,2360,-4219,-1859,NaN,NaN,NaN,NaN,NaN,9470,-10335,-865,11225,-8501,2724,2360,-4219,-1859
2017-10-26T22:00:00Z,16.34,16.43,16.24,16.39,9470,-10335,-865,11225,-8501,2724,2360,-4219,-1859,NaN,NaN,NaN,NaN,NaN,9470,-10335,-865,11225,-8501,2724,2360,-4219,-1859
2017-10-29T22:00:00Z,16.31,16.55,16.3,16.51,9470,-10335,-865,11225,-8501,2724,2360,-4219,-1859,NaN,NaN,NaN,NaN,NaN,9470,-10335,-865,11225,-8501,2724,2360,-4219,-1859
2017-10-30T22:00:00Z,16.52,16.7,16.49,16.62,9902,-10517,-615,11466,-8954,2512,2473,-4370,-1897,NaN,NaN,NaN,NaN,NaN,9902,-10517,-615,11466,-8954,2512,2473,-4370,-1897
2017-10-31T22:00:00Z,16.65,16.66,16.58,16.62,9902,-10517,-615,11466,-8954,2512,2473,-4370,-1897,NaN,NaN,NaN,NaN,NaN,9902,-10517,-615,11466,-8954,2512,2473,-4370,-1897
2017-11-01T22:00:00Z,16.65,16.74,16.46,16.56,9902,-10517,-615,11466,-8954,2512,2473,-4370,-1897,NaN,NaN,NaN,NaN,NaN,9902,-10517,-615,11466,-8954,2512,2473,-4370,-1897
2017-11-02T22:00:00Z,16.56,16.6,16.53,16.56,9902,-10517,-615,11466,-8954,2512,2473,-4370,-1897,NaN,NaN,NaN,NaN,NaN,9902,-10517,-615,11466,-8954,2512,2473,-4370,-1897
2017-11-05T23:00:00Z,16.54,16.63,16.54,16.55,9902,-10517,-615,11466,-8954,2512,2473,-4370,-1897,NaN,NaN,NaN,NaN,NaN,9902,-10517,-615,11466,-8954,2512,2473,-4370,-1897
2017-11-06T23:00:00Z,16.54,16.59,16.44,16.51,9060,-9072,-12,11389,-9476,1913,2333,-4234,-1901,NaN,NaN,NaN,NaN,NaN,9060,-9072,-12,11389,-9476,1913,2333,-4234,-1901
2017-11-07T23:00:00Z,16.46,16.63,16.46,16.63,9060,-9072,-12,11389,-9476,1913,2333,-4234,-1901,NaN,NaN,NaN,NaN,NaN,9060,-9072,-12,11389,-9476,1913,2333,-4234,-1901
2017-11-08T23:00:00Z,16.6,16.85,16.57,16.77,9060,-9072,-12,11389,-9476,1913,2333,-4234,-1901,NaN,NaN,NaN,NaN,NaN,9060,-9072,-12,11389,-9476,1913,2333,-4234,-1901
2017-11-09T23:00:00Z,16.77,16.81,16.72,16.77,9060,-9072,-12,11389,-9476,1913,2333,-4234,-1901,NaN,NaN,NaN,NaN,NaN,9060,-9072,-12,11389,-9476,1913,2333,-4234,-1901
2017-11-12T23:00:00Z,16.8,16.82,16.76,16.81,9060,-9072,-12,11389,-9476,1913,2333,-4234,-1901,NaN,NaN,NaN,NaN,NaN,9060,-9072,-12,11389,-9476,1913,2333,-4234,-1901
2017-11-13T23:00:00Z,16.83,16.84,16.79,16.84,9673,-10287,-614,12397,-9633,2764,2325,-4475,-2150,NaN,NaN,NaN,NaN,NaN,9673,-10287,-614,12397,-9633,2764,2325,-4475,-2150
2017-11-14T23:00:00Z,16.84,16.85,16.81,16.85,9673,-10287,-614,12397,-9633,2764,2325,-4475,-2150,NaN,NaN,NaN,NaN,NaN,9673,-10287,-614,12397,-9633,2764,2325,-4475,-2150
2017-11-15T23:00:00Z,16.85,16.85,16.8,16.8,9673,-10287,-614,12397,-9633,2764,2325,-4475,-2150,NaN,NaN,NaN,NaN,NaN,9673,-10287,-614,12397,-9633,2764,2325,-4475,-2150
2017-11-16T23:00:00Z,16.79,16.81,16.78,16.79,9673,-10287,-614,12397,-9633,2764,2325,-4475,-2150,NaN,NaN,NaN,NaN,NaN,9673,-10287,-614,12397,-9633,2764,2325,-4475,-2150
2017-11-19T23:00:00Z,16.79,16.83,16.78,16.82,9673,-10287,-614,12397,-9633,2764,2325,-4475,-2150,NaN,NaN,NaN,NaN,NaN,9673,-10287,-614,12397,-9633,2764,2325,-4475,-2150
2017-11-20T23:00:00Z,16.83,16.83,16.8,16.82,10175,-12598,-2423,13717,-9686,4031,2559,-4167,-1608,NaN,NaN,NaN,NaN,NaN,10175,-12598,-2423,13717,-9686,4031,2559,-4167,-1608
2017-11-21T23:00:00Z,16.8,16.84,16.78,16.8,10175,-12598,-2423,13717,-9686,4031,2559,-4167,-1608,NaN,NaN,NaN,NaN,NaN,10175,-12598,-2423,13717,-9686,4031,2559,-4167,-1608
2017-11-26T23:00:00Z,15.45,15.55,15.14,15.14,10175,-12598,-2423,13717,-9686,4031,2559,-4167,-1608,NaN,NaN,NaN,NaN,NaN,10175,-12598,-2423,13717,-9686,4031,2559,-4167,-1608
2017-11-27T23:00:00Z,15.1,15.31,15.1,15.29,10770,-13208,-2438,14155,-10234,3921,2809,-4292,-1483,NaN,NaN,NaN,NaN,NaN,10770,-13208,-2438,14155,-10234,3921,2809,-4292,-1483
2017-11-28T23:00:00Z,15.28,15.39,15.22,15.32,10770,-13208,-2438,14155,-10234,3921,2809,-4292,-1483,NaN,NaN,NaN,NaN,NaN,10770,-13208,-2438,14155,-10234,3921,2809,-4292,-1483
2017-11-29T23:00:00Z,15.27,15.44,15.27,15.37,10770,-13208,-2438,14155,-10234,3921,2809,-4292,-1483,NaN,NaN,NaN,NaN,NaN,10770,-13208,-2438,14155,-10234,3921,2809,-4292,-1483
2017-11-30T23:00:00Z,15.35,15.42,15.29,15.33,10770,-13208,-2438,14155,-10234,3921,2809,-4292,-1483,NaN,NaN,NaN,NaN,NaN,10770,-13208,-2438,14155,-10234,3921,2809,-4292,-1483
2017-12-03T23:00:00Z,15.32,15.39,15.26,15.37,10770,-13208,-2438,14155,-10234,3921,2809,-4292,-1483,NaN,NaN,NaN,NaN,NaN,10770,-13208,-2438,14155,-10234,3921,2809,-4292,-1483
2017-12-04T23:00:00Z,15.35,15.45,15.33,15.43,8930,-11415,-2485,12908,-9112,3796,2658,-3969,-1311,NaN,NaN,NaN,NaN,NaN,8930,-11415,-2485,12908,-9112,3796,2658,-3969,-1311
2017-12-05T23:00:00Z,15.44,15.48,15.35,15.41,8930,-11415,-2485,12908,-9112,3796,2658,-3969,-1311,NaN,NaN,NaN,NaN,NaN,8930,-11415,-2485,12908,-9112,3796,2658,-3969,-1311
2017-12-06T23:00:00Z,15.39,15.55,15.38,15.53,8930,-11415,-2485,12908,-9112,3796,2658,-3969,-1311,NaN,NaN,NaN,NaN,NaN,8930,-11415,-2485,12908,-9112,3796,2658,-3969,-1311
2017-12-07T23:00:00Z,15.59,15.62,15.54,15.61,8930,-11415,-2485,12908,-9112,3796,2658,-3969,-1311,NaN,NaN,NaN,NaN,NaN,8930,-11415,-2485,12908,-9112,3796,2658,-3969,-1311
2017-12-10T23:00:00Z,15.58,15.65,15.58,15.63,8930,-11415,-2485,12908,-9112,3796,2658,-3969,-1311,NaN,NaN,NaN,NaN,NaN,8930,-11415,-2485,12908,-9112,3796,2658,-3969,-1311
2017-12-11T23:00:00Z,15.64,15.65,15.6,15.6,9229,-12560,-3331,13034,-8273,4761,2644,-4074,-1430,NaN,NaN,NaN,NaN,NaN,9229,-12560,-3331,13034,-8273,4761,2644,-4074,-1430
2017-12-12T23:00:00Z,15.57,15.65,15.5,15.52,9229,-12560,-3331,13034,-8273,4761,2644,-4074,-1430,NaN,NaN,NaN,NaN,NaN,9229,-12560,-3331,13034,-8273,4761,2644,-4074,-1430
2017-12-13T23:00:00Z,15.51,15.54,15.51,15.52,9229,-12560,-3331,13034,-8273,4761,2644,-4074,-1430,NaN,NaN,NaN,NaN,NaN,9229,-12560,-3331,13034,-8273,4761,2644,-4074,-1430
2017-12-14T23:00:00Z,15.52,15.53,15.5,15.5,9229,-12560,-3331,13034,-8273,4761,2644,-4074,-1430,NaN,NaN,NaN,NaN,NaN,9229,-12560,-3331,13034,-8273,4761,2644,-4074,-1430
2017-12-17T23:00:00Z,15.5,15.51,15.49,15.49,9229,-12560,-3331,13034,-8273,4761,2644,-4074,-1430,NaN,NaN,NaN,NaN,NaN,9229,-12560,-3331,13034,-8273,4761,2644,-4074,-1430
2017-12-18T23:00:00Z,15.49,15.51,15.44,15.48,9869,-12435,-2566,13603,-9289,4314,2618,-4366,-1748,NaN,NaN,NaN,NaN,NaN,9869,-12435,-2566,13603,-9289,4314,2618,-4366,-1748
2017-12-19T23:00:00Z,15.43,15.51,15.42,15.43,9869,-12435,-2566,13603,-9289,4314,2618,-4366,-1748,NaN,NaN,NaN,NaN,NaN,9869,-12435,-2566,13603,-9289,4314,2618,-4366,-1748
2017-12-20T23:00:00Z,15.43,15.46,15.43,15.45,9869,-12435,-2566,13603,-9289,4314,2618,-4366,-1748,NaN,NaN,NaN,NaN,NaN,9869,-12435,-2566,13603,-9289,4314,2618,-4366,-1748
2017-12-21T23:00:00Z,15.42,15.45,15.42,15.43,9869,-12435,-2566,13603,-9289,4314,2618,-4366,-1748,NaN,NaN,NaN,NaN,NaN,9869,-12435,-2566,13603,-9289,4314,2618,-4366,-1748
2017-12-24T23:00:00Z,15.43,15.44,15.41,15.42,10655,-11928,-1273,13060,-9728,3332,2315,-4374,-2059,NaN,NaN,NaN,NaN,NaN,10655,-11928,-1273,13060,-9728,3332,2315,-4374,-2059
2017-12-26T23:00:00Z,15.43,15.43,15.41,15.41,10655,-11928,-1273,13060,-9728,3332,2315,-4374,-2059,NaN,NaN,NaN,NaN,NaN,10655,-11928,-1273,13060,-9728,3332,2315,-4374,-2059
2017-12-27T23:00:00Z,15.42,15.44,15.4,15.41,10655,-11928,-1273,13060,-9728,3332,2315,-4374,-2059,NaN,NaN,NaN,NaN,NaN,10655,-11928,-1273,13060,-9728,3332,2315,-4374,-2059
2017-12-28T23:00:00Z,14,14.14,13.96,14.08,10655,-11928,-1273,13060,-9728,3332,2315,-4374,-2059,NaN,NaN,NaN,NaN,NaN,10655,-11928,-1273,13060,-9728,3332,2315,-4374,-2059
2017-12-31T23:00:00Z,14.12,14.13,13.92,14.04,10955,-11932,-977,12881,-9649,3232,2219,-4474,-2255,NaN,NaN,NaN,NaN,NaN,10955,-11932,-977,12881,-9649,3232,2219,-4474,-2255
2018-01-02T23:00:00Z,14,14.09,13.95,14.05,10955,-11932,-977,12881,-9649,3232,2219,-4474,-2255,NaN,NaN,NaN,NaN,NaN,10955,-11932,-977,12881,-9649,3232,2219,-4474,-2255
2018-01-03T23:00:00Z,14.04,14.18,14.02,14.04,10955,-11932,-977,12881,-9649,3232,2219,-4474,-2255,NaN,NaN,NaN,NaN,NaN,10955,-11932,-977,12881,-9649,3232,2219,-4474,-2255
2018-01-04T23:00:00Z,14.02,14.07,13.93,13.95,10955,-11932,-977,12881,-9649,3232,2219,-4474,-2255,NaN,NaN,NaN,NaN,NaN,10955,-11932,-977,12881,-9649,3232,2219,-4474,-2255
2018-01-07T23:00:00Z,13.92,13.94,13.83,13.85,10955,-11932,-977,12881,-9649,3232,2219,-4474,-2255,NaN,NaN,NaN,NaN,NaN,10955,-11932,-977,12881,-9649,3232,2219,-4474,-2255
2018-01-08T23:00:00Z,13.84,13.98,13.8,13.83,10097,-8991,1106,11112,-9427,1685,2016,-4807,-2791,NaN,NaN,NaN,NaN,NaN,10097,-8991,1106,11112,-9427,1685,2016,-4807,-2791
2018-01-09T23:00:00Z,13.8,13.87,13.76,13.83,10097,-8991,1106,11112,-9427,1685,2016,-4807,-2791,NaN,NaN,NaN,NaN,NaN,10097,-8991,1106,11112,-9427,1685,2016,-4807,-2791
2018-01-10T23:00:00Z,13.8,13.88,13.8,13.82,10097,-8991,1106,11112,-9427,1685,2016,-4807,-2791,NaN,NaN,NaN,NaN,NaN,10097,-8991,1106,11112,-9427,1685,2016,-4807,-2791
2018-01-11T23:00:00Z,13.85,13.88,13.75,13.76,10097,-8991,1106,11112,-9427,1685,2016,-4807,-2791,NaN,NaN,NaN,NaN,NaN,10097,-8991,1106,11112,-9427,1685,2016,-4807,-2791
2018-01-14T23:00:00Z,13.75,13.84,13.73,13.79,10309,-9734,575,11896,-9801,2095,2189,-4859,-2670,NaN,NaN,NaN,NaN,NaN,10309,-9734,575,11896,-9801,2095,2189,-4859,-2670
2018-01-16T23:00:00Z,13.81,13.86,13.78,13.86,10309,-9734,575,11896,-9801,2095,2189,-4859,-2670,NaN,NaN,NaN,NaN,NaN,10309,-9734,575,11896,-9801,2095,2189,-4859,-2670
2018-01-17T23:00:00Z,13.82,13.88,13.79,13.85,10309,-9734,575,11896,-9801,2095,2189,-4859,-2670,NaN,NaN,NaN,NaN,NaN,10309,-9734,575,11896,-9801,2095,2189,-4859,-2670
2018-01-18T23:00:00Z,13.87,13.9,13.86,13.89,10309,-9734,575,11896,-9801,2095,2189,-4859,-2670,NaN,NaN,NaN,NaN,NaN,10309,-9734,575,11896,-9801,2095,2189,-4859,-2670
2018-01-21T23:00:00Z,13.89,13.9,13.87,13.9,10309,-9734,575,11896,-9801,2095,2189,-4859,-2670,NaN,NaN,NaN,NaN,NaN,10309,-9734,575,11896,-9801,2095,2189,-4859,-2670
2018-01-22T23:00:00Z,13.9,13.91,13.87,13.89,10348,-9836,512,12573,-10135,2438,2235,-5185,-2950,NaN,NaN,NaN,NaN,NaN,10348,-9836,512,12573,-10135,2438,2235,-5185,-2950
2018-01-23T23:00:00Z,13.88,13.92,13.88,13.91,10348,-9836,512,12573,-10135,2438,2235,-5185,-2950,NaN,NaN,NaN,NaN,NaN,10348,-9836,512,12573,-10135,2438,2235,-5185,-2950
2018-01-24T23:00:00Z,13.91,13.92,13.9,13.92,10348,-9836,512,12573,-10135,2438,2235,-5185,-2950,NaN,NaN,NaN,NaN,NaN,10348,-9836,512,12573,-10135,2438,2235,-5185,-2950
2018-01-25T23:00:00Z,13.31,13.36,13.28,13.32,10348,-9836,512,12573,-10135,2438,2235,-5185,-2950,NaN,NaN,NaN,NaN,NaN,10348,-9836,512,12573,-10135,2438,2235,-5185,-2950
2018-01-28T23:00:00Z,13.42,13.45,13.33,13.43,10348,-9836,512,12573,-10135,2438,2235,-5185,-2950,NaN,NaN,NaN,NaN,NaN,10348,-9836,512,12573,-10135,2438,2235,-5185,-2950
2018-01-29T23:00:00Z,13.41,13.52,13.36,13.4,10630,-9883,747,12882,-10446,2436,2193,-5376,-3183,NaN,NaN,NaN,NaN,NaN,10630,-9883,747,12882,-10446,2436,2193,-5376,-3183
2018-01-30T23:00:00Z,13.37,13.46,13.36,13.46,10630,-9883,747,12882,-10446,2436,2193,-5376,-3183,NaN,NaN,NaN,NaN,NaN,10630,-9883,747,12882,-10446,2436,2193,-5376,-3183
2018-01-31T23:00:00Z,13.42,13.59,13.4,13.58,10630,-9883,747,12882,-10446,2436,2193,-5376,-3183,NaN,NaN,NaN,NaN,NaN,10630,-9883,747,12882,-10446,2436,2193,-5376,-3183
2018-02-01T23:00:00Z,13.62,13.65,13.49,13.61,10630,-9883,747,12882,-10446,2436,2193,-5376,-3183,NaN,NaN,NaN,NaN,NaN,10630,-9883,747,12882,-10446,2436,2193,-5376,-3183
2018-02-04T23:00:00Z,13.66,13.76,13.6,13.7,10630,-9883,747,12882,-10446,2436,2193,-5376,-3183,NaN,NaN,NaN,NaN,NaN,10630,-9883,747,12882,-10446,2436,2193,-5376,-3183
2018-02-05T23:00:00Z,13.76,13.79,13.67,13.68,9858,-8956,902,11182,-9086,2096,1960,-4958,-2998,NaN,NaN,NaN,NaN,NaN,9858,-8956,902,11182,-9086,2096,1960,-4958,-2998
2018-02-06T23:00:00Z,13.64,13.73,13.52,13.52,9858,-8956,902,11182,-9086,2096,1960,-4958,-2998,NaN,NaN,NaN,NaN,NaN,9858,-8956,902,11182,-9086,2096,1960,-4958,-2998
2018-02-07T23:00:00Z,13.46,13.54,13.46,13.47,9858,-8956,902,11182,-9086,2096,1960,-4958,-2998,NaN,NaN,NaN,NaN,NaN,9858,-8956,902,11182,-9086,2096,1960,-4958,-2998
2018-02-08T23:00:00Z,13.43,13.52,13.43,13.47,9858,-8956,902,11182,-9086,2096,1960,-4958,-2998,NaN,NaN,NaN,NaN,NaN,9858,-8956,902,11182,-9086,2096,1960,-4958,-2998
2018-02-11T23:00:00Z,13.5,13.51,13.45,13.47,9858,-8956,902,11182,-9086,2096,1960,-4958,-2998,NaN,NaN,NaN,NaN,NaN,9858,-8956,902,11182,-9086,2096,1960,-4958,-2998
2018-02-12T23:00:00Z,13.48,13.49,13.45,13.47,10383,-9091,1292,11349,-9781,1568,1896,-4756,-2860,NaN,NaN,NaN,NaN,NaN,10383,-9091,1292,11349,-9781,1568,1896,-4756,-2860
2018-02-13T23:00:00Z,13.47,13.51,13.46,13.47,10383,-9091,1292,11349,-9781,1568,1896,-4756,-2860,NaN,NaN,NaN,NaN,NaN,10383,-9091,1292,11349,-9781,1568,1896,-4756,-2860
2018-02-14T23:00:00Z,13.46,13.49,13.45,13.48,10383,-9091,1292,11349,-9781,1568,1896,-4756,-2860,NaN,NaN,NaN,NaN,NaN,10383,-9091,1292,11349,-9781,1568,1896,-4756,-2860
2018-02-15T23:00:00Z,13.49,13.49,13.45,13.48,10383,-9091,1292,11349,-9781,1568,1896,-4756,-2860,NaN,NaN,NaN,NaN,NaN,10383,-9091,1292,11349,-9781,1568,1896,-4756,-2860
2018-02-18T23:00:00Z,13.49,13.51,13.47,13.48,10261,-9481,780,11580,-9912,1668,2156,-4604,-2448,NaN,NaN,NaN,NaN,NaN,10261,-9481,780,11580,-9912,1668,2156,-4604,-2448
2018-02-20T23:00:00Z,13.5,13.5,13.46,13.46,10261,-9481,780,11580,-9912,1668,2156,-4604,-2448,NaN,NaN,NaN,NaN,NaN,10261,-9481,780,11580,-9912,1668,2156,-4604,-2448
2018-02-21T23:00:00Z,13.46,13.46,13.43,13.43,10261,-9481,780,11580,-9912,1668,2156,-4604,-2448,NaN,NaN,NaN,NaN,NaN,10261,-9481,780,11580,-9912,1668,2156,-4604,-2448
2018-02-22T23:00:00Z,13.94,13.96,13.75,13.87,10261,-9481,780,11580,-9912,1668,2156,-4604,-2448,NaN,NaN,NaN,NaN,NaN,10261,-9481,780,11580,-9912,1668,2156,-4604,-2448
2018-02-25T23:00:00Z,13.88,14,13.8,13.96,10261,-9481,780,11580,-9912,1668,2156,-4604,-2448,NaN,NaN,NaN,NaN,NaN,10261,-9481,780,11580,-9912,1668,2156,-4604,-2448
2018-02-26T23:00:00Z,13.99,14.1,13.96,14.05,10443,-9834,609,11631,-9812,1819,2224,-4652,-2428,NaN,NaN,NaN,NaN,NaN,10443,-9834,609,11631,-9812,1819,2224,-4652,-2428
2018-02-27T23:00:00Z,14.1,14.16,14,14.02,10443,-9834,609,11631,-9812,1819,2224,-4652,-2428,NaN,NaN,NaN,NaN,NaN,10443,-9834,609,11631,-9812,1819,2224,-4652,-2428
2018-02-28T23:00:00Z,14.04,14.09,13.96,14.08,10443,-9834,609,11631,-9812,1819,2224,-4652,-2428,NaN,NaN,NaN,NaN,NaN,10443,-9834,609,11631,-9812,1819,2224,-4652,-2428
2018-03-01T23:00:00Z,14.08,14.12,14.05,14.08,10443,-9834,609,11631,-9812,1819,2224,-4652,-2428,NaN,NaN,NaN,NaN,NaN,10443,-9834,609,11631,-9812,1819,2224,-4652,-2428
2018-03-05T23:00:00Z,14.14,14.2,14.12,14.17,9062,-9227,-165,10626,-8390,2236,2042,-4113,-2071,NaN,NaN,NaN,NaN,NaN,9062,-9227,-165,10626,-8390,2236,2042,-4113,-2071
2018-03-06T23:00:00Z,14.11,14.17,14.1,14.16,9062,-9227,-165,10626,-8390,2236,2042,-4113,-2071,NaN,NaN,NaN,NaN,NaN,9062,-9227,-165,10626,-8390,2236,2042,-4113,-2071
2018-03-07T23:00:00Z,14.16,14.19,14.11,14.19,9062,-9227,-165,10626,-8390,2236,2042,-4113,-2071,NaN,NaN,NaN,NaN,NaN,9062,-9227,-165,10626,-8390,2236,2042,-4113,-2071
2018-03-08T23:00:00Z,14.16,14.21,14.15,14.2,9062,-9227,-165,10626,-8390,2236,2042,-4113,-2071,NaN,NaN,NaN,NaN,NaN,9062,-9227,-165,10626,-8390,2236,2042,-4113,-2071
2018-03-11T22:00:00Z,14.22,14.25,14.18,14.18,9062,-9227,-165,10626,-8390,2236,2042,-4113,-2071,NaN,NaN,NaN,NaN,NaN,9062,-9227,-165,10626,-8390,2236,2042,-4113,-2071
2018-03-12T22:00:00Z,14.17,14.22,14.16,14.22,9033,-9238,-205,10795,-8547,2248,2032,-4075,-2043,NaN,NaN,NaN,NaN,NaN,9033,-9238,-205,10795,-8547,2248,2032,-4075,-2043
2018-03-13T22:00:00Z,14.21,14.28,14.19,14.24,9033,-9238,-205,10795,-8547,2248,2032,-4075,-2043,NaN,NaN,NaN,NaN,NaN,9033,-9238,-205,10795,-8547,2248,2032,-4075,-2043
2018-03-14T22:00:00Z,14.25,14.3,14.25,14.28,9033,-9238,-205,10795,-8547,2248,2032,-4075,-2043,NaN,NaN,NaN,NaN,NaN,9033,-9238,-205,10795,-8547,2248,2032,-4075,-2043
2018-03-15T22:00:00Z,14.3,14.31,14.26,14.29,9033,-9238,-205,10795,-8547,2248,2032,-4075,-2043,NaN,NaN,NaN,NaN,NaN,9033,-9238,-205,10795,-8547,2248,2032,-4075,-2043
2018-03-18T22:00:00Z,14.29,14.3,14.27,14.29,9033,-9238,-205,10795,-8547,2248,2032,-4075,-2043,NaN,NaN,NaN,NaN,NaN,9033,-9238,-205,10795,-8547,2248,2032,-4075,-2043
2018-03-19T22:00:00Z,14.3,14.31,14.28,14.28,9014,-9897,-883,11509,-8568,2941,2063,-4121,-2058,NaN,NaN,NaN,NaN,NaN,9014,-9897,-883,11509,-8568,2941,2063,-4121,-2058
2018-03-20T22:00:00Z,14.27,14.3,14.21,14.22,9014,-9897,-883,11509,-8568,2941,2063,-4121,-2058,NaN,NaN,NaN,NaN,NaN,9014,-9897,-883,11509,-8568,2941,2063,-4121,-2058
2018-03-21T22:00:00Z,14.21,14.22,14.19,14.19,9014,-9897,-883,11509,-8568,2941,2063,-4121,-2058,NaN,NaN,NaN,NaN,NaN,9014,-9897,-883,11509,-8568,2941,2063,-4121,-2058
2018-03-22T22:00:00Z,14.19,14.24,14.19,14.21,9014,-9897,-883,11509,-8568,2941,2063,-4121,-2058,NaN,NaN,NaN,NaN,NaN,9014,-9897,-883,11509,-8568,2941,2063,-4121,-2058
2018-03-25T22:00:00Z,14.21,14.22,14.21,14.21,9014,-9897,-883,11509,-8568,2941,2063,-4121,-2058,NaN,NaN,NaN,NaN,NaN,9014,-9897,-883,11509,-8568,2941,2063,-4121,-2058
2018-03-26T22:00:00Z,14.22,14.23,14.22,14.23,9014,-9873,-859,11957,-9065,2892,2146,-4179,-2033,NaN,NaN,NaN,NaN,NaN,9014,-9873,-859,11957,-9065,2892,2146,-4179,-2033
2018-03-27T22:00:00Z,14.21,14.25,14.21,14.25,9014,-9873,-859,11957,-9065,2892,2146,-4179,-2033,NaN,NaN,NaN,NaN,NaN,9014,-9873,-859,11957,-9065,2892,2146,-4179,-2033
2018-03-28T22:00:00Z,14.24,14.24,14.23,14.23,9014,-9873,-859,11957,-9065,2892,2146,-4179,-2033,NaN,NaN,NaN,NaN,NaN,9014,-9873,-859,11957,-9065,2892,2146,-4179,-2033
2018-04-01T22:00:00Z,14.29,14.34,14.16,14.33,9014,-9873,-859,11957,-9065,2892,2146,-4179,-2033,NaN,NaN,NaN,NaN,NaN,9014,-9873,-859,11957,-9065,2892,2146,-4179,-2033
2018-04-02T22:00:00Z,14.26,14.44,14.26,14.43,9059,-10144,-1085,12160,-8855,3305,2134,-4354,-2220,NaN,NaN,NaN,NaN,NaN,9059,-10144,-1085,12160,-8855,3305,2134,-4354,-2220
2018-04-03T22:00:00Z,14.44,14.48,14.41,14.45,9059,-10144,-1085,12160,-8855,3305,2134,-4354,-2220,NaN,NaN,NaN,NaN,NaN,9059,-10144,-1085,12160,-8855,3305,2134,-4354,-2220
2018-04-04T22:00:00Z,14.48,14.49,14.38,14.4,9059,-10144,-1085,12160,-8855,3305,2134,-4354,-2220,NaN,NaN,NaN,NaN,NaN,9059,-10144,-1085,12160,-8855,3305,2134,-4354,-2220
2018-04-05T22:00:00Z,14.35,14.49,14.35,14.4,9059,-10144,-1085,12160,-8855,3305,2134,-4354,-2220,NaN,NaN,NaN,NaN,NaN,9059,-10144,-1085,12160,-8855,3305,2134,-4354,-2220
2018-04-08T22:00:00Z,14.42,14.51,14.42,14.47,9059,-10144,-1085,12160,-8855,3305,2134,-4354,-2220,NaN,NaN,NaN,NaN,NaN,9059,-10144,-1085,12160,-8855,3305,2134,-4354,-2220
2018-04-09T22:00:00Z,14.49,14.49,14.42,14.42,7634,-9629,-1995,10559,-6738,3821,2279,-4105,-1826,NaN,NaN,NaN,NaN,NaN,7634,-9629,-1995,10559,-6738,3821,2279,-4105,-1826
2018-04-10T22:00:00Z,14.42,14.45,14.38,14.4,7634,-9629,-1995,10559,-6738,3821,2279,-4105,-1826,NaN,NaN,NaN,NaN,NaN,7634,-9629,-1995,10559,-6738,3821,2279,-4105,-1826
2018-04-11T22:00:00Z,14.41,14.45,14.39,14.41,7634,-9629,-1995,10559,-6738,3821,2279,-4105,-1826,NaN,NaN,NaN,NaN,NaN,7634,-9629,-1995,10559,-6738,3821,2279,-4105,-1826
2018-04-12T22:00:00Z,14.4,14.43,14.39,14.42,7634,-9629,-1995,10559,-6738,3821,2279,-4105,-1826,NaN,NaN,NaN,NaN,NaN,7634,-9629,-1995,10559,-6738,3821,2279,-4105,-1826
2018-04-15T22:00:00Z,14.41,14.44,14.41,14.44,7634,-9629,-1995,10559,-6738,3821,2279,-4105,-1826,NaN,NaN,NaN,NaN,NaN,7634,-9629,-1995,10559,-6738,3821,2279,-4105,-1826
2018-04-16T22:00:00Z,14.43,14.5,14.43,14.48,7846,-10131,-2285,11148,-6878,4270,2405,-4390,-1985,NaN,NaN,NaN,NaN,NaN,7846,-10131,-2285,11148,-6878,4270,2405,-4390,-1985
2018-04-17T22:00:00Z,14.45,14.51,14.45,14.51,7846,-10131,-2285,11148,-6878,4270,2405,-4390,-1985,NaN,NaN,NaN,NaN,NaN,7846,-10131,-2285,11148,-6878,4270,2405,-4390,-1985
2018-04-18T22:00:00Z,14.49,14.54,14.49,14.51,7846,-10131,-2285,11148,-6878,4270,2405,-4390,-1985,NaN,NaN,NaN,NaN,NaN,7846,-10131,-2285,11148,-6878,4270,2405,-4390,-1985
2018-04-19T22:00:00Z,14.51,14.52,14.5,14.51,7846,-10131,-2285,11148,-6878,4270,2405,-4390,-1985,NaN,NaN,NaN,NaN,NaN,7846,-10131,-2285,11148,-6878,4270,2405,-4390,-1985
2018-04-22T22:00:00Z,14.53,14.53,14.52,14.52,7846,-10131,-2285,11148,-6878,4270,2405,-4390,-1985,NaN,NaN,NaN,NaN,NaN,7846,-10131,-2285,11148,-6878,4270,2405,-4390,-1985
2018-04-23T22:00:00Z,14.51,14.54,14.51,14.52,7864,-10374,-2510,11202,-6999,4203,2603,-4296,-1693,NaN,NaN,NaN,NaN,NaN,7864,-10374,-2510,11202,-6999,4203,2603,-4296,-1693
2018-04-24T22:00:00Z,14.52,14.53,14.5,14.51,7864,-10374,-2510,11202,-6999,4203,2603,-4296,-1693,NaN,NaN,NaN,NaN,NaN,7864,-10374,-2510,11202,-6999,4203,2603,-4296,-1693
2018-04-25T22:00:00Z,14.5,14.51,14.5,14.51,7864,-10374,-2510,11202,-6999,4203,2603,-4296,-1693,NaN,NaN,NaN,NaN,NaN,7864,-10374,-2510,11202,-6999,4203,2603,-4296,-1693
2018-04-26T22:00:00Z,14.97,15.12,14.96,15.06,7864,-10374,-2510,11202,-6999,4203,2603,-4296,-1693,NaN,NaN,NaN,NaN,NaN,7864,-10374,-2510,11202,-6999,4203,2603,-4296,-1693
2018-04-29T22:00:00Z,15.1,15.2,15.1,15.13,7864,-10374,-2510,11202,-6999,4203,2603,-4296,-1693,NaN,NaN,NaN,NaN,NaN,7864,-10374,-2510,11202,-6999,4203,2603,-4296,-1693
2018-04-30T22:00:00Z,15.16,15.34,15.11,15.23,8094,-10693,-2599,11812,-7152,4660,2337,-4398,-2061,NaN,NaN,NaN,NaN,NaN,8094,-10693,-2599,11812,-7152,4660,2337,-4398,-2061
2018-05-01T22:00:00Z,15.25,15.3,15.21,15.25,8094,-10693,-2599,11812,-7152,4660,2337,-4398,-2061,NaN,NaN,NaN,NaN,NaN,8094,-10693,-2599,11812,-7152,4660,2337,-4398,-2061
2018-05-02T22:00:00Z,15.22,15.23,15.08,15.1,8094,-10693,-2599,11812,-7152,4660,2337,-4398,-2061,NaN,NaN,NaN,NaN,NaN,8094,-10693,-2599,11812,-7152,4660,2337,-4398,-2061
2018-05-03T22:00:00Z,15.11,15.13,15.08,15.11,8094,-10693,-2599,11812,-7152,4660,2337,-4398,-2061,NaN,NaN,NaN,NaN,NaN,8094,-10693,-2599,11812,-7152,4660,2337,-4398,-2061
2018-05-06T22:00:00Z,15.13,15.32,15.13,15.29,8094,-10693,-2599,11812,-7152,4660,2337,-4398,-2061,NaN,NaN,NaN,NaN,NaN,8094,-10693,-2599,11812,-7152,4660,2337,-4398,-2061
2018-05-07T22:00:00Z,15.31,15.37,15.24,15.29,7122,-10562,-3440,11186,-5915,5271,2171,-4002,-1831,NaN,NaN,NaN,NaN,NaN,7122,-10562,-3440,11186,-5915,5271,2171,-4002,-1831
2018-05-08T22:00:00Z,15.28,15.33,15.26,15.27,7122,-10562,-3440,11186,-5915,5271,2171,-4002,-1831,NaN,NaN,NaN,NaN,NaN,7122,-10562,-3440,11186,-5915,5271,2171,-4002,-1831
2018-05-09T22:00:00Z,15.3,15.3,15.21,15.25,7122,-10562,-3440,11186,-5915,5271,2171,-4002,-1831,NaN,NaN,NaN,NaN,NaN,7122,-10562,-3440,11186,-5915,5271,2171,-4002,-1831
2018-05-10T22:00:00Z,15.22,15.27,15.22,15.23,7122,-10562,-3440,11186,-5915,5271,2171,-4002,-1831,NaN,NaN,NaN,NaN,NaN,7122,-10562,-3440,11186,-5915,5271,2171,-4002,-1831
2018-05-13T22:00:00Z,15.25,15.26,15.2,15.24,7122,-10562,-3440,11186,-5915,5271,2171,-4002,-1831,NaN,NaN,NaN,NaN,NaN,7122,-10562,-3440,11186,-5915,5271,2171,-4002,-1831
2018-05-14T22:00:00Z,15.24,15.27,15.24,15.27,7264,-11203,-3939,11988,-6588,5400,2331,-3792,-1461,NaN,NaN,NaN,NaN,NaN,7264,-11203,-3939,11988,-6588,5400,2331,-3792,-1461
2018-05-15T22:00:00Z,15.3,15.3,15.21,15.22,7264,-11203,-3939,11988,-6588,5400,2331,-3792,-1461,NaN,NaN,NaN,NaN,NaN,7264,-11203,-3939,11988,-6588,5400,2331,-3792,-1461
2018-05-16T22:00:00Z,15.23,15.23,15.22,15.23,7264,-11203,-3939,11988,-6588,5400,2331,-3792,-1461,NaN,NaN,NaN,NaN,NaN,7264,-11203,-3939,11988,-6588,5400,2331,-3792,-1461
2018-05-17T22:00:00Z,15.23,15.25,15.21,15.23,7264,-11203,-3939,11988,-6588,5400,2331,-3792,-1461,NaN,NaN,NaN,NaN,NaN,7264,-11203,-3939,11988,-6588,5400,2331,-3792,-1461
2018-05-20T22:00:00Z,15.21,15.24,15.2,15.22,7264,-11203,-3939,11988,-6588,5400,2331,-3792,-1461,NaN,NaN,NaN,NaN,NaN,7264,-11203,-3939,11988,-6588,5400,2331,-3792,-1461
2018-05-21T22:00:00Z,15.21,15.24,15.21,15.24,7567,-11694,-4127,12655,-6224,6431,2472,-4776,-2304,NaN,NaN,NaN,NaN,NaN,7567,-11694,-4127,12655,-6224,6431,2472,-4776,-2304
2018-05-22T22:00:00Z,15.23,15.25,15.2,15.2,7567,-11694,-4127,12655,-6224,6431,2472,-4776,-2304,NaN,NaN,NaN,NaN,NaN,7567,-11694,-4127,12655,-6224,6431,2472,-4776,-2304
2018-05-23T22:00:00Z,15.19,15.21,15.16,15.19,7567,-11694,-4127,12655,-6224,6431,2472,-4776,-2304,NaN,NaN,NaN,NaN,NaN,7567,-11694,-4127,12655,-6224,6431,2472,-4776,-2304
2018-05-24T22:00:00Z,15.76,15.79,15.65,15.69,7567,-11694,-4127,12655,-6224,6431,2472,-4776,-2304,NaN,NaN,NaN,NaN,NaN,7567,-11694,-4127,12655,-6224,6431,2472,-4776,-2304
2018-05-27T22:00:00Z,15.79,15.87,15.72,15.74,7578,-11651,-4073,12603,-6411,6192,2710,-4829,-2119,NaN,NaN,NaN,NaN,NaN,7578,-11651,-4073,12603,-6411,6192,2710,-4829,-2119
2018-05-29T22:00:00Z,15.74,15.75,15.65,15.66,7578,-11651,-4073,12603,-6411,6192,2710,-4829,-2119,NaN,NaN,NaN,NaN,NaN,7578,-11651,-4073,12603,-6411,6192,2710,-4829,-2119
2018-05-30T22:00:00Z,15.68,15.68,15.55,15.57,7578,-11651,-4073,12603,-6411,6192,2710,-4829,-2119,NaN,NaN,NaN,NaN,NaN,7578,-11651,-4073,12603,-6411,6192,2710,-4829,-2119
2018-05-31T22:00:00Z,15.54,15.61,15.49,15.49,7578,-11651,-4073,12603,-6411,6192,2710,-4829,-2119,NaN,NaN,NaN,NaN,NaN,7578,-11651,-4073,12603,-6411,6192,2710,-4829,-2119
2018-06-03T22:00:00Z,15.47,15.5,15.22,15.36,7578,-11651,-4073,12603,-6411,6192,2710,-4829,-2119,NaN,NaN,NaN,NaN,NaN,7578,-11651,-4073,12603,-6411,6192,2710,-4829,-2119
2018-06-04T22:00:00Z,15.36,15.37,15.26,15.29,6072,-10847,-4775,11924,-4430,7494,2217,-4936,-2719,NaN,NaN,NaN,NaN,NaN,6072,-10847,-4775,11924,-4430,7494,2217,-4936,-2719
2018-06-05T22:00:00Z,15.28,15.34,15.25,15.34,6072,-10847,-4775,11924,-4430,7494,2217,-4936,-2719,NaN,NaN,NaN,NaN,NaN,6072,-10847,-4775,11924,-4430,7494,2217,-4936,-2719
2018-06-06T22:00:00Z,15.38,15.46,15.36,15.44,6072,-10847,-4775,11924,-4430,7494,2217,-4936,-2719,NaN,NaN,NaN,NaN,NaN,6072,-10847,-4775,11924,-4430,7494,2217,-4936,-2719
2018-06-07T22:00:00Z,15.44,15.47,15.4,15.44,6072,-10847,-4775,11924,-4430,7494,2217,-4936,-2719,NaN,NaN,NaN,NaN,NaN,6072,-10847,-4775,11924,-4430,7494,2217,-4936,-2719
2018-06-10T22:00:00Z,15.45,15.47,15.42,15.44,6072,-10847,-4775,11924,-4430,7494,2217,-4936,-2719,NaN,NaN,NaN,NaN,NaN,6072,-10847,-4775,11924,-4430,7494,2217,-4936,-2719
2018-06-11T22:00:00Z,15.41,15.44,15.38,15.4,6281,-10472,-4191,12540,-5283,7257,2228,-5294,-3066,NaN,NaN,NaN,NaN,NaN,6281,-10472,-4191,12540,-5283,7257,2228,-5294,-3066
2018-06-12T22:00:00Z,15.4,15.4,15.36,15.4,6281,-10472,-4191,12540,-5283,7257,2228,-5294,-3066,NaN,NaN,NaN,NaN,NaN,6281,-10472,-4191,12540,-5283,7257,2228,-5294,-3066
2018-06-13T22:00:00Z,15.39,15.41,15.36,15.37,6281,-10472,-4191,12540,-5283,7257,2228,-5294,-3066,NaN,NaN,NaN,NaN,NaN,6281,-10472,-4191,12540,-5283,7257,2228,-5294,-3066
2018-06-14T22:00:00Z,15.36,15.4,15.35,15.36,6281,-10472,-4191,12540,-5283,7257,2228,-5294,-3066,NaN,NaN,NaN,NaN,NaN,6281,-10472,-4191,12540,-5283,7257,2228,-5294,-3066
2018-06-17T22:00:00Z,15.38,15.38,15.3,15.36,6281,-10472,-4191,12540,-5283,7257,2228,-5294,-3066,NaN,NaN,NaN,NaN,NaN,6281,-10472,-4191,12540,-5283,7257,2228,-5294,-3066
2018-06-18T22:00:00Z,15.35,15.35,15.32,15.32,6588,-10590,-4002,12352,-5183,7169,1985,-5152,-3167,NaN,NaN,NaN,NaN,NaN,6588,-10590,-4002,12352,-5183,7169,1985,-5152,-3167
2018-06-19T22:00:00Z,15.35,15.36,15.26,15.26,6588,-10590,-4002,12352,-5183,7169,1985,-5152,-3167,NaN,NaN,NaN,NaN,NaN,6588,-10590,-4002,12352,-5183,7169,1985,-5152,-3167
2018-06-20T22:00:00Z,15.27,15.28,15.26,15.26,6588,-10590,-4002,12352,-5183,7169,1985,-5152,-3167,NaN,NaN,NaN,NaN,NaN,6588,-10590,-4002,12352,-5183,7169,1985,-5152,-3167
2018-06-21T22:00:00Z,15.26,15.28,15.25,15.25,6588,-10590,-4002,12352,-5183,7169,1985,-5152,-3167,NaN,NaN,NaN,NaN,NaN,6588,-10590,-4002,12352,-5183,7169,1985,-5152,-3167
2018-06-24T22:00:00Z,15.24,15.25,15.21,15.21,6588,-10590,-4002,12352,-5183,7169,1985,-5152,-3167,NaN,NaN,NaN,NaN,NaN,6588,-10590,-4002,12352,-5183,7169,1985,-5152,-3167
2018-06-25T22:00:00Z,15.22,15.23,15.22,15.22,7336,-10780,-3444,12828,-5905,6923,1904,-5383,-3479,NaN,NaN,NaN,NaN,NaN,7336,-10780,-3444,12828,-5905,6923,1904,-5383,-3479
2018-06-26T22:00:00Z,15.23,15.26,15.23,15.26,7336,-10780,-3444,12828,-5905,6923,1904,-5383,-3479,NaN,NaN,NaN,NaN,NaN,7336,-10780,-3444,12828,-5905,6923,1904,-5383,-3479
2018-06-27T22:00:00Z,15.24,15.25,15.24,15.25,7336,-10780,-3444,12828,-5905,6923,1904,-5383,-3479,NaN,NaN,NaN,NaN,NaN,7336,-10780,-3444,12828,-5905,6923,1904,-5383,-3479
2018-06-28T22:00:00Z,14.3,14.7,14.28,14.61,7336,-10780,-3444,12828,-5905,6923,1904,-5383,-3479,NaN,NaN,NaN,NaN,NaN,7336,-10780,-3444,12828,-5905,6923,1904,-5383,-3479
2018-07-01T22:00:00Z,14.64,14.85,14.56,14.7,7336,-10780,-3444,12828,-5905,6923,1904,-5383,-3479,NaN,NaN,NaN,NaN,NaN,7336,-10780,-3444,12828,-5905,6923,1904,-5383,-3479
2018-07-02T22:00:00Z,14.71,14.71,14.45,14.49,7386,-10434,-3048,13377,-6635,6742,1852,-5546,-3694,NaN,NaN,NaN,NaN,NaN,7386,-10434,-3048,13377,-6635,6742,1852,-5546,-3694
2018-07-03T22:00:00Z,14.5,14.53,14.28,14.28,7386,-10434,-3048,13377,-6635,6742,1852,-5546,-3694,NaN,NaN,NaN,NaN,NaN,7386,-10434,-3048,13377,-6635,6742,1852,-5546,-3694
2018-07-05T22:00:00Z,14.26,14.3,14.15,14.22,7386,-10434,-3048,13377,-6635,6742,1852,-5546,-3694,NaN,NaN,NaN,NaN,NaN,7386,-10434,-3048,13377,-6635,6742,1852,-5546,-3694
2018-07-08T22:00:00Z,14.2,14.25,14.13,14.16,7386,-10434,-3048,13377,-6635,6742,1852,-5546,-3694,NaN,NaN,NaN,NaN,NaN,7386,-10434,-3048,13377,-6635,6742,1852,-5546,-3694
2018-07-09T22:00:00Z,14.18,14.2,14.07,14.18,6658,-8469,-1811,13321,-7341,5980,1963,-6132,-4169,NaN,NaN,NaN,NaN,NaN,6658,-8469,-1811,13321,-7341,5980,1963,-6132,-4169
2018-07-10T22:00:00Z,14.2,14.28,14.14,14.28,6658,-8469,-1811,13321,-7341,5980,1963,-6132,-4169,NaN,NaN,NaN,NaN,NaN,6658,-8469,-1811,13321,-7341,5980,1963,-6132,-4169
2018-07-11T22:00:00Z,14.25,14.34,14.25,14.3,6658,-8469,-1811,13321,-7341,5980,1963,-6132,-4169,NaN,NaN,NaN,NaN,NaN,6658,-8469,-1811,13321,-7341,5980,1963,-6132,-4169
2018-07-12T22:00:00Z,14.29,14.31,14.21,14.29,6658,-8469,-1811,13321,-7341,5980,1963,-6132,-4169,NaN,NaN,NaN,NaN,NaN,6658,-8469,-1811,13321,-7341,5980,1963,-6132,-4169
2018-07-15T22:00:00Z,14.28,14.28,14.23,14.26,6658,-8469,-1811,13321,-7341,5980,1963,-6132,-4169,NaN,NaN,NaN,NaN,NaN,6658,-8469,-1811,13321,-7341,5980,1963,-6132,-4169
2018-07-16T22:00:00Z,14.27,14.29,14.23,14.24,6603,-8455,-1852,13508,-7486,6022,2068,-6238,-4170,NaN,NaN,NaN,NaN,NaN,6603,-8455,-1852,13508,-7486,6022,2068,-6238,-4170
2018-07-17T22:00:00Z,14.24,14.27,14.2,14.21,6603,-8455,-1852,13508,-7486,6022,2068,-6238,-4170,NaN,NaN,NaN,NaN,NaN,6603,-8455,-1852,13508,-7486,6022,2068,-6238,-4170
2018-07-18T22:00:00Z,14.21,14.22,14.19,14.2,6603,-8455,-1852,13508,-7486,6022,2068,-6238,-4170,NaN,NaN,NaN,NaN,NaN,6603,-8455,-1852,13508,-7486,6022,2068,-6238,-4170
2018-07-19T22:00:00Z,14.21,14.22,14.19,14.19,6603,-8455,-1852,13508,-7486,6022,2068,-6238,-4170,NaN,NaN,NaN,NaN,NaN,6603,-8455,-1852,13508,-7486,6022,2068,-6238,-4170
2018-07-22T22:00:00Z,14.2,14.2,14.19,14.19,6603,-8455,-1852,13508,-7486,6022,2068,-6238,-4170,NaN,NaN,NaN,NaN,NaN,6603,-8455,-1852,13508,-7486,6022,2068,-6238,-4170
2018-07-23T22:00:00Z,14.19,14.2,14.19,14.2,6661,-8766,-2105,13909,-7764,6145,1915,-5955,-4040,NaN,NaN,NaN,NaN,NaN,6661,-8766,-2105,13909,-7764,6145,1915,-5955,-4040
2018-07-24T22:00:00Z,14.18,14.22,14.14,14.15,6661,-8766,-2105,13909,-7764,6145,1915,-5955,-4040,NaN,NaN,NaN,NaN,NaN,6661,-8766,-2105,13909,-7764,6145,1915,-5955,-4040
2018-07-25T22:00:00Z,14.13,14.14,14.13,14.14,6661,-8766,-2105,13909,-7764,6145,1915,-5955,-4040,NaN,NaN,NaN,NaN,NaN,6661,-8766,-2105,13909,-7764,6145,1915,-5955,-4040
2018-07-26T22:00:00Z,14.82,15.09,14.78,15,6661,-8766,-2105,13909,-7764,6145,1915,-5955,-4040,NaN,NaN,NaN,NaN,NaN,6661,-8766,-2105,13909,-7764,6145,1915,-5955,-4040
2018-07-29T22:00:00Z,15.1,15.15,14.89,14.89,6661,-8766,-2105,13909,-7764,6145,1915,-5955,-4040,NaN,NaN,NaN,NaN,NaN,6661,-8766,-2105,13909,-7764,6145,1915,-5955,-4040
2018-07-30T22:00:00Z,14.9,14.9,14.75,14.76,6885,-8866,-1981,14213,-8059,6154,2031,-6204,-4173,NaN,NaN,NaN,NaN,NaN,6885,-8866,-1981,14213,-8059,6154,2031,-6204,-4173
2018-07-31T22:00:00Z,14.76,14.88,14.7,14.82,6885,-8866,-1981,14213,-8059,6154,2031,-6204,-4173,NaN,NaN,NaN,NaN,NaN,6885,-8866,-1981,14213,-8059,6154,2031,-6204,-4173
2018-08-01T22:00:00Z,14.76,14.94,14.75,14.83,6885,-8866,-1981,14213,-8059,6154,2031,-6204,-4173,NaN,NaN,NaN,NaN,NaN,6885,-8866,-1981,14213,-8059,6154,2031,-6204,-4173
2018-08-02T22:00:00Z,14.86,14.9,14.79,14.88,6885,-8866,-1981,14213,-8059,6154,2031,-6204,-4173,NaN,NaN,NaN,NaN,NaN,6885,-8866,-1981,14213,-8059,6154,2031,-6204,-4173
2018-08-05T22:00:00Z,14.89,14.9,14.82,14.84,6885,-8866,-1981,14213,-8059,6154,2031,-6204,-4173,NaN,NaN,NaN,NaN,NaN,6885,-8866,-1981,14213,-8059,6154,2031,-6204,-4173
2018-08-06T22:00:00Z,14.81,14.87,14.8,14.82,6154,-7756,-1602,12427,-6763,5664,1813,-5875,-4062,NaN,NaN,NaN,NaN,NaN,6154,-7756,-1602,12427,-6763,5664,1813,-5875,-4062
2018-08-07T22:00:00Z,14.82,14.92,14.82,14.91,6154,-7756,-1602,12427,-6763,5664,1813,-5875,-4062,NaN,NaN,NaN,NaN,NaN,6154,-7756,-1602,12427,-6763,5664,1813,-5875,-4062
2018-08-08T22:00:00Z,14.93,15.01,14.93,14.98,6154,-7756,-1602,12427,-6763,5664,1813,-5875,-4062,NaN,NaN,NaN,NaN,NaN,6154,-7756,-1602,12427,-6763,5664,1813,-5875,-4062
2018-08-09T22:00:00Z,14.95,15.07,14.95,15.04,6154,-7756,-1602,12427,-6763,5664,1813,-5875,-4062,NaN,NaN,NaN,NaN,NaN,6154,-7756,-1602,12427,-6763,5664,1813,-5875,-4062
2018-08-12T22:00:00Z,15.08,15.08,15.02,15.04,6154,-7756,-1602,12427,-6763,5664,1813,-5875,-4062,NaN,NaN,NaN,NaN,NaN,6154,-7756,-1602,12427,-6763,5664,1813,-5875,-4062
2018-08-13T22:00:00Z,15.03,15.05,15,15.02,6393,-8544,-2151,13276,-6620,6656,1643,-6148,-4505,NaN,NaN,NaN,NaN,NaN,6393,-8544,-2151,13276,-6620,6656,1643,-6148,-4505
2018-08-14T22:00:00Z,15.03,15.04,14.97,14.99,6393,-8544,-2151,13276,-6620,6656,1643,-6148,-4505,NaN,NaN,NaN,NaN,NaN,6393,-8544,-2151,13276,-6620,6656,1643,-6148,-4505
2018-08-15T22:00:00Z,15,15.02,14.97,14.97,6393,-8544,-2151,13276,-6620,6656,1643,-6148,-4505,NaN,NaN,NaN,NaN,NaN,6393,-8544,-2151,13276,-6620,6656,1643,-6148,-4505
2018-08-16T22:00:00Z,15.01,15.02,14.99,15.01,6393,-8544,-2151,13276,-6620,6656,1643,-6148,-4505,NaN,NaN,NaN,NaN,NaN,6393,-8544,-2151,13276,-6620,6656,1643,-6148,-4505
2018-08-19T22:00:00Z,15.02,15.04,15,15.02,6393,-8544,-2151,13276,-6620,6656,1643,-6148,-4505,NaN,NaN,NaN,NaN,NaN,6393,-8544,-2151,13276,-6620,6656,1643,-6148,-4505
2018-08-20T22:00:00Z,15.02,15.02,15,15.01,6858,-9057,-2199,13581,-7448,6133,1829,-5763,-3934,NaN,NaN,NaN,NaN,NaN,6858,-9057,-2199,13581,-7448,6133,1829,-5763,-3934
2018-08-21T22:00:00Z,15.02,15.02,14.99,14.99,6858,-9057,-2199,13581,-7448,6133,1829,-5763,-3934,NaN,NaN,NaN,NaN,NaN,6858,-9057,-2199,13581,-7448,6133,1829,-5763,-3934
2018-08-22T22:00:00Z,15.01,15.02,15,15.02,6858,-9057,-2199,13581,-7448,6133,1829,-5763,-3934,NaN,NaN,NaN,NaN,NaN,6858,-9057,-2199,13581,-7448,6133,1829,-5763,-3934
2018-08-23T22:00:00Z,16.04,16.24,16.02,16.16,6858,-9057,-2199,13581,-7448,6133,1829,-5763,-3934,NaN,NaN,NaN,NaN,NaN,6858,-9057,-2199,13581,-7448,6133,1829,-5763,-3934
2018-08-26T22:00:00Z,16.22,16.46,16.2,16.34,6858,-9057,-2199,13581,-7448,6133,1829,-5763,-3934,NaN,NaN,NaN,NaN,NaN,6858,-9057,-2199,13581,-7448,6133,1829,-5763,-3934
2018-08-27T22:00:00Z,16.41,16.5,16.33,16.41,7381,-9629,-2248,14119,-7862,6257,1972,-5981,-4009,NaN,NaN,NaN,NaN,NaN,7381,-9629,-2248,14119,-7862,6257,1972,-5981,-4009
2018-08-28T22:00:00Z,16.44,16.55,16.42,16.44,7381,-9629,-2248,14119,-7862,6257,1972,-5981,-4009,NaN,NaN,NaN,NaN,NaN,7381,-9629,-2248,14119,-7862,6257,1972,-5981,-4009
2018-08-29T22:00:00Z,16.47,16.47,16.32,16.39,7381,-9629,-2248,14119,-7862,6257,1972,-5981,-4009,NaN,NaN,NaN,NaN,NaN,7381,-9629,-2248,14119,-7862,6257,1972,-5981,-4009
2018-08-30T22:00:00Z,16.45,16.54,16.41,16.51,7381,-9629,-2248,14119,-7862,6257,1972,-5981,-4009,NaN,NaN,NaN,NaN,NaN,7381,-9629,-2248,14119,-7862,6257,1972,-5981,-4009
2018-09-02T22:00:00Z,16.55,16.64,16.46,16.55,6732,-8373,-1641,11305,-5846,5459,2064,-5882,-3818,NaN,NaN,NaN,NaN,NaN,6732,-8373,-1641,11305,-5846,5459,2064,-5882,-3818
2018-09-04T22:00:00Z,16.58,16.6,16.47,16.49,6732,-8373,-1641,11305,-5846,5459,2064,-5882,-3818,NaN,NaN,NaN,NaN,NaN,6732,-8373,-1641,11305,-5846,5459,2064,-5882,-3818
2018-09-05T22:00:00Z,16.49,16.55,16.18,16.2,6732,-8373,-1641,11305,-5846,5459,2064,-5882,-3818,NaN,NaN,NaN,NaN,NaN,6732,-8373,-1641,11305,-5846,5459,2064,-5882,-3818
2018-09-06T22:00:00Z,16.18,16.24,16.13,16.23,6732,-8373,-1641,11305,-5846,5459,2064,-5882,-3818,NaN,NaN,NaN,NaN,NaN,6732,-8373,-1641,11305,-5846,5459,2064,-5882,-3818
2018-09-09T22:00:00Z,16.28,16.3,16.15,16.25,6732,-8373,-1641,11305,-5846,5459,2064,-5882,-3818,NaN,NaN,NaN,NaN,NaN,6732,-8373,-1641,11305,-5846,5459,2064,-5882,-3818
2018-09-10T22:00:00Z,16.26,16.32,16.1,16.12,7604,-9610,-2006,11921,-5609,6312,1829,-6135,-4306,NaN,NaN,NaN,NaN,NaN,7604,-9610,-2006,11921,-5609,6312,1829,-6135,-4306
2018-09-11T22:00:00Z,16.1,16.16,16.1,16.12,7604,-9610,-2006,11921,-5609,6312,1829,-6135,-4306,NaN,NaN,NaN,NaN,NaN,7604,-9610,-2006,11921,-5609,6312,1829,-6135,-4306
2018-09-12T22:00:00Z,16.11,16.16,16.09,16.13,7604,-9610,-2006,11921,-5609,6312,1829,-6135,-4306,NaN,NaN,NaN,NaN,NaN,7604,-9610,-2006,11921,-5609,6312,1829,-6135,-4306
2018-09-13T22:00:00Z,16.13,16.13,16.07,16.11,7604,-9610,-2006,11921,-5609,6312,1829,-6135,-4306,NaN,NaN,NaN,NaN,NaN,7604,-9610,-2006,11921,-5609,6312,1829,-6135,-4306
2018-09-16T22:00:00Z,16.11,16.14,16.09,16.12,7604,-9610,-2006,11921,-5609,6312,1829,-6135,-4306,NaN,NaN,NaN,NaN,NaN,7604,-9610,-2006,11921,-5609,6312,1829,-6135,-4306
2018-09-17T22:00:00Z,16.11,16.15,16.11,16.13,7893,-9752,-1859,11840,-5766,6074,1931,-6146,-4215,NaN,NaN,NaN,NaN,NaN,7893,-9752,-1859,11840,-5766,6074,1931,-6146,-4215
2018-09-18T22:00:00Z,16.14,16.17,16.13,16.14,7893,-9752,-1859,11840,-5766,6074,1931,-6146,-4215,NaN,NaN,NaN,NaN,NaN,7893,-9752,-1859,11840,-5766,6074,1931,-6146,-4215
2018-09-19T22:00:00Z,16.14,16.16,16.13,16.14,7893,-9752,-1859,11840,-5766,6074,1931,-6146,-4215,NaN,NaN,NaN,NaN,NaN,7893,-9752,-1859,11840,-5766,6074,1931,-6146,-4215
2018-09-20T22:00:00Z,16.14,16.14,16.12,16.14,7893,-9752,-1859,11840,-5766,6074,1931,-6146,-4215,NaN,NaN,NaN,NaN,NaN,7893,-9752,-1859,11840,-5766,6074,1931,-6146,-4215
2018-09-23T22:00:00Z,16.14,16.14,16.11,16.12,7893,-9752,-1859,11840,-5766,6074,1931,-6146,-4215,NaN,NaN,NaN,NaN,NaN,7893,-9752,-1859,11840,-5766,6074,1931,-6146,-4215
2018-09-24T22:00:00Z,16.11,16.14,16.11,16.14,8108,-10866,-2758,12734,-5640,7094,1849,-6185,-4336,NaN,NaN,NaN,NaN,NaN,8108,-10866,-2758,12734,-5640,7094,1849,-6185,-4336
2018-09-25T22:00:00Z,16.14,16.15,16.1,16.1,8108,-10866,-2758,12734,-5640,7094,1849,-6185,-4336,NaN,NaN,NaN,NaN,NaN,8108,-10866,-2758,12734,-5640,7094,1849,-6185,-4336
2018-09-26T22:00:00Z,16.1,16.12,16.1,16.11,8108,-10866,-2758,12734,-5640,7094,1849,-6185,-4336,NaN,NaN,NaN,NaN,NaN,8108,-10866,-2758,12734,-5640,7094,1849,-6185,-4336
2018-09-27T22:00:00Z,15.94,15.95,15.65,15.79,8108,-10866,-2758,12734,-5640,7094,1849,-6185,-4336,NaN,NaN,NaN,NaN,NaN,8108,-10866,-2758,12734,-5640,7094,1849,-6185,-4336
2018-09-30T22:00:00Z,15.78,15.98,15.74,15.91,8108,-10866,-2758,12734,-5640,7094,1849,-6185,-4336,NaN,NaN,NaN,NaN,NaN,8108,-10866,-2758,12734,-5640,7094,1849,-6185,-4336
2018-10-01T22:00:00Z,15.96,16.06,15.86,15.95,8094,-11303,-3209,13294,-5440,7854,1886,-6531,-4645,NaN,NaN,NaN,NaN,NaN,8094,-11303,-3209,13294,-5440,7854,1886,-6531,-4645
2018-10-02T22:00:00Z,15.93,15.93,15.76,15.79,8094,-11303,-3209,13294,-5440,7854,1886,-6531,-4645,NaN,NaN,NaN,NaN,NaN,8094,-11303,-3209,13294,-5440,7854,1886,-6531,-4645
2018-10-03T22:00:00Z,15.77,15.85,15.75,15.85,8094,-11303,-3209,13294,-5440,7854,1886,-6531,-4645,NaN,NaN,NaN,NaN,NaN,8094,-11303,-3209,13294,-5440,7854,1886,-6531,-4645
2018-10-04T22:00:00Z,15.87,15.88,15.78,15.81,8094,-11303,-3209,13294,-5440,7854,1886,-6531,-4645,NaN,NaN,NaN,NaN,NaN,8094,-11303,-3209,13294,-5440,7854,1886,-6531,-4645
2018-10-07T22:00:00Z,15.81,15.86,15.78,15.81,8094,-11303,-3209,13294,-5440,7854,1886,-6531,-4645,NaN,NaN,NaN,NaN,NaN,8094,-11303,-3209,13294,-5440,7854,1886,-6531,-4645
2018-10-08T22:00:00Z,15.83,15.86,15.77,15.8,7415,-10327,-2912,12364,-5050,7314,1780,-6182,-4402,NaN,NaN,NaN,NaN,NaN,7415,-10327,-2912,12364,-5050,7314,1780,-6182,-4402
2018-10-09T22:00:00Z,15.77,15.79,15.74,15.76,7415,-10327,-2912,12364,-5050,7314,1780,-6182,-4402,NaN,NaN,NaN,NaN,NaN,7415,-10327,-2912,12364,-5050,7314,1780,-6182,-4402
2018-10-10T22:00:00Z,15.72,15.74,15.62,15.64,7415,-10327,-2912,12364,-5050,7314,1780,-6182,-4402,NaN,NaN,NaN,NaN,NaN,7415,-10327,-2912,12364,-5050,7314,1780,-6182,-4402
2018-10-11T22:00:00Z,15.65,15.67,15.59,15.63,7415,-10327,-2912,12364,-5050,7314,1780,-6182,-4402,NaN,NaN,NaN,NaN,NaN,7415,-10327,-2912,12364,-5050,7314,1780,-6182,-4402
2018-10-14T22:00:00Z,15.6,15.6,15.58,15.6,7415,-10327,-2912,12364,-5050,7314,1780,-6182,-4402,NaN,NaN,NaN,NaN,NaN,7415,-10327,-2912,12364,-5050,7314,1780,-6182,-4402
2018-10-15T22:00:00Z,15.61,15.64,15.59,15.62,9386,-12063,-2677,13380,-5962,7418,2181,-6922,-4741,NaN,NaN,NaN,NaN,NaN,9386,-12063,-2677,13380,-5962,7418,2181,-6922,-4741
2018-10-16T22:00:00Z,15.66,15.66,15.56,15.56,9386,-12063,-2677,13380,-5962,7418,2181,-6922,-4741,NaN,NaN,NaN,NaN,NaN,9386,-12063,-2677,13380,-5962,7418,2181,-6922,-4741
2018-10-17T22:00:00Z,15.56,15.57,15.55,15.55,9386,-12063,-2677,13380,-5962,7418,2181,-6922,-4741,NaN,NaN,NaN,NaN,NaN,9386,-12063,-2677,13380,-5962,7418,2181,-6922,-4741
2018-10-18T22:00:00Z,15.54,15.56,15.52,15.55,9386,-12063,-2677,13380,-5962,7418,2181,-6922,-4741,NaN,NaN,NaN,NaN,NaN,9386,-12063,-2677,13380,-5962,7418,2181,-6922,-4741
2018-10-21T22:00:00Z,15.55,15.56,15.52,15.53,9386,-12063,-2677,13380,-5962,7418,2181,-6922,-4741,NaN,NaN,NaN,NaN,NaN,9386,-12063,-2677,13380,-5962,7418,2181,-6922,-4741
2018-10-22T22:00:00Z,15.53,15.53,15.49,15.5,10451,-12904,-2453,14605,-7056,7549,1571,-6667,-5096,NaN,NaN,NaN,NaN,NaN,10451,-12904,-2453,14605,-7056,7549,1571,-6667,-5096
2018-10-23T22:00:00Z,15.53,15.54,15.48,15.54,10451,-12904,-2453,14605,-7056,7549,1571,-6667,-5096,NaN,NaN,NaN,NaN,NaN,10451,-12904,-2453,14605,-7056,7549,1571,-6667,-5096
2018-10-24T22:00:00Z,15.53,15.54,15.52,15.53,10451,-12904,-2453,14605,-7056,7549,1571,-6667,-5096,NaN,NaN,NaN,NaN,NaN,10451,-12904,-2453,14605,-7056,7549,1571,-6667,-5096
2018-10-25T22:00:00Z,15.05,15.23,14.96,15.06,10451,-12904,-2453,14605,-7056,7549,1571,-6667,-5096,NaN,NaN,NaN,NaN,NaN,10451,-12904,-2453,14605,-7056,7549,1571,-6667,-5096
2018-10-28T22:00:00Z,15.06,15.07,14.84,14.84,10451,-12904,-2453,14605,-7056,7549,1571,-6667,-5096,NaN,NaN,NaN,NaN,NaN,10451,-12904,-2453,14605,-7056,7549,1571,-6667,-5096
2018-10-29T22:00:00Z,14.81,14.85,14.76,14.83,11998,-14237,-2239,15950,-8665,7285,1640,-6686,-5046,NaN,NaN,NaN,NaN,NaN,11998,-14237,-2239,15950,-8665,7285,1640,-6686,-5046
2018-10-30T22:00:00Z,14.76,14.84,14.65,14.8,11998,-14237,-2239,15950,-8665,7285,1640,-6686,-5046,NaN,NaN,NaN,NaN,NaN,11998,-14237,-2239,15950,-8665,7285,1640,-6686,-5046
2018-10-31T22:00:00Z,14.8,14.93,14.75,14.9,11998,-14237,-2239,15950,-8665,7285,1640,-6686,-5046,NaN,NaN,NaN,NaN,NaN,11998,-14237,-2239,15950,-8665,7285,1640,-6686,-5046
2018-11-01T22:00:00Z,14.9,14.95,14.74,14.78,11998,-14237,-2239,15950,-8665,7285,1640,-6686,-5046,NaN,NaN,NaN,NaN,NaN,11998,-14237,-2239,15950,-8665,7285,1640,-6686,-5046
2018-11-04T23:00:00Z,14.78,14.8,14.69,14.7,11998,-14237,-2239,15950,-8665,7285,1640,-6686,-5046,NaN,NaN,NaN,NaN,NaN,11998,-14237,-2239,15950,-8665,7285,1640,-6686,-5046
2018-11-05T23:00:00Z,14.7,14.7,14.48,14.53,11402,-12786,-1384,14690,-8614,6076,1699,-6391,-4692,NaN,NaN,NaN,NaN,NaN,11402,-12786,-1384,14690,-8614,6076,1699,-6391,-4692
2018-11-06T23:00:00Z,14.47,14.63,14.43,14.49,11402,-12786,-1384,14690,-8614,6076,1699,-6391,-4692,NaN,NaN,NaN,NaN,NaN,11402,-12786,-1384,14690,-8614,6076,1699,-6391,-4692
2018-11-07T23:00:00Z,14.5,14.55,14.36,14.43,11402,-12786,-1384,14690,-8614,6076,1699,-6391,-4692,NaN,NaN,NaN,NaN,NaN,11402,-12786,-1384,14690,-8614,6076,1699,-6391,-4692
2018-11-08T23:00:00Z,14.44,14.49,14.4,14.49,11402,-12786,-1384,14690,-8614,6076,1699,-6391,-4692,NaN,NaN,NaN,NaN,NaN,11402,-12786,-1384,14690,-8614,6076,1699,-6391,-4692
2018-11-11T23:00:00Z,14.46,14.62,14.46,14.5,11402,-12786,-1384,14690,-8614,6076,1699,-6391,-4692,NaN,NaN,NaN,NaN,NaN,11402,-12786,-1384,14690,-8614,6076,1699,-6391,-4692
2018-11-12T23:00:00Z,14.52,14.57,14.49,14.54,11997,-12897,-900,14851,-9108,5743,1868,-6711,-4843,NaN,NaN,NaN,NaN,NaN,11997,-12897,-900,14851,-9108,5743,1868,-6711,-4843
2018-11-13T23:00:00Z,14.54,14.6,14.54,14.57,11997,-12897,-900,14851,-9108,5743,1868,-6711,-4843,NaN,NaN,NaN,NaN,NaN,11997,-12897,-900,14851,-9108,5743,1868,-6711,-4843
2018-11-14T23:00:00Z,14.59,14.59,14.51,14.52,11997,-12897,-900,14851,-9108,5743,1868,-6711,-4843,NaN,NaN,NaN,NaN,NaN,11997,-12897,-900,14851,-9108,5743,1868,-6711,-4843
2018-11-15T23:00:00Z,14.57,14.59,14.55,14.56,11997,-12897,-900,14851,-9108,5743,1868,-6711,-4843,NaN,NaN,NaN,NaN,NaN,11997,-12897,-900,14851,-9108,5743,1868,-6711,-4843
2018-11-18T23:00:00Z,14.57,14.61,14.54,14.54,11997,-12897,-900,14851,-9108,5743,1868,-6711,-4843,NaN,NaN,NaN,NaN,NaN,11997,-12897,-900,14851,-9108,5743,1868,-6711,-4843
2018-11-19T23:00:00Z,14.56,14.57,14.47,14.49,12656,-13438,-782,14686,-9582,5104,1617,-5939,-4322,NaN,NaN,NaN,NaN,NaN,12656,-13438,-782,14686,-9582,5104,1617,-5939,-4322
2018-11-20T23:00:00Z,14.49,14.55,14.46,14.47,12656,-13438,-782,14686,-9582,5104,1617,-5939,-4322,NaN,NaN,NaN,NaN,NaN,12656,-13438,-782,14686,-9582,5104,1617,-5939,-4322
2018-11-25T23:00:00Z,14.45,14.51,14.45,14.48,12656,-13438,-782,14686,-9582,5104,1617,-5939,-4322,NaN,NaN,NaN,NaN,NaN,12656,-13438,-782,14686,-9582,5104,1617,-5939,-4322
2018-11-26T23:00:00Z,14.49,14.5,14.48,14.49,13199,-13093,106,14090,-10042,4048,1577,-5731,-4154,NaN,NaN,NaN,NaN,NaN,13199,-13093,106,14090,-10042,4048,1577,-5731,-4154
2018-11-27T23:00:00Z,14.5,14.51,14.46,14.47,13199,-13093,106,14090,-10042,4048,1577,-5731,-4154,NaN,NaN,NaN,NaN,NaN,13199,-13093,106,14090,-10042,4048,1577,-5731,-4154
2018-11-28T23:00:00Z,14.46,14.47,14.45,14.47,13199,-13093,106,14090,-10042,4048,1577,-5731,-4154,NaN,NaN,NaN,NaN,NaN,13199,-13093,106,14090,-10042,4048,1577,-5731,-4154
2018-11-29T23:00:00Z,14.21,14.26,13.96,13.99,13199,-13093,106,14090,-10042,4048,1577,-5731,-4154,NaN,NaN,NaN,NaN,NaN,13199,-13093,106,14090,-10042,4048,1577,-5731,-4154
2018-12-02T23:00:00Z,14.05,14.17,13.93,14.02,13199,-13093,106,14090,-10042,4048,1577,-5731,-4154,NaN,NaN,NaN,NaN,NaN,13199,-13093,106,14090,-10042,4048,1577,-5731,-4154
2018-12-03T23:00:00Z,13.95,14.01,13.85,13.87,14024,-13253,771,13865,-10215,3650,1644,-6065,-4421,NaN,NaN,NaN,NaN,NaN,14024,-13253,771,13865,-10215,3650,1644,-6065,-4421
2018-12-04T23:00:00Z,13.89,13.93,13.82,13.86,14024,-13253,771,13865,-10215,3650,1644,-6065,-4421,NaN,NaN,NaN,NaN,NaN,14024,-13253,771,13865,-10215,3650,1644,-6065,-4421
2018-12-05T23:00:00Z,13.86,13.86,13.76,13.79,14024,-13253,771,13865,-10215,3650,1644,-6065,-4421,NaN,NaN,NaN,NaN,NaN,14024,-13253,771,13865,-10215,3650,1644,-6065,-4421
2018-12-06T23:00:00Z,13.84,13.84,13.71,13.76,14024,-13253,771,13865,-10215,3650,1644,-6065,-4421,NaN,NaN,NaN,NaN,NaN,14024,-13253,771,13865,-10215,3650,1644,-6065,-4421
2018-12-09T23:00:00Z,13.79,13.81,13.62,13.63,14024,-13253,771,13865,-10215,3650,1644,-6065,-4421,NaN,NaN,NaN,NaN,NaN,14024,-13253,771,13865,-10215,3650,1644,-6065,-4421
2018-12-10T23:00:00Z,13.71,13.77,13.67,13.72,13617,-10190,3427,10858,-9184,1674,1747,-6848,-5101,NaN,NaN,NaN,NaN,NaN,13617,-10190,3427,10858,-9184,1674,1747,-6848,-5101
2018-12-11T23:00:00Z,13.72,13.76,13.71,13.72,13617,-10190,3427,10858,-9184,1674,1747,-6848,-5101,NaN,NaN,NaN,NaN,NaN,13617,-10190,3427,10858,-9184,1674,1747,-6848,-5101
2018-12-12T23:00:00Z,13.73,13.78,13.73,13.75,13617,-10190,3427,10858,-9184,1674,1747,-6848,-5101,NaN,NaN,NaN,NaN,NaN,13617,-10190,3427,10858,-9184,1674,1747,-6848,-5101
2018-12-13T23:00:00Z,13.77,13.8,13.77,13.78,13617,-10190,3427,10858,-9184,1674,1747,-6848,-5101,NaN,NaN,NaN,NaN,NaN,13617,-10190,3427,10858,-9184,1674,1747,-6848,-5101
2018-12-16T23:00:00Z,13.8,13.86,13.8,13.8,13617,-10190,3427,10858,-9184,1674,1747,-6848,-5101,NaN,NaN,NaN,NaN,NaN,13617,-10190,3427,10858,-9184,1674,1747,-6848,-5101
2018-12-17T23:00:00Z,13.8,13.86,13.8,13.84,13730,-10788,2942,11322,-9358,1964,1873,-6779,-4906,NaN,NaN,NaN,NaN,NaN,13730,-10788,2942,11322,-9358,1964,1873,-6779,-4906
2018-12-18T23:00:00Z,13.85,13.88,13.81,13.82,13730,-10788,2942,11322,-9358,1964,1873,-6779,-4906,NaN,NaN,NaN,NaN,NaN,13730,-10788,2942,11322,-9358,1964,1873,-6779,-4906
2018-12-19T23:00:00Z,13.81,13.84,13.81,13.84,13730,-10788,2942,11322,-9358,1964,1873,-6779,-4906,NaN,NaN,NaN,NaN,NaN,13730,-10788,2942,11322,-9358,1964,1873,-6779,-4906
2018-12-20T23:00:00Z,13.83,13.85,13.82,13.84,13730,-10788,2942,11322,-9358,1964,1873,-6779,-4906,NaN,NaN,NaN,NaN,NaN,13730,-10788,2942,11322,-9358,1964,1873,-6779,-4906
2018-12-23T23:00:00Z,13.84,13.85,13.82,13.83,13952,-10906,3046,11810,-9662,2148,1751,-6945,-5194,NaN,NaN,NaN,NaN,NaN,13952,-10906,3046,11810,-9662,2148,1751,-6945,-5194
2018-12-25T23:00:00Z,13.82,13.85,13.81,13.83,13952,-10906,3046,11810,-9662,2148,1751,-6945,-5194,NaN,NaN,NaN,NaN,NaN,13952,-10906,3046,11810,-9662,2148,1751,-6945,-5194
2018-12-26T23:00:00Z,13.82,13.84,13.8,13.8,13952,-10906,3046,11810,-9662,2148,1751,-6945,-5194,NaN,NaN,NaN,NaN,NaN,13952,-10906,3046,11810,-9662,2148,1751,-6945,-5194
2018-12-27T23:00:00Z,14.25,14.43,14.25,14.41,13952,-10906,3046,11810,-9662,2148,1751,-6945,-5194,NaN,NaN,NaN,NaN,NaN,13952,-10906,3046,11810,-9662,2148,1751,-6945,-5194
2018-12-30T23:00:00Z,14.44,14.52,14.28,14.3,14270,-11299,2971,11277,-9288,1989,1789,-6749,-4960,NaN,NaN,NaN,NaN,NaN,14270,-11299,2971,11277,-9288,1989,1789,-6749,-4960
2019-01-01T23:00:00Z,14.34,14.38,14.25,14.3,14270,-11299,2971,11277,-9288,1989,1789,-6749,-4960,NaN,NaN,NaN,NaN,NaN,14270,-11299,2971,11277,-9288,1989,1789,-6749,-4960
2019-01-02T23:00:00Z,14.3,14.39,14.27,14.3,14270,-11299,2971,11277,-9288,1989,1789,-6749,-4960,NaN,NaN,NaN,NaN,NaN,14270,-11299,2971,11277,-9288,1989,1789,-6749,-4960
2019-01-03T23:00:00Z,14.32,14.33,14.22,14.25,14270,-11299,2971,11277,-9288,1989,1789,-6749,-4960,NaN,NaN,NaN,NaN,NaN,14270,-11299,2971,11277,-9288,1989,1789,-6749,-4960
2019-01-06T23:00:00Z,14.16,14.26,14.12,14.18,14270,-11299,2971,11277,-9288,1989,1789,-6749,-4960,NaN,NaN,NaN,NaN,NaN,14270,-11299,2971,11277,-9288,1989,1789,-6749,-4960
2019-01-07T23:00:00Z,14.18,14.18,14.07,14.1,13138,-9716,3422,9197,-8146,1051,1785,-6258,-4473,NaN,NaN,NaN,NaN,NaN,13138,-9716,3422,9197,-8146,1051,1785,-6258,-4473
2019-01-08T23:00:00Z,14.06,14.1,14.03,14.07,13138,-9716,3422,9197,-8146,1051,1785,-6258,-4473,NaN,NaN,NaN,NaN,NaN,13138,-9716,3422,9197,-8146,1051,1785,-6258,-4473
2019-01-09T23:00:00Z,14.07,14.08,14.03,14.08,13138,-9716,3422,9197,-8146,1051,1785,-6258,-4473,NaN,NaN,NaN,NaN,NaN,13138,-9716,3422,9197,-8146,1051,1785,-6258,-4473
2019-01-10T23:00:00Z,14.08,14.08,14.06,14.07,13138,-9716,3422,9197,-8146,1051,1785,-6258,-4473,NaN,NaN,NaN,NaN,NaN,13138,-9716,3422,9197,-8146,1051,1785,-6258,-4473
2019-01-13T23:00:00Z,14.07,14.08,14.04,14.05,13138,-9716,3422,9197,-8146,1051,1785,-6258,-4473,NaN,NaN,NaN,NaN,NaN,13138,-9716,3422,9197,-8146,1051,1785,-6258,-4473
2019-01-14T23:00:00Z,14.04,14.08,14.04,14.06,13693,-9911,3782,9221,-8544,677,2160,-6619,-4459,NaN,NaN,NaN,NaN,NaN,13693,-9911,3782,9221,-8544,677,2160,-6619,-4459
2019-01-15T23:00:00Z,14.06,14.06,13.99,14,13693,-9911,3782,9221,-8544,677,2160,-6619,-4459,NaN,NaN,NaN,NaN,NaN,13693,-9911,3782,9221,-8544,677,2160,-6619,-4459
2019-01-16T23:00:00Z,14,14.02,13.99,14,13693,-9911,3782,9221,-8544,677,2160,-6619,-4459,NaN,NaN,NaN,NaN,NaN,13693,-9911,3782,9221,-8544,677,2160,-6619,-4459
2019-01-17T23:00:00Z,13.99,14.01,13.99,13.99,13693,-9911,3782,9221,-8544,677,2160,-6619,-4459,NaN,NaN,NaN,NaN,NaN,13693,-9911,3782,9221,-8544,677,2160,-6619,-4459
2019-01-20T23:00:00Z,14,14.01,13.99,13.99,15298,-9690,5608,9151,-9401,-250,1804,-7162,-5358,NaN,NaN,NaN,NaN,NaN,15298,-9690,5608,9151,-9401,-250,1804,-7162,-5358
2019-01-22T23:00:00Z,14,14,13.98,13.98,15298,-9690,5608,9151,-9401,-250,1804,-7162,-5358,NaN,NaN,NaN,NaN,NaN,15298,-9690,5608,9151,-9401,-250,1804,-7162,-5358
2019-01-23T23:00:00Z,13.99,13.99,13.97,13.98,15298,-9690,5608,9151,-9401,-250,1804,-7162,-5358,NaN,NaN,NaN,NaN,NaN,15298,-9690,5608,9151,-9401,-250,1804,-7162,-5358
2019-01-24T23:00:00Z,14,14,13.98,13.99,15298,-9690,5608,9151,-9401,-250,1804,-7162,-5358,NaN,NaN,NaN,NaN,NaN,15298,-9690,5608,9151,-9401,-250,1804,-7162,-5358
2019-01-27T23:00:00Z,13.99,13.99,13.98,13.98,15298,-9690,5608,9151,-9401,-250,1804,-7162,-5358,NaN,NaN,NaN,NaN,NaN,15298,-9690,5608,9151,-9401,-250,1804,-7162,-5358
2019-01-28T23:00:00Z,13.97,14,13.97,13.98,16006,-10122,5884,9705,-10594,-889,2045,-7040,-4995,NaN,NaN,NaN,NaN,NaN,16006,-10122,5884,9705,-10594,-889,2045,-7040,-4995
2019-01-29T23:00:00Z,13.98,13.98,13.98,13.98,16006,-10122,5884,9705,-10594,-889,2045,-7040,-4995,NaN,NaN,NaN,NaN,NaN,16006,-10122,5884,9705,-10594,-889,2045,-7040,-4995
2019-02-21T23:00:00Z,14.75,14.94,14.72,14.91,14162,-9512,4650,8610,-9194,-584,1943,-6009,-4066,NaN,NaN,NaN,NaN,NaN,14162,-9512,4650,8610,-9194,-584,1943,-6009,-4066
2019-02-24T23:00:00Z,14.95,15.26,14.9,15.1,14162,-9512,4650,8610,-9194,-584,1943,-6009,-4066,NaN,NaN,NaN,NaN,NaN,14162,-9512,4650,8610,-9194,-584,1943,-6009,-4066
2019-02-25T23:00:00Z,15.15,15.31,15.08,15.28,14356,-9872,4484,9157,-9176,-19,1685,-6150,-4465,NaN,NaN,NaN,NaN,NaN,14356,-9872,4484,9157,-9176,-19,1685,-6150,-4465
2019-02-26T23:00:00Z,15.25,15.47,15.25,15.29,14356,-9872,4484,9157,-9176,-19,1685,-6150,-4465,NaN,NaN,NaN,NaN,NaN,14356,-9872,4484,9157,-9176,-19,1685,-6150,-4465
2019-02-27T23:00:00Z,15.27,15.45,15.21,15.21,14356,-9872,4484,9157,-9176,-19,1685,-6150,-4465,NaN,NaN,NaN,NaN,NaN,14356,-9872,4484,9157,-9176,-19,1685,-6150,-4465
2019-02-28T23:00:00Z,15.24,15.24,15.14,15.21,14356,-9872,4484,9157,-9176,-19,1685,-6150,-4465,NaN,NaN,NaN,NaN,NaN,14356,-9872,4484,9157,-9176,-19,1685,-6150,-4465
2019-03-03T23:00:00Z,15.21,15.22,15.05,15.14,14356,-9872,4484,9157,-9176,-19,1685,-6150,-4465,NaN,NaN,NaN,NaN,NaN,14356,-9872,4484,9157,-9176,-19,1685,-6150,-4465
2019-03-04T23:00:00Z,15.08,15.13,15.06,15.12,11701,-9194,2507,8206,-6553,1653,1623,-5783,-4160,NaN,NaN,NaN,NaN,NaN,11701,-9194,2507,8206,-6553,1653,1623,-5783,-4160
2019-03-05T23:00:00Z,15.14,15.21,15.11,15.15,11701,-9194,2507,8206,-6553,1653,1623,-5783,-4160,NaN,NaN,NaN,NaN,NaN,11701,-9194,2507,8206,-6553,1653,1623,-5783,-4160
2019-03-06T23:00:00Z,15.17,15.2,15.06,15.09,11701,-9194,2507,8206,-6553,1653,1623,-5783,-4160,NaN,NaN,NaN,NaN,NaN,11701,-9194,2507,8206,-6553,1653,1623,-5783,-4160
2019-03-07T23:00:00Z,15.04,15.1,14.95,14.98,11701,-9194,2507,8206,-6553,1653,1623,-5783,-4160,NaN,NaN,NaN,NaN,NaN,11701,-9194,2507,8206,-6553,1653,1623,-5783,-4160
2019-03-10T22:00:00Z,14.98,14.98,14.91,14.95,11701,-9194,2507,8206,-6553,1653,1623,-5783,-4160,NaN,NaN,NaN,NaN,NaN,11701,-9194,2507,8206,-6553,1653,1623,-5783,-4160
2019-03-11T22:00:00Z,14.94,14.96,14.91,14.93,11879,-9258,2621,8155,-6697,1458,1554,-5633,-4079,NaN,NaN,NaN,NaN,NaN,11879,-9258,2621,8155,-6697,1458,1554,-5633,-4079
2019-03-12T22:00:00Z,14.95,14.95,14.88,14.92,11879,-9258,2621,8155,-6697,1458,1554,-5633,-4079,NaN,NaN,NaN,NaN,NaN,11879,-9258,2621,8155,-6697,1458,1554,-5633,-4079
2019-03-13T22:00:00Z,14.91,14.97,14.89,14.94,11879,-9258,2621,8155,-6697,1458,1554,-5633,-4079,NaN,NaN,NaN,NaN,NaN,11879,-9258,2621,8155,-6697,1458,1554,-5633,-4079
2019-03-14T22:00:00Z,14.95,14.95,14.93,14.94,11879,-9258,2621,8155,-6697,1458,1554,-5633,-4079,NaN,NaN,NaN,NaN,NaN,11879,-9258,2621,8155,-6697,1458,1554,-5633,-4079
2019-03-17T22:00:00Z,14.94,14.94,14.92,14.92,11879,-9258,2621,8155,-6697,1458,1554,-5633,-4079,NaN,NaN,NaN,NaN,NaN,11879,-9258,2621,8155,-6697,1458,1554,-5633,-4079
2019-03-18T22:00:00Z,14.9,14.93,14.9,14.93,12081,-9586,2495,8212,-6964,1248,1657,-5400,-3743,NaN,NaN,NaN,NaN,NaN,12081,-9586,2495,8212,-6964,1248,1657,-5400,-3743
2019-03-19T22:00:00Z,14.93,15.01,14.92,15,12081,-9586,2495,8212,-6964,1248,1657,-5400,-3743,NaN,NaN,NaN,NaN,NaN,12081,-9586,2495,8212,-6964,1248,1657,-5400,-3743
2019-03-20T22:00:00Z,15.02,15.06,15.02,15.03,12081,-9586,2495,8212,-6964,1248,1657,-5400,-3743,NaN,NaN,NaN,NaN,NaN,12081,-9586,2495,8212,-6964,1248,1657,-5400,-3743
2019-03-21T22:00:00Z,15.04,15.04,15.02,15.03,12081,-9586,2495,8212,-6964,1248,1657,-5400,-3743,NaN,NaN,NaN,NaN,NaN,12081,-9586,2495,8212,-6964,1248,1657,-5400,-3743
2019-03-24T22:00:00Z,15.05,15.06,15.04,15.05,12081,-9586,2495,8212,-6964,1248,1657,-5400,-3743,NaN,NaN,NaN,NaN,NaN,12081,-9586,2495,8212,-6964,1248,1657,-5400,-3743
2019-03-25T22:00:00Z,15.06,15.07,15.05,15.06,12198,-10224,1974,8255,-7063,1192,1905,-5071,-3166,NaN,NaN,NaN,NaN,NaN,12198,-10224,1974,8255,-7063,1192,1905,-5071,-3166
2019-03-26T22:00:00Z,15.07,15.09,15.06,15.06,12198,-10224,1974,8255,-7063,1192,1905,-5071,-3166,NaN,NaN,NaN,NaN,NaN,12198,-10224,1974,8255,-7063,1192,1905,-5071,-3166
2019-03-27T22:00:00Z,15.07,15.07,15.06,15.07,12198,-10224,1974,8255,-7063,1192,1905,-5071,-3166,NaN,NaN,NaN,NaN,NaN,12198,-10224,1974,8255,-7063,1192,1905,-5071,-3166
2019-03-28T22:00:00Z,15.64,15.64,15.54,15.61,12198,-10224,1974,8255,-7063,1192,1905,-5071,-3166,NaN,NaN,NaN,NaN,NaN,12198,-10224,1974,8255,-7063,1192,1905,-5071,-3166
2019-03-31T22:00:00Z,15.59,15.7,15.58,15.68,12198,-10224,1974,8255,-7063,1192,1905,-5071,-3166,NaN,NaN,NaN,NaN,NaN,12198,-10224,1974,8255,-7063,1192,1905,-5071,-3166
2019-04-01T22:00:00Z,15.68,15.85,15.66,15.85,12824,-10772,2052,7779,-6361,1418,1802,-5272,-3470,NaN,NaN,NaN,NaN,NaN,12824,-10772,2052,7779,-6361,1418,1802,-5272,-3470
2019-04-02T22:00:00Z,15.81,15.96,15.75,15.84,12824,-10772,2052,7779,-6361,1418,1802,-5272,-3470,NaN,NaN,NaN,NaN,NaN,12824,-10772,2052,7779,-6361,1418,1802,-5272,-3470
2019-04-03T22:00:00Z,15.81,15.93,15.8,15.82,12824,-10772,2052,7779,-6361,1418,1802,-5272,-3470,NaN,NaN,NaN,NaN,NaN,12824,-10772,2052,7779,-6361,1418,1802,-5272,-3470
2019-04-04T22:00:00Z,15.84,15.88,15.82,15.86,12824,-10772,2052,7779,-6361,1418,1802,-5272,-3470,NaN,NaN,NaN,NaN,NaN,12824,-10772,2052,7779,-6361,1418,1802,-5272,-3470
2019-04-07T22:00:00Z,15.89,15.89,15.82,15.85,12824,-10772,2052,7779,-6361,1418,1802,-5272,-3470,NaN,NaN,NaN,NaN,NaN,12824,-10772,2052,7779,-6361,1418,1802,-5272,-3470
2019-04-08T22:00:00Z,15.87,15.96,15.83,15.94,10774,-8971,1803,7144,-6318,826,1983,-4612,-2629,NaN,NaN,NaN,NaN,NaN,10774,-8971,1803,7144,-6318,826,1983,-4612,-2629
2019-04-09T22:00:00Z,15.94,15.99,15.87,15.89,10774,-8971,1803,7144,-6318,826,1983,-4612,-2629,NaN,NaN,NaN,NaN,NaN,10774,-8971,1803,7144,-6318,826,1983,-4612,-2629
2019-04-10T22:00:00Z,15.91,15.94,15.88,15.91,10774,-8971,1803,7144,-6318,826,1983,-4612,-2629,NaN,NaN,NaN,NaN,NaN,10774,-8971,1803,7144,-6318,826,1983,-4612,-2629
2019-04-11T22:00:00Z,15.9,15.94,15.86,15.93,10774,-8971,1803,7144,-6318,826,1983,-4612,-2629,NaN,NaN,NaN,NaN,NaN,10774,-8971,1803,7144,-6318,826,1983,-4612,-2629
2019-04-14T22:00:00Z,15.92,15.94,15.89,15.91,10774,-8971,1803,7144,-6318,826,1983,-4612,-2629,NaN,NaN,NaN,NaN,NaN,10774,-8971,1803,7144,-6318,826,1983,-4612,-2629
2019-04-15T22:00:00Z,15.92,15.95,15.9,15.91,10913,-9025,1888,7084,-6076,1008,1915,-4811,-2896,NaN,NaN,NaN,NaN,NaN,10913,-9025,1888,7084,-6076,1008,1915,-4811,-2896
2019-04-16T22:00:00Z,15.91,15.96,15.91,15.95,10913,-9025,1888,7084,-6076,1008,1915,-4811,-2896,NaN,NaN,NaN,NaN,NaN,10913,-9025,1888,7084,-6076,1008,1915,-4811,-2896
2019-04-17T22:00:00Z,15.95,15.96,15.92,15.93,10913,-9025,1888,7084,-6076,1008,1915,-4811,-2896,NaN,NaN,NaN,NaN,NaN,10913,-9025,1888,7084,-6076,1008,1915,-4811,-2896
2019-04-21T22:00:00Z,15.94,15.94,15.91,15.92,10913,-9025,1888,7084,-6076,1008,1915,-4811,-2896,NaN,NaN,NaN,NaN,NaN,10913,-9025,1888,7084,-6076,1008,1915,-4811,-2896
2019-04-22T22:00:00Z,15.94,15.94,15.92,15.93,11581,-9166,2415,7451,-7123,328,2011,-4754,-2743,NaN,NaN,NaN,NaN,NaN,11581,-9166,2415,7451,-7123,328,2011,-4754,-2743
2019-04-23T22:00:00Z,15.92,15.96,15.91,15.96,11581,-9166,2415,7451,-7123,328,2011,-4754,-2743,NaN,NaN,NaN,NaN,NaN,11581,-9166,2415,7451,-7123,328,2011,-4754,-2743
2019-04-24T22:00:00Z,15.96,15.98,15.95,15.96,11581,-9166,2415,7451,-7123,328,2011,-4754,-2743,NaN,NaN,NaN,NaN,NaN,11581,-9166,2415,7451,-7123,328,2011,-4754,-2743
2019-04-25T22:00:00Z,16.25,16.46,16.2,16.28,11581,-9166,2415,7451,-7123,328,2011,-4754,-2743,NaN,NaN,NaN,NaN,NaN,11581,-9166,2415,7451,-7123,328,2011,-4754,-2743
2019-04-28T22:00:00Z,16.31,16.31,16.19,16.19,11581,-9166,2415,7451,-7123,328,2011,-4754,-2743,NaN,NaN,NaN,NaN,NaN,11581,-9166,2415,7451,-7123,328,2011,-4754,-2743
2019-04-29T22:00:00Z,16.19,16.2,16.07,16.13,12152,-11174,978,8006,-6117,1889,2135,-5002,-2867,NaN,NaN,NaN,NaN,NaN,12152,-11174,978,8006,-6117,1889,2135,-5002,-2867
2019-04-30T22:00:00Z,16.1,16.18,16.07,16.15,12152,-11174,978,8006,-6117,1889,2135,-5002,-2867,NaN,NaN,NaN,NaN,NaN,12152,-11174,978,8006,-6117,1889,2135,-5002,-2867
2019-05-01T22:00:00Z,16.13,16.2,16.12,16.2,12152,-11174,978,8006,-6117,1889,2135,-5002,-2867,NaN,NaN,NaN,NaN,NaN,12152,-11174,978,8006,-6117,1889,2135,-5002,-2867
2019-05-02T22:00:00Z,16.21,16.41,16.17,16.38,12152,-11174,978,8006,-6117,1889,2135,-5002,-2867,NaN,NaN,NaN,NaN,NaN,12152,-11174,978,8006,-6117,1889,2135,-5002,-2867
2019-05-05T22:00:00Z,16.39,16.54,16.28,16.47,12152,-11174,978,8006,-6117,1889,2135,-5002,-2867,NaN,NaN,NaN,NaN,NaN,12152,-11174,978,8006,-6117,1889,2135,-5002,-2867
2019-05-06T22:00:00Z,16.48,16.52,16.42,16.47,11066,-10173,893,7344,-5451,1893,2153,-4939,-2786,NaN,NaN,NaN,NaN,NaN,11066,-10173,893,7344,-5451,1893,2153,-4939,-2786
2019-05-07T22:00:00Z,16.43,16.48,16.39,16.39,11066,-10173,893,7344,-5451,1893,2153,-4939,-2786,NaN,NaN,NaN,NaN,NaN,11066,-10173,893,7344,-5451,1893,2153,-4939,-2786
2019-05-08T22:00:00Z,16.4,16.4,16.3,16.37,11066,-10173,893,7344,-5451,1893,2153,-4939,-2786,NaN,NaN,NaN,NaN,NaN,11066,-10173,893,7344,-5451,1893,2153,-4939,-2786
2019-05-09T22:00:00Z,16.35,16.37,16.32,16.34,11066,-10173,893,7344,-5451,1893,2153,-4939,-2786,NaN,NaN,NaN,NaN,NaN,11066,-10173,893,7344,-5451,1893,2153,-4939,-2786
2019-05-12T22:00:00Z,16.34,16.38,16.27,16.3,11066,-10173,893,7344,-5451,1893,2153,-4939,-2786,NaN,NaN,NaN,NaN,NaN,11066,-10173,893,7344,-5451,1893,2153,-4939,-2786
2019-05-13T22:00:00Z,16.3,16.31,16.26,16.27,11981,-10211,1770,7048,-6108,940,2227,-4937,-2710,NaN,NaN,NaN,NaN,NaN,11981,-10211,1770,7048,-6108,940,2227,-4937,-2710
2019-05-14T22:00:00Z,16.27,16.34,16.24,16.34,11981,-10211,1770,7048,-6108,940,2227,-4937,-2710,NaN,NaN,NaN,NaN,NaN,11981,-10211,1770,7048,-6108,940,2227,-4937,-2710
2019-05-15T22:00:00Z,16.3,16.33,16.28,16.3,11981,-10211,1770,7048,-6108,940,2227,-4937,-2710,NaN,NaN,NaN,NaN,NaN,11981,-10211,1770,7048,-6108,940,2227,-4937,-2710
2019-05-16T22:00:00Z,16.28,16.34,16.27,16.33,11981,-10211,1770,7048,-6108,940,2227,-4937,-2710,NaN,NaN,NaN,NaN,NaN,11981,-10211,1770,7048,-6108,940,2227,-4937,-2710
2019-05-19T22:00:00Z,16.3,16.35,16.29,16.29,11981,-10211,1770,7048,-6108,940,2227,-4937,-2710,NaN,NaN,NaN,NaN,NaN,11981,-10211,1770,7048,-6108,940,2227,-4937,-2710
2019-05-20T22:00:00Z,16.29,16.33,16.26,16.29,12542,-10795,1747,7289,-6030,1259,2350,-5356,-3006,NaN,NaN,NaN,NaN,NaN,12542,-10795,1747,7289,-6030,1259,2350,-5356,-3006
2019-05-21T22:00:00Z,16.31,16.36,16.31,16.35,12542,-10795,1747,7289,-6030,1259,2350,-5356,-3006,NaN,NaN,NaN,NaN,NaN,12542,-10795,1747,7289,-6030,1259,2350,-5356,-3006
2019-05-22T22:00:00Z,16.36,16.39,16.35,16.38,12542,-10795,1747,7289,-6030,1259,2350,-5356,-3006,NaN,NaN,NaN,NaN,NaN,12542,-10795,1747,7289,-6030,1259,2350,-5356,-3006
2019-05-23T22:00:00Z,16.39,16.4,16.36,16.38,12542,-10795,1747,7289,-6030,1259,2350,-5356,-3006,NaN,NaN,NaN,NaN,NaN,12542,-10795,1747,7289,-6030,1259,2350,-5356,-3006
2019-05-26T22:00:00Z,16.36,16.38,16.36,16.38,12834,-10937,1897,6995,-5919,1076,2583,-5556,-2973,NaN,NaN,NaN,NaN,NaN,12834,-10937,1897,6995,-5919,1076,2583,-5556,-2973
2019-05-28T22:00:00Z,16.39,16.4,16.38,16.4,12834,-10937,1897,6995,-5919,1076,2583,-5556,-2973,NaN,NaN,NaN,NaN,NaN,12834,-10937,1897,6995,-5919,1076,2583,-5556,-2973
2019-05-29T22:00:00Z,16.4,16.4,16.37,16.37,12834,-10937,1897,6995,-5919,1076,2583,-5556,-2973,NaN,NaN,NaN,NaN,NaN,12834,-10937,1897,6995,-5919,1076,2583,-5556,-2973
2019-05-30T22:00:00Z,16.12,16.21,16.07,16.2,12834,-10937,1897,6995,-5919,1076,2583,-5556,-2973,NaN,NaN,NaN,NaN,NaN,12834,-10937,1897,6995,-5919,1076,2583,-5556,-2973
2019-06-02T22:00:00Z,16.17,16.24,16.02,16.07,12834,-10937,1897,6995,-5919,1076,2583,-5556,-2973,NaN,NaN,NaN,NaN,NaN,12834,-10937,1897,6995,-5919,1076,2583,-5556,-2973
2019-06-03T22:00:00Z,16.07,16.1,15.88,15.94,13234,-11023,2211,6881,-5946,935,2617,-5763,-3146,NaN,NaN,NaN,NaN,NaN,13234,-11023,2211,6881,-5946,935,2617,-5763,-3146
2019-06-04T22:00:00Z,15.9,16.14,15.88,16.1,13234,-11023,2211,6881,-5946,935,2617,-5763,-3146,NaN,NaN,NaN,NaN,NaN,13234,-11023,2211,6881,-5946,935,2617,-5763,-3146
2019-06-05T22:00:00Z,16.12,16.26,16.1,16.22,13234,-11023,2211,6881,-5946,935,2617,-5763,-3146,NaN,NaN,NaN,NaN,NaN,13234,-11023,2211,6881,-5946,935,2617,-5763,-3146
2019-06-06T22:00:00Z,16.19,16.28,16.19,16.25,13234,-11023,2211,6881,-5946,935,2617,-5763,-3146,NaN,NaN,NaN,NaN,NaN,13234,-11023,2211,6881,-5946,935,2617,-5763,-3146
2019-06-09T22:00:00Z,16.31,16.31,16.25,16.31,13234,-11023,2211,6881,-5946,935,2617,-5763,-3146,NaN,NaN,NaN,NaN,NaN,13234,-11023,2211,6881,-5946,935,2617,-5763,-3146
2019-06-10T22:00:00Z,16.29,16.35,16.28,16.32,11423,-9310,2113,6396,-5704,692,2495,-5300,-2805,NaN,NaN,NaN,NaN,NaN,11423,-9310,2113,6396,-5704,692,2495,-5300,-2805
2019-06-11T22:00:00Z,16.36,16.36,16.24,16.29,11423,-9310,2113,6396,-5704,692,2495,-5300,-2805,NaN,NaN,NaN,NaN,NaN,11423,-9310,2113,6396,-5704,692,2495,-5300,-2805
2019-06-12T22:00:00Z,16.25,16.33,16.25,16.3,11423,-9310,2113,6396,-5704,692,2495,-5300,-2805,NaN,NaN,NaN,NaN,NaN,11423,-9310,2113,6396,-5704,692,2495,-5300,-2805
2019-06-13T22:00:00Z,16.31,16.33,16.27,16.27,11423,-9310,2113,6396,-5704,692,2495,-5300,-2805,NaN,NaN,NaN,NaN,NaN,11423,-9310,2113,6396,-5704,692,2495,-5300,-2805
2019-06-16T22:00:00Z,16.27,16.31,16.27,16.28,11423,-9310,2113,6396,-5704,692,2495,-5300,-2805,NaN,NaN,NaN,NaN,NaN,11423,-9310,2113,6396,-5704,692,2495,-5300,-2805
2019-06-17T22:00:00Z,16.28,16.28,16.26,16.27,11801,-9504,2297,6536,-5996,540,2852,-5689,-2837,NaN,NaN,NaN,NaN,NaN,11801,-9504,2297,6536,-5996,540,2852,-5689,-2837
2019-06-18T22:00:00Z,16.27,16.31,16.26,16.31,11801,-9504,2297,6536,-5996,540,2852,-5689,-2837,NaN,NaN,NaN,NaN,NaN,11801,-9504,2297,6536,-5996,540,2852,-5689,-2837
2019-06-19T22:00:00Z,16.3,16.3,16.28,16.29,11801,-9504,2297,6536,-5996,540,2852,-5689,-2837,NaN,NaN,NaN,NaN,NaN,11801,-9504,2297,6536,-5996,540,2852,-5689,-2837
2019-06-20T22:00:00Z,16.3,16.31,16.3,16.3,11801,-9504,2297,6536,-5996,540,2852,-5689,-2837,NaN,NaN,NaN,NaN,NaN,11801,-9504,2297,6536,-5996,540,2852,-5689,-2837
2019-06-23T22:00:00Z,16.3,16.31,16.3,16.31,11801,-9504,2297,6536,-5996,540,2852,-5689,-2837,NaN,NaN,NaN,NaN,NaN,11801,-9504,2297,6536,-5996,540,2852,-5689,-2837
2019-06-24T22:00:00Z,16.3,16.32,16.3,16.31,11787,-9718,2069,7246,-6320,926,2936,-5931,-2995,NaN,NaN,NaN,NaN,NaN,11787,-9718,2069,7246,-6320,926,2936,-5931,-2995
2019-06-25T22:00:00Z,16.3,16.32,16.26,16.28,11787,-9718,2069,7246,-6320,926,2936,-5931,-2995,NaN,NaN,NaN,NaN,NaN,11787,-9718,2069,7246,-6320,926,2936,-5931,-2995
2019-06-26T22:00:00Z,16.27,16.27,16.26,16.26,11787,-9718,2069,7246,-6320,926,2936,-5931,-2995,NaN,NaN,NaN,NaN,NaN,11787,-9718,2069,7246,-6320,926,2936,-5931,-2995
2019-06-27T22:00:00Z,17.17,17.34,17.14,17.27,11787,-9718,2069,7246,-6320,926,2936,-5931,-2995,NaN,NaN,NaN,NaN,NaN,11787,-9718,2069,7246,-6320,926,2936,-5931,-2995
2019-06-30T22:00:00Z,17.33,17.5,17.22,17.45,11787,-9718,2069,7246,-6320,926,2936,-5931,-2995,NaN,NaN,NaN,NaN,NaN,11787,-9718,2069,7246,-6320,926,2936,-5931,-2995
2019-07-01T22:00:00Z,17.43,17.5,17.32,17.4,11665,-9930,1735,7624,-6410,1214,3261,-6210,-2949,NaN,NaN,NaN,NaN,NaN,11665,-9930,1735,7624,-6410,1214,3261,-6210,-2949
2019-07-02T22:00:00Z,17.35,17.4,17.28,17.31,11665,-9930,1735,7624,-6410,1214,3261,-6210,-2949,NaN,NaN,NaN,NaN,NaN,11665,-9930,1735,7624,-6410,1214,3261,-6210,-2949
2019-07-03T22:00:00Z,17.36,17.43,17.34,17.43,11665,-9930,1735,7624,-6410,1214,3261,-6210,-2949,NaN,NaN,NaN,NaN,NaN,11665,-9930,1735,7624,-6410,1214,3261,-6210,-2949
2019-07-07T22:00:00Z,17.41,17.42,17.3,17.38,11665,-9930,1735,7624,-6410,1214,3261,-6210,-2949,NaN,NaN,NaN,NaN,NaN,11665,-9930,1735,7624,-6410,1214,3261,-6210,-2949
2019-07-08T22:00:00Z,17.37,17.4,17.33,17.38,9236,-8775,461,5724,-5014,710,4055,-5226,-1171,NaN,NaN,NaN,NaN,NaN,9236,-8775,461,5724,-5014,710,4055,-5226,-1171
2019-07-09T22:00:00Z,17.38,17.42,17.36,17.37,9236,-8775,461,5724,-5014,710,4055,-5226,-1171,NaN,NaN,NaN,NaN,NaN,9236,-8775,461,5724,-5014,710,4055,-5226,-1171
2019-07-10T22:00:00Z,17.36,17.39,17.35,17.35,9236,-8775,461,5724,-5014,710,4055,-5226,-1171,NaN,NaN,NaN,NaN,NaN,9236,-8775,461,5724,-5014,710,4055,-5226,-1171
2019-07-11T22:00:00Z,17.35,17.38,17.34,17.34,9236,-8775,461,5724,-5014,710,4055,-5226,-1171,NaN,NaN,NaN,NaN,NaN,9236,-8775,461,5724,-5014,710,4055,-5226,-1171
2019-07-14T22:00:00Z,17.34,17.38,17.33,17.35,9236,-8775,461,5724,-5014,710,4055,-5226,-1171,NaN,NaN,NaN,NaN,NaN,9236,-8775,461,5724,-5014,710,4055,-5226,-1171
2019-07-15T22:00:00Z,17.33,17.34,17.3,17.31,9387,-9062,325,5825,-4733,1092,4037,-5454,-1417,NaN,NaN,NaN,NaN,NaN,9387,-9062,325,5825,-4733,1092,4037,-5454,-1417
2019-07-16T22:00:00Z,17.31,17.38,17.31,17.38,9387,-9062,325,5825,-4733,1092,4037,-5454,-1417,NaN,NaN,NaN,NaN,NaN,9387,-9062,325,5825,-4733,1092,4037,-5454,-1417
2019-07-17T22:00:00Z,17.39,17.43,17.38,17.41,9387,-9062,325,5825,-4733,1092,4037,-5454,-1417,NaN,NaN,NaN,NaN,NaN,9387,-9062,325,5825,-4733,1092,4037,-5454,-1417
2019-07-18T22:00:00Z,17.42,17.42,17.39,17.4,9387,-9062,325,5825,-4733,1092,4037,-5454,-1417,NaN,NaN,NaN,NaN,NaN,9387,-9062,325,5825,-4733,1092,4037,-5454,-1417
2019-07-21T22:00:00Z,17.39,17.41,17.39,17.41,9387,-9062,325,5825,-4733,1092,4037,-5454,-1417,NaN,NaN,NaN,NaN,NaN,9387,-9062,325,5825,-4733,1092,4037,-5454,-1417
2019-07-22T22:00:00Z,17.4,17.42,17.39,17.41,9658,-9474,184,6026,-4302,1724,3834,-5742,-1908,NaN,NaN,NaN,NaN,NaN,9658,-9474,184,6026,-4302,1724,3834,-5742,-1908
2019-07-23T22:00:00Z,17.41,17.48,17.41,17.47,9658,-9474,184,6026,-4302,1724,3834,-5742,-1908,NaN,NaN,NaN,NaN,NaN,9658,-9474,184,6026,-4302,1724,3834,-5742,-1908
2019-07-24T22:00:00Z,17.78,17.81,17.66,17.69,9658,-9474,184,6026,-4302,1724,3834,-5742,-1908,NaN,NaN,NaN,NaN,NaN,9658,-9474,184,6026,-4302,1724,3834,-5742,-1908
2019-07-25T22:00:00Z,17.71,17.74,17.54,17.65,9658,-9474,184,6026,-4302,1724,3834,-5742,-1908,NaN,NaN,NaN,NaN,NaN,9658,-9474,184,6026,-4302,1724,3834,-5742,-1908
2019-07-28T22:00:00Z,17.67,17.69,17.59,17.62,9658,-9474,184,6026,-4302,1724,3834,-5742,-1908,NaN,NaN,NaN,NaN,NaN,9658,-9474,184,6026,-4302,1724,3834,-5742,-1908
2019-07-29T22:00:00Z,17.65,17.66,17.45,17.48,9774,-9607,167,5757,-4040,1717,4041,-5925,-1884,NaN,NaN,NaN,NaN,NaN,9774,-9607,167,5757,-4040,1717,4041,-5925,-1884
2019-07-30T22:00:00Z,17.43,17.45,17.24,17.3,9774,-9607,167,5757,-4040,1717,4041,-5925,-1884,NaN,NaN,NaN,NaN,NaN,9774,-9607,167,5757,-4040,1717,4041,-5925,-1884
2019-07-31T22:00:00Z,17.24,17.31,17.15,17.23,9774,-9607,167,5757,-4040,1717,4041,-5925,-1884,NaN,NaN,NaN,NaN,NaN,9774,-9607,167,5757,-4040,1717,4041,-5925,-1884
2019-08-01T22:00:00Z,17.22,17.31,17.13,17.28,9774,-9607,167,5757,-4040,1717,4041,-5925,-1884,NaN,NaN,NaN,NaN,NaN,9774,-9607,167,5757,-4040,1717,4041,-5925,-1884
2019-08-04T22:00:00Z,17.29,17.44,17.15,17.42,9774,-9607,167,5757,-4040,1717,4041,-5925,-1884,NaN,NaN,NaN,NaN,NaN,9774,-9607,167,5757,-4040,1717,4041,-5925,-1884
2019-08-05T22:00:00Z,17.44,17.57,17.4,17.52,8321,-7861,460,4831,-3539,1292,3596,-5348,-1752,NaN,NaN,NaN,NaN,NaN,8321,-7861,460,4831,-3539,1292,3596,-5348,-1752
2019-08-06T22:00:00Z,17.54,17.61,17.47,17.54,8321,-7861,460,4831,-3539,1292,3596,-5348,-1752,NaN,NaN,NaN,NaN,NaN,8321,-7861,460,4831,-3539,1292,3596,-5348,-1752
2019-08-07T22:00:00Z,17.54,17.55,17.47,17.54,8321,-7861,460,4831,-3539,1292,3596,-5348,-1752,NaN,NaN,NaN,NaN,NaN,8321,-7861,460,4831,-3539,1292,3596,-5348,-1752
2019-08-08T22:00:00Z,17.51,17.61,17.51,17.61,8321,-7861,460,4831,-3539,1292,3596,-5348,-1752,NaN,NaN,NaN,NaN,NaN,8321,-7861,460,4831,-3539,1292,3596,-5348,-1752
2019-08-11T22:00:00Z,17.62,17.65,17.56,17.56,8321,-7861,460,4831,-3539,1292,3596,-5348,-1752,NaN,NaN,NaN,NaN,NaN,8321,-7861,460,4831,-3539,1292,3596,-5348,-1752
2019-08-12T22:00:00Z,17.54,17.6,17.54,17.57,8469,-8250,219,4897,-3369,1528,3871,-5618,-1747,NaN,NaN,NaN,NaN,NaN,8469,-8250,219,4897,-3369,1528,3871,-5618,-1747
2019-08-13T22:00:00Z,17.6,17.64,17.56,17.62,8469,-8250,219,4897,-3369,1528,3871,-5618,-1747,NaN,NaN,NaN,NaN,NaN,8469,-8250,219,4897,-3369,1528,3871,-5618,-1747
2019-08-14T22:00:00Z,17.63,17.66,17.61,17.63,8469,-8250,219,4897,-3369,1528,3871,-5618,-1747,NaN,NaN,NaN,NaN,NaN,8469,-8250,219,4897,-3369,1528,3871,-5618,-1747
2019-08-15T22:00:00Z,17.64,17.64,17.6,17.62,8469,-8250,219,4897,-3369,1528,3871,-5618,-1747,NaN,NaN,NaN,NaN,NaN,8469,-8250,219,4897,-3369,1528,3871,-5618,-1747
2019-08-18T22:00:00Z,17.61,17.63,17.6,17.62,8469,-8250,219,4897,-3369,1528,3871,-5618,-1747,NaN,NaN,NaN,NaN,NaN,8469,-8250,219,4897,-3369,1528,3871,-5618,-1747
2019-08-19T22:00:00Z,17.63,17.63,17.59,17.61,8580,-8617,-37,5691,-3329,2362,3742,-6067,-2325,NaN,NaN,NaN,NaN,NaN,8580,-8617,-37,5691,-3329,2362,3742,-6067,-2325
2019-08-20T22:00:00Z,17.61,17.61,17.57,17.57,8580,-8617,-37,5691,-3329,2362,3742,-6067,-2325,NaN,NaN,NaN,NaN,NaN,8580,-8617,-37,5691,-3329,2362,3742,-6067,-2325
2019-08-21T22:00:00Z,17.57,17.59,17.56,17.59,8580,-8617,-37,5691,-3329,2362,3742,-6067,-2325,NaN,NaN,NaN,NaN,NaN,8580,-8617,-37,5691,-3329,2362,3742,-6067,-2325
2019-08-22T22:00:00Z,17.6,17.6,17.57,17.59,8580,-8617,-37,5691,-3329,2362,3742,-6067,-2325,NaN,NaN,NaN,NaN,NaN,8580,-8617,-37,5691,-3329,2362,3742,-6067,-2325
2019-08-25T22:00:00Z,17.59,17.63,17.57,17.6,8580,-8617,-37,5691,-3329,2362,3742,-6067,-2325,NaN,NaN,NaN,NaN,NaN,8580,-8617,-37,5691,-3329,2362,3742,-6067,-2325
2019-08-26T22:00:00Z,17.61,17.62,17.56,17.6,9442,-9168,274,6062,-3643,2419,3564,-6257,-2693,NaN,NaN,NaN,NaN,NaN,9442,-9168,274,6062,-3643,2419,3564,-6257,-2693
2019-08-27T22:00:00Z,17.58,17.6,17.58,17.59,9442,-9168,274,6062,-3643,2419,3564,-6257,-2693,NaN,NaN,NaN,NaN,NaN,9442,-9168,274,6062,-3643,2419,3564,-6257,-2693
2019-08-28T22:00:00Z,17.48,17.69,17.45,17.59,9442,-9168,274,6062,-3643,2419,3564,-6257,-2693,NaN,NaN,NaN,NaN,NaN,9442,-9168,274,6062,-3643,2419,3564,-6257,-2693
2019-08-29T22:00:00Z,17.6,17.69,17.58,17.62,9442,-9168,274,6062,-3643,2419,3564,-6257,-2693,NaN,NaN,NaN,NaN,NaN,9442,-9168,274,6062,-3643,2419,3564,-6257,-2693
2019-09-01T22:00:00Z,17.66,17.75,17.64,17.72,9481,-9330,151,6497,-3611,2886,3393,-6430,-3037,NaN,NaN,NaN,NaN,NaN,9481,-9330,151,6497,-3611,2886,3393,-6430,-3037
2019-09-03T22:00:00Z,17.75,17.8,17.72,17.76,9481,-9330,151,6497,-3611,2886,3393,-6430,-3037,NaN,NaN,NaN,NaN,NaN,9481,-9330,151,6497,-3611,2886,3393,-6430,-3037
2019-09-04T22:00:00Z,17.75,17.9,17.75,17.9,9481,-9330,151,6497,-3611,2886,3393,-6430,-3037,NaN,NaN,NaN,NaN,NaN,9481,-9330,151,6497,-3611,2886,3393,-6430,-3037
2019-09-05T22:00:00Z,17.9,17.98,17.9,17.98,9481,-9330,151,6497,-3611,2886,3393,-6430,-3037,NaN,NaN,NaN,NaN,NaN,9481,-9330,151,6497,-3611,2886,3393,-6430,-3037
2019-09-08T22:00:00Z,17.9,18.08,17.9,18.08,9481,-9330,151,6497,-3611,2886,3393,-6430,-3037,NaN,NaN,NaN,NaN,NaN,9481,-9330,151,6497,-3611,2886,3393,-6430,-3037
2019-09-09T22:00:00Z,18.1,18.2,18.07,18.18,8161,-8715,-554,5791,-3383,2408,3727,-5581,-1854,NaN,NaN,NaN,NaN,NaN,8161,-8715,-554,5791,-3383,2408,3727,-5581,-1854
2019-09-10T22:00:00Z,18.22,18.3,18.18,18.23,8161,-8715,-554,5791,-3383,2408,3727,-5581,-1854,NaN,NaN,NaN,NaN,NaN,8161,-8715,-554,5791,-3383,2408,3727,-5581,-1854
2019-09-11T22:00:00Z,18.24,18.34,18.19,18.3,8161,-8715,-554,5791,-3383,2408,3727,-5581,-1854,NaN,NaN,NaN,NaN,NaN,8161,-8715,-554,5791,-3383,2408,3727,-5581,-1854
2019-09-12T22:00:00Z,18.3,18.33,18.27,18.3,8161,-8715,-554,5791,-3383,2408,3727,-5581,-1854,NaN,NaN,NaN,NaN,NaN,8161,-8715,-554,5791,-3383,2408,3727,-5581,-1854
2019-09-15T22:00:00Z,18.34,18.36,18.29,18.34,8161,-8715,-554,5791,-3383,2408,3727,-5581,-1854,NaN,NaN,NaN,NaN,NaN,8161,-8715,-554,5791,-3383,2408,3727,-5581,-1854
2019-09-16T22:00:00Z,18.34,18.36,18.18,18.29,8773,-10574,-1801,7635,-3739,3896,3375,-5470,-2095,NaN,NaN,NaN,NaN,NaN,8773,-10574,-1801,7635,-3739,3896,3375,-5470,-2095
2019-09-17T22:00:00Z,18.27,18.29,18.24,18.27,8773,-10574,-1801,7635,-3739,3896,3375,-5470,-2095,NaN,NaN,NaN,NaN,NaN,8773,-10574,-1801,7635,-3739,3896,3375,-5470,-2095
2019-09-18T22:00:00Z,18.29,18.29,18.25,18.25,8773,-10574,-1801,7635,-3739,3896,3375,-5470,-2095,NaN,NaN,NaN,NaN,NaN,8773,-10574,-1801,7635,-3739,3896,3375,-5470,-2095
2019-09-19T22:00:00Z,18.26,18.26,18.22,18.26,8773,-10574,-1801,7635,-3739,3896,3375,-5470,-2095,NaN,NaN,NaN,NaN,NaN,8773,-10574,-1801,7635,-3739,3896,3375,-5470,-2095
2019-09-22T22:00:00Z,18.25,18.27,18.25,18.26,8773,-10574,-1801,7635,-3739,3896,3375,-5470,-2095,NaN,NaN,NaN,NaN,NaN,8773,-10574,-1801,7635,-3739,3896,3375,-5470,-2095
2019-09-23T22:00:00Z,18.27,18.27,18.23,18.25,9304,-11199,-1895,7638,-3867,3771,3658,-5534,-1876,NaN,NaN,NaN,NaN,NaN,9304,-11199,-1895,7638,-3867,3771,3658,-5534,-1876
2019-09-24T22:00:00Z,18.25,18.29,18.25,18.27,9304,-11199,-1895,7638,-3867,3771,3658,-5534,-1876,NaN,NaN,NaN,NaN,NaN,9304,-11199,-1895,7638,-3867,3771,3658,-5534,-1876
2019-09-25T22:00:00Z,18,18.04,17.87,17.92,9304,-11199,-1895,7638,-3867,3771,3658,-5534,-1876,NaN,NaN,NaN,NaN,NaN,9304,-11199,-1895,7638,-3867,3771,3658,-5534,-1876
2019-09-26T22:00:00Z,17.89,18.25,17.78,18.17,9304,-11199,-1895,7638,-3867,3771,3658,-5534,-1876,NaN,NaN,NaN,NaN,NaN,9304,-11199,-1895,7638,-3867,3771,3658,-5534,-1876
2019-09-29T22:00:00Z,18.14,18.22,18.06,18.15,9304,-11199,-1895,7638,-3867,3771,3658,-5534,-1876,NaN,NaN,NaN,NaN,NaN,9304,-11199,-1895,7638,-3867,3771,3658,-5534,-1876
2019-09-30T22:00:00Z,18.17,18.36,18.14,18.29,9773,-11334,-1561,7681,-3908,3773,3598,-5810,-2212,NaN,NaN,NaN,NaN,NaN,9773,-11334,-1561,7681,-3908,3773,3598,-5810,-2212
2019-10-01T22:00:00Z,18.35,18.41,18.28,18.4,9773,-11334,-1561,7681,-3908,3773,3598,-5810,-2212,NaN,NaN,NaN,NaN,NaN,9773,-11334,-1561,7681,-3908,3773,3598,-5810,-2212
2019-10-02T22:00:00Z,18.45,18.5,18.37,18.49,9773,-11334,-1561,7681,-3908,3773,3598,-5810,-2212,NaN,NaN,NaN,NaN,NaN,9773,-11334,-1561,7681,-3908,3773,3598,-5810,-2212
2019-10-03T22:00:00Z,18.44,18.44,18.31,18.32,9773,-11334,-1561,7681,-3908,3773,3598,-5810,-2212,NaN,NaN,NaN,NaN,NaN,9773,-11334,-1561,7681,-3908,3773,3598,-5810,-2212
2019-10-06T22:00:00Z,18.4,18.56,18.34,18.48,9773,-11334,-1561,7681,-3908,3773,3598,-5810,-2212,NaN,NaN,NaN,NaN,NaN,9773,-11334,-1561,7681,-3908,3773,3598,-5810,-2212
2019-10-07T22:00:00Z,18.52,18.64,18.52,18.62,8817,-8949,-132,6676,-3914,2762,3280,-5910,-2630,NaN,NaN,NaN,NaN,NaN,8817,-8949,-132,6676,-3914,2762,3280,-5910,-2630
2019-10-08T22:00:00Z,18.62,18.78,18.57,18.7,8817,-8949,-132,6676,-3914,2762,3280,-5910,-2630,NaN,NaN,NaN,NaN,NaN,8817,-8949,-132,6676,-3914,2762,3280,-5910,-2630
2019-10-09T22:00:00Z,18.68,18.69,18.57,18.57,8817,-8949,-132,6676,-3914,2762,3280,-5910,-2630,NaN,NaN,NaN,NaN,NaN,8817,-8949,-132,6676,-3914,2762,3280,-5910,-2630
2019-10-10T22:00:00Z,18.59,18.68,18.57,18.66,8817,-8949,-132,6676,-3914,2762,3280,-5910,-2630,NaN,NaN,NaN,NaN,NaN,8817,-8949,-132,6676,-3914,2762,3280,-5910,-2630
2019-10-13T22:00:00Z,18.63,18.65,18.58,18.58,8817,-8949,-132,6676,-3914,2762,3280,-5910,-2630,NaN,NaN,NaN,NaN,NaN,8817,-8949,-132,6676,-3914,2762,3280,-5910,-2630
2019-10-14T22:00:00Z,18.61,18.61,18.58,18.6,9096,-10154,-1058,7188,-4013,3175,3596,-5713,-2117,NaN,NaN,NaN,NaN,NaN,9096,-10154,-1058,7188,-4013,3175,3596,-5713,-2117
2019-10-15T22:00:00Z,18.61,18.66,18.61,18.62,9096,-10154,-1058,7188,-4013,3175,3596,-5713,-2117,NaN,NaN,NaN,NaN,NaN,9096,-10154,-1058,7188,-4013,3175,3596,-5713,-2117
2019-10-16T22:00:00Z,18.64,18.64,18.58,18.63,9096,-10154,-1058,7188,-4013,3175,3596,-5713,-2117,NaN,NaN,NaN,NaN,NaN,9096,-10154,-1058,7188,-4013,3175,3596,-5713,-2117
2019-10-17T22:00:00Z,18.62,18.64,18.61,18.64,9096,-10154,-1058,7188,-4013,3175,3596,-5713,-2117,NaN,NaN,NaN,NaN,NaN,9096,-10154,-1058,7188,-4013,3175,3596,-5713,-2117
2019-10-20T22:00:00Z,18.63,18.67,18.63,18.66,9096,-10154,-1058,7188,-4013,3175,3596,-5713,-2117,NaN,NaN,NaN,NaN,NaN,9096,-10154,-1058,7188,-4013,3175,3596,-5713,-2117
2019-10-21T22:00:00Z,18.67,18.67,18.64,18.66,9007,-10788,-1781,8061,-3337,4724,3176,-6119,-2943,NaN,NaN,NaN,NaN,NaN,9007,-10788,-1781,8061,-3337,4724,3176,-6119,-2943
2019-10-22T22:00:00Z,18.65,18.67,18.64,18.65,9007,-10788,-1781,8061,-3337,4724,3176,-6119,-2943,NaN,NaN,NaN,NaN,NaN,9007,-10788,-1781,8061,-3337,4724,3176,-6119,-2943
2019-10-23T22:00:00Z,18.99,19.48,18.96,19.35,9007,-10788,-1781,8061,-3337,4724,3176,-6119,-2943,NaN,NaN,NaN,NaN,NaN,9007,-10788,-1781,8061,-3337,4724,3176,-6119,-2943
2019-10-24T22:00:00Z,19.2,19.58,19.19,19.48,9007,-10788,-1781,8061,-3337,4724,3176,-6119,-2943,NaN,NaN,NaN,NaN,NaN,9007,-10788,-1781,8061,-3337,4724,3176,-6119,-2943
2019-10-27T22:00:00Z,19.48,19.82,19.48,19.68,9007,-10788,-1781,8061,-3337,4724,3176,-6119,-2943,NaN,NaN,NaN,NaN,NaN,9007,-10788,-1781,8061,-3337,4724,3176,-6119,-2943
2019-10-28T22:00:00Z,19.66,19.93,19.61,19.83,10040,-12319,-2279,8429,-3579,4850,3477,-6048,-2571,NaN,NaN,NaN,NaN,NaN,10040,-12319,-2279,8429,-3579,4850,3477,-6048,-2571
2019-10-29T22:00:00Z,19.85,20.27,19.81,20.15,10040,-12319,-2279,8429,-3579,4850,3477,-6048,-2571,NaN,NaN,NaN,NaN,NaN,10040,-12319,-2279,8429,-3579,4850,3477,-6048,-2571
2019-10-30T22:00:00Z,20.15,20.37,19.85,20.1,10040,-12319,-2279,8429,-3579,4850,3477,-6048,-2571,NaN,NaN,NaN,NaN,NaN,10040,-12319,-2279,8429,-3579,4850,3477,-6048,-2571
2019-10-31T22:00:00Z,20.03,20.23,20.03,20.15,10040,-12319,-2279,8429,-3579,4850,3477,-6048,-2571,NaN,NaN,NaN,NaN,NaN,10040,-12319,-2279,8429,-3579,4850,3477,-6048,-2571
2019-11-03T23:00:00Z,20.2,20.23,20.06,20.16,10040,-12319,-2279,8429,-3579,4850,3477,-6048,-2571,NaN,NaN,NaN,NaN,NaN,10040,-12319,-2279,8429,-3579,4850,3477,-6048,-2571
2019-11-04T23:00:00Z,20.12,20.33,20.09,20.27,9403,-10674,-1271,7353,-3498,3855,3244,-5828,-2584,NaN,NaN,NaN,NaN,NaN,9403,-10674,-1271,7353,-3498,3855,3244,-5828,-2584
2019-11-05T23:00:00Z,20.33,20.34,20.23,20.33,9403,-10674,-1271,7353,-3498,3855,3244,-5828,-2584,NaN,NaN,NaN,NaN,NaN,9403,-10674,-1271,7353,-3498,3855,3244,-5828,-2584
2019-11-06T23:00:00Z,20.34,20.35,19.74,19.92,9403,-10674,-1271,7353,-3498,3855,3244,-5828,-2584,NaN,NaN,NaN,NaN,NaN,9403,-10674,-1271,7353,-3498,3855,3244,-5828,-2584
2019-11-07T23:00:00Z,19.9,20.06,19.8,20.05,9403,-10674,-1271,7353,-3498,3855,3244,-5828,-2584,NaN,NaN,NaN,NaN,NaN,9403,-10674,-1271,7353,-3498,3855,3244,-5828,-2584
2019-11-10T23:00:00Z,20.05,20.2,20.02,20.18,9403,-10674,-1271,7353,-3498,3855,3244,-5828,-2584,NaN,NaN,NaN,NaN,NaN,9403,-10674,-1271,7353,-3498,3855,3244,-5828,-2584
2019-11-11T23:00:00Z,20.17,20.23,19.92,20.13,9486,-11764,-2278,7897,-2968,4929,3323,-5974,-2651,NaN,NaN,NaN,NaN,NaN,9486,-11764,-2278,7897,-2968,4929,3323,-5974,-2651
2019-11-12T23:00:00Z,20.09,20.21,19.97,20.17,9486,-11764,-2278,7897,-2968,4929,3323,-5974,-2651,NaN,NaN,NaN,NaN,NaN,9486,-11764,-2278,7897,-2968,4929,3323,-5974,-2651
2019-11-13T23:00:00Z,20.16,20.25,20.09,20.24,9486,-11764,-2278,7897,-2968,4929,3323,-5974,-2651,NaN,NaN,NaN,NaN,NaN,9486,-11764,-2278,7897,-2968,4929,3323,-5974,-2651
2019-11-14T23:00:00Z,20.23,20.25,20.21,20.25,9486,-11764,-2278,7897,-2968,4929,3323,-5974,-2651,NaN,NaN,NaN,NaN,NaN,9486,-11764,-2278,7897,-2968,4929,3323,-5974,-2651
2019-11-17T23:00:00Z,20.25,20.34,20.21,20.31,9486,-11764,-2278,7897,-2968,4929,3323,-5974,-2651,NaN,NaN,NaN,NaN,NaN,9486,-11764,-2278,7897,-2968,4929,3323,-5974,-2651
2019-11-18T23:00:00Z,20.35,20.35,20.28,20.32,9604,-11958,-2354,8093,-3062,5031,3391,-6068,-2677,NaN,NaN,NaN,NaN,NaN,9604,-11958,-2354,8093,-3062,5031,3391,-6068,-2677
2019-11-19T23:00:00Z,20.32,20.39,20.3,20.34,9604,-11958,-2354,8093,-3062,5031,3391,-6068,-2677,NaN,NaN,NaN,NaN,NaN,9604,-11958,-2354,8093,-3062,5031,3391,-6068,-2677
2019-11-20T23:00:00Z,20.33,20.38,20.33,20.37,9604,-11958,-2354,8093,-3062,5031,3391,-6068,-2677,NaN,NaN,NaN,NaN,NaN,9604,-11958,-2354,8093,-3062,5031,3391,-6068,-2677
2019-11-21T23:00:00Z,20.37,20.39,20.36,20.37,9604,-11958,-2354,8093,-3062,5031,3391,-6068,-2677,NaN,NaN,NaN,NaN,NaN,9604,-11958,-2354,8093,-3062,5031,3391,-6068,-2677
2019-11-24T23:00:00Z,20.36,20.38,20.33,20.34,9604,-11958,-2354,8093,-3062,5031,3391,-6068,-2677,NaN,NaN,NaN,NaN,NaN,9604,-11958,-2354,8093,-3062,5031,3391,-6068,-2677
2019-11-25T23:00:00Z,20.33,20.37,20.32,20.34,9801,-12585,-2784,8334,-2707,5627,3303,-6146,-2843,NaN,NaN,NaN,NaN,NaN,9801,-12585,-2784,8334,-2707,5627,3303,-6146,-2843
2019-11-26T23:00:00Z,19.08,19.4,19.01,19.3,9801,-12585,-2784,8334,-2707,5627,3303,-6146,-2843,NaN,NaN,NaN,NaN,NaN,9801,-12585,-2784,8334,-2707,5627,3303,-6146,-2843
2019-12-01T23:00:00Z,19.32,19.43,19.16,19.37,9801,-12585,-2784,8334,-2707,5627,3303,-6146,-2843,NaN,NaN,NaN,NaN,NaN,9801,-12585,-2784,8334,-2707,5627,3303,-6146,-2843
2019-12-02T23:00:00Z,19.36,19.38,19.17,19.34,10078,-13046,-2968,8621,-2726,5895,3310,-6237,-2927,NaN,NaN,NaN,NaN,NaN,10078,-13046,-2968,8621,-2726,5895,3310,-6237,-2927
2019-12-03T23:00:00Z,19.39,19.43,19.24,19.37,10078,-13046,-2968,8621,-2726,5895,3310,-6237,-2927,NaN,NaN,NaN,NaN,NaN,10078,-13046,-2968,8621,-2726,5895,3310,-6237,-2927
2019-12-04T23:00:00Z,19.4,19.4,19.18,19.37,10078,-13046,-2968,8621,-2726,5895,3310,-6237,-2927,NaN,NaN,NaN,NaN,NaN,10078,-13046,-2968,8621,-2726,5895,3310,-6237,-2927
2019-12-05T23:00:00Z,19.35,19.58,19.31,19.55,10078,-13046,-2968,8621,-2726,5895,3310,-6237,-2927,NaN,NaN,NaN,NaN,NaN,10078,-13046,-2968,8621,-2726,5895,3310,-6237,-2927
2019-12-08T23:00:00Z,19.55,19.78,19.31,19.48,10078,-13046,-2968,8621,-2726,5895,3310,-6237,-2927,NaN,NaN,NaN,NaN,NaN,10078,-13046,-2968,8621,-2726,5895,3310,-6237,-2927
2019-12-09T23:00:00Z,19.45,19.52,19.35,19.43,8412,-10046,-1634,6802,-2655,4147,3338,-5851,-2513,NaN,NaN,NaN,NaN,NaN,8412,-10046,-1634,6802,-2655,4147,3338,-5851,-2513
2019-12-10T23:00:00Z,19.38,19.47,19.36,19.46,8412,-10046,-1634,6802,-2655,4147,3338,-5851,-2513,NaN,NaN,NaN,NaN,NaN,8412,-10046,-1634,6802,-2655,4147,3338,-5851,-2513
2019-12-11T23:00:00Z,19.46,19.47,19.41,19.43,8412,-10046,-1634,6802,-2655,4147,3338,-5851,-2513,NaN,NaN,NaN,NaN,NaN,8412,-10046,-1634,6802,-2655,4147,3338,-5851,-2513
2019-12-12T23:00:00Z,19.43,19.45,19.4,19.4,8412,-10046,-1634,6802,-2655,4147,3338,-5851,-2513,NaN,NaN,NaN,NaN,NaN,8412,-10046,-1634,6802,-2655,4147,3338,-5851,-2513
2019-12-15T23:00:00Z,19.41,19.41,19.36,19.39,8412,-10046,-1634,6802,-2655,4147,3338,-5851,-2513,NaN,NaN,NaN,NaN,NaN,8412,-10046,-1634,6802,-2655,4147,3338,-5851,-2513
2019-12-16T23:00:00Z,19.38,19.41,19.37,19.41,8748,-10722,-1974,6876,-2663,4213,3285,-5524,-2239,NaN,NaN,NaN,NaN,NaN,8748,-10722,-1974,6876,-2663,4213,3285,-5524,-2239
2019-12-17T23:00:00Z,19.39,19.41,19.33,19.36,8748,-10722,-1974,6876,-2663,4213,3285,-5524,-2239,NaN,NaN,NaN,NaN,NaN,8748,-10722,-1974,6876,-2663,4213,3285,-5524,-2239
2019-12-18T23:00:00Z,19.37,19.38,19.36,19.36,8748,-10722,-1974,6876,-2663,4213,3285,-5524,-2239,NaN,NaN,NaN,NaN,NaN,8748,-10722,-1974,6876,-2663,4213,3285,-5524,-2239
2019-12-19T23:00:00Z,19.38,19.38,19.36,19.36,8748,-10722,-1974,6876,-2663,4213,3285,-5524,-2239,NaN,NaN,NaN,NaN,NaN,8748,-10722,-1974,6876,-2663,4213,3285,-5524,-2239
2019-12-22T23:00:00Z,19.36,19.39,19.35,19.39,8748,-10722,-1974,6876,-2663,4213,3285,-5524,-2239,NaN,NaN,NaN,NaN,NaN,8748,-10722,-1974,6876,-2663,4213,3285,-5524,-2239
2019-12-23T23:00:00Z,19.36,19.36,19.35,19.36,9190,-10660,-1470,6420,-2654,3766,3263,-5559,-2296,NaN,NaN,NaN,NaN,NaN,9190,-10660,-1470,6420,-2654,3766,3263,-5559,-2296
2019-12-25T23:00:00Z,17.22,17.26,16.94,16.97,9190,-10660,-1470,6420,-2654,3766,3263,-5559,-2296,NaN,NaN,NaN,NaN,NaN,9190,-10660,-1470,6420,-2654,3766,3263,-5559,-2296
2019-12-26T23:00:00Z,16.91,17.14,16.9,17.12,9190,-10660,-1470,6420,-2654,3766,3263,-5559,-2296,NaN,NaN,NaN,NaN,NaN,9190,-10660,-1470,6420,-2654,3766,3263,-5559,-2296
2019-12-29T23:00:00Z,17.1,17.24,17.05,17.19,9190,-10660,-1470,6420,-2654,3766,3263,-5559,-2296,NaN,NaN,NaN,NaN,NaN,9190,-10660,-1470,6420,-2654,3766,3263,-5559,-2296
2019-12-30T23:00:00Z,17.2,17.31,17.12,17.25,9386,-10529,-1143,6158,-2474,3684,3259,-5800,-2541,NaN,NaN,NaN,NaN,NaN,9386,-10529,-1143,6158,-2474,3684,3259,-5800,-2541
2020-01-01T23:00:00Z,17.31,17.41,17.03,17.08,9386,-10529,-1143,6158,-2474,3684,3259,-5800,-2541,NaN,NaN,NaN,NaN,NaN,9386,-10529,-1143,6158,-2474,3684,3259,-5800,-2541
2020-01-02T23:00:00Z,17.11,17.15,16.87,16.93,9386,-10529,-1143,6158,-2474,3684,3259,-5800,-2541,NaN,NaN,NaN,NaN,NaN,9386,-10529,-1143,6158,-2474,3684,3259,-5800,-2541
2020-01-05T23:00:00Z,16.95,17,16.9,17,9386,-10529,-1143,6158,-2474,3684,3259,-5800,-2541,NaN,NaN,NaN,NaN,NaN,9386,-10529,-1143,6158,-2474,3684,3259,-5800,-2541
2020-01-06T23:00:00Z,17.02,17.14,17,17.14,7952,-7587,365,4282,-1773,2509,2601,-5475,-2874,NaN,NaN,NaN,NaN,NaN,7952,-7587,365,4282,-1773,2509,2601,-5475,-2874
2020-01-07T23:00:00Z,17.14,17.15,16.94,16.98,7952,-7587,365,4282,-1773,2509,2601,-5475,-2874,NaN,NaN,NaN,NaN,NaN,7952,-7587,365,4282,-1773,2509,2601,-5475,-2874
2020-01-08T23:00:00Z,16.96,16.98,16.91,16.96,7952,-7587,365,4282,-1773,2509,2601,-5475,-2874,NaN,NaN,NaN,NaN,NaN,7952,-7587,365,4282,-1773,2509,2601,-5475,-2874
2020-01-09T23:00:00Z,16.91,17.04,16.86,17.03,7952,-7587,365,4282,-1773,2509,2601,-5475,-2874,NaN,NaN,NaN,NaN,NaN,7952,-7587,365,4282,-1773,2509,2601,-5475,-2874
2020-01-12T23:00:00Z,17.02,17.02,16.92,17,7952,-7587,365,4282,-1773,2509,2601,-5475,-2874,NaN,NaN,NaN,NaN,NaN,7952,-7587,365,4282,-1773,2509,2601,-5475,-2874
2020-01-13T23:00:00Z,16.99,17.01,16.91,16.99,8808,-8090,718,4112,-1803,2309,2550,-5577,-3027,NaN,NaN,NaN,NaN,NaN,8808,-8090,718,4112,-1803,2309,2550,-5577,-3027
2020-01-14T23:00:00Z,16.95,17,16.95,16.96,8808,-8090,718,4112,-1803,2309,2550,-5577,-3027,NaN,NaN,NaN,NaN,NaN,8808,-8090,718,4112,-1803,2309,2550,-5577,-3027
2020-01-15T23:00:00Z,16.95,16.99,16.94,16.98,8808,-8090,718,4112,-1803,2309,2550,-5577,-3027,NaN,NaN,NaN,NaN,NaN,8808,-8090,718,4112,-1803,2309,2550,-5577,-3027
2020-01-16T23:00:00Z,16.98,17.01,16.98,17,8808,-8090,718,4112,-1803,2309,2550,-5577,-3027,NaN,NaN,NaN,NaN,NaN,8808,-8090,718,4112,-1803,2309,2550,-5577,-3027
2020-01-19T23:00:00Z,17.02,17.04,16.99,17.04,9203,-8663,540,4040,-1598,2442,2732,-5714,-2982,NaN,NaN,NaN,NaN,NaN,9203,-8663,540,4040,-1598,2442,2732,-5714,-2982
2020-01-21T23:00:00Z,17.02,17.05,17.01,17.04,9203,-8663,540,4040,-1598,2442,2732,-5714,-2982,NaN,NaN,NaN,NaN,NaN,9203,-8663,540,4040,-1598,2442,2732,-5714,-2982
2020-01-22T23:00:00Z,17.01,17.04,17,17.04,9203,-8663,540,4040,-1598,2442,2732,-5714,-2982,NaN,NaN,NaN,NaN,NaN,9203,-8663,540,4040,-1598,2442,2732,-5714,-2982
2020-01-23T23:00:00Z,17.04,17.05,17.02,17.05,9203,-8663,540,4040,-1598,2442,2732,-5714,-2982,NaN,NaN,NaN,NaN,NaN,9203,-8663,540,4040,-1598,2442,2732,-5714,-2982
2020-01-26T23:00:00Z,17.02,17.04,17.02,17.04,9203,-8663,540,4040,-1598,2442,2732,-5714,-2982,NaN,NaN,NaN,NaN,NaN,9203,-8663,540,4040,-1598,2442,2732,-5714,-2982
2020-01-27T23:00:00Z,17.03,17.05,17.02,17.03,9627,-9268,359,4730,-2030,2700,2830,-5889,-3059,NaN,NaN,NaN,NaN,NaN,9627,-9268,359,4730,-2030,2700,2830,-5889,-3059
2020-01-28T23:00:00Z,17.04,17.06,17.02,17.04,9627,-9268,359,4730,-2030,2700,2830,-5889,-3059,NaN,NaN,NaN,NaN,NaN,9627,-9268,359,4730,-2030,2700,2830,-5889,-3059
2020-01-29T23:00:00Z,17.6,17.6,17.32,17.36,9627,-9268,359,4730,-2030,2700,2830,-5889,-3059,NaN,NaN,NaN,NaN,NaN,9627,-9268,359,4730,-2030,2700,2830,-5889,-3059
2020-01-30T23:00:00Z,17.34,17.38,17.13,17.16,9627,-9268,359,4730,-2030,2700,2830,-5889,-3059,NaN,NaN,NaN,NaN,NaN,9627,-9268,359,4730,-2030,2700,2830,-5889,-3059
2020-02-02T23:00:00Z,17.21,17.23,16.91,16.96,9627,-9268,359,4730,-2030,2700,2830,-5889,-3059,NaN,NaN,NaN,NaN,NaN,9627,-9268,359,4730,-2030,2700,2830,-5889,-3059
2020-02-03T23:00:00Z,16.92,17.14,16.83,17,9841,-9228,613,4715,-2185,2530,2814,-5957,-3143,NaN,NaN,NaN,NaN,NaN,9841,-9228,613,4715,-2185,2530,2814,-5957,-3143
2020-02-04T23:00:00Z,17.02,17.13,16.85,16.94,9841,-9228,613,4715,-2185,2530,2814,-5957,-3143,NaN,NaN,NaN,NaN,NaN,9841,-9228,613,4715,-2185,2530,2814,-5957,-3143
2020-02-05T23:00:00Z,16.95,17,16.9,16.96,9841,-9228,613,4715,-2185,2530,2814,-5957,-3143,NaN,NaN,NaN,NaN,NaN,9841,-9228,613,4715,-2185,2530,2814,-5957,-3143
2020-02-06T23:00:00Z,16.95,17.08,16.95,17.06,9841,-9228,613,4715,-2185,2530,2814,-5957,-3143,NaN,NaN,NaN,NaN,NaN,9841,-9228,613,4715,-2185,2530,2814,-5957,-3143
2020-02-09T23:00:00Z,17.01,17.12,17.01,17.05,9841,-9228,613,4715,-2185,2530,2814,-5957,-3143,NaN,NaN,NaN,NaN,NaN,9841,-9228,613,4715,-2185,2530,2814,-5957,-3143
2020-02-10T23:00:00Z,17.04,17.06,17.02,17.05,8995,-7910,1085,4180,-2490,1690,2636,-5411,-2775,NaN,NaN,NaN,NaN,NaN,8995,-7910,1085,4180,-2490,1690,2636,-5411,-2775
2020-02-11T23:00:00Z,17.04,17.06,16.97,17.02,8995,-7910,1085,4180,-2490,1690,2636,-5411,-2775,NaN,NaN,NaN,NaN,NaN,8995,-7910,1085,4180,-2490,1690,2636,-5411,-2775
2020-02-12T23:00:00Z,17.01,17.02,16.94,17.01,8995,-7910,1085,4180,-2490,1690,2636,-5411,-2775,NaN,NaN,NaN,NaN,NaN,8995,-7910,1085,4180,-2490,1690,2636,-5411,-2775
2020-02-13T23:00:00Z,17.01,17.02,16.97,16.99,8995,-7910,1085,4180,-2490,1690,2636,-5411,-2775,NaN,NaN,NaN,NaN,NaN,8995,-7910,1085,4180,-2490,1690,2636,-5411,-2775
2020-02-16T23:00:00Z,16.99,16.99,16.95,16.97,9707,-7985,1722,4140,-2542,1598,2525,-5845,-3320,NaN,NaN,NaN,NaN,NaN,9707,-7985,1722,4140,-2542,1598,2525,-5845,-3320
2020-02-18T23:00:00Z,16.96,16.99,16.96,16.97,9707,-7985,1722,4140,-2542,1598,2525,-5845,-3320,NaN,NaN,NaN,NaN,NaN,9707,-7985,1722,4140,-2542,1598,2525,-5845,-3320
2020-02-19T23:00:00Z,16.98,17.02,16.95,17,9707,-7985,1722,4140,-2542,1598,2525,-5845,-3320,NaN,NaN,NaN,NaN,NaN,9707,-7985,1722,4140,-2542,1598,2525,-5845,-3320
2020-02-20T23:00:00Z,17.02,17.04,17,17.01,9707,-7985,1722,4140,-2542,1598,2525,-5845,-3320,NaN,NaN,NaN,NaN,NaN,9707,-7985,1722,4140,-2542,1598,2525,-5845,-3320
2020-02-23T23:00:00Z,17,17.03,17,17.01,9707,-7985,1722,4140,-2542,1598,2525,-5845,-3320,NaN,NaN,NaN,NaN,NaN,9707,-7985,1722,4140,-2542,1598,2525,-5845,-3320
2020-02-24T23:00:00Z,17,17.03,17,17.01,9830,-8251,1579,4658,-2535,2123,2441,-6143,-3702,NaN,NaN,NaN,NaN,NaN,9830,-8251,1579,4658,-2535,2123,2441,-6143,-3702
2020-02-25T23:00:00Z,17.03,17.03,17.01,17.01,9830,-8251,1579,4658,-2535,2123,2441,-6143,-3702,NaN,NaN,NaN,NaN,NaN,9830,-8251,1579,4658,-2535,2123,2441,-6143,-3702
2020-02-26T23:00:00Z,16.47,16.47,16.29,16.33,9830,-8251,1579,4658,-2535,2123,2441,-6143,-3702,NaN,NaN,NaN,NaN,NaN,9830,-8251,1579,4658,-2535,2123,2441,-6143,-3702
2020-02-27T23:00:00Z,16.27,16.33,16.22,16.31,9830,-8251,1579,4658,-2535,2123,2441,-6143,-3702,NaN,NaN,NaN,NaN,NaN,9830,-8251,1579,4658,-2535,2123,2441,-6143,-3702
2020-03-01T23:00:00Z,16.5,16.55,16.29,16.42,9830,-8251,1579,4658,-2535,2123,2441,-6143,-3702,NaN,NaN,NaN,NaN,NaN,9830,-8251,1579,4658,-2535,2123,2441,-6143,-3702
2020-03-02T23:00:00Z,16.37,16.5,16.28,16.34,9664,-8384,1280,5698,-2700,2998,2290,-6568,-4278,NaN,NaN,NaN,NaN,NaN,9664,-8384,1280,5698,-2700,2998,2290,-6568,-4278
2020-03-03T23:00:00Z,16.34,16.39,16.26,16.39,9664,-8384,1280,5698,-2700,2998,2290,-6568,-4278,NaN,NaN,NaN,NaN,NaN,9664,-8384,1280,5698,-2700,2998,2290,-6568,-4278
2020-03-04T23:00:00Z,16.34,16.44,16.34,16.37,9664,-8384,1280,5698,-2700,2998,2290,-6568,-4278,NaN,NaN,NaN,NaN,NaN,9664,-8384,1280,5698,-2700,2998,2290,-6568,-4278
2020-03-05T23:00:00Z,16.37,16.42,16.35,16.37,9664,-8384,1280,5698,-2700,2998,2290,-6568,-4278,NaN,NaN,NaN,NaN,NaN,9664,-8384,1280,5698,-2700,2998,2290,-6568,-4278
2020-03-08T22:00:00Z,16.37,16.37,16.26,16.32,9664,-8384,1280,5698,-2700,2998,2290,-6568,-4278,NaN,NaN,NaN,NaN,NaN,9664,-8384,1280,5698,-2700,2998,2290,-6568,-4278
2020-03-09T22:00:00Z,16.32,16.34,16.27,16.33,8046,-7736,310,6552,-3113,3439,2061,-5810,-3749,NaN,NaN,NaN,NaN,NaN,8046,-7736,310,6552,-3113,3439,2061,-5810,-3749
2020-03-10T22:00:00Z,16.31,16.34,16.27,16.3,8046,-7736,310,6552,-3113,3439,2061,-5810,-3749,NaN,NaN,NaN,NaN,NaN,8046,-7736,310,6552,-3113,3439,2061,-5810,-3749
2020-03-11T22:00:00Z,16.27,16.32,16.25,16.32,8046,-7736,310,6552,-3113,3439,2061,-5810,-3749,NaN,NaN,NaN,NaN,NaN,8046,-7736,310,6552,-3113,3439,2061,-5810,-3749
2020-03-12T22:00:00Z,16.29,16.39,16.29,16.34,8046,-7736,310,6552,-3113,3439,2061,-5810,-3749,NaN,NaN,NaN,NaN,NaN,8046,-7736,310,6552,-3113,3439,2061,-5810,-3749
2020-03-15T22:00:00Z,16.35,16.37,16.33,16.33,8046,-7736,310,6552,-3113,3439,2061,-5810,-3749,NaN,NaN,NaN,NaN,NaN,8046,-7736,310,6552,-3113,3439,2061,-5810,-3749
2020-03-16T22:00:00Z,16.34,16.36,16.32,16.34,7966,-8490,-524,8112,-3538,4574,2032,-6082,-4050,NaN,NaN,NaN,NaN,NaN,7966,-8490,-524,8112,-3538,4574,2032,-6082,-4050
2020-03-17T22:00:00Z,16.35,16.35,16.26,16.27,7966,-8490,-524,8112,-3538,4574,2032,-6082,-4050,NaN,NaN,NaN,NaN,NaN,7966,-8490,-524,8112,-3538,4574,2032,-6082,-4050
2020-03-18T22:00:00Z,16.27,16.3,16.25,16.27,7966,-8490,-524,8112,-3538,4574,2032,-6082,-4050,NaN,NaN,NaN,NaN,NaN,7966,-8490,-524,8112,-3538,4574,2032,-6082,-4050
2020-03-19T22:00:00Z,16.29,16.29,16.26,16.26,7966,-8490,-524,8112,-3538,4574,2032,-6082,-4050,NaN,NaN,NaN,NaN,NaN,7966,-8490,-524,8112,-3538,4574,2032,-6082,-4050
2020-03-22T22:00:00Z,16.27,16.29,16.26,16.26,7966,-8490,-524,8112,-3538,4574,2032,-6082,-4050,NaN,NaN,NaN,NaN,NaN,7966,-8490,-524,8112,-3538,4574,2032,-6082,-4050
2020-03-23T22:00:00Z,16.3,16.3,16.26,16.27,7984,-8625,-641,8682,-4105,4577,1912,-5848,-3936,NaN,NaN,NaN,NaN,NaN,7984,-8625,-641,8682,-4105,4577,1912,-5848,-3936
2020-03-24T22:00:00Z,16.29,16.3,16.24,16.25,7984,-8625,-641,8682,-4105,4577,1912,-5848,-3936,NaN,NaN,NaN,NaN,NaN,7984,-8625,-641,8682,-4105,4577,1912,-5848,-3936
2020-03-25T22:00:00Z,15.9,15.99,15.68,15.68,7984,-8625,-641,8682,-4105,4577,1912,-5848,-3936,NaN,NaN,NaN,NaN,NaN,7984,-8625,-641,8682,-4105,4577,1912,-5848,-3936
2020-03-26T22:00:00Z,15.65,15.72,15.27,15.27,7984,-8625,-641,8682,-4105,4577,1912,-5848,-3936,NaN,NaN,NaN,NaN,NaN,7984,-8625,-641,8682,-4105,4577,1912,-5848,-3936
2020-03-29T22:00:00Z,15.32,15.32,14.82,14.82,7984,-8625,-641,8682,-4105,4577,1912,-5848,-3936,NaN,NaN,NaN,NaN,NaN,7984,-8625,-641,8682,-4105,4577,1912,-5848,-3936
2020-03-30T22:00:00Z,14.85,14.85,14.33,14.64,9571,-10120,-549,9984,-5141,4843,1977,-6271,-4294,NaN,NaN,NaN,NaN,NaN,9571,-10120,-549,9984,-5141,4843,1977,-6271,-4294
2020-03-31T22:00:00Z,14.6,14.82,14.38,14.55,9571,-10120,-549,9984,-5141,4843,1977,-6271,-4294,NaN,NaN,NaN,NaN,NaN,9571,-10120,-549,9984,-5141,4843,1977,-6271,-4294
2020-04-01T22:00:00Z,14.57,14.57,14.26,14.31,9571,-10120,-549,9984,-5141,4843,1977,-6271,-4294,NaN,NaN,NaN,NaN,NaN,9571,-10120,-549,9984,-5141,4843,1977,-6271,-4294
2020-04-02T22:00:00Z,14.27,14.27,14.05,14.08,9571,-10120,-549,9984,-5141,4843,1977,-6271,-4294,NaN,NaN,NaN,NaN,NaN,9571,-10120,-549,9984,-5141,4843,1977,-6271,-4294
2020-04-05T22:00:00Z,13.99,13.99,13.62,13.85,9571,-10120,-549,9984,-5141,4843,1977,-6271,-4294,NaN,NaN,NaN,NaN,NaN,9571,-10120,-549,9984,-5141,4843,1977,-6271,-4294
2020-04-06T22:00:00Z,13.93,14.2,13.87,14.18,8440,-9325,-885,9773,-5235,4538,1880,-5533,-3653,NaN,NaN,NaN,NaN,NaN,8440,-9325,-885,9773,-5235,4538,1880,-5533,-3653
2020-04-07T22:00:00Z,14.1,14.1,13.75,13.76,8440,-9325,-885,9773,-5235,4538,1880,-5533,-3653,NaN,NaN,NaN,NaN,NaN,8440,-9325,-885,9773,-5235,4538,1880,-5533,-3653
2020-04-08T22:00:00Z,13.76,13.78,13.55,13.56,8440,-9325,-885,9773,-5235,4538,1880,-5533,-3653,NaN,NaN,NaN,NaN,NaN,8440,-9325,-885,9773,-5235,4538,1880,-5533,-3653
2020-04-12T22:00:00Z,13.56,13.66,13.56,13.62,8440,-9325,-885,9773,-5235,4538,1880,-5533,-3653,NaN,NaN,NaN,NaN,NaN,8440,-9325,-885,9773,-5235,4538,1880,-5533,-3653
2020-04-13T22:00:00Z,13.6,13.66,13.58,13.64,9586,-11436,-1850,10875,-5237,5638,1930,-5718,-3788,NaN,NaN,NaN,NaN,NaN,9586,-11436,-1850,10875,-5237,5638,1930,-5718,-3788
2020-04-14T22:00:00Z,13.65,13.7,13.43,13.44,9586,-11436,-1850,10875,-5237,5638,1930,-5718,-3788,NaN,NaN,NaN,NaN,NaN,9586,-11436,-1850,10875,-5237,5638,1930,-5718,-3788
2020-04-15T22:00:00Z,13.41,13.44,13.39,13.4,9586,-11436,-1850,10875,-5237,5638,1930,-5718,-3788,NaN,NaN,NaN,NaN,NaN,9586,-11436,-1850,10875,-5237,5638,1930,-5718,-3788
2020-04-16T22:00:00Z,13.4,13.41,13.39,13.41,9586,-11436,-1850,10875,-5237,5638,1930,-5718,-3788,NaN,NaN,NaN,NaN,NaN,9586,-11436,-1850,10875,-5237,5638,1930,-5718,-3788
2020-04-19T22:00:00Z,13.43,13.43,13.39,13.43,9586,-11436,-1850,10875,-5237,5638,1930,-5718,-3788,NaN,NaN,NaN,NaN,NaN,9586,-11436,-1850,10875,-5237,5638,1930,-5718,-3788
2020-04-20T22:00:00Z,13.39,13.41,13.37,13.37,10564,-12333,-1769,11562,-5887,5675,1935,-5841,-3906,NaN,NaN,NaN,NaN,NaN,10564,-12333,-1769,11562,-5887,5675,1935,-5841,-3906
2020-04-21T22:00:00Z,13.36,13.43,13.18,13.2,10564,-12333,-1769,11562,-5887,5675,1935,-5841,-3906,NaN,NaN,NaN,NaN,NaN,10564,-12333,-1769,11562,-5887,5675,1935,-5841,-3906
2020-04-22T22:00:00Z,10.52,10.86,10.43,10.79,10564,-12333,-1769,11562,-5887,5675,1935,-5841,-3906,NaN,NaN,NaN,NaN,NaN,10564,-12333,-1769,11562,-5887,5675,1935,-5841,-3906
2020-04-23T22:00:00Z,10.84,10.99,10.73,10.82,10564,-12333,-1769,11562,-5887,5675,1935,-5841,-3906,NaN,NaN,NaN,NaN,NaN,10564,-12333,-1769,11562,-5887,5675,1935,-5841,-3906
2020-04-26T22:00:00Z,10.75,11.38,10.75,11.35,10564,-12333,-1769,11562,-5887,5675,1935,-5841,-3906,NaN,NaN,NaN,NaN,NaN,10564,-12333,-1769,11562,-5887,5675,1935,-5841,-3906
2020-04-27T22:00:00Z,11.27,11.78,11.12,11.25,11198,-12858,-1660,11887,-6391,5496,1826,-5662,-3836,NaN,NaN,NaN,NaN,NaN,11198,-12858,-1660,11887,-6391,5496,1826,-5662,-3836
2020-04-28T22:00:00Z,11.25,11.75,11.25,11.47,11198,-12858,-1660,11887,-6391,5496,1826,-5662,-3836,NaN,NaN,NaN,NaN,NaN,11198,-12858,-1660,11887,-6391,5496,1826,-5662,-3836
2020-04-29T22:00:00Z,11.41,11.59,11.33,11.38,11198,-12858,-1660,11887,-6391,5496,1826,-5662,-3836,NaN,NaN,NaN,NaN,NaN,11198,-12858,-1660,11887,-6391,5496,1826,-5662,-3836
2020-04-30T22:00:00Z,11.37,11.45,11.22,11.26,11198,-12858,-1660,11887,-6391,5496,1826,-5662,-3836,NaN,NaN,NaN,NaN,NaN,11198,-12858,-1660,11887,-6391,5496,1826,-5662,-3836
2020-05-03T22:00:00Z,11.26,11.58,11.21,11.58,11198,-12858,-1660,11887,-6391,5496,1826,-5662,-3836,NaN,NaN,NaN,NaN,NaN,11198,-12858,-1660,11887,-6391,5496,1826,-5662,-3836
2020-05-04T22:00:00Z,11.59,11.69,11.49,11.53,9753,-11601,-1848,10969,-5618,5351,1660,-5163,-3503,NaN,NaN,NaN,NaN,NaN,9753,-11601,-1848,10969,-5618,5351,1660,-5163,-3503
2020-05-05T22:00:00Z,11.51,11.58,11.43,11.51,9753,-11601,-1848,10969,-5618,5351,1660,-5163,-3503,NaN,NaN,NaN,NaN,NaN,9753,-11601,-1848,10969,-5618,5351,1660,-5163,-3503
2020-05-06T22:00:00Z,11.51,11.59,11.48,11.5,9753,-11601,-1848,10969,-5618,5351,1660,-5163,-3503,NaN,NaN,NaN,NaN,NaN,9753,-11601,-1848,10969,-5618,5351,1660,-5163,-3503
2020-05-07T22:00:00Z,11.49,11.56,11.49,11.55,9753,-11601,-1848,10969,-5618,5351,1660,-5163,-3503,NaN,NaN,NaN,NaN,NaN,9753,-11601,-1848,10969,-5618,5351,1660,-5163,-3503
2020-05-10T22:00:00Z,11.58,11.84,11.58,11.7,9753,-11601,-1848,10969,-5618,5351,1660,-5163,-3503,NaN,NaN,NaN,NaN,NaN,9753,-11601,-1848,10969,-5618,5351,1660,-5163,-3503
2020-05-11T22:00:00Z,11.73,11.77,11.64,11.76,9934,-11665,-1731,10811,-5707,5104,1689,-5062,-3373,NaN,NaN,NaN,NaN,NaN,9934,-11665,-1731,10811,-5707,5104,1689,-5062,-3373
2020-05-12T22:00:00Z,11.77,12.15,11.76,11.92,9934,-11665,-1731,10811,-5707,5104,1689,-5062,-3373,NaN,NaN,NaN,NaN,NaN,9934,-11665,-1731,10811,-5707,5104,1689,-5062,-3373
2020-05-13T22:00:00Z,11.91,12.58,11.9,12.54,9934,-11665,-1731,10811,-5707,5104,1689,-5062,-3373,NaN,NaN,NaN,NaN,NaN,9934,-11665,-1731,10811,-5707,5104,1689,-5062,-3373
2020-05-14T22:00:00Z,12.54,12.6,12.15,12.24,9934,-11665,-1731,10811,-5707,5104,1689,-5062,-3373,NaN,NaN,NaN,NaN,NaN,9934,-11665,-1731,10811,-5707,5104,1689,-5062,-3373
2020-05-17T22:00:00Z,12.25,12.29,12.2,12.27,9934,-11665,-1731,10811,-5707,5104,1689,-5062,-3373,NaN,NaN,NaN,NaN,NaN,9934,-11665,-1731,10811,-5707,5104,1689,-5062,-3373
2020-05-18T22:00:00Z,12.26,12.32,12.25,12.3,9756,-11939,-2183,10792,-5549,5243,1833,-4893,-3060,NaN,NaN,NaN,NaN,NaN,9756,-11939,-2183,10792,-5549,5243,1833,-4893,-3060
2020-05-19T22:00:00Z,12.3,12.35,12.16,12.23,9756,-11939,-2183,10792,-5549,5243,1833,-4893,-3060,NaN,NaN,NaN,NaN,NaN,9756,-11939,-2183,10792,-5549,5243,1833,-4893,-3060
2020-05-20T22:00:00Z,12.22,12.22,12.18,12.2,9756,-11939,-2183,10792,-5549,5243,1833,-4893,-3060,NaN,NaN,NaN,NaN,NaN,9756,-11939,-2183,10792,-5549,5243,1833,-4893,-3060
2020-05-21T22:00:00Z,12.2,12.22,12.17,12.18,9756,-11939,-2183,10792,-5549,5243,1833,-4893,-3060,NaN,NaN,NaN,NaN,NaN,9756,-11939,-2183,10792,-5549,5243,1833,-4893,-3060
2020-05-24T22:00:00Z,12.2,12.22,12.19,12.19,10081,-12360,-2279,10914,-5610,5304,2161,-5186,-3025,NaN,NaN,NaN,NaN,NaN,10081,-12360,-2279,10914,-5610,5304,2161,-5186,-3025
2020-05-26T22:00:00Z,12.21,12.24,12.19,12.21,10081,-12360,-2279,10914,-5610,5304,2161,-5186,-3025,NaN,NaN,NaN,NaN,NaN,10081,-12360,-2279,10914,-5610,5304,2161,-5186,-3025
2020-05-27T22:00:00Z,17.9,18.04,17.63,17.9,10081,-12360,-2279,10914,-5610,5304,2161,-5186,-3025,NaN,NaN,NaN,NaN,NaN,10081,-12360,-2279,10914,-5610,5304,2161,-5186,-3025
2020-05-28T22:00:00Z,17.9,18.6,17.9,18.45,10081,-12360,-2279,10914,-5610,5304,2161,-5186,-3025,NaN,NaN,NaN,NaN,NaN,10081,-12360,-2279,10914,-5610,5304,2161,-5186,-3025
2020-05-31T22:00:00Z,18.4,19.16,18.4,18.91,10081,-12360,-2279,10914,-5610,5304,2161,-5186,-3025,NaN,NaN,NaN,NaN,NaN,10081,-12360,-2279,10914,-5610,5304,2161,-5186,-3025
2020-06-01T22:00:00Z,19,19.7,18.94,19.57,10417,-13932,-3515,11374,-5205,6169,2552,-5206,-2654,NaN,NaN,NaN,NaN,NaN,10417,-13932,-3515,11374,-5205,6169,2552,-5206,-2654
2020-06-02T22:00:00Z,19.57,20,19.45,19.84,10417,-13932,-3515,11374,-5205,6169,2552,-5206,-2654,NaN,NaN,NaN,NaN,NaN,10417,-13932,-3515,11374,-5205,6169,2552,-5206,-2654
2020-06-03T22:00:00Z,19.89,20.27,19.83,20.14,10417,-13932,-3515,11374,-5205,6169,2552,-5206,-2654,NaN,NaN,NaN,NaN,NaN,10417,-13932,-3515,11374,-5205,6169,2552,-5206,-2654
2020-06-04T22:00:00Z,20.1,20.2,19.53,19.8,10417,-13932,-3515,11374,-5205,6169,2552,-5206,-2654,NaN,NaN,NaN,NaN,NaN,10417,-13932,-3515,11374,-5205,6169,2552,-5206,-2654
2020-06-07T22:00:00Z,19.8,20.2,19.77,20.18,10417,-13932,-3515,11374,-5205,6169,2552,-5206,-2654,NaN,NaN,NaN,NaN,NaN,10417,-13932,-3515,11374,-5205,6169,2552,-5206,-2654
2020-06-08T22:00:00Z,20.21,20.59,20.17,20.55,8238,-13081,-4843,11524,-3893,7631,2370,-5158,-2788,NaN,NaN,NaN,NaN,NaN,8238,-13081,-4843,11524,-3893,7631,2370,-5158,-2788
2020-06-09T22:00:00Z,20.67,20.75,20.15,20.41,8238,-13081,-4843,11524,-3893,7631,2370,-5158,-2788,NaN,NaN,NaN,NaN,NaN,8238,-13081,-4843,11524,-3893,7631,2370,-5158,-2788
2020-06-10T22:00:00Z,20.4,20.48,20.17,20.37,8238,-13081,-4843,11524,-3893,7631,2370,-5158,-2788,NaN,NaN,NaN,NaN,NaN,8238,-13081,-4843,11524,-3893,7631,2370,-5158,-2788
2020-06-11T22:00:00Z,20.4,20.5,20.22,20.42,8238,-13081,-4843,11524,-3893,7631,2370,-5158,-2788,NaN,NaN,NaN,NaN,NaN,8238,-13081,-4843,11524,-3893,7631,2370,-5158,-2788
2020-06-14T22:00:00Z,20.42,20.65,20.42,20.63,8238,-13081,-4843,11524,-3893,7631,2370,-5158,-2788,NaN,NaN,NaN,NaN,NaN,8238,-13081,-4843,11524,-3893,7631,2370,-5158,-2788
2020-06-15T22:00:00Z,20.6,20.69,20.58,20.64,8634,-13860,-5226,12090,-4003,8087,2517,-5378,-2861,NaN,NaN,NaN,NaN,NaN,8634,-13860,-5226,12090,-4003,8087,2517,-5378,-2861
2020-06-16T22:00:00Z,20.65,20.97,20.6,20.94,8634,-13860,-5226,12090,-4003,8087,2517,-5378,-2861,NaN,NaN,NaN,NaN,NaN,8634,-13860,-5226,12090,-4003,8087,2517,-5378,-2861
2020-06-17T22:00:00Z,20.95,21.05,20.92,20.95,8634,-13860,-5226,12090,-4003,8087,2517,-5378,-2861,NaN,NaN,NaN,NaN,NaN,8634,-13860,-5226,12090,-4003,8087,2517,-5378,-2861
2020-06-18T22:00:00Z,20.94,21.01,20.94,21,8634,-13860,-5226,12090,-4003,8087,2517,-5378,-2861,NaN,NaN,NaN,NaN,NaN,8634,-13860,-5226,12090,-4003,8087,2517,-5378,-2861
2020-06-21T22:00:00Z,20.98,21.01,20.94,21,8634,-13860,-5226,12090,-4003,8087,2517,-5378,-2861,NaN,NaN,NaN,NaN,NaN,8634,-13860,-5226,12090,-4003,8087,2517,-5378,-2861
2020-06-22T22:00:00Z,21,21.01,20.99,21.01,8724,-15728,-7004,13344,-4263,9081,3132,-5209,-2077,NaN,NaN,NaN,NaN,NaN,8724,-15728,-7004,13344,-4263,9081,3132,-5209,-2077
2020-06-23T22:00:00Z,21,21.02,20.9,20.92,8724,-15728,-7004,13344,-4263,9081,3132,-5209,-2077,NaN,NaN,NaN,NaN,NaN,8724,-15728,-7004,13344,-4263,9081,3132,-5209,-2077
2020-06-24T22:00:00Z,21.06,21.29,20.4,21.16,8724,-15728,-7004,13344,-4263,9081,3132,-5209,-2077,NaN,NaN,NaN,NaN,NaN,8724,-15728,-7004,13344,-4263,9081,3132,-5209,-2077
2020-06-25T22:00:00Z,21.19,21.71,21.15,21.53,8724,-15728,-7004,13344,-4263,9081,3132,-5209,-2077,NaN,NaN,NaN,NaN,NaN,8724,-15728,-7004,13344,-4263,9081,3132,-5209,-2077
2020-06-28T22:00:00Z,21.72,22.26,21.37,22.2,8724,-15728,-7004,13344,-4263,9081,3132,-5209,-2077,NaN,NaN,NaN,NaN,NaN,8724,-15728,-7004,13344,-4263,9081,3132,-5209,-2077
2020-06-29T22:00:00Z,22.25,22.76,22.17,22.42,8824,-16867,-8043,14807,-4969,9838,3242,-5037,-1795,NaN,NaN,NaN,NaN,NaN,8824,-16867,-8043,14807,-4969,9838,3242,-5037,-1795
2020-06-30T22:00:00Z,22.35,22.9,22.35,22.84,8824,-16867,-8043,14807,-4969,9838,3242,-5037,-1795,NaN,NaN,NaN,NaN,NaN,8824,-16867,-8043,14807,-4969,9838,3242,-5037,-1795
2020-07-01T22:00:00Z,22.71,23.17,22.71,22.97,8824,-16867,-8043,14807,-4969,9838,3242,-5037,-1795,NaN,NaN,NaN,NaN,NaN,8824,-16867,-8043,14807,-4969,9838,3242,-5037,-1795
2020-07-02T22:00:00Z,22.99,23.28,22.96,23.22,8824,-16867,-8043,14807,-4969,9838,3242,-5037,-1795,NaN,NaN,NaN,NaN,NaN,8824,-16867,-8043,14807,-4969,9838,3242,-5037,-1795
2020-07-06T22:00:00Z,23.31,23.46,23.13,23.42,6373,-14068,-7695,12997,-4197,8800,3565,-4670,-1105,NaN,NaN,NaN,NaN,NaN,6373,-14068,-7695,12997,-4197,8800,3565,-4670,-1105
2020-07-07T22:00:00Z,23.4,23.79,23.35,23.79,6373,-14068,-7695,12997,-4197,8800,3565,-4670,-1105,NaN,NaN,NaN,NaN,NaN,6373,-14068,-7695,12997,-4197,8800,3565,-4670,-1105
2020-07-08T22:00:00Z,23.86,24.18,23.75,24.18,6373,-14068,-7695,12997,-4197,8800,3565,-4670,-1105,NaN,NaN,NaN,NaN,NaN,6373,-14068,-7695,12997,-4197,8800,3565,-4670,-1105
2020-07-09T22:00:00Z,24.16,24.27,24.1,24.17,6373,-14068,-7695,12997,-4197,8800,3565,-4670,-1105,NaN,NaN,NaN,NaN,NaN,6373,-14068,-7695,12997,-4197,8800,3565,-4670,-1105
2020-07-12T22:00:00Z,24.18,24.37,24.13,24.31,6373,-14068,-7695,12997,-4197,8800,3565,-4670,-1105,NaN,NaN,NaN,NaN,NaN,6373,-14068,-7695,12997,-4197,8800,3565,-4670,-1105
2020-07-13T22:00:00Z,24.29,24.39,24.29,24.35,7497,-15285,-7788,13211,-4497,8714,3371,-4297,-926,NaN,NaN,NaN,NaN,NaN,7497,-15285,-7788,13211,-4497,8714,3371,-4297,-926
2020-07-14T22:00:00Z,24.38,24.38,24.27,24.32,7497,-15285,-7788,13211,-4497,8714,3371,-4297,-926,NaN,NaN,NaN,NaN,NaN,7497,-15285,-7788,13211,-4497,8714,3371,-4297,-926
2020-07-15T22:00:00Z,24.34,24.34,24.18,24.25,7497,-15285,-7788,13211,-4497,8714,3371,-4297,-926,NaN,NaN,NaN,NaN,NaN,7497,-15285,-7788,13211,-4497,8714,3371,-4297,-926
2020-07-16T22:00:00Z,24.23,24.28,24.21,24.28,7497,-15285,-7788,13211,-4497,8714,3371,-4297,-926,NaN,NaN,NaN,NaN,NaN,7497,-15285,-7788,13211,-4497,8714,3371,-4297,-926
2020-07-19T22:00:00Z,24.28,24.32,24.25,24.32,7497,-15285,-7788,13211,-4497,8714,3371,-4297,-926,NaN,NaN,NaN,NaN,NaN,7497,-15285,-7788,13211,-4497,8714,3371,-4297,-926
2020-07-20T22:00:00Z,24.32,24.32,24.3,24.32,7590,-16450,-8860,14624,-4650,9974,3501,-4615,-1114,NaN,NaN,NaN,NaN,NaN,7590,-16450,-8860,14624,-4650,9974,3501,-4615,-1114
2020-07-21T22:00:00Z,24.32,24.49,24.3,24.4,7590,-16450,-8860,14624,-4650,9974,3501,-4615,-1114,NaN,NaN,NaN,NaN,NaN,7590,-16450,-8860,14624,-4650,9974,3501,-4615,-1114
2020-07-22T22:00:00Z,24.41,24.42,24.38,24.41,7590,-16450,-8860,14624,-4650,9974,3501,-4615,-1114,NaN,NaN,NaN,NaN,NaN,7590,-16450,-8860,14624,-4650,9974,3501,-4615,-1114
2020-07-23T22:00:00Z,24.43,24.43,24.39,24.39,7590,-16450,-8860,14624,-4650,9974,3501,-4615,-1114,NaN,NaN,NaN,NaN,NaN,7590,-16450,-8860,14624,-4650,9974,3501,-4615,-1114
2020-07-26T22:00:00Z,24.39,24.42,24.39,24.41,7590,-16450,-8860,14624,-4650,9974,3501,-4615,-1114,NaN,NaN,NaN,NaN,NaN,7590,-16450,-8860,14624,-4650,9974,3501,-4615,-1114
2020-07-27T22:00:00Z,24.42,24.42,24.38,24.42,8109,-17096,-8987,15282,-4999,10283,3399,-4695,-1296,NaN,NaN,NaN,NaN,NaN,8109,-17096,-8987,15282,-4999,10283,3399,-4695,-1296
2020-07-28T22:00:00Z,24.39,24.5,24.37,24.49,8109,-17096,-8987,15282,-4999,10283,3399,-4695,-1296,NaN,NaN,NaN,NaN,NaN,8109,-17096,-8987,15282,-4999,10283,3399,-4695,-1296
2020-07-29T22:00:00Z,20.83,21.02,20.13,20.9,8109,-17096,-8987,15282,-4999,10283,3399,-4695,-1296,NaN,NaN,NaN,NaN,NaN,8109,-17096,-8987,15282,-4999,10283,3399,-4695,-1296
2020-07-30T22:00:00Z,20.9,21.05,20.73,21.03,8109,-17096,-8987,15282,-4999,10283,3399,-4695,-1296,NaN,NaN,NaN,NaN,NaN,8109,-17096,-8987,15282,-4999,10283,3399,-4695,-1296
2020-08-02T22:00:00Z,21.05,21.16,20.28,20.41,8109,-17096,-8987,15282,-4999,10283,3399,-4695,-1296,NaN,NaN,NaN,NaN,NaN,8109,-17096,-8987,15282,-4999,10283,3399,-4695,-1296
2020-08-03T22:00:00Z,20.38,20.4,19.12,19.27,8663,-17060,-8397,15608,-5895,9713,3436,-4752,-1316,NaN,NaN,NaN,NaN,NaN,8663,-17060,-8397,15608,-5895,9713,3436,-4752,-1316
2020-08-04T22:00:00Z,19.3,19.77,18.85,19.77,8663,-17060,-8397,15608,-5895,9713,3436,-4752,-1316,NaN,NaN,NaN,NaN,NaN,8663,-17060,-8397,15608,-5895,9713,3436,-4752,-1316
2020-08-05T22:00:00Z,19.74,19.86,19.47,19.84,8663,-17060,-8397,15608,-5895,9713,3436,-4752,-1316,NaN,NaN,NaN,NaN,NaN,8663,-17060,-8397,15608,-5895,9713,3436,-4752,-1316
2020-08-06T22:00:00Z,19.99,19.99,19.32,19.39,8663,-17060,-8397,15608,-5895,9713,3436,-4752,-1316,NaN,NaN,NaN,NaN,NaN,8663,-17060,-8397,15608,-5895,9713,3436,-4752,-1316
2020-08-09T22:00:00Z,19.32,19.7,19.3,19.38,8663,-17060,-8397,15608,-5895,9713,3436,-4752,-1316,NaN,NaN,NaN,NaN,NaN,8663,-17060,-8397,15608,-5895,9713,3436,-4752,-1316
2020-08-10T22:00:00Z,19.36,19.46,19.35,19.4,7364,-12596,-5232,10690,-4681,6009,3081,-3858,-777,NaN,NaN,NaN,NaN,NaN,7364,-12596,-5232,10690,-4681,6009,3081,-3858,-777
2020-08-11T22:00:00Z,19.38,19.69,19.34,19.69,7364,-12596,-5232,10690,-4681,6009,3081,-3858,-777,NaN,NaN,NaN,NaN,NaN,7364,-12596,-5232,10690,-4681,6009,3081,-3858,-777
2020-08-12T22:00:00Z,19.68,19.81,19.63,19.78,7364,-12596,-5232,10690,-4681,6009,3081,-3858,-777,NaN,NaN,NaN,NaN,NaN,7364,-12596,-5232,10690,-4681,6009,3081,-3858,-777
2020-08-13T22:00:00Z,19.8,19.93,19.76,19.89,7364,-12596,-5232,10690,-4681,6009,3081,-3858,-777,NaN,NaN,NaN,NaN,NaN,7364,-12596,-5232,10690,-4681,6009,3081,-3858,-777
2020-08-16T22:00:00Z,19.9,19.92,19.76,19.85,7364,-12596,-5232,10690,-4681,6009,3081,-3858,-777,NaN,NaN,NaN,NaN,NaN,7364,-12596,-5232,10690,-4681,6009,3081,-3858,-777
2020-08-17T22:00:00Z,19.85,19.87,19.83,19.84,7534,-12878,-5344,11428,-4547,6881,2783,-4320,-1537,NaN,NaN,NaN,NaN,NaN,7534,-12878,-5344,11428,-4547,6881,2783,-4320,-1537
2020-08-18T22:00:00Z,19.83,19.85,19.47,19.53,7534,-12878,-5344,11428,-4547,6881,2783,-4320,-1537,NaN,NaN,NaN,NaN,NaN,7534,-12878,-5344,11428,-4547,6881,2783,-4320,-1537
2020-08-19T22:00:00Z,19.52,19.6,19.52,19.6,7534,-12878,-5344,11428,-4547,6881,2783,-4320,-1537,NaN,NaN,NaN,NaN,NaN,7534,-12878,-5344,11428,-4547,6881,2783,-4320,-1537
2020-08-20T22:00:00Z,19.6,19.6,19.57,19.6,7534,-12878,-5344,11428,-4547,6881,2783,-4320,-1537,NaN,NaN,NaN,NaN,NaN,7534,-12878,-5344,11428,-4547,6881,2783,-4320,-1537
2020-08-23T22:00:00Z,19.58,19.66,19.58,19.66,7534,-12878,-5344,11428,-4547,6881,2783,-4320,-1537,NaN,NaN,NaN,NaN,NaN,7534,-12878,-5344,11428,-4547,6881,2783,-4320,-1537
2020-08-24T22:00:00Z,19.62,19.64,19.59,19.6,7743,-13290,-5547,12420,-5373,7047,2805,-4305,-1500,NaN,NaN,NaN,NaN,NaN,7743,-13290,-5547,12420,-5373,7047,2805,-4305,-1500
2020-08-25T22:00:00Z,19.6,19.74,19.58,19.73,7743,-13290,-5547,12420,-5373,7047,2805,-4305,-1500,NaN,NaN,NaN,NaN,NaN,7743,-13290,-5547,12420,-5373,7047,2805,-4305,-1500
2020-08-26T22:00:00Z,15.92,16.29,15.14,15.57,7743,-13290,-5547,12420,-5373,7047,2805,-4305,-1500,NaN,NaN,NaN,NaN,NaN,7743,-13290,-5547,12420,-5373,7047,2805,-4305,-1500
2020-08-27T22:00:00Z,15.51,15.79,15.38,15.7,7743,-13290,-5547,12420,-5373,7047,2805,-4305,-1500,NaN,NaN,NaN,NaN,NaN,7743,-13290,-5547,12420,-5373,7047,2805,-4305,-1500
2020-08-30T22:00:00Z,15.79,16,15.52,15.65,7743,-13290,-5547,12420,-5373,7047,2805,-4305,-1500,NaN,NaN,NaN,NaN,NaN,7743,-13290,-5547,12420,-5373,7047,2805,-4305,-1500
2020-08-31T22:00:00Z,15.7,15.98,15.61,15.85,8253,-13978,-5725,13049,-5487,7562,2677,-4514,-1837,NaN,NaN,NaN,NaN,NaN,8253,-13978,-5725,13049,-5487,7562,2677,-4514,-1837
2020-09-01T22:00:00Z,15.93,16.63,15.82,16.63,8253,-13978,-5725,13049,-5487,7562,2677,-4514,-1837,NaN,NaN,NaN,NaN,NaN,8253,-13978,-5725,13049,-5487,7562,2677,-4514,-1837
2020-09-02T22:00:00Z,16.93,17.24,16.75,16.77,8253,-13978,-5725,13049,-5487,7562,2677,-4514,-1837,NaN,NaN,NaN,NaN,NaN,8253,-13978,-5725,13049,-5487,7562,2677,-4514,-1837
2020-09-03T22:00:00Z,16.88,17.12,16.86,17.05,8253,-13978,-5725,13049,-5487,7562,2677,-4514,-1837,NaN,NaN,NaN,NaN,NaN,8253,-13978,-5725,13049,-5487,7562,2677,-4514,-1837
2020-09-06T22:00:00Z,17,17.27,16.8,16.81,6937,-10937,-4000,9386,-3524,5862,2445,-4307,-1862,NaN,NaN,NaN,NaN,NaN,6937,-10937,-4000,9386,-3524,5862,2445,-4307,-1862
2020-09-08T22:00:00Z,16.9,16.93,16.32,16.55,6937,-10937,-4000,9386,-3524,5862,2445,-4307,-1862,NaN,NaN,NaN,NaN,NaN,6937,-10937,-4000,9386,-3524,5862,2445,-4307,-1862
2020-09-09T22:00:00Z,16.61,16.7,16.39,16.47,6937,-10937,-4000,9386,-3524,5862,2445,-4307,-1862,NaN,NaN,NaN,NaN,NaN,6937,-10937,-4000,9386,-3524,5862,2445,-4307,-1862
2020-09-10T22:00:00Z,16.46,16.52,16.39,16.48,6937,-10937,-4000,9386,-3524,5862,2445,-4307,-1862,NaN,NaN,NaN,NaN,NaN,6937,-10937,-4000,9386,-3524,5862,2445,-4307,-1862
2020-09-13T22:00:00Z,16.49,16.65,16.38,16.43,6937,-10937,-4000,9386,-3524,5862,2445,-4307,-1862,NaN,NaN,NaN,NaN,NaN,6937,-10937,-4000,9386,-3524,5862,2445,-4307,-1862
2020-09-14T22:00:00Z,16.35,16.4,16.26,16.36,7023,-11403,-4380,9848,-3739,6109,2602,-4331,-1729,NaN,NaN,NaN,NaN,NaN,7023,-11403,-4380,9848,-3739,6109,2602,-4331,-1729
2020-09-15T22:00:00Z,16.33,16.34,16.1,16.23,7023,-11403,-4380,9848,-3739,6109,2602,-4331,-1729,NaN,NaN,NaN,NaN,NaN,7023,-11403,-4380,9848,-3739,6109,2602,-4331,-1729
2020-09-16T22:00:00Z,16.19,16.27,16.16,16.25,7023,-11403,-4380,9848,-3739,6109,2602,-4331,-1729,NaN,NaN,NaN,NaN,NaN,7023,-11403,-4380,9848,-3739,6109,2602,-4331,-1729
2020-09-17T22:00:00Z,16.25,16.29,16.25,16.29,7023,-11403,-4380,9848,-3739,6109,2602,-4331,-1729,NaN,NaN,NaN,NaN,NaN,7023,-11403,-4380,9848,-3739,6109,2602,-4331,-1729
2020-09-20T22:00:00Z,16.25,16.36,16.25,16.25,7023,-11403,-4380,9848,-3739,6109,2602,-4331,-1729,NaN,NaN,NaN,NaN,NaN,7023,-11403,-4380,9848,-3739,6109,2602,-4331,-1729
2020-09-21T22:00:00Z,16.25,16.31,16.24,16.27,7219,-12409,-5190,10171,-3502,6669,2960,-4439,-1479,NaN,NaN,NaN,NaN,NaN,7219,-12409,-5190,10171,-3502,6669,2960,-4439,-1479
2020-09-22T22:00:00Z,16.25,16.37,16.23,16.33,7219,-12409,-5190,10171,-3502,6669,2960,-4439,-1479,NaN,NaN,NaN,NaN,NaN,7219,-12409,-5190,10171,-3502,6669,2960,-4439,-1479
2020-09-23T22:00:00Z,18.55,18.55,17.72,18.21,7219,-12409,-5190,10171,-3502,6669,2960,-4439,-1479,NaN,NaN,NaN,NaN,NaN,7219,-12409,-5190,10171,-3502,6669,2960,-4439,-1479
2020-09-24T22:00:00Z,18.28,18.9,18.22,18.85,7219,-12409,-5190,10171,-3502,6669,2960,-4439,-1479,NaN,NaN,NaN,NaN,NaN,7219,-12409,-5190,10171,-3502,6669,2960,-4439,-1479
2020-09-27T22:00:00Z,18.91,19,18.57,18.85,7219,-12409,-5190,10171,-3502,6669,2960,-4439,-1479,NaN,NaN,NaN,NaN,NaN,7219,-12409,-5190,10171,-3502,6669,2960,-4439,-1479
2020-09-28T22:00:00Z,18.9,19.28,18.78,19.23,7289,-12913,-5624,10576,-3408,7168,2983,-4527,-1544,NaN,NaN,NaN,NaN,NaN,7289,-12913,-5624,10576,-3408,7168,2983,-4527,-1544
2020-09-29T22:00:00Z,19.26,19.63,19.24,19.57,7289,-12913,-5624,10576,-3408,7168,2983,-4527,-1544,NaN,NaN,NaN,NaN,NaN,7289,-12913,-5624,10576,-3408,7168,2983,-4527,-1544
2020-09-30T22:00:00Z,19.53,20.04,19.49,20.01,7289,-12913,-5624,10576,-3408,7168,2983,-4527,-1544,NaN,NaN,NaN,NaN,NaN,7289,-12913,-5624,10576,-3408,7168,2983,-4527,-1544
2020-10-01T22:00:00Z,20.05,20.27,19.84,20.13,7289,-12913,-5624,10576,-3408,7168,2983,-4527,-1544,NaN,NaN,NaN,NaN,NaN,7289,-12913,-5624,10576,-3408,7168,2983,-4527,-1544
2020-10-04T22:00:00Z,20.19,20.66,20.09,20.64,7289,-12913,-5624,10576,-3408,7168,2983,-4527,-1544,NaN,NaN,NaN,NaN,NaN,7289,-12913,-5624,10576,-3408,7168,2983,-4527,-1544
2020-10-05T22:00:00Z,20.56,20.72,20.36,20.5,6944,-11827,-4883,8454,-2462,5992,2977,-4086,-1109,NaN,NaN,NaN,NaN,NaN,6944,-11827,-4883,8454,-2462,5992,2977,-4086,-1109
2020-10-06T22:00:00Z,20.48,20.6,20.28,20.58,6944,-11827,-4883,8454,-2462,5992,2977,-4086,-1109,NaN,NaN,NaN,NaN,NaN,6944,-11827,-4883,8454,-2462,5992,2977,-4086,-1109
2020-10-07T22:00:00Z,20.57,20.66,20.39,20.65,6944,-11827,-4883,8454,-2462,5992,2977,-4086,-1109,NaN,NaN,NaN,NaN,NaN,6944,-11827,-4883,8454,-2462,5992,2977,-4086,-1109
2020-10-08T22:00:00Z,20.68,20.94,20.62,20.94,6944,-11827,-4883,8454,-2462,5992,2977,-4086,-1109,NaN,NaN,NaN,NaN,NaN,6944,-11827,-4883,8454,-2462,5992,2977,-4086,-1109
2020-10-11T22:00:00Z,20.93,21.18,20.9,21.17,6944,-11827,-4883,8454,-2462,5992,2977,-4086,-1109,NaN,NaN,NaN,NaN,NaN,6944,-11827,-4883,8454,-2462,5992,2977,-4086,-1109
2020-10-12T22:00:00Z,21.15,21.24,21.13,21.16,7770,-12443,-4673,9139,-3035,6104,3188,-4619,-1431,NaN,NaN,NaN,NaN,NaN,7770,-12443,-4673,9139,-3035,6104,3188,-4619,-1431
2020-10-13T22:00:00Z,21.23,21.33,21.13,21.33,7770,-12443,-4673,9139,-3035,6104,3188,-4619,-1431,NaN,NaN,NaN,NaN,NaN,7770,-12443,-4673,9139,-3035,6104,3188,-4619,-1431
2020-10-14T22:00:00Z,21.31,21.38,21.26,21.36,7770,-12443,-4673,9139,-3035,6104,3188,-4619,-1431,NaN,NaN,NaN,NaN,NaN,7770,-12443,-4673,9139,-3035,6104,3188,-4619,-1431
2020-10-15T22:00:00Z,21.39,21.41,21.33,21.36,7770,-12443,-4673,9139,-3035,6104,3188,-4619,-1431,NaN,NaN,NaN,NaN,NaN,7770,-12443,-4673,9139,-3035,6104,3188,-4619,-1431
2020-10-18T22:00:00Z,21.36,21.43,21.34,21.41,7770,-12443,-4673,9139,-3035,6104,3188,-4619,-1431,NaN,NaN,NaN,NaN,NaN,7770,-12443,-4673,9139,-3035,6104,3188,-4619,-1431
2020-10-19T22:00:00Z,21.44,21.46,21.42,21.46,8092,-13415,-5323,10718,-3257,7461,2927,-5065,-2138,NaN,NaN,NaN,NaN,NaN,8092,-13415,-5323,10718,-3257,7461,2927,-5065,-2138
2020-10-20T22:00:00Z,21.42,21.61,21.42,21.6,8092,-13415,-5323,10718,-3257,7461,2927,-5065,-2138,NaN,NaN,NaN,NaN,NaN,8092,-13415,-5323,10718,-3257,7461,2927,-5065,-2138
2020-10-21T22:00:00Z,21.6,21.63,21.58,21.62,8092,-13415,-5323,10718,-3257,7461,2927,-5065,-2138,NaN,NaN,NaN,NaN,NaN,8092,-13415,-5323,10718,-3257,7461,2927,-5065,-2138
2020-10-22T22:00:00Z,21.62,21.64,21.62,21.63,8092,-13415,-5323,10718,-3257,7461,2927,-5065,-2138,NaN,NaN,NaN,NaN,NaN,8092,-13415,-5323,10718,-3257,7461,2927,-5065,-2138
2020-10-25T22:00:00Z,21.61,21.64,21.61,21.63,8092,-13415,-5323,10718,-3257,7461,2927,-5065,-2138,NaN,NaN,NaN,NaN,NaN,8092,-13415,-5323,10718,-3257,7461,2927,-5065,-2138
2020-10-26T22:00:00Z,21.6,21.64,21.6,21.61,8335,-14726,-6391,11625,-2735,8890,2849,-5348,-2499,NaN,NaN,NaN,NaN,NaN,8335,-14726,-6391,11625,-2735,8890,2849,-5348,-2499
2020-10-27T22:00:00Z,21.64,21.65,21.55,21.57,8335,-14726,-6391,11625,-2735,8890,2849,-5348,-2499,NaN,NaN,NaN,NaN,NaN,8335,-14726,-6391,11625,-2735,8890,2849,-5348,-2499
2020-10-28T22:00:00Z,22.93,23.39,22.83,23.37,8335,-14726,-6391,11625,-2735,8890,2849,-5348,-2499,NaN,NaN,NaN,NaN,NaN,8335,-14726,-6391,11625,-2735,8890,2849,-5348,-2499
2020-10-29T22:00:00Z,23.28,23.98,23.08,23.86,8335,-14726,-6391,11625,-2735,8890,2849,-5348,-2499,NaN,NaN,NaN,NaN,NaN,8335,-14726,-6391,11625,-2735,8890,2849,-5348,-2499
2020-11-01T23:00:00Z,23.81,23.91,23.36,23.76,8335,-14726,-6391,11625,-2735,8890,2849,-5348,-2499,NaN,NaN,NaN,NaN,NaN,8335,-14726,-6391,11625,-2735,8890,2849,-5348,-2499
2020-11-02T23:00:00Z,23.66,24.09,23.4,23.82,8693,-15054,-6361,11980,-3429,8551,2806,-4996,-2190,NaN,NaN,NaN,NaN,NaN,8693,-15054,-6361,11980,-3429,8551,2806,-4996,-2190
2020-11-03T23:00:00Z,23.94,23.95,23.53,23.75,8693,-15054,-6361,11980,-3429,8551,2806,-4996,-2190,NaN,NaN,NaN,NaN,NaN,8693,-15054,-6361,11980,-3429,8551,2806,-4996,-2190
2020-11-04T23:00:00Z,23.7,23.73,23.47,23.54,8693,-15054,-6361,11980,-3429,8551,2806,-4996,-2190,NaN,NaN,NaN,NaN,NaN,8693,-15054,-6361,11980,-3429,8551,2806,-4996,-2190
2020-11-05T23:00:00Z,23.5,23.58,23.19,23.2,8693,-15054,-6361,11980,-3429,8551,2806,-4996,-2190,NaN,NaN,NaN,NaN,NaN,8693,-15054,-6361,11980,-3429,8551,2806,-4996,-2190
2020-11-08T23:00:00Z,23.19,23.54,23.15,23.48,8693,-15054,-6361,11980,-3429,8551,2806,-4996,-2190,NaN,NaN,NaN,NaN,NaN,8693,-15054,-6361,11980,-3429,8551,2806,-4996,-2190
2020-11-09T23:00:00Z,23.46,23.84,23.4,23.8,7203,-13017,-5814,11096,-3023,8073,2277,-4536,-2259,NaN,NaN,NaN,NaN,NaN,7203,-13017,-5814,11096,-3023,8073,2277,-4536,-2259
2020-11-10T23:00:00Z,23.83,23.84,23.43,23.48,7203,-13017,-5814,11096,-3023,8073,2277,-4536,-2259,NaN,NaN,NaN,NaN,NaN,7203,-13017,-5814,11096,-3023,8073,2277,-4536,-2259
2020-11-11T23:00:00Z,23.48,23.48,23.33,23.41,7203,-13017,-5814,11096,-3023,8073,2277,-4536,-2259,NaN,NaN,NaN,NaN,NaN,7203,-13017,-5814,11096,-3023,8073,2277,-4536,-2259
2020-11-12T23:00:00Z,23.44,23.44,23.1,23.13,7203,-13017,-5814,11096,-3023,8073,2277,-4536,-2259,NaN,NaN,NaN,NaN,NaN,7203,-13017,-5814,11096,-3023,8073,2277,-4536,-2259
2020-11-15T23:00:00Z,23.1,23.12,22.94,23,7203,-13017,-5814,11096,-3023,8073,2277,-4536,-2259,NaN,NaN,NaN,NaN,NaN,7203,-13017,-5814,11096,-3023,8073,2277,-4536,-2259
2020-11-16T23:00:00Z,22.97,23.07,22.97,23.07,7881,-14046,-6165,11953,-3202,8751,2357,-4943,-2586,NaN,NaN,NaN,NaN,NaN,7881,-14046,-6165,11953,-3202,8751,2357,-4943,-2586
2020-11-17T23:00:00Z,23.11,23.2,23.05,23.17,7881,-14046,-6165,11953,-3202,8751,2357,-4943,-2586,NaN,NaN,NaN,NaN,NaN,7881,-14046,-6165,11953,-3202,8751,2357,-4943,-2586
2020-11-18T23:00:00Z,23.1,23.15,23.1,23.12,7881,-14046,-6165,11953,-3202,8751,2357,-4943,-2586,NaN,NaN,NaN,NaN,NaN,7881,-14046,-6165,11953,-3202,8751,2357,-4943,-2586
2020-11-19T23:00:00Z,23.11,23.15,23.09,23.15,7881,-14046,-6165,11953,-3202,8751,2357,-4943,-2586,NaN,NaN,NaN,NaN,NaN,7881,-14046,-6165,11953,-3202,8751,2357,-4943,-2586
2020-11-22T23:00:00Z,23.12,23.14,23.12,23.14,7881,-14046,-6165,11953,-3202,8751,2357,-4943,-2586,NaN,NaN,NaN,NaN,NaN,7881,-14046,-6165,11953,-3202,8751,2357,-4943,-2586
2020-11-23T23:00:00Z,23.14,23.14,23.12,23.14,8397,-14842,-6445,11879,-2871,9008,2344,-4907,-2563,NaN,NaN,NaN,NaN,NaN,8397,-14842,-6445,11879,-2871,9008,2344,-4907,-2563
2020-11-24T23:00:00Z,15.51,15.57,15.28,15.34,8397,-14842,-6445,11879,-2871,9008,2344,-4907,-2563,NaN,NaN,NaN,NaN,NaN,8397,-14842,-6445,11879,-2871,9008,2344,-4907,-2563
2020-11-29T23:00:00Z,15.33,15.49,15.02,15.16,8397,-14842,-6445,11879,-2871,9008,2344,-4907,-2563,NaN,NaN,NaN,NaN,NaN,8397,-14842,-6445,11879,-2871,9008,2344,-4907,-2563
2020-11-30T23:00:00Z,15.16,15.29,15.11,15.25,8655,-15149,-6494,11668,-2646,9022,2474,-5002,-2528,NaN,NaN,NaN,NaN,NaN,8655,-15149,-6494,11668,-2646,9022,2474,-5002,-2528
2020-12-01T23:00:00Z,15.23,15.29,15.12,15.21,8655,-15149,-6494,11668,-2646,9022,2474,-5002,-2528,NaN,NaN,NaN,NaN,NaN,8655,-15149,-6494,11668,-2646,9022,2474,-5002,-2528
2020-12-02T23:00:00Z,15.14,15.5,15.14,15.5,8655,-15149,-6494,11668,-2646,9022,2474,-5002,-2528,NaN,NaN,NaN,NaN,NaN,8655,-15149,-6494,11668,-2646,9022,2474,-5002,-2528
2020-12-03T23:00:00Z,15.45,15.55,15.32,15.35,8655,-15149,-6494,11668,-2646,9022,2474,-5002,-2528,NaN,NaN,NaN,NaN,NaN,8655,-15149,-6494,11668,-2646,9022,2474,-5002,-2528
2020-12-06T23:00:00Z,15.35,15.4,15.19,15.39,8655,-15149,-6494,11668,-2646,9022,2474,-5002,-2528,NaN,NaN,NaN,NaN,NaN,8655,-15149,-6494,11668,-2646,9022,2474,-5002,-2528
2020-12-07T23:00:00Z,15.38,15.57,15.35,15.57,7104,-11669,-4565,8878,-2270,6608,2627,-4670,-2043,NaN,NaN,NaN,NaN,NaN,7104,-11669,-4565,8878,-2270,6608,2627,-4670,-2043
2020-12-08T23:00:00Z,15.59,15.72,15.43,15.7,7104,-11669,-4565,8878,-2270,6608,2627,-4670,-2043,NaN,NaN,NaN,NaN,NaN,7104,-11669,-4565,8878,-2270,6608,2627,-4670,-2043
2020-12-09T23:00:00Z,15.73,15.85,15.73,15.8,7104,-11669,-4565,8878,-2270,6608,2627,-4670,-2043,NaN,NaN,NaN,NaN,NaN,7104,-11669,-4565,8878,-2270,6608,2627,-4670,-2043
2020-12-10T23:00:00Z,15.79,15.94,15.77,15.82,7104,-11669,-4565,8878,-2270,6608,2627,-4670,-2043,NaN,NaN,NaN,NaN,NaN,7104,-11669,-4565,8878,-2270,6608,2627,-4670,-2043
2020-12-13T23:00:00Z,15.93,15.93,15.77,15.8,7104,-11669,-4565,8878,-2270,6608,2627,-4670,-2043,NaN,NaN,NaN,NaN,NaN,7104,-11669,-4565,8878,-2270,6608,2627,-4670,-2043
2020-12-14T23:00:00Z,15.78,15.86,15.78,15.79,7505,-12739,-5234,9502,-2182,7320,2646,-4732,-2086,NaN,NaN,NaN,NaN,NaN,7505,-12739,-5234,9502,-2182,7320,2646,-4732,-2086
2020-12-15T23:00:00Z,15.79,15.8,15.66,15.66,7505,-12739,-5234,9502,-2182,7320,2646,-4732,-2086,NaN,NaN,NaN,NaN,NaN,7505,-12739,-5234,9502,-2182,7320,2646,-4732,-2086
2020-12-16T23:00:00Z,15.65,15.67,15.61,15.61,7505,-12739,-5234,9502,-2182,7320,2646,-4732,-2086,NaN,NaN,NaN,NaN,NaN,7505,-12739,-5234,9502,-2182,7320,2646,-4732,-2086
2020-12-17T23:00:00Z,15.62,15.64,15.61,15.64,7505,-12739,-5234,9502,-2182,7320,2646,-4732,-2086,NaN,NaN,NaN,NaN,NaN,7505,-12739,-5234,9502,-2182,7320,2646,-4732,-2086
2020-12-20T23:00:00Z,15.65,15.7,15.61,15.7,7758,-13376,-5618,10414,-2538,7876,2557,-4815,-2258,NaN,NaN,NaN,NaN,NaN,7758,-13376,-5618,10414,-2538,7876,2557,-4815,-2258
2020-12-21T23:00:00Z,15.68,15.72,15.68,15.7,7758,-13376,-5618,10414,-2538,7876,2557,-4815,-2258,NaN,NaN,NaN,NaN,NaN,7758,-13376,-5618,10414,-2538,7876,2557,-4815,-2258
2020-12-22T23:00:00Z,15.68,15.73,15.65,15.71,7758,-13376,-5618,10414,-2538,7876,2557,-4815,-2258,NaN,NaN,NaN,NaN,NaN,7758,-13376,-5618,10414,-2538,7876,2557,-4815,-2258
2020-12-23T23:00:00Z,17.02,17.15,16.43,16.66,7758,-13376,-5618,10414,-2538,7876,2557,-4815,-2258,NaN,NaN,NaN,NaN,NaN,7758,-13376,-5618,10414,-2538,7876,2557,-4815,-2258
2020-12-27T23:00:00Z,16.58,16.98,16.4,16.48,7758,-13376,-5618,10414,-2538,7876,2557,-4815,-2258,NaN,NaN,NaN,NaN,NaN,7758,-13376,-5618,10414,-2538,7876,2557,-4815,-2258
2020-12-28T23:00:00Z,16.48,16.62,16.24,16.25,7585,-13615,-6030,11065,-2413,8652,2260,-4882,-2622,NaN,NaN,NaN,NaN,NaN,7585,-13615,-6030,11065,-2413,8652,2260,-4882,-2622
2020-12-29T23:00:00Z,16.26,16.34,15.93,16.01,7585,-13615,-6030,11065,-2413,8652,2260,-4882,-2622,NaN,NaN,NaN,NaN,NaN,7585,-13615,-6030,11065,-2413,8652,2260,-4882,-2622
2020-12-30T23:00:00Z,16,16,15.8,15.8,7585,-13615,-6030,11065,-2413,8652,2260,-4882,-2622,NaN,NaN,NaN,NaN,NaN,7585,-13615,-6030,11065,-2413,8652,2260,-4882,-2622
2021-01-03T23:00:00Z,15.81,16.16,15.39,15.51,7585,-13615,-6030,11065,-2413,8652,2260,-4882,-2622,NaN,NaN,NaN,NaN,NaN,7585,-13615,-6030,11065,-2413,8652,2260,-4882,-2622
2021-01-04T23:00:00Z,15.51,16.17,15.51,16.17,5693,-10442,-4749,9402,-2269,7133,2319,-4703,-2384,NaN,NaN,NaN,NaN,NaN,5693,-10442,-4749,9402,-2269,7133,2319,-4703,-2384
2021-01-05T23:00:00Z,16.4,16.8,16.4,16.61,5693,-10442,-4749,9402,-2269,7133,2319,-4703,-2384,NaN,NaN,NaN,NaN,NaN,5693,-10442,-4749,9402,-2269,7133,2319,-4703,-2384
2021-01-06T23:00:00Z,16.63,16.93,16.58,16.78,5693,-10442,-4749,9402,-2269,7133,2319,-4703,-2384,NaN,NaN,NaN,NaN,NaN,5693,-10442,-4749,9402,-2269,7133,2319,-4703,-2384
2021-01-07T23:00:00Z,16.71,16.81,16.64,16.66,5693,-10442,-4749,9402,-2269,7133,2319,-4703,-2384,NaN,NaN,NaN,NaN,NaN,5693,-10442,-4749,9402,-2269,7133,2319,-4703,-2384
2021-01-10T23:00:00Z,16.61,16.78,16.54,16.59,5693,-10442,-4749,9402,-2269,7133,2319,-4703,-2384,NaN,NaN,NaN,NaN,NaN,5693,-10442,-4749,9402,-2269,7133,2319,-4703,-2384
2021-01-11T23:00:00Z,16.53,16.54,16.29,16.39,6352,-11924,-5572,11050,-2639,8411,2266,-5105,-2839,NaN,NaN,NaN,NaN,NaN,6352,-11924,-5572,11050,-2639,8411,2266,-5105,-2839
2021-01-12T23:00:00Z,16.35,16.43,16.27,16.3,6352,-11924,-5572,11050,-2639,8411,2266,-5105,-2839,NaN,NaN,NaN,NaN,NaN,6352,-11924,-5572,11050,-2639,8411,2266,-5105,-2839
2021-01-13T23:00:00Z,16.26,16.31,16.22,16.29,6352,-11924,-5572,11050,-2639,8411,2266,-5105,-2839,NaN,NaN,NaN,NaN,NaN,6352,-11924,-5572,11050,-2639,8411,2266,-5105,-2839
2021-01-14T23:00:00Z,16.31,16.31,16.22,16.24,6352,-11924,-5572,11050,-2639,8411,2266,-5105,-2839,NaN,NaN,NaN,NaN,NaN,6352,-11924,-5572,11050,-2639,8411,2266,-5105,-2839
2021-01-17T22:00:00Z,16.28,16.28,16.22,16.22,6675,-12532,-5857,11516,-2861,8655,2486,-5284,-2798,NaN,NaN,NaN,NaN,NaN,6675,-12532,-5857,11516,-2861,8655,2486,-5284,-2798
2021-01-19T23:00:00Z,16.21,16.23,16.16,16.16,6675,-12532,-5857,11516,-2861,8655,2486,-5284,-2798,NaN,NaN,NaN,NaN,NaN,6675,-12532,-5857,11516,-2861,8655,2486,-5284,-2798
2021-01-20T23:00:00Z,16.19,16.35,16.13,16.18,6675,-12532,-5857,11516,-2861,8655,2486,-5284,-2798,NaN,NaN,NaN,NaN,NaN,6675,-12532,-5857,11516,-2861,8655,2486,-5284,-2798
2021-01-21T23:00:00Z,16.18,16.2,16.16,16.16,6675,-12532,-5857,11516,-2861,8655,2486,-5284,-2798,NaN,NaN,NaN,NaN,NaN,6675,-12532,-5857,11516,-2861,8655,2486,-5284,-2798
2021-01-24T23:00:00Z,16.18,16.18,16.13,16.13,6675,-12532,-5857,11516,-2861,8655,2486,-5284,-2798,NaN,NaN,NaN,NaN,NaN,6675,-12532,-5857,11516,-2861,8655,2486,-5284,-2798
2021-01-25T23:00:00Z,16.13,16.16,16.13,16.13,7339,-13297,-5958,12509,-2981,9528,2007,-5577,-3570,NaN,NaN,NaN,NaN,NaN,7339,-13297,-5958,12509,-2981,9528,2007,-5577,-3570
2021-01-26T23:00:00Z,16.14,16.15,16.13,16.15,7339,-13297,-5958,12509,-2981,9528,2007,-5577,-3570,NaN,NaN,NaN,NaN,NaN,7339,-13297,-5958,12509,-2981,9528,2007,-5577,-3570
2021-01-27T23:00:00Z,16.14,16.14,16.12,16.12,7339,-13297,-5958,12509,-2981,9528,2007,-5577,-3570,NaN,NaN,NaN,NaN,NaN,7339,-13297,-5958,12509,-2981,9528,2007,-5577,-3570
2021-01-28T23:00:00Z,15.6,15.6,15.33,15.39,7339,-13297,-5958,12509,-2981,9528,2007,-5577,-3570,NaN,NaN,NaN,NaN,NaN,7339,-13297,-5958,12509,-2981,9528,2007,-5577,-3570
2021-01-31T23:00:00Z,15.36,15.58,15.34,15.51,7339,-13297,-5958,12509,-2981,9528,2007,-5577,-3570,NaN,NaN,NaN,NaN,NaN,7339,-13297,-5958,12509,-2981,9528,2007,-5577,-3570
2021-02-01T23:00:00Z,15.5,15.8,15.5,15.8,8273,-13889,-5616,12090,-3170,8920,2022,-5326,-3304,NaN,NaN,NaN,NaN,NaN,8273,-13889,-5616,12090,-3170,8920,2022,-5326,-3304
2021-02-02T23:00:00Z,15.78,15.83,15.55,15.59,8273,-13889,-5616,12090,-3170,8920,2022,-5326,-3304,NaN,NaN,NaN,NaN,NaN,8273,-13889,-5616,12090,-3170,8920,2022,-5326,-3304
2021-02-03T23:00:00Z,15.56,15.59,15.49,15.58,8273,-13889,-5616,12090,-3170,8920,2022,-5326,-3304,NaN,NaN,NaN,NaN,NaN,8273,-13889,-5616,12090,-3170,8920,2022,-5326,-3304
2021-02-04T23:00:00Z,15.55,15.71,15.54,15.6,8273,-13889,-5616,12090,-3170,8920,2022,-5326,-3304,NaN,NaN,NaN,NaN,NaN,8273,-13889,-5616,12090,-3170,8920,2022,-5326,-3304
2021-02-07T23:00:00Z,15.6,15.73,15.52,15.59,8273,-13889,-5616,12090,-3170,8920,2022,-5326,-3304,NaN,NaN,NaN,NaN,NaN,8273,-13889,-5616,12090,-3170,8920,2022,-5326,-3304
2021-02-08T23:00:00Z,15.52,15.59,15.44,15.49,7533,-12100,-4567,10743,-3280,7463,1872,-4768,-2896,NaN,NaN,NaN,NaN,NaN,7533,-12100,-4567,10743,-3280,7463,1872,-4768,-2896
2021-02-09T23:00:00Z,15.49,15.57,15.45,15.56,7533,-12100,-4567,10743,-3280,7463,1872,-4768,-2896,NaN,NaN,NaN,NaN,NaN,7533,-12100,-4567,10743,-3280,7463,1872,-4768,-2896
2021-02-10T23:00:00Z,15.53,15.66,15.53,15.65,7533,-12100,-4567,10743,-3280,7463,1872,-4768,-2896,NaN,NaN,NaN,NaN,NaN,7533,-12100,-4567,10743,-3280,7463,1872,-4768,-2896
2021-02-11T23:00:00Z,15.65,15.65,15.63,15.63,7533,-12100,-4567,10743,-3280,7463,1872,-4768,-2896,NaN,NaN,NaN,NaN,NaN,7533,-12100,-4567,10743,-3280,7463,1872,-4768,-2896
2021-02-14T22:00:00Z,15.63,15.66,15.61,15.62,7846,-12663,-4817,11154,-3548,7606,2079,-4868,-2789,NaN,NaN,NaN,NaN,NaN,7846,-12663,-4817,11154,-3548,7606,2079,-4868,-2789
2021-02-16T23:00:00Z,15.65,15.65,15.63,15.63,7846,-12663,-4817,11154,-3548,7606,2079,-4868,-2789,NaN,NaN,NaN,NaN,NaN,7846,-12663,-4817,11154,-3548,7606,2079,-4868,-2789
2021-02-17T23:00:00Z,15.61,15.65,15.61,15.62,7846,-12663,-4817,11154,-3548,7606,2079,-4868,-2789,NaN,NaN,NaN,NaN,NaN,7846,-12663,-4817,11154,-3548,7606,2079,-4868,-2789
2021-02-18T23:00:00Z,15.61,15.63,15.61,15.62,7846,-12663,-4817,11154,-3548,7606,2079,-4868,-2789,NaN,NaN,NaN,NaN,NaN,7846,-12663,-4817,11154,-3548,7606,2079,-4868,-2789
2021-02-21T23:00:00Z,15.61,15.64,15.61,15.61,7846,-12663,-4817,11154,-3548,7606,2079,-4868,-2789,NaN,NaN,NaN,NaN,NaN,7846,-12663,-4817,11154,-3548,7606,2079,-4868,-2789
2021-02-22T23:00:00Z,15.63,15.64,15.61,15.64,8213,-13247,-5034,11595,-3368,8227,2154,-5347,-3193,NaN,NaN,NaN,NaN,NaN,8213,-13247,-5034,11595,-3368,8227,2154,-5347,-3193
2021-02-23T23:00:00Z,15.63,15.66,15.59,15.65,8213,-13247,-5034,11595,-3368,8227,2154,-5347,-3193,NaN,NaN,NaN,NaN,NaN,8213,-13247,-5034,11595,-3368,8227,2154,-5347,-3193
2021-02-24T23:00:00Z,15.65,15.65,15.63,15.65,8213,-13247,-5034,11595,-3368,8227,2154,-5347,-3193,NaN,NaN,NaN,NaN,NaN,8213,-13247,-5034,11595,-3368,8227,2154,-5347,-3193
2021-02-25T23:00:00Z,16.56,16.56,16.08,16.28,8213,-13247,-5034,11595,-3368,8227,2154,-5347,-3193,NaN,NaN,NaN,NaN,NaN,8213,-13247,-5034,11595,-3368,8227,2154,-5347,-3193
2021-02-28T23:00:00Z,16.29,16.3,16,16.2,8213,-13247,-5034,11595,-3368,8227,2154,-5347,-3193,NaN,NaN,NaN,NaN,NaN,8213,-13247,-5034,11595,-3368,8227,2154,-5347,-3193
2021-03-01T23:00:00Z,16.15,16.37,16.15,16.3,9071,-13847,-4776,11472,-3317,8155,2183,-5562,-3379,NaN,NaN,NaN,NaN,NaN,9071,-13847,-4776,11472,-3317,8155,2183,-5562,-3379
2021-03-02T23:00:00Z,16.27,16.52,16.18,16.4,9071,-13847,-4776,11472,-3317,8155,2183,-5562,-3379,NaN,NaN,NaN,NaN,NaN,9071,-13847,-4776,11472,-3317,8155,2183,-5562,-3379
2021-03-03T23:00:00Z,16.25,16.35,16.11,16.15,9071,-13847,-4776,11472,-3317,8155,2183,-5562,-3379,NaN,NaN,NaN,NaN,NaN,9071,-13847,-4776,11472,-3317,8155,2183,-5562,-3379
2021-03-04T23:00:00Z,16.25,16.34,16.15,16.28,9071,-13847,-4776,11472,-3317,8155,2183,-5562,-3379,NaN,NaN,NaN,NaN,NaN,9071,-13847,-4776,11472,-3317,8155,2183,-5562,-3379
2021-03-07T23:00:00Z,16.35,16.39,16.29,16.3,9071,-13847,-4776,11472,-3317,8155,2183,-5562,-3379,NaN,NaN,NaN,NaN,NaN,9071,-13847,-4776,11472,-3317,8155,2183,-5562,-3379
2021-03-08T23:00:00Z,16.32,16.45,16.32,16.36,8250,-12596,-4346,10887,-2962,7925,2054,-5633,-3579,NaN,NaN,NaN,NaN,NaN,8250,-12596,-4346,10887,-2962,7925,2054,-5633,-3579
2021-03-09T23:00:00Z,16.36,16.4,16.25,16.28,8250,-12596,-4346,10887,-2962,7925,2054,-5633,-3579,NaN,NaN,NaN,NaN,NaN,8250,-12596,-4346,10887,-2962,7925,2054,-5633,-3579
2021-03-10T23:00:00Z,16.27,16.37,16.25,16.35,8250,-12596,-4346,10887,-2962,7925,2054,-5633,-3579,NaN,NaN,NaN,NaN,NaN,8250,-12596,-4346,10887,-2962,7925,2054,-5633,-3579
2021-03-11T23:00:00Z,16.38,16.38,16.33,16.36,8250,-12596,-4346,10887,-2962,7925,2054,-5633,-3579,NaN,NaN,NaN,NaN,NaN,8250,-12596,-4346,10887,-2962,7925,2054,-5633,-3579
2021-03-14T22:00:00Z,16.37,16.37,16.34,16.35,8250,-12596,-4346,10887,-2962,7925,2054,-5633,-3579,NaN,NaN,NaN,NaN,NaN,8250,-12596,-4346,10887,-2962,7925,2054,-5633,-3579
2021-03-15T22:00:00Z,16.33,16.36,16.33,16.36,8541,-13338,-4797,11683,-3136,8547,2233,-5983,-3750,NaN,NaN,NaN,NaN,NaN,8541,-13338,-4797,11683,-3136,8547,2233,-5983,-3750
2021-03-16T22:00:00Z,16.34,16.37,16.24,16.25,8541,-13338,-4797,11683,-3136,8547,2233,-5983,-3750,NaN,NaN,NaN,NaN,NaN,8541,-13338,-4797,11683,-3136,8547,2233,-5983,-3750
2021-03-17T22:00:00Z,16.25,16.26,16.25,16.26,8541,-13338,-4797,11683,-3136,8547,2233,-5983,-3750,NaN,NaN,NaN,NaN,NaN,8541,-13338,-4797,11683,-3136,8547,2233,-5983,-3750
2021-03-18T22:00:00Z,16.26,16.26,16.25,16.25,8541,-13338,-4797,11683,-3136,8547,2233,-5983,-3750,NaN,NaN,NaN,NaN,NaN,8541,-13338,-4797,11683,-3136,8547,2233,-5983,-3750
2021-03-21T22:00:00Z,16.25,16.26,16.24,16.24,8541,-13338,-4797,11683,-3136,8547,2233,-5983,-3750,NaN,NaN,NaN,NaN,NaN,8541,-13338,-4797,11683,-3136,8547,2233,-5983,-3750
2021-03-22T22:00:00Z,16.24,16.25,16.24,16.24,9346,-14361,-5015,12595,-3087,9508,2179,-6672,-4493,NaN,NaN,NaN,NaN,NaN,9346,-14361,-5015,12595,-3087,9508,2179,-6672,-4493
2021-03-23T22:00:00Z,16.24,16.26,16.2,16.21,9346,-14361,-5015,12595,-3087,9508,2179,-6672,-4493,NaN,NaN,NaN,NaN,NaN,9346,-14361,-5015,12595,-3087,9508,2179,-6672,-4493
2021-03-24T22:00:00Z,16.19,16.2,16.19,16.19,9346,-14361,-5015,12595,-3087,9508,2179,-6672,-4493,NaN,NaN,NaN,NaN,NaN,9346,-14361,-5015,12595,-3087,9508,2179,-6672,-4493
2021-03-25T22:00:00Z,16.85,17.11,16.85,17.06,9346,-14361,-5015,12595,-3087,9508,2179,-6672,-4493,NaN,NaN,NaN,NaN,NaN,9346,-14361,-5015,12595,-3087,9508,2179,-6672,-4493
2021-03-28T22:00:00Z,17.08,17.29,17.06,17.14,9346,-14361,-5015,12595,-3087,9508,2179,-6672,-4493,NaN,NaN,NaN,NaN,NaN,9346,-14361,-5015,12595,-3087,9508,2179,-6672,-4493
2021-03-29T22:00:00Z,17.24,17.35,17.13,17.13,9857,-14504,-4647,12666,-3299,9367,2188,-6908,-4720,NaN,NaN,NaN,NaN,NaN,9857,-14504,-4647,12666,-3299,9367,2188,-6908,-4720
2021-03-30T22:00:00Z,17.17,17.92,17.17,17.61,9857,-14504,-4647,12666,-3299,9367,2188,-6908,-4720,NaN,NaN,NaN,NaN,NaN,9857,-14504,-4647,12666,-3299,9367,2188,-6908,-4720
2021-03-31T22:00:00Z,17.6,17.65,17.41,17.51,9857,-14504,-4647,12666,-3299,9367,2188,-6908,-4720,NaN,NaN,NaN,NaN,NaN,9857,-14504,-4647,12666,-3299,9367,2188,-6908,-4720
2021-04-04T22:00:00Z,17.54,17.65,17.52,17.6,9857,-14504,-4647,12666,-3299,9367,2188,-6908,-4720,NaN,NaN,NaN,NaN,NaN,9857,-14504,-4647,12666,-3299,9367,2188,-6908,-4720
2021-04-05T22:00:00Z,17.61,17.63,17.35,17.44,8348,-12752,-4404,11994,-2884,9110,1787,-6493,-4706,NaN,NaN,NaN,NaN,NaN,8348,-12752,-4404,11994,-2884,9110,1787,-6493,-4706
2021-04-06T22:00:00Z,17.43,17.59,17.43,17.5,8348,-12752,-4404,11994,-2884,9110,1787,-6493,-4706,NaN,NaN,NaN,NaN,NaN,8348,-12752,-4404,11994,-2884,9110,1787,-6493,-4706
2021-04-07T22:00:00Z,17.48,17.66,17.48,17.62,8348,-12752,-4404,11994,-2884,9110,1787,-6493,-4706,NaN,NaN,NaN,NaN,NaN,8348,-12752,-4404,11994,-2884,9110,1787,-6493,-4706
2021-04-08T22:00:00Z,17.56,17.68,17.56,17.65,8348,-12752,-4404,11994,-2884,9110,1787,-6493,-4706,NaN,NaN,NaN,NaN,NaN,8348,-12752,-4404,11994,-2884,9110,1787,-6493,-4706
2021-04-11T22:00:00Z,17.62,17.9,17.62,17.88,8348,-12752,-4404,11994,-2884,9110,1787,-6493,-4706,NaN,NaN,NaN,NaN,NaN,8348,-12752,-4404,11994,-2884,9110,1787,-6493,-4706
2021-04-12T22:00:00Z,17.87,17.87,17.6,17.62,9408,-15359,-5951,13257,-3020,10237,2025,-6311,-4286,NaN,NaN,NaN,NaN,NaN,9408,-15359,-5951,13257,-3020,10237,2025,-6311,-4286
2021-04-13T22:00:00Z,17.6,17.6,17.42,17.59,9408,-15359,-5951,13257,-3020,10237,2025,-6311,-4286,NaN,NaN,NaN,NaN,NaN,9408,-15359,-5951,13257,-3020,10237,2025,-6311,-4286
2021-04-14T22:00:00Z,17.59,17.59,17.54,17.56,9408,-15359,-5951,13257,-3020,10237,2025,-6311,-4286,NaN,NaN,NaN,NaN,NaN,9408,-15359,-5951,13257,-3020,10237,2025,-6311,-4286
2021-04-15T22:00:00Z,17.56,17.64,17.56,17.64,9408,-15359,-5951,13257,-3020,10237,2025,-6311,-4286,NaN,NaN,NaN,NaN,NaN,9408,-15359,-5951,13257,-3020,10237,2025,-6311,-4286
2021-04-18T22:00:00Z,17.68,17.72,17.66,17.67,9408,-15359,-5951,13257,-3020,10237,2025,-6311,-4286,NaN,NaN,NaN,NaN,NaN,9408,-15359,-5951,13257,-3020,10237,2025,-6311,-4286
2021-04-19T22:00:00Z,17.69,17.72,17.67,17.68,9610,-15964,-6354,13862,-2957,10905,2010,-6561,-4551,NaN,NaN,NaN,NaN,NaN,9610,-15964,-6354,13862,-2957,10905,2010,-6561,-4551
2021-04-20T22:00:00Z,17.71,17.72,17.65,17.68,9610,-15964,-6354,13862,-2957,10905,2010,-6561,-4551,NaN,NaN,NaN,NaN,NaN,9610,-15964,-6354,13862,-2957,10905,2010,-6561,-4551
2021-04-21T22:00:00Z,17.68,17.68,17.65,17.65,9610,-15964,-6354,13862,-2957,10905,2010,-6561,-4551,NaN,NaN,NaN,NaN,NaN,9610,-15964,-6354,13862,-2957,10905,2010,-6561,-4551
2021-04-22T22:00:00Z,17.66,17.66,17.64,17.64,9610,-15964,-6354,13862,-2957,10905,2010,-6561,-4551,NaN,NaN,NaN,NaN,NaN,9610,-15964,-6354,13862,-2957,10905,2010,-6561,-4551
2021-04-25T22:00:00Z,17.64,17.66,17.64,17.66,9610,-15964,-6354,13862,-2957,10905,2010,-6561,-4551,NaN,NaN,NaN,NaN,NaN,9610,-15964,-6354,13862,-2957,10905,2010,-6561,-4551
2021-04-26T22:00:00Z,17.66,17.67,17.64,17.64,9883,-16405,-6522,14242,-3078,11164,2117,-6759,-4642,NaN,NaN,NaN,NaN,NaN,9883,-16405,-6522,14242,-3078,11164,2117,-6759,-4642
2021-04-27T22:00:00Z,17.64,17.65,17.62,17.63,9883,-16405,-6522,14242,-3078,11164,2117,-6759,-4642,NaN,NaN,NaN,NaN,NaN,9883,-16405,-6522,14242,-3078,11164,2117,-6759,-4642
2021-04-28T22:00:00Z,17.63,17.64,17.63,17.63,9883,-16405,-6522,14242,-3078,11164,2117,-6759,-4642,NaN,NaN,NaN,NaN,NaN,9883,-16405,-6522,14242,-3078,11164,2117,-6759,-4642
2021-04-29T22:00:00Z,19.14,19.31,19.09,19.2,9883,-16405,-6522,14242,-3078,11164,2117,-6759,-4642,NaN,NaN,NaN,NaN,NaN,9883,-16405,-6522,14242,-3078,11164,2117,-6759,-4642
2021-05-02T22:00:00Z,19.18,19.35,18.95,18.95,9883,-16405,-6522,14242,-3078,11164,2117,-6759,-4642,NaN,NaN,NaN,NaN,NaN,9883,-16405,-6522,14242,-3078,11164,2117,-6759,-4642
2021-05-03T22:00:00Z,19.04,19.07,18.87,19.02,9987,-16841,-6854,14837,-3213,11624,2120,-6890,-4770,NaN,NaN,NaN,NaN,NaN,9987,-16841,-6854,14837,-3213,11624,2120,-6890,-4770
2021-05-04T22:00:00Z,19.02,19.2,18.98,19.11,9987,-16841,-6854,14837,-3213,11624,2120,-6890,-4770,NaN,NaN,NaN,NaN,NaN,9987,-16841,-6854,14837,-3213,11624,2120,-6890,-4770
2021-05-05T22:00:00Z,19.15,19.17,18.87,18.9,9987,-16841,-6854,14837,-3213,11624,2120,-6890,-4770,NaN,NaN,NaN,NaN,NaN,9987,-16841,-6854,14837,-3213,11624,2120,-6890,-4770
2021-05-06T22:00:00Z,18.85,18.92,18.71,18.8,9987,-16841,-6854,14837,-3213,11624,2120,-6890,-4770,NaN,NaN,NaN,NaN,NaN,9987,-16841,-6854,14837,-3213,11624,2120,-6890,-4770
2021-05-09T22:00:00Z,18.89,18.96,18.83,18.83,9987,-16841,-6854,14837,-3213,11624,2120,-6890,-4770,NaN,NaN,NaN,NaN,NaN,9987,-16841,-6854,14837,-3213,11624,2120,-6890,-4770
2021-05-10T22:00:00Z,18.9,19,18.82,19,9145,-14923,-5778,13617,-3060,10557,1819,-6598,-4779,NaN,NaN,NaN,NaN,NaN,9145,-14923,-5778,13617,-3060,10557,1819,-6598,-4779
2021-05-11T22:00:00Z,18.96,19.17,18.93,19.08,9145,-14923,-5778,13617,-3060,10557,1819,-6598,-4779,NaN,NaN,NaN,NaN,NaN,9145,-14923,-5778,13617,-3060,10557,1819,-6598,-4779
2021-05-12T22:00:00Z,19.05,19.1,18.94,18.94,9145,-14923,-5778,13617,-3060,10557,1819,-6598,-4779,NaN,NaN,NaN,NaN,NaN,9145,-14923,-5778,13617,-3060,10557,1819,-6598,-4779
2021-05-13T22:00:00Z,18.98,18.99,18.87,18.87,9145,-14923,-5778,13617,-3060,10557,1819,-6598,-4779,NaN,NaN,NaN,NaN,NaN,9145,-14923,-5778,13617,-3060,10557,1819,-6598,-4779
2021-05-16T22:00:00Z,18.87,18.88,18.82,18.84,9145,-14923,-5778,13617,-3060,10557,1819,-6598,-4779,NaN,NaN,NaN,NaN,NaN,9145,-14923,-5778,13617,-3060,10557,1819,-6598,-4779
2021-05-17T22:00:00Z,18.85,18.9,18.85,18.88,9267,-15523,-6256,14229,-3321,10908,1975,-6627,-4652,NaN,NaN,NaN,NaN,NaN,9267,-15523,-6256,14229,-3321,10908,1975,-6627,-4652
2021-05-18T22:00:00Z,18.89,18.97,18.86,18.96,9267,-15523,-6256,14229,-3321,10908,1975,-6627,-4652,NaN,NaN,NaN,NaN,NaN,9267,-15523,-6256,14229,-3321,10908,1975,-6627,-4652
2021-05-19T22:00:00Z,18.97,18.99,18.95,18.96,9267,-15523,-6256,14229,-3321,10908,1975,-6627,-4652,NaN,NaN,NaN,NaN,NaN,9267,-15523,-6256,14229,-3321,10908,1975,-6627,-4652
2021-05-20T22:00:00Z,18.96,18.97,18.94,18.97,9267,-15523,-6256,14229,-3321,10908,1975,-6627,-4652,NaN,NaN,NaN,NaN,NaN,9267,-15523,-6256,14229,-3321,10908,1975,-6627,-4652
2021-05-23T22:00:00Z,18.95,18.95,18.94,18.94,9267,-15523,-6256,14229,-3321,10908,1975,-6627,-4652,NaN,NaN,NaN,NaN,NaN,9267,-15523,-6256,14229,-3321,10908,1975,-6627,-4652
2021-05-24T22:00:00Z,18.96,18.96,18.94,18.96,9904,-16512,-6608,14725,-3653,11072,2010,-6474,-4464,NaN,NaN,NaN,NaN,NaN,9904,-16512,-6608,14725,-3653,11072,2010,-6474,-4464
2021-05-25T22:00:00Z,18.95,18.98,18.92,18.98,9904,-16512,-6608,14725,-3653,11072,2010,-6474,-4464,NaN,NaN,NaN,NaN,NaN,9904,-16512,-6608,14725,-3653,11072,2010,-6474,-4464
2021-05-26T22:00:00Z,18.96,18.97,18.95,18.97,9904,-16512,-6608,14725,-3653,11072,2010,-6474,-4464,NaN,NaN,NaN,NaN,NaN,9904,-16512,-6608,14725,-3653,11072,2010,-6474,-4464
2021-05-27T22:00:00Z,17.65,17.65,17.23,17.28,9904,-16512,-6608,14725,-3653,11072,2010,-6474,-4464,NaN,NaN,NaN,NaN,NaN,9904,-16512,-6608,14725,-3653,11072,2010,-6474,-4464
2021-05-30T22:00:00Z,17.29,17.44,17.23,17.32,10662,-16749,-6087,14708,-4111,10597,2211,-6721,-4510,NaN,NaN,NaN,NaN,NaN,10662,-16749,-6087,14708,-4111,10597,2211,-6721,-4510
2021-06-01T22:00:00Z,17.29,17.47,17.26,17.31,10662,-16749,-6087,14708,-4111,10597,2211,-6721,-4510,NaN,NaN,NaN,NaN,NaN,10662,-16749,-6087,14708,-4111,10597,2211,-6721,-4510
2021-06-02T22:00:00Z,17.32,17.38,17.29,17.34,10662,-16749,-6087,14708,-4111,10597,2211,-6721,-4510,NaN,NaN,NaN,NaN,NaN,10662,-16749,-6087,14708,-4111,10597,2211,-6721,-4510
2021-06-03T22:00:00Z,17.34,17.37,17.27,17.31,10662,-16749,-6087,14708,-4111,10597,2211,-6721,-4510,NaN,NaN,NaN,NaN,NaN,10662,-16749,-6087,14708,-4111,10597,2211,-6721,-4510
2021-06-06T22:00:00Z,17.3,17.32,17.12,17.12,10662,-16749,-6087,14708,-4111,10597,2211,-6721,-4510,NaN,NaN,NaN,NaN,NaN,10662,-16749,-6087,14708,-4111,10597,2211,-6721,-4510
2021-06-07T22:00:00Z,17.11,17.13,17.01,17.04,9272,-14266,-4994,12426,-3426,9000,1902,-5908,-4006,NaN,NaN,NaN,NaN,NaN,9272,-14266,-4994,12426,-3426,9000,1902,-5908,-4006
2021-06-08T22:00:00Z,17.07,17.19,17.05,17.19,9272,-14266,-4994,12426,-3426,9000,1902,-5908,-4006,NaN,NaN,NaN,NaN,NaN,9272,-14266,-4994,12426,-3426,9000,1902,-5908,-4006
2021-06-09T22:00:00Z,17.19,17.25,17.17,17.2,9272,-14266,-4994,12426,-3426,9000,1902,-5908,-4006,NaN,NaN,NaN,NaN,NaN,9272,-14266,-4994,12426,-3426,9000,1902,-5908,-4006
2021-06-10T22:00:00Z,17.21,17.26,17.18,17.24,9272,-14266,-4994,12426,-3426,9000,1902,-5908,-4006,NaN,NaN,NaN,NaN,NaN,9272,-14266,-4994,12426,-3426,9000,1902,-5908,-4006
2021-06-13T22:00:00Z,17.26,17.29,17.24,17.27,9272,-14266,-4994,12426,-3426,9000,1902,-5908,-4006,NaN,NaN,NaN,NaN,NaN,9272,-14266,-4994,12426,-3426,9000,1902,-5908,-4006
2021-06-14T22:00:00Z,17.24,17.29,17.22,17.25,9818,-14354,-4536,12516,-3614,8902,1822,-6188,-4366,NaN,NaN,NaN,NaN,NaN,9818,-14354,-4536,12516,-3614,8902,1822,-6188,-4366
2021-06-15T22:00:00Z,17.26,17.32,17.24,17.32,9818,-14354,-4536,12516,-3614,8902,1822,-6188,-4366,NaN,NaN,NaN,NaN,NaN,9818,-14354,-4536,12516,-3614,8902,1822,-6188,-4366
2021-06-16T22:00:00Z,17.33,17.38,17.29,17.34,9818,-14354,-4536,12516,-3614,8902,1822,-6188,-4366,NaN,NaN,NaN,NaN,NaN,9818,-14354,-4536,12516,-3614,8902,1822,-6188,-4366
2021-06-17T22:00:00Z,17.31,17.33,17.29,17.33,9818,-14354,-4536,12516,-3614,8902,1822,-6188,-4366,NaN,NaN,NaN,NaN,NaN,9818,-14354,-4536,12516,-3614,8902,1822,-6188,-4366
2021-06-20T22:00:00Z,17.31,17.35,17.31,17.35,9818,-14354,-4536,12516,-3614,8902,1822,-6188,-4366,NaN,NaN,NaN,NaN,NaN,9818,-14354,-4536,12516,-3614,8902,1822,-6188,-4366
2021-06-21T22:00:00Z,17.34,17.34,17.29,17.33,11125,-14957,-3832,12870,-4736,8134,1869,-6171,-4302,NaN,NaN,NaN,NaN,NaN,11125,-14957,-3832,12870,-4736,8134,1869,-6171,-4302
2021-06-22T22:00:00Z,17.33,17.34,17.18,17.21,11125,-14957,-3832,12870,-4736,8134,1869,-6171,-4302,NaN,NaN,NaN,NaN,NaN,11125,-14957,-3832,12870,-4736,8134,1869,-6171,-4302
2021-06-23T22:00:00Z,17.21,17.21,17.2,17.21,11125,-14957,-3832,12870,-4736,8134,1869,-6171,-4302,NaN,NaN,NaN,NaN,NaN,11125,-14957,-3832,12870,-4736,8134,1869,-6171,-4302
2021-06-24T22:00:00Z,16.65,16.84,16.59,16.67,11125,-14957,-3832,12870,-4736,8134,1869,-6171,-4302,NaN,NaN,NaN,NaN,NaN,11125,-14957,-3832,12870,-4736,8134,1869,-6171,-4302
2021-06-27T22:00:00Z,16.63,16.94,16.58,16.88,11125,-14957,-3832,12870,-4736,8134,1869,-6171,-4302,NaN,NaN,NaN,NaN,NaN,11125,-14957,-3832,12870,-4736,8134,1869,-6171,-4302
2021-06-28T22:00:00Z,16.83,17.25,16.83,16.98,12414,-15370,-2956,12529,-5404,7125,2107,-6276,-4169,NaN,NaN,NaN,NaN,NaN,12414,-15370,-2956,12529,-5404,7125,2107,-6276,-4169
2021-06-29T22:00:00Z,16.92,17.05,16.87,16.92,12414,-15370,-2956,12529,-5404,7125,2107,-6276,-4169,NaN,NaN,NaN,NaN,NaN,12414,-15370,-2956,12529,-5404,7125,2107,-6276,-4169
2021-06-30T22:00:00Z,16.97,16.98,16.73,16.79,12414,-15370,-2956,12529,-5404,7125,2107,-6276,-4169,NaN,NaN,NaN,NaN,NaN,12414,-15370,-2956,12529,-5404,7125,2107,-6276,-4169
2021-07-01T22:00:00Z,16.77,16.88,16.66,16.82,12414,-15370,-2956,12529,-5404,7125,2107,-6276,-4169,NaN,NaN,NaN,NaN,NaN,12414,-15370,-2956,12529,-5404,7125,2107,-6276,-4169
2021-07-04T22:00:00Z,16.81,16.84,16.66,16.76,11983,-12807,-824,10466,-5891,4575,2031,-5782,-3751,NaN,NaN,NaN,NaN,NaN,11983,-12807,-824,10466,-5891,4575,2031,-5782,-3751
2021-07-06T22:00:00Z,16.74,17,16.69,17,11983,-12807,-824,10466,-5891,4575,2031,-5782,-3751,NaN,NaN,NaN,NaN,NaN,11983,-12807,-824,10466,-5891,4575,2031,-5782,-3751
2021-07-07T22:00:00Z,17.03,17.11,16.97,16.97,11983,-12807,-824,10466,-5891,4575,2031,-5782,-3751,NaN,NaN,NaN,NaN,NaN,11983,-12807,-824,10466,-5891,4575,2031,-5782,-3751
2021-07-08T22:00:00Z,17.03,17.08,16.85,16.85,11983,-12807,-824,10466,-5891,4575,2031,-5782,-3751,NaN,NaN,NaN,NaN,NaN,11983,-12807,-824,10466,-5891,4575,2031,-5782,-3751
2021-07-11T22:00:00Z,16.84,16.9,16.83,16.9,11983,-12807,-824,10466,-5891,4575,2031,-5782,-3751,NaN,NaN,NaN,NaN,NaN,11983,-12807,-824,10466,-5891,4575,2031,-5782,-3751
2021-07-12T22:00:00Z,16.9,16.9,16.81,16.82,12307,-13351,-1044,10751,-6495,4256,2248,-5460,-3212,NaN,NaN,NaN,NaN,NaN,12307,-13351,-1044,10751,-6495,4256,2248,-5460,-3212
2021-07-13T22:00:00Z,16.82,16.87,16.7,16.8,12307,-13351,-1044,10751,-6495,4256,2248,-5460,-3212,NaN,NaN,NaN,NaN,NaN,12307,-13351,-1044,10751,-6495,4256,2248,-5460,-3212
2021-07-14T22:00:00Z,16.81,16.85,16.74,16.74,12307,-13351,-1044,10751,-6495,4256,2248,-5460,-3212,NaN,NaN,NaN,NaN,NaN,12307,-13351,-1044,10751,-6495,4256,2248,-5460,-3212
2021-07-15T22:00:00Z,16.75,16.79,16.62,16.62,12307,-13351,-1044,10751,-6495,4256,2248,-5460,-3212,NaN,NaN,NaN,NaN,NaN,12307,-13351,-1044,10751,-6495,4256,2248,-5460,-3212
2021-07-18T22:00:00Z,16.67,16.72,16.67,16.72,12307,-13351,-1044,10751,-6495,4256,2248,-5460,-3212,NaN,NaN,NaN,NaN,NaN,12307,-13351,-1044,10751,-6495,4256,2248,-5460,-3212
2021-07-19T22:00:00Z,16.69,16.7,16.64,16.67,12853,-13483,-630,10984,-6605,4379,2032,-5781,-3749,NaN,NaN,NaN,NaN,NaN,12853,-13483,-630,10984,-6605,4379,2032,-5781,-3749
2021-07-20T22:00:00Z,16.66,16.7,16.56,16.56,12853,-13483,-630,10984,-6605,4379,2032,-5781,-3749,NaN,NaN,NaN,NaN,NaN,12853,-13483,-630,10984,-6605,4379,2032,-5781,-3749
2021-07-21T22:00:00Z,16.56,16.61,16.55,16.56,12853,-13483,-630,10984,-6605,4379,2032,-5781,-3749,NaN,NaN,NaN,NaN,NaN,12853,-13483,-630,10984,-6605,4379,2032,-5781,-3749
2021-07-22T22:00:00Z,16.56,16.59,16.55,16.57,12853,-13483,-630,10984,-6605,4379,2032,-5781,-3749,NaN,NaN,NaN,NaN,NaN,12853,-13483,-630,10984,-6605,4379,2032,-5781,-3749
2021-07-25T22:00:00Z,16.55,16.56,16.53,16.54,12853,-13483,-630,10984,-6605,4379,2032,-5781,-3749,NaN,NaN,NaN,NaN,NaN,12853,-13483,-630,10984,-6605,4379,2032,-5781,-3749
2021-07-26T22:00:00Z,16.53,16.54,16.53,16.53,13239,-13524,-285,11186,-7015,4171,2196,-6082,-3886,NaN,NaN,NaN,NaN,NaN,13239,-13524,-285,11186,-7015,4171,2196,-6082,-3886
2021-07-27T22:00:00Z,16.53,16.55,16.48,16.48,13239,-13524,-285,11186,-7015,4171,2196,-6082,-3886,NaN,NaN,NaN,NaN,NaN,13239,-13524,-285,11186,-7015,4171,2196,-6082,-3886
2021-07-28T22:00:00Z,16.48,16.49,16.47,16.47,13239,-13524,-285,11186,-7015,4171,2196,-6082,-3886,NaN,NaN,NaN,NaN,NaN,13239,-13524,-285,11186,-7015,4171,2196,-6082,-3886
2021-07-29T22:00:00Z,16.22,16.3,16.16,16.24,13239,-13524,-285,11186,-7015,4171,2196,-6082,-3886,NaN,NaN,NaN,NaN,NaN,13239,-13524,-285,11186,-7015,4171,2196,-6082,-3886
2021-08-01T22:00:00Z,16.42,16.42,16.11,16.21,13239,-13524,-285,11186,-7015,4171,2196,-6082,-3886,NaN,NaN,NaN,NaN,NaN,13239,-13524,-285,11186,-7015,4171,2196,-6082,-3886
2021-08-02T22:00:00Z,16.18,16.22,15.93,16.05,13784,-13823,-39,11578,-7667,3911,2101,-5973,-3872,NaN,NaN,NaN,NaN,NaN,13784,-13823,-39,11578,-7667,3911,2101,-5973,-3872
2021-08-03T22:00:00Z,16.09,16.32,15.97,16.2,13784,-13823,-39,11578,-7667,3911,2101,-5973,-3872,NaN,NaN,NaN,NaN,NaN,13784,-13823,-39,11578,-7667,3911,2101,-5973,-3872
2021-08-04T22:00:00Z,16.21,16.3,16.05,16.11,13784,-13823,-39,11578,-7667,3911,2101,-5973,-3872,NaN,NaN,NaN,NaN,NaN,13784,-13823,-39,11578,-7667,3911,2101,-5973,-3872
2021-08-05T22:00:00Z,16.14,16.14,15.97,16,13784,-13823,-39,11578,-7667,3911,2101,-5973,-3872,NaN,NaN,NaN,NaN,NaN,13784,-13823,-39,11578,-7667,3911,2101,-5973,-3872
2021-08-08T22:00:00Z,15.98,16.19,15.92,16.11,13784,-13823,-39,11578,-7667,3911,2101,-5973,-3872,NaN,NaN,NaN,NaN,NaN,13784,-13823,-39,11578,-7667,3911,2101,-5973,-3872
2021-08-09T22:00:00Z,16.07,16.19,16.07,16.18,12076,-11807,269,9927,-6945,2982,1998,-5249,-3251,NaN,NaN,NaN,NaN,NaN,12076,-11807,269,9927,-6945,2982,1998,-5249,-3251
2021-08-10T22:00:00Z,16.2,16.22,16.06,16.12,12076,-11807,269,9927,-6945,2982,1998,-5249,-3251,NaN,NaN,NaN,NaN,NaN,12076,-11807,269,9927,-6945,2982,1998,-5249,-3251
2021-08-11T22:00:00Z,16.19,16.19,16.12,16.15,12076,-11807,269,9927,-6945,2982,1998,-5249,-3251,NaN,NaN,NaN,NaN,NaN,12076,-11807,269,9927,-6945,2982,1998,-5249,-3251
2021-08-12T22:00:00Z,16.14,16.2,16.14,16.19,12076,-11807,269,9927,-6945,2982,1998,-5249,-3251,NaN,NaN,NaN,NaN,NaN,12076,-11807,269,9927,-6945,2982,1998,-5249,-3251
2021-08-15T22:00:00Z,16.2,16.21,16.15,16.15,12076,-11807,269,9927,-6945,2982,1998,-5249,-3251,NaN,NaN,NaN,NaN,NaN,12076,-11807,269,9927,-6945,2982,1998,-5249,-3251
2021-08-16T22:00:00Z,16.18,16.18,16.16,16.17,12230,-12027,203,10180,-6916,3264,1838,-5305,-3467,NaN,NaN,NaN,NaN,NaN,12230,-12027,203,10180,-6916,3264,1838,-5305,-3467
2021-08-17T22:00:00Z,16.18,16.2,16.04,16.06,12230,-12027,203,10180,-6916,3264,1838,-5305,-3467,NaN,NaN,NaN,NaN,NaN,12230,-12027,203,10180,-6916,3264,1838,-5305,-3467
2021-08-18T22:00:00Z,16.05,16.05,16.02,16.04,12230,-12027,203,10180,-6916,3264,1838,-5305,-3467,NaN,NaN,NaN,NaN,NaN,12230,-12027,203,10180,-6916,3264,1838,-5305,-3467
2021-08-19T22:00:00Z,16.02,16.04,16.01,16.01,12230,-12027,203,10180,-6916,3264,1838,-5305,-3467,NaN,NaN,NaN,NaN,NaN,12230,-12027,203,10180,-6916,3264,1838,-5305,-3467
2021-08-22T22:00:00Z,16.03,16.03,16.02,16.03,12230,-12027,203,10180,-6916,3264,1838,-5305,-3467,NaN,NaN,NaN,NaN,NaN,12230,-12027,203,10180,-6916,3264,1838,-5305,-3467
2021-08-23T22:00:00Z,16.02,16.04,16.02,16.04,12471,-12200,271,10443,-7307,3136,1939,-5346,-3407,NaN,NaN,NaN,NaN,NaN,12471,-12200,271,10443,-7307,3136,1939,-5346,-3407
2021-08-24T22:00:00Z,16.03,16.05,15.99,15.99,12471,-12200,271,10443,-7307,3136,1939,-5346,-3407,NaN,NaN,NaN,NaN,NaN,12471,-12200,271,10443,-7307,3136,1939,-5346,-3407
2021-08-25T22:00:00Z,15.99,15.99,15.98,15.98,12471,-12200,271,10443,-7307,3136,1939,-5346,-3407,NaN,NaN,NaN,NaN,NaN,12471,-12200,271,10443,-7307,3136,1939,-5346,-3407
2021-08-26T22:00:00Z,17.07,17.09,16.74,16.75,12471,-12200,271,10443,-7307,3136,1939,-5346,-3407,NaN,NaN,NaN,NaN,NaN,12471,-12200,271,10443,-7307,3136,1939,-5346,-3407
2021-08-29T22:00:00Z,16.8,16.89,16.62,16.62,12471,-12200,271,10443,-7307,3136,1939,-5346,-3407,NaN,NaN,NaN,NaN,NaN,12471,-12200,271,10443,-7307,3136,1939,-5346,-3407
2021-08-30T22:00:00Z,16.62,16.78,16.55,16.74,13367,-13105,262,10257,-7482,2775,2103,-5140,-3037,NaN,NaN,NaN,NaN,NaN,13367,-13105,262,10257,-7482,2775,2103,-5140,-3037
2021-08-31T22:00:00Z,16.75,16.87,16.65,16.71,13367,-13105,262,10257,-7482,2775,2103,-5140,-3037,NaN,NaN,NaN,NaN,NaN,13367,-13105,262,10257,-7482,2775,2103,-5140,-3037
2021-09-01T22:00:00Z,16.73,16.85,16.61,16.69,13367,-13105,262,10257,-7482,2775,2103,-5140,-3037,NaN,NaN,NaN,NaN,NaN,13367,-13105,262,10257,-7482,2775,2103,-5140,-3037
2021-09-02T22:00:00Z,16.64,16.77,16.61,16.64,13367,-13105,262,10257,-7482,2775,2103,-5140,-3037,NaN,NaN,NaN,NaN,NaN,13367,-13105,262,10257,-7482,2775,2103,-5140,-3037
2021-09-05T22:00:00Z,16.57,16.8,16.57,16.77,12417,-10918,1499,7870,-6513,1357,1895,-4751,-2856,NaN,NaN,NaN,NaN,NaN,12417,-10918,1499,7870,-6513,1357,1895,-4751,-2856
2021-09-07T22:00:00Z,16.78,16.8,16.65,16.74,12417,-10918,1499,7870,-6513,1357,1895,-4751,-2856,NaN,NaN,NaN,NaN,NaN,12417,-10918,1499,7870,-6513,1357,1895,-4751,-2856
2021-09-08T22:00:00Z,16.7,16.8,16.6,16.6,12417,-10918,1499,7870,-6513,1357,1895,-4751,-2856,NaN,NaN,NaN,NaN,NaN,12417,-10918,1499,7870,-6513,1357,1895,-4751,-2856
2021-09-09T22:00:00Z,16.6,16.65,16.57,16.6,12417,-10918,1499,7870,-6513,1357,1895,-4751,-2856,NaN,NaN,NaN,NaN,NaN,12417,-10918,1499,7870,-6513,1357,1895,-4751,-2856
2021-09-12T22:00:00Z,16.58,16.62,16.56,16.6,12417,-10918,1499,7870,-6513,1357,1895,-4751,-2856,NaN,NaN,NaN,NaN,NaN,12417,-10918,1499,7870,-6513,1357,1895,-4751,-2856
2021-09-13T22:00:00Z,16.57,16.62,16.56,16.6,12686,-11144,1542,8123,-6718,1405,2033,-4980,-2947,NaN,NaN,NaN,NaN,NaN,12686,-11144,1542,8123,-6718,1405,2033,-4980,-2947
2021-09-14T22:00:00Z,16.59,16.63,16.57,16.6,12686,-11144,1542,8123,-6718,1405,2033,-4980,-2947,NaN,NaN,NaN,NaN,NaN,12686,-11144,1542,8123,-6718,1405,2033,-4980,-2947
2021-09-15T22:00:00Z,16.62,16.62,16.61,16.62,12686,-11144,1542,8123,-6718,1405,2033,-4980,-2947,NaN,NaN,NaN,NaN,NaN,12686,-11144,1542,8123,-6718,1405,2033,-4980,-2947
2021-09-16T22:00:00Z,16.61,16.61,16.58,16.61,12686,-11144,1542,8123,-6718,1405,2033,-4980,-2947,NaN,NaN,NaN,NaN,NaN,12686,-11144,1542,8123,-6718,1405,2033,-4980,-2947
2021-09-19T22:00:00Z,16.61,16.63,16.58,16.63,12686,-11144,1542,8123,-6718,1405,2033,-4980,-2947,NaN,NaN,NaN,NaN,NaN,12686,-11144,1542,8123,-6718,1405,2033,-4980,-2947
2021-09-20T22:00:00Z,16.62,16.63,16.6,16.61,13382,-11779,1603,8700,-7460,1240,2192,-5035,-2843,NaN,NaN,NaN,NaN,NaN,13382,-11779,1603,8700,-7460,1240,2192,-5035,-2843
2021-09-21T22:00:00Z,16.6,16.61,16.52,16.52,13382,-11779,1603,8700,-7460,1240,2192,-5035,-2843,NaN,NaN,NaN,NaN,NaN,13382,-11779,1603,8700,-7460,1240,2192,-5035,-2843
2021-09-22T22:00:00Z,16.54,16.54,16.54,16.54,13382,-11779,1603,8700,-7460,1240,2192,-5035,-2843,NaN,NaN,NaN,NaN,NaN,13382,-11779,1603,8700,-7460,1240,2192,-5035,-2843
2021-09-23T22:00:00Z,17.22,17.41,17.22,17.35,13382,-11779,1603,8700,-7460,1240,2192,-5035,-2843,NaN,NaN,NaN,NaN,NaN,13382,-11779,1603,8700,-7460,1240,2192,-5035,-2843
2021-09-26T22:00:00Z,17.35,17.6,17.32,17.56,13382,-11779,1603,8700,-7460,1240,2192,-5035,-2843,NaN,NaN,NaN,NaN,NaN,13382,-11779,1603,8700,-7460,1240,2192,-5035,-2843
2021-09-27T22:00:00Z,17.55,17.71,17.55,17.59,13902,-11981,1921,8675,-7619,1056,2272,-5249,-2977,NaN,NaN,NaN,NaN,NaN,13902,-11981,1921,8675,-7619,1056,2272,-5249,-2977
2021-09-28T22:00:00Z,17.64,17.96,17.64,17.88,13902,-11981,1921,8675,-7619,1056,2272,-5249,-2977,NaN,NaN,NaN,NaN,NaN,13902,-11981,1921,8675,-7619,1056,2272,-5249,-2977
2021-09-29T22:00:00Z,17.87,18.18,17.87,18.12,13902,-11981,1921,8675,-7619,1056,2272,-5249,-2977,NaN,NaN,NaN,NaN,NaN,13902,-11981,1921,8675,-7619,1056,2272,-5249,-2977
2021-09-30T22:00:00Z,18.12,18.23,17.96,18.13,13902,-11981,1921,8675,-7619,1056,2272,-5249,-2977,NaN,NaN,NaN,NaN,NaN,13902,-11981,1921,8675,-7619,1056,2272,-5249,-2977
2021-10-03T22:00:00Z,18.15,18.31,18.13,18.2,13902,-11981,1921,8675,-7619,1056,2272,-5249,-2977,NaN,NaN,NaN,NaN,NaN,13902,-11981,1921,8675,-7619,1056,2272,-5249,-2977
2021-10-04T22:00:00Z,18.19,18.28,18.18,18.18,11655,-10659,996,6945,-6179,766,2587,-4349,-1762,NaN,NaN,NaN,NaN,NaN,11655,-10659,996,6945,-6179,766,2587,-4349,-1762
2021-10-05T22:00:00Z,18.2,18.29,18.05,18.05,11655,-10659,996,6945,-6179,766,2587,-4349,-1762,NaN,NaN,NaN,NaN,NaN,11655,-10659,996,6945,-6179,766,2587,-4349,-1762
2021-10-06T22:00:00Z,18.04,18.1,18.02,18.05,11655,-10659,996,6945,-6179,766,2587,-4349,-1762,NaN,NaN,NaN,NaN,NaN,11655,-10659,996,6945,-6179,766,2587,-4349,-1762
2021-10-07T22:00:00Z,18.04,18.06,18.02,18.03,11655,-10659,996,6945,-6179,766,2587,-4349,-1762,NaN,NaN,NaN,NaN,NaN,11655,-10659,996,6945,-6179,766,2587,-4349,-1762
2021-10-10T22:00:00Z,18.07,18.07,17.93,17.94,11655,-10659,996,6945,-6179,766,2587,-4349,-1762,NaN,NaN,NaN,NaN,NaN,11655,-10659,996,6945,-6179,766,2587,-4349,-1762
2021-10-11T22:00:00Z,17.93,17.95,17.89,17.89,11921,-11670,251,7030,-5072,1958,2520,-4729,-2209,NaN,NaN,NaN,NaN,NaN,11921,-11670,251,7030,-5072,1958,2520,-4729,-2209
2021-10-12T22:00:00Z,17.89,17.89,17.83,17.87,11921,-11670,251,7030,-5072,1958,2520,-4729,-2209,NaN,NaN,NaN,NaN,NaN,11921,-11670,251,7030,-5072,1958,2520,-4729,-2209
2021-10-13T22:00:00Z,17.87,17.95,17.87,17.95,11921,-11670,251,7030,-5072,1958,2520,-4729,-2209,NaN,NaN,NaN,NaN,NaN,11921,-11670,251,7030,-5072,1958,2520,-4729,-2209
2021-10-14T22:00:00Z,17.93,17.96,17.93,17.96,11921,-11670,251,7030,-5072,1958,2520,-4729,-2209,NaN,NaN,NaN,NaN,NaN,11921,-11670,251,7030,-5072,1958,2520,-4729,-2209
2021-10-17T22:00:00Z,17.93,17.93,17.9,17.92,11921,-11670,251,7030,-5072,1958,2520,-4729,-2209,NaN,NaN,NaN,NaN,NaN,11921,-11670,251,7030,-5072,1958,2520,-4729,-2209
2021-10-18T22:00:00Z,17.91,17.91,17.9,17.91,12529,-13566,-1037,7728,-4736,2992,2814,-4769,-1955,NaN,NaN,NaN,NaN,NaN,12529,-13566,-1037,7728,-4736,2992,2814,-4769,-1955
2021-10-19T22:00:00Z,17.91,17.96,17.88,17.91,12529,-13566,-1037,7728,-4736,2992,2814,-4769,-1955,NaN,NaN,NaN,NaN,NaN,12529,-13566,-1037,7728,-4736,2992,2814,-4769,-1955
2021-10-20T22:00:00Z,17.89,17.93,17.89,17.9,12529,-13566,-1037,7728,-4736,2992,2814,-4769,-1955,NaN,NaN,NaN,NaN,NaN,12529,-13566,-1037,7728,-4736,2992,2814,-4769,-1955
2021-10-21T22:00:00Z,17.9,17.9,17.85,17.87,12529,-13566,-1037,7728,-4736,2992,2814,-4769,-1955,NaN,NaN,NaN,NaN,NaN,12529,-13566,-1037,7728,-4736,2992,2814,-4769,-1955
2021-10-24T22:00:00Z,17.88,17.88,17.86,17.86,12529,-13566,-1037,7728,-4736,2992,2814,-4769,-1955,NaN,NaN,NaN,NaN,NaN,12529,-13566,-1037,7728,-4736,2992,2814,-4769,-1955
2021-10-25T22:00:00Z,17.86,17.9,17.86,17.86,13300,-14743,-1443,8676,-4774,3902,2866,-5325,-2459,NaN,NaN,NaN,NaN,NaN,13300,-14743,-1443,8676,-4774,3902,2866,-5325,-2459
2021-10-26T22:00:00Z,17.87,17.87,17.85,17.85,13300,-14743,-1443,8676,-4774,3902,2866,-5325,-2459,NaN,NaN,NaN,NaN,NaN,13300,-14743,-1443,8676,-4774,3902,2866,-5325,-2459
2021-10-27T22:00:00Z,17.85,17.86,17.85,17.86,13300,-14743,-1443,8676,-4774,3902,2866,-5325,-2459,NaN,NaN,NaN,NaN,NaN,13300,-14743,-1443,8676,-4774,3902,2866,-5325,-2459
2021-10-28T22:00:00Z,18.55,18.67,18.42,18.58,13300,-14743,-1443,8676,-4774,3902,2866,-5325,-2459,NaN,NaN,NaN,NaN,NaN,13300,-14743,-1443,8676,-4774,3902,2866,-5325,-2459
2021-10-31T22:00:00Z,18.54,19.06,18.49,18.71,13300,-14743,-1443,8676,-4774,3902,2866,-5325,-2459,NaN,NaN,NaN,NaN,NaN,13300,-14743,-1443,8676,-4774,3902,2866,-5325,-2459
2021-11-01T22:00:00Z,18.65,18.84,18.25,18.34,14933,-15526,-593,8983,-5091,3892,2495,-5794,-3299,NaN,NaN,NaN,NaN,NaN,14933,-15526,-593,8983,-5091,3892,2495,-5794,-3299
2021-11-02T22:00:00Z,18.26,18.28,18.07,18.21,14933,-15526,-593,8983,-5091,3892,2495,-5794,-3299,NaN,NaN,NaN,NaN,NaN,14933,-15526,-593,8983,-5091,3892,2495,-5794,-3299
2021-11-03T22:00:00Z,18.13,18.2,17.82,17.93,14933,-15526,-593,8983,-5091,3892,2495,-5794,-3299,NaN,NaN,NaN,NaN,NaN,14933,-15526,-593,8983,-5091,3892,2495,-5794,-3299
2021-11-04T22:00:00Z,17.88,17.92,17.74,17.79,14933,-15526,-593,8983,-5091,3892,2495,-5794,-3299,NaN,NaN,NaN,NaN,NaN,14933,-15526,-593,8983,-5091,3892,2495,-5794,-3299
2021-11-07T23:00:00Z,17.71,18.09,17.71,18.06,14933,-15526,-593,8983,-5091,3892,2495,-5794,-3299,NaN,NaN,NaN,NaN,NaN,14933,-15526,-593,8983,-5091,3892,2495,-5794,-3299
2021-11-08T23:00:00Z,18.08,18.12,17.93,18.12,14534,-14237,297,7109,-4337,2772,2099,-5168,-3069,NaN,NaN,NaN,NaN,NaN,14534,-14237,297,7109,-4337,2772,2099,-5168,-3069
2021-11-09T23:00:00Z,18.15,18.15,18.02,18.11,14534,-14237,297,7109,-4337,2772,2099,-5168,-3069,NaN,NaN,NaN,NaN,NaN,14534,-14237,297,7109,-4337,2772,2099,-5168,-3069
2021-11-10T23:00:00Z,18.11,18.2,18.09,18.19,14534,-14237,297,7109,-4337,2772,2099,-5168,-3069,NaN,NaN,NaN,NaN,NaN,14534,-14237,297,7109,-4337,2772,2099,-5168,-3069
2021-11-11T23:00:00Z,18.19,18.23,17.98,18,14534,-14237,297,7109,-4337,2772,2099,-5168,-3069,NaN,NaN,NaN,NaN,NaN,14534,-14237,297,7109,-4337,2772,2099,-5168,-3069
2021-11-14T23:00:00Z,18.03,18.09,17.96,18,14534,-14237,297,7109,-4337,2772,2099,-5168,-3069,NaN,NaN,NaN,NaN,NaN,14534,-14237,297,7109,-4337,2772,2099,-5168,-3069
2021-11-15T23:00:00Z,17.98,18.03,17.95,17.96,15647,-15163,484,7408,-4560,2848,2325,-5657,-3332,NaN,NaN,NaN,NaN,NaN,15647,-15163,484,7408,-4560,2848,2325,-5657,-3332
2021-11-16T23:00:00Z,17.98,18.04,17.88,17.88,15647,-15163,484,7408,-4560,2848,2325,-5657,-3332,NaN,NaN,NaN,NaN,NaN,15647,-15163,484,7408,-4560,2848,2325,-5657,-3332
2021-11-17T23:00:00Z,17.9,17.91,17.89,17.9,15647,-15163,484,7408,-4560,2848,2325,-5657,-3332,NaN,NaN,NaN,NaN,NaN,15647,-15163,484,7408,-4560,2848,2325,-5657,-3332
2021-11-18T23:00:00Z,17.92,18,17.9,17.97,15647,-15163,484,7408,-4560,2848,2325,-5657,-3332,NaN,NaN,NaN,NaN,NaN,15647,-15163,484,7408,-4560,2848,2325,-5657,-3332
2021-11-21T23:00:00Z,17.98,18.01,17.93,17.95,15647,-15163,484,7408,-4560,2848,2325,-5657,-3332,NaN,NaN,NaN,NaN,NaN,15647,-15163,484,7408,-4560,2848,2325,-5657,-3332
2021-11-22T23:00:00Z,17.96,17.96,17.94,17.95,16536,-15821,715,7772,-3873,3899,2466,-7080,-4614,NaN,NaN,NaN,NaN,NaN,16536,-15821,715,7772,-3873,3899,2466,-7080,-4614
2021-11-23T23:00:00Z,17.95,18.03,17.93,18.03,16536,-15821,715,7772,-3873,3899,2466,-7080,-4614,NaN,NaN,NaN,NaN,NaN,16536,-15821,715,7772,-3873,3899,2466,-7080,-4614
2021-11-28T23:00:00Z,18.32,18.32,17.9,18.18,16536,-15821,715,7772,-3873,3899,2466,-7080,-4614,NaN,NaN,NaN,NaN,NaN,16536,-15821,715,7772,-3873,3899,2466,-7080,-4614
2021-11-29T23:00:00Z,18.17,18.26,17.9,18.03,16714,-17029,-315,8055,-3980,4075,2527,-6287,-3760,NaN,NaN,NaN,NaN,NaN,16714,-17029,-315,8055,-3980,4075,2527,-6287,-3760
2021-11-30T23:00:00Z,18.01,18.27,17.98,18.06,16714,-17029,-315,8055,-3980,4075,2527,-6287,-3760,NaN,NaN,NaN,NaN,NaN,16714,-17029,-315,8055,-3980,4075,2527,-6287,-3760
2021-12-01T23:00:00Z,18.1,18.37,18.05,18.36,16714,-17029,-315,8055,-3980,4075,2527,-6287,-3760,NaN,NaN,NaN,NaN,NaN,16714,-17029,-315,8055,-3980,4075,2527,-6287,-3760
2021-12-02T23:00:00Z,18.4,18.61,18.3,18.59,16714,-17029,-315,8055,-3980,4075,2527,-6287,-3760,NaN,NaN,NaN,NaN,NaN,16714,-17029,-315,8055,-3980,4075,2527,-6287,-3760
2021-12-05T23:00:00Z,18.65,18.78,18.5,18.73,16714,-17029,-315,8055,-3980,4075,2527,-6287,-3760,NaN,NaN,NaN,NaN,NaN,16714,-17029,-315,8055,-3980,4075,2527,-6287,-3760
2021-12-06T23:00:00Z,18.74,18.77,18.65,18.67,15751,-15205,546,6516,-3404,3112,2576,-6234,-3658,NaN,NaN,NaN,NaN,NaN,15751,-15205,546,6516,-3404,3112,2576,-6234,-3658
2021-12-07T23:00:00Z,18.7,18.83,18.6,18.66,15751,-15205,546,6516,-3404,3112,2576,-6234,-3658,NaN,NaN,NaN,NaN,NaN,15751,-15205,546,6516,-3404,3112,2576,-6234,-3658
2021-12-08T23:00:00Z,18.66,18.7,18.56,18.58,15751,-15205,546,6516,-3404,3112,2576,-6234,-3658,NaN,NaN,NaN,NaN,NaN,15751,-15205,546,6516,-3404,3112,2576,-6234,-3658
2021-12-09T23:00:00Z,18.58,18.61,18.55,18.59,15751,-15205,546,6516,-3404,3112,2576,-6234,-3658,NaN,NaN,NaN,NaN,NaN,15751,-15205,546,6516,-3404,3112,2576,-6234,-3658
2021-12-12T23:00:00Z,18.6,18.62,18.56,18.6,15751,-15205,546,6516,-3404,3112,2576,-6234,-3658,NaN,NaN,NaN,NaN,NaN,15751,-15205,546,6516,-3404,3112,2576,-6234,-3658
2021-12-13T23:00:00Z,18.64,18.64,18.51,18.61,15842,-16945,-1103,8073,-3440,4633,3006,-6536,-3530,NaN,NaN,NaN,NaN,NaN,15842,-16945,-1103,8073,-3440,4633,3006,-6536,-3530
2021-12-14T23:00:00Z,18.6,18.61,18.48,18.5,15842,-16945,-1103,8073,-3440,4633,3006,-6536,-3530,NaN,NaN,NaN,NaN,NaN,15842,-16945,-1103,8073,-3440,4633,3006,-6536,-3530
2021-12-15T23:00:00Z,18.48,18.54,18.48,18.5,15842,-16945,-1103,8073,-3440,4633,3006,-6536,-3530,NaN,NaN,NaN,NaN,NaN,15842,-16945,-1103,8073,-3440,4633,3006,-6536,-3530
2021-12-16T23:00:00Z,18.49,18.51,18.47,18.5,15842,-16945,-1103,8073,-3440,4633,3006,-6536,-3530,NaN,NaN,NaN,NaN,NaN,15842,-16945,-1103,8073,-3440,4633,3006,-6536,-3530
2021-12-19T23:00:00Z,18.47,18.48,18.45,18.46,15842,-16945,-1103,8073,-3440,4633,3006,-6536,-3530,NaN,NaN,NaN,NaN,NaN,15842,-16945,-1103,8073,-3440,4633,3006,-6536,-3530
2021-12-20T23:00:00Z,18.47,18.47,18.45,18.46,16785,-18311,-1526,8742,-3589,5153,2886,-6513,-3627,NaN,NaN,NaN,NaN,NaN,16785,-18311,-1526,8742,-3589,5153,2886,-6513,-3627
2021-12-21T23:00:00Z,18.45,18.48,18.42,18.43,16785,-18311,-1526,8742,-3589,5153,2886,-6513,-3627,NaN,NaN,NaN,NaN,NaN,16785,-18311,-1526,8742,-3589,5153,2886,-6513,-3627
2021-12-22T23:00:00Z,18.42,18.44,18.41,18.42,16785,-18311,-1526,8742,-3589,5153,2886,-6513,-3627,NaN,NaN,NaN,NaN,NaN,16785,-18311,-1526,8742,-3589,5153,2886,-6513,-3627
2021-12-26T23:00:00Z,18.42,18.44,18.41,18.42,16785,-18311,-1526,8742,-3589,5153,2886,-6513,-3627,NaN,NaN,NaN,NaN,NaN,16785,-18311,-1526,8742,-3589,5153,2886,-6513,-3627
2021-12-27T23:00:00Z,18.43,18.44,18.41,18.41,17011,-18846,-1835,9083,-3916,5167,3349,-6681,-3332,NaN,NaN,NaN,NaN,NaN,17011,-18846,-1835,9083,-3916,5167,3349,-6681,-3332
2021-12-28T23:00:00Z,18.41,18.44,18.41,18.44,17011,-18846,-1835,9083,-3916,5167,3349,-6681,-3332,NaN,NaN,NaN,NaN,NaN,17011,-18846,-1835,9083,-3916,5167,3349,-6681,-3332
2021-12-29T23:00:00Z,18.43,18.43,18.42,18.43,17011,-18846,-1835,9083,-3916,5167,3349,-6681,-3332,NaN,NaN,NaN,NaN,NaN,17011,-18846,-1835,9083,-3916,5167,3349,-6681,-3332
2021-12-30T23:00:00Z,20.2,20.2,20,20.1,17011,-18846,-1835,9083,-3916,5167,3349,-6681,-3332,NaN,NaN,NaN,NaN,NaN,17011,-18846,-1835,9083,-3916,5167,3349,-6681,-3332
2022-01-02T23:00:00Z,20.04,20.19,19.9,20.06,17011,-18846,-1835,9083,-3916,5167,3349,-6681,-3332,NaN,NaN,NaN,NaN,NaN,17011,-18846,-1835,9083,-3916,5167,3349,-6681,-3332
2022-01-03T23:00:00Z,20.03,20.77,20.03,20.61,16944,-20229,-3285,10401,-3951,6450,3641,-6806,-3165,NaN,NaN,NaN,NaN,NaN,16944,-20229,-3285,10401,-3951,6450,3641,-6806,-3165
2022-01-04T23:00:00Z,20.62,20.7,20.52,20.58,16944,-20229,-3285,10401,-3951,6450,3641,-6806,-3165,NaN,NaN,NaN,NaN,NaN,16944,-20229,-3285,10401,-3951,6450,3641,-6806,-3165
2022-01-05T23:00:00Z,20.55,20.62,20.4,20.4,16944,-20229,-3285,10401,-3951,6450,3641,-6806,-3165,NaN,NaN,NaN,NaN,NaN,16944,-20229,-3285,10401,-3951,6450,3641,-6806,-3165
2022-01-06T23:00:00Z,20.4,20.46,20.26,20.29,16944,-20229,-3285,10401,-3951,6450,3641,-6806,-3165,NaN,NaN,NaN,NaN,NaN,16944,-20229,-3285,10401,-3951,6450,3641,-6806,-3165
2022-01-09T23:00:00Z,20.24,20.37,20.24,20.27,16944,-20229,-3285,10401,-3951,6450,3641,-6806,-3165,NaN,NaN,NaN,NaN,NaN,16944,-20229,-3285,10401,-3951,6450,3641,-6806,-3165
2022-01-10T23:00:00Z,20.28,20.44,20.28,20.35,15866,-18752,-2886,9668,-3473,6195,3137,-6446,-3309,NaN,NaN,NaN,NaN,NaN,15866,-18752,-2886,9668,-3473,6195,3137,-6446,-3309
2022-01-11T23:00:00Z,20.37,20.47,20.31,20.35,15866,-18752,-2886,9668,-3473,6195,3137,-6446,-3309,NaN,NaN,NaN,NaN,NaN,15866,-18752,-2886,9668,-3473,6195,3137,-6446,-3309
2022-01-12T23:00:00Z,20.32,20.41,20.31,20.31,15866,-18752,-2886,9668,-3473,6195,3137,-6446,-3309,NaN,NaN,NaN,NaN,NaN,15866,-18752,-2886,9668,-3473,6195,3137,-6446,-3309
2022-01-13T23:00:00Z,20.3,20.34,20.25,20.28,15866,-18752,-2886,9668,-3473,6195,3137,-6446,-3309,NaN,NaN,NaN,NaN,NaN,15866,-18752,-2886,9668,-3473,6195,3137,-6446,-3309
2022-01-16T23:00:00Z,20.28,20.28,20.22,20.22,16672,-19991,-3319,10177,-3510,6667,3192,-6540,-3348,NaN,NaN,NaN,NaN,NaN,16672,-19991,-3319,10177,-3510,6667,3192,-6540,-3348
2022-01-18T23:00:00Z,20.21,20.26,20.21,20.24,16672,-19991,-3319,10177,-3510,6667,3192,-6540,-3348,NaN,NaN,NaN,NaN,NaN,16672,-19991,-3319,10177,-3510,6667,3192,-6540,-3348
2022-01-19T23:00:00Z,20.23,20.31,20.21,20.29,16672,-19991,-3319,10177,-3510,6667,3192,-6540,-3348,NaN,NaN,NaN,NaN,NaN,16672,-19991,-3319,10177,-3510,6667,3192,-6540,-3348
2022-01-20T23:00:00Z,20.29,20.3,20.26,20.29,16672,-19991,-3319,10177,-3510,6667,3192,-6540,-3348,NaN,NaN,NaN,NaN,NaN,16672,-19991,-3319,10177,-3510,6667,3192,-6540,-3348
2022-01-23T23:00:00Z,20.28,20.3,20.27,20.28,16672,-19991,-3319,10177,-3510,6667,3192,-6540,-3348,NaN,NaN,NaN,NaN,NaN,16672,-19991,-3319,10177,-3510,6667,3192,-6540,-3348
2022-01-24T23:00:00Z,20.28,20.3,20.27,20.27,17234,-20326,-3092,10552,-3599,6953,2912,-6773,-3861,NaN,NaN,NaN,NaN,NaN,17234,-20326,-3092,10552,-3599,6953,2912,-6773,-3861
2022-01-25T23:00:00Z,20.29,20.35,20.28,20.35,17234,-20326,-3092,10552,-3599,6953,2912,-6773,-3861,NaN,NaN,NaN,NaN,NaN,17234,-20326,-3092,10552,-3599,6953,2912,-6773,-3861
2022-01-26T23:00:00Z,20.35,20.36,20.35,20.35,17234,-20326,-3092,10552,-3599,6953,2912,-6773,-3861,NaN,NaN,NaN,NaN,NaN,17234,-20326,-3092,10552,-3599,6953,2912,-6773,-3861
2022-01-27T23:00:00Z,20.09,20.25,19.75,20.21,17234,-20326,-3092,10552,-3599,6953,2912,-6773,-3861,NaN,NaN,NaN,NaN,NaN,17234,-20326,-3092,10552,-3599,6953,2912,-6773,-3861
2022-01-30T23:00:00Z,20.24,20.36,20.09,20.31,17234,-20326,-3092,10552,-3599,6953,2912,-6773,-3861,NaN,NaN,NaN,NaN,NaN,17234,-20326,-3092,10552,-3599,6953,2912,-6773,-3861
2022-01-31T23:00:00Z,20.23,20.35,20.07,20.12,17863,-21095,-3232,10122,-3245,6877,3057,-6702,-3645,NaN,NaN,NaN,NaN,NaN,17863,-21095,-3232,10122,-3245,6877,3057,-6702,-3645
2022-02-01T23:00:00Z,20.24,20.38,20.12,20.32,17863,-21095,-3232,10122,-3245,6877,3057,-6702,-3645,NaN,NaN,NaN,NaN,NaN,17863,-21095,-3232,10122,-3245,6877,3057,-6702,-3645
2022-02-02T23:00:00Z,20.36,20.49,20.23,20.45,17863,-21095,-3232,10122,-3245,6877,3057,-6702,-3645,NaN,NaN,NaN,NaN,NaN,17863,-21095,-3232,10122,-3245,6877,3057,-6702,-3645
2022-02-03T23:00:00Z,20.49,20.73,20.47,20.66,17863,-21095,-3232,10122,-3245,6877,3057,-6702,-3645,NaN,NaN,NaN,NaN,NaN,17863,-21095,-3232,10122,-3245,6877,3057,-6702,-3645
2022-02-06T23:00:00Z,20.83,20.84,20.71,20.76,17863,-21095,-3232,10122,-3245,6877,3057,-6702,-3645,NaN,NaN,NaN,NaN,NaN,17863,-21095,-3232,10122,-3245,6877,3057,-6702,-3645
2022-02-07T23:00:00Z,20.79,20.84,20.61,20.67,16567,-19515,-2948,8703,-2931,5772,3062,-5886,-2824,NaN,NaN,NaN,NaN,NaN,16567,-19515,-2948,8703,-2931,5772,3062,-5886,-2824
2022-02-08T23:00:00Z,20.63,20.72,20.46,20.65,16567,-19515,-2948,8703,-2931,5772,3062,-5886,-2824,NaN,NaN,NaN,NaN,NaN,16567,-19515,-2948,8703,-2931,5772,3062,-5886,-2824
2022-02-09T23:00:00Z,20.7,20.75,20.66,20.7,16567,-19515,-2948,8703,-2931,5772,3062,-5886,-2824,NaN,NaN,NaN,NaN,NaN,16567,-19515,-2948,8703,-2931,5772,3062,-5886,-2824
2022-02-10T23:00:00Z,20.74,20.85,20.71,20.8,16567,-19515,-2948,8703,-2931,5772,3062,-5886,-2824,NaN,NaN,NaN,NaN,NaN,16567,-19515,-2948,8703,-2931,5772,3062,-5886,-2824
2022-02-13T23:00:00Z,20.81,20.86,20.75,20.82,16567,-19515,-2948,8703,-2931,5772,3062,-5886,-2824,NaN,NaN,NaN,NaN,NaN,16567,-19515,-2948,8703,-2931,5772,3062,-5886,-2824
2022-02-14T23:00:00Z,20.81,20.85,20.76,20.81,17164,-21629,-4465,10345,-3114,7231,3178,-5944,-2766,NaN,NaN,NaN,NaN,NaN,17164,-21629,-4465,10345,-3114,7231,3178,-5944,-2766
2022-02-15T23:00:00Z,20.79,20.86,20.73,20.83,17164,-21629,-4465,10345,-3114,7231,3178,-5944,-2766,NaN,NaN,NaN,NaN,NaN,17164,-21629,-4465,10345,-3114,7231,3178,-5944,-2766
2022-02-16T23:00:00Z,20.83,20.89,20.83,20.88,17164,-21629,-4465,10345,-3114,7231,3178,-5944,-2766,NaN,NaN,NaN,NaN,NaN,17164,-21629,-4465,10345,-3114,7231,3178,-5944,-2766
2022-02-17T23:00:00Z,20.89,20.9,20.85,20.87,17164,-21629,-4465,10345,-3114,7231,3178,-5944,-2766,NaN,NaN,NaN,NaN,NaN,17164,-21629,-4465,10345,-3114,7231,3178,-5944,-2766
2022-02-20T23:00:00Z,20.87,20.91,20.87,20.88,17075,-22562,-5487,10975,-3266,7709,3714,-5936,-2222,NaN,NaN,NaN,NaN,NaN,17075,-22562,-5487,10975,-3266,7709,3714,-5936,-2222
2022-02-22T23:00:00Z,20.88,20.92,20.87,20.89,17075,-22562,-5487,10975,-3266,7709,3714,-5936,-2222,NaN,NaN,NaN,NaN,NaN,17075,-22562,-5487,10975,-3266,7709,3714,-5936,-2222
2022-02-23T23:00:00Z,20.94,20.95,20.89,20.89,17075,-22562,-5487,10975,-3266,7709,3714,-5936,-2222,NaN,NaN,NaN,NaN,NaN,17075,-22562,-5487,10975,-3266,7709,3714,-5936,-2222
2022-02-24T23:00:00Z,22.61,22.61,21.82,21.92,17075,-22562,-5487,10975,-3266,7709,3714,-5936,-2222,NaN,NaN,NaN,NaN,NaN,17075,-22562,-5487,10975,-3266,7709,3714,-5936,-2222
2022-02-27T23:00:00Z,21.99,22.49,21.83,22.04,17075,-22562,-5487,10975,-3266,7709,3714,-5936,-2222,NaN,NaN,NaN,NaN,NaN,17075,-22562,-5487,10975,-3266,7709,3714,-5936,-2222
2022-02-28T23:00:00Z,22.21,22.37,22.12,22.26,18483,-23633,-5150,11277,-3342,7935,3165,-5950,-2785,NaN,NaN,NaN,NaN,NaN,18483,-23633,-5150,11277,-3342,7935,3165,-5950,-2785
2022-03-01T23:00:00Z,22.21,22.34,22.05,22.2,18483,-23633,-5150,11277,-3342,7935,3165,-5950,-2785,NaN,NaN,NaN,NaN,NaN,18483,-23633,-5150,11277,-3342,7935,3165,-5950,-2785
2022-03-02T23:00:00Z,22.19,22.43,22.12,22.43,18483,-23633,-5150,11277,-3342,7935,3165,-5950,-2785,NaN,NaN,NaN,NaN,NaN,18483,-23633,-5150,11277,-3342,7935,3165,-5950,-2785
2022-03-03T23:00:00Z,22.39,22.69,22.3,22.56,18483,-23633,-5150,11277,-3342,7935,3165,-5950,-2785,NaN,NaN,NaN,NaN,NaN,18483,-23633,-5150,11277,-3342,7935,3165,-5950,-2785
2022-03-06T23:00:00Z,22.6,22.66,22.55,22.6,18483,-23633,-5150,11277,-3342,7935,3165,-5950,-2785,NaN,NaN,NaN,NaN,NaN,18483,-23633,-5150,11277,-3342,7935,3165,-5950,-2785
2022-03-07T23:00:00Z,22.63,22.73,22.56,22.66,17405,-21407,-4002,9112,-3260,5852,3586,-5436,-1850,NaN,NaN,NaN,NaN,NaN,17405,-21407,-4002,9112,-3260,5852,3586,-5436,-1850
2022-03-08T23:00:00Z,22.64,22.68,22.46,22.48,17405,-21407,-4002,9112,-3260,5852,3586,-5436,-1850,NaN,NaN,NaN,NaN,NaN,17405,-21407,-4002,9112,-3260,5852,3586,-5436,-1850
2022-03-09T23:00:00Z,22.45,22.5,22.36,22.36,17405,-21407,-4002,9112,-3260,5852,3586,-5436,-1850,NaN,NaN,NaN,NaN,NaN,17405,-21407,-4002,9112,-3260,5852,3586,-5436,-1850
2022-03-10T23:00:00Z,22.4,22.41,22.32,22.41,17405,-21407,-4002,9112,-3260,5852,3586,-5436,-1850,NaN,NaN,NaN,NaN,NaN,17405,-21407,-4002,9112,-3260,5852,3586,-5436,-1850
2022-03-13T22:00:00Z,22.53,22.53,22.33,22.36,17405,-21407,-4002,9112,-3260,5852,3586,-5436,-1850,NaN,NaN,NaN,NaN,NaN,17405,-21407,-4002,9112,-3260,5852,3586,-5436,-1850
2022-03-14T22:00:00Z,22.36,22.45,22.28,22.36,17503,-22364,-4861,10403,-3144,7259,3357,-5755,-2398,NaN,NaN,NaN,NaN,NaN,17503,-22364,-4861,10403,-3144,7259,3357,-5755,-2398
2022-03-15T22:00:00Z,22.38,22.43,22.31,22.42,17503,-22364,-4861,10403,-3144,7259,3357,-5755,-2398,NaN,NaN,NaN,NaN,NaN,17503,-22364,-4861,10403,-3144,7259,3357,-5755,-2398
2022-03-16T22:00:00Z,22.41,22.44,22.34,22.38,17503,-22364,-4861,10403,-3144,7259,3357,-5755,-2398,NaN,NaN,NaN,NaN,NaN,17503,-22364,-4861,10403,-3144,7259,3357,-5755,-2398
2022-03-17T22:00:00Z,22.43,22.43,22.39,22.41,17503,-22364,-4861,10403,-3144,7259,3357,-5755,-2398,NaN,NaN,NaN,NaN,NaN,17503,-22364,-4861,10403,-3144,7259,3357,-5755,-2398
2022-03-20T22:00:00Z,22.41,22.43,22.39,22.4,17503,-22364,-4861,10403,-3144,7259,3357,-5755,-2398,NaN,NaN,NaN,NaN,NaN,17503,-22364,-4861,10403,-3144,7259,3357,-5755,-2398
2022-03-21T22:00:00Z,22.4,22.42,22.38,22.38,18455,-24010,-5555,10897,-3069,7828,3644,-5917,-2273,NaN,NaN,NaN,NaN,NaN,18455,-24010,-5555,10897,-3069,7828,3644,-5917,-2273
2022-03-22T22:00:00Z,22.37,22.44,22.37,22.41,18455,-24010,-5555,10897,-3069,7828,3644,-5917,-2273,NaN,NaN,NaN,NaN,NaN,18455,-24010,-5555,10897,-3069,7828,3644,-5917,-2273
2022-03-23T22:00:00Z,22.43,22.43,22.41,22.41,18455,-24010,-5555,10897,-3069,7828,3644,-5917,-2273,NaN,NaN,NaN,NaN,NaN,18455,-24010,-5555,10897,-3069,7828,3644,-5917,-2273
2022-03-24T22:00:00Z,23.96,24.47,23.75,24.27,18455,-24010,-5555,10897,-3069,7828,3644,-5917,-2273,NaN,NaN,NaN,NaN,NaN,18455,-24010,-5555,10897,-3069,7828,3644,-5917,-2273
2022-03-27T22:00:00Z,24.2,24.34,23.48,23.65,18455,-24010,-5555,10897,-3069,7828,3644,-5917,-2273,NaN,NaN,NaN,NaN,NaN,18455,-24010,-5555,10897,-3069,7828,3644,-5917,-2273
2022-03-28T22:00:00Z,23.55,23.84,23.07,23.3,19169,-24488,-5319,10901,-3086,7815,3734,-6230,-2496,NaN,NaN,NaN,NaN,NaN,19169,-24488,-5319,10901,-3086,7815,3734,-6230,-2496
2022-03-29T22:00:00Z,23.29,23.71,23.11,23.49,19169,-24488,-5319,10901,-3086,7815,3734,-6230,-2496,NaN,NaN,NaN,NaN,NaN,19169,-24488,-5319,10901,-3086,7815,3734,-6230,-2496
2022-03-30T22:00:00Z,23.55,23.86,23.3,23.77,19169,-24488,-5319,10901,-3086,7815,3734,-6230,-2496,NaN,NaN,NaN,NaN,NaN,19169,-24488,-5319,10901,-3086,7815,3734,-6230,-2496
2022-03-31T22:00:00Z,23.64,23.88,23.57,23.84,19169,-24488,-5319,10901,-3086,7815,3734,-6230,-2496,NaN,NaN,NaN,NaN,NaN,19169,-24488,-5319,10901,-3086,7815,3734,-6230,-2496
2022-04-03T22:00:00Z,23.68,23.68,23.38,23.62,19169,-24488,-5319,10901,-3086,7815,3734,-6230,-2496,NaN,NaN,NaN,NaN,NaN,19169,-24488,-5319,10901,-3086,7815,3734,-6230,-2496
2022-04-04T22:00:00Z,23.55,23.76,23.53,23.73,17042,-21559,-4517,9753,-2878,6875,3302,-5660,-2358,NaN,NaN,NaN,NaN,NaN,17042,-21559,-4517,9753,-2878,6875,3302,-5660,-2358
2022-04-05T22:00:00Z,23.7,24.05,23.64,24.05,17042,-21559,-4517,9753,-2878,6875,3302,-5660,-2358,NaN,NaN,NaN,NaN,NaN,17042,-21559,-4517,9753,-2878,6875,3302,-5660,-2358
2022-04-06T22:00:00Z,24.05,24.13,24.01,24.04,17042,-21559,-4517,9753,-2878,6875,3302,-5660,-2358,NaN,NaN,NaN,NaN,NaN,17042,-21559,-4517,9753,-2878,6875,3302,-5660,-2358
2022-04-07T22:00:00Z,24.1,24.18,24.02,24.18,17042,-21559,-4517,9753,-2878,6875,3302,-5660,-2358,NaN,NaN,NaN,NaN,NaN,17042,-21559,-4517,9753,-2878,6875,3302,-5660,-2358
2022-04-10T22:00:00Z,24.18,24.23,24.17,24.2,17042,-21559,-4517,9753,-2878,6875,3302,-5660,-2358,NaN,NaN,NaN,NaN,NaN,17042,-21559,-4517,9753,-2878,6875,3302,-5660,-2358
2022-04-11T22:00:00Z,24.17,24.21,24.1,24.12,17417,-22692,-5275,10505,-2998,7507,3474,-5706,-2232,NaN,NaN,NaN,NaN,NaN,17417,-22692,-5275,10505,-2998,7507,3474,-5706,-2232
2022-04-12T22:00:00Z,24.15,24.26,24.12,24.26,17417,-22692,-5275,10505,-2998,7507,3474,-5706,-2232,NaN,NaN,NaN,NaN,NaN,17417,-22692,-5275,10505,-2998,7507,3474,-5706,-2232
2022-04-13T22:00:00Z,24.27,24.34,24.25,24.34,17417,-22692,-5275,10505,-2998,7507,3474,-5706,-2232,NaN,NaN,NaN,NaN,NaN,17417,-22692,-5275,10505,-2998,7507,3474,-5706,-2232
2022-04-17T22:00:00Z,24.34,24.37,24.24,24.28,17417,-22692,-5275,10505,-2998,7507,3474,-5706,-2232,NaN,NaN,NaN,NaN,NaN,17417,-22692,-5275,10505,-2998,7507,3474,-5706,-2232
2022-04-18T22:00:00Z,24.25,24.3,24.24,24.26,18051,-23843,-5792,11442,-3237,8205,3628,-6041,-2413,NaN,NaN,NaN,NaN,NaN,18051,-23843,-5792,11442,-3237,8205,3628,-6041,-2413
2022-04-19T22:00:00Z,24.28,24.3,24.24,24.29,18051,-23843,-5792,11442,-3237,8205,3628,-6041,-2413,NaN,NaN,NaN,NaN,NaN,18051,-23843,-5792,11442,-3237,8205,3628,-6041,-2413
2022-04-20T22:00:00Z,24.3,24.32,24.28,24.3,18051,-23843,-5792,11442,-3237,8205,3628,-6041,-2413,NaN,NaN,NaN,NaN,NaN,18051,-23843,-5792,11442,-3237,8205,3628,-6041,-2413
2022-04-21T22:00:00Z,24.31,24.32,24.3,24.32,18051,-23843,-5792,11442,-3237,8205,3628,-6041,-2413,NaN,NaN,NaN,NaN,NaN,18051,-23843,-5792,11442,-3237,8205,3628,-6041,-2413
2022-04-24T22:00:00Z,24.32,24.33,24.3,24.32,18051,-23843,-5792,11442,-3237,8205,3628,-6041,-2413,NaN,NaN,NaN,NaN,NaN,18051,-23843,-5792,11442,-3237,8205,3628,-6041,-2413
2022-04-25T22:00:00Z,24.32,24.32,24.29,24.31,18279,-24891,-6612,11667,-3476,8191,3859,-5438,-1579,NaN,NaN,NaN,NaN,NaN,18279,-24891,-6612,11667,-3476,8191,3859,-5438,-1579
2022-04-26T22:00:00Z,24.31,24.38,24.3,24.37,18279,-24891,-6612,11667,-3476,8191,3859,-5438,-1579,NaN,NaN,NaN,NaN,NaN,18279,-24891,-6612,11667,-3476,8191,3859,-5438,-1579
2022-04-27T22:00:00Z,24.39,24.39,24.37,24.39,18279,-24891,-6612,11667,-3476,8191,3859,-5438,-1579,NaN,NaN,NaN,NaN,NaN,18279,-24891,-6612,11667,-3476,8191,3859,-5438,-1579
2022-04-28T22:00:00Z,24.59,24.82,24.45,24.45,18279,-24891,-6612,11667,-3476,8191,3859,-5438,-1579,NaN,NaN,NaN,NaN,NaN,18279,-24891,-6612,11667,-3476,8191,3859,-5438,-1579
2022-05-01T22:00:00Z,24.33,24.57,24.15,24.19,18279,-24891,-6612,11667,-3476,8191,3859,-5438,-1579,NaN,NaN,NaN,NaN,NaN,18279,-24891,-6612,11667,-3476,8191,3859,-5438,-1579
2022-05-02T22:00:00Z,24.15,24.26,24.01,24.26,19018,-25751,-6733,12394,-3629,8765,3689,-5721,-2032,NaN,NaN,NaN,NaN,NaN,19018,-25751,-6733,12394,-3629,8765,3689,-5721,-2032
2022-05-03T22:00:00Z,24.3,24.86,24.24,24.78,19018,-25751,-6733,12394,-3629,8765,3689,-5721,-2032,NaN,NaN,NaN,NaN,NaN,19018,-25751,-6733,12394,-3629,8765,3689,-5721,-2032
2022-05-04T22:00:00Z,24.81,25.09,24.77,24.94,19018,-25751,-6733,12394,-3629,8765,3689,-5721,-2032,NaN,NaN,NaN,NaN,NaN,19018,-25751,-6733,12394,-3629,8765,3689,-5721,-2032
2022-05-05T22:00:00Z,24.92,25.05,24.92,24.99,19018,-25751,-6733,12394,-3629,8765,3689,-5721,-2032,NaN,NaN,NaN,NaN,NaN,19018,-25751,-6733,12394,-3629,8765,3689,-5721,-2032
2022-05-08T22:00:00Z,24.95,25.02,24.71,24.71,19018,-25751,-6733,12394,-3629,8765,3689,-5721,-2032,NaN,NaN,NaN,NaN,NaN,19018,-25751,-6733,12394,-3629,8765,3689,-5721,-2032
2022-05-09T22:00:00Z,24.7,24.79,24.54,24.66,16741,-22626,-5885,11157,-3622,7535,3480,-5130,-1650,NaN,NaN,NaN,NaN,NaN,16741,-22626,-5885,11157,-3622,7535,3480,-5130,-1650
2022-05-10T22:00:00Z,24.7,24.95,24.67,24.95,16741,-22626,-5885,11157,-3622,7535,3480,-5130,-1650,NaN,NaN,NaN,NaN,NaN,16741,-22626,-5885,11157,-3622,7535,3480,-5130,-1650
2022-05-11T22:00:00Z,24.99,25.04,24.92,24.92,16741,-22626,-5885,11157,-3622,7535,3480,-5130,-1650,NaN,NaN,NaN,NaN,NaN,16741,-22626,-5885,11157,-3622,7535,3480,-5130,-1650
2022-05-12T22:00:00Z,24.95,24.99,24.92,24.96,16741,-22626,-5885,11157,-3622,7535,3480,-5130,-1650,NaN,NaN,NaN,NaN,NaN,16741,-22626,-5885,11157,-3622,7535,3480,-5130,-1650
2022-05-15T22:00:00Z,24.94,25,24.9,24.97,16741,-22626,-5885,11157,-3622,7535,3480,-5130,-1650,NaN,NaN,NaN,NaN,NaN,16741,-22626,-5885,11157,-3622,7535,3480,-5130,-1650
2022-05-16T22:00:00Z,24.99,25.02,24.96,25,16837,-23008,-6171,11510,-3715,7795,3651,-5275,-1624,NaN,NaN,NaN,NaN,NaN,16837,-23008,-6171,11510,-3715,7795,3651,-5275,-1624
2022-05-17T22:00:00Z,25,25.09,24.96,25.09,16837,-23008,-6171,11510,-3715,7795,3651,-5275,-1624,NaN,NaN,NaN,NaN,NaN,16837,-23008,-6171,11510,-3715,7795,3651,-5275,-1624
2022-05-18T22:00:00Z,25.08,25.13,25.07,25.11,16837,-23008,-6171,11510,-3715,7795,3651,-5275,-1624,NaN,NaN,NaN,NaN,NaN,16837,-23008,-6171,11510,-3715,7795,3651,-5275,-1624
2022-05-19T22:00:00Z,25.11,25.12,25.09,25.09,16837,-23008,-6171,11510,-3715,7795,3651,-5275,-1624,NaN,NaN,NaN,NaN,NaN,16837,-23008,-6171,11510,-3715,7795,3651,-5275,-1624
2022-05-22T22:00:00Z,25.11,25.11,25.07,25.07,16837,-23008,-6171,11510,-3715,7795,3651,-5275,-1624,NaN,NaN,NaN,NaN,NaN,16837,-23008,-6171,11510,-3715,7795,3651,-5275,-1624
2022-05-23T22:00:00Z,25.07,25.08,25.07,25.07,17236,-23732,-6496,11880,-3788,8092,3878,-5474,-1596,NaN,NaN,NaN,NaN,NaN,17236,-23732,-6496,11880,-3788,8092,3878,-5474,-1596
2022-05-24T22:00:00Z,25.09,25.19,25.08,25.19,17236,-23732,-6496,11880,-3788,8092,3878,-5474,-1596,NaN,NaN,NaN,NaN,NaN,17236,-23732,-6496,11880,-3788,8092,3878,-5474,-1596
2022-05-25T22:00:00Z,25.18,25.19,25.17,25.18,17236,-23732,-6496,11880,-3788,8092,3878,-5474,-1596,NaN,NaN,NaN,NaN,NaN,17236,-23732,-6496,11880,-3788,8092,3878,-5474,-1596
2022-05-26T22:00:00Z,24.31,24.63,24.28,24.5,17236,-23732,-6496,11880,-3788,8092,3878,-5474,-1596,NaN,NaN,NaN,NaN,NaN,17236,-23732,-6496,11880,-3788,8092,3878,-5474,-1596
2022-05-29T22:00:00Z,24.54,24.74,24.47,24.5,17596,-24227,-6631,12085,-3840,8245,3957,-5571,-1614,NaN,NaN,NaN,NaN,NaN,17596,-24227,-6631,12085,-3840,8245,3957,-5571,-1614
2022-05-31T22:00:00Z,24.5,24.62,24.36,24.45,17596,-24227,-6631,12085,-3840,8245,3957,-5571,-1614,NaN,NaN,NaN,NaN,NaN,17596,-24227,-6631,12085,-3840,8245,3957,-5571,-1614
2022-06-01T22:00:00Z,24.49,24.56,24.27,24.37,17596,-24227,-6631,12085,-3840,8245,3957,-5571,-1614,NaN,NaN,NaN,NaN,NaN,17596,-24227,-6631,12085,-3840,8245,3957,-5571,-1614
2022-06-02T22:00:00Z,24.4,24.45,24.29,24.37,17596,-24227,-6631,12085,-3840,8245,3957,-5571,-1614,NaN,NaN,NaN,NaN,NaN,17596,-24227,-6631,12085,-3840,8245,3957,-5571,-1614
2022-06-05T22:00:00Z,24.37,24.5,24.33,24.5,17596,-24227,-6631,12085,-3840,8245,3957,-5571,-1614,NaN,NaN,NaN,NaN,NaN,17596,-24227,-6631,12085,-3840,8245,3957,-5571,-1614
2022-06-06T22:00:00Z,24.42,24.53,24.42,24.47,15913,-21158,-5245,9880,-3237,6643,3573,-4971,-1398,NaN,NaN,NaN,NaN,NaN,15913,-21158,-5245,9880,-3237,6643,3573,-4971,-1398
2022-06-07T22:00:00Z,24.42,24.47,24.3,24.41,15913,-21158,-5245,9880,-3237,6643,3573,-4971,-1398,NaN,NaN,NaN,NaN,NaN,15913,-21158,-5245,9880,-3237,6643,3573,-4971,-1398
2022-06-08T22:00:00Z,24.33,24.5,24.33,24.43,15913,-21158,-5245,9880,-3237,6643,3573,-4971,-1398,NaN,NaN,NaN,NaN,NaN,15913,-21158,-5245,9880,-3237,6643,3573,-4971,-1398
2022-06-09T22:00:00Z,24.44,24.44,24.31,24.38,15913,-21158,-5245,9880,-3237,6643,3573,-4971,-1398,NaN,NaN,NaN,NaN,NaN,15913,-21158,-5245,9880,-3237,6643,3573,-4971,-1398
2022-06-12T22:00:00Z,24.38,24.38,24.29,24.29,15913,-21158,-5245,9880,-3237,6643,3573,-4971,-1398,NaN,NaN,NaN,NaN,NaN,15913,-21158,-5245,9880,-3237,6643,3573,-4971,-1398
2022-06-13T22:00:00Z,24.29,24.35,24.26,24.28,16637,-21744,-5107,10939,-3431,7508,3052,-5453,-2401,NaN,NaN,NaN,NaN,NaN,16637,-21744,-5107,10939,-3431,7508,3052,-5453,-2401
2022-06-14T22:00:00Z,24.27,24.38,24.25,24.38,16637,-21744,-5107,10939,-3431,7508,3052,-5453,-2401,NaN,NaN,NaN,NaN,NaN,16637,-21744,-5107,10939,-3431,7508,3052,-5453,-2401
2022-06-15T22:00:00Z,24.32,24.37,24.28,24.29,16637,-21744,-5107,10939,-3431,7508,3052,-5453,-2401,NaN,NaN,NaN,NaN,NaN,16637,-21744,-5107,10939,-3431,7508,3052,-5453,-2401
2022-06-16T22:00:00Z,24.29,24.33,24.28,24.3,16637,-21744,-5107,10939,-3431,7508,3052,-5453,-2401,NaN,NaN,NaN,NaN,NaN,16637,-21744,-5107,10939,-3431,7508,3052,-5453,-2401
2022-06-19T22:00:00Z,24.29,24.35,24.28,24.31,17157,-21989,-4832,11405,-3427,7978,2789,-5935,-3146,NaN,NaN,NaN,NaN,NaN,17157,-21989,-4832,11405,-3427,7978,2789,-5935,-3146
2022-06-21T22:00:00Z,24.28,24.31,24.28,24.29,17157,-21989,-4832,11405,-3427,7978,2789,-5935,-3146,NaN,NaN,NaN,NaN,NaN,17157,-21989,-4832,11405,-3427,7978,2789,-5935,-3146
2022-06-22T22:00:00Z,24.3,24.34,24.28,24.33,17157,-21989,-4832,11405,-3427,7978,2789,-5935,-3146,NaN,NaN,NaN,NaN,NaN,17157,-21989,-4832,11405,-3427,7978,2789,-5935,-3146
2022-06-23T22:00:00Z,23,23.2,22.6,22.85,17157,-21989,-4832,11405,-3427,7978,2789,-5935,-3146,NaN,NaN,NaN,NaN,NaN,17157,-21989,-4832,11405,-3427,7978,2789,-5935,-3146
2022-06-26T22:00:00Z,22.64,22.74,22.41,22.49,17157,-21989,-4832,11405,-3427,7978,2789,-5935,-3146,NaN,NaN,NaN,NaN,NaN,17157,-21989,-4832,11405,-3427,7978,2789,-5935,-3146
2022-06-27T22:00:00Z,22.47,22.75,22.3,22.65,18244,-21586,-3342,11155,-3909,7246,2634,-6538,-3904,NaN,NaN,NaN,NaN,NaN,18244,-21586,-3342,11155,-3909,7246,2634,-6538,-3904
2022-06-28T22:00:00Z,22.68,22.82,22.65,22.73,18244,-21586,-3342,11155,-3909,7246,2634,-6538,-3904,NaN,NaN,NaN,NaN,NaN,18244,-21586,-3342,11155,-3909,7246,2634,-6538,-3904
2022-06-29T22:00:00Z,22.8,22.84,22.52,22.65,18244,-21586,-3342,11155,-3909,7246,2634,-6538,-3904,NaN,NaN,NaN,NaN,NaN,18244,-21586,-3342,11155,-3909,7246,2634,-6538,-3904
2022-06-30T22:00:00Z,22.67,22.67,22.11,22.45,18244,-21586,-3342,11155,-3909,7246,2634,-6538,-3904,NaN,NaN,NaN,NaN,NaN,18244,-21586,-3342,11155,-3909,7246,2634,-6538,-3904
2022-07-03T22:00:00Z,22.42,22.42,22.05,22.05,17558,-17861,-303,8220,-3858,4362,2789,-6848,-4059,NaN,NaN,NaN,NaN,NaN,17558,-17861,-303,8220,-3858,4362,2789,-6848,-4059
2022-07-05T22:00:00Z,22.05,22.46,22.03,22.46,17558,-17861,-303,8220,-3858,4362,2789,-6848,-4059,NaN,NaN,NaN,NaN,NaN,17558,-17861,-303,8220,-3858,4362,2789,-6848,-4059
2022-07-06T22:00:00Z,22.39,22.74,22.32,22.7,17558,-17861,-303,8220,-3858,4362,2789,-6848,-4059,NaN,NaN,NaN,NaN,NaN,17558,-17861,-303,8220,-3858,4362,2789,-6848,-4059
2022-07-07T22:00:00Z,22.64,22.79,22.64,22.77,17558,-17861,-303,8220,-3858,4362,2789,-6848,-4059,NaN,NaN,NaN,NaN,NaN,17558,-17861,-303,8220,-3858,4362,2789,-6848,-4059
2022-07-10T22:00:00Z,22.8,22.86,22.66,22.73,17558,-17861,-303,8220,-3858,4362,2789,-6848,-4059,NaN,NaN,NaN,NaN,NaN,17558,-17861,-303,8220,-3858,4362,2789,-6848,-4059
2022-07-11T22:00:00Z,22.65,22.72,22.62,22.67,19932,-18769,1163,7364,-4320,3044,2235,-6442,-4207,NaN,NaN,NaN,NaN,NaN,19932,-18769,1163,7364,-4320,3044,2235,-6442,-4207
2022-07-12T22:00:00Z,22.67,22.76,22.58,22.65,19932,-18769,1163,7364,-4320,3044,2235,-6442,-4207,NaN,NaN,NaN,NaN,NaN,19932,-18769,1163,7364,-4320,3044,2235,-6442,-4207
2022-07-13T22:00:00Z,22.65,22.65,22.59,22.63,19932,-18769,1163,7364,-4320,3044,2235,-6442,-4207,NaN,NaN,NaN,NaN,NaN,19932,-18769,1163,7364,-4320,3044,2235,-6442,-4207
2022-07-14T22:00:00Z,22.58,22.61,22.52,22.53,19932,-18769,1163,7364,-4320,3044,2235,-6442,-4207,NaN,NaN,NaN,NaN,NaN,19932,-18769,1163,7364,-4320,3044,2235,-6442,-4207
2022-07-17T22:00:00Z,22.52,22.6,22.49,22.5,19932,-18769,1163,7364,-4320,3044,2235,-6442,-4207,NaN,NaN,NaN,NaN,NaN,19932,-18769,1163,7364,-4320,3044,2235,-6442,-4207
2022-07-18T22:00:00Z,22.51,22.54,22.5,22.51,20491,-18680,1811,7229,-4927,2302,2374,-6487,-4113,NaN,NaN,NaN,NaN,NaN,20491,-18680,1811,7229,-4927,2302,2374,-6487,-4113
2022-07-19T22:00:00Z,22.51,22.55,22.51,22.55,20491,-18680,1811,7229,-4927,2302,2374,-6487,-4113,NaN,NaN,NaN,NaN,NaN,20491,-18680,1811,7229,-4927,2302,2374,-6487,-4113
2022-07-20T22:00:00Z,22.53,22.58,22.53,22.54,20491,-18680,1811,7229,-4927,2302,2374,-6487,-4113,NaN,NaN,NaN,NaN,NaN,20491,-18680,1811,7229,-4927,2302,2374,-6487,-4113
2022-07-21T22:00:00Z,22.52,22.54,22.52,22.53,20491,-18680,1811,7229,-4927,2302,2374,-6487,-4113,NaN,NaN,NaN,NaN,NaN,20491,-18680,1811,7229,-4927,2302,2374,-6487,-4113
2022-07-24T22:00:00Z,22.51,22.54,22.51,22.54,20491,-18680,1811,7229,-4927,2302,2374,-6487,-4113,NaN,NaN,NaN,NaN,NaN,20491,-18680,1811,7229,-4927,2302,2374,-6487,-4113
2022-07-25T22:00:00Z,22.54,22.54,22.49,22.5,21808,-18722,3086,7174,-6250,924,2455,-6465,-4010,NaN,NaN,NaN,NaN,NaN,21808,-18722,3086,7174,-6250,924,2455,-6465,-4010
2022-07-26T22:00:00Z,22.5,22.54,22.5,22.54,21808,-18722,3086,7174,-6250,924,2455,-6465,-4010,NaN,NaN,NaN,NaN,NaN,21808,-18722,3086,7174,-6250,924,2455,-6465,-4010
2022-07-27T22:00:00Z,22.53,22.54,22.52,22.54,21808,-18722,3086,7174,-6250,924,2455,-6465,-4010,NaN,NaN,NaN,NaN,NaN,21808,-18722,3086,7174,-6250,924,2455,-6465,-4010
2022-07-28T22:00:00Z,20.19,20.58,20.1,20.37,21808,-18722,3086,7174,-6250,924,2455,-6465,-4010,NaN,NaN,NaN,NaN,NaN,21808,-18722,3086,7174,-6250,924,2455,-6465,-4010
2022-07-31T22:00:00Z,20.24,20.63,20.18,20.44,21808,-18722,3086,7174,-6250,924,2455,-6465,-4010,NaN,NaN,NaN,NaN,NaN,21808,-18722,3086,7174,-6250,924,2455,-6465,-4010
2022-08-01T22:00:00Z,20.4,20.51,20.26,20.41,22464,-18775,3689,6987,-6806,181,2780,-6650,-3870,NaN,NaN,NaN,NaN,NaN,22464,-18775,3689,6987,-6806,181,2780,-6650,-3870
2022-08-02T22:00:00Z,20.41,20.42,20.05,20.09,22464,-18775,3689,6987,-6806,181,2780,-6650,-3870,NaN,NaN,NaN,NaN,NaN,22464,-18775,3689,6987,-6806,181,2780,-6650,-3870
2022-08-03T22:00:00Z,20.09,20.15,19.83,19.89,22464,-18775,3689,6987,-6806,181,2780,-6650,-3870,NaN,NaN,NaN,NaN,NaN,22464,-18775,3689,6987,-6806,181,2780,-6650,-3870
2022-08-04T22:00:00Z,19.91,20.09,19.86,19.98,22464,-18775,3689,6987,-6806,181,2780,-6650,-3870,NaN,NaN,NaN,NaN,NaN,22464,-18775,3689,6987,-6806,181,2780,-6650,-3870
2022-08-07T22:00:00Z,20.1,20.1,19.91,19.98,22464,-18775,3689,6987,-6806,181,2780,-6650,-3870,NaN,NaN,NaN,NaN,NaN,22464,-18775,3689,6987,-6806,181,2780,-6650,-3870
2022-08-08T22:00:00Z,19.99,20.09,19.97,20.09,20473,-16354,4119,6423,-6935,-512,2312,-5919,-3607,NaN,NaN,NaN,NaN,NaN,20473,-16354,4119,6423,-6935,-512,2312,-5919,-3607
2022-08-09T22:00:00Z,20.05,20.15,19.98,20.09,20473,-16354,4119,6423,-6935,-512,2312,-5919,-3607,NaN,NaN,NaN,NaN,NaN,20473,-16354,4119,6423,-6935,-512,2312,-5919,-3607
2022-08-10T22:00:00Z,20.11,20.15,20.07,20.08,20473,-16354,4119,6423,-6935,-512,2312,-5919,-3607,NaN,NaN,NaN,NaN,NaN,20473,-16354,4119,6423,-6935,-512,2312,-5919,-3607
2022-08-11T22:00:00Z,20.12,20.16,20.1,20.14,20473,-16354,4119,6423,-6935,-512,2312,-5919,-3607,NaN,NaN,NaN,NaN,NaN,20473,-16354,4119,6423,-6935,-512,2312,-5919,-3607
2022-08-14T22:00:00Z,20.13,20.16,20.1,20.16,20473,-16354,4119,6423,-6935,-512,2312,-5919,-3607,NaN,NaN,NaN,NaN,NaN,20473,-16354,4119,6423,-6935,-512,2312,-5919,-3607
2022-08-15T22:00:00Z,20.12,20.19,20.12,20.17,20496,-16825,3671,6597,-6653,-56,2297,-5912,-3615,NaN,NaN,NaN,NaN,NaN,20496,-16825,3671,6597,-6653,-56,2297,-5912,-3615
2022-08-16T22:00:00Z,20.12,20.19,20.08,20.08,20496,-16825,3671,6597,-6653,-56,2297,-5912,-3615,NaN,NaN,NaN,NaN,NaN,20496,-16825,3671,6597,-6653,-56,2297,-5912,-3615
2022-08-17T22:00:00Z,20.07,20.12,20.05,20.09,20496,-16825,3671,6597,-6653,-56,2297,-5912,-3615,NaN,NaN,NaN,NaN,NaN,20496,-16825,3671,6597,-6653,-56,2297,-5912,-3615
2022-08-18T22:00:00Z,20.08,20.08,20.05,20.08,20496,-16825,3671,6597,-6653,-56,2297,-5912,-3615,NaN,NaN,NaN,NaN,NaN,20496,-16825,3671,6597,-6653,-56,2297,-5912,-3615
2022-08-21T22:00:00Z,20.07,20.09,20.07,20.09,20496,-16825,3671,6597,-6653,-56,2297,-5912,-3615,NaN,NaN,NaN,NaN,NaN,20496,-16825,3671,6597,-6653,-56,2297,-5912,-3615
2022-08-22T22:00:00Z,20.08,20.08,20.07,20.08,20702,-16715,3987,6508,-7099,-591,2436,-5832,-3396,NaN,NaN,NaN,NaN,NaN,20702,-16715,3987,6508,-7099,-591,2436,-5832,-3396
2022-08-23T22:00:00Z,20.07,20.07,20.06,20.06,20702,-16715,3987,6508,-7099,-591,2436,-5832,-3396,NaN,NaN,NaN,NaN,NaN,20702,-16715,3987,6508,-7099,-591,2436,-5832,-3396
2022-08-24T22:00:00Z,20.11,20.14,20.11,20.11,20702,-16715,3987,6508,-7099,-591,2436,-5832,-3396,NaN,NaN,NaN,NaN,NaN,20702,-16715,3987,6508,-7099,-591,2436,-5832,-3396
2022-08-25T22:00:00Z,19.95,20.24,19.94,20.21,20702,-16715,3987,6508,-7099,-591,2436,-5832,-3396,NaN,NaN,NaN,NaN,NaN,20702,-16715,3987,6508,-7099,-591,2436,-5832,-3396
2022-08-28T22:00:00Z,20.08,20.24,19.75,19.87,20702,-16715,3987,6508,-7099,-591,2436,-5832,-3396,NaN,NaN,NaN,NaN,NaN,20702,-16715,3987,6508,-7099,-591,2436,-5832,-3396
2022-08-29T22:00:00Z,19.82,19.95,19.54,19.77,21206,-17191,4015,6745,-7199,-454,2610,-6171,-3561,NaN,NaN,NaN,NaN,NaN,21206,-17191,4015,6745,-7199,-454,2610,-6171,-3561
2022-08-30T22:00:00Z,19.79,19.91,19.59,19.6,21206,-17191,4015,6745,-7199,-454,2610,-6171,-3561,NaN,NaN,NaN,NaN,NaN,21206,-17191,4015,6745,-7199,-454,2610,-6171,-3561
2022-08-31T22:00:00Z,19.58,19.74,19.41,19.63,21206,-17191,4015,6745,-7199,-454,2610,-6171,-3561,NaN,NaN,NaN,NaN,NaN,21206,-17191,4015,6745,-7199,-454,2610,-6171,-3561
2022-09-01T22:00:00Z,19.64,19.83,19.58,19.82,21206,-17191,4015,6745,-7199,-454,2610,-6171,-3561,NaN,NaN,NaN,NaN,NaN,21206,-17191,4015,6745,-7199,-454,2610,-6171,-3561
2022-09-04T21:00:00Z,19.71,19.85,19.57,19.67,18803,-13752,5051,6104,-7392,-1288,2508,-6271,-3763,NaN,NaN,NaN,NaN,NaN,18803,-13752,5051,6104,-7392,-1288,2508,-6271,-3763
2022-09-06T22:00:00Z,19.63,19.86,19.51,19.86,18803,-13752,5051,6104,-7392,-1288,2508,-6271,-3763,NaN,NaN,NaN,NaN,NaN,18803,-13752,5051,6104,-7392,-1288,2508,-6271,-3763
2022-09-07T22:00:00Z,19.87,19.92,19.7,19.7,18803,-13752,5051,6104,-7392,-1288,2508,-6271,-3763,NaN,NaN,NaN,NaN,NaN,18803,-13752,5051,6104,-7392,-1288,2508,-6271,-3763
2022-09-08T22:00:00Z,19.7,19.8,19.69,19.8,18803,-13752,5051,6104,-7392,-1288,2508,-6271,-3763,NaN,NaN,NaN,NaN,NaN,18803,-13752,5051,6104,-7392,-1288,2508,-6271,-3763
2022-09-11T22:00:00Z,19.77,19.9,19.77,19.9,18803,-13752,5051,6104,-7392,-1288,2508,-6271,-3763,NaN,NaN,NaN,NaN,NaN,18803,-13752,5051,6104,-7392,-1288,2508,-6271,-3763
2022-09-12T22:00:00Z,19.9,19.94,19.85,19.9,18818,-14154,4664,6034,-6903,-869,2712,-6507,-3795,NaN,NaN,NaN,NaN,NaN,18818,-14154,4664,6034,-6903,-869,2712,-6507,-3795
2022-09-13T22:00:00Z,19.93,19.94,19.75,19.87,18818,-14154,4664,6034,-6903,-869,2712,-6507,-3795,NaN,NaN,NaN,NaN,NaN,18818,-14154,4664,6034,-6903,-869,2712,-6507,-3795
2022-09-14T22:00:00Z,19.83,19.89,19.81,19.86,18818,-14154,4664,6034,-6903,-869,2712,-6507,-3795,NaN,NaN,NaN,NaN,NaN,18818,-14154,4664,6034,-6903,-869,2712,-6507,-3795
2022-09-15T22:00:00Z,19.87,19.9,19.83,19.9,18818,-14154,4664,6034,-6903,-869,2712,-6507,-3795,NaN,NaN,NaN,NaN,NaN,18818,-14154,4664,6034,-6903,-869,2712,-6507,-3795
2022-09-18T22:00:00Z,19.9,19.92,19.88,19.9,18818,-14154,4664,6034,-6903,-869,2712,-6507,-3795,NaN,NaN,NaN,NaN,NaN,18818,-14154,4664,6034,-6903,-869,2712,-6507,-3795
2022-09-19T22:00:00Z,19.89,19.91,19.88,19.91,19438,-14587,4851,5855,-6966,-1111,2581,-6321,-3740,NaN,NaN,NaN,NaN,NaN,19438,-14587,4851,5855,-6966,-1111,2581,-6321,-3740
2022-09-20T22:00:00Z,19.91,19.93,19.83,19.83,19438,-14587,4851,5855,-6966,-1111,2581,-6321,-3740,NaN,NaN,NaN,NaN,NaN,19438,-14587,4851,5855,-6966,-1111,2581,-6321,-3740
2022-09-21T22:00:00Z,19.83,19.88,19.83,19.88,19438,-14587,4851,5855,-6966,-1111,2581,-6321,-3740,NaN,NaN,NaN,NaN,NaN,19438,-14587,4851,5855,-6966,-1111,2581,-6321,-3740
2022-09-22T22:00:00Z,19.85,19.88,19.85,19.88,19438,-14587,4851,5855,-6966,-1111,2581,-6321,-3740,NaN,NaN,NaN,NaN,NaN,19438,-14587,4851,5855,-6966,-1111,2581,-6321,-3740
2022-09-25T22:00:00Z,19.85,19.88,19.83,19.88,19438,-14587,4851,5855,-6966,-1111,2581,-6321,-3740,NaN,NaN,NaN,NaN,NaN,19438,-14587,4851,5855,-6966,-1111,2581,-6321,-3740
2022-09-26T22:00:00Z,19.88,19.88,19.85,19.88,19476,-14683,4793,6072,-7104,-1032,2698,-6459,-3761,NaN,NaN,NaN,NaN,NaN,19476,-14683,4793,6072,-7104,-1032,2698,-6459,-3761
2022-09-27T22:00:00Z,19.88,19.9,19.84,19.86,19476,-14683,4793,6072,-7104,-1032,2698,-6459,-3761,NaN,NaN,NaN,NaN,NaN,19476,-14683,4793,6072,-7104,-1032,2698,-6459,-3761
2022-09-28T22:00:00Z,19.84,19.87,19.84,19.87,19476,-14683,4793,6072,-7104,-1032,2698,-6459,-3761,NaN,NaN,NaN,NaN,NaN,19476,-14683,4793,6072,-7104,-1032,2698,-6459,-3761
2022-09-29T22:00:00Z,21.85,22.08,21.55,21.8,19476,-14683,4793,6072,-7104,-1032,2698,-6459,-3761,NaN,NaN,NaN,NaN,NaN,19476,-14683,4793,6072,-7104,-1032,2698,-6459,-3761
2022-10-02T22:00:00Z,21.6,22.39,21.6,22.16,19476,-14683,4793,6072,-7104,-1032,2698,-6459,-3761,NaN,NaN,NaN,NaN,NaN,19476,-14683,4793,6072,-7104,-1032,2698,-6459,-3761
2022-10-03T22:00:00Z,22.2,22.45,22.07,22.24,19491,-15233,4258,5976,-7204,-1228,2896,-5926,-3030,NaN,NaN,NaN,NaN,NaN,19491,-15233,4258,5976,-7204,-1228,2896,-5926,-3030
2022-10-04T22:00:00Z,22.26,22.35,22.01,22.05,19491,-15233,4258,5976,-7204,-1228,2896,-5926,-3030,NaN,NaN,NaN,NaN,NaN,19491,-15233,4258,5976,-7204,-1228,2896,-5926,-3030
2022-10-05T22:00:00Z,22.05,22.17,22.05,22.16,19491,-15233,4258,5976,-7204,-1228,2896,-5926,-3030,NaN,NaN,NaN,NaN,NaN,19491,-15233,4258,5976,-7204,-1228,2896,-5926,-3030
2022-10-06T22:00:00Z,22.12,22.29,22.04,22.07,19491,-15233,4258,5976,-7204,-1228,2896,-5926,-3030,NaN,NaN,NaN,NaN,NaN,19491,-15233,4258,5976,-7204,-1228,2896,-5926,-3030
2022-10-09T22:00:00Z,22.09,22.17,21.88,21.88,19491,-15233,4258,5976,-7204,-1228,2896,-5926,-3030,NaN,NaN,NaN,NaN,NaN,19491,-15233,4258,5976,-7204,-1228,2896,-5926,-3030
2022-10-10T22:00:00Z,21.88,21.97,21.79,21.79,16835,-12976,3859,5195,-6403,-1208,2566,-5217,-2651,NaN,NaN,NaN,NaN,NaN,16835,-12976,3859,5195,-6403,-1208,2566,-5217,-2651
2022-10-11T22:00:00Z,21.79,21.93,21.79,21.84,16835,-12976,3859,5195,-6403,-1208,2566,-5217,-2651,NaN,NaN,NaN,NaN,NaN,16835,-12976,3859,5195,-6403,-1208,2566,-5217,-2651
2022-10-12T22:00:00Z,21.82,21.95,21.79,21.82,16835,-12976,3859,5195,-6403,-1208,2566,-5217,-2651,NaN,NaN,NaN,NaN,NaN,16835,-12976,3859,5195,-6403,-1208,2566,-5217,-2651
2022-10-13T22:00:00Z,21.82,21.85,21.75,21.79,16835,-12976,3859,5195,-6403,-1208,2566,-5217,-2651,NaN,NaN,NaN,NaN,NaN,16835,-12976,3859,5195,-6403,-1208,2566,-5217,-2651
2022-10-16T22:00:00Z,21.75,21.76,21.73,21.76,16835,-12976,3859,5195,-6403,-1208,2566,-5217,-2651,NaN,NaN,NaN,NaN,NaN,16835,-12976,3859,5195,-6403,-1208,2566,-5217,-2651
2022-10-17T22:00:00Z,21.73,21.79,21.73,21.74,17649,-13289,4360,5278,-6659,-1381,2524,-5503,-2979,NaN,NaN,NaN,NaN,NaN,17649,-13289,4360,5278,-6659,-1381,2524,-5503,-2979
2022-10-18T22:00:00Z,21.74,21.79,21.73,21.79,17649,-13289,4360,5278,-6659,-1381,2524,-5503,-2979,NaN,NaN,NaN,NaN,NaN,17649,-13289,4360,5278,-6659,-1381,2524,-5503,-2979
2022-10-19T22:00:00Z,21.78,21.84,21.77,21.83,17649,-13289,4360,5278,-6659,-1381,2524,-5503,-2979,NaN,NaN,NaN,NaN,NaN,17649,-13289,4360,5278,-6659,-1381,2524,-5503,-2979
2022-10-20T22:00:00Z,21.8,21.86,21.8,21.84,17649,-13289,4360,5278,-6659,-1381,2524,-5503,-2979,NaN,NaN,NaN,NaN,NaN,17649,-13289,4360,5278,-6659,-1381,2524,-5503,-2979
2022-10-23T22:00:00Z,21.84,21.84,21.78,21.78,17649,-13289,4360,5278,-6659,-1381,2524,-5503,-2979,NaN,NaN,NaN,NaN,NaN,17649,-13289,4360,5278,-6659,-1381,2524,-5503,-2979
2022-10-24T22:00:00Z,21.78,21.8,21.77,21.78,18014,-13756,4258,5590,-6538,-948,2581,-5891,-3310,NaN,NaN,NaN,NaN,NaN,18014,-13756,4258,5590,-6538,-948,2581,-5891,-3310
2022-10-25T22:00:00Z,21.77,21.84,21.77,21.84,18014,-13756,4258,5590,-6538,-948,2581,-5891,-3310,NaN,NaN,NaN,NaN,NaN,18014,-13756,4258,5590,-6538,-948,2581,-5891,-3310
2022-10-26T22:00:00Z,21.81,21.84,21.81,21.83,18014,-13756,4258,5590,-6538,-948,2581,-5891,-3310,NaN,NaN,NaN,NaN,NaN,18014,-13756,4258,5590,-6538,-948,2581,-5891,-3310
2022-10-27T22:00:00Z,20.43,20.48,20.17,20.25,18014,-13756,4258,5590,-6538,-948,2581,-5891,-3310,NaN,NaN,NaN,NaN,NaN,18014,-13756,4258,5590,-6538,-948,2581,-5891,-3310
2022-10-30T22:00:00Z,20.5,20.64,20.15,20.48,18014,-13756,4258,5590,-6538,-948,2581,-5891,-3310,NaN,NaN,NaN,NaN,NaN,18014,-13756,4258,5590,-6538,-948,2581,-5891,-3310
2022-10-31T22:00:00Z,20.54,20.78,20.4,20.55,18494,-13991,4503,5996,-7081,-1085,2729,-6147,-3418,NaN,NaN,NaN,NaN,NaN,18494,-13991,4503,5996,-7081,-1085,2729,-6147,-3418
2022-11-01T22:00:00Z,20.54,20.79,20.51,20.68,18494,-13991,4503,5996,-7081,-1085,2729,-6147,-3418,NaN,NaN,NaN,NaN,NaN,18494,-13991,4503,5996,-7081,-1085,2729,-6147,-3418
2022-11-02T22:00:00Z,20.67,20.94,20.64,20.82,18494,-13991,4503,5996,-7081,-1085,2729,-6147,-3418,NaN,NaN,NaN,NaN,NaN,18494,-13991,4503,5996,-7081,-1085,2729,-6147,-3418
2022-11-03T22:00:00Z,20.9,21,20.69,20.85,18494,-13991,4503,5996,-7081,-1085,2729,-6147,-3418,NaN,NaN,NaN,NaN,NaN,18494,-13991,4503,5996,-7081,-1085,2729,-6147,-3418
2022-11-06T23:00:00Z,20.9,20.95,20.83,20.9,18494,-13991,4503,5996,-7081,-1085,2729,-6147,-3418,NaN,NaN,NaN,NaN,NaN,18494,-13991,4503,5996,-7081,-1085,2729,-6147,-3418
2022-11-07T23:00:00Z,20.87,20.93,20.78,20.9,15894,-10902,4992,4268,-5906,-1638,2464,-5818,-3354,NaN,NaN,NaN,NaN,NaN,15894,-10902,4992,4268,-5906,-1638,2464,-5818,-3354
2022-11-08T23:00:00Z,20.85,21.05,20.85,20.88,15894,-10902,4992,4268,-5906,-1638,2464,-5818,-3354,NaN,NaN,NaN,NaN,NaN,15894,-10902,4992,4268,-5906,-1638,2464,-5818,-3354
2022-11-09T23:00:00Z,20.88,20.98,20.87,20.94,15894,-10902,4992,4268,-5906,-1638,2464,-5818,-3354,NaN,NaN,NaN,NaN,NaN,15894,-10902,4992,4268,-5906,-1638,2464,-5818,-3354
2022-11-10T23:00:00Z,20.93,20.99,20.91,20.95,15894,-10902,4992,4268,-5906,-1638,2464,-5818,-3354,NaN,NaN,NaN,NaN,NaN,15894,-10902,4992,4268,-5906,-1638,2464,-5818,-3354
2022-11-13T23:00:00Z,20.96,20.99,20.94,20.99,15894,-10902,4992,4268,-5906,-1638,2464,-5818,-3354,NaN,NaN,NaN,NaN,NaN,15894,-10902,4992,4268,-5906,-1638,2464,-5818,-3354
2022-11-14T23:00:00Z,21,21.02,20.99,21,15792,-11763,4029,5014,-5616,-602,2590,-6017,-3427,NaN,NaN,NaN,NaN,NaN,15792,-11763,4029,5014,-5616,-602,2590,-6017,-3427
2022-11-15T23:00:00Z,21.01,21.01,20.98,21,15792,-11763,4029,5014,-5616,-602,2590,-6017,-3427,NaN,NaN,NaN,NaN,NaN,15792,-11763,4029,5014,-5616,-602,2590,-6017,-3427
2022-11-16T23:00:00Z,21.04,21.05,21.03,21.03,15792,-11763,4029,5014,-5616,-602,2590,-6017,-3427,NaN,NaN,NaN,NaN,NaN,15792,-11763,4029,5014,-5616,-602,2590,-6017,-3427
2022-11-17T23:00:00Z,21.02,21.05,21.01,21.02,15792,-11763,4029,5014,-5616,-602,2590,-6017,-3427,NaN,NaN,NaN,NaN,NaN,15792,-11763,4029,5014,-5616,-602,2590,-6017,-3427
2022-11-20T23:00:00Z,21.02,21.04,21.01,21.02,15792,-11763,4029,5014,-5616,-602,2590,-6017,-3427,NaN,NaN,NaN,NaN,NaN,15792,-11763,4029,5014,-5616,-602,2590,-6017,-3427
2022-11-21T23:00:00Z,21.01,21.04,21.01,21.04,15771,-12354,3417,5147,-4860,287,2761,-6465,-3704,NaN,NaN,NaN,NaN,NaN,15771,-12354,3417,5147,-4860,287,2761,-6465,-3704
2022-11-22T23:00:00Z,21.08,21.08,20.3,20.31,15771,-12354,3417,5147,-4860,287,2761,-6465,-3704,NaN,NaN,NaN,NaN,NaN,15771,-12354,3417,5147,-4860,287,2761,-6465,-3704
2022-11-27T23:00:00Z,20.3,20.3,19.86,20.18,15771,-12354,3417,5147,-4860,287,2761,-6465,-3704,NaN,NaN,NaN,NaN,NaN,15771,-12354,3417,5147,-4860,287,2761,-6465,-3704
2022-11-28T23:00:00Z,20.15,20.19,19.81,19.83,16246,-12157,4089,4323,-4678,-355,2766,-6500,-3734,NaN,NaN,NaN,NaN,NaN,16246,-12157,4089,4323,-4678,-355,2766,-6500,-3734
2022-11-29T23:00:00Z,19.9,19.98,19.76,19.91,16246,-12157,4089,4323,-4678,-355,2766,-6500,-3734,NaN,NaN,NaN,NaN,NaN,16246,-12157,4089,4323,-4678,-355,2766,-6500,-3734
2022-11-30T23:00:00Z,19.89,20.3,19.83,20.3,16246,-12157,4089,4323,-4678,-355,2766,-6500,-3734,NaN,NaN,NaN,NaN,NaN,16246,-12157,4089,4323,-4678,-355,2766,-6500,-3734
2022-12-01T23:00:00Z,20.29,20.4,20.2,20.28,16246,-12157,4089,4323,-4678,-355,2766,-6500,-3734,NaN,NaN,NaN,NaN,NaN,16246,-12157,4089,4323,-4678,-355,2766,-6500,-3734
2022-12-04T23:00:00Z,20.3,20.45,20.27,20.41,16246,-12157,4089,4323,-4678,-355,2766,-6500,-3734,NaN,NaN,NaN,NaN,NaN,16246,-12157,4089,4323,-4678,-355,2766,-6500,-3734
2022-12-05T23:00:00Z,20.4,20.6,20.31,20.44,14185,-9963,4222,3082,-4057,-975,2247,-5494,-3247,NaN,NaN,NaN,NaN,NaN,14185,-9963,4222,3082,-4057,-975,2247,-5494,-3247
2022-12-06T23:00:00Z,20.5,20.5,20.2,20.42,14185,-9963,4222,3082,-4057,-975,2247,-5494,-3247,NaN,NaN,NaN,NaN,NaN,14185,-9963,4222,3082,-4057,-975,2247,-5494,-3247
2022-12-07T23:00:00Z,20.38,20.47,20.35,20.42,14185,-9963,4222,3082,-4057,-975,2247,-5494,-3247,NaN,NaN,NaN,NaN,NaN,14185,-9963,4222,3082,-4057,-975,2247,-5494,-3247
2022-12-08T23:00:00Z,20.43,20.56,20.43,20.5,14185,-9963,4222,3082,-4057,-975,2247,-5494,-3247,NaN,NaN,NaN,NaN,NaN,14185,-9963,4222,3082,-4057,-975,2247,-5494,-3247
2022-12-11T23:00:00Z,20.39,20.5,20.39,20.5,14185,-9963,4222,3082,-4057,-975,2247,-5494,-3247,NaN,NaN,NaN,NaN,NaN,14185,-9963,4222,3082,-4057,-975,2247,-5494,-3247
2022-12-12T23:00:00Z,20.5,20.53,20.46,20.48,15181,-10410,4771,3474,-4725,-1251,2539,-6059,-3520,NaN,NaN,NaN,NaN,NaN,15181,-10410,4771,3474,-4725,-1251,2539,-6059,-3520
2022-12-13T23:00:00Z,20.48,20.61,20.48,20.61,15181,-10410,4771,3474,-4725,-1251,2539,-6059,-3520,NaN,NaN,NaN,NaN,NaN,15181,-10410,4771,3474,-4725,-1251,2539,-6059,-3520
2022-12-14T23:00:00Z,20.6,20.65,20.53,20.56,15181,-10410,4771,3474,-4725,-1251,2539,-6059,-3520,NaN,NaN,NaN,NaN,NaN,15181,-10410,4771,3474,-4725,-1251,2539,-6059,-3520
2022-12-15T23:00:00Z,20.56,20.58,20.49,20.52,15181,-10410,4771,3474,-4725,-1251,2539,-6059,-3520,NaN,NaN,NaN,NaN,NaN,15181,-10410,4771,3474,-4725,-1251,2539,-6059,-3520
2022-12-18T23:00:00Z,20.5,20.53,20.5,20.53,15181,-10410,4771,3474,-4725,-1251,2539,-6059,-3520,NaN,NaN,NaN,NaN,NaN,15181,-10410,4771,3474,-4725,-1251,2539,-6059,-3520
2022-12-19T23:00:00Z,20.53,20.57,20.51,20.51,16193,-10639,5554,4123,-5836,-1713,2619,-6460,-3841,NaN,NaN,NaN,NaN,NaN,16193,-10639,5554,4123,-5836,-1713,2619,-6460,-3841
2022-12-20T23:00:00Z,20.53,20.58,20.53,20.55,16193,-10639,5554,4123,-5836,-1713,2619,-6460,-3841,NaN,NaN,NaN,NaN,NaN,16193,-10639,5554,4123,-5836,-1713,2619,-6460,-3841
2022-12-21T23:00:00Z,20.53,20.57,20.52,20.56,16193,-10639,5554,4123,-5836,-1713,2619,-6460,-3841,NaN,NaN,NaN,NaN,NaN,16193,-10639,5554,4123,-5836,-1713,2619,-6460,-3841
2022-12-22T23:00:00Z,20.53,20.54,20.53,20.53,16193,-10639,5554,4123,-5836,-1713,2619,-6460,-3841,NaN,NaN,NaN,NaN,NaN,16193,-10639,5554,4123,-5836,-1713,2619,-6460,-3841
2022-12-26T23:00:00Z,20.53,20.54,20.53,20.53,17380,-11110,6270,4563,-7192,-2629,2755,-6396,-3641,NaN,NaN,NaN,NaN,NaN,17380,-11110,6270,4563,-7192,-2629,2755,-6396,-3641
2022-12-27T23:00:00Z,20.53,20.53,20.5,20.51,17380,-11110,6270,4563,-7192,-2629,2755,-6396,-3641,NaN,NaN,NaN,NaN,NaN,17380,-11110,6270,4563,-7192,-2629,2755,-6396,-3641
2022-12-28T23:00:00Z,20.51,20.52,20.45,20.48,17380,-11110,6270,4563,-7192,-2629,2755,-6396,-3641,NaN,NaN,NaN,NaN,NaN,17380,-11110,6270,4563,-7192,-2629,2755,-6396,-3641
2022-12-29T23:00:00Z,19.8,19.82,19.26,19.47,17380,-11110,6270,4563,-7192,-2629,2755,-6396,-3641,NaN,NaN,NaN,NaN,NaN,17380,-11110,6270,4563,-7192,-2629,2755,-6396,-3641
2023-01-02T23:00:00Z,19.4,19.56,19.02,19.09,17380,-11110,6270,4563,-7192,-2629,2755,-6396,-3641,NaN,NaN,NaN,NaN,NaN,17380,-11110,6270,4563,-7192,-2629,2755,-6396,-3641
2023-01-03T23:00:00Z,19.07,19.07,19.07,19.07,17380,-11110,6270,4563,-7192,-2629,2755,-6396,-3641,NaN,NaN,NaN,NaN,NaN,17380,-11110,6270,4563,-7192,-2629,2755,-6396,-3641