,asofdate,pnl,strategy,positionType,position_identifier
0,2015-11-16 14:30:00+00:00,0.0,arma_ma,no_position,DAX_no_position_0
1,2015-11-17 14:30:00+00:00,0.0,arma_ma,no_position,DAX_no_position_0
2,2015-11-18 14:30:00+00:00,0.0,arma_ma,no_position,DAX_no_position_0
3,2015-11-19 14:30:00+00:00,0.0,arma_ma,no_position,DAX_no_position_0
4,2015-11-20 14:30:00+00:00,0.0,arma_ma,no_position,DAX_no_position_0
5,2015-11-23 14:30:00+00:00,-0.13800000000000168,arma_ma,long,DAX_long_5
6,2015-11-24 14:30:00+00:00,-0.15919999999999845,arma_ma,long,DAX_long_5
7,2015-11-25 14:30:00+00:00,-0.16280000000000072,arma_ma,long,DAX_long_5
8,2015-11-27 14:30:00+00:00,0.41999999999999815,arma_ma,long,DAX_long_5
9,2015-11-30 14:30:00+00:00,0.2699999999999996,arma_ma,long,DAX_long_5
10,2015-12-01 14:30:00+00:00,0.08000000000000185,arma_ma,long,DAX_long_10
11,2015-12-02 14:30:00+00:00,-0.05999999999999872,arma_ma,long,DAX_long_10
12,2015-12-03 14:30:00+00:00,-0.3500000000000014,arma_ma,long,DAX_long_10
13,2015-12-04 14:30:00+00:00,-0.3039999999999985,arma_ma,long,DAX_long_10
14,2015-12-07 14:30:00+00:00,0.24499999999999744,arma_ma,long,DAX_long_10
15,2015-12-08 14:30:00+00:00,0.0,arma_ma,no_position,DAX_no_position_15
16,2015-12-09 14:30:00+00:00,0.0,arma_ma,no_position,DAX_no_position_15
17,2015-12-11 14:30:00+00:00,0.0,arma_ma,no_position,DAX_no_position_15
18,2015-12-14 14:30:00+00:00,0.0,arma_ma,no_position,DAX_no_position_15
19,2015-12-15 14:30:00+00:00,0.0,arma_ma,no_position,DAX_no_position_15
20,2015-12-16 14:30:00+00:00,0.0,arma_ma,no_position,DAX_no_position_20
21,2015-12-17 14:30:00+00:00,0.0,arma_ma,no_position,DAX_no_position_20
22,2015-12-18 14:30:00+00:00,0.0,arma_ma,no_position,DAX_no_position_20
23,2015-12-21 14:30:00+00:00,0.0,arma_ma,no_position,DAX_no_position_20
24,2015-12-22 14:30:00+00:00,0.0,arma_ma,no_position,DAX_no_position_20
25,2015-12-23 14:30:00+00:00,0.14010000000000034,arma_ma,long,DAX_long_25
26,2015-12-24 14:30:00+00:00,0.35989999999999966,arma_ma,long,DAX_long_25
27,2015-12-28 14:30:00+00:00,-0.029999999999997584,arma_ma,long,DAX_long_25
28,2015-12-29 14:30:00+00:00,0.019999999999999574,arma_ma,long,DAX_long_25
29,2015-12-30 14:30:00+00:00,0.346899999999998,arma_ma,long,DAX_long_25
30,2015-12-31 14:30:00+00:00,0.0,arma_ma,no_position,DAX_no_position_30
31,2016-01-04 14:30:00+00:00,0.0,arma_ma,no_position,DAX_no_position_30
32,2016-01-05 14:30:00+00:00,0.0,arma_ma,no_position,DAX_no_position_30
33,2016-01-06 14:30:00+00:00,0.0,arma_ma,no_position,DAX_no_position_30
34,2016-01-07 14:30:00+00:00,0.0,arma_ma,no_position,DAX_no_position_30
35,2016-01-08 14:30:00+00:00,0.41999999999999815,arma_ma,short,DAX_short_35
36,2016-01-11 14:30:00+00:00,0.21999999999999886,arma_ma,short,DAX_short_35
37,2016-01-12 14:30:00+00:00,-0.17999999999999972,arma_ma,short,DAX_short_35
38,2016-01-13 14:30:00+00:00,-0.2799999999999976,arma_ma,short,DAX_short_35
39,2016-01-14 14:30:00+00:00,0.4869999999999983,arma_ma,short,DAX_short_35
40,2016-01-15 14:30:00+00:00,-0.15700000000000003,arma_ma,short,DAX_short_40
41,2016-01-19 14:30:00+00:00,0.8099999999999987,arma_ma,short,DAX_short_40
42,2016-01-20 14:30:00+00:00,-0.31999999999999673,arma_ma,short,DAX_short_40
43,2016-01-21 14:30:00+00:00,0.4099999999999966,arma_ma,short,DAX_short_40
44,2016-01-22 14:30:00+00:00,-0.25,arma_ma,short,DAX_short_40
45,2016-01-25 14:30:00+00:00,0.0,arma_ma,no_position,DAX_no_position_45
46,2016-01-26 14:30:00+00:00,0.0,arma_ma,no_position,DAX_no_position_45
47,2016-01-27 14:30:00+00:00,0.0,arma_ma,no_position,DAX_no_position_45
48,2016-01-28 14:30:00+00:00,0.0,arma_ma,no_position,DAX_no_position_45
49,2016-01-29 14:30:00+00:00,0.0,arma_ma,no_position,DAX_no_position_45
50,2016-02-01 14:30:00+00:00,0.0,arma_ma,no_position,DAX_no_position_50
51,2016-02-02 14:30:00+00:00,0.0,arma_ma,no_position,DAX_no_position_50
52,2016-02-03 14:30:00+00:00,0.0,arma_ma,no_position,DAX_no_position_50
53,2016-02-04 14:30:00+00:00,0.0,arma_ma,no_position,DAX_no_position_50
54,2016-02-05 14:30:00+00:00,0.0,arma_ma,no_position,DAX_no_position_50
55,2016-02-08 14:30:00+00:00,0.40800000000000125,arma_ma,short,DAX_short_55
56,2016-02-09 14:30:00+00:00,0.6401000000000003,arma_ma,short,DAX_short_55
57,2016-02-10 14:30:00+00:00,-0.07010000000000005,arma_ma,short,DAX_short_55
58,2016-02-11 14:30:00+00:00,-0.25200000000000244,arma_ma,short,DAX_short_55
59,2016-02-12 14:30:00+00:00,0.4194000000000031,arma_ma,short,DAX_short_55
60,2016-02-17 14:30:00+00:00,0.0,arma_ma,no_position,DAX_no_position_60
61,2016-02-18 14:30:00+00:00,0.0,arma_ma,no_position,DAX_no_position_60
62,2016-02-19 14:30:00+00:00,0.0,arma_ma,no_position,DAX_no_position_60
63,2016-02-22 14:30:00+00:00,0.0,arma_ma,no_position,DAX_no_position_60
64,2016-02-23 14:30:00+00:00,0.0,arma_ma,no_position,DAX_no_position_60
65,2016-02-24 14:30:00+00:00,0.22000000000000242,arma_ma,short,DAX_short_65
66,2016-02-26 14:30:00+00:00,0.4299999999999997,arma_ma,short,DAX_short_65
67,2016-02-29 14:30:00+00:00,-0.33000000000000185,arma_ma,short,DAX_short_65
68,2016-03-01 14:30:00+00:00,0.21000000000000085,arma_ma,short,DAX_short_65
69,2016-03-02 14:30:00+00:00,-0.6499999999999986,arma_ma,short,DAX_short_65
70,2016-03-03 14:30:00+00:00,0.0,arma_ma,no_position,DAX_no_position_70
71,2016-03-04 14:30:00+00:00,0.0,arma_ma,no_position,DAX_no_position_70
72,2016-03-07 14:30:00+00:00,0.0,arma_ma,no_position,DAX_no_position_70
73,2016-03-08 14:30:00+00:00,0.0,arma_ma,no_position,DAX_no_position_70
74,2016-03-09 14:30:00+00:00,0.0,arma_ma,no_position,DAX_no_position_70
75,2016-03-10 14:30:00+00:00,-0.06989999999999696,arma_ma,short,DAX_short_75
76,2016-03-11 14:30:00+00:00,0.10989999999999966,arma_ma,short,DAX_short_75
77,2016-03-14 13:30:00+00:00,-0.8399999999999999,arma_ma,short,DAX_short_75
78,2016-03-15 13:30:00+00:00,-0.08990000000000009,arma_ma,short,DAX_short_75
79,2016-03-16 13:30:00+00:00,0.11410000000000053,arma_ma,short,DAX_short_75
80,2016-03-17 13:30:00+00:00,0.0,arma_ma,no_position,DAX_no_position_80
81,2016-03-18 13:30:00+00:00,0.0,arma_ma,no_position,DAX_no_position_80
82,2016-03-21 13:30:00+00:00,0.0,arma_ma,no_position,DAX_no_position_80
83,2016-03-22 13:30:00+00:00,0.0,arma_ma,no_position,DAX_no_position_80
84,2016-03-23 13:30:00+00:00,0.0,arma_ma,no_position,DAX_no_position_80
85,2016-03-24 13:30:00+00:00,0.0,arma_ma,no_position,DAX_no_position_85
86,2016-03-28 13:30:00+00:00,0.0,arma_ma,no_position,DAX_no_position_85
87,2016-03-29 13:30:00+00:00,0.0,arma_ma,no_position,DAX_no_position_85
88,2016-03-30 13:30:00+00:00,0.0,arma_ma,no_position,DAX_no_position_85
89,2016-03-31 13:30:00+00:00,0.0,arma_ma,no_position,DAX_no_position_85
90,2016-04-01 13:30:00+00:00,-0.14000000000000057,arma_ma,long,DAX_long_90
91,2016-04-04 13:30:00+00:00,-0.3100000000000023,arma_ma,long,DAX_long_90
92,2016-04-05 13:30:00+00:00,0.014000000000002899,arma_ma,long,DAX_long_90
93,2016-04-06 13:30:00+00:00,-0.7429000000000023,arma_ma,long,DAX_long_90
94,2016-04-07 13:30:00+00:00,0.3290000000000006,arma_ma,long,DAX_long_90
95,2016-04-08 13:30:00+00:00,0.0,arma_ma,no_position,DAX_no_position_95
96,2016-04-11 13:30:00+00:00,0.0,arma_ma,no_position,DAX_no_position_95
97,2016-04-12 13:30:00+00:00,0.0,arma_ma,no_position,DAX_no_position_95
98,2016-04-13 13:30:00+00:00,0.0,arma_ma,no_position,DAX_no_position_95
99,2016-04-14 13:30:00+00:00,0.0,arma_ma,no_position,DAX_no_position_95
100,2016-04-15 13:30:00+00:00,0.120000000000001,arma_ma,long,DAX_long_100
101,2016-04-18 13:30:00+00:00,-0.120000000000001,arma_ma,long,DAX_long_100
102,2016-04-19 13:30:00+00:00,0.3200000000000003,arma_ma,long,DAX_long_100
103,2016-04-20 13:30:00+00:00,0.5999999999999979,arma_ma,long,DAX_long_100
104,2016-04-21 13:30:00+00:00,0.11000000000000298,arma_ma,long,DAX_long_100
105,2016-04-22 13:30:00+00:00,-0.10000000000000142,arma_ma,long,DAX_long_105
106,2016-04-25 13:30:00+00:00,-0.23999999999999844,arma_ma,long,DAX_long_105
107,2016-04-26 13:30:00+00:00,-0.07000000000000028,arma_ma,long,DAX_long_105
108,2016-04-27 13:30:00+00:00,-0.030000000000001137,arma_ma,long,DAX_long_105
109,2016-04-29 13:30:00+00:00,0.0799999999999983,arma_ma,long,DAX_long_105
110,2016-05-02 13:30:00+00:00,-0.2184999999999988,arma_ma,long,DAX_long_110
111,2016-05-03 13:30:00+00:00,0.29850000000000065,arma_ma,long,DAX_long_110
112,2016-05-04 13:30:00+00:00,-0.4400000000000013,arma_ma,long,DAX_long_110
113,2016-05-05 13:30:00+00:00,-0.4042999999999992,arma_ma,long,DAX_long_110
114,2016-05-06 13:30:00+00:00,-0.19569999999999865,arma_ma,long,DAX_long_110
115,2016-05-09 13:30:00+00:00,0.0,arma_ma,no_position,DAX_no_position_115
116,2016-05-10 13:30:00+00:00,0.0,arma_ma,no_position,DAX_no_position_115
117,2016-05-11 13:30:00+00:00,0.0,arma_ma,no_position,DAX_no_position_115
118,2016-05-12 13:30:00+00:00,0.0,arma_ma,no_position,DAX_no_position_115
119,2016-05-13 13:30:00+00:00,0.0,arma_ma,no_position,DAX_no_position_115
120,2016-05-16 13:30:00+00:00,0.0,arma_ma,no_position,DAX_no_position_120
121,2016-05-17 13:30:00+00:00,0.0,arma_ma,no_position,DAX_no_position_120
122,2016-05-19 13:30:00+00:00,0.0,arma_ma,no_position,DAX_no_position_120
123,2016-05-20 13:30:00+00:00,0.0,arma_ma,no_position,DAX_no_position_120
124,2016-05-23 13:30:00+00:00,0.0,arma_ma,no_position,DAX_no_position_120
125,2016-05-24 13:30:00+00:00,-0.10000000000000142,arma_ma,long,DAX_long_125
126,2016-05-25 13:30:00+00:00,0.4288000000000025,arma_ma,long,DAX_long_125
127,2016-05-26 13:30:00+00:00,0.29229999999999734,arma_ma,long,DAX_long_125
128,2016-05-27 13:30:00+00:00,0.20390000000000086,arma_ma,long,DAX_long_125
129,2016-05-31 13:30:00+00:00,-0.06500000000000128,arma_ma,long,DAX_long_125
130,2016-06-01 13:30:00+00:00,-0.08999999999999986,arma_ma,long,DAX_long_130
131,2016-06-06 13:30:00+00:00,0.0,arma_ma,long,DAX_long_130
132,2016-06-07 13:30:00+00:00,0.22600000000000264,arma_ma,long,DAX_long_130
133,2016-06-08 13:30:00+00:00,0.31400000000000006,arma_ma,long,DAX_long_130
134,2016-06-09 13:30:00+00:00,0.03989999999999938,arma_ma,long,DAX_long_130
135,2016-06-10 13:30:00+00:00,0.0,arma_ma,no_position,DAX_no_position_135
136,2016-06-13 13:30:00+00:00,0.0,arma_ma,no_position,DAX_no_position_135
137,2016-06-14 13:30:00+00:00,0.0,arma_ma,no_position,DAX_no_position_135
138,2016-06-15 13:30:00+00:00,0.0,arma_ma,no_position,DAX_no_position_135
139,2016-06-16 13:30:00+00:00,0.0,arma_ma,no_position,DAX_no_position_135
140,2016-06-17 13:30:00+00:00,-0.10999999999999943,arma_ma,short,DAX_short_140
141,2016-06-20 13:30:00+00:00,-0.24099999999999966,arma_ma,short,DAX_short_140
142,2016-06-21 13:30:00+00:00,-0.6009999999999991,arma_ma,short,DAX_short_140
143,2016-06-22 13:30:00+00:00,-0.3180000000000014,arma_ma,short,DAX_short_140
144,2016-06-23 13:30:00+00:00,0.129999999999999,arma_ma,short,DAX_short_140
145,2016-06-24 13:30:00+00:00,0.0,arma_ma,no_position,DAX_no_position_145
146,2016-06-27 13:30:00+00:00,0.0,arma_ma,no_position,DAX_no_position_145
147,2016-06-28 13:30:00+00:00,0.0,arma_ma,no_position,DAX_no_position_145
148,2016-06-29 13:30:00+00:00,0.0,arma_ma,no_position,DAX_no_position_145
149,2016-06-30 13:30:00+00:00,0.0,arma_ma,no_position,DAX_no_position_145
150,2016-07-01 13:30:00+00:00,0.0,arma_ma,no_position,DAX_no_position_150
151,2016-07-05 13:30:00+00:00,0.0,arma_ma,no_position,DAX_no_position_150
152,2016-07-06 13:30:00+00:00,0.0,arma_ma,no_position,DAX_no_position_150
153,2016-07-07 13:30:00+00:00,0.0,arma_ma,no_position,DAX_no_position_150
154,2016-07-08 13:30:00+00:00,0.0,arma_ma,no_position,DAX_no_position_150
155,2016-07-11 13:30:00+00:00,-0.5300000000000011,arma_ma,short,DAX_short_155
156,2016-07-12 13:30:00+00:00,-0.4231999999999978,arma_ma,short,DAX_short_155
157,2016-07-13 13:30:00+00:00,-0.3268000000000022,arma_ma,short,DAX_short_155
158,2016-07-14 13:30:00+00:00,-0.038000000000000256,arma_ma,short,DAX_short_155
159,2016-07-15 13:30:00+00:00,-0.3918999999999997,arma_ma,short,DAX_short_155
160,2016-07-18 13:30:00+00:00,0.0,arma_ma,no_position,DAX_no_position_160
161,2016-07-19 13:30:00+00:00,0.0,arma_ma,no_position,DAX_no_position_160
162,2016-07-20 13:30:00+00:00,0.0,arma_ma,no_position,DAX_no_position_160
163,2016-07-21 13:30:00+00:00,0.0,arma_ma,no_position,DAX_no_position_160
164,2016-07-22 13:30:00+00:00,0.0,arma_ma,no_position,DAX_no_position_160
165,2016-07-25 13:30:00+00:00,0.0,arma_ma,no_position,DAX_no_position_165
166,2016-07-26 13:30:00+00:00,0.0,arma_ma,no_position,DAX_no_position_165
167,2016-07-27 13:30:00+00:00,0.0,arma_ma,no_position,DAX_no_position_165
168,2016-07-28 13:30:00+00:00,0.0,arma_ma,no_position,DAX_no_position_165
169,2016-07-29 13:30:00+00:00,0.0,arma_ma,no_position,DAX_no_position_165
170,2016-08-01 13:30:00+00:00,0.21010000000000062,arma_ma,long,DAX_long_170
171,2016-08-02 13:30:00+00:00,-0.10010000000000119,arma_ma,long,DAX_long_170
172,2016-08-03 13:30:00+00:00,-0.23000000000000043,arma_ma,long,DAX_long_170
173,2016-08-04 13:30:00+00:00,-0.0070000000000014495,arma_ma,long,DAX_long_170
174,2016-08-05 13:30:00+00:00,-0.0030000000000001137,arma_ma,long,DAX_long_170
175,2016-08-08 13:30:00+00:00,0.24890000000000256,arma_ma,long,DAX_long_175
176,2016-08-09 13:30:00+00:00,0.09110000000000085,arma_ma,long,DAX_long_175
177,2016-08-10 13:30:00+00:00,0.6433999999999997,arma_ma,long,DAX_long_175
178,2016-08-11 13:30:00+00:00,0.08659999999999712,arma_ma,long,DAX_long_175
179,2016-08-12 13:30:00+00:00,0.11000000000000298,arma_ma,long,DAX_long_175
180,2016-08-15 13:30:00+00:00,-0.020000000000003126,arma_ma,long,DAX_long_180
181,2016-08-16 13:30:00+00:00,0.120000000000001,arma_ma,long,DAX_long_180
182,2016-08-17 13:30:00+00:00,0.06010000000000204,arma_ma,long,DAX_long_180
183,2016-08-18 13:30:00+00:00,-0.13510000000000133,arma_ma,long,DAX_long_180
184,2016-08-19 13:30:00+00:00,0.125,arma_ma,long,DAX_long_180
185,2016-08-23 13:30:00+00:00,0.0,arma_ma,no_position,DAX_no_position_185
186,2016-08-24 13:30:00+00:00,0.0,arma_ma,no_position,DAX_no_position_185
187,2016-08-25 13:30:00+00:00,0.0,arma_ma,no_position,DAX_no_position_185
188,2016-08-26 13:30:00+00:00,0.0,arma_ma,no_position,DAX_no_position_185
189,2016-08-29 13:30:00+00:00,0.0,arma_ma,no_position,DAX_no_position_185
190,2016-08-30 13:30:00+00:00,0.0,arma_ma,no_position,DAX_no_position_190
191,2016-08-31 13:30:00+00:00,0.0,arma_ma,no_position,DAX_no_position_190
192,2016-09-01 13:30:00+00:00,0.0,arma_ma,no_position,DAX_no_position_190
193,2016-09-02 13:30:00+00:00,0.0,arma_ma,no_position,DAX_no_position_190
194,2016-09-06 13:30:00+00:00,0.0,arma_ma,no_position,DAX_no_position_190
195,2016-09-07 13:30:00+00:00,0.21009999999999707,arma_ma,long,DAX_long_195
196,2016-09-08 13:30:00+00:00,0.12900000000000134,arma_ma,long,DAX_long_195
197,2016-09-09 13:30:00+00:00,-0.13700000000000045,arma_ma,long,DAX_long_195
198,2016-09-12 13:30:00+00:00,-0.4919000000000011,arma_ma,long,DAX_long_195
199,2016-09-13 13:30:00+00:00,-0.10009999999999764,arma_ma,long,DAX_long_195
200,2016-09-14 13:30:00+00:00,0.0,arma_ma,no_position,DAX_no_position_200
201,2016-09-15 13:30:00+00:00,0.0,arma_ma,no_position,DAX_no_position_200
202,2016-09-16 13:30:00+00:00,0.0,arma_ma,no_position,DAX_no_position_200
203,2016-09-19 13:30:00+00:00,0.0,arma_ma,no_position,DAX_no_position_200
204,2016-09-20 13:30:00+00:00,0.0,arma_ma,no_position,DAX_no_position_200
205,2016-09-21 13:30:00+00:00,0.15729999999999933,arma_ma,long,DAX_long_205
206,2016-09-22 13:30:00+00:00,0.2626999999999988,arma_ma,long,DAX_long_205
207,2016-09-23 13:30:00+00:00,0.432500000000001,arma_ma,long,DAX_long_205
208,2016-09-26 13:30:00+00:00,-0.12250000000000227,arma_ma,long,DAX_long_205
209,2016-09-27 13:30:00+00:00,-0.4499999999999993,arma_ma,long,DAX_long_205
210,2016-09-28 13:30:00+00:00,0.0,arma_ma,no_position,DAX_no_position_210
211,2016-09-29 13:30:00+00:00,0.0,arma_ma,no_position,DAX_no_position_210
212,2016-09-30 13:30:00+00:00,0.0,arma_ma,no_position,DAX_no_position_210
213,2016-10-03 13:30:00+00:00,0.0,arma_ma,no_position,DAX_no_position_210
214,2016-10-04 13:30:00+00:00,0.0,arma_ma,no_position,DAX_no_position_210
215,2016-10-05 13:30:00+00:00,0.12310000000000088,arma_ma,long,DAX_long_215
216,2016-10-06 13:30:00+00:00,0.12549999999999883,arma_ma,long,DAX_long_215
217,2016-10-07 13:30:00+00:00,-0.12859999999999872,arma_ma,long,DAX_long_215
218,2016-10-10 13:30:00+00:00,-0.16000000000000014,arma_ma,long,DAX_long_215
219,2016-10-11 13:30:00+00:00,0.21000000000000085,arma_ma,long,DAX_long_215
220,2016-10-12 13:30:00+00:00,0.0,arma_ma,no_position,DAX_no_position_220
221,2016-10-13 13:30:00+00:00,0.0,arma_ma,no_position,DAX_no_position_220
222,2016-10-14 13:30:00+00:00,0.0,arma_ma,no_position,DAX_no_position_220
223,2016-10-17 13:30:00+00:00,0.0,arma_ma,no_position,DAX_no_position_220
224,2016-10-18 13:30:00+00:00,0.0,arma_ma,no_position,DAX_no_position_220
225,2016-10-19 13:30:00+00:00,0.25,arma_ma,long,DAX_long_225
226,2016-10-20 13:30:00+00:00,0.0,arma_ma,long,DAX_long_225
227,2016-10-21 13:30:00+00:00,0.05010000000000048,arma_ma,long,DAX_long_225
228,2016-10-24 13:30:00+00:00,-0.10010000000000119,arma_ma,long,DAX_long_225
229,2016-10-25 13:30:00+00:00,0.10999999999999943,arma_ma,long,DAX_long_225
230,2016-10-26 13:30:00+00:00,-0.010000000000001563,arma_ma,short,DAX_short_230
231,2016-10-27 13:30:00+00:00,0.120000000000001,arma_ma,short,DAX_short_230
232,2016-10-28 13:30:00+00:00,-0.08000000000000185,arma_ma,short,DAX_short_230
233,2016-10-31 13:30:00+00:00,-0.00999999999999801,arma_ma,short,DAX_short_230
234,2016-11-02 13:30:00+00:00,-0.010000000000001563,arma_ma,short,DAX_short_230
235,2016-11-03 13:30:00+00:00,0.365000000000002,arma_ma,short,DAX_short_235
236,2016-11-04 13:30:00+00:00,0.17499999999999716,arma_ma,short,DAX_short_235
237,2016-11-07 14:30:00+00:00,0.15000000000000213,arma_ma,short,DAX_short_235
238,2016-11-08 14:30:00+00:00,-0.379999999999999,arma_ma,short,DAX_short_235
239,2016-11-09 14:30:00+00:00,-0.13000000000000256,arma_ma,short,DAX_short_235
240,2016-11-10 14:30:00+00:00,0.0,arma_ma,no_position,DAX_no_position_240
241,2016-11-11 14:30:00+00:00,0.0,arma_ma,no_position,DAX_no_position_240
242,2016-11-14 14:30:00+00:00,0.0,arma_ma,no_position,DAX_no_position_240
243,2016-11-15 14:30:00+00:00,0.0,arma_ma,no_position,DAX_no_position_240
244,2016-11-16 14:30:00+00:00,0.0,arma_ma,no_position,DAX_no_position_240
245,2016-11-17 14:30:00+00:00,0.23000000000000043,arma_ma,short,DAX_short_245
246,2016-11-18 14:30:00+00:00,-0.019999999999999574,arma_ma,short,DAX_short_245
247,2016-11-21 14:30:00+00:00,0.17999999999999972,arma_ma,short,DAX_short_245
248,2016-11-23 14:30:00+00:00,-0.10000000000000142,arma_ma,short,DAX_short_245
249,2016-11-25 14:30:00+00:00,0.19930000000000092,arma_ma,short,DAX_short_245
250,2016-11-28 14:30:00+00:00,-0.029299999999999216,arma_ma,short,DAX_short_250
251,2016-11-29 14:30:00+00:00,0.11999999999999744,arma_ma,short,DAX_short_250
252,2016-11-30 14:30:00+00:00,-0.2242999999999995,arma_ma,short,DAX_short_250
253,2016-12-01 14:30:00+00:00,0.13429999999999964,arma_ma,short,DAX_short_250
254,2016-12-02 14:30:00+00:00,0.17999999999999972,arma_ma,short,DAX_short_250
255,2016-12-05 14:30:00+00:00,0.0,arma_ma,no_position,DAX_no_position_255
256,2016-12-06 14:30:00+00:00,0.0,arma_ma,no_position,DAX_no_position_255
257,2016-12-07 14:30:00+00:00,0.0,arma_ma,no_position,DAX_no_position_255
258,2016-12-08 14:30:00+00:00,0.0,arma_ma,no_position,DAX_no_position_255
259,2016-12-09 14:30:00+00:00,0.0,arma_ma,no_position,DAX_no_position_255
260,2016-12-12 14:30:00+00:00,-0.010799999999999699,arma_ma,long,DAX_long_260
261,2016-12-13 14:30:00+00:00,0.05749999999999744,arma_ma,long,DAX_long_260
262,2016-12-14 14:30:00+00:00,0.2261000000000024,arma_ma,long,DAX_long_260
263,2016-12-15 14:30:00+00:00,-0.4128000000000007,arma_ma,long,DAX_long_260
264,2016-12-16 14:30:00+00:00,0.07000000000000028,arma_ma,long,DAX_long_260
265,2016-12-19 14:30:00+00:00,0.0,arma_ma,no_position,DAX_no_position_265
266,2016-12-20 14:30:00+00:00,0.0,arma_ma,no_position,DAX_no_position_265
267,2016-12-21 14:30:00+00:00,0.0,arma_ma,no_position,DAX_no_position_265
268,2016-12-22 14:30:00+00:00,0.0,arma_ma,no_position,DAX_no_position_265
269,2016-12-23 14:30:00+00:00,0.0,arma_ma,no_position,DAX_no_position_265
270,2016-12-27 14:30:00+00:00,0.0,arma_ma,no_position,DAX_no_position_270
271,2016-12-28 14:30:00+00:00,0.0,arma_ma,no_position,DAX_no_position_270
272,2016-12-29 14:30:00+00:00,0.0,arma_ma,no_position,DAX_no_position_270
273,2016-12-30 14:30:00+00:00,0.0,arma_ma,no_position,DAX_no_position_270
274,2017-01-03 14:30:00+00:00,0.0,arma_ma,no_position,DAX_no_position_270
275,2017-01-04 14:30:00+00:00,0.0,arma_ma,long,DAX_long_275
276,2017-01-05 14:30:00+00:00,0.18999999999999773,arma_ma,long,DAX_long_275
277,2017-01-06 14:30:00+00:00,0.240000000000002,arma_ma,long,DAX_long_275
278,2017-01-09 14:30:00+00:00,-0.08000000000000185,arma_ma,long,DAX_long_275
279,2017-01-10 14:30:00+00:00,-0.019999999999999574,arma_ma,long,DAX_long_275
280,2017-01-11 14:30:00+00:00,0.014700000000001268,arma_ma,long,DAX_long_280
281,2017-01-12 14:30:00+00:00,0.2052999999999976,arma_ma,long,DAX_long_280
282,2017-01-17 14:30:00+00:00,-0.0799999999999983,arma_ma,long,DAX_long_280
283,2017-01-18 14:30:00+00:00,0.14969999999999928,arma_ma,long,DAX_long_280
284,2017-01-19 14:30:00+00:00,0.06990000000000052,arma_ma,long,DAX_long_280
285,2017-01-20 14:30:00+00:00,-0.12959999999999994,arma_ma,long,DAX_long_285
286,2017-01-23 14:30:00+00:00,0.21000000000000085,arma_ma,long,DAX_long_285
287,2017-01-24 14:30:00+00:00,-0.0400000000000027,arma_ma,long,DAX_long_285
288,2017-01-25 14:30:00+00:00,0.14000000000000057,arma_ma,long,DAX_long_285
289,2017-01-26 14:30:00+00:00,0.46000000000000085,arma_ma,long,DAX_long_285
290,2017-01-27 14:30:00+00:00,-0.08999999999999986,arma_ma,long,DAX_long_290
291,2017-01-30 14:30:00+00:00,-0.03999999999999915,arma_ma,long,DAX_long_290
292,2017-01-31 14:30:00+00:00,-0.3299000000000021,arma_ma,long,DAX_long_290
293,2017-02-01 14:30:00+00:00,-0.010099999999997777,arma_ma,long,DAX_long_290
294,2017-02-02 14:30:00+00:00,0.18999999999999773,arma_ma,long,DAX_long_290
295,2017-02-03 14:30:00+00:00,0.0,arma_ma,no_position,DAX_no_position_295
296,2017-02-06 14:30:00+00:00,0.0,arma_ma,no_position,DAX_no_position_295
297,2017-02-07 14:30:00+00:00,0.0,arma_ma,no_position,DAX_no_position_295
298,2017-02-08 14:30:00+00:00,0.0,arma_ma,no_position,DAX_no_position_295
299,2017-02-09 14:30:00+00:00,0.0,arma_ma,no_position,DAX_no_position_295
300,2017-02-10 14:30:00+00:00,0.0,arma_ma,no_position,DAX_no_position_300
301,2017-02-13 14:30:00+00:00,0.0,arma_ma,no_position,DAX_no_position_300
302,2017-02-14 14:30:00+00:00,0.0,arma_ma,no_position,DAX_no_position_300
303,2017-02-15 14:30:00+00:00,0.0,arma_ma,no_position,DAX_no_position_300
304,2017-02-16 14:30:00+00:00,0.0,arma_ma,no_position,DAX_no_position_300
305,2017-02-17 14:30:00+00:00,0.05000000000000071,arma_ma,long,DAX_long_305
306,2017-02-21 14:30:00+00:00,-0.08000000000000185,arma_ma,long,DAX_long_305
307,2017-02-22 14:30:00+00:00,0.3100000000000023,arma_ma,long,DAX_long_305
308,2017-02-23 14:30:00+00:00,-0.030000000000001137,arma_ma,long,DAX_long_305
309,2017-02-24 14:30:00+00:00,0.017500000000001847,arma_ma,long,DAX_long_305
310,2017-02-27 14:30:00+00:00,-0.29850000000000065,arma_ma,long,DAX_long_310
311,2017-02-28 14:30:00+00:00,0.1609999999999978,arma_ma,long,DAX_long_310
312,2017-03-01 14:30:00+00:00,-0.05999999999999872,arma_ma,long,DAX_long_310
313,2017-03-02 14:30:00+00:00,0.4299999999999997,arma_ma,long,DAX_long_310
314,2017-03-03 14:30:00+00:00,-0.21000000000000085,arma_ma,long,DAX_long_310
315,2017-03-06 14:30:00+00:00,0.1994000000000007,arma_ma,long,DAX_long_315
316,2017-03-07 14:30:00+00:00,-0.1294000000000004,arma_ma,long,DAX_long_315
317,2017-03-08 14:30:00+00:00,-0.07399999999999807,arma_ma,long,DAX_long_315
318,2017-03-09 14:30:00+00:00,-0.10600000000000165,arma_ma,long,DAX_long_315
319,2017-03-10 14:30:00+00:00,0.19000000000000128,arma_ma,long,DAX_long_315
320,2017-03-13 13:30:00+00:00,0.20990000000000109,arma_ma,long,DAX_long_320
321,2017-03-14 13:30:00+00:00,9.999999999976694e-05,arma_ma,long,DAX_long_320
322,2017-03-15 13:30:00+00:00,-0.16000000000000014,arma_ma,long,DAX_long_320
323,2017-03-16 13:30:00+00:00,0.34999999999999787,arma_ma,long,DAX_long_320
324,2017-03-17 13:30:00+00:00,0.22000000000000242,arma_ma,long,DAX_long_320
325,2017-03-20 13:30:00+00:00,0.021199999999996777,arma_ma,long,DAX_long_325
326,2017-03-21 13:30:00+00:00,-0.15119999999999933,arma_ma,long,DAX_long_325
327,2017-03-22 13:30:00+00:00,-0.03879999999999839,arma_ma,long,DAX_long_325
328,2017-03-23 13:30:00+00:00,-0.052199999999999136,arma_ma,long,DAX_long_325
329,2017-03-24 13:30:00+00:00,0.19099999999999895,arma_ma,long,DAX_long_325
330,2017-03-27 13:30:00+00:00,0.07000000000000028,arma_ma,long,DAX_long_330
331,2017-03-28 13:30:00+00:00,0.07399999999999807,arma_ma,long,DAX_long_330
332,2017-03-29 13:30:00+00:00,0.1960000000000015,arma_ma,long,DAX_long_330
333,2017-03-30 13:30:00+00:00,-0.05999999999999872,arma_ma,long,DAX_long_330
334,2017-03-31 13:30:00+00:00,-0.11000000000000298,arma_ma,long,DAX_long_330
335,2017-04-03 13:30:00+00:00,0.17999999999999972,arma_ma,long,DAX_long_335
336,2017-04-04 13:30:00+00:00,-0.08999999999999986,arma_ma,long,DAX_long_335
337,2017-04-05 13:30:00+00:00,-0.03999999999999915,arma_ma,long,DAX_long_335
338,2017-04-06 13:30:00+00:00,-0.21999999999999886,arma_ma,long,DAX_long_335
339,2017-04-07 13:30:00+00:00,0.00999999999999801,arma_ma,long,DAX_long_335
340,2017-04-10 13:30:00+00:00,0.0,arma_ma,no_position,DAX_no_position_340
341,2017-04-11 13:30:00+00:00,0.0,arma_ma,no_position,DAX_no_position_340
342,2017-04-12 13:30:00+00:00,0.0,arma_ma,no_position,DAX_no_position_340
343,2017-04-13 13:30:00+00:00,0.0,arma_ma,no_position,DAX_no_position_340
344,2017-04-17 13:30:00+00:00,0.0,arma_ma,no_position,DAX_no_position_340
345,2017-04-18 13:30:00+00:00,0.0,arma_ma,no_position,DAX_no_position_345
346,2017-04-19 13:30:00+00:00,0.0,arma_ma,no_position,DAX_no_position_345
347,2017-04-20 13:30:00+00:00,0.0,arma_ma,no_position,DAX_no_position_345
348,2017-04-21 13:30:00+00:00,0.0,arma_ma,no_position,DAX_no_position_345
349,2017-04-24 13:30:00+00:00,0.0,arma_ma,no_position,DAX_no_position_345
350,2017-04-25 13:30:00+00:00,1.2749999999999986,arma_ma,long,DAX_long_350
351,2017-04-26 13:30:00+00:00,0.22500000000000142,arma_ma,long,DAX_long_350
352,2017-04-27 13:30:00+00:00,-0.15000000000000213,arma_ma,long,DAX_long_350
353,2017-04-28 13:30:00+00:00,-0.11499999999999844,arma_ma,long,DAX_long_350
354,2017-05-01 13:30:00+00:00,0.04499999999999815,arma_ma,long,DAX_long_350
355,2017-05-02 13:30:00+00:00,0.21000000000000085,arma_ma,long,DAX_long_355
356,2017-05-03 13:30:00+00:00,0.08000000000000185,arma_ma,long,DAX_long_355
357,2017-05-04 13:30:00+00:00,-0.09850000000000136,arma_ma,long,DAX_long_355
358,2017-05-05 13:30:00+00:00,0.4134999999999991,arma_ma,long,DAX_long_355
359,2017-05-08 13:30:00+00:00,0.4391999999999996,arma_ma,long,DAX_long_355
360,2017-05-09 13:30:00+00:00,-0.40419999999999945,arma_ma,long,DAX_long_360
361,2017-05-10 13:30:00+00:00,-0.00999999999999801,arma_ma,long,DAX_long_360
362,2017-05-11 13:30:00+00:00,-0.012600000000002609,arma_ma,long,DAX_long_360
363,2017-05-12 13:30:00+00:00,-0.09239999999999782,arma_ma,long,DAX_long_360
364,2017-05-15 13:30:00+00:00,0.22550000000000026,arma_ma,long,DAX_long_360
365,2017-05-16 13:30:00+00:00,0.21950000000000003,arma_ma,long,DAX_long_365
366,2017-05-17 13:30:00+00:00,0.278299999999998,arma_ma,long,DAX_long_365
367,2017-05-18 13:30:00+00:00,-0.4261999999999979,arma_ma,long,DAX_long_365
368,2017-05-19 13:30:00+00:00,0.06070000000000064,arma_ma,long,DAX_long_365
369,2017-05-22 13:30:00+00:00,0.28719999999999857,arma_ma,long,DAX_long_365
370,2017-05-23 13:30:00+00:00,0.0,arma_ma,no_position,DAX_no_position_370
371,2017-05-24 13:30:00+00:00,0.0,arma_ma,no_position,DAX_no_position_370
372,2017-05-25 13:30:00+00:00,0.0,arma_ma,no_position,DAX_no_position_370
373,2017-05-26 13:30:00+00:00,0.0,arma_ma,no_position,DAX_no_position_370
374,2017-05-30 13:30:00+00:00,0.0,arma_ma,no_position,DAX_no_position_370
375,2017-05-31 13:30:00+00:00,-0.015800000000002257,arma_ma,long,DAX_long_375
376,2017-06-01 13:30:00+00:00,0.22500000000000142,arma_ma,long,DAX_long_375
377,2017-06-02 13:30:00+00:00,0.0799999999999983,arma_ma,long,DAX_long_375
378,2017-06-05 13:30:00+00:00,0.5400000000000027,arma_ma,long,DAX_long_375
379,2017-06-06 13:30:00+00:00,-0.25,arma_ma,long,DAX_long_375
380,2017-06-07 13:30:00+00:00,-0.19000000000000128,arma_ma,long,DAX_long_380
381,2017-06-08 13:30:00+00:00,0.03249999999999886,arma_ma,long,DAX_long_380
382,2017-06-09 13:30:00+00:00,-0.10249999999999915,arma_ma,long,DAX_long_380
383,2017-06-12 13:30:00+00:00,0.14999999999999858,arma_ma,long,DAX_long_380
384,2017-06-13 13:30:00+00:00,-0.18999999999999773,arma_ma,long,DAX_long_380
385,2017-06-14 13:30:00+00:00,0.16000000000000014,arma_ma,long,DAX_long_385
386,2017-06-15 13:30:00+00:00,0.13269999999999982,arma_ma,long,DAX_long_385
387,2017-06-16 13:30:00+00:00,-0.5027000000000008,arma_ma,long,DAX_long_385
388,2017-06-19 13:30:00+00:00,0.3000000000000007,arma_ma,long,DAX_long_385
389,2017-06-20 13:30:00+00:00,0.21000000000000085,arma_ma,long,DAX_long_385
390,2017-06-21 13:30:00+00:00,0.0,arma_ma,no_position,DAX_no_position_390
391,2017-06-22 13:30:00+00:00,0.0,arma_ma,no_position,DAX_no_position_390
392,2017-06-23 13:30:00+00:00,0.0,arma_ma,no_position,DAX_no_position_390
393,2017-06-26 13:30:00+00:00,0.0,arma_ma,no_position,DAX_no_position_390
394,2017-06-27 13:30:00+00:00,0.0,arma_ma,no_position,DAX_no_position_390
395,2017-06-28 13:30:00+00:00,-0.054999999999999716,arma_ma,long,DAX_long_395
396,2017-06-29 13:30:00+00:00,0.27199999999999847,arma_ma,long,DAX_long_395
397,2017-06-30 13:30:00+00:00,-0.532,arma_ma,long,DAX_long_395
398,2017-07-03 13:30:00+00:00,-0.05529999999999902,arma_ma,long,DAX_long_395
399,2017-07-05 13:30:00+00:00,0.041900000000001825,arma_ma,long,DAX_long_395
400,2017-07-06 13:30:00+00:00,0.0,arma_ma,no_position,DAX_no_position_400
401,2017-07-07 13:30:00+00:00,0.0,arma_ma,no_position,DAX_no_position_400
402,2017-07-10 13:30:00+00:00,0.0,arma_ma,no_position,DAX_no_position_400
403,2017-07-11 13:30:00+00:00,0.0,arma_ma,no_position,DAX_no_position_400
404,2017-07-12 13:30:00+00:00,0.0,arma_ma,no_position,DAX_no_position_400
405,2017-07-13 13:30:00+00:00,0.3340000000000032,arma_ma,long,DAX_long_405
406,2017-07-14 13:30:00+00:00,-0.045000000000001705,arma_ma,long,DAX_long_405
407,2017-07-17 13:30:00+00:00,0.1603999999999992,arma_ma,long,DAX_long_405
408,2017-07-18 13:30:00+00:00,-0.12539999999999907,arma_ma,long,DAX_long_405
409,2017-07-19 13:30:00+00:00,-0.1656000000000013,arma_ma,long,DAX_long_405
410,2017-07-20 13:30:00+00:00,-0.009399999999999409,arma_ma,long,DAX_long_410
411,2017-07-21 13:30:00+00:00,0.23400000000000176,arma_ma,long,DAX_long_410
412,2017-07-24 13:30:00+00:00,-0.4039999999999999,arma_ma,long,DAX_long_410
413,2017-07-25 13:30:00+00:00,-0.060000000000002274,arma_ma,long,DAX_long_410
414,2017-07-26 13:30:00+00:00,0.07939999999999969,arma_ma,long,DAX_long_410
415,2017-07-27 13:30:00+00:00,0.0,arma_ma,no_position,DAX_no_position_415
416,2017-07-28 13:30:00+00:00,0.0,arma_ma,no_position,DAX_no_position_415
417,2017-07-31 13:30:00+00:00,0.0,arma_ma,no_position,DAX_no_position_415
418,2017-08-01 13:30:00+00:00,0.0,arma_ma,no_position,DAX_no_position_415
419,2017-08-02 13:30:00+00:00,0.0,arma_ma,no_position,DAX_no_position_415
420,2017-08-03 13:30:00+00:00,0.0,arma_ma,no_position,DAX_no_position_420
421,2017-08-04 13:30:00+00:00,0.0,arma_ma,no_position,DAX_no_position_420
422,2017-08-07 13:30:00+00:00,0.0,arma_ma,no_position,DAX_no_position_420
423,2017-08-09 13:30:00+00:00,0.0,arma_ma,no_position,DAX_no_position_420
424,2017-08-10 13:30:00+00:00,0.0,arma_ma,no_position,DAX_no_position_420
425,2017-08-11 13:30:00+00:00,0.37239999999999895,arma_ma,short,DAX_short_425
426,2017-08-14 13:30:00+00:00,-0.13999999999999702,arma_ma,short,DAX_short_425
427,2017-08-15 13:30:00+00:00,-0.3927000000000014,arma_ma,short,DAX_short_425
428,2017-08-16 13:30:00+00:00,0.13269999999999982,arma_ma,short,DAX_short_425
429,2017-08-17 13:30:00+00:00,-0.16000000000000014,arma_ma,short,DAX_short_425
430,2017-08-18 13:30:00+00:00,0.0,arma_ma,no_position,DAX_no_position_430
431,2017-08-21 13:30:00+00:00,0.0,arma_ma,no_position,DAX_no_position_430
432,2017-08-22 13:30:00+00:00,0.0,arma_ma,no_position,DAX_no_position_430
433,2017-08-23 13:30:00+00:00,0.0,arma_ma,no_position,DAX_no_position_430
434,2017-08-24 13:30:00+00:00,0.0,arma_ma,no_position,DAX_no_position_430
435,2017-08-25 13:30:00+00:00,0.0,arma_ma,no_position,DAX_no_position_435
436,2017-08-28 13:30:00+00:00,0.0,arma_ma,no_position,DAX_no_position_435
437,2017-08-29 13:30:00+00:00,0.0,arma_ma,no_position,DAX_no_position_435
438,2017-08-30 13:30:00+00:00,0.0,arma_ma,no_position,DAX_no_position_435
439,2017-08-31 13:30:00+00:00,0.0,arma_ma,no_position,DAX_no_position_435
440,2017-09-01 13:30:00+00:00,-0.06039999999999779,arma_ma,short,DAX_short_440
441,2017-09-05 13:30:00+00:00,-0.1338000000000008,arma_ma,short,DAX_short_440
442,2017-09-06 13:30:00+00:00,0.01279999999999859,arma_ma,short,DAX_short_440
443,2017-09-07 13:30:00+00:00,-0.4444999999999979,arma_ma,short,DAX_short_440
444,2017-09-08 13:30:00+00:00,-0.3855000000000004,arma_ma,short,DAX_short_440
445,2017-09-11 13:30:00+00:00,-0.046299999999998676,arma_ma,long,DAX_long_445
446,2017-09-12 13:30:00+00:00,0.33619999999999806,arma_ma,long,DAX_long_445
447,2017-09-13 13:30:00+00:00,0.06010000000000204,arma_ma,long,DAX_long_445
448,2017-09-14 13:30:00+00:00,-0.13500000000000156,arma_ma,long,DAX_long_445
449,2017-09-15 13:30:00+00:00,-0.07809999999999917,arma_ma,long,DAX_long_445
450,2017-09-18 13:30:00+00:00,0.12249999999999872,arma_ma,long,DAX_long_450
451,2017-09-19 13:30:00+00:00,0.10060000000000002,arma_ma,long,DAX_long_450
452,2017-09-20 13:30:00+00:00,0.1700000000000017,arma_ma,long,DAX_long_450
453,2017-09-21 13:30:00+00:00,-0.21000000000000085,arma_ma,long,DAX_long_450
454,2017-09-22 13:30:00+00:00,0.17999999999999972,arma_ma,long,DAX_long_450
455,2017-09-25 13:30:00+00:00,0.0,arma_ma,no_position,DAX_no_position_455
456,2017-09-26 13:30:00+00:00,0.0,arma_ma,no_position,DAX_no_position_455
457,2017-09-27 13:30:00+00:00,0.0,arma_ma,no_position,DAX_no_position_455
458,2017-09-28 13:30:00+00:00,0.0,arma_ma,no_position,DAX_no_position_455
459,2017-09-29 13:30:00+00:00,0.0,arma_ma,no_position,DAX_no_position_455
460,2017-10-02 13:30:00+00:00,0.2909000000000006,arma_ma,long,DAX_long_460
461,2017-10-03 13:30:00+00:00,0.04899999999999949,arma_ma,long,DAX_long_460
462,2017-10-04 13:30:00+00:00,0.08930000000000149,arma_ma,long,DAX_long_460
463,2017-10-05 13:30:00+00:00,0.05069999999999908,arma_ma,long,DAX_long_460
464,2017-10-06 13:30:00+00:00,-0.07779999999999987,arma_ma,long,DAX_long_460
465,2017-10-09 13:30:00+00:00,0.023800000000001376,arma_ma,long,DAX_long_465
466,2017-10-10 13:30:00+00:00,-0.006000000000000227,arma_ma,long,DAX_long_465
467,2017-10-11 13:30:00+00:00,0.08199999999999719,arma_ma,long,DAX_long_465
468,2017-10-12 13:30:00+00:00,0.22760000000000247,arma_ma,long,DAX_long_465
469,2017-10-13 13:30:00+00:00,0.0011999999999972033,arma_ma,long,DAX_long_465
470,2017-10-16 13:30:00+00:00,0.009200000000003428,arma_ma,long,DAX_long_470
471,2017-10-17 13:30:00+00:00,-0.0984000000000016,arma_ma,long,DAX_long_470
472,2017-10-18 13:30:00+00:00,0.02949999999999875,arma_ma,long,DAX_long_470
473,2017-10-19 13:30:00+00:00,0.16890000000000072,arma_ma,long,DAX_long_470
474,2017-10-20 13:30:00+00:00,-0.057800000000000296,arma_ma,long,DAX_long_470
475,2017-10-23 13:30:00+00:00,0.0,arma_ma,no_position,DAX_no_position_475
476,2017-10-24 13:30:00+00:00,0.0,arma_ma,no_position,DAX_no_position_475
477,2017-10-25 13:30:00+00:00,0.0,arma_ma,no_position,DAX_no_position_475
478,2017-10-26 13:30:00+00:00,0.0,arma_ma,no_position,DAX_no_position_475
479,2017-10-27 13:30:00+00:00,0.0,arma_ma,no_position,DAX_no_position_475
480,2017-10-30 13:30:00+00:00,-0.06989999999999696,arma_ma,long,DAX_long_480
481,2017-10-31 13:30:00+00:00,0.1568999999999967,arma_ma,long,DAX_long_480
482,2017-11-01 13:30:00+00:00,0.25800000000000267,arma_ma,long,DAX_long_480
483,2017-11-02 13:30:00+00:00,0.254999999999999,arma_ma,long,DAX_long_480
484,2017-11-03 13:30:00+00:00,0.1615000000000002,arma_ma,long,DAX_long_480
485,2017-11-06 14:30:00+00:00,-0.13149999999999906,arma_ma,long,DAX_long_485
486,2017-11-07 14:30:00+00:00,0.0,arma_ma,long,DAX_long_485
487,2017-11-08 14:30:00+00:00,-0.3100000000000023,arma_ma,long,DAX_long_485
488,2017-11-09 14:30:00+00:00,0.120000000000001,arma_ma,long,DAX_long_485
489,2017-11-10 14:30:00+00:00,-0.39000000000000057,arma_ma,long,DAX_long_485
490,2017-11-13 14:30:00+00:00,0.0,arma_ma,no_position,DAX_no_position_490
491,2017-11-14 14:30:00+00:00,0.0,arma_ma,no_position,DAX_no_position_490
492,2017-11-15 14:30:00+00:00,0.0,arma_ma,no_position,DAX_no_position_490
493,2017-11-16 14:30:00+00:00,0.0,arma_ma,no_position,DAX_no_position_490
494,2017-11-17 14:30:00+00:00,0.0,arma_ma,no_position,DAX_no_position_490
495,2017-11-20 14:30:00+00:00,-0.1402000000000001,arma_ma,long,DAX_long_495
496,2017-11-21 14:30:00+00:00,-0.05689999999999884,arma_ma,long,DAX_long_495
497,2017-11-22 14:30:00+00:00,0.32700000000000173,arma_ma,long,DAX_long_495
498,2017-11-24 14:30:00+00:00,-0.33000000000000185,arma_ma,long,DAX_long_495
499,2017-11-27 14:30:00+00:00,0.5899999999999999,arma_ma,long,DAX_long_495
500,2017-11-28 14:30:00+00:00,-0.2775999999999996,arma_ma,long,DAX_long_500
501,2017-11-29 14:30:00+00:00,0.18759999999999977,arma_ma,long,DAX_long_500
502,2017-11-30 14:30:00+00:00,-0.16000000000000014,arma_ma,long,DAX_long_500
503,2017-12-01 14:30:00+00:00,-0.00999999999999801,arma_ma,long,DAX_long_500
504,2017-12-04 14:30:00+00:00,-0.19230000000000302,arma_ma,long,DAX_long_500
505,2017-12-05 14:30:00+00:00,0.0,arma_ma,no_position,DAX_no_position_505
506,2017-12-06 14:30:00+00:00,0.0,arma_ma,no_position,DAX_no_position_505
507,2017-12-07 14:30:00+00:00,0.0,arma_ma,no_position,DAX_no_position_505
508,2017-12-08 14:30:00+00:00,0.0,arma_ma,no_position,DAX_no_position_505
509,2017-12-11 14:30:00+00:00,0.0,arma_ma,no_position,DAX_no_position_505
510,2017-12-12 14:30:00+00:00,-0.05000000000000071,arma_ma,long,DAX_long_510
511,2017-12-13 14:30:00+00:00,-0.08810000000000073,arma_ma,long,DAX_long_510
512,2017-12-14 14:30:00+00:00,0.05030000000000001,arma_ma,long,DAX_long_510
513,2017-12-15 14:30:00+00:00,-0.1921999999999997,arma_ma,long,DAX_long_510
514,2017-12-18 14:30:00+00:00,0.027999999999998693,arma_ma,long,DAX_long_510
515,2017-12-19 14:30:00+00:00,0.5620000000000012,arma_ma,long,DAX_long_515
516,2017-12-20 14:30:00+00:00,0.03999999999999915,arma_ma,long,DAX_long_515
517,2017-12-21 14:30:00+00:00,-0.03999999999999915,arma_ma,long,DAX_long_515
518,2017-12-22 14:30:00+00:00,-0.2836999999999996,arma_ma,long,DAX_long_515
519,2017-12-26 14:30:00+00:00,-0.0688999999999993,arma_ma,long,DAX_long_515
520,2017-12-27 14:30:00+00:00,0.0,arma_ma,no_position,DAX_no_position_520
521,2017-12-28 14:30:00+00:00,0.0,arma_ma,no_position,DAX_no_position_520
522,2017-12-29 14:30:00+00:00,0.0,arma_ma,no_position,DAX_no_position_520
523,2018-01-02 14:30:00+00:00,0.0,arma_ma,no_position,DAX_no_position_520
524,2018-01-03 14:30:00+00:00,0.0,arma_ma,no_position,DAX_no_position_520
525,2018-01-04 14:30:00+00:00,0.2333999999999996,arma_ma,long,DAX_long_525
526,2018-01-05 14:30:00+00:00,0.5450000000000017,arma_ma,long,DAX_long_525
527,2018-01-08 14:30:00+00:00,0.3555999999999955,arma_ma,long,DAX_long_525
528,2018-01-09 14:30:00+00:00,-0.09559999999999746,arma_ma,long,DAX_long_525
529,2018-01-10 14:30:00+00:00,-0.09000000000000341,arma_ma,long,DAX_long_525
530,2018-01-11 14:30:00+00:00,-0.21999999999999886,arma_ma,long,DAX_long_530
531,2018-01-12 14:30:00+00:00,0.10999999999999943,arma_ma,long,DAX_long_530
532,2018-01-16 14:30:00+00:00,0.4000000000000057,arma_ma,long,DAX_long_530
533,2018-01-17 14:30:00+00:00,0.10989999999999611,arma_ma,long,DAX_long_530
534,2018-01-18 14:30:00+00:00,0.02009999999999934,arma_ma,long,DAX_long_530
535,2018-01-19 14:30:00+00:00,0.19500000000000028,arma_ma,long,DAX_long_535
536,2018-01-22 14:30:00+00:00,0.42500000000000426,arma_ma,long,DAX_long_535
537,2018-01-23 14:30:00+00:00,0.09999999999999432,arma_ma,long,DAX_long_535
538,2018-01-24 14:30:00+00:00,0.24500000000000455,arma_ma,long,DAX_long_535
539,2018-01-25 14:30:00+00:00,0.0049999999999954525,arma_ma,long,DAX_long_535
540,2018-01-26 14:30:00+00:00,-0.20999999999999375,arma_ma,long,DAX_long_540
541,2018-01-29 14:30:00+00:00,0.05439999999999401,arma_ma,long,DAX_long_540
542,2018-01-30 14:30:00+00:00,-0.25439999999999685,arma_ma,long,DAX_long_540
543,2018-01-31 14:30:00+00:00,-0.23000000000000398,arma_ma,long,DAX_long_540
544,2018-02-01 14:30:00+00:00,0.010000000000005116,arma_ma,long,DAX_long_540
545,2018-02-02 14:30:00+00:00,0.0,arma_ma,no_position,DAX_no_position_545
546,2018-02-05 14:30:00+00:00,0.0,arma_ma,no_position,DAX_no_position_545
547,2018-02-06 14:30:00+00:00,0.0,arma_ma,no_position,DAX_no_position_545
548,2018-02-07 14:30:00+00:00,0.0,arma_ma,no_position,DAX_no_position_545
549,2018-02-08 14:30:00+00:00,0.0,arma_ma,no_position,DAX_no_position_545
550,2018-02-09 14:30:00+00:00,1.1099999999999994,arma_ma,short,DAX_short_550
551,2018-02-12 14:30:00+00:00,-0.23400000000000176,arma_ma,short,DAX_short_550
552,2018-02-13 14:30:00+00:00,-0.3559999999999981,arma_ma,short,DAX_short_550
553,2018-02-14 14:30:00+00:00,0.0009999999999976694,arma_ma,short,DAX_short_550
554,2018-02-15 14:30:00+00:00,-0.5409999999999968,arma_ma,short,DAX_short_550
555,2018-02-16 14:30:00+00:00,0.0,arma_ma,no_position,DAX_no_position_555
556,2018-02-20 14:30:00+00:00,0.0,arma_ma,no_position,DAX_no_position_555
557,2018-02-21 14:30:00+00:00,0.0,arma_ma,no_position,DAX_no_position_555
558,2018-02-22 14:30:00+00:00,0.0,arma_ma,no_position,DAX_no_position_555
559,2018-02-23 14:30:00+00:00,0.0,arma_ma,no_position,DAX_no_position_555
560,2018-02-26 14:30:00+00:00,-0.33000000000000185,arma_ma,short,DAX_short_560
561,2018-02-27 14:30:00+00:00,0.03999999999999915,arma_ma,short,DAX_short_560
562,2018-02-28 14:30:00+00:00,0.4450000000000003,arma_ma,short,DAX_short_560
563,2018-03-01 14:30:00+00:00,0.3450000000000024,arma_ma,short,DAX_short_560
564,2018-03-02 14:30:00+00:00,0.5999999999999979,arma_ma,short,DAX_short_560
565,2018-03-05 14:30:00+00:00,-0.10989999999999966,arma_ma,short,DAX_short_565
566,2018-03-06 14:30:00+00:00,-0.3473000000000006,arma_ma,short,DAX_short_565
567,2018-03-07 14:30:00+00:00,-0.1427999999999976,arma_ma,short,DAX_short_565
568,2018-03-08 14:30:00+00:00,-0.18500000000000227,arma_ma,short,DAX_short_565
569,2018-03-09 14:30:00+00:00,-0.07000000000000028,arma_ma,short,DAX_short_565
570,2018-03-12 13:30:00+00:00,0.0,arma_ma,no_position,DAX_no_position_570
571,2018-03-13 13:30:00+00:00,0.0,arma_ma,no_position,DAX_no_position_570
572,2018-03-14 13:30:00+00:00,0.0,arma_ma,no_position,DAX_no_position_570
573,2018-03-15 13:30:00+00:00,0.0,arma_ma,no_position,DAX_no_position_570
574,2018-03-16 13:30:00+00:00,0.0,arma_ma,no_position,DAX_no_position_570
575,2018-03-19 13:30:00+00:00,0.054999999999999716,arma_ma,short,DAX_short_575
576,2018-03-20 13:30:00+00:00,0.2799999999999976,arma_ma,short,DAX_short_575
577,2018-03-21 13:30:00+00:00,-0.08589999999999876,arma_ma,short,DAX_short_575
578,2018-03-22 13:30:00+00:00,0.025900000000000034,arma_ma,short,DAX_short_575
579,2018-03-23 13:30:00+00:00,0.5791000000000004,arma_ma,short,DAX_short_575
580,2018-03-26 13:30:00+00:00,0.46089999999999876,arma_ma,short,DAX_short_580
581,2018-03-27 13:30:00+00:00,-0.5999999999999979,arma_ma,short,DAX_short_580
582,2018-03-28 13:30:00+00:00,0.3200000000000003,arma_ma,short,DAX_short_580
583,2018-03-29 13:30:00+00:00,-0.0400000000000027,arma_ma,short,DAX_short_580
584,2018-04-02 13:30:00+00:00,-0.36999999999999744,arma_ma,short,DAX_short_580
585,2018-04-03 13:30:00+00:00,0.4599999999999973,arma_ma,short,DAX_short_585
586,2018-04-04 13:30:00+00:00,-0.1999999999999993,arma_ma,short,DAX_short_585
587,2018-04-05 13:30:00+00:00,-0.030000000000001137,arma_ma,short,DAX_short_585
588,2018-04-06 13:30:00+00:00,-0.5,arma_ma,short,DAX_short_585
589,2018-04-09 13:30:00+00:00,0.20000000000000284,arma_ma,short,DAX_short_585
590,2018-04-10 13:30:00+00:00,0.0,arma_ma,no_position,DAX_no_position_590
591,2018-04-11 13:30:00+00:00,0.0,arma_ma,no_position,DAX_no_position_590
592,2018-04-12 13:30:00+00:00,0.0,arma_ma,no_position,DAX_no_position_590
593,2018-04-13 13:30:00+00:00,0.0,arma_ma,no_position,DAX_no_position_590
594,2018-04-16 13:30:00+00:00,0.0,arma_ma,no_position,DAX_no_position_590
595,2018-04-17 13:30:00+00:00,0.0,arma_ma,no_position,DAX_no_position_595
596,2018-04-18 13:30:00+00:00,0.0,arma_ma,no_position,DAX_no_position_595
597,2018-04-19 13:30:00+00:00,0.0,arma_ma,no_position,DAX_no_position_595
598,2018-04-20 13:30:00+00:00,0.0,arma_ma,no_position,DAX_no_position_595
599,2018-04-23 13:30:00+00:00,0.0,arma_ma,no_position,DAX_no_position_595
600,2018-04-24 13:30:00+00:00,0.0,arma_ma,no_position,DAX_no_position_600
601,2018-04-25 13:30:00+00:00,0.0,arma_ma,no_position,DAX_no_position_600
602,2018-04-26 13:30:00+00:00,0.0,arma_ma,no_position,DAX_no_position_600
603,2018-04-27 13:30:00+00:00,0.0,arma_ma,no_position,DAX_no_position_600
604,2018-04-30 13:30:00+00:00,0.0,arma_ma,no_position,DAX_no_position_600
605,2018-05-01 13:30:00+00:00,0.26000000000000156,arma_ma,short,DAX_short_605
606,2018-05-02 13:30:00+00:00,0.23999999999999844,arma_ma,short,DAX_short_605
607,2018-05-03 13:30:00+00:00,-0.6439999999999984,arma_ma,short,DAX_short_605
608,2018-05-04 13:30:00+00:00,0.134999999999998,arma_ma,short,DAX_short_605
609,2018-05-07 13:30:00+00:00,-0.07099999999999795,arma_ma,short,DAX_short_605
610,2018-05-08 13:30:00+00:00,0.0,arma_ma,no_position,DAX_no_position_610
611,2018-05-09 13:30:00+00:00,0.0,arma_ma,no_position,DAX_no_position_610
612,2018-05-10 13:30:00+00:00,0.0,arma_ma,no_position,DAX_no_position_610
613,2018-05-11 13:30:00+00:00,0.0,arma_ma,no_position,DAX_no_position_610
614,2018-05-14 13:30:00+00:00,0.0,arma_ma,no_position,DAX_no_position_610
615,2018-05-15 13:30:00+00:00,-0.02289999999999992,arma_ma,long,DAX_long_615
616,2018-05-16 13:30:00+00:00,-0.24709999999999965,arma_ma,long,DAX_long_615
617,2018-05-17 13:30:00+00:00,-0.05039999999999978,arma_ma,long,DAX_long_615
618,2018-05-18 13:30:00+00:00,0.1504000000000012,arma_ma,long,DAX_long_615
619,2018-05-21 13:30:00+00:00,-0.15000000000000213,arma_ma,long,DAX_long_615
620,2018-05-22 13:30:00+00:00,0.2295000000000016,arma_ma,long,DAX_long_620
621,2018-05-23 13:30:00+00:00,0.08049999999999713,arma_ma,long,DAX_long_620
622,2018-05-24 13:30:00+00:00,-0.6389999999999993,arma_ma,long,DAX_long_620
623,2018-05-25 13:30:00+00:00,-0.22769999999999868,arma_ma,long,DAX_long_620
624,2018-05-29 13:30:00+00:00,-0.03330000000000055,arma_ma,long,DAX_long_620
625,2018-05-30 13:30:00+00:00,0.9300999999999995,arma_ma,short,DAX_short_625
626,2018-05-31 13:30:00+00:00,-0.7200999999999986,arma_ma,short,DAX_short_625
627,2018-06-01 13:30:00+00:00,0.509999999999998,arma_ma,short,DAX_short_625
628,2018-06-04 13:30:00+00:00,-0.28999999999999915,arma_ma,short,DAX_short_625
629,2018-06-05 13:30:00+00:00,-0.17999999999999972,arma_ma,short,DAX_short_625
630,2018-06-06 13:30:00+00:00,0.05730000000000146,arma_ma,long,DAX_long_630
631,2018-06-07 13:30:00+00:00,0.3506999999999998,arma_ma,long,DAX_long_630
632,2018-06-08 13:30:00+00:00,-0.2980000000000018,arma_ma,long,DAX_long_630
633,2018-06-11 13:30:00+00:00,0.13000000000000256,arma_ma,long,DAX_long_630
634,2018-06-12 13:30:00+00:00,0.18999999999999773,arma_ma,long,DAX_long_630
635,2018-06-13 13:30:00+00:00,-0.019999999999999574,arma_ma,long,DAX_long_635
636,2018-06-14 13:30:00+00:00,-0.030000000000001137,arma_ma,long,DAX_long_635
637,2018-06-15 13:30:00+00:00,0.17999999999999972,arma_ma,long,DAX_long_635
638,2018-06-18 13:30:00+00:00,-0.18999999999999773,arma_ma,long,DAX_long_635
639,2018-06-19 13:30:00+00:00,-0.4552000000000014,arma_ma,long,DAX_long_635
640,2018-06-20 13:30:00+00:00,0.31680000000000064,arma_ma,short,DAX_short_640
641,2018-06-21 13:30:00+00:00,0.3979999999999997,arma_ma,short,DAX_short_640
642,2018-06-22 13:30:00+00:00,0.36999999999999744,arma_ma,short,DAX_short_640
643,2018-06-25 13:30:00+00:00,-0.34999999999999787,arma_ma,short,DAX_short_640
644,2018-06-26 13:30:00+00:00,0.5700000000000003,arma_ma,short,DAX_short_640
645,2018-06-27 13:30:00+00:00,0.18999999999999773,arma_ma,short,DAX_short_645
646,2018-06-28 13:30:00+00:00,0.15000000000000213,arma_ma,short,DAX_short_645
647,2018-06-29 13:30:00+00:00,0.17999999999999972,arma_ma,short,DAX_short_645
648,2018-07-02 13:30:00+00:00,-0.4400000000000013,arma_ma,short,DAX_short_645
649,2018-07-03 13:30:00+00:00,0.14499999999999957,arma_ma,short,DAX_short_645
650,2018-07-05 13:30:00+00:00,0.0,arma_ma,no_position,DAX_no_position_650
651,2018-07-06 13:30:00+00:00,0.0,arma_ma,no_position,DAX_no_position_650
652,2018-07-09 13:30:00+00:00,0.0,arma_ma,no_position,DAX_no_position_650
653,2018-07-10 13:30:00+00:00,0.0,arma_ma,no_position,DAX_no_position_650
654,2018-07-11 13:30:00+00:00,0.0,arma_ma,no_position,DAX_no_position_650
655,2018-07-12 13:30:00+00:00,0.0,arma_ma,no_position,DAX_no_position_655
656,2018-07-13 13:30:00+00:00,0.0,arma_ma,no_position,DAX_no_position_655
657,2018-07-16 13:30:00+00:00,0.0,arma_ma,no_position,DAX_no_position_655
658,2018-07-17 13:30:00+00:00,0.0,arma_ma,no_position,DAX_no_position_655
659,2018-07-18 13:30:00+00:00,0.0,arma_ma,no_position,DAX_no_position_655
660,2018-07-19 13:30:00+00:00,0.0,arma_ma,no_position,DAX_no_position_660
661,2018-07-20 13:30:00+00:00,0.0,arma_ma,no_position,DAX_no_position_660
662,2018-07-23 13:30:00+00:00,0.0,arma_ma,no_position,DAX_no_position_660
663,2018-07-24 13:30:00+00:00,0.0,arma_ma,no_position,DAX_no_position_660
664,2018-07-25 13:30:00+00:00,0.0,arma_ma,no_position,DAX_no_position_660
665,2018-07-26 13:30:00+00:00,0.0,arma_ma,no_position,DAX_no_position_665
666,2018-07-27 13:30:00+00:00,0.0,arma_ma,no_position,DAX_no_position_665
667,2018-07-30 13:30:00+00:00,0.0,arma_ma,no_position,DAX_no_position_665
668,2018-07-31 13:30:00+00:00,0.0,arma_ma,no_position,DAX_no_position_665
669,2018-08-01 13:30:00+00:00,0.0,arma_ma,no_position,DAX_no_position_665
670,2018-08-02 13:30:00+00:00,0.3125,arma_ma,short,DAX_short_670
671,2018-08-03 13:30:00+00:00,0.4575000000000031,arma_ma,short,DAX_short_670
672,2018-08-06 13:30:00+00:00,-0.05000000000000071,arma_ma,short,DAX_short_670
673,2018-08-07 13:30:00+00:00,0.11689999999999756,arma_ma,short,DAX_short_670
674,2018-08-08 13:30:00+00:00,-0.1968999999999994,arma_ma,short,DAX_short_670
675,2018-08-10 13:30:00+00:00,0.0400000000000027,arma_ma,short,DAX_short_675
676,2018-08-13 13:30:00+00:00,1.0399999999999991,arma_ma,short,DAX_short_675
677,2018-08-14 13:30:00+00:00,0.07479999999999976,arma_ma,short,DAX_short_675
678,2018-08-15 13:30:00+00:00,-0.07479999999999976,arma_ma,short,DAX_short_675
679,2018-08-16 13:30:00+00:00,0.5599999999999987,arma_ma,short,DAX_short_675
680,2018-08-17 13:30:00+00:00,-0.21000000000000085,arma_ma,short,DAX_short_680
681,2018-08-20 13:30:00+00:00,-0.2099999999999973,arma_ma,short,DAX_short_680
682,2018-08-21 13:30:00+00:00,-0.16000000000000014,arma_ma,short,DAX_short_680
683,2018-08-22 13:30:00+00:00,-0.3979999999999997,arma_ma,short,DAX_short_680
684,2018-08-23 13:30:00+00:00,-0.08200000000000074,arma_ma,short,DAX_short_680
685,2018-08-24 13:30:00+00:00,0.0,arma_ma,no_position,DAX_no_position_685
686,2018-08-27 13:30:00+00:00,0.0,arma_ma,no_position,DAX_no_position_685
687,2018-08-28 13:30:00+00:00,0.0,arma_ma,no_position,DAX_no_position_685
688,2018-08-29 13:30:00+00:00,0.0,arma_ma,no_position,DAX_no_position_685
689,2018-08-30 13:30:00+00:00,0.0,arma_ma,no_position,DAX_no_position_685
690,2018-08-31 13:30:00+00:00,0.20970000000000155,arma_ma,short,DAX_short_690
691,2018-09-04 13:30:00+00:00,0.7198999999999991,arma_ma,short,DAX_short_690
692,2018-09-05 13:30:00+00:00,0.1767000000000003,arma_ma,short,DAX_short_690
693,2018-09-06 13:30:00+00:00,0.23589999999999733,arma_ma,short,DAX_short_690
694,2018-09-07 13:30:00+00:00,0.2774000000000001,arma_ma,short,DAX_short_690
695,2018-09-10 13:30:00+00:00,0.19000000000000128,arma_ma,short,DAX_short_695
696,2018-09-11 13:30:00+00:00,-0.21999999999999886,arma_ma,short,DAX_short_695
697,2018-09-12 13:30:00+00:00,-0.19000000000000128,arma_ma,short,DAX_short_695
698,2018-09-13 13:30:00+00:00,0.054999999999999716,arma_ma,short,DAX_short_695
699,2018-09-14 13:30:00+00:00,-0.3550000000000004,arma_ma,short,DAX_short_695
700,2018-09-17 13:30:00+00:00,0.0,arma_ma,no_position,DAX_no_position_700
701,2018-09-18 13:30:00+00:00,0.0,arma_ma,no_position,DAX_no_position_700
702,2018-09-19 13:30:00+00:00,0.0,arma_ma,no_position,DAX_no_position_700
703,2018-09-20 13:30:00+00:00,0.0,arma_ma,no_position,DAX_no_position_700
704,2018-09-24 13:30:00+00:00,0.0,arma_ma,no_position,DAX_no_position_700
705,2018-09-25 13:30:00+00:00,-0.0583999999999989,arma_ma,long,DAX_long_705
706,2018-09-26 13:30:00+00:00,-0.028700000000000614,arma_ma,long,DAX_long_705
707,2018-09-27 13:30:00+00:00,0.04970000000000141,arma_ma,long,DAX_long_705
708,2018-09-28 13:30:00+00:00,-0.18070000000000164,arma_ma,long,DAX_long_705
709,2018-10-01 13:30:00+00:00,-0.41000000000000014,arma_ma,long,DAX_long_705
710,2018-10-02 13:30:00+00:00,-0.014800000000001035,arma_ma,short,DAX_short_710
711,2018-10-03 13:30:00+00:00,0.13479999999999848,arma_ma,short,DAX_short_710
712,2018-10-04 13:30:00+00:00,-0.16999999999999815,arma_ma,short,DAX_short_710
713,2018-10-05 13:30:00+00:00,0.3550000000000004,arma_ma,short,DAX_short_710
714,2018-10-08 13:30:00+00:00,0.42499999999999716,arma_ma,short,DAX_short_710
715,2018-10-09 13:30:00+00:00,0.4400000000000013,arma_ma,short,DAX_short_715
716,2018-10-10 13:30:00+00:00,-0.16999999999999815,arma_ma,short,DAX_short_715
717,2018-10-11 13:30:00+00:00,0.5586999999999982,arma_ma,short,DAX_short_715
718,2018-10-12 13:30:00+00:00,0.2663000000000011,arma_ma,short,DAX_short_715
719,2018-10-15 13:30:00+00:00,0.1750000000000007,arma_ma,short,DAX_short_715
720,2018-10-16 13:30:00+00:00,-0.360000000000003,arma_ma,short,DAX_short_720
721,2018-10-17 13:30:00+00:00,-0.3999999999999986,arma_ma,short,DAX_short_720
722,2018-10-18 13:30:00+00:00,0.14000000000000057,arma_ma,short,DAX_short_720
723,2018-10-19 13:30:00+00:00,0.759999999999998,arma_ma,short,DAX_short_720
724,2018-10-22 13:30:00+00:00,-0.22499999999999787,arma_ma,short,DAX_short_720
725,2018-10-23 13:30:00+00:00,0.2049999999999983,arma_ma,short,DAX_short_725
726,2018-10-24 13:30:00+00:00,0.2538000000000018,arma_ma,short,DAX_short_725
727,2018-10-25 13:30:00+00:00,0.8741999999999983,arma_ma,short,DAX_short_725
728,2018-10-26 13:30:00+00:00,-0.5073000000000008,arma_ma,short,DAX_short_725
729,2018-10-29 13:30:00+00:00,0.1343000000000032,arma_ma,short,DAX_short_725
730,2018-10-30 13:30:00+00:00,0.10419999999999874,arma_ma,short,DAX_short_730
731,2018-10-31 13:30:00+00:00,0.0007999999999981355,arma_ma,short,DAX_short_730
732,2018-11-01 13:30:00+00:00,-0.28999999999999915,arma_ma,short,DAX_short_730
733,2018-11-02 13:30:00+00:00,-0.259999999999998,arma_ma,short,DAX_short_730
734,2018-11-05 14:30:00+00:00,-0.5080000000000027,arma_ma,short,DAX_short_730
735,2018-11-06 14:30:00+00:00,0.0,arma_ma,no_position,DAX_no_position_735
736,2018-11-07 14:30:00+00:00,0.0,arma_ma,no_position,DAX_no_position_735
737,2018-11-08 14:30:00+00:00,0.0,arma_ma,no_position,DAX_no_position_735
738,2018-11-09 14:30:00+00:00,0.0,arma_ma,no_position,DAX_no_position_735
739,2018-11-12 14:30:00+00:00,0.0,arma_ma,no_position,DAX_no_position_735
740,2018-11-13 14:30:00+00:00,0.7031000000000027,arma_ma,short,DAX_short_740
741,2018-11-14 14:30:00+00:00,-0.25810000000000244,arma_ma,short,DAX_short_740
742,2018-11-15 14:30:00+00:00,-0.2049999999999983,arma_ma,short,DAX_short_740
743,2018-11-16 14:30:00+00:00,0.019999999999999574,arma_ma,short,DAX_short_740
744,2018-11-19 14:30:00+00:00,-0.04129999999999967,arma_ma,short,DAX_short_740
745,2018-11-20 14:30:00+00:00,0.07130000000000081,arma_ma,short,DAX_short_745
746,2018-11-21 14:30:00+00:00,0.4599999999999973,arma_ma,short,DAX_short_745
747,2018-11-23 14:30:00+00:00,-0.1748999999999974,arma_ma,short,DAX_short_745
748,2018-11-26 14:30:00+00:00,0.2248999999999981,arma_ma,short,DAX_short_745
749,2018-11-27 14:30:00+00:00,-0.39000000000000057,arma_ma,short,DAX_short_745
750,2018-11-28 14:30:00+00:00,0.0,arma_ma,no_position,DAX_no_position_750
751,2018-11-29 14:30:00+00:00,0.0,arma_ma,no_position,DAX_no_position_750
752,2018-11-30 14:30:00+00:00,0.0,arma_ma,no_position,DAX_no_position_750
753,2018-12-03 14:30:00+00:00,0.0,arma_ma,no_position,DAX_no_position_750
754,2018-12-04 14:30:00+00:00,0.0,arma_ma,no_position,DAX_no_position_750
755,2018-12-06 14:30:00+00:00,0.7662000000000013,arma_ma,short,DAX_short_755
756,2018-12-07 14:30:00+00:00,0.28999999999999915,arma_ma,short,DAX_short_755
757,2018-12-10 14:30:00+00:00,0.46580000000000155,arma_ma,short,DAX_short_755
758,2018-12-11 14:30:00+00:00,0.09419999999999717,arma_ma,short,DAX_short_755
759,2018-12-12 14:30:00+00:00,-0.04829999999999757,arma_ma,short,DAX_short_755
760,2018-12-13 14:30:00+00:00,-0.46170000000000044,arma_ma,short,DAX_short_760
761,2018-12-14 14:30:00+00:00,0.2699999999999996,arma_ma,short,DAX_short_760
762,2018-12-17 14:30:00+00:00,0.0370999999999988,arma_ma,short,DAX_short_760
763,2018-12-18 14:30:00+00:00,0.5729000000000006,arma_ma,short,DAX_short_760
764,2018-12-19 14:30:00+00:00,-0.486699999999999,arma_ma,short,DAX_short_760
765,2018-12-20 14:30:00+00:00,0.2306999999999988,arma_ma,short,DAX_short_765
766,2018-12-21 14:30:00+00:00,0.1410000000000018,arma_ma,short,DAX_short_765
767,2018-12-24 14:30:00+00:00,0.09499999999999886,arma_ma,short,DAX_short_765
768,2018-12-26 14:30:00+00:00,0.46340000000000003,arma_ma,short,DAX_short_765
769,2018-12-27 14:30:00+00:00,-0.1034000000000006,arma_ma,short,DAX_short_765
770,2018-12-28 14:30:00+00:00,-0.10999999999999943,arma_ma,short,DAX_short_770
771,2018-12-31 14:30:00+00:00,0.21999999999999886,arma_ma,short,DAX_short_770
772,2019-01-02 14:30:00+00:00,-0.08999999999999986,arma_ma,short,DAX_short_770
773,2019-01-03 14:30:00+00:00,0.07000000000000028,arma_ma,short,DAX_short_770
774,2019-01-04 14:30:00+00:00,0.3000000000000007,arma_ma,short,DAX_short_770
775,2019-01-07 14:30:00+00:00,0.0,arma_ma,no_position,DAX_no_position_775
776,2019-01-08 14:30:00+00:00,0.0,arma_ma,no_position,DAX_no_position_775
777,2019-01-09 14:30:00+00:00,0.0,arma_ma,no_position,DAX_no_position_775
778,2019-01-10 14:30:00+00:00,0.0,arma_ma,no_position,DAX_no_position_775
779,2019-01-11 14:30:00+00:00,0.0,arma_ma,no_position,DAX_no_position_775
780,2019-01-14 14:30:00+00:00,0.0,arma_ma,no_position,DAX_no_position_780
781,2019-01-15 14:30:00+00:00,0.0,arma_ma,no_position,DAX_no_position_780
782,2019-01-16 14:30:00+00:00,0.0,arma_ma,no_position,DAX_no_position_780
783,2019-01-17 14:30:00+00:00,0.0,arma_ma,no_position,DAX_no_position_780
784,2019-01-18 14:30:00+00:00,0.0,arma_ma,no_position,DAX_no_position_780
785,2019-01-22 14:30:00+00:00,0.0,arma_ma,no_position,DAX_no_position_785
786,2019-01-23 14:30:00+00:00,0.0,arma_ma,no_position,DAX_no_position_785
787,2019-01-24 14:30:00+00:00,0.0,arma_ma,no_position,DAX_no_position_785
788,2019-01-25 14:30:00+00:00,0.0,arma_ma,no_position,DAX_no_position_785
789,2019-01-28 14:30:00+00:00,0.0,arma_ma,no_position,DAX_no_position_785
790,2019-01-29 14:30:00+00:00,0.0,arma_ma,no_position,DAX_no_position_790
791,2019-01-30 14:30:00+00:00,0.0,arma_ma,no_position,DAX_no_position_790
792,2019-01-31 14:30:00+00:00,0.0,arma_ma,no_position,DAX_no_position_790
793,2019-02-01 14:30:00+00:00,0.0,arma_ma,no_position,DAX_no_position_790
794,2019-02-04 14:30:00+00:00,0.0,arma_ma,no_position,DAX_no_position_790
795,2019-02-05 14:30:00+00:00,0.0,arma_ma,no_position,DAX_no_position_795
796,2019-02-07 14:30:00+00:00,0.0,arma_ma,no_position,DAX_no_position_795
797,2019-02-08 14:30:00+00:00,0.0,arma_ma,no_position,DAX_no_position_795
798,2019-02-11 14:30:00+00:00,0.0,arma_ma,no_position,DAX_no_position_795
799,2019-02-12 14:30:00+00:00,0.0,arma_ma,no_position,DAX_no_position_795
800,2019-02-13 14:30:00+00:00,-0.44539999999999935,arma_ma,short,DAX_short_800
801,2019-02-14 14:30:00+00:00,0.08500000000000085,arma_ma,short,DAX_short_800
802,2019-02-15 14:30:00+00:00,0.08139999999999858,arma_ma,short,DAX_short_800
803,2019-02-19 14:30:00+00:00,-0.40139999999999887,arma_ma,short,DAX_short_800
804,2019-02-20 14:30:00+00:00,-0.19000000000000128,arma_ma,short,DAX_short_800
805,2019-02-21 14:30:00+00:00,0.24499999999999744,arma_ma,long,DAX_long_805
806,2019-02-26 14:30:00+00:00,-0.14499999999999957,arma_ma,long,DAX_long_805
807,2019-02-27 14:30:00+00:00,0.5021000000000022,arma_ma,long,DAX_long_805
808,2019-02-28 14:30:00+00:00,-0.17830000000000013,arma_ma,long,DAX_long_805
809,2019-03-01 14:30:00+00:00,-0.6138000000000012,arma_ma,long,DAX_long_805
810,2019-03-04 14:30:00+00:00,0.8731000000000009,arma_ma,long,DAX_long_810
811,2019-03-05 14:30:00+00:00,-0.17310000000000159,arma_ma,long,DAX_long_810
812,2019-03-06 14:30:00+00:00,0.0,arma_ma,long,DAX_long_810
813,2019-03-07 14:30:00+00:00,-0.03999999999999915,arma_ma,long,DAX_long_810
814,2019-03-08 14:30:00+00:00,-0.42930000000000135,arma_ma,long,DAX_long_810
815,2019-03-11 13:30:00+00:00,0.0,arma_ma,no_position,DAX_no_position_815
816,2019-03-12 13:30:00+00:00,0.0,arma_ma,no_position,DAX_no_position_815
817,2019-03-13 13:30:00+00:00,0.0,arma_ma,no_position,DAX_no_position_815
818,2019-03-14 13:30:00+00:00,0.0,arma_ma,no_position,DAX_no_position_815
819,2019-03-15 13:30:00+00:00,0.0,arma_ma,no_position,DAX_no_position_815
820,2019-03-18 13:30:00+00:00,0.24670000000000059,arma_ma,long,DAX_long_820
821,2019-03-19 13:30:00+00:00,0.02289999999999992,arma_ma,long,DAX_long_820
822,2019-03-20 13:30:00+00:00,0.21999999999999886,arma_ma,long,DAX_long_820
823,2019-03-21 13:30:00+00:00,-0.3049999999999997,arma_ma,long,DAX_long_820
824,2019-03-22 13:30:00+00:00,-0.1748999999999974,arma_ma,long,DAX_long_820
825,2019-03-25 13:30:00+00:00,0.0,arma_ma,no_position,DAX_no_position_825
826,2019-03-27 13:30:00+00:00,0.0,arma_ma,no_position,DAX_no_position_825
827,2019-03-28 13:30:00+00:00,0.0,arma_ma,no_position,DAX_no_position_825
828,2019-03-29 13:30:00+00:00,0.0,arma_ma,no_position,DAX_no_position_825
829,2019-04-01 13:30:00+00:00,0.0,arma_ma,no_position,DAX_no_position_825
830,2019-04-02 13:30:00+00:00,0.2674999999999983,arma_ma,long,DAX_long_830
831,2019-04-03 13:30:00+00:00,0.182500000000001,arma_ma,long,DAX_long_830
832,2019-04-04 13:30:00+00:00,0.4449000000000005,arma_ma,long,DAX_long_830
833,2019-04-05 13:30:00+00:00,0.05509999999999948,arma_ma,long,DAX_long_830
834,2019-04-08 13:30:00+00:00,-0.019999999999999574,arma_ma,long,DAX_long_830
835,2019-04-09 13:30:00+00:00,0.019999999999999574,arma_ma,long,DAX_long_835
836,2019-04-10 13:30:00+00:00,-0.16999999999999815,arma_ma,long,DAX_long_835
837,2019-04-11 13:30:00+00:00,0.13119999999999976,arma_ma,long,DAX_long_835
838,2019-04-12 13:30:00+00:00,0.0015999999999998238,arma_ma,long,DAX_long_835
839,2019-04-15 13:30:00+00:00,0.29720000000000013,arma_ma,long,DAX_long_835
840,2019-04-16 13:30:00+00:00,0.04889999999999972,arma_ma,long,DAX_long_840
841,2019-04-17 13:30:00+00:00,0.15109999999999957,arma_ma,long,DAX_long_840
842,2019-04-18 13:30:00+00:00,0.05000000000000071,arma_ma,long,DAX_long_840
843,2019-04-22 13:30:00+00:00,0.11989999999999768,arma_ma,long,DAX_long_840
844,2019-04-23 13:30:00+00:00,0.02009999999999934,arma_ma,long,DAX_long_840
845,2019-04-24 13:30:00+00:00,-0.11519999999999797,arma_ma,long,DAX_long_845
846,2019-04-25 13:30:00+00:00,0.015999999999998238,arma_ma,long,DAX_long_845
847,2019-04-26 13:30:00+00:00,-0.06080000000000041,arma_ma,long,DAX_long_845
848,2019-04-29 13:30:00+00:00,0.13880000000000337,arma_ma,long,DAX_long_845
849,2019-04-30 13:30:00+00:00,-0.0002000000000030866,arma_ma,long,DAX_long_845
850,2019-05-01 13:30:00+00:00,0.15740000000000265,arma_ma,long,DAX_long_850
851,2019-05-02 13:30:00+00:00,-0.12600000000000122,arma_ma,long,DAX_long_850
852,2019-05-03 13:30:00+00:00,-0.05000000000000071,arma_ma,long,DAX_long_850
853,2019-05-06 13:30:00+00:00,0.26000000000000156,arma_ma,long,DAX_long_850
854,2019-05-07 13:30:00+00:00,-0.28999999999999915,arma_ma,long,DAX_long_850
855,2019-05-08 13:30:00+00:00,0.0,arma_ma,no_position,DAX_no_position_855
856,2019-05-09 13:30:00+00:00,0.0,arma_ma,no_position,DAX_no_position_855
857,2019-05-10 13:30:00+00:00,0.0,arma_ma,no_position,DAX_no_position_855
858,2019-05-13 13:30:00+00:00,0.0,arma_ma,no_position,DAX_no_position_855
859,2019-05-14 13:30:00+00:00,0.0,arma_ma,no_position,DAX_no_position_855
860,2019-05-15 13:30:00+00:00,0.0,arma_ma,no_position,DAX_no_position_860
861,2019-05-16 13:30:00+00:00,0.0,arma_ma,no_position,DAX_no_position_860
862,2019-05-17 13:30:00+00:00,0.0,arma_ma,no_position,DAX_no_position_860
863,2019-05-20 13:30:00+00:00,0.0,arma_ma,no_position,DAX_no_position_860
864,2019-05-21 13:30:00+00:00,0.0,arma_ma,no_position,DAX_no_position_860
865,2019-05-23 13:30:00+00:00,0.0,arma_ma,no_position,DAX_no_position_865
866,2019-05-28 13:30:00+00:00,0.0,arma_ma,no_position,DAX_no_position_865
867,2019-05-29 13:30:00+00:00,0.0,arma_ma,no_position,DAX_no_position_865
868,2019-05-30 13:30:00+00:00,0.0,arma_ma,no_position,DAX_no_position_865
869,2019-05-31 13:30:00+00:00,0.0,arma_ma,no_position,DAX_no_position_865
870,2019-06-03 13:30:00+00:00,0.0,arma_ma,no_position,DAX_no_position_870
871,2019-06-04 13:30:00+00:00,0.0,arma_ma,no_position,DAX_no_position_870
872,2019-06-05 13:30:00+00:00,0.0,arma_ma,no_position,DAX_no_position_870
873,2019-06-06 13:30:00+00:00,0.0,arma_ma,no_position,DAX_no_position_870
874,2019-06-07 13:30:00+00:00,0.0,arma_ma,no_position,DAX_no_position_870
875,2019-06-10 13:30:00+00:00,0.21369999999999933,arma_ma,long,DAX_long_875
876,2019-06-11 13:30:00+00:00,0.21000000000000085,arma_ma,long,DAX_long_875
877,2019-06-12 13:30:00+00:00,0.1372,arma_ma,long,DAX_long_875
878,2019-06-13 13:30:00+00:00,-0.19399999999999906,arma_ma,long,DAX_long_875
879,2019-06-14 13:30:00+00:00,-0.2132000000000005,arma_ma,long,DAX_long_875
880,2019-06-17 13:30:00+00:00,0.0,arma_ma,no_position,DAX_no_position_880
881,2019-06-18 13:30:00+00:00,0.0,arma_ma,no_position,DAX_no_position_880
882,2019-06-19 13:30:00+00:00,0.0,arma_ma,no_position,DAX_no_position_880
883,2019-06-20 13:30:00+00:00,0.0,arma_ma,no_position,DAX_no_position_880
884,2019-06-21 13:30:00+00:00,0.0,arma_ma,no_position,DAX_no_position_880
885,2019-06-24 13:30:00+00:00,-0.010000000000001563,arma_ma,long,DAX_long_885
886,2019-06-25 13:30:00+00:00,0.004300000000000637,arma_ma,long,DAX_long_885
887,2019-06-26 13:30:00+00:00,-0.11430000000000007,arma_ma,long,DAX_long_885
888,2019-06-27 13:30:00+00:00,0.045000000000001705,arma_ma,long,DAX_long_885
889,2019-06-28 13:30:00+00:00,-0.6350000000000016,arma_ma,long,DAX_long_885
890,2019-07-01 13:30:00+00:00,-0.05000000000000071,arma_ma,short,DAX_short_890
891,2019-07-02 13:30:00+00:00,-0.3500000000000014,arma_ma,short,DAX_short_890
892,2019-07-03 13:30:00+00:00,-0.03999999999999915,arma_ma,short,DAX_short_890
893,2019-07-05 13:30:00+00:00,-0.23999999999999844,arma_ma,short,DAX_short_890
894,2019-07-08 13:30:00+00:00,0.39000000000000057,arma_ma,short,DAX_short_890
895,2019-07-09 13:30:00+00:00,0.019999999999999574,arma_ma,short,DAX_short_895
896,2019-07-10 13:30:00+00:00,0.16000000000000014,arma_ma,short,DAX_short_895
897,2019-07-11 13:30:00+00:00,0.04139999999999944,arma_ma,short,DAX_short_895
898,2019-07-12 13:30:00+00:00,0.09859999999999758,arma_ma,short,DAX_short_895
899,2019-07-15 13:30:00+00:00,0.07500000000000284,arma_ma,short,DAX_short_895
900,2019-07-16 13:30:00+00:00,0.0,arma_ma,no_position,DAX_no_position_900
901,2019-07-19 13:30:00+00:00,0.0,arma_ma,no_position,DAX_no_position_900
902,2019-07-22 13:30:00+00:00,0.0,arma_ma,no_position,DAX_no_position_900
903,2019-07-23 13:30:00+00:00,0.0,arma_ma,no_position,DAX_no_position_900
904,2019-07-24 13:30:00+00:00,0.0,arma_ma,no_position,DAX_no_position_900
905,2019-07-25 13:30:00+00:00,0.0,arma_ma,no_position,DAX_no_position_905
906,2019-07-26 13:30:00+00:00,0.0,arma_ma,no_position,DAX_no_position_905
907,2019-07-29 13:30:00+00:00,0.0,arma_ma,no_position,DAX_no_position_905
908,2019-07-30 13:30:00+00:00,0.0,arma_ma,no_position,DAX_no_position_905
909,2019-07-31 13:30:00+00:00,0.0,arma_ma,no_position,DAX_no_position_905
910,2019-08-01 13:30:00+00:00,0.558600000000002,arma_ma,short,DAX_short_910
911,2019-08-05 13:30:00+00:00,-0.2579999999999991,arma_ma,short,DAX_short_910
912,2019-08-06 13:30:00+00:00,0.8879999999999981,arma_ma,short,DAX_short_910
913,2019-08-07 13:30:00+00:00,-0.030000000000001137,arma_ma,short,DAX_short_910
914,2019-08-08 13:30:00+00:00,-0.2259999999999991,arma_ma,short,DAX_short_910
915,2019-08-09 13:30:00+00:00,-0.1739999999999995,arma_ma,short,DAX_short_915
916,2019-08-12 13:30:00+00:00,-0.0799999999999983,arma_ma,short,DAX_short_915
917,2019-08-13 13:30:00+00:00,0.25760000000000005,arma_ma,short,DAX_short_915
918,2019-08-14 13:30:00+00:00,-0.11760000000000304,arma_ma,short,DAX_short_915
919,2019-08-15 13:30:00+00:00,0.860000000000003,arma_ma,short,DAX_short_915
920,2019-08-16 13:30:00+00:00,0.07000000000000028,arma_ma,short,DAX_short_920
921,2019-08-19 13:30:00+00:00,-0.2900000000000027,arma_ma,short,DAX_short_920
922,2019-08-20 13:30:00+00:00,-0.41000000000000014,arma_ma,short,DAX_short_920
923,2019-08-21 13:30:00+00:00,0.23370000000000246,arma_ma,short,DAX_short_920
924,2019-08-22 13:30:00+00:00,-0.36710000000000065,arma_ma,short,DAX_short_920
925,2019-08-23 13:30:00+00:00,0.0,arma_ma,no_position,DAX_no_position_925
926,2019-08-26 13:30:00+00:00,0.0,arma_ma,no_position,DAX_no_position_925
927,2019-08-27 13:30:00+00:00,0.0,arma_ma,no_position,DAX_no_position_925
928,2019-08-28 13:30:00+00:00,0.0,arma_ma,no_position,DAX_no_position_925
929,2019-08-29 13:30:00+00:00,0.0,arma_ma,no_position,DAX_no_position_925
930,2019-08-30 13:30:00+00:00,0.0,arma_ma,no_position,DAX_no_position_930
931,2019-09-03 13:30:00+00:00,0.0,arma_ma,no_position,DAX_no_position_930
932,2019-09-04 13:30:00+00:00,0.0,arma_ma,no_position,DAX_no_position_930
933,2019-09-05 13:30:00+00:00,0.0,arma_ma,no_position,DAX_no_position_930
934,2019-09-09 13:30:00+00:00,0.0,arma_ma,no_position,DAX_no_position_930
935,2019-09-11 13:30:00+00:00,0.0,arma_ma,no_position,DAX_no_position_935
936,2019-09-12 13:30:00+00:00,0.0,arma_ma,no_position,DAX_no_position_935
937,2019-09-13 13:30:00+00:00,0.0,arma_ma,no_position,DAX_no_position_935
938,2019-09-16 13:30:00+00:00,0.0,arma_ma,no_position,DAX_no_position_935
939,2019-09-17 13:30:00+00:00,0.0,arma_ma,no_position,DAX_no_position_935
940,2019-09-18 13:30:00+00:00,0.0,arma_ma,no_position,DAX_no_position_940
941,2019-09-19 13:30:00+00:00,0.0,arma_ma,no_position,DAX_no_position_940
942,2019-09-23 13:30:00+00:00,0.0,arma_ma,no_position,DAX_no_position_940
943,2019-09-24 13:30:00+00:00,0.0,arma_ma,no_position,DAX_no_position_940
944,2019-09-25 13:30:00+00:00,0.0,arma_ma,no_position,DAX_no_position_940
945,2019-09-26 13:30:00+00:00,0.3200000000000003,arma_ma,short,DAX_short_945
946,2019-09-27 13:30:00+00:00,-0.21000000000000085,arma_ma,short,DAX_short_945
947,2019-09-30 13:30:00+00:00,0.015499999999999403,arma_ma,short,DAX_short_945
948,2019-10-01 13:30:00+00:00,0.014500000000001734,arma_ma,short,DAX_short_945
949,2019-10-02 13:30:00+00:00,-0.12730000000000175,arma_ma,short,DAX_short_945
950,2019-10-03 13:30:00+00:00,0.8473000000000006,arma_ma,short,DAX_short_950
951,2019-10-04 13:30:00+00:00,-0.3099999999999987,arma_ma,short,DAX_short_950
952,2019-10-07 13:30:00+00:00,0.26500000000000057,arma_ma,short,DAX_short_950
953,2019-10-08 13:30:00+00:00,-0.1750000000000007,arma_ma,short,DAX_short_950
954,2019-10-09 13:30:00+00:00,0.14999999999999858,arma_ma,short,DAX_short_950
955,2019-10-10 13:30:00+00:00,0.0,arma_ma,no_position,DAX_no_position_955
956,2019-10-11 13:30:00+00:00,0.0,arma_ma,no_position,DAX_no_position_955
957,2019-10-14 13:30:00+00:00,0.0,arma_ma,no_position,DAX_no_position_955
958,2019-10-15 13:30:00+00:00,0.0,arma_ma,no_position,DAX_no_position_955
959,2019-10-16 13:30:00+00:00,0.0,arma_ma,no_position,DAX_no_position_955
960,2019-10-17 13:30:00+00:00,0.11949999999999861,arma_ma,long,DAX_long_960
961,2019-10-18 13:30:00+00:00,0.29630000000000223,arma_ma,long,DAX_long_960
962,2019-10-21 13:30:00+00:00,-0.04579999999999984,arma_ma,long,DAX_long_960
963,2019-10-22 13:30:00+00:00,0.259999999999998,arma_ma,long,DAX_long_960
964,2019-10-23 13:30:00+00:00,-0.28999999999999915,arma_ma,long,DAX_long_960
965,2019-10-24 13:30:00+00:00,0.3183000000000007,arma_ma,long,DAX_long_965
966,2019-10-28 13:30:00+00:00,-0.008300000000001972,arma_ma,long,DAX_long_965
967,2019-10-29 13:30:00+00:00,0.21940000000000026,arma_ma,long,DAX_long_965
968,2019-10-30 13:30:00+00:00,-0.0893999999999977,arma_ma,long,DAX_long_965
969,2019-11-01 13:30:00+00:00,0.08999999999999986,arma_ma,long,DAX_long_965
970,2019-11-04 14:30:00+00:00,0.28999999999999915,arma_ma,long,DAX_long_970
971,2019-11-05 14:30:00+00:00,0.07549999999999812,arma_ma,long,DAX_long_970
972,2019-11-06 14:30:00+00:00,0.032500000000002416,arma_ma,long,DAX_long_970
973,2019-11-07 14:30:00+00:00,0.05979999999999919,arma_ma,long,DAX_long_970
974,2019-11-08 14:30:00+00:00,0.15220000000000056,arma_ma,long,DAX_long_970
975,2019-11-11 14:30:00+00:00,0.0,arma_ma,no_position,DAX_no_position_975
976,2019-11-12 14:30:00+00:00,0.0,arma_ma,no_position,DAX_no_position_975
977,2019-11-13 14:30:00+00:00,0.0,arma_ma,no_position,DAX_no_position_975
978,2019-11-14 14:30:00+00:00,0.0,arma_ma,no_position,DAX_no_position_975
979,2019-11-15 14:30:00+00:00,0.0,arma_ma,no_position,DAX_no_position_975
980,2019-11-18 14:30:00+00:00,0.20659999999999812,arma_ma,long,DAX_long_980
981,2019-11-19 14:30:00+00:00,-0.05659999999999954,arma_ma,long,DAX_long_980
982,2019-11-20 14:30:00+00:00,0.054999999999999716,arma_ma,long,DAX_long_980
983,2019-11-21 14:30:00+00:00,-0.17999999999999972,arma_ma,long,DAX_long_980
984,2019-11-22 14:30:00+00:00,0.004999999999999005,arma_ma,long,DAX_long_980
985,2019-11-25 14:30:00+00:00,0.0,arma_ma,no_position,DAX_no_position_985
986,2019-11-26 14:30:00+00:00,0.0,arma_ma,no_position,DAX_no_position_985
987,2019-11-27 14:30:00+00:00,0.0,arma_ma,no_position,DAX_no_position_985
988,2019-11-29 14:30:00+00:00,0.0,arma_ma,no_position,DAX_no_position_985
989,2019-12-02 14:30:00+00:00,0.0,arma_ma,no_position,DAX_no_position_985
990,2019-12-03 14:30:00+00:00,0.0,arma_ma,no_position,DAX_no_position_990
991,2019-12-04 14:30:00+00:00,0.0,arma_ma,no_position,DAX_no_position_990
992,2019-12-05 14:30:00+00:00,0.0,arma_ma,no_position,DAX_no_position_990
993,2019-12-06 14:30:00+00:00,0.0,arma_ma,no_position,DAX_no_position_990
994,2019-12-09 14:30:00+00:00,0.0,arma_ma,no_position,DAX_no_position_990
995,2019-12-10 14:30:00+00:00,-0.14170000000000016,arma_ma,long,DAX_long_995
996,2019-12-11 14:30:00+00:00,-0.013300000000000978,arma_ma,long,DAX_long_995
997,2019-12-12 14:30:00+00:00,0.22500000000000142,arma_ma,long,DAX_long_995
998,2019-12-13 14:30:00+00:00,0.2699999999999996,arma_ma,long,DAX_long_995
999,2019-12-16 14:30:00+00:00,0.18999999999999773,arma_ma,long,DAX_long_995
1000,2019-12-17 14:30:00+00:00,0.16000000000000014,arma_ma,long,DAX_long_1000
1001,2019-12-18 14:30:00+00:00,-0.18499999999999872,arma_ma,long,DAX_long_1000
1002,2019-12-19 14:30:00+00:00,-0.20500000000000185,arma_ma,long,DAX_long_1000
1003,2019-12-20 14:30:00+00:00,-0.15499999999999758,arma_ma,long,DAX_long_1000
1004,2019-12-23 14:30:00+00:00,0.11999999999999744,arma_ma,long,DAX_long_1000
1005,2019-12-26 14:30:00+00:00,0.0,arma_ma,no_position,DAX_no_position_1005
1006,2019-12-27 14:30:00+00:00,0.0,arma_ma,no_position,DAX_no_position_1005
1007,2019-12-30 14:30:00+00:00,0.0,arma_ma,no_position,DAX_no_position_1005
1008,2019-12-31 14:30:00+00:00,0.0,arma_ma,no_position,DAX_no_position_1005
1009,2020-01-02 14:30:00+00:00,0.0,arma_ma,no_position,DAX_no_position_1005
1010,2020-01-03 14:30:00+00:00,0.0,arma_ma,no_position,DAX_no_position_1010
1011,2020-01-06 14:30:00+00:00,0.0,arma_ma,no_position,DAX_no_position_1010
1012,2020-01-07 14:30:00+00:00,0.0,arma_ma,no_position,DAX_no_position_1010
1013,2020-01-08 14:30:00+00:00,0.0,arma_ma,no_position,DAX_no_position_1010
1014,2020-01-09 14:30:00+00:00,0.0,arma_ma,no_position,DAX_no_position_1010
1015,2020-01-10 14:30:00+00:00,0.18999999999999773,arma_ma,long,DAX_long_1015
1016,2020-01-13 14:30:00+00:00,0.05000000000000071,arma_ma,long,DAX_long_1015
1017,2020-01-14 14:30:00+00:00,-0.05000000000000071,arma_ma,long,DAX_long_1015
1018,2020-01-15 14:30:00+00:00,-0.08999999999999986,arma_ma,long,DAX_long_1015
1019,2020-01-16 14:30:00+00:00,0.019999999999999574,arma_ma,long,DAX_long_1015
1020,2020-01-17 14:30:00+00:00,0.0,arma_ma,no_position,DAX_no_position_1020
1021,2020-01-21 14:30:00+00:00,0.0,arma_ma,no_position,DAX_no_position_1020
1022,2020-01-22 14:30:00+00:00,0.0,arma_ma,no_position,DAX_no_position_1020
1023,2020-01-23 14:30:00+00:00,0.0,arma_ma,no_position,DAX_no_position_1020
1024,2020-01-24 14:30:00+00:00,0.0,arma_ma,no_position,DAX_no_position_1020
1025,2020-01-27 14:30:00+00:00,0.0,arma_ma,no_position,DAX_no_position_1025
1026,2020-01-28 14:30:00+00:00,0.0,arma_ma,no_position,DAX_no_position_1025
1027,2020-01-29 14:30:00+00:00,0.0,arma_ma,no_position,DAX_no_position_1025
1028,2020-01-30 14:30:00+00:00,0.0,arma_ma,no_position,DAX_no_position_1025
1029,2020-01-31 14:30:00+00:00,0.0,arma_ma,no_position,DAX_no_position_1025
1030,2020-02-03 14:30:00+00:00,0.6049999999999969,arma_ma,short,DAX_short_1030
1031,2020-02-04 14:30:00+00:00,-0.28500000000000014,arma_ma,short,DAX_short_1030
1032,2020-02-05 14:30:00+00:00,-0.4349999999999987,arma_ma,short,DAX_short_1030
1033,2020-02-06 14:30:00+00:00,-0.3500000000000014,arma_ma,short,DAX_short_1030
1034,2020-02-07 14:30:00+00:00,-0.07189999999999941,arma_ma,short,DAX_short_1030
1035,2020-02-10 14:30:00+00:00,-0.2919000000000018,arma_ma,long,DAX_long_1035
1036,2020-02-11 14:30:00+00:00,0.02500000000000213,arma_ma,long,DAX_long_1035
1037,2020-02-12 14:30:00+00:00,0.2799999999999976,arma_ma,long,DAX_long_1035
1038,2020-02-13 14:30:00+00:00,0.1999999999999993,arma_ma,long,DAX_long_1035
1039,2020-02-14 14:30:00+00:00,-0.17999999999999972,arma_ma,long,DAX_long_1035
1040,2020-02-18 14:30:00+00:00,-0.00999999999999801,arma_ma,long,DAX_long_1040
1041,2020-02-19 14:30:00+00:00,-0.20500000000000185,arma_ma,long,DAX_long_1040
1042,2020-02-20 14:30:00+00:00,0.17999999999999972,arma_ma,long,DAX_long_1040
1043,2020-02-21 14:30:00+00:00,-0.29999999999999716,arma_ma,long,DAX_long_1040
1044,2020-02-24 14:30:00+00:00,-0.019999999999999574,arma_ma,long,DAX_long_1040
1045,2020-02-25 14:30:00+00:00,1.1050000000000004,arma_ma,short,DAX_short_1045
1046,2020-02-26 14:30:00+00:00,0.6650000000000027,arma_ma,short,DAX_short_1045
1047,2020-02-27 14:30:00+00:00,-0.020000000000003126,arma_ma,short,DAX_short_1045
1048,2020-02-28 14:30:00+00:00,0.9600000000000009,arma_ma,short,DAX_short_1045
1049,2020-03-02 14:30:00+00:00,0.26000000000000156,arma_ma,short,DAX_short_1045
1050,2020-03-03 14:30:00+00:00,-0.41000000000000014,arma_ma,short,DAX_short_1050
1051,2020-03-04 14:30:00+00:00,0.26940000000000097,arma_ma,short,DAX_short_1050
1052,2020-03-05 14:30:00+00:00,-0.6294000000000004,arma_ma,short,DAX_short_1050
1053,2020-03-06 14:30:00+00:00,0.5711999999999975,arma_ma,short,DAX_short_1050
1054,2020-03-09 13:30:00+00:00,0.3342000000000027,arma_ma,short,DAX_short_1050
1055,2020-03-10 13:30:00+00:00,2.1244999999999976,arma_ma,short,DAX_short_1055
1056,2020-03-11 13:30:00+00:00,-0.6052,arma_ma,short,DAX_short_1055
1057,2020-03-12 13:30:00+00:00,1.1252999999999993,arma_ma,short,DAX_short_1055
1058,2020-03-13 13:30:00+00:00,2.5100000000000016,arma_ma,short,DAX_short_1055
1059,2020-03-16 13:30:00+00:00,-0.6400000000000006,arma_ma,short,DAX_short_1055
1060,2020-03-17 13:30:00+00:00,2.0100000000000016,arma_ma,short,DAX_short_1060
1061,2020-03-18 13:30:00+00:00,-0.5044000000000004,arma_ma,short,DAX_short_1060
1062,2020-03-19 13:30:00+00:00,1.4091999999999985,arma_ma,short,DAX_short_1060
1063,2020-03-20 13:30:00+00:00,-0.22479999999999833,arma_ma,short,DAX_short_1060
1064,2020-03-23 13:30:00+00:00,-0.02500000000000213,arma_ma,short,DAX_short_1060
1065,2020-03-24 13:30:00+00:00,0.0,arma_ma,no_position,DAX_no_position_1065
1066,2020-03-25 13:30:00+00:00,0.0,arma_ma,no_position,DAX_no_position_1065
1067,2020-03-26 13:30:00+00:00,0.0,arma_ma,no_position,DAX_no_position_1065
1068,2020-03-27 13:30:00+00:00,0.0,arma_ma,no_position,DAX_no_position_1065
1069,2020-03-30 13:30:00+00:00,0.0,arma_ma,no_position,DAX_no_position_1065
1070,2020-03-31 13:30:00+00:00,0.0,arma_ma,no_position,DAX_no_position_1070
1071,2020-04-01 13:30:00+00:00,0.0,arma_ma,no_position,DAX_no_position_1070
1072,2020-04-02 13:30:00+00:00,0.0,arma_ma,no_position,DAX_no_position_1070
1073,2020-04-03 13:30:00+00:00,0.0,arma_ma,no_position,DAX_no_position_1070
1074,2020-04-06 13:30:00+00:00,0.0,arma_ma,no_position,DAX_no_position_1070
1075,2020-04-07 13:30:00+00:00,0.0,arma_ma,no_position,DAX_no_position_1075
1076,2020-04-08 13:30:00+00:00,0.0,arma_ma,no_position,DAX_no_position_1075
1077,2020-04-09 13:30:00+00:00,0.0,arma_ma,no_position,DAX_no_position_1075
1078,2020-04-13 13:30:00+00:00,0.0,arma_ma,no_position,DAX_no_position_1075
1079,2020-04-14 13:30:00+00:00,0.0,arma_ma,no_position,DAX_no_position_1075
1080,2020-04-15 13:30:00+00:00,0.0,arma_ma,no_position,DAX_no_position_1080
1081,2020-04-16 13:30:00+00:00,0.0,arma_ma,no_position,DAX_no_position_1080
1082,2020-04-17 13:30:00+00:00,0.0,arma_ma,no_position,DAX_no_position_1080
1083,2020-04-20 13:30:00+00:00,0.0,arma_ma,no_position,DAX_no_position_1080
1084,2020-04-21 13:30:00+00:00,0.0,arma_ma,no_position,DAX_no_position_1080
1085,2020-04-22 13:30:00+00:00,0.0,arma_ma,no_position,DAX_no_position_1085
1086,2020-04-23 13:30:00+00:00,0.0,arma_ma,no_position,DAX_no_position_1085
1087,2020-04-24 13:30:00+00:00,0.0,arma_ma,no_position,DAX_no_position_1085
1088,2020-04-27 13:30:00+00:00,0.0,arma_ma,no_position,DAX_no_position_1085
1089,2020-04-28 13:30:00+00:00,0.0,arma_ma,no_position,DAX_no_position_1085
1090,2020-04-29 13:30:00+00:00,0.0,arma_ma,no_position,DAX_no_position_1090
1091,2020-04-30 13:30:00+00:00,0.0,arma_ma,no_position,DAX_no_position_1090
1092,2020-05-01 13:30:00+00:00,0.0,arma_ma,no_position,DAX_no_position_1090
1093,2020-05-04 13:30:00+00:00,0.0,arma_ma,no_position,DAX_no_position_1090
1094,2020-05-05 13:30:00+00:00,0.0,arma_ma,no_position,DAX_no_position_1090
1095,2020-05-06 13:30:00+00:00,0.019999999999999574,arma_ma,short,DAX_short_1095
1096,2020-05-07 13:30:00+00:00,0.3140999999999998,arma_ma,short,DAX_short_1095
1097,2020-05-08 13:30:00+00:00,-0.28910000000000124,arma_ma,short,DAX_short_1095
1098,2020-05-11 13:30:00+00:00,-0.5229999999999997,arma_ma,short,DAX_short_1095
1099,2020-05-12 13:30:00+00:00,0.21360000000000312,arma_ma,short,DAX_short_1095
1100,2020-05-13 13:30:00+00:00,0.2579999999999991,arma_ma,short,DAX_short_1100
1101,2020-05-14 13:30:00+00:00,0.5680999999999976,arma_ma,short,DAX_short_1100
1102,2020-05-15 13:30:00+00:00,0.1366000000000014,arma_ma,short,DAX_short_1100
1103,2020-05-18 13:30:00+00:00,-0.018299999999999983,arma_ma,short,DAX_short_1100
1104,2020-05-19 13:30:00+00:00,-1.6999999999999993,arma_ma,short,DAX_short_1100
1105,2020-05-20 13:30:00+00:00,-0.21000000000000085,arma_ma,long,DAX_long_1105
1106,2020-05-21 13:30:00+00:00,0.4250000000000007,arma_ma,long,DAX_long_1105
1107,2020-05-22 13:30:00+00:00,-0.3359999999999985,arma_ma,long,DAX_long_1105
1108,2020-05-26 13:30:00+00:00,0.058799999999997965,arma_ma,long,DAX_long_1105
1109,2020-05-27 13:30:00+00:00,0.8297000000000025,arma_ma,long,DAX_long_1105
1110,2020-05-28 13:30:00+00:00,0.577499999999997,arma_ma,long,DAX_long_1110
1111,2020-05-29 13:30:00+00:00,0.19610000000000127,arma_ma,long,DAX_long_1110
1112,2020-06-01 13:30:00+00:00,-0.024499999999999744,arma_ma,long,DAX_long_1110
1113,2020-06-02 13:30:00+00:00,0.6684000000000019,arma_ma,long,DAX_long_1110
1114,2020-06-03 13:30:00+00:00,0.3210999999999977,arma_ma,long,DAX_long_1110
1115,2020-06-04 13:30:00+00:00,1.1038999999999994,arma_ma,long,DAX_long_1115
1116,2020-06-05 13:30:00+00:00,0.0,arma_ma,long,DAX_long_1115
1117,2020-06-08 13:30:00+00:00,0.6000000000000014,arma_ma,long,DAX_long_1115
1118,2020-06-09 13:30:00+00:00,0.3200000000000003,arma_ma,long,DAX_long_1115
1119,2020-06-10 13:30:00+00:00,-0.4800000000000004,arma_ma,long,DAX_long_1115
1120,2020-06-11 13:30:00+00:00,0.0,arma_ma,no_position,DAX_no_position_1120
1121,2020-06-12 13:30:00+00:00,0.0,arma_ma,no_position,DAX_no_position_1120
1122,2020-06-15 13:30:00+00:00,0.0,arma_ma,no_position,DAX_no_position_1120
1123,2020-06-16 13:30:00+00:00,0.0,arma_ma,no_position,DAX_no_position_1120
1124,2020-06-17 13:30:00+00:00,0.0,arma_ma,no_position,DAX_no_position_1120
1125,2020-06-18 13:30:00+00:00,-0.18499999999999872,arma_ma,long,DAX_long_1125
1126,2020-06-19 13:30:00+00:00,-0.12280000000000157,arma_ma,long,DAX_long_1125
1127,2020-06-22 13:30:00+00:00,-0.2372000000000014,arma_ma,long,DAX_long_1125
1128,2020-06-23 13:30:00+00:00,0.375,arma_ma,long,DAX_long_1125
1129,2020-06-24 13:30:00+00:00,0.4450000000000003,arma_ma,long,DAX_long_1125
1130,2020-06-25 13:30:00+00:00,-0.7149999999999999,arma_ma,long,DAX_long_1130
1131,2020-06-26 13:30:00+00:00,0.46000000000000085,arma_ma,long,DAX_long_1130
1132,2020-06-29 13:30:00+00:00,-0.7250000000000014,arma_ma,long,DAX_long_1130
1133,2020-06-30 13:30:00+00:00,0.120000000000001,arma_ma,long,DAX_long_1130
1134,2020-07-01 13:30:00+00:00,0.25870000000000104,arma_ma,long,DAX_long_1130
1135,2020-07-02 13:30:00+00:00,-0.13870000000000005,arma_ma,long,DAX_long_1135
1136,2020-07-06 13:30:00+00:00,0.5399999999999991,arma_ma,long,DAX_long_1135
1137,2020-07-07 13:30:00+00:00,0.495000000000001,arma_ma,long,DAX_long_1135
1138,2020-07-08 13:30:00+00:00,-0.42320000000000135,arma_ma,long,DAX_long_1135
1139,2020-07-09 13:30:00+00:00,0.06820000000000093,arma_ma,long,DAX_long_1135
1140,2020-07-10 13:30:00+00:00,-0.015000000000000568,arma_ma,long,DAX_long_1140
1141,2020-07-13 13:30:00+00:00,0.254999999999999,arma_ma,long,DAX_long_1140
1142,2020-07-14 13:30:00+00:00,-0.08189999999999742,arma_ma,long,DAX_long_1140
1143,2020-07-15 13:30:00+00:00,0.4568999999999974,arma_ma,long,DAX_long_1140
1144,2020-07-16 13:30:00+00:00,0.4200000000000017,arma_ma,long,DAX_long_1140
1145,2020-07-17 13:30:00+00:00,-0.07000000000000028,arma_ma,long,DAX_long_1145
1146,2020-07-20 13:30:00+00:00,0.23000000000000043,arma_ma,long,DAX_long_1145
1147,2020-07-21 13:30:00+00:00,0.3000000000000007,arma_ma,long,DAX_long_1145
1148,2020-07-22 13:30:00+00:00,0.2049999999999983,arma_ma,long,DAX_long_1145
1149,2020-07-23 13:30:00+00:00,0.21160000000000068,arma_ma,long,DAX_long_1145
1150,2020-07-24 13:30:00+00:00,-0.3366000000000007,arma_ma,long,DAX_long_1150
1151,2020-07-27 13:30:00+00:00,-0.2049999999999983,arma_ma,long,DAX_long_1150
1152,2020-07-28 13:30:00+00:00,0.2749999999999986,arma_ma,long,DAX_long_1150
1153,2020-07-29 13:30:00+00:00,-0.125,arma_ma,long,DAX_long_1150
1154,2020-07-30 13:30:00+00:00,0.245000000000001,arma_ma,long,DAX_long_1150
1155,2020-07-31 13:30:00+00:00,0.0,arma_ma,no_position,DAX_no_position_1155
1156,2020-08-03 13:30:00+00:00,0.0,arma_ma,no_position,DAX_no_position_1155
1157,2020-08-04 13:30:00+00:00,0.0,arma_ma,no_position,DAX_no_position_1155
1158,2020-08-05 13:30:00+00:00,0.0,arma_ma,no_position,DAX_no_position_1155
1159,2020-08-06 13:30:00+00:00,0.0,arma_ma,no_position,DAX_no_position_1155
1160,2020-08-07 13:30:00+00:00,0.05549999999999855,arma_ma,long,DAX_long_1160
1161,2020-08-10 13:30:00+00:00,-0.11549999999999727,arma_ma,long,DAX_long_1160
1162,2020-08-11 13:30:00+00:00,0.02049999999999841,arma_ma,long,DAX_long_1160
1163,2020-08-12 13:30:00+00:00,0.1894999999999989,arma_ma,long,DAX_long_1160
1164,2020-08-13 13:30:00+00:00,0.6750000000000007,arma_ma,long,DAX_long_1160
1165,2020-08-14 13:30:00+00:00,-0.16999999999999815,arma_ma,long,DAX_long_1165
1166,2020-08-17 13:30:00+00:00,-0.26500000000000057,arma_ma,long,DAX_long_1165
1167,2020-08-18 13:30:00+00:00,0.3149999999999977,arma_ma,long,DAX_long_1165
1168,2020-08-19 13:30:00+00:00,0.13500000000000156,arma_ma,long,DAX_long_1165
1169,2020-08-20 13:30:00+00:00,-0.054999999999999716,arma_ma,long,DAX_long_1165
1170,2020-08-21 13:30:00+00:00,0.0,arma_ma,no_position,DAX_no_position_1170
1171,2020-08-24 13:30:00+00:00,0.0,arma_ma,no_position,DAX_no_position_1170
1172,2020-08-25 13:30:00+00:00,0.0,arma_ma,no_position,DAX_no_position_1170
1173,2020-08-26 13:30:00+00:00,0.0,arma_ma,no_position,DAX_no_position_1170
1174,2020-08-27 13:30:00+00:00,0.0,arma_ma,no_position,DAX_no_position_1170
1175,2020-08-28 13:30:00+00:00,-0.41499999999999915,arma_ma,long,DAX_long_1175
1176,2020-08-31 13:30:00+00:00,0.14290000000000092,arma_ma,long,DAX_long_1175
1177,2020-09-01 13:30:00+00:00,0.14209999999999923,arma_ma,long,DAX_long_1175
1178,2020-09-02 13:30:00+00:00,-0.3200000000000003,arma_ma,long,DAX_long_1175
1179,2020-09-03 13:30:00+00:00,0.6900000000000013,arma_ma,long,DAX_long_1175
1180,2020-09-04 13:30:00+00:00,0.0,arma_ma,no_position,DAX_no_position_1180
1181,2020-09-08 13:30:00+00:00,0.0,arma_ma,no_position,DAX_no_position_1180
1182,2020-09-09 13:30:00+00:00,0.0,arma_ma,no_position,DAX_no_position_1180
1183,2020-09-10 13:30:00+00:00,0.0,arma_ma,no_position,DAX_no_position_1180
1184,2020-09-11 13:30:00+00:00,0.0,arma_ma,no_position,DAX_no_position_1180
1185,2020-09-14 13:30:00+00:00,0.2153000000000027,arma_ma,long,DAX_long_1185
1186,2020-09-15 13:30:00+00:00,0.049099999999999255,arma_ma,long,DAX_long_1185
1187,2020-09-16 13:30:00+00:00,-0.4090999999999987,arma_ma,long,DAX_long_1185
1188,2020-09-17 13:30:00+00:00,0.4099999999999966,arma_ma,long,DAX_long_1185
1189,2020-09-18 13:30:00+00:00,-0.019999999999999574,arma_ma,long,DAX_long_1185
1190,2020-09-21 13:30:00+00:00,0.0,arma_ma,no_position,DAX_no_position_1190
1191,2020-09-22 13:30:00+00:00,0.0,arma_ma,no_position,DAX_no_position_1190
1192,2020-09-23 13:30:00+00:00,0.0,arma_ma,no_position,DAX_no_position_1190
1193,2020-09-24 13:30:00+00:00,0.0,arma_ma,no_position,DAX_no_position_1190
1194,2020-09-25 13:30:00+00:00,0.0,arma_ma,no_position,DAX_no_position_1190
1195,2020-09-28 13:30:00+00:00,0.0,arma_ma,no_position,DAX_no_position_1195
1196,2020-09-29 13:30:00+00:00,0.0,arma_ma,no_position,DAX_no_position_1195
1197,2020-09-30 13:30:00+00:00,0.0,arma_ma,no_position,DAX_no_position_1195
1198,2020-10-01 13:30:00+00:00,0.0,arma_ma,no_position,DAX_no_position_1195
1199,2020-10-02 13:30:00+00:00,0.0,arma_ma,no_position,DAX_no_position_1195
1200,2020-10-05 13:30:00+00:00,0.0,arma_ma,no_position,DAX_no_position_1200
1201,2020-10-06 13:30:00+00:00,0.0,arma_ma,no_position,DAX_no_position_1200
1202,2020-10-07 13:30:00+00:00,0.0,arma_ma,no_position,DAX_no_position_1200
1203,2020-10-08 13:30:00+00:00,0.0,arma_ma,no_position,DAX_no_position_1200
1204,2020-10-09 13:30:00+00:00,0.0,arma_ma,no_position,DAX_no_position_1200
1205,2020-10-12 13:30:00+00:00,0.10999999999999943,arma_ma,long,DAX_long_1205
1206,2020-10-13 13:30:00+00:00,0.25,arma_ma,long,DAX_long_1205
1207,2020-10-14 13:30:00+00:00,-0.615000000000002,arma_ma,long,DAX_long_1205
1208,2020-10-15 13:30:00+00:00,0.08999999999999986,arma_ma,long,DAX_long_1205
1209,2020-10-16 13:30:00+00:00,-0.6199999999999974,arma_ma,long,DAX_long_1205
1210,2020-10-19 13:30:00+00:00,0.0,arma_ma,no_position,DAX_no_position_1210
1211,2020-10-20 13:30:00+00:00,0.0,arma_ma,no_position,DAX_no_position_1210
1212,2020-10-21 13:30:00+00:00,0.0,arma_ma,no_position,DAX_no_position_1210
1213,2020-10-22 13:30:00+00:00,0.0,arma_ma,no_position,DAX_no_position_1210
1214,2020-10-23 13:30:00+00:00,0.0,arma_ma,no_position,DAX_no_position_1210
1215,2020-10-26 13:30:00+00:00,-0.36059999999999803,arma_ma,short,DAX_short_1215
1216,2020-10-27 13:30:00+00:00,1.3199999999999967,arma_ma,short,DAX_short_1215
1217,2020-10-28 13:30:00+00:00,0.240000000000002,arma_ma,short,DAX_short_1215
1218,2020-10-29 13:30:00+00:00,1.2899999999999991,arma_ma,short,DAX_short_1215
1219,2020-10-30 13:30:00+00:00,-0.1999999999999993,arma_ma,short,DAX_short_1215
1220,2020-11-02 14:30:00+00:00,0.120000000000001,arma_ma,short,DAX_short_1220
1221,2020-11-03 14:30:00+00:00,-0.2900000000000027,arma_ma,short,DAX_short_1220
1222,2020-11-04 14:30:00+00:00,-0.936399999999999,arma_ma,short,DAX_short_1220
1223,2020-11-05 14:30:00+00:00,-0.3414999999999999,arma_ma,short,DAX_short_1220
1224,2020-11-06 14:30:00+00:00,-0.7621000000000002,arma_ma,short,DAX_short_1220
1225,2020-11-09 14:30:00+00:00,0.0,arma_ma,no_position,DAX_no_position_1225
1226,2020-11-10 14:30:00+00:00,0.0,arma_ma,no_position,DAX_no_position_1225
1227,2020-11-11 14:30:00+00:00,0.0,arma_ma,no_position,DAX_no_position_1225
1228,2020-11-12 14:30:00+00:00,0.0,arma_ma,no_position,DAX_no_position_1225
1229,2020-11-13 14:30:00+00:00,0.0,arma_ma,no_position,DAX_no_position_1225
1230,2020-11-16 14:30:00+00:00,0.42339999999999733,arma_ma,long,DAX_long_1230
1231,2020-11-17 14:30:00+00:00,0.039100000000001245,arma_ma,long,DAX_long_1230
1232,2020-11-18 14:30:00+00:00,0.022500000000000853,arma_ma,long,DAX_long_1230
1233,2020-11-19 14:30:00+00:00,0.07499999999999929,arma_ma,long,DAX_long_1230
1234,2020-11-20 14:30:00+00:00,-0.10000000000000142,arma_ma,long,DAX_long_1230
1235,2020-11-23 14:30:00+00:00,0.009000000000000341,arma_ma,short,DAX_short_1235
1236,2020-11-24 14:30:00+00:00,0.04099999999999682,arma_ma,short,DAX_short_1235
1237,2020-11-25 14:30:00+00:00,-0.6799999999999997,arma_ma,short,DAX_short_1235
1238,2020-11-27 14:30:00+00:00,0.13000000000000256,arma_ma,short,DAX_short_1235
1239,2020-11-30 14:30:00+00:00,-0.2767000000000017,arma_ma,short,DAX_short_1235
1240,2020-12-01 14:30:00+00:00,-0.23989999999999867,arma_ma,long,DAX_long_1240
1241,2020-12-02 14:30:00+00:00,0.5331999999999972,arma_ma,long,DAX_long_1240
1242,2020-12-03 14:30:00+00:00,-0.02499999999999858,arma_ma,long,DAX_long_1240
1243,2020-12-04 14:30:00+00:00,-0.045000000000001705,arma_ma,long,DAX_long_1240
1244,2020-12-07 14:30:00+00:00,0.060000000000002274,arma_ma,long,DAX_long_1240
1245,2020-12-08 14:30:00+00:00,0.0,arma_ma,no_position,DAX_no_position_1245
1246,2020-12-09 14:30:00+00:00,0.0,arma_ma,no_position,DAX_no_position_1245
1247,2020-12-10 14:30:00+00:00,0.0,arma_ma,no_position,DAX_no_position_1245
1248,2020-12-11 14:30:00+00:00,0.0,arma_ma,no_position,DAX_no_position_1245
1249,2020-12-14 14:30:00+00:00,0.0,arma_ma,no_position,DAX_no_position_1245
1250,2020-12-15 14:30:00+00:00,0.3000000000000007,arma_ma,long,DAX_long_1250
1251,2020-12-16 14:30:00+00:00,0.4549999999999983,arma_ma,long,DAX_long_1250
1252,2020-12-17 14:30:00+00:00,0.4609000000000023,arma_ma,long,DAX_long_1250
1253,2020-12-18 14:30:00+00:00,0.44409999999999883,arma_ma,long,DAX_long_1250
1254,2020-12-21 14:30:00+00:00,-0.22500000000000142,arma_ma,long,DAX_long_1250
1255,2020-12-22 14:30:00+00:00,0.0,arma_ma,no_position,DAX_no_position_1255
1256,2020-12-23 14:30:00+00:00,0.0,arma_ma,no_position,DAX_no_position_1255
1257,2020-12-24 14:30:00+00:00,0.0,arma_ma,no_position,DAX_no_position_1255
1258,2020-12-28 14:30:00+00:00,0.0,arma_ma,no_position,DAX_no_position_1255
1259,2020-12-29 14:30:00+00:00,0.0,arma_ma,no_position,DAX_no_position_1255
1260,2020-12-30 14:30:00+00:00,-0.16499999999999915,arma_ma,long,DAX_long_1260
1261,2020-12-31 14:30:00+00:00,-0.4250000000000007,arma_ma,long,DAX_long_1260
1262,2021-01-04 14:30:00+00:00,-0.3333999999999975,arma_ma,long,DAX_long_1260
1263,2021-01-05 14:30:00+00:00,0.2043999999999997,arma_ma,long,DAX_long_1260
1264,2021-01-06 14:30:00+00:00,0.15390000000000015,arma_ma,long,DAX_long_1260
1265,2021-01-07 14:30:00+00:00,0.4640999999999984,arma_ma,long,DAX_long_1265
1266,2021-01-08 14:30:00+00:00,0.19099999999999895,arma_ma,long,DAX_long_1265
1267,2021-01-11 14:30:00+00:00,0.06920000000000215,arma_ma,long,DAX_long_1265
1268,2021-01-12 14:30:00+00:00,-0.5692000000000021,arma_ma,long,DAX_long_1265
1269,2021-01-13 14:30:00+00:00,0.1700000000000017,arma_ma,long,DAX_long_1265
1270,2021-01-14 14:30:00+00:00,0.0,arma_ma,no_position,DAX_no_position_1270
1271,2021-01-15 14:30:00+00:00,0.0,arma_ma,no_position,DAX_no_position_1270
1272,2021-01-19 14:30:00+00:00,0.0,arma_ma,no_position,DAX_no_position_1270
1273,2021-01-20 14:30:00+00:00,0.0,arma_ma,no_position,DAX_no_position_1270
1274,2021-01-21 14:30:00+00:00,0.0,arma_ma,no_position,DAX_no_position_1270
1275,2021-01-22 14:30:00+00:00,0.0,arma_ma,no_position,DAX_no_position_1275
1276,2021-01-25 14:30:00+00:00,0.0,arma_ma,no_position,DAX_no_position_1275
1277,2021-01-26 14:30:00+00:00,0.0,arma_ma,no_position,DAX_no_position_1275
1278,2021-01-27 14:30:00+00:00,0.0,arma_ma,no_position,DAX_no_position_1275
1279,2021-01-28 14:30:00+00:00,0.0,arma_ma,no_position,DAX_no_position_1275
1280,2021-01-29 14:30:00+00:00,0.0,arma_ma,no_position,DAX_no_position_1280
1281,2021-02-01 14:30:00+00:00,0.0,arma_ma,no_position,DAX_no_position_1280
1282,2021-02-02 14:30:00+00:00,0.0,arma_ma,no_position,DAX_no_position_1280
1283,2021-02-03 14:30:00+00:00,0.0,arma_ma,no_position,DAX_no_position_1280
1284,2021-02-04 14:30:00+00:00,0.0,arma_ma,no_position,DAX_no_position_1280
1285,2021-02-05 14:30:00+00:00,-0.054999999999999716,arma_ma,long,DAX_long_1285
1286,2021-02-08 14:30:00+00:00,0.365000000000002,arma_ma,long,DAX_long_1285
1287,2021-02-09 14:30:00+00:00,-0.03500000000000014,arma_ma,long,DAX_long_1285
1288,2021-02-10 14:30:00+00:00,0.004999999999999005,arma_ma,long,DAX_long_1285
1289,2021-02-11 14:30:00+00:00,-0.07339999999999947,arma_ma,long,DAX_long_1285
1290,2021-02-12 14:30:00+00:00,0.12829999999999941,arma_ma,long,DAX_long_1290
1291,2021-02-16 14:30:00+00:00,0.12509999999999977,arma_ma,long,DAX_long_1290
1292,2021-02-17 14:30:00+00:00,0.019999999999999574,arma_ma,long,DAX_long_1290
1293,2021-02-18 14:30:00+00:00,-0.41000000000000014,arma_ma,long,DAX_long_1290
1294,2021-02-19 14:30:00+00:00,-0.0799999999999983,arma_ma,long,DAX_long_1290
1295,2021-02-22 14:30:00+00:00,0.0,arma_ma,no_position,DAX_no_position_1295
1296,2021-02-23 14:30:00+00:00,0.0,arma_ma,no_position,DAX_no_position_1295
1297,2021-02-24 14:30:00+00:00,0.0,arma_ma,no_position,DAX_no_position_1295
1298,2021-02-25 14:30:00+00:00,0.0,arma_ma,no_position,DAX_no_position_1295
1299,2021-02-26 14:30:00+00:00,0.0,arma_ma,no_position,DAX_no_position_1295
1300,2021-03-01 14:30:00+00:00,-0.2798999999999978,arma_ma,long,DAX_long_1300
1301,2021-03-02 14:30:00+00:00,0.5198999999999998,arma_ma,long,DAX_long_1300
1302,2021-03-03 14:30:00+00:00,0.05000000000000071,arma_ma,long,DAX_long_1300
1303,2021-03-04 14:30:00+00:00,0.0,arma_ma,long,DAX_long_1300
1304,2021-03-05 14:30:00+00:00,-0.370000000000001,arma_ma,long,DAX_long_1300
1305,2021-03-08 14:30:00+00:00,-0.17999999999999972,arma_ma,long,DAX_long_1305
1306,2021-03-09 14:30:00+00:00,0.6499999999999986,arma_ma,long,DAX_long_1305
1307,2021-03-10 14:30:00+00:00,0.33500000000000085,arma_ma,long,DAX_long_1305
1308,2021-03-11 14:30:00+00:00,0.21499999999999986,arma_ma,long,DAX_long_1305
1309,2021-03-12 14:30:00+00:00,0.32849999999999824,arma_ma,long,DAX_long_1305
1310,2021-03-15 13:30:00+00:00,-0.09850000000000136,arma_ma,long,DAX_long_1310
1311,2021-03-16 13:30:00+00:00,-0.384999999999998,arma_ma,long,DAX_long_1310
1312,2021-03-17 13:30:00+00:00,0.20000000000000284,arma_ma,long,DAX_long_1310
1313,2021-03-18 13:30:00+00:00,0.37999999999999545,arma_ma,long,DAX_long_1310
1314,2021-03-19 13:30:00+00:00,-0.02499999999999858,arma_ma,long,DAX_long_1310
1315,2021-03-22 13:30:00+00:00,-0.18999999999999773,arma_ma,long,DAX_long_1315
1316,2021-03-23 13:30:00+00:00,0.14000000000000057,arma_ma,long,DAX_long_1315
1317,2021-03-24 13:30:00+00:00,-0.365000000000002,arma_ma,long,DAX_long_1315
1318,2021-03-25 13:30:00+00:00,-0.07499999999999929,arma_ma,long,DAX_long_1315
1319,2021-03-26 13:30:00+00:00,-0.02850000000000108,arma_ma,long,DAX_long_1315
1320,2021-03-29 13:30:00+00:00,0.0,arma_ma,no_position,DAX_no_position_1320
1321,2021-03-30 13:30:00+00:00,0.0,arma_ma,no_position,DAX_no_position_1320
1322,2021-03-31 13:30:00+00:00,0.0,arma_ma,no_position,DAX_no_position_1320
1323,2021-04-01 13:30:00+00:00,0.0,arma_ma,no_position,DAX_no_position_1320
1324,2021-04-05 13:30:00+00:00,0.0,arma_ma,no_position,DAX_no_position_1320
1325,2021-04-06 13:30:00+00:00,0.7111000000000018,arma_ma,long,DAX_long_1325
1326,2021-04-07 13:30:00+00:00,-0.25,arma_ma,long,DAX_long_1325
1327,2021-04-08 13:30:00+00:00,-0.0630999999999986,arma_ma,long,DAX_long_1325
1328,2021-04-09 13:30:00+00:00,0.08809999999999718,arma_ma,long,DAX_long_1325
1329,2021-04-12 13:30:00+00:00,0.11840000000000117,arma_ma,long,DAX_long_1325
1330,2021-04-13 13:30:00+00:00,-0.019300000000001205,arma_ma,long,DAX_long_1330
1331,2021-04-14 13:30:00+00:00,0.1559000000000026,arma_ma,long,DAX_long_1330
1332,2021-04-15 13:30:00+00:00,-0.06560000000000343,arma_ma,long,DAX_long_1330
1333,2021-04-16 13:30:00+00:00,0.17889999999999873,arma_ma,long,DAX_long_1330
1334,2021-04-19 13:30:00+00:00,0.525500000000001,arma_ma,long,DAX_long_1330
1335,2021-04-20 13:30:00+00:00,-0.03879999999999484,arma_ma,long,DAX_long_1335
1336,2021-04-21 13:30:00+00:00,-0.5602000000000018,arma_ma,long,DAX_long_1335
1337,2021-04-22 13:30:00+00:00,0.17770000000000152,arma_ma,long,DAX_long_1335
1338,2021-04-23 13:30:00+00:00,-0.031200000000005446,arma_ma,long,DAX_long_1335
1339,2021-04-26 13:30:00+00:00,0.33370000000000033,arma_ma,long,DAX_long_1335
1340,2021-04-27 13:30:00+00:00,-0.06980000000000075,arma_ma,long,DAX_long_1340
1341,2021-04-28 13:30:00+00:00,-0.03519999999999612,arma_ma,long,DAX_long_1340
1342,2021-04-29 13:30:00+00:00,0.13569999999999993,arma_ma,long,DAX_long_1340
1343,2021-04-30 13:30:00+00:00,-0.1957000000000022,arma_ma,long,DAX_long_1340
1344,2021-05-03 13:30:00+00:00,-0.46470000000000056,arma_ma,long,DAX_long_1340
1345,2021-05-04 13:30:00+00:00,0.0,arma_ma,no_position,DAX_no_position_1345
1346,2021-05-05 13:30:00+00:00,0.0,arma_ma,no_position,DAX_no_position_1345
1347,2021-05-06 13:30:00+00:00,0.0,arma_ma,no_position,DAX_no_position_1345
1348,2021-05-07 13:30:00+00:00,0.0,arma_ma,no_position,DAX_no_position_1345
1349,2021-05-10 13:30:00+00:00,0.0,arma_ma,no_position,DAX_no_position_1345
1350,2021-05-11 13:30:00+00:00,-0.29519999999999413,arma_ma,long,DAX_long_1350
1351,2021-05-12 13:30:00+00:00,-0.3307000000000002,arma_ma,long,DAX_long_1350
1352,2021-05-13 13:30:00+00:00,-0.330600000000004,arma_ma,long,DAX_long_1350
1353,2021-05-14 13:30:00+00:00,0.28059999999999974,arma_ma,long,DAX_long_1350
1354,2021-05-17 13:30:00+00:00,0.6688000000000045,arma_ma,long,DAX_long_1350
1355,2021-05-18 13:30:00+00:00,0.023299999999998988,arma_ma,long,DAX_long_1355
1356,2021-05-19 13:30:00+00:00,-0.09710000000000463,arma_ma,long,DAX_long_1355
1357,2021-05-20 13:30:00+00:00,-0.44429999999999836,arma_ma,long,DAX_long_1355
1358,2021-05-21 13:30:00+00:00,0.6223000000000027,arma_ma,long,DAX_long_1355
1359,2021-05-24 13:30:00+00:00,0.11200000000000188,arma_ma,long,DAX_long_1355
1360,2021-05-25 13:30:00+00:00,0.29999999999999716,arma_ma,long,DAX_long_1360
1361,2021-05-26 13:30:00+00:00,-0.13000000000000256,arma_ma,long,DAX_long_1360
1362,2021-05-27 13:30:00+00:00,-0.23329999999999984,arma_ma,long,DAX_long_1360
1363,2021-05-28 13:30:00+00:00,-0.015399999999999636,arma_ma,long,DAX_long_1360
1364,2021-06-01 13:30:00+00:00,0.1623000000000019,arma_ma,long,DAX_long_1360
1365,2021-06-02 13:30:00+00:00,0.2072999999999965,arma_ma,long,DAX_long_1365
1366,2021-06-03 13:30:00+00:00,0.01850000000000307,arma_ma,long,DAX_long_1365
1367,2021-06-04 13:30:00+00:00,-0.12019999999999698,arma_ma,long,DAX_long_1365
1368,2021-06-07 13:30:00+00:00,0.24029999999999774,arma_ma,long,DAX_long_1365
1369,2021-06-08 13:30:00+00:00,0.06709999999999638,arma_ma,long,DAX_long_1365
1370,2021-06-09 13:30:00+00:00,0.0,arma_ma,no_position,DAX_no_position_1370
1371,2021-06-10 13:30:00+00:00,0.0,arma_ma,no_position,DAX_no_position_1370
1372,2021-06-11 13:30:00+00:00,0.0,arma_ma,no_position,DAX_no_position_1370
1373,2021-06-14 13:30:00+00:00,0.0,arma_ma,no_position,DAX_no_position_1370
1374,2021-06-15 13:30:00+00:00,0.0,arma_ma,no_position,DAX_no_position_1370
1375,2021-06-16 13:30:00+00:00,0.0,arma_ma,no_position,DAX_no_position_1375
1376,2021-06-17 13:30:00+00:00,0.0,arma_ma,no_position,DAX_no_position_1375
1377,2021-06-18 13:30:00+00:00,0.0,arma_ma,no_position,DAX_no_position_1375
1378,2021-06-21 13:30:00+00:00,0.0,arma_ma,no_position,DAX_no_position_1375
1379,2021-06-22 13:30:00+00:00,0.0,arma_ma,no_position,DAX_no_position_1375
1380,2021-06-23 13:30:00+00:00,0.0,arma_ma,no_position,DAX_no_position_1380
1381,2021-06-24 13:30:00+00:00,0.0,arma_ma,no_position,DAX_no_position_1380
1382,2021-06-25 13:30:00+00:00,0.0,arma_ma,no_position,DAX_no_position_1380
1383,2021-06-28 13:30:00+00:00,0.0,arma_ma,no_position,DAX_no_position_1380
1384,2021-06-29 13:30:00+00:00,0.0,arma_ma,no_position,DAX_no_position_1380
1385,2021-06-30 13:30:00+00:00,0.31580000000000297,arma_ma,short,DAX_short_1385
1386,2021-07-01 13:30:00+00:00,0.3200000000000003,arma_ma,short,DAX_short_1385
1387,2021-07-02 13:30:00+00:00,-0.054999999999999716,arma_ma,short,DAX_short_1385
1388,2021-07-06 13:30:00+00:00,-0.10999999999999943,arma_ma,short,DAX_short_1385
1389,2021-07-07 13:30:00+00:00,0.4416000000000011,arma_ma,short,DAX_short_1385
1390,2021-07-08 13:30:00+00:00,-0.33200000000000074,arma_ma,short,DAX_short_1390
1391,2021-07-09 13:30:00+00:00,0.5328999999999979,arma_ma,short,DAX_short_1390
1392,2021-07-12 13:30:00+00:00,-0.8055999999999983,arma_ma,short,DAX_short_1390
1393,2021-07-13 13:30:00+00:00,-0.07690000000000197,arma_ma,short,DAX_short_1390
1394,2021-07-14 13:30:00+00:00,0.29480000000000217,arma_ma,short,DAX_short_1390
1395,2021-07-15 13:30:00+00:00,0.0,arma_ma,no_position,DAX_no_position_1395
1396,2021-07-16 13:30:00+00:00,0.0,arma_ma,no_position,DAX_no_position_1395
1397,2021-07-19 13:30:00+00:00,0.0,arma_ma,no_position,DAX_no_position_1395
1398,2021-07-20 13:30:00+00:00,0.0,arma_ma,no_position,DAX_no_position_1395
1399,2021-07-21 13:30:00+00:00,0.0,arma_ma,no_position,DAX_no_position_1395
1400,2021-07-22 13:30:00+00:00,-0.438600000000001,arma_ma,short,DAX_short_1400
1401,2021-07-23 13:30:00+00:00,0.02360000000000184,arma_ma,short,DAX_short_1400
1402,2021-07-26 13:30:00+00:00,-0.3546000000000049,arma_ma,short,DAX_short_1400
1403,2021-07-27 13:30:00+00:00,-0.005699999999997374,arma_ma,short,DAX_short_1400
1404,2021-07-28 13:30:00+00:00,0.17029999999999745,arma_ma,short,DAX_short_1400
1405,2021-07-29 13:30:00+00:00,0.0,arma_ma,no_position,DAX_no_position_1405
1406,2021-07-30 13:30:00+00:00,0.0,arma_ma,no_position,DAX_no_position_1405
1407,2021-08-02 13:30:00+00:00,0.0,arma_ma,no_position,DAX_no_position_1405
1408,2021-08-03 13:30:00+00:00,0.0,arma_ma,no_position,DAX_no_position_1405
1409,2021-08-04 13:30:00+00:00,0.0,arma_ma,no_position,DAX_no_position_1405
1410,2021-08-05 13:30:00+00:00,0.0,arma_ma,no_position,DAX_no_position_1410
1411,2021-08-06 13:30:00+00:00,0.0,arma_ma,no_position,DAX_no_position_1410
1412,2021-08-09 13:30:00+00:00,0.0,arma_ma,no_position,DAX_no_position_1410
1413,2021-08-10 13:30:00+00:00,0.0,arma_ma,no_position,DAX_no_position_1410
1414,2021-08-11 13:30:00+00:00,0.0,arma_ma,no_position,DAX_no_position_1410
1415,2021-08-12 13:30:00+00:00,0.0,arma_ma,no_position,DAX_no_position_1415
1416,2021-08-13 13:30:00+00:00,0.0,arma_ma,no_position,DAX_no_position_1415
1417,2021-08-16 13:30:00+00:00,0.0,arma_ma,no_position,DAX_no_position_1415
1418,2021-08-17 13:30:00+00:00,0.0,arma_ma,no_position,DAX_no_position_1415
1419,2021-08-18 13:30:00+00:00,0.0,arma_ma,no_position,DAX_no_position_1415
1420,2021-08-19 13:30:00+00:00,-0.045999999999999375,arma_ma,short,DAX_short_1420
1421,2021-08-20 13:30:00+00:00,0.3710000000000022,arma_ma,short,DAX_short_1420
1422,2021-08-23 13:30:00+00:00,-0.1740000000000066,arma_ma,short,DAX_short_1420
1423,2021-08-24 13:30:00+00:00,-0.24099999999999966,arma_ma,short,DAX_short_1420
1424,2021-08-25 13:30:00+00:00,-0.0799999999999983,arma_ma,short,DAX_short_1420
1425,2021-08-26 13:30:00+00:00,0.0,arma_ma,no_position,DAX_no_position_1425
1426,2021-08-27 13:30:00+00:00,0.0,arma_ma,no_position,DAX_no_position_1425
1427,2021-08-30 13:30:00+00:00,0.0,arma_ma,no_position,DAX_no_position_1425
1428,2021-08-31 13:30:00+00:00,0.0,arma_ma,no_position,DAX_no_position_1425
1429,2021-09-01 13:30:00+00:00,0.0,arma_ma,no_position,DAX_no_position_1425
1430,2021-09-02 13:30:00+00:00,0.0,arma_ma,no_position,DAX_no_position_1430
1431,2021-09-03 13:30:00+00:00,0.0,arma_ma,no_position,DAX_no_position_1430
1432,2021-09-07 13:30:00+00:00,0.0,arma_ma,no_position,DAX_no_position_1430
1433,2021-09-08 13:30:00+00:00,0.0,arma_ma,no_position,DAX_no_position_1430
1434,2021-09-09 13:30:00+00:00,0.0,arma_ma,no_position,DAX_no_position_1430
1435,2021-09-10 13:30:00+00:00,0.08929999999999438,arma_ma,short,DAX_short_1435
1436,2021-09-13 13:30:00+00:00,0.06500000000000483,arma_ma,short,DAX_short_1435
1437,2021-09-14 13:30:00+00:00,-0.32160000000000366,arma_ma,short,DAX_short_1435
1438,2021-09-15 13:30:00+00:00,0.036599999999999966,arma_ma,short,DAX_short_1435
1439,2021-09-16 13:30:00+00:00,0.035000000000003695,arma_ma,short,DAX_short_1435
1440,2021-09-17 13:30:00+00:00,0.03499999999999659,arma_ma,short,DAX_short_1440
1441,2021-09-20 13:30:00+00:00,0.5309999999999988,arma_ma,short,DAX_short_1440
1442,2021-09-21 13:30:00+00:00,0.8941000000000017,arma_ma,short,DAX_short_1440
1443,2021-09-22 13:30:00+00:00,-0.45989999999999753,arma_ma,short,DAX_short_1440
1444,2021-09-23 13:30:00+00:00,-0.28890000000000526,arma_ma,short,DAX_short_1440
1445,2021-09-24 13:30:00+00:00,0.0,arma_ma,no_position,DAX_no_position_1445
1446,2021-09-27 13:30:00+00:00,0.0,arma_ma,no_position,DAX_no_position_1445
1447,2021-09-28 13:30:00+00:00,0.0,arma_ma,no_position,DAX_no_position_1445
1448,2021-09-29 13:30:00+00:00,0.0,arma_ma,no_position,DAX_no_position_1445
1449,2021-09-30 13:30:00+00:00,0.0,arma_ma,no_position,DAX_no_position_1445
1450,2021-10-01 13:30:00+00:00,0.2778999999999989,arma_ma,short,DAX_short_1450
1451,2021-10-04 13:30:00+00:00,-0.022900000000003473,arma_ma,short,DAX_short_1450
1452,2021-10-05 13:30:00+00:00,0.2950000000000017,arma_ma,short,DAX_short_1450
1453,2021-10-06 13:30:00+00:00,-0.17999999999999972,arma_ma,short,DAX_short_1450
1454,2021-10-07 13:30:00+00:00,0.35910000000000153,arma_ma,short,DAX_short_1450
1455,2021-10-08 13:30:00+00:00,-0.3083000000000027,arma_ma,short,DAX_short_1455
1456,2021-10-11 13:30:00+00:00,-0.010799999999999699,arma_ma,short,DAX_short_1455
1457,2021-10-12 13:30:00+00:00,0.1875,arma_ma,short,DAX_short_1455
1458,2021-10-13 13:30:00+00:00,-0.004699999999999704,arma_ma,short,DAX_short_1455
1459,2021-10-14 13:30:00+00:00,-0.4223999999999961,arma_ma,short,DAX_short_1455
1460,2021-10-15 13:30:00+00:00,0.0,arma_ma,no_position,DAX_no_position_1460
1461,2021-10-18 13:30:00+00:00,0.0,arma_ma,no_position,DAX_no_position_1460
1462,2021-10-19 13:30:00+00:00,0.0,arma_ma,no_position,DAX_no_position_1460
1463,2021-10-20 13:30:00+00:00,0.0,arma_ma,no_position,DAX_no_position_1460
1464,2021-10-21 13:30:00+00:00,0.0,arma_ma,no_position,DAX_no_position_1460
1465,2021-10-22 13:30:00+00:00,0.0,arma_ma,no_position,DAX_no_position_1465
1466,2021-10-25 13:30:00+00:00,0.0,arma_ma,no_position,DAX_no_position_1465
1467,2021-10-26 13:30:00+00:00,0.0,arma_ma,no_position,DAX_no_position_1465
1468,2021-10-27 13:30:00+00:00,0.0,arma_ma,no_position,DAX_no_position_1465
1469,2021-10-28 13:30:00+00:00,0.0,arma_ma,no_position,DAX_no_position_1465
1470,2021-10-29 13:30:00+00:00,-0.21000000000000085,arma_ma,short,DAX_short_1470
1471,2021-11-01 13:30:00+00:00,0.2700000000000031,arma_ma,short,DAX_short_1470
1472,2021-11-02 13:30:00+00:00,-0.3861000000000061,arma_ma,short,DAX_short_1470
1473,2021-11-03 13:30:00+00:00,-0.17839999999999634,arma_ma,short,DAX_short_1470
1474,2021-11-04 13:30:00+00:00,-0.24799999999999756,arma_ma,short,DAX_short_1470
1475,2021-11-05 13:30:00+00:00,0.0,arma_ma,no_position,DAX_no_position_1475
1476,2021-11-08 14:30:00+00:00,0.0,arma_ma,no_position,DAX_no_position_1475
1477,2021-11-09 14:30:00+00:00,0.0,arma_ma,no_position,DAX_no_position_1475
1478,2021-11-10 14:30:00+00:00,0.0,arma_ma,no_position,DAX_no_position_1475
1479,2021-11-11 14:30:00+00:00,0.0,arma_ma,no_position,DAX_no_position_1475
1480,2021-11-12 14:30:00+00:00,-0.04460000000000264,arma_ma,short,DAX_short_1480
1481,2021-11-15 14:30:00+00:00,-0.02729999999999677,arma_ma,short,DAX_short_1480
1482,2021-11-16 14:30:00+00:00,0.18799999999999528,arma_ma,short,DAX_short_1480
1483,2021-11-17 14:30:00+00:00,-0.06519999999999726,arma_ma,short,DAX_short_1480
1484,2021-11-18 14:30:00+00:00,-0.06340000000000146,arma_ma,short,DAX_short_1480
1485,2021-11-19 14:30:00+00:00,0.0,arma_ma,no_position,DAX_no_position_1485
1486,2021-11-22 14:30:00+00:00,0.0,arma_ma,no_position,DAX_no_position_1485
1487,2021-11-23 14:30:00+00:00,0.0,arma_ma,no_position,DAX_no_position_1485
1488,2021-11-24 14:30:00+00:00,0.0,arma_ma,no_position,DAX_no_position_1485
1489,2021-11-26 14:30:00+00:00,0.0,arma_ma,no_position,DAX_no_position_1485
1490,2021-11-29 14:30:00+00:00,1.0499999999999972,arma_ma,short,DAX_short_1490
1491,2021-11-30 14:30:00+00:00,-0.08000000000000185,arma_ma,short,DAX_short_1490
1492,2021-12-01 14:30:00+00:00,0.3100000000000023,arma_ma,short,DAX_short_1490
1493,2021-12-02 14:30:00+00:00,-0.08999999999999986,arma_ma,short,DAX_short_1490
1494,2021-12-03 14:30:00+00:00,-0.24050000000000082,arma_ma,short,DAX_short_1490
1495,2021-12-06 14:30:00+00:00,0.0,arma_ma,no_position,DAX_no_position_1495
1496,2021-12-07 14:30:00+00:00,0.0,arma_ma,no_position,DAX_no_position_1495
1497,2021-12-08 14:30:00+00:00,0.0,arma_ma,no_position,DAX_no_position_1495
1498,2021-12-09 14:30:00+00:00,0.0,arma_ma,no_position,DAX_no_position_1495
1499,2021-12-10 14:30:00+00:00,0.0,arma_ma,no_position,DAX_no_position_1495
1500,2021-12-13 14:30:00+00:00,0.14499999999999957,arma_ma,long,DAX_long_1500
1501,2021-12-14 14:30:00+00:00,-0.13860000000000028,arma_ma,long,DAX_long_1500
1502,2021-12-15 14:30:00+00:00,-0.27209999999999823,arma_ma,long,DAX_long_1500
1503,2021-12-16 14:30:00+00:00,0.33999999999999986,arma_ma,long,DAX_long_1500
1504,2021-12-17 14:30:00+00:00,0.00409999999999755,arma_ma,long,DAX_long_1500
1505,2021-12-20 14:30:00+00:00,0.5040999999999976,arma_ma,short,DAX_short_1505
1506,2021-12-21 14:30:00+00:00,0.16240000000000165,arma_ma,short,DAX_short_1505
1507,2021-12-22 14:30:00+00:00,-0.38400000000000034,arma_ma,short,DAX_short_1505
1508,2021-12-23 14:30:00+00:00,-0.42840000000000344,arma_ma,short,DAX_short_1505
1509,2021-12-27 14:30:00+00:00,-0.23089999999999833,arma_ma,short,DAX_short_1505
1510,2021-12-28 14:30:00+00:00,0.25329999999999586,arma_ma,long,DAX_long_1510
1511,2021-12-29 14:30:00+00:00,0.0508000000000024,arma_ma,long,DAX_long_1510
1512,2021-12-30 14:30:00+00:00,-0.02499999999999858,arma_ma,long,DAX_long_1510
1513,2021-12-31 14:30:00+00:00,-0.46809999999999974,arma_ma,long,DAX_long_1510
1514,2022-01-03 14:30:00+00:00,0.20309999999999917,arma_ma,long,DAX_long_1510
1515,2022-01-04 14:30:00+00:00,0.0,arma_ma,no_position,DAX_no_position_1515
1516,2022-01-05 14:30:00+00:00,0.0,arma_ma,no_position,DAX_no_position_1515
1517,2022-01-06 14:30:00+00:00,0.0,arma_ma,no_position,DAX_no_position_1515
1518,2022-01-07 14:30:00+00:00,0.0,arma_ma,no_position,DAX_no_position_1515
1519,2022-01-10 14:30:00+00:00,0.0,arma_ma,no_position,DAX_no_position_1515
1520,2022-01-11 14:30:00+00:00,0.2652999999999963,arma_ma,short,DAX_short_1520
1521,2022-01-12 14:30:00+00:00,-0.38569999999999993,arma_ma,short,DAX_short_1520
1522,2022-01-13 14:30:00+00:00,-0.2342999999999975,arma_ma,short,DAX_short_1520
1523,2022-01-14 14:30:00+00:00,0.18999999999999773,arma_ma,short,DAX_short_1520
1524,2022-01-18 14:30:00+00:00,0.05000000000000426,arma_ma,short,DAX_short_1520
1525,2022-01-19 14:30:00+00:00,0.6099999999999994,arma_ma,short,DAX_short_1525
1526,2022-01-20 14:30:00+00:00,-0.09190000000000254,arma_ma,short,DAX_short_1525
1527,2022-01-21 14:30:00+00:00,0.1418999999999997,arma_ma,short,DAX_short_1525
1528,2022-01-24 14:30:00+00:00,0.5,arma_ma,short,DAX_short_1525
1529,2022-01-25 14:30:00+00:00,0.46000000000000085,arma_ma,short,DAX_short_1525
1530,2022-01-26 14:30:00+00:00,0.15500000000000114,arma_ma,short,DAX_short_1530
1531,2022-01-27 14:30:00+00:00,-0.1551000000000009,arma_ma,short,DAX_short_1530
1532,2022-01-28 14:30:00+00:00,0.19010000000000105,arma_ma,short,DAX_short_1530
1533,2022-01-31 14:30:00+00:00,-0.05000000000000071,arma_ma,short,DAX_short_1530
1534,2022-02-01 14:30:00+00:00,-0.5095999999999989,arma_ma,short,DAX_short_1530
1535,2022-02-02 14:30:00+00:00,0.0,arma_ma,no_position,DAX_no_position_1535
1536,2022-02-03 14:30:00+00:00,0.0,arma_ma,no_position,DAX_no_position_1535
1537,2022-02-04 14:30:00+00:00,0.0,arma_ma,no_position,DAX_no_position_1535
1538,2022-02-07 14:30:00+00:00,0.0,arma_ma,no_position,DAX_no_position_1535
1539,2022-02-08 14:30:00+00:00,0.0,arma_ma,no_position,DAX_no_position_1535
1540,2022-02-09 14:30:00+00:00,0.16000000000000014,arma_ma,long,DAX_long_1540
1541,2022-02-10 14:30:00+00:00,0.4923000000000002,arma_ma,long,DAX_long_1540
1542,2022-02-11 14:30:00+00:00,-0.2923000000000009,arma_ma,long,DAX_long_1540
1543,2022-02-14 14:30:00+00:00,-0.6600000000000001,arma_ma,long,DAX_long_1540
1544,2022-02-15 14:30:00+00:00,-0.35999999999999943,arma_ma,long,DAX_long_1540
1545,2022-02-16 14:30:00+00:00,0.0,arma_ma,no_position,DAX_no_position_1545
1546,2022-02-17 14:30:00+00:00,0.0,arma_ma,no_position,DAX_no_position_1545
1547,2022-02-18 14:30:00+00:00,0.0,arma_ma,no_position,DAX_no_position_1545
1548,2022-02-22 14:30:00+00:00,0.0,arma_ma,no_position,DAX_no_position_1545
1549,2022-02-23 14:30:00+00:00,0.0,arma_ma,no_position,DAX_no_position_1545
1550,2022-02-24 14:30:00+00:00,0.379999999999999,arma_ma,short,DAX_short_1550
1551,2022-02-25 14:30:00+00:00,0.5800000000000018,arma_ma,short,DAX_short_1550
1552,2022-02-28 14:30:00+00:00,-0.9200000000000017,arma_ma,short,DAX_short_1550
1553,2022-03-01 14:30:00+00:00,0.9759999999999991,arma_ma,short,DAX_short_1550
1554,2022-03-02 14:30:00+00:00,1.0139999999999993,arma_ma,short,DAX_short_1550
1555,2022-03-03 14:30:00+00:00,-0.17999999999999972,arma_ma,short,DAX_short_1555
1556,2022-03-04 14:30:00+00:00,0.8200000000000003,arma_ma,short,DAX_short_1555
1557,2022-03-07 14:30:00+00:00,1.240000000000002,arma_ma,short,DAX_short_1555
1558,2022-03-08 14:30:00+00:00,1.0899999999999999,arma_ma,short,DAX_short_1555
1559,2022-03-09 14:30:00+00:00,-0.7584000000000017,arma_ma,short,DAX_short_1555
1560,2022-03-10 14:30:00+00:00,-1.9315999999999995,arma_ma,short,DAX_short_1560
1561,2022-03-11 14:30:00+00:00,0.8200000000000003,arma_ma,short,DAX_short_1560
1562,2022-03-14 13:30:00+00:00,0.07000000000000028,arma_ma,short,DAX_short_1560
1563,2022-03-15 13:30:00+00:00,-0.6900000000000013,arma_ma,short,DAX_short_1560
1564,2022-03-16 13:30:00+00:00,-0.21839999999999904,arma_ma,short,DAX_short_1560
1565,2022-03-17 13:30:00+00:00,0.0,arma_ma,no_position,DAX_no_position_1565
1566,2022-03-18 13:30:00+00:00,0.0,arma_ma,no_position,DAX_no_position_1565
1567,2022-03-21 13:30:00+00:00,0.0,arma_ma,no_position,DAX_no_position_1565
1568,2022-03-22 13:30:00+00:00,0.0,arma_ma,no_position,DAX_no_position_1565
1569,2022-03-23 13:30:00+00:00,0.0,arma_ma,no_position,DAX_no_position_1565
1570,2022-03-24 13:30:00+00:00,0.5649999999999977,arma_ma,short,DAX_short_1570
1571,2022-03-25 13:30:00+00:00,-0.1416000000000004,arma_ma,short,DAX_short_1570
1572,2022-03-28 13:30:00+00:00,-0.1333999999999982,arma_ma,short,DAX_short_1570
1573,2022-03-29 13:30:00+00:00,-0.245000000000001,arma_ma,short,DAX_short_1570
1574,2022-03-30 13:30:00+00:00,-0.8649999999999984,arma_ma,short,DAX_short_1570
1575,2022-03-31 13:30:00+00:00,0.34999999999999787,arma_ma,short,DAX_short_1575
1576,2022-04-01 13:30:00+00:00,0.990000000000002,arma_ma,short,DAX_short_1575
1577,2022-04-04 13:30:00+00:00,-0.41000000000000014,arma_ma,short,DAX_short_1575
1578,2022-04-05 13:30:00+00:00,-0.047100000000000364,arma_ma,short,DAX_short_1575
1579,2022-04-06 13:30:00+00:00,0.43710000000000093,arma_ma,short,DAX_short_1575
1580,2022-04-07 13:30:00+00:00,0.4399999999999977,arma_ma,short,DAX_short_1580
1581,2022-04-08 13:30:00+00:00,0.0400000000000027,arma_ma,short,DAX_short_1580
1582,2022-04-11 13:30:00+00:00,-0.010000000000001563,arma_ma,short,DAX_short_1580
1583,2022-04-12 13:30:00+00:00,0.16000000000000014,arma_ma,short,DAX_short_1580
1584,2022-04-13 13:30:00+00:00,0.3611000000000004,arma_ma,short,DAX_short_1580
1585,2022-04-14 13:30:00+00:00,-0.3509999999999991,arma_ma,short,DAX_short_1585
1586,2022-04-18 13:30:00+00:00,0.16989999999999839,arma_ma,short,DAX_short_1585
1587,2022-04-19 13:30:00+00:00,0.120000000000001,arma_ma,short,DAX_short_1585
1588,2022-04-20 13:30:00+00:00,-0.2699999999999996,arma_ma,short,DAX_short_1585
1589,2022-04-21 13:30:00+00:00,-0.370000000000001,arma_ma,short,DAX_short_1585
1590,2022-04-22 13:30:00+00:00,0.120000000000001,arma_ma,short,DAX_short_1590
1591,2022-04-25 13:30:00+00:00,0.5499999999999972,arma_ma,short,DAX_short_1590
1592,2022-04-26 13:30:00+00:00,0.10000000000000142,arma_ma,short,DAX_short_1590
1593,2022-04-27 13:30:00+00:00,1.0439000000000007,arma_ma,short,DAX_short_1590
1594,2022-04-28 13:30:00+00:00,0.11609999999999943,arma_ma,short,DAX_short_1590
1595,2022-04-29 13:30:00+00:00,-0.5500000000000007,arma_ma,short,DAX_short_1595
1596,2022-05-02 13:30:00+00:00,0.22000000000000242,arma_ma,short,DAX_short_1595
1597,2022-05-03 13:30:00+00:00,0.04999999999999716,arma_ma,short,DAX_short_1595
1598,2022-05-04 13:30:00+00:00,-0.13999999999999702,arma_ma,short,DAX_short_1595
1599,2022-05-05 13:30:00+00:00,-0.6300000000000026,arma_ma,short,DAX_short_1595
1600,2022-05-06 13:30:00+00:00,0.870000000000001,arma_ma,short,DAX_short_1600
1601,2022-05-09 13:30:00+00:00,0.3299999999999983,arma_ma,short,DAX_short_1600
1602,2022-05-10 13:30:00+00:00,0.5700000000000003,arma_ma,short,DAX_short_1600
1603,2022-05-11 13:30:00+00:00,-0.4499999999999993,arma_ma,short,DAX_short_1600
1604,2022-05-12 13:30:00+00:00,0.1700000000000017,arma_ma,short,DAX_short_1600
1605,2022-05-13 13:30:00+00:00,0.0,arma_ma,no_position,DAX_no_position_1605
1606,2022-05-16 13:30:00+00:00,0.0,arma_ma,no_position,DAX_no_position_1605
1607,2022-05-17 13:30:00+00:00,0.0,arma_ma,no_position,DAX_no_position_1605
1608,2022-05-18 13:30:00+00:00,0.0,arma_ma,no_position,DAX_no_position_1605
1609,2022-05-19 13:30:00+00:00,0.0,arma_ma,no_position,DAX_no_position_1605
1610,2022-05-20 13:30:00+00:00,0.0,arma_ma,no_position,DAX_no_position_1610
1611,2022-05-23 13:30:00+00:00,0.0,arma_ma,no_position,DAX_no_position_1610
1612,2022-05-24 13:30:00+00:00,0.0,arma_ma,no_position,DAX_no_position_1610
1613,2022-05-25 13:30:00+00:00,0.0,arma_ma,no_position,DAX_no_position_1610
1614,2022-05-26 13:30:00+00:00,0.0,arma_ma,no_position,DAX_no_position_1610
1615,2022-05-27 13:30:00+00:00,0.0,arma_ma,no_position,DAX_no_position_1615
1616,2022-05-31 13:30:00+00:00,0.0,arma_ma,no_position,DAX_no_position_1615
1617,2022-06-01 13:30:00+00:00,0.0,arma_ma,no_position,DAX_no_position_1615
1618,2022-06-02 13:30:00+00:00,0.0,arma_ma,no_position,DAX_no_position_1615
1619,2022-06-03 13:30:00+00:00,0.0,arma_ma,no_position,DAX_no_position_1615
1620,2022-06-06 13:30:00+00:00,0.2353999999999985,arma_ma,short,DAX_short_1620
1621,2022-06-07 13:30:00+00:00,-0.17950000000000088,arma_ma,short,DAX_short_1620
1622,2022-06-08 13:30:00+00:00,-0.008699999999997488,arma_ma,short,DAX_short_1620
1623,2022-06-09 13:30:00+00:00,0.39679999999999893,arma_ma,short,DAX_short_1620
1624,2022-06-10 13:30:00+00:00,0.7259999999999991,arma_ma,short,DAX_short_1620
1625,2022-06-13 13:30:00+00:00,0.9200000000000017,arma_ma,short,DAX_short_1625
1626,2022-06-14 13:30:00+00:00,0.8059999999999974,arma_ma,short,DAX_short_1625
1627,2022-06-15 13:30:00+00:00,0.3440000000000012,arma_ma,short,DAX_short_1625
1628,2022-06-16 13:30:00+00:00,-0.8200000000000003,arma_ma,short,DAX_short_1625
1629,2022-06-17 13:30:00+00:00,1.0199999999999996,arma_ma,short,DAX_short_1625
1630,2022-06-21 13:30:00+00:00,-0.07000000000000028,arma_ma,short,DAX_short_1630
1631,2022-06-22 13:30:00+00:00,-0.3099999999999987,arma_ma,short,DAX_short_1630
1632,2022-06-23 13:30:00+00:00,0.1999999999999993,arma_ma,short,DAX_short_1630
1633,2022-06-24 13:30:00+00:00,0.33999999999999986,arma_ma,short,DAX_short_1630
1634,2022-06-27 13:30:00+00:00,-0.41999999999999815,arma_ma,short,DAX_short_1630
1635,2022-06-28 13:30:00+00:00,0.019999999999999574,arma_ma,short,DAX_short_1635
1636,2022-06-29 13:30:00+00:00,0.10999999999999943,arma_ma,short,DAX_short_1635
1637,2022-06-30 13:30:00+00:00,1.0599999999999987,arma_ma,short,DAX_short_1635
1638,2022-07-01 13:30:00+00:00,0.3200000000000003,arma_ma,short,DAX_short_1635
1639,2022-07-05 13:30:00+00:00,-0.18999999999999773,arma_ma,short,DAX_short_1635
1640,2022-07-06 13:30:00+00:00,0.9699999999999989,arma_ma,short,DAX_short_1640
1641,2022-07-07 13:30:00+00:00,0.05000000000000071,arma_ma,short,DAX_short_1640
1642,2022-07-08 13:30:00+00:00,-0.3000000000000007,arma_ma,short,DAX_short_1640
1643,2022-07-11 13:30:00+00:00,-0.25,arma_ma,short,DAX_short_1640
1644,2022-07-12 13:30:00+00:00,0.5399999999999991,arma_ma,short,DAX_short_1640
1645,2022-07-13 13:30:00+00:00,0.0,arma_ma,no_position,DAX_no_position_1645
1646,2022-07-14 13:30:00+00:00,0.0,arma_ma,no_position,DAX_no_position_1645
1647,2022-07-15 13:30:00+00:00,0.0,arma_ma,no_position,DAX_no_position_1645
1648,2022-07-18 13:30:00+00:00,0.0,arma_ma,no_position,DAX_no_position_1645
1649,2022-07-19 13:30:00+00:00,0.0,arma_ma,no_position,DAX_no_position_1645
1650,2022-07-20 13:30:00+00:00,0.0,arma_ma,no_position,DAX_no_position_1650
1651,2022-07-21 13:30:00+00:00,0.0,arma_ma,no_position,DAX_no_position_1650
1652,2022-07-22 13:30:00+00:00,0.0,arma_ma,no_position,DAX_no_position_1650
1653,2022-07-25 13:30:00+00:00,0.0,arma_ma,no_position,DAX_no_position_1650
1654,2022-07-26 13:30:00+00:00,0.0,arma_ma,no_position,DAX_no_position_1650
1655,2022-07-27 13:30:00+00:00,0.0,arma_ma,no_position,DAX_no_position_1655
1656,2022-07-28 13:30:00+00:00,0.0,arma_ma,no_position,DAX_no_position_1655
1657,2022-07-29 13:30:00+00:00,0.0,arma_ma,no_position,DAX_no_position_1655
1658,2022-08-01 13:30:00+00:00,0.0,arma_ma,no_position,DAX_no_position_1655
1659,2022-08-02 13:30:00+00:00,0.0,arma_ma,no_position,DAX_no_position_1655
1660,2022-08-03 13:30:00+00:00,0.0,arma_ma,no_position,DAX_no_position_1660
1661,2022-08-04 13:30:00+00:00,0.0,arma_ma,no_position,DAX_no_position_1660
1662,2022-08-05 13:30:00+00:00,0.0,arma_ma,no_position,DAX_no_position_1660
1663,2022-08-08 13:30:00+00:00,0.0,arma_ma,no_position,DAX_no_position_1660
1664,2022-08-09 13:30:00+00:00,0.0,arma_ma,no_position,DAX_no_position_1660
1665,2022-08-10 13:30:00+00:00,0.0,arma_ma,no_position,DAX_no_position_1665
1666,2022-08-11 13:30:00+00:00,0.0,arma_ma,no_position,DAX_no_position_1665
1667,2022-08-12 13:30:00+00:00,0.0,arma_ma,no_position,DAX_no_position_1665
1668,2022-08-15 13:30:00+00:00,0.0,arma_ma,no_position,DAX_no_position_1665
1669,2022-08-16 13:30:00+00:00,0.0,arma_ma,no_position,DAX_no_position_1665
1670,2022-08-17 13:30:00+00:00,-0.08000000000000185,arma_ma,short,DAX_short_1670
1671,2022-08-18 13:30:00+00:00,0.3873999999999995,arma_ma,short,DAX_short_1670
1672,2022-08-19 13:30:00+00:00,0.12199999999999989,arma_ma,short,DAX_short_1670
1673,2022-08-22 13:30:00+00:00,0.4906000000000006,arma_ma,short,DAX_short_1670
1674,2022-08-23 13:30:00+00:00,0.7300000000000004,arma_ma,short,DAX_short_1670
1675,2022-08-24 13:30:00+00:00,-0.0,arma_ma,short,DAX_short_1675
1676,2022-08-25 13:30:00+00:00,-0.0799999999999983,arma_ma,short,DAX_short_1675
1677,2022-08-26 13:30:00+00:00,-0.20000000000000284,arma_ma,short,DAX_short_1675
1678,2022-08-29 13:30:00+00:00,0.8300000000000018,arma_ma,short,DAX_short_1675
1679,2022-08-30 13:30:00+00:00,-0.10999999999999943,arma_ma,short,DAX_short_1675
1680,2022-08-31 13:30:00+00:00,-0.060000000000002274,arma_ma,short,DAX_short_1680
1681,2022-09-01 13:30:00+00:00,0.030000000000001137,arma_ma,short,DAX_short_1680
1682,2022-09-02 13:30:00+00:00,0.25,arma_ma,short,DAX_short_1680
1683,2022-09-06 13:30:00+00:00,0.2699999999999996,arma_ma,short,DAX_short_1680
1684,2022-09-07 13:30:00+00:00,-0.21999999999999886,arma_ma,short,DAX_short_1680
1685,2022-09-08 13:30:00+00:00,0.0,arma_ma,no_position,DAX_no_position_1685
1686,2022-09-09 13:30:00+00:00,0.0,arma_ma,no_position,DAX_no_position_1685
1687,2022-09-12 13:30:00+00:00,0.0,arma_ma,no_position,DAX_no_position_1685
1688,2022-09-13 13:30:00+00:00,0.0,arma_ma,no_position,DAX_no_position_1685
1689,2022-09-14 13:30:00+00:00,0.0,arma_ma,no_position,DAX_no_position_1685
1690,2022-09-15 13:30:00+00:00,-0.14999999999999858,arma_ma,long,DAX_long_1690
1691,2022-09-16 13:30:00+00:00,0.030000000000001137,arma_ma,long,DAX_long_1690
1692,2022-09-19 13:30:00+00:00,-0.41000000000000014,arma_ma,long,DAX_long_1690
1693,2022-09-20 13:30:00+00:00,0.36999999999999744,arma_ma,long,DAX_long_1690
1694,2022-09-21 13:30:00+00:00,-0.6799999999999997,arma_ma,long,DAX_long_1690
1695,2022-09-22 13:30:00+00:00,0.28999999999999915,arma_ma,short,DAX_short_1695
1696,2022-09-23 13:30:00+00:00,0.08999999999999986,arma_ma,short,DAX_short_1695
1697,2022-09-26 13:30:00+00:00,0.8000000000000007,arma_ma,short,DAX_short_1695
1698,2022-09-27 13:30:00+00:00,0.3000000000000007,arma_ma,short,DAX_short_1695
1699,2022-09-28 13:30:00+00:00,0.33999999999999986,arma_ma,short,DAX_short_1695
1700,2022-09-29 13:30:00+00:00,-0.6876999999999995,arma_ma,short,DAX_short_1700
1701,2022-09-30 13:30:00+00:00,0.21769999999999712,arma_ma,short,DAX_short_1700
1702,2022-10-03 13:30:00+00:00,0.22000000000000242,arma_ma,short,DAX_short_1700
1703,2022-10-04 13:30:00+00:00,-0.490000000000002,arma_ma,short,DAX_short_1700
1704,2022-10-05 13:30:00+00:00,-1.0860999999999983,arma_ma,short,DAX_short_1700
1705,2022-10-06 13:30:00+00:00,0.0,arma_ma,no_position,DAX_no_position_1705
1706,2022-10-07 13:30:00+00:00,0.0,arma_ma,no_position,DAX_no_position_1705
1707,2022-10-10 13:30:00+00:00,0.0,arma_ma,no_position,DAX_no_position_1705
1708,2022-10-11 13:30:00+00:00,0.0,arma_ma,no_position,DAX_no_position_1705
1709,2022-10-12 13:30:00+00:00,0.0,arma_ma,no_position,DAX_no_position_1705
1710,2022-10-13 13:30:00+00:00,0.0,arma_ma,no_position,DAX_no_position_1710
1711,2022-10-14 13:30:00+00:00,0.0,arma_ma,no_position,DAX_no_position_1710
1712,2022-10-17 13:30:00+00:00,0.0,arma_ma,no_position,DAX_no_position_1710
1713,2022-10-18 13:30:00+00:00,0.0,arma_ma,no_position,DAX_no_position_1710
1714,2022-10-19 13:30:00+00:00,0.0,arma_ma,no_position,DAX_no_position_1710
1715,2022-10-20 13:30:00+00:00,0.0,arma_ma,no_position,DAX_no_position_1715
1716,2022-10-21 13:30:00+00:00,0.0,arma_ma,no_position,DAX_no_position_1715
1717,2022-10-24 13:30:00+00:00,0.0,arma_ma,no_position,DAX_no_position_1715
1718,2022-10-25 13:30:00+00:00,0.0,arma_ma,no_position,DAX_no_position_1715
1719,2022-10-26 13:30:00+00:00,0.0,arma_ma,no_position,DAX_no_position_1715
1720,2022-10-27 13:30:00+00:00,0.0,arma_ma,no_position,DAX_no_position_1720
1721,2022-10-28 13:30:00+00:00,0.0,arma_ma,no_position,DAX_no_position_1720
1722,2022-10-31 13:30:00+00:00,0.0,arma_ma,no_position,DAX_no_position_1720
1723,2022-11-01 13:30:00+00:00,0.0,arma_ma,no_position,DAX_no_position_1720
1724,2022-11-02 13:30:00+00:00,0.0,arma_ma,no_position,DAX_no_position_1720
1725,2022-11-03 13:30:00+00:00,0.4344999999999999,arma_ma,short,DAX_short_1725
1726,2022-11-04 13:30:00+00:00,0.3100000000000023,arma_ma,short,DAX_short_1725
1727,2022-11-07 14:30:00+00:00,-1.0899999999999999,arma_ma,short,DAX_short_1725
1728,2022-11-08 14:30:00+00:00,-0.33999999999999986,arma_ma,short,DAX_short_1725
1729,2022-11-09 14:30:00+00:00,-0.16000000000000014,arma_ma,short,DAX_short_1725
1730,2022-11-10 14:30:00+00:00,0.03999999999999915,arma_ma,long,DAX_long_1730
1731,2022-11-11 14:30:00+00:00,1.0800000000000018,arma_ma,long,DAX_long_1730
1732,2022-11-14 14:30:00+00:00,0.8000000000000007,arma_ma,long,DAX_long_1730
1733,2022-11-15 14:30:00+00:00,-0.14000000000000057,arma_ma,long,DAX_long_1730
1734,2022-11-16 14:30:00+00:00,0.03999999999999915,arma_ma,long,DAX_long_1730
1735,2022-11-17 14:30:00+00:00,0.16000000000000014,arma_ma,long,DAX_long_1735
1736,2022-11-18 14:30:00+00:00,0.129999999999999,arma_ma,long,DAX_long_1735
1737,2022-11-21 14:30:00+00:00,-0.09999999999999787,arma_ma,long,DAX_long_1735
1738,2022-11-22 14:30:00+00:00,-0.240000000000002,arma_ma,long,DAX_long_1735
1739,2022-11-23 14:30:00+00:00,0.3827999999999996,arma_ma,long,DAX_long_1735
1740,2022-11-25 14:30:00+00:00,0.057200000000001694,arma_ma,long,DAX_long_1740
1741,2022-11-28 14:30:00+00:00,0.19000000000000128,arma_ma,long,DAX_long_1740
1742,2022-11-29 14:30:00+00:00,-0.490000000000002,arma_ma,long,DAX_long_1740
1743,2022-11-30 14:30:00+00:00,0.10999999999999943,arma_ma,long,DAX_long_1740
1744,2022-12-01 14:30:00+00:00,0.40000000000000213,arma_ma,long,DAX_long_1740
1745,2022-12-02 14:30:00+00:00,0.17999999999999972,arma_ma,long,DAX_long_1745
1746,2022-12-05 14:30:00+00:00,0.17999999999999972,arma_ma,long,DAX_long_1745
1747,2022-12-06 14:30:00+00:00,-0.46000000000000085,arma_ma,long,DAX_long_1745
1748,2022-12-07 14:30:00+00:00,-0.21000000000000085,arma_ma,long,DAX_long_1745
1749,2022-12-08 14:30:00+00:00,0.14000000000000057,arma_ma,long,DAX_long_1745
1750,2022-12-09 14:30:00+00:00,0.0,arma_ma,no_position,DAX_no_position_1750
1751,2022-12-12 14:30:00+00:00,0.0,arma_ma,no_position,DAX_no_position_1750
1752,2022-12-13 14:30:00+00:00,0.0,arma_ma,no_position,DAX_no_position_1750
1753,2022-12-14 14:30:00+00:00,0.0,arma_ma,no_position,DAX_no_position_1750
1754,2022-12-15 14:30:00+00:00,0.0,arma_ma,no_position,DAX_no_position_1750
1755,2022-12-16 14:30:00+00:00,0.0,arma_ma,no_position,DAX_no_position_1755
1756,2022-12-19 14:30:00+00:00,0.0,arma_ma,no_position,DAX_no_position_1755
1757,2022-12-20 14:30:00+00:00,0.0,arma_ma,no_position,DAX_no_position_1755
1758,2022-12-21 14:30:00+00:00,0.0,arma_ma,no_position,DAX_no_position_1755
1759,2022-12-22 14:30:00+00:00,0.0,arma_ma,no_position,DAX_no_position_1755
1760,2022-12-23 14:30:00+00:00,-0.2699999999999996,arma_ma,long,DAX_long_1760
1761,2022-12-27 14:30:00+00:00,-0.05999999999999872,arma_ma,long,DAX_long_1760
1762,2022-12-28 14:30:00+00:00,0.16999999999999815,arma_ma,long,DAX_long_1760
1763,2022-12-29 14:30:00+00:00,-0.28000000000000114,arma_ma,long,DAX_long_1760
1764,2022-12-30 14:30:00+00:00,0.6600000000000001,arma_ma,long,DAX_long_1760
1765,2023-01-03 14:30:00+00:00,-0.5499999999999972,arma_ma,long,DAX_long_1765
1766,2023-01-04 14:30:00+00:00,0.21999999999999886,arma_ma,long,DAX_long_1765
1767,2023-01-05 14:30:00+00:00,0.8099999999999987,arma_ma,long,DAX_long_1765
1768,2023-01-06 14:30:00+00:00,-0.3299999999999983,arma_ma,long,DAX_long_1765
1769,2023-01-09 14:30:00+00:00,0.6699999999999982,arma_ma,long,DAX_long_1765
1770,2023-01-10 14:30:00+00:00,0.39000000000000057,arma_ma,long,DAX_long_1770
1771,2023-01-11 14:30:00+00:00,0.08000000000000185,arma_ma,long,DAX_long_1770
1772,2023-01-12 14:30:00+00:00,0.48999999999999844,arma_ma,long,DAX_long_1770
1773,2023-01-13 14:30:00+00:00,0.4200000000000017,arma_ma,long,DAX_long_1770
1774,2023-01-17 14:30:00+00:00,-0.07000000000000028,arma_ma,long,DAX_long_1770
1775,2023-01-18 14:30:00+00:00,0.04999999999999716,arma_ma,long,DAX_long_1775
1776,2023-01-19 14:30:00+00:00,-0.09999999999999787,arma_ma,long,DAX_long_1775
1777,2023-01-20 14:30:00+00:00,-0.1999999999999993,arma_ma,long,DAX_long_1775
1778,2023-01-23 14:30:00+00:00,0.28999999999999915,arma_ma,long,DAX_long_1775
1779,2023-01-24 14:30:00+00:00,0.05999999999999872,arma_ma,long,DAX_long_1775
1780,2023-01-25 14:30:00+00:00,-0.019999999999999574,arma_ma,long,DAX_long_1780
1781,2023-01-26 14:30:00+00:00,0.1700000000000017,arma_ma,long,DAX_long_1780
1782,2023-01-27 14:30:00+00:00,0.0,arma_ma,long,DAX_long_1780
1783,2023-01-30 14:30:00+00:00,-0.13000000000000256,arma_ma,long,DAX_long_1780
1784,2023-01-31 14:30:00+00:00,-0.09999999999999787,arma_ma,long,DAX_long_1780
1785,2023-02-01 14:30:00+00:00,0.25,arma_ma,long,DAX_long_1785
1786,2023-02-02 14:30:00+00:00,0.379999999999999,arma_ma,long,DAX_long_1785
1787,2023-02-03 14:30:00+00:00,0.3000000000000007,arma_ma,long,DAX_long_1785
1788,2023-02-06 14:30:00+00:00,-0.5100000000000016,arma_ma,long,DAX_long_1785
1789,2023-02-07 14:30:00+00:00,-0.2799999999999976,arma_ma,long,DAX_long_1785
1790,2023-02-08 14:30:00+00:00,0.0,arma_ma,no_position,DAX_no_position_1790
1791,2023-02-09 14:30:00+00:00,0.0,arma_ma,no_position,DAX_no_position_1790
1792,2023-02-10 14:30:00+00:00,0.0,arma_ma,no_position,DAX_no_position_1790
1793,2023-02-13 14:30:00+00:00,0.0,arma_ma,no_position,DAX_no_position_1790
1794,2023-02-14 14:30:00+00:00,0.0,arma_ma,no_position,DAX_no_position_1790
