time,open,high,low,close,"LUC1!, HKEX: Open","LUC1!, HKEX: High","LUC1!, HKEX: Low","LUC1!, HKEX: Close","COPPER1!, MCX: Open","COPPER1!, MCX: High","COPPER1!, MCX: Low","COPPER1!, MCX: Close",Commercials long,Commercials short,Commercials net,Large Speculators long,Large Speculators short,Large Speculators net,Small Speculators long,Small Speculators short,Small Speculators net,MA,Smoothing Line,Volume,Volume MA,OI,Commercials long,Commercials short,Commercials net,Large Speculators long,Large Speculators short,Large Speculators net,Small Speculators long,Small Speculators short,Small Speculators net
2013-01-20T23:00:00Z,3.684,3.7075,3.662,3.703,NaN,NaN,NaN,NaN,NaN,NaN,NaN,NaN,75176,-90923,-15747,48234,-38699,9535,19676,-13464,6212,NaN,NaN,NaN,NaN,161899,75176,-90923,-15747,48234,-38699,9535,19676,-13464,6212
2013-01-22T23:00:00Z,3.705,3.7115,3.6765,3.679,NaN,NaN,NaN,NaN,NaN,NaN,NaN,NaN,75176,-90923,-15747,48234,-38699,9535,19676,-13464,6212,NaN,NaN,NaN,NaN,161899,75176,-90923,-15747,48234,-38699,9535,19676,-13464,6212
2013-01-23T23:00:00Z,3.6725,3.6965,3.661,3.673,NaN,NaN,NaN,NaN,NaN,NaN,NaN,NaN,75176,-90923,-15747,48234,-38699,9535,19676,-13464,6212,NaN,NaN,NaN,NaN,161899,75176,-90923,-15747,48234,-38699,9535,19676,-13464,6212
2013-01-24T23:00:00Z,3.6725,3.6995,3.6405,3.6595,NaN,NaN,NaN,NaN,NaN,NaN,NaN,NaN,75176,-90923,-15747,48234,-38699,9535,19676,-13464,6212,NaN,NaN,NaN,NaN,161899,75176,-90923,-15747,48234,-38699,9535,19676,-13464,6212
2013-01-27T23:00:00Z,3.656,3.677,3.6445,3.658,NaN,NaN,NaN,NaN,NaN,NaN,NaN,NaN,75176,-90923,-15747,48234,-38699,9535,19676,-13464,6212,NaN,NaN,NaN,NaN,161899,75176,-90923,-15747,48234,-38699,9535,19676,-13464,6212
2013-01-28T23:00:00Z,3.6585,3.694,3.6525,3.6885,NaN,NaN,NaN,NaN,NaN,NaN,NaN,NaN,75776,-92214,-16438,50672,-41305,9367,21045,-13974,7071,NaN,NaN,NaN,NaN,168493,75776,-92214,-16438,50672,-41305,9367,21045,-13974,7071
2013-01-29T23:00:00Z,3.69,3.756,3.6835,3.7475,NaN,NaN,NaN,NaN,NaN,NaN,NaN,NaN,75776,-92214,-16438,50672,-41305,9367,21045,-13974,7071,NaN,NaN,NaN,NaN,168493,75776,-92214,-16438,50672,-41305,9367,21045,-13974,7071
2013-01-30T23:00:00Z,3.7475,3.7725,3.717,3.736,NaN,NaN,NaN,NaN,NaN,NaN,NaN,NaN,75776,-92214,-16438,50672,-41305,9367,21045,-13974,7071,NaN,NaN,NaN,NaN,168493,75776,-92214,-16438,50672,-41305,9367,21045,-13974,7071
2013-01-31T23:00:00Z,3.7375,3.786,3.72,3.7815,NaN,NaN,NaN,NaN,NaN,NaN,NaN,NaN,75776,-92214,-16438,50672,-41305,9367,21045,-13974,7071,NaN,NaN,NaN,NaN,168493,75776,-92214,-16438,50672,-41305,9367,21045,-13974,7071
2013-02-03T23:00:00Z,3.7845,3.7925,3.762,3.766,NaN,NaN,NaN,NaN,NaN,NaN,NaN,NaN,75776,-92214,-16438,50672,-41305,9367,21045,-13974,7071,NaN,NaN,NaN,NaN,168493,75776,-92214,-16438,50672,-41305,9367,21045,-13974,7071
2013-02-04T23:00:00Z,3.768,3.782,3.757,3.774,NaN,NaN,NaN,NaN,NaN,NaN,NaN,NaN,81590,-105513,-23923,61901,-45697,16204,21072,-13353,7719,NaN,NaN,NaN,NaN,183941,81590,-105513,-23923,61901,-45697,16204,21072,-13353,7719
2013-02-05T23:00:00Z,3.774,3.783,3.731,3.7515,NaN,NaN,NaN,NaN,NaN,NaN,NaN,NaN,81590,-105513,-23923,61901,-45697,16204,21072,-13353,7719,NaN,NaN,NaN,NaN,183941,81590,-105513,-23923,61901,-45697,16204,21072,-13353,7719
2013-02-06T23:00:00Z,3.75,3.7575,3.721,3.73,NaN,NaN,NaN,NaN,NaN,NaN,NaN,NaN,81590,-105513,-23923,61901,-45697,16204,21072,-13353,7719,NaN,NaN,NaN,NaN,183941,81590,-105513,-23923,61901,-45697,16204,21072,-13353,7719
2013-02-07T23:00:00Z,3.7305,3.7745,3.7265,3.7575,NaN,NaN,NaN,NaN,NaN,NaN,NaN,NaN,81590,-105513,-23923,61901,-45697,16204,21072,-13353,7719,NaN,NaN,NaN,NaN,183941,81590,-105513,-23923,61901,-45697,16204,21072,-13353,7719
2013-02-10T23:00:00Z,3.7625,3.769,3.708,3.7265,NaN,NaN,NaN,NaN,NaN,NaN,NaN,NaN,81590,-105513,-23923,61901,-45697,16204,21072,-13353,7719,NaN,NaN,NaN,NaN,183941,81590,-105513,-23923,61901,-45697,16204,21072,-13353,7719
2013-02-11T23:00:00Z,3.7265,3.7485,3.7095,3.7465,NaN,NaN,NaN,NaN,NaN,NaN,NaN,NaN,74836,-96583,-21747,60104,-44242,15862,20607,-14722,5885,NaN,NaN,NaN,NaN,174441,74836,-96583,-21747,60104,-44242,15862,20607,-14722,5885
2013-02-12T23:00:00Z,3.747,3.762,3.726,3.744,NaN,NaN,NaN,NaN,NaN,NaN,NaN,NaN,74836,-96583,-21747,60104,-44242,15862,20607,-14722,5885,NaN,NaN,NaN,NaN,174441,74836,-96583,-21747,60104,-44242,15862,20607,-14722,5885
2013-02-13T23:00:00Z,3.741,3.7515,3.7275,3.7445,NaN,NaN,NaN,NaN,NaN,NaN,NaN,NaN,74836,-96583,-21747,60104,-44242,15862,20607,-14722,5885,NaN,NaN,NaN,NaN,174441,74836,-96583,-21747,60104,-44242,15862,20607,-14722,5885
2013-02-14T23:00:00Z,3.742,3.753,3.719,3.7445,NaN,NaN,NaN,NaN,NaN,NaN,NaN,NaN,74836,-96583,-21747,60104,-44242,15862,20607,-14722,5885,NaN,NaN,NaN,NaN,174441,74836,-96583,-21747,60104,-44242,15862,20607,-14722,5885
2013-02-17T23:00:00Z,3.744,3.7465,3.6445,3.6555,NaN,NaN,NaN,NaN,NaN,NaN,NaN,NaN,77953,-94735,-16782,58575,-49258,9317,22085,-14620,7465,NaN,NaN,NaN,NaN,178372,77953,-94735,-16782,58575,-49258,9317,22085,-14620,7465
2013-02-19T23:00:00Z,3.657,3.67,3.5925,3.597,NaN,NaN,NaN,NaN,NaN,NaN,NaN,NaN,77953,-94735,-16782,58575,-49258,9317,22085,-14620,7465,NaN,NaN,NaN,NaN,178372,77953,-94735,-16782,58575,-49258,9317,22085,-14620,7465
2013-02-20T23:00:00Z,3.599,3.608,3.537,3.563,NaN,NaN,NaN,NaN,NaN,NaN,NaN,NaN,77953,-94735,-16782,58575,-49258,9317,22085,-14620,7465,NaN,NaN,NaN,NaN,178372,77953,-94735,-16782,58575,-49258,9317,22085,-14620,7465
2013-02-21T23:00:00Z,3.564,3.589,3.525,3.5425,NaN,NaN,NaN,NaN,NaN,NaN,NaN,NaN,77953,-94735,-16782,58575,-49258,9317,22085,-14620,7465,NaN,NaN,NaN,NaN,178372,77953,-94735,-16782,58575,-49258,9317,22085,-14620,7465
2013-02-24T23:00:00Z,3.5425,3.572,3.5195,3.524,NaN,NaN,NaN,NaN,NaN,NaN,NaN,NaN,77953,-94735,-16782,58575,-49258,9317,22085,-14620,7465,NaN,NaN,NaN,NaN,178372,77953,-94735,-16782,58575,-49258,9317,22085,-14620,7465
2013-02-25T23:00:00Z,3.526,3.5775,3.5155,3.5735,NaN,NaN,NaN,NaN,NaN,NaN,NaN,NaN,77621,-79586,-1965,46791,-47519,-728,19741,-17048,2693,NaN,NaN,NaN,NaN,161180,77621,-79586,-1965,46791,-47519,-728,19741,-17048,2693
2013-02-26T23:00:00Z,3.5895,3.595,3.564,3.5785,NaN,NaN,NaN,NaN,NaN,NaN,NaN,NaN,77621,-79586,-1965,46791,-47519,-728,19741,-17048,2693,NaN,NaN,NaN,NaN,161180,77621,-79586,-1965,46791,-47519,-728,19741,-17048,2693
2013-02-27T23:00:00Z,3.578,3.602,3.5445,3.5535,NaN,NaN,NaN,NaN,NaN,NaN,NaN,NaN,77621,-79586,-1965,46791,-47519,-728,19741,-17048,2693,NaN,NaN,NaN,NaN,161180,77621,-79586,-1965,46791,-47519,-728,19741,-17048,2693
2013-02-28T23:00:00Z,3.553,3.558,3.4725,3.515,NaN,NaN,NaN,NaN,NaN,NaN,NaN,NaN,77621,-79586,-1965,46791,-47519,-728,19741,-17048,2693,NaN,NaN,NaN,NaN,161180,77621,-79586,-1965,46791,-47519,-728,19741,-17048,2693
2013-03-03T23:00:00Z,3.502,3.5265,3.4825,3.5195,NaN,NaN,NaN,NaN,NaN,NaN,NaN,NaN,77621,-79586,-1965,46791,-47519,-728,19741,-17048,2693,NaN,NaN,NaN,NaN,161180,77621,-79586,-1965,46791,-47519,-728,19741,-17048,2693
2013-03-04T23:00:00Z,3.52,3.5445,3.5145,3.524,NaN,NaN,NaN,NaN,NaN,NaN,NaN,NaN,78416,-70708,7708,49328,-54915,-5587,15812,-17933,-2121,NaN,NaN,NaN,NaN,159485,78416,-70708,7708,49328,-54915,-5587,15812,-17933,-2121
2013-03-05T23:00:00Z,3.5215,3.5415,3.487,3.5035,NaN,NaN,NaN,NaN,NaN,NaN,NaN,NaN,78416,-70708,7708,49328,-54915,-5587,15812,-17933,-2121,NaN,NaN,NaN,NaN,159485,78416,-70708,7708,49328,-54915,-5587,15812,-17933,-2121
2013-03-06T23:00:00Z,3.505,3.5345,3.4925,3.5175,NaN,NaN,NaN,NaN,NaN,NaN,NaN,NaN,78416,-70708,7708,49328,-54915,-5587,15812,-17933,-2121,NaN,NaN,NaN,NaN,159485,78416,-70708,7708,49328,-54915,-5587,15812,-17933,-2121
2013-03-07T23:00:00Z,3.518,3.534,3.499,3.516,NaN,NaN,NaN,NaN,NaN,NaN,NaN,NaN,78416,-70708,7708,49328,-54915,-5587,15812,-17933,-2121,NaN,NaN,NaN,NaN,159485,78416,-70708,7708,49328,-54915,-5587,15812,-17933,-2121
2013-03-10T22:00:00Z,3.508,3.5225,3.475,3.5185,NaN,NaN,NaN,NaN,NaN,NaN,NaN,NaN,78416,-70708,7708,49328,-54915,-5587,15812,-17933,-2121,NaN,NaN,NaN,NaN,159485,78416,-70708,7708,49328,-54915,-5587,15812,-17933,-2121
2013-03-11T22:00:00Z,3.52,3.576,3.5,3.5495,NaN,NaN,NaN,NaN,NaN,NaN,NaN,NaN,79207,-70107,9100,48151,-54295,-6144,16263,-19219,-2956,NaN,NaN,NaN,NaN,158500,79207,-70107,9100,48151,-54295,-6144,16263,-19219,-2956
2013-03-12T22:00:00Z,3.549,3.567,3.5215,3.528,NaN,NaN,NaN,NaN,NaN,NaN,NaN,NaN,79207,-70107,9100,48151,-54295,-6144,16263,-19219,-2956,NaN,NaN,NaN,NaN,158500,79207,-70107,9100,48151,-54295,-6144,16263,-19219,-2956
2013-03-13T22:00:00Z,3.5295,3.5495,3.5115,3.534,NaN,NaN,NaN,NaN,NaN,NaN,NaN,NaN,79207,-70107,9100,48151,-54295,-6144,16263,-19219,-2956,NaN,NaN,NaN,NaN,158500,79207,-70107,9100,48151,-54295,-6144,16263,-19219,-2956
2013-03-14T22:00:00Z,3.5345,3.56,3.515,3.515,NaN,NaN,NaN,NaN,NaN,NaN,NaN,NaN,79207,-70107,9100,48151,-54295,-6144,16263,-19219,-2956,NaN,NaN,NaN,NaN,158500,79207,-70107,9100,48151,-54295,-6144,16263,-19219,-2956
2013-03-17T22:00:00Z,3.509,3.51,3.41,3.4115,NaN,NaN,NaN,NaN,NaN,NaN,NaN,NaN,79207,-70107,9100,48151,-54295,-6144,16263,-19219,-2956,NaN,NaN,NaN,NaN,158500,79207,-70107,9100,48151,-54295,-6144,16263,-19219,-2956
2013-03-18T22:00:00Z,3.4135,3.441,3.388,3.3935,NaN,NaN,NaN,NaN,NaN,NaN,NaN,NaN,84936,-68845,16091,48036,-64206,-16170,20246,-20167,79,NaN,NaN,NaN,NaN,168616,84936,-68845,16091,48036,-64206,-16170,20246,-20167,79
2013-03-19T22:00:00Z,3.392,3.4535,3.3905,3.4375,NaN,NaN,NaN,NaN,NaN,NaN,NaN,NaN,84936,-68845,16091,48036,-64206,-16170,20246,-20167,79,NaN,NaN,NaN,NaN,168616,84936,-68845,16091,48036,-64206,-16170,20246,-20167,79
2013-03-20T22:00:00Z,3.438,3.495,3.421,3.4435,NaN,NaN,NaN,NaN,NaN,NaN,NaN,NaN,84936,-68845,16091,48036,-64206,-16170,20246,-20167,79,NaN,NaN,NaN,NaN,168616,84936,-68845,16091,48036,-64206,-16170,20246,-20167,79
2013-03-21T22:00:00Z,3.443,3.477,3.432,3.4685,NaN,NaN,NaN,NaN,NaN,NaN,NaN,NaN,84936,-68845,16091,48036,-64206,-16170,20246,-20167,79,NaN,NaN,NaN,NaN,168616,84936,-68845,16091,48036,-64206,-16170,20246,-20167,79
2013-03-24T22:00:00Z,3.4655,3.4865,3.4385,3.453,NaN,NaN,NaN,NaN,NaN,NaN,NaN,NaN,84936,-68845,16091,48036,-64206,-16170,20246,-20167,79,NaN,NaN,NaN,NaN,168616,84936,-68845,16091,48036,-64206,-16170,20246,-20167,79
2013-03-25T22:00:00Z,3.452,3.4765,3.4385,3.455,NaN,NaN,NaN,NaN,NaN,NaN,NaN,NaN,88515,-66751,21764,49956,-70143,-20187,17686,-19263,-1577,NaN,NaN,NaN,NaN,172979,88515,-66751,21764,49956,-70143,-20187,17686,-19263,-1577
2013-03-26T22:00:00Z,3.452,3.46,3.4245,3.454,NaN,NaN,NaN,NaN,NaN,NaN,NaN,NaN,88515,-66751,21764,49956,-70143,-20187,17686,-19263,-1577,NaN,NaN,NaN,NaN,172979,88515,-66751,21764,49956,-70143,-20187,17686,-19263,-1577
2013-03-27T22:00:00Z,3.4565,3.462,3.3965,3.4025,NaN,NaN,NaN,NaN,NaN,NaN,NaN,NaN,88515,-66751,21764,49956,-70143,-20187,17686,-19263,-1577,NaN,NaN,NaN,NaN,172979,88515,-66751,21764,49956,-70143,-20187,17686,-19263,-1577
2013-03-31T22:00:00Z,3.4,3.403,3.34,3.3725,NaN,NaN,NaN,NaN,NaN,NaN,NaN,NaN,88515,-66751,21764,49956,-70143,-20187,17686,-19263,-1577,NaN,NaN,NaN,NaN,172979,88515,-66751,21764,49956,-70143,-20187,17686,-19263,-1577
2013-04-01T22:00:00Z,3.369,3.3855,3.3585,3.373,NaN,NaN,NaN,NaN,NaN,NaN,NaN,NaN,91372,-64250,27122,48872,-75877,-27005,20033,-20150,-117,NaN,NaN,NaN,NaN,179944,91372,-64250,27122,48872,-75877,-27005,20033,-20150,-117
2013-04-02T22:00:00Z,3.373,3.386,3.32,3.3225,NaN,NaN,NaN,NaN,NaN,NaN,NaN,NaN,91372,-64250,27122,48872,-75877,-27005,20033,-20150,-117,NaN,NaN,NaN,NaN,179944,91372,-64250,27122,48872,-75877,-27005,20033,-20150,-117
2013-04-03T22:00:00Z,3.3265,3.3725,3.306,3.358,NaN,NaN,NaN,NaN,NaN,NaN,NaN,NaN,91372,-64250,27122,48872,-75877,-27005,20033,-20150,-117,NaN,NaN,NaN,NaN,179944,91372,-64250,27122,48872,-75877,-27005,20033,-20150,-117
2013-04-04T22:00:00Z,3.3515,3.37,3.33,3.348,NaN,NaN,NaN,NaN,NaN,NaN,NaN,NaN,91372,-64250,27122,48872,-75877,-27005,20033,-20150,-117,NaN,NaN,NaN,NaN,179944,91372,-64250,27122,48872,-75877,-27005,20033,-20150,-117
2013-04-07T22:00:00Z,3.3415,3.394,3.339,3.3735,NaN,NaN,NaN,NaN,NaN,NaN,NaN,NaN,91372,-64250,27122,48872,-75877,-27005,20033,-20150,-117,NaN,NaN,NaN,NaN,179944,91372,-64250,27122,48872,-75877,-27005,20033,-20150,-117
2013-04-08T22:00:00Z,3.3735,3.4525,3.3735,3.4335,NaN,NaN,NaN,NaN,NaN,NaN,NaN,NaN,91588,-62370,29218,47713,-75552,-27839,19401,-20780,-1379,NaN,NaN,NaN,NaN,182719,91588,-62370,29218,47713,-75552,-27839,19401,-20780,-1379
2013-04-09T22:00:00Z,3.432,3.4435,3.402,3.4205,NaN,NaN,NaN,NaN,NaN,NaN,NaN,NaN,91588,-62370,29218,47713,-75552,-27839,19401,-20780,-1379,NaN,NaN,NaN,NaN,182719,91588,-62370,29218,47713,-75552,-27839,19401,-20780,-1379
2013-04-10T22:00:00Z,3.4175,3.442,3.3885,3.4325,NaN,NaN,NaN,NaN,NaN,NaN,NaN,NaN,91588,-62370,29218,47713,-75552,-27839,19401,-20780,-1379,NaN,NaN,NaN,NaN,182719,91588,-62370,29218,47713,-75552,-27839,19401,-20780,-1379
2013-04-11T22:00:00Z,3.4325,3.433,3.327,3.3325,NaN,NaN,NaN,NaN,NaN,NaN,NaN,NaN,91588,-62370,29218,47713,-75552,-27839,19401,-20780,-1379,NaN,NaN,NaN,NaN,182719,91588,-62370,29218,47713,-75552,-27839,19401,-20780,-1379
2013-04-14T22:00:00Z,3.343,3.354,3.1935,3.27,NaN,NaN,NaN,NaN,NaN,NaN,NaN,NaN,91588,-62370,29218,47713,-75552,-27839,19401,-20780,-1379,NaN,NaN,NaN,NaN,182719,91588,-62370,29218,47713,-75552,-27839,19401,-20780,-1379
2013-04-15T22:00:00Z,3.273,3.3085,3.223,3.308,NaN,NaN,NaN,NaN,NaN,NaN,NaN,NaN,104687,-74314,30373,44854,-68981,-24127,15743,-21989,-6246,NaN,NaN,NaN,NaN,187450,104687,-74314,30373,44854,-68981,-24127,15743,-21989,-6246
2013-04-16T22:00:00Z,3.306,3.3155,3.1735,3.1765,NaN,NaN,NaN,NaN,NaN,NaN,NaN,NaN,104687,-74314,30373,44854,-68981,-24127,15743,-21989,-6246,NaN,NaN,NaN,NaN,187450,104687,-74314,30373,44854,-68981,-24127,15743,-21989,-6246
2013-04-17T22:00:00Z,3.1765,3.2115,3.06,3.2005,NaN,NaN,NaN,NaN,NaN,NaN,NaN,NaN,104687,-74314,30373,44854,-68981,-24127,15743,-21989,-6246,NaN,NaN,NaN,NaN,187450,104687,-74314,30373,44854,-68981,-24127,15743,-21989,-6246
2013-04-18T22:00:00Z,3.205,3.205,3.11,3.154,NaN,NaN,NaN,NaN,NaN,NaN,NaN,NaN,104687,-74314,30373,44854,-68981,-24127,15743,-21989,-6246,NaN,NaN,NaN,NaN,187450,104687,-74314,30373,44854,-68981,-24127,15743,-21989,-6246
2013-04-21T22:00:00Z,3.1465,3.165,3.082,3.128,NaN,NaN,NaN,NaN,NaN,NaN,NaN,NaN,104687,-74314,30373,44854,-68981,-24127,15743,-21989,-6246,NaN,NaN,NaN,NaN,187450,104687,-74314,30373,44854,-68981,-24127,15743,-21989,-6246
2013-04-22T22:00:00Z,3.128,3.132,3.057,3.0835,NaN,NaN,NaN,NaN,NaN,NaN,NaN,NaN,98096,-68995,29101,43366,-64755,-21389,15428,-23140,-7712,NaN,NaN,NaN,NaN,172312,98096,-68995,29101,43366,-64755,-21389,15428,-23140,-7712
2013-04-23T22:00:00Z,3.0845,3.189,3.0775,3.165,NaN,NaN,NaN,NaN,NaN,NaN,NaN,NaN,98096,-68995,29101,43366,-64755,-21389,15428,-23140,-7712,NaN,NaN,NaN,NaN,172312,98096,-68995,29101,43366,-64755,-21389,15428,-23140,-7712
2013-04-24T22:00:00Z,3.1645,3.259,3.1525,3.248,NaN,NaN,NaN,NaN,NaN,NaN,NaN,NaN,98096,-68995,29101,43366,-64755,-21389,15428,-23140,-7712,NaN,NaN,NaN,NaN,172312,98096,-68995,29101,43366,-64755,-21389,15428,-23140,-7712
2013-04-25T22:00:00Z,3.2465,3.282,3.175,3.176,NaN,NaN,NaN,NaN,NaN,NaN,NaN,NaN,98096,-68995,29101,43366,-64755,-21389,15428,-23140,-7712,NaN,NaN,NaN,NaN,172312,98096,-68995,29101,43366,-64755,-21389,15428,-23140,-7712
2013-04-28T22:00:00Z,3.178,3.242,3.1555,3.22,NaN,NaN,NaN,NaN,NaN,NaN,NaN,NaN,98096,-68995,29101,43366,-64755,-21389,15428,-23140,-7712,NaN,NaN,NaN,NaN,172312,98096,-68995,29101,43366,-64755,-21389,15428,-23140,-7712
2013-04-29T22:00:00Z,3.2235,3.2475,3.172,3.192,NaN,NaN,NaN,NaN,NaN,NaN,NaN,NaN,93694,-62994,30700,43244,-67243,-23999,14626,-21327,-6701,NaN,NaN,NaN,NaN,166042,93694,-62994,30700,43244,-67243,-23999,14626,-21327,-6701
2013-04-30T22:00:00Z,3.1895,3.196,3.0425,3.0685,NaN,NaN,NaN,NaN,NaN,NaN,NaN,NaN,93694,-62994,30700,43244,-67243,-23999,14626,-21327,-6701,NaN,NaN,NaN,NaN,166042,93694,-62994,30700,43244,-67243,-23999,14626,-21327,-6701
2013-05-01T22:00:00Z,3.066,3.1375,3.066,3.1095,NaN,NaN,NaN,NaN,NaN,NaN,NaN,NaN,93694,-62994,30700,43244,-67243,-23999,14626,-21327,-6701,NaN,NaN,NaN,NaN,166042,93694,-62994,30700,43244,-67243,-23999,14626,-21327,-6701
2013-05-02T22:00:00Z,3.1095,3.317,3.106,3.307,NaN,NaN,NaN,NaN,NaN,NaN,NaN,NaN,93694,-62994,30700,43244,-67243,-23999,14626,-21327,-6701,NaN,NaN,NaN,NaN,166042,93694,-62994,30700,43244,-67243,-23999,14626,-21327,-6701
2013-05-05T22:00:00Z,3.3005,3.33,3.28,3.295,NaN,NaN,NaN,NaN,NaN,NaN,NaN,NaN,93694,-62994,30700,43244,-67243,-23999,14626,-21327,-6701,NaN,NaN,NaN,NaN,166042,93694,-62994,30700,43244,-67243,-23999,14626,-21327,-6701
2013-05-06T22:00:00Z,3.297,3.3475,3.263,3.306,NaN,NaN,NaN,NaN,NaN,NaN,NaN,NaN,88923,-60526,28397,42612,-61802,-19190,13622,-22829,-9207,NaN,NaN,NaN,NaN,158787,88923,-60526,28397,42612,-61802,-19190,13622,-22829,-9207
2013-05-07T22:00:00Z,3.3045,3.399,3.291,3.3665,NaN,NaN,NaN,NaN,NaN,NaN,NaN,NaN,88923,-60526,28397,42612,-61802,-19190,13622,-22829,-9207,NaN,NaN,NaN,NaN,158787,88923,-60526,28397,42612,-61802,-19190,13622,-22829,-9207
2013-05-08T22:00:00Z,3.366,3.3785,3.315,3.335,NaN,NaN,NaN,NaN,NaN,NaN,NaN,NaN,88923,-60526,28397,42612,-61802,-19190,13622,-22829,-9207,NaN,NaN,NaN,NaN,158787,88923,-60526,28397,42612,-61802,-19190,13622,-22829,-9207
2013-05-09T22:00:00Z,3.335,3.3855,3.304,3.3825,NaN,NaN,NaN,NaN,NaN,NaN,NaN,NaN,88923,-60526,28397,42612,-61802,-19190,13622,-22829,-9207,NaN,NaN,NaN,NaN,158787,88923,-60526,28397,42612,-61802,-19190,13622,-22829,-9207
2013-05-12T22:00:00Z,3.375,3.3805,3.3375,3.357,NaN,NaN,NaN,NaN,NaN,NaN,NaN,NaN,88923,-60526,28397,42612,-61802,-19190,13622,-22829,-9207,NaN,NaN,NaN,NaN,158787,88923,-60526,28397,42612,-61802,-19190,13622,-22829,-9207
2013-05-13T22:00:00Z,3.353,3.379,3.275,3.292,NaN,NaN,NaN,NaN,NaN,NaN,NaN,NaN,89594,-63429,26165,39970,-57425,-17455,14472,-23182,-8710,NaN,NaN,NaN,NaN,159750,89594,-63429,26165,39970,-57425,-17455,14472,-23182,-8710
2013-05-14T22:00:00Z,3.293,3.3115,3.224,3.277,NaN,NaN,NaN,NaN,NaN,NaN,NaN,NaN,89594,-63429,26165,39970,-57425,-17455,14472,-23182,-8710,NaN,NaN,NaN,NaN,159750,89594,-63429,26165,39970,-57425,-17455,14472,-23182,-8710
2013-05-15T22:00:00Z,3.278,3.313,3.2315,3.2885,NaN,NaN,NaN,NaN,NaN,NaN,NaN,NaN,89594,-63429,26165,39970,-57425,-17455,14472,-23182,-8710,NaN,NaN,NaN,NaN,159750,89594,-63429,26165,39970,-57425,-17455,14472,-23182,-8710
2013-05-16T22:00:00Z,3.2865,3.3455,3.2805,3.313,NaN,NaN,NaN,NaN,NaN,NaN,NaN,NaN,89594,-63429,26165,39970,-57425,-17455,14472,-23182,-8710,NaN,NaN,NaN,NaN,159750,89594,-63429,26165,39970,-57425,-17455,14472,-23182,-8710
2013-05-19T22:00:00Z,3.3175,3.3725,3.271,3.3545,NaN,NaN,NaN,NaN,NaN,NaN,NaN,NaN,89594,-63429,26165,39970,-57425,-17455,14472,-23182,-8710,NaN,NaN,NaN,NaN,159750,89594,-63429,26165,39970,-57425,-17455,14472,-23182,-8710
2013-05-20T22:00:00Z,3.3575,3.3815,3.3225,3.3395,NaN,NaN,NaN,NaN,NaN,NaN,NaN,NaN,90768,-68557,22211,39525,-53067,-13542,15960,-24629,-8669,NaN,NaN,NaN,NaN,162304,90768,-68557,22211,39525,-53067,-13542,15960,-24629,-8669
2013-05-21T22:00:00Z,3.3365,3.418,3.336,3.3655,NaN,NaN,NaN,NaN,NaN,NaN,NaN,NaN,90768,-68557,22211,39525,-53067,-13542,15960,-24629,-8669,NaN,NaN,NaN,NaN,162304,90768,-68557,22211,39525,-53067,-13542,15960,-24629,-8669
2013-05-22T22:00:00Z,3.3705,3.3705,3.267,3.3275,NaN,NaN,NaN,NaN,NaN,NaN,NaN,NaN,90768,-68557,22211,39525,-53067,-13542,15960,-24629,-8669,NaN,NaN,NaN,NaN,162304,90768,-68557,22211,39525,-53067,-13542,15960,-24629,-8669
2013-05-23T22:00:00Z,3.3235,3.3295,3.2815,3.293,NaN,NaN,NaN,NaN,NaN,NaN,NaN,NaN,90768,-68557,22211,39525,-53067,-13542,15960,-24629,-8669,NaN,NaN,NaN,NaN,162304,90768,-68557,22211,39525,-53067,-13542,15960,-24629,-8669
2013-05-26T22:00:00Z,3.2925,3.3455,3.2675,3.31,NaN,NaN,NaN,NaN,NaN,NaN,NaN,NaN,91797,-71095,20702,38759,-52325,-13566,17082,-24218,-7136,NaN,NaN,NaN,NaN,165931,91797,-71095,20702,38759,-52325,-13566,17082,-24218,-7136
2013-05-28T22:00:00Z,3.31,3.324,3.272,3.3,NaN,NaN,NaN,NaN,NaN,NaN,NaN,NaN,91797,-71095,20702,38759,-52325,-13566,17082,-24218,-7136,NaN,NaN,NaN,NaN,165931,91797,-71095,20702,38759,-52325,-13566,17082,-24218,-7136
2013-05-29T22:00:00Z,3.2985,3.3285,3.257,3.313,NaN,NaN,NaN,NaN,NaN,NaN,NaN,NaN,91797,-71095,20702,38759,-52325,-13566,17082,-24218,-7136,NaN,NaN,NaN,NaN,165931,91797,-71095,20702,38759,-52325,-13566,17082,-24218,-7136
2013-05-30T22:00:00Z,3.3155,3.3305,3.2655,3.272,NaN,NaN,NaN,NaN,NaN,NaN,NaN,NaN,91797,-71095,20702,38759,-52325,-13566,17082,-24218,-7136,NaN,NaN,NaN,NaN,165931,91797,-71095,20702,38759,-52325,-13566,17082,-24218,-7136
2013-06-02T22:00:00Z,3.281,3.3475,3.281,3.3375,NaN,NaN,NaN,NaN,NaN,NaN,NaN,NaN,91797,-71095,20702,38759,-52325,-13566,17082,-24218,-7136,NaN,NaN,NaN,NaN,165931,91797,-71095,20702,38759,-52325,-13566,17082,-24218,-7136
2013-06-03T22:00:00Z,3.3335,3.3775,3.322,3.3665,NaN,NaN,NaN,NaN,NaN,NaN,NaN,NaN,92573,-73671,18902,41488,-51433,-9945,15549,-24506,-8957,NaN,NaN,NaN,NaN,168538,92573,-73671,18902,41488,-51433,-9945,15549,-24506,-8957
2013-06-04T22:00:00Z,3.366,3.398,3.349,3.368,NaN,NaN,NaN,NaN,NaN,NaN,NaN,NaN,92573,-73671,18902,41488,-51433,-9945,15549,-24506,-8957,NaN,NaN,NaN,NaN,168538,92573,-73671,18902,41488,-51433,-9945,15549,-24506,-8957
2013-06-05T22:00:00Z,3.3675,3.371,3.3035,3.33,NaN,NaN,NaN,NaN,NaN,NaN,NaN,NaN,92573,-73671,18902,41488,-51433,-9945,15549,-24506,-8957,NaN,NaN,NaN,NaN,168538,92573,-73671,18902,41488,-51433,-9945,15549,-24506,-8957
2013-06-06T22:00:00Z,3.327,3.343,3.251,3.268,NaN,NaN,NaN,NaN,NaN,NaN,NaN,NaN,92573,-73671,18902,41488,-51433,-9945,15549,-24506,-8957,NaN,NaN,NaN,NaN,168538,92573,-73671,18902,41488,-51433,-9945,15549,-24506,-8957
2013-06-09T22:00:00Z,3.251,3.2515,3.202,3.2395,NaN,NaN,NaN,NaN,NaN,NaN,NaN,NaN,92573,-73671,18902,41488,-51433,-9945,15549,-24506,-8957,NaN,NaN,NaN,NaN,168538,92573,-73671,18902,41488,-51433,-9945,15549,-24506,-8957
2013-06-10T22:00:00Z,3.2375,3.285,3.173,3.195,NaN,NaN,NaN,NaN,NaN,NaN,NaN,NaN,100850,-75060,25790,40874,-58921,-18047,18183,-25926,-7743,NaN,NaN,NaN,NaN,181231,100850,-75060,25790,40874,-58921,-18047,18183,-25926,-7743
2013-06-11T22:00:00Z,3.1925,3.2315,3.163,3.2255,NaN,NaN,NaN,NaN,NaN,NaN,NaN,NaN,100850,-75060,25790,40874,-58921,-18047,18183,-25926,-7743,NaN,NaN,NaN,NaN,181231,100850,-75060,25790,40874,-58921,-18047,18183,-25926,-7743
2013-06-12T22:00:00Z,3.2205,3.2435,3.1605,3.2145,NaN,NaN,NaN,NaN,NaN,NaN,NaN,NaN,100850,-75060,25790,40874,-58921,-18047,18183,-25926,-7743,NaN,NaN,NaN,NaN,181231,100850,-75060,25790,40874,-58921,-18047,18183,-25926,-7743
2013-06-13T22:00:00Z,3.214,3.224,3.188,3.196,NaN,NaN,NaN,NaN,NaN,NaN,NaN,NaN,100850,-75060,25790,40874,-58921,-18047,18183,-25926,-7743,NaN,NaN,NaN,NaN,181231,100850,-75060,25790,40874,-58921,-18047,18183,-25926,-7743
2013-06-16T22:00:00Z,3.202,3.238,3.1815,3.197,NaN,NaN,NaN,NaN,NaN,NaN,NaN,NaN,100850,-75060,25790,40874,-58921,-18047,18183,-25926,-7743,NaN,NaN,NaN,NaN,181231,100850,-75060,25790,40874,-58921,-18047,18183,-25926,-7743
2013-06-17T22:00:00Z,3.1985,3.22,3.1385,3.1525,NaN,NaN,NaN,NaN,NaN,NaN,NaN,NaN,108010,-75483,32527,47838,-74277,-26439,18608,-24696,-6088,NaN,NaN,NaN,NaN,194877,108010,-75483,32527,47838,-74277,-26439,18608,-24696,-6088
2013-06-18T22:00:00Z,3.1525,3.174,3.1225,3.136,NaN,NaN,NaN,NaN,NaN,NaN,NaN,NaN,108010,-75483,32527,47838,-74277,-26439,18608,-24696,-6088,NaN,NaN,NaN,NaN,194877,108010,-75483,32527,47838,-74277,-26439,18608,-24696,-6088
2013-06-19T22:00:00Z,3.1345,3.138,3.0365,3.0495,NaN,NaN,NaN,NaN,NaN,NaN,NaN,NaN,108010,-75483,32527,47838,-74277,-26439,18608,-24696,-6088,NaN,NaN,NaN,NaN,194877,108010,-75483,32527,47838,-74277,-26439,18608,-24696,-6088
2013-06-20T22:00:00Z,3.045,3.105,3.019,3.102,NaN,NaN,NaN,NaN,NaN,NaN,NaN,NaN,108010,-75483,32527,47838,-74277,-26439,18608,-24696,-6088,NaN,NaN,NaN,NaN,194877,108010,-75483,32527,47838,-74277,-26439,18608,-24696,-6088
2013-06-23T22:00:00Z,3.095,3.095,2.9875,3.0365,NaN,NaN,NaN,NaN,NaN,NaN,NaN,NaN,108010,-75483,32527,47838,-74277,-26439,18608,-24696,-6088,NaN,NaN,NaN,NaN,194877,108010,-75483,32527,47838,-74277,-26439,18608,-24696,-6088
2013-06-24T22:00:00Z,3.0335,3.088,2.9835,3.068,NaN,NaN,NaN,NaN,NaN,NaN,NaN,NaN,101167,-61366,39801,46899,-78588,-31689,14775,-22887,-8112,NaN,NaN,NaN,NaN,178746,101167,-61366,39801,46899,-78588,-31689,14775,-22887,-8112
2013-06-25T22:00:00Z,3.0675,3.091,3.017,3.0505,NaN,NaN,NaN,NaN,NaN,NaN,NaN,NaN,101167,-61366,39801,46899,-78588,-31689,14775,-22887,-8112,NaN,NaN,NaN,NaN,178746,101167,-61366,39801,46899,-78588,-31689,14775,-22887,-8112
2013-06-26T22:00:00Z,3.05,3.0775,3.035,3.0505,NaN,NaN,NaN,NaN,NaN,NaN,NaN,NaN,101167,-61366,39801,46899,-78588,-31689,14775,-22887,-8112,NaN,NaN,NaN,NaN,178746,101167,-61366,39801,46899,-78588,-31689,14775,-22887,-8112
2013-06-27T22:00:00Z,3.056,3.089,3.0155,3.0585,NaN,NaN,NaN,NaN,NaN,NaN,NaN,NaN,101167,-61366,39801,46899,-78588,-31689,14775,-22887,-8112,NaN,NaN,NaN,NaN,178746,101167,-61366,39801,46899,-78588,-31689,14775,-22887,-8112
2013-06-30T22:00:00Z,3.045,3.1745,3.033,3.1555,NaN,NaN,NaN,NaN,NaN,NaN,NaN,NaN,101167,-61366,39801,46899,-78588,-31689,14775,-22887,-8112,NaN,NaN,NaN,NaN,178746,101167,-61366,39801,46899,-78588,-31689,14775,-22887,-8112
2013-07-01T22:00:00Z,3.153,3.166,3.127,3.1315,NaN,NaN,NaN,NaN,NaN,NaN,NaN,NaN,95951,-59369,36582,44898,-73439,-28541,13773,-21814,-8041,NaN,NaN,NaN,NaN,170977,95951,-59369,36582,44898,-73439,-28541,13773,-21814,-8041
2013-07-02T22:00:00Z,3.137,3.179,3.133,3.172,NaN,NaN,NaN,NaN,NaN,NaN,NaN,NaN,95951,-59369,36582,44898,-73439,-28541,13773,-21814,-8041,NaN,NaN,NaN,NaN,170977,95951,-59369,36582,44898,-73439,-28541,13773,-21814,-8041
2013-07-03T22:00:00Z,3.169,3.1785,3.0485,3.074,NaN,NaN,NaN,NaN,NaN,NaN,NaN,NaN,95951,-59369,36582,44898,-73439,-28541,13773,-21814,-8041,NaN,NaN,NaN,NaN,170977,95951,-59369,36582,44898,-73439,-28541,13773,-21814,-8041
2013-07-07T22:00:00Z,3.0775,3.11,3.058,3.101,NaN,NaN,NaN,NaN,NaN,NaN,NaN,NaN,95951,-59369,36582,44898,-73439,-28541,13773,-21814,-8041,NaN,NaN,NaN,NaN,170977,95951,-59369,36582,44898,-73439,-28541,13773,-21814,-8041
2013-07-08T22:00:00Z,3.1015,3.116,3.025,3.0645,NaN,NaN,NaN,NaN,NaN,NaN,NaN,NaN,95384,-59746,35638,44259,-72307,-28048,14378,-21968,-7590,NaN,NaN,NaN,NaN,169108,95384,-59746,35638,44259,-72307,-28048,14378,-21968,-7590
2013-07-09T22:00:00Z,3.065,3.0995,3.031,3.091,NaN,NaN,NaN,NaN,NaN,NaN,NaN,NaN,95384,-59746,35638,44259,-72307,-28048,14378,-21968,-7590,NaN,NaN,NaN,NaN,169108,95384,-59746,35638,44259,-72307,-28048,14378,-21968,-7590
2013-07-10T22:00:00Z,3.0965,3.201,3.09,3.181,NaN,NaN,NaN,NaN,NaN,NaN,NaN,NaN,95384,-59746,35638,44259,-72307,-28048,14378,-21968,-7590,NaN,NaN,NaN,NaN,169108,95384,-59746,35638,44259,-72307,-28048,14378,-21968,-7590
2013-07-11T22:00:00Z,3.1775,3.1935,3.136,3.1535,NaN,NaN,NaN,NaN,NaN,NaN,NaN,NaN,95384,-59746,35638,44259,-72307,-28048,14378,-21968,-7590,NaN,NaN,NaN,NaN,169108,95384,-59746,35638,44259,-72307,-28048,14378,-21968,-7590
2013-07-14T22:00:00Z,3.16,3.169,3.1245,3.15,NaN,NaN,NaN,NaN,NaN,NaN,NaN,NaN,95384,-59746,35638,44259,-72307,-28048,14378,-21968,-7590,NaN,NaN,NaN,NaN,169108,95384,-59746,35638,44259,-72307,-28048,14378,-21968,-7590
2013-07-15T22:00:00Z,3.1485,3.1915,3.133,3.1745,NaN,NaN,NaN,NaN,NaN,NaN,NaN,NaN,93211,-64431,28780,39403,-61783,-22380,15456,-21856,-6400,NaN,NaN,NaN,NaN,163870,93211,-64431,28780,39403,-61783,-22380,15456,-21856,-6400
2013-07-16T22:00:00Z,3.1745,3.198,3.1125,3.1335,NaN,NaN,NaN,NaN,NaN,NaN,NaN,NaN,93211,-64431,28780,39403,-61783,-22380,15456,-21856,-6400,NaN,NaN,NaN,NaN,163870,93211,-64431,28780,39403,-61783,-22380,15456,-21856,-6400
2013-07-17T22:00:00Z,3.133,3.1395,3.1065,3.1265,NaN,NaN,NaN,NaN,NaN,NaN,NaN,NaN,93211,-64431,28780,39403,-61783,-22380,15456,-21856,-6400,NaN,NaN,NaN,NaN,163870,93211,-64431,28780,39403,-61783,-22380,15456,-21856,-6400
2013-07-18T22:00:00Z,3.1295,3.1625,3.1125,3.146,NaN,NaN,NaN,NaN,NaN,NaN,NaN,NaN,93211,-64431,28780,39403,-61783,-22380,15456,-21856,-6400,NaN,NaN,NaN,NaN,163870,93211,-64431,28780,39403,-61783,-22380,15456,-21856,-6400
2013-07-21T22:00:00Z,3.1455,3.215,3.144,3.1765,NaN,NaN,NaN,NaN,NaN,NaN,NaN,NaN,93211,-64431,28780,39403,-61783,-22380,15456,-21856,-6400,NaN,NaN,NaN,NaN,163870,93211,-64431,28780,39403,-61783,-22380,15456,-21856,-6400
2013-07-22T22:00:00Z,3.176,3.218,3.1635,3.212,NaN,NaN,NaN,NaN,NaN,NaN,NaN,NaN,93980,-64503,29477,38642,-61746,-23104,15791,-22164,-6373,NaN,NaN,NaN,NaN,161805,93980,-64503,29477,38642,-61746,-23104,15791,-22164,-6373
2013-07-23T22:00:00Z,3.21,3.234,3.165,3.183,NaN,NaN,NaN,NaN,NaN,NaN,NaN,NaN,93980,-64503,29477,38642,-61746,-23104,15791,-22164,-6373,NaN,NaN,NaN,NaN,161805,93980,-64503,29477,38642,-61746,-23104,15791,-22164,-6373
2013-07-24T22:00:00Z,3.183,3.1955,3.15,3.1905,NaN,NaN,NaN,NaN,NaN,NaN,NaN,NaN,93980,-64503,29477,38642,-61746,-23104,15791,-22164,-6373,NaN,NaN,NaN,NaN,161805,93980,-64503,29477,38642,-61746,-23104,15791,-22164,-6373
2013-07-25T22:00:00Z,3.1905,3.194,3.0945,3.104,NaN,NaN,NaN,NaN,NaN,NaN,NaN,NaN,93980,-64503,29477,38642,-61746,-23104,15791,-22164,-6373,NaN,NaN,NaN,NaN,161805,93980,-64503,29477,38642,-61746,-23104,15791,-22164,-6373
2013-07-28T22:00:00Z,3.105,3.1175,3.086,3.106,NaN,NaN,NaN,NaN,NaN,NaN,NaN,NaN,93980,-64503,29477,38642,-61746,-23104,15791,-22164,-6373,NaN,NaN,NaN,NaN,161805,93980,-64503,29477,38642,-61746,-23104,15791,-22164,-6373
2013-07-29T22:00:00Z,3.1085,3.1095,3.0365,3.0405,NaN,NaN,NaN,NaN,NaN,NaN,NaN,NaN,94144,-56749,37395,39333,-70427,-31094,19270,-25571,-6301,NaN,NaN,NaN,NaN,166158,94144,-56749,37395,39333,-70427,-31094,19270,-25571,-6301
2013-07-30T22:00:00Z,3.041,3.129,3.0375,3.1215,NaN,NaN,NaN,NaN,NaN,NaN,NaN,NaN,94144,-56749,37395,39333,-70427,-31094,19270,-25571,-6301,NaN,NaN,NaN,NaN,166158,94144,-56749,37395,39333,-70427,-31094,19270,-25571,-6301
2013-07-31T22:00:00Z,3.1185,3.1875,3.102,3.157,NaN,NaN,NaN,NaN,NaN,NaN,NaN,NaN,94144,-56749,37395,39333,-70427,-31094,19270,-25571,-6301,NaN,NaN,NaN,NaN,166158,94144,-56749,37395,39333,-70427,-31094,19270,-25571,-6301
2013-08-01T22:00:00Z,3.158,3.206,3.132,3.1665,NaN,NaN,NaN,NaN,NaN,NaN,NaN,NaN,94144,-56749,37395,39333,-70427,-31094,19270,-25571,-6301,NaN,NaN,NaN,NaN,166158,94144,-56749,37395,39333,-70427,-31094,19270,-25571,-6301
2013-08-04T22:00:00Z,3.1745,3.189,3.148,3.1675,NaN,NaN,NaN,NaN,NaN,NaN,NaN,NaN,94144,-56749,37395,39333,-70427,-31094,19270,-25571,-6301,NaN,NaN,NaN,NaN,166158,94144,-56749,37395,39333,-70427,-31094,19270,-25571,-6301
2013-08-05T22:00:00Z,3.1675,3.209,3.1475,3.1765,NaN,NaN,NaN,NaN,NaN,NaN,NaN,NaN,93975,-63948,30027,37858,-59435,-21577,16430,-24880,-8450,NaN,NaN,NaN,NaN,163880,93975,-63948,30027,37858,-59435,-21577,16430,-24880,-8450
2013-08-06T22:00:00Z,3.173,3.189,3.1285,3.184,NaN,NaN,NaN,NaN,NaN,NaN,NaN,NaN,93975,-63948,30027,37858,-59435,-21577,16430,-24880,-8450,NaN,NaN,NaN,NaN,163880,93975,-63948,30027,37858,-59435,-21577,16430,-24880,-8450
2013-08-07T22:00:00Z,3.1855,3.2795,3.1745,3.262,NaN,NaN,NaN,NaN,NaN,NaN,NaN,NaN,93975,-63948,30027,37858,-59435,-21577,16430,-24880,-8450,NaN,NaN,NaN,NaN,163880,93975,-63948,30027,37858,-59435,-21577,16430,-24880,-8450
2013-08-08T22:00:00Z,3.2635,3.3175,3.242,3.309,NaN,NaN,NaN,NaN,NaN,NaN,NaN,NaN,93975,-63948,30027,37858,-59435,-21577,16430,-24880,-8450,NaN,NaN,NaN,NaN,163880,93975,-63948,30027,37858,-59435,-21577,16430,-24880,-8450
2013-08-11T22:00:00Z,3.305,3.329,3.284,3.31,NaN,NaN,NaN,NaN,NaN,NaN,NaN,NaN,93975,-63948,30027,37858,-59435,-21577,16430,-24880,-8450,NaN,NaN,NaN,NaN,163880,93975,-63948,30027,37858,-59435,-21577,16430,-24880,-8450
2013-08-12T22:00:00Z,3.312,3.343,3.2925,3.3115,NaN,NaN,NaN,NaN,NaN,NaN,NaN,NaN,92326,-78847,13479,38753,-45587,-6834,15486,-22131,-6645,NaN,NaN,NaN,NaN,161593,92326,-78847,13479,38753,-45587,-6834,15486,-22131,-6645
2013-08-13T22:00:00Z,3.315,3.3495,3.295,3.345,NaN,NaN,NaN,NaN,NaN,NaN,NaN,NaN,92326,-78847,13479,38753,-45587,-6834,15486,-22131,-6645,NaN,NaN,NaN,NaN,161593,92326,-78847,13479,38753,-45587,-6834,15486,-22131,-6645
2013-08-14T22:00:00Z,3.3415,3.3635,3.287,3.3565,NaN,NaN,NaN,NaN,NaN,NaN,NaN,NaN,92326,-78847,13479,38753,-45587,-6834,15486,-22131,-6645,NaN,NaN,NaN,NaN,161593,92326,-78847,13479,38753,-45587,-6834,15486,-22131,-6645
2013-08-15T22:00:00Z,3.358,3.38,3.339,3.3605,NaN,NaN,NaN,NaN,NaN,NaN,NaN,NaN,92326,-78847,13479,38753,-45587,-6834,15486,-22131,-6645,NaN,NaN,NaN,NaN,161593,92326,-78847,13479,38753,-45587,-6834,15486,-22131,-6645
2013-08-18T22:00:00Z,3.365,3.373,3.3215,3.3325,NaN,NaN,NaN,NaN,NaN,NaN,NaN,NaN,92326,-78847,13479,38753,-45587,-6834,15486,-22131,-6645,NaN,NaN,NaN,NaN,161593,92326,-78847,13479,38753,-45587,-6834,15486,-22131,-6645
2013-08-19T22:00:00Z,3.333,3.3425,3.303,3.329,NaN,NaN,NaN,NaN,NaN,NaN,NaN,NaN,88774,-81533,7241,44415,-44535,-120,14422,-21543,-7121,NaN,NaN,NaN,NaN,160062,88774,-81533,7241,44415,-44535,-120,14422,-21543,-7121
2013-08-20T22:00:00Z,3.3295,3.3335,3.287,3.3125,NaN,NaN,NaN,NaN,NaN,NaN,NaN,NaN,88774,-81533,7241,44415,-44535,-120,14422,-21543,-7121,NaN,NaN,NaN,NaN,160062,88774,-81533,7241,44415,-44535,-120,14422,-21543,-7121
2013-08-21T22:00:00Z,3.314,3.3685,3.296,3.3335,NaN,NaN,NaN,NaN,NaN,NaN,NaN,NaN,88774,-81533,7241,44415,-44535,-120,14422,-21543,-7121,NaN,NaN,NaN,NaN,160062,88774,-81533,7241,44415,-44535,-120,14422,-21543,-7121
2013-08-22T22:00:00Z,3.336,3.36,3.315,3.353,NaN,NaN,NaN,NaN,NaN,NaN,NaN,NaN,88774,-81533,7241,44415,-44535,-120,14422,-21543,-7121,NaN,NaN,NaN,NaN,160062,88774,-81533,7241,44415,-44535,-120,14422,-21543,-7121
2013-08-25T22:00:00Z,3.347,3.3885,3.2935,3.3245,NaN,NaN,NaN,NaN,NaN,NaN,NaN,NaN,88774,-81533,7241,44415,-44535,-120,14422,-21543,-7121,NaN,NaN,NaN,NaN,160062,88774,-81533,7241,44415,-44535,-120,14422,-21543,-7121
2013-08-26T22:00:00Z,3.32,3.3725,3.308,3.3225,NaN,NaN,NaN,NaN,NaN,NaN,NaN,NaN,87986,-83036,4950,42772,-43565,-793,15591,-19748,-4157,NaN,NaN,NaN,NaN,156847,87986,-83036,4950,42772,-43565,-793,15591,-19748,-4157
2013-08-27T22:00:00Z,3.322,3.346,3.2965,3.3045,NaN,NaN,NaN,NaN,NaN,NaN,NaN,NaN,87986,-83036,4950,42772,-43565,-793,15591,-19748,-4157,NaN,NaN,NaN,NaN,156847,87986,-83036,4950,42772,-43565,-793,15591,-19748,-4157
2013-08-28T22:00:00Z,3.314,3.3245,3.2535,3.2535,NaN,NaN,NaN,NaN,NaN,NaN,NaN,NaN,87986,-83036,4950,42772,-43565,-793,15591,-19748,-4157,NaN,NaN,NaN,NaN,156847,87986,-83036,4950,42772,-43565,-793,15591,-19748,-4157
2013-09-01T22:00:00Z,3.2505,3.3275,3.245,3.3125,NaN,NaN,NaN,NaN,NaN,NaN,NaN,NaN,84809,-75371,9438,40851,-45303,-4452,13745,-18731,-4986,NaN,NaN,NaN,NaN,149072,84809,-75371,9438,40851,-45303,-4452,13745,-18731,-4986
2013-09-03T22:00:00Z,3.3085,3.3095,3.228,3.248,NaN,NaN,NaN,NaN,NaN,NaN,NaN,NaN,84809,-75371,9438,40851,-45303,-4452,13745,-18731,-4986,NaN,NaN,NaN,NaN,149072,84809,-75371,9438,40851,-45303,-4452,13745,-18731,-4986
2013-09-04T22:00:00Z,3.248,3.261,3.22,3.246,NaN,NaN,NaN,NaN,NaN,NaN,NaN,NaN,84809,-75371,9438,40851,-45303,-4452,13745,-18731,-4986,NaN,NaN,NaN,NaN,149072,84809,-75371,9438,40851,-45303,-4452,13745,-18731,-4986
2013-09-05T22:00:00Z,3.2455,3.289,3.24,3.2595,NaN,NaN,NaN,NaN,NaN,NaN,NaN,NaN,84809,-75371,9438,40851,-45303,-4452,13745,-18731,-4986,NaN,NaN,NaN,NaN,149072,84809,-75371,9438,40851,-45303,-4452,13745,-18731,-4986
2013-09-08T22:00:00Z,3.2675,3.299,3.259,3.2815,NaN,NaN,NaN,NaN,NaN,NaN,NaN,NaN,84809,-75371,9438,40851,-45303,-4452,13745,-18731,-4986,NaN,NaN,NaN,NaN,149072,84809,-75371,9438,40851,-45303,-4452,13745,-18731,-4986
2013-09-09T22:00:00Z,3.2805,3.2965,3.253,3.2655,NaN,NaN,NaN,NaN,NaN,NaN,NaN,NaN,85973,-72286,13687,37874,-46447,-8573,15872,-20986,-5114,NaN,NaN,NaN,NaN,149202,85973,-72286,13687,37874,-46447,-8573,15872,-20986,-5114
2013-09-10T22:00:00Z,3.2655,3.283,3.2555,3.2725,NaN,NaN,NaN,NaN,NaN,NaN,NaN,NaN,85973,-72286,13687,37874,-46447,-8573,15872,-20986,-5114,NaN,NaN,NaN,NaN,149202,85973,-72286,13687,37874,-46447,-8573,15872,-20986,-5114
2013-09-11T22:00:00Z,3.2735,3.2755,3.1915,3.199,NaN,NaN,NaN,NaN,NaN,NaN,NaN,NaN,85973,-72286,13687,37874,-46447,-8573,15872,-20986,-5114,NaN,NaN,NaN,NaN,149202,85973,-72286,13687,37874,-46447,-8573,15872,-20986,-5114
2013-09-12T22:00:00Z,3.2,3.227,3.1905,3.2255,NaN,NaN,NaN,NaN,NaN,NaN,NaN,NaN,85973,-72286,13687,37874,-46447,-8573,15872,-20986,-5114,NaN,NaN,NaN,NaN,149202,85973,-72286,13687,37874,-46447,-8573,15872,-20986,-5114
2013-09-15T22:00:00Z,3.2365,3.2815,3.198,3.212,NaN,NaN,NaN,NaN,NaN,NaN,NaN,NaN,85973,-72286,13687,37874,-46447,-8573,15872,-20986,-5114,NaN,NaN,NaN,NaN,149202,85973,-72286,13687,37874,-46447,-8573,15872,-20986,-5114
2013-09-16T22:00:00Z,3.2155,3.24,3.1985,3.226,NaN,NaN,NaN,NaN,NaN,NaN,NaN,NaN,86583,-65915,20668,35639,-50892,-15253,15695,-21110,-5415,NaN,NaN,NaN,NaN,149173,86583,-65915,20668,35639,-50892,-15253,15695,-21110,-5415
2013-09-17T22:00:00Z,3.2245,3.3345,3.206,3.3185,NaN,NaN,NaN,NaN,NaN,NaN,NaN,NaN,86583,-65915,20668,35639,-50892,-15253,15695,-21110,-5415,NaN,NaN,NaN,NaN,149173,86583,-65915,20668,35639,-50892,-15253,15695,-21110,-5415
2013-09-18T22:00:00Z,3.3155,3.3565,3.311,3.3495,NaN,NaN,NaN,NaN,NaN,NaN,NaN,NaN,86583,-65915,20668,35639,-50892,-15253,15695,-21110,-5415,NaN,NaN,NaN,NaN,149173,86583,-65915,20668,35639,-50892,-15253,15695,-21110,-5415
2013-09-19T22:00:00Z,3.3495,3.3595,3.3025,3.3075,NaN,NaN,NaN,NaN,NaN,NaN,NaN,NaN,86583,-65915,20668,35639,-50892,-15253,15695,-21110,-5415,NaN,NaN,NaN,NaN,149173,86583,-65915,20668,35639,-50892,-15253,15695,-21110,-5415
2013-09-22T22:00:00Z,3.309,3.312,3.2645,3.297,NaN,NaN,NaN,NaN,NaN,NaN,NaN,NaN,86583,-65915,20668,35639,-50892,-15253,15695,-21110,-5415,NaN,NaN,NaN,NaN,149173,86583,-65915,20668,35639,-50892,-15253,15695,-21110,-5415
2013-09-23T22:00:00Z,3.2955,3.2975,3.2355,3.264,NaN,NaN,NaN,NaN,NaN,NaN,NaN,NaN,82411,-71113,11298,36648,-43898,-7250,16587,-20635,-4048,NaN,NaN,NaN,NaN,147511,82411,-71113,11298,36648,-43898,-7250,16587,-20635,-4048
2013-09-24T22:00:00Z,3.2635,3.278,3.253,3.273,NaN,NaN,NaN,NaN,NaN,NaN,NaN,NaN,82411,-71113,11298,36648,-43898,-7250,16587,-20635,-4048,NaN,NaN,NaN,NaN,147511,82411,-71113,11298,36648,-43898,-7250,16587,-20635,-4048
2013-09-25T22:00:00Z,3.2705,3.324,3.261,3.301,NaN,NaN,NaN,NaN,NaN,NaN,NaN,NaN,82411,-71113,11298,36648,-43898,-7250,16587,-20635,-4048,NaN,NaN,NaN,NaN,147511,82411,-71113,11298,36648,-43898,-7250,16587,-20635,-4048
2013-09-26T22:00:00Z,3.3,3.331,3.2915,3.317,NaN,NaN,NaN,NaN,NaN,NaN,NaN,NaN,82411,-71113,11298,36648,-43898,-7250,16587,-20635,-4048,NaN,NaN,NaN,NaN,147511,82411,-71113,11298,36648,-43898,-7250,16587,-20635,-4048
2013-09-29T22:00:00Z,3.31,3.3395,3.294,3.318,NaN,NaN,NaN,NaN,NaN,NaN,NaN,NaN,82411,-71113,11298,36648,-43898,-7250,16587,-20635,-4048,NaN,NaN,NaN,NaN,147511,82411,-71113,11298,36648,-43898,-7250,16587,-20635,-4048
2013-09-30T22:00:00Z,3.3245,3.3375,3.249,3.279,NaN,NaN,NaN,NaN,NaN,NaN,NaN,NaN,80265,-72900,7365,39032,-40366,-1334,14912,-20943,-6031,NaN,NaN,NaN,NaN,148001,80265,-72900,7365,39032,-40366,-1334,14912,-20943,-6031
2013-10-01T22:00:00Z,3.2815,3.3195,3.248,3.3105,NaN,NaN,NaN,NaN,NaN,NaN,NaN,NaN,80265,-72900,7365,39032,-40366,-1334,14912,-20943,-6031,NaN,NaN,NaN,NaN,148001,80265,-72900,7365,39032,-40366,-1334,14912,-20943,-6031
2013-10-02T22:00:00Z,3.309,3.325,3.2615,3.28,NaN,NaN,NaN,NaN,NaN,NaN,NaN,NaN,80265,-72900,7365,39032,-40366,-1334,14912,-20943,-6031,NaN,NaN,NaN,NaN,148001,80265,-72900,7365,39032,-40366,-1334,14912,-20943,-6031
2013-10-03T22:00:00Z,3.2795,3.317,3.258,3.304,NaN,NaN,NaN,NaN,NaN,NaN,NaN,NaN,80265,-72900,7365,39032,-40366,-1334,14912,-20943,-6031,NaN,NaN,NaN,NaN,148001,80265,-72900,7365,39032,-40366,-1334,14912,-20943,-6031
2013-10-06T22:00:00Z,3.2985,3.313,3.264,3.2985,NaN,NaN,NaN,NaN,NaN,NaN,NaN,NaN,80265,-72900,7365,39032,-40366,-1334,14912,-20943,-6031,NaN,NaN,NaN,NaN,148001,80265,-72900,7365,39032,-40366,-1334,14912,-20943,-6031
2013-10-07T22:00:00Z,3.2995,3.3215,3.2825,3.2905,NaN,NaN,NaN,NaN,NaN,NaN,NaN,NaN,80644,-71930,8714,37880,-41764,-3884,15153,-19983,-4830,NaN,NaN,NaN,NaN,147936,80644,-71930,8714,37880,-41764,-3884,15153,-19983,-4830
2013-10-08T22:00:00Z,3.2895,3.2985,3.22,3.228,NaN,NaN,NaN,NaN,NaN,NaN,NaN,NaN,80644,-71930,8714,37880,-41764,-3884,15153,-19983,-4830,NaN,NaN,NaN,NaN,147936,80644,-71930,8714,37880,-41764,-3884,15153,-19983,-4830
2013-10-09T22:00:00Z,3.228,3.2525,3.215,3.2445,NaN,NaN,NaN,NaN,NaN,NaN,NaN,NaN,80644,-71930,8714,37880,-41764,-3884,15153,-19983,-4830,NaN,NaN,NaN,NaN,147936,80644,-71930,8714,37880,-41764,-3884,15153,-19983,-4830
2013-10-10T22:00:00Z,3.2435,3.2735,3.225,3.273,NaN,NaN,NaN,NaN,NaN,NaN,NaN,NaN,80644,-71930,8714,37880,-41764,-3884,15153,-19983,-4830,NaN,NaN,NaN,NaN,147936,80644,-71930,8714,37880,-41764,-3884,15153,-19983,-4830
2013-10-13T22:00:00Z,3.268,3.3175,3.2445,3.296,NaN,NaN,NaN,NaN,NaN,NaN,NaN,NaN,80644,-71930,8714,37880,-41764,-3884,15153,-19983,-4830,NaN,NaN,NaN,NaN,147936,80644,-71930,8714,37880,-41764,-3884,15153,-19983,-4830
2013-10-14T22:00:00Z,3.2955,3.31,3.281,3.304,NaN,NaN,NaN,NaN,NaN,NaN,NaN,NaN,83006,-69117,13889,37672,-45400,-7728,14281,-20442,-6161,NaN,NaN,NaN,NaN,149819,83006,-69117,13889,37672,-45400,-7728,14281,-20442,-6161
2013-10-15T22:00:00Z,3.302,3.329,3.2635,3.31,NaN,NaN,NaN,NaN,NaN,NaN,NaN,NaN,83006,-69117,13889,37672,-45400,-7728,14281,-20442,-6161,NaN,NaN,NaN,NaN,149819,83006,-69117,13889,37672,-45400,-7728,14281,-20442,-6161
2013-10-16T22:00:00Z,3.309,3.325,3.271,3.3015,NaN,NaN,NaN,NaN,NaN,NaN,NaN,NaN,83006,-69117,13889,37672,-45400,-7728,14281,-20442,-6161,NaN,NaN,NaN,NaN,149819,83006,-69117,13889,37672,-45400,-7728,14281,-20442,-6161
2013-10-17T22:00:00Z,3.301,3.3205,3.287,3.2905,NaN,NaN,NaN,NaN,NaN,NaN,NaN,NaN,83006,-69117,13889,37672,-45400,-7728,14281,-20442,-6161,NaN,NaN,NaN,NaN,149819,83006,-69117,13889,37672,-45400,-7728,14281,-20442,-6161
2013-10-20T22:00:00Z,3.2945,3.3115,3.282,3.3005,NaN,NaN,NaN,NaN,NaN,NaN,NaN,NaN,83006,-69117,13889,37672,-45400,-7728,14281,-20442,-6161,NaN,NaN,NaN,NaN,149819,83006,-69117,13889,37672,-45400,-7728,14281,-20442,-6161
2013-10-21T22:00:00Z,3.302,3.355,3.296,3.334,NaN,NaN,NaN,NaN,NaN,NaN,NaN,NaN,81295,-80208,1087,44669,-41054,3615,16188,-20890,-4702,NaN,NaN,NaN,NaN,154924,81295,-80208,1087,44669,-41054,3615,16188,-20890,-4702
2013-10-22T22:00:00Z,3.3335,3.3345,3.26,3.2645,NaN,NaN,NaN,NaN,NaN,NaN,NaN,NaN,81295,-80208,1087,44669,-41054,3615,16188,-20890,-4702,NaN,NaN,NaN,NaN,154924,81295,-80208,1087,44669,-41054,3615,16188,-20890,-4702
2013-10-23T22:00:00Z,3.267,3.281,3.2455,3.27,NaN,NaN,NaN,NaN,NaN,NaN,NaN,NaN,81295,-80208,1087,44669,-41054,3615,16188,-20890,-4702,NaN,NaN,NaN,NaN,154924,81295,-80208,1087,44669,-41054,3615,16188,-20890,-4702
2013-10-24T22:00:00Z,3.2675,3.273,3.234,3.266,NaN,NaN,NaN,NaN,NaN,NaN,NaN,NaN,81295,-80208,1087,44669,-41054,3615,16188,-20890,-4702,NaN,NaN,NaN,NaN,154924,81295,-80208,1087,44669,-41054,3615,16188,-20890,-4702
2013-10-27T22:00:00Z,3.276,3.2855,3.257,3.265,NaN,NaN,NaN,NaN,NaN,NaN,NaN,NaN,81295,-80208,1087,44669,-41054,3615,16188,-20890,-4702,NaN,NaN,NaN,NaN,154924,81295,-80208,1087,44669,-41054,3615,16188,-20890,-4702
2013-10-28T22:00:00Z,3.263,3.296,3.246,3.2805,NaN,NaN,NaN,NaN,NaN,NaN,NaN,NaN,88002,-72879,15123,38310,-48325,-10015,15131,-20239,-5108,NaN,NaN,NaN,NaN,154498,88002,-72879,15123,38310,-48325,-10015,15131,-20239,-5108
2013-10-29T22:00:00Z,3.2775,3.328,3.273,3.316,NaN,NaN,NaN,NaN,NaN,NaN,NaN,NaN,88002,-72879,15123,38310,-48325,-10015,15131,-20239,-5108,NaN,NaN,NaN,NaN,154498,88002,-72879,15123,38310,-48325,-10015,15131,-20239,-5108
2013-10-30T22:00:00Z,3.3115,3.3195,3.2915,3.301,NaN,NaN,NaN,NaN,NaN,NaN,NaN,NaN,88002,-72879,15123,38310,-48325,-10015,15131,-20239,-5108,NaN,NaN,NaN,NaN,154498,88002,-72879,15123,38310,-48325,-10015,15131,-20239,-5108
2013-10-31T22:00:00Z,3.3005,3.326,3.2905,3.2985,NaN,NaN,NaN,NaN,NaN,NaN,NaN,NaN,88002,-72879,15123,38310,-48325,-10015,15131,-20239,-5108,NaN,NaN,NaN,NaN,154498,88002,-72879,15123,38310,-48325,-10015,15131,-20239,-5108
2013-11-03T23:00:00Z,3.2985,3.3085,3.2475,3.2605,NaN,NaN,NaN,NaN,NaN,NaN,NaN,NaN,88002,-72879,15123,38310,-48325,-10015,15131,-20239,-5108,NaN,NaN,NaN,NaN,154498,88002,-72879,15123,38310,-48325,-10015,15131,-20239,-5108
2013-11-04T23:00:00Z,3.2635,3.2765,3.243,3.2635,NaN,NaN,NaN,NaN,NaN,NaN,NaN,NaN,85907,-71552,14355,36754,-46538,-9784,16909,-21480,-4571,NaN,NaN,NaN,NaN,148624,85907,-71552,14355,36754,-46538,-9784,16909,-21480,-4571
2013-11-05T23:00:00Z,3.2625,3.278,3.222,3.2465,NaN,NaN,NaN,NaN,NaN,NaN,NaN,NaN,85907,-71552,14355,36754,-46538,-9784,16909,-21480,-4571,NaN,NaN,NaN,NaN,148624,85907,-71552,14355,36754,-46538,-9784,16909,-21480,-4571
2013-11-06T23:00:00Z,3.2445,3.2575,3.2255,3.24,NaN,NaN,NaN,NaN,NaN,NaN,NaN,NaN,85907,-71552,14355,36754,-46538,-9784,16909,-21480,-4571,NaN,NaN,NaN,NaN,148624,85907,-71552,14355,36754,-46538,-9784,16909,-21480,-4571
2013-11-07T23:00:00Z,3.2405,3.266,3.2235,3.2595,NaN,NaN,NaN,NaN,NaN,NaN,NaN,NaN,85907,-71552,14355,36754,-46538,-9784,16909,-21480,-4571,NaN,NaN,NaN,NaN,148624,85907,-71552,14355,36754,-46538,-9784,16909,-21480,-4571
2013-11-10T23:00:00Z,3.2625,3.276,3.2435,3.254,NaN,NaN,NaN,NaN,NaN,NaN,NaN,NaN,85907,-71552,14355,36754,-46538,-9784,16909,-21480,-4571,NaN,NaN,NaN,NaN,148624,85907,-71552,14355,36754,-46538,-9784,16909,-21480,-4571
2013-11-11T23:00:00Z,3.254,3.258,3.211,3.221,NaN,NaN,NaN,NaN,NaN,NaN,NaN,NaN,88967,-66255,22712,39966,-58934,-18968,18595,-22339,-3744,NaN,NaN,NaN,NaN,163264,88967,-66255,22712,39966,-58934,-18968,18595,-22339,-3744
2013-11-12T23:00:00Z,3.22,3.2225,3.1525,3.162,NaN,NaN,NaN,NaN,NaN,NaN,NaN,NaN,88967,-66255,22712,39966,-58934,-18968,18595,-22339,-3744,NaN,NaN,NaN,NaN,163264,88967,-66255,22712,39966,-58934,-18968,18595,-22339,-3744
2013-11-13T23:00:00Z,3.1635,3.1835,3.142,3.163,NaN,NaN,NaN,NaN,NaN,NaN,NaN,NaN,88967,-66255,22712,39966,-58934,-18968,18595,-22339,-3744,NaN,NaN,NaN,NaN,163264,88967,-66255,22712,39966,-58934,-18968,18595,-22339,-3744
2013-11-14T23:00:00Z,3.1615,3.1845,3.144,3.1715,NaN,NaN,NaN,NaN,NaN,NaN,NaN,NaN,88967,-66255,22712,39966,-58934,-18968,18595,-22339,-3744,NaN,NaN,NaN,NaN,163264,88967,-66255,22712,39966,-58934,-18968,18595,-22339,-3744
2013-11-17T23:00:00Z,3.168,3.178,3.147,3.1485,NaN,NaN,NaN,NaN,NaN,NaN,NaN,NaN,88967,-66255,22712,39966,-58934,-18968,18595,-22339,-3744,NaN,NaN,NaN,NaN,163264,88967,-66255,22712,39966,-58934,-18968,18595,-22339,-3744
2013-11-18T23:00:00Z,3.1505,3.173,3.124,3.156,NaN,NaN,NaN,NaN,NaN,NaN,NaN,NaN,98110,-59242,38868,40413,-74311,-33898,19855,-24825,-4970,NaN,NaN,NaN,NaN,173106,98110,-59242,38868,40413,-74311,-33898,19855,-24825,-4970
2013-11-19T23:00:00Z,3.155,3.1805,3.144,3.1455,NaN,NaN,NaN,NaN,NaN,NaN,NaN,NaN,98110,-59242,38868,40413,-74311,-33898,19855,-24825,-4970,NaN,NaN,NaN,NaN,173106,98110,-59242,38868,40413,-74311,-33898,19855,-24825,-4970
2013-11-20T23:00:00Z,3.1445,3.1995,3.141,3.1885,NaN,NaN,NaN,NaN,NaN,NaN,NaN,NaN,98110,-59242,38868,40413,-74311,-33898,19855,-24825,-4970,NaN,NaN,NaN,NaN,173106,98110,-59242,38868,40413,-74311,-33898,19855,-24825,-4970
2013-11-21T23:00:00Z,3.188,3.2205,3.1805,3.2205,NaN,NaN,NaN,NaN,NaN,NaN,NaN,NaN,98110,-59242,38868,40413,-74311,-33898,19855,-24825,-4970,NaN,NaN,NaN,NaN,173106,98110,-59242,38868,40413,-74311,-33898,19855,-24825,-4970
2013-11-24T23:00:00Z,3.214,3.263,3.2015,3.2315,NaN,NaN,NaN,NaN,NaN,NaN,NaN,NaN,98110,-59242,38868,40413,-74311,-33898,19855,-24825,-4970,NaN,NaN,NaN,NaN,173106,98110,-59242,38868,40413,-74311,-33898,19855,-24825,-4970
2013-11-25T23:00:00Z,3.23,3.236,3.2015,3.2025,NaN,NaN,NaN,NaN,NaN,NaN,NaN,NaN,89001,-53484,35517,41232,-71260,-30028,17231,-22720,-5489,NaN,NaN,NaN,NaN,158780,89001,-53484,35517,41232,-71260,-30028,17231,-22720,-5489
2013-11-26T23:00:00Z,3.207,3.2335,3.18,3.1985,NaN,NaN,NaN,NaN,NaN,NaN,NaN,NaN,89001,-53484,35517,41232,-71260,-30028,17231,-22720,-5489,NaN,NaN,NaN,NaN,158780,89001,-53484,35517,41232,-71260,-30028,17231,-22720,-5489
2013-11-27T23:00:00Z,3.198,3.2255,3.185,3.206,NaN,NaN,NaN,NaN,NaN,NaN,NaN,NaN,89001,-53484,35517,41232,-71260,-30028,17231,-22720,-5489,NaN,NaN,NaN,NaN,158780,89001,-53484,35517,41232,-71260,-30028,17231,-22720,-5489
2013-12-01T23:00:00Z,3.2045,3.215,3.1685,3.172,NaN,NaN,NaN,NaN,NaN,NaN,NaN,NaN,89001,-53484,35517,41232,-71260,-30028,17231,-22720,-5489,NaN,NaN,NaN,NaN,158780,89001,-53484,35517,41232,-71260,-30028,17231,-22720,-5489
2013-12-02T23:00:00Z,3.175,3.1825,3.158,3.16,NaN,NaN,NaN,NaN,NaN,NaN,NaN,NaN,86479,-55257,31222,43029,-70380,-27351,19520,-23391,-3871,NaN,NaN,NaN,NaN,160042,86479,-55257,31222,43029,-70380,-27351,19520,-23391,-3871
2013-12-03T23:00:00Z,3.1615,3.252,3.1605,3.23,NaN,NaN,NaN,NaN,NaN,NaN,NaN,NaN,86479,-55257,31222,43029,-70380,-27351,19520,-23391,-3871,NaN,NaN,NaN,NaN,160042,86479,-55257,31222,43029,-70380,-27351,19520,-23391,-3871
2013-12-04T23:00:00Z,3.2305,3.2405,3.2135,3.22,NaN,NaN,NaN,NaN,NaN,NaN,NaN,NaN,86479,-55257,31222,43029,-70380,-27351,19520,-23391,-3871,NaN,NaN,NaN,NaN,160042,86479,-55257,31222,43029,-70380,-27351,19520,-23391,-3871
2013-12-05T23:00:00Z,3.2205,3.26,3.2175,3.241,NaN,NaN,NaN,NaN,NaN,NaN,NaN,NaN,86479,-55257,31222,43029,-70380,-27351,19520,-23391,-3871,NaN,NaN,NaN,NaN,160042,86479,-55257,31222,43029,-70380,-27351,19520,-23391,-3871
2013-12-08T23:00:00Z,3.246,3.2595,3.231,3.253,NaN,NaN,NaN,NaN,NaN,NaN,NaN,NaN,86479,-55257,31222,43029,-70380,-27351,19520,-23391,-3871,NaN,NaN,NaN,NaN,160042,86479,-55257,31222,43029,-70380,-27351,19520,-23391,-3871
2013-12-09T23:00:00Z,3.2535,3.279,3.247,3.2675,NaN,NaN,NaN,NaN,NaN,NaN,NaN,NaN,84272,-66965,17307,44375,-57508,-13133,20304,-24478,-4174,NaN,NaN,NaN,NaN,159552,84272,-66965,17307,44375,-57508,-13133,20304,-24478,-4174
2013-12-10T23:00:00Z,3.2675,3.2955,3.2565,3.2885,NaN,NaN,NaN,NaN,NaN,NaN,NaN,NaN,84272,-66965,17307,44375,-57508,-13133,20304,-24478,-4174,NaN,NaN,NaN,NaN,159552,84272,-66965,17307,44375,-57508,-13133,20304,-24478,-4174
2013-12-11T23:00:00Z,3.287,3.3105,3.282,3.291,NaN,NaN,NaN,NaN,NaN,NaN,NaN,NaN,84272,-66965,17307,44375,-57508,-13133,20304,-24478,-4174,NaN,NaN,NaN,NaN,159552,84272,-66965,17307,44375,-57508,-13133,20304,-24478,-4174
2013-12-12T23:00:00Z,3.292,3.3195,3.279,3.3065,NaN,NaN,NaN,NaN,NaN,NaN,NaN,NaN,84272,-66965,17307,44375,-57508,-13133,20304,-24478,-4174,NaN,NaN,NaN,NaN,159552,84272,-66965,17307,44375,-57508,-13133,20304,-24478,-4174
2013-12-15T23:00:00Z,3.307,3.332,3.3005,3.322,NaN,NaN,NaN,NaN,NaN,NaN,NaN,NaN,84272,-66965,17307,44375,-57508,-13133,20304,-24478,-4174,NaN,NaN,NaN,NaN,159552,84272,-66965,17307,44375,-57508,-13133,20304,-24478,-4174
2013-12-16T23:00:00Z,3.323,3.3355,3.3115,3.316,NaN,NaN,NaN,NaN,NaN,NaN,NaN,NaN,76939,-73995,2944,55009,-52630,2379,20382,-25705,-5323,NaN,NaN,NaN,NaN,159879,76939,-73995,2944,55009,-52630,2379,20382,-25705,-5323
2013-12-17T23:00:00Z,3.3165,3.33,3.2985,3.321,NaN,NaN,NaN,NaN,NaN,NaN,NaN,NaN,76939,-73995,2944,55009,-52630,2379,20382,-25705,-5323,NaN,NaN,NaN,NaN,159879,76939,-73995,2944,55009,-52630,2379,20382,-25705,-5323
2013-12-18T23:00:00Z,3.322,3.3235,3.275,3.298,NaN,NaN,NaN,NaN,NaN,NaN,NaN,NaN,76939,-73995,2944,55009,-52630,2379,20382,-25705,-5323,NaN,NaN,NaN,NaN,159879,76939,-73995,2944,55009,-52630,2379,20382,-25705,-5323
2013-12-19T23:00:00Z,3.2995,3.3175,3.291,3.3055,NaN,NaN,NaN,NaN,NaN,NaN,NaN,NaN,76939,-73995,2944,55009,-52630,2379,20382,-25705,-5323,NaN,NaN,NaN,NaN,159879,76939,-73995,2944,55009,-52630,2379,20382,-25705,-5323
2013-12-22T23:00:00Z,3.3055,3.315,3.299,3.309,NaN,NaN,NaN,NaN,NaN,NaN,NaN,NaN,76939,-73995,2944,55009,-52630,2379,20382,-25705,-5323,NaN,NaN,NaN,NaN,159879,76939,-73995,2944,55009,-52630,2379,20382,-25705,-5323
2013-12-23T23:00:00Z,3.3085,3.42,3.3045,3.3695,NaN,NaN,NaN,NaN,NaN,NaN,NaN,NaN,74020,-75004,-984,60943,-56208,4735,20505,-24256,-3751,NaN,NaN,NaN,NaN,164932,74020,-75004,-984,60943,-56208,4735,20505,-24256,-3751
2013-12-25T23:00:00Z,3.381,3.401,3.368,3.3875,NaN,NaN,NaN,NaN,NaN,NaN,NaN,NaN,74020,-75004,-984,60943,-56208,4735,20505,-24256,-3751,NaN,NaN,NaN,NaN,164932,74020,-75004,-984,60943,-56208,4735,20505,-24256,-3751
2013-12-26T23:00:00Z,3.39,3.399,3.37,3.3825,NaN,NaN,NaN,NaN,NaN,NaN,NaN,NaN,74020,-75004,-984,60943,-56208,4735,20505,-24256,-3751,NaN,NaN,NaN,NaN,164932,74020,-75004,-984,60943,-56208,4735,20505,-24256,-3751
2013-12-29T23:00:00Z,3.383,3.3925,3.3715,3.3795,NaN,NaN,NaN,NaN,NaN,NaN,NaN,NaN,74020,-75004,-984,60943,-56208,4735,20505,-24256,-3751,NaN,NaN,NaN,NaN,164932,74020,-75004,-984,60943,-56208,4735,20505,-24256,-3751
2013-12-30T23:00:00Z,3.3785,3.408,3.3665,3.399,NaN,NaN,NaN,NaN,NaN,NaN,NaN,NaN,70367,-79191,-8824,66016,-55653,10363,20964,-22503,-1539,NaN,NaN,NaN,NaN,167024,70367,-79191,-8824,66016,-55653,10363,20964,-22503,-1539
2014-01-01T23:00:00Z,3.3985,3.4245,3.376,3.385,NaN,NaN,NaN,NaN,NaN,NaN,NaN,NaN,70367,-79191,-8824,66016,-55653,10363,20964,-22503,-1539,NaN,NaN,NaN,NaN,167024,70367,-79191,-8824,66016,-55653,10363,20964,-22503,-1539
2014-01-02T23:00:00Z,3.385,3.3875,3.3455,3.3525,NaN,NaN,NaN,NaN,NaN,NaN,NaN,NaN,70367,-79191,-8824,66016,-55653,10363,20964,-22503,-1539,NaN,NaN,NaN,NaN,167024,70367,-79191,-8824,66016,-55653,10363,20964,-22503,-1539
2014-01-05T23:00:00Z,3.3505,3.3645,3.3305,3.358,NaN,NaN,NaN,NaN,NaN,NaN,NaN,NaN,70367,-79191,-8824,66016,-55653,10363,20964,-22503,-1539,NaN,NaN,NaN,NaN,167024,70367,-79191,-8824,66016,-55653,10363,20964,-22503,-1539
2014-01-06T23:00:00Z,3.3595,3.366,3.342,3.358,NaN,NaN,NaN,NaN,NaN,NaN,NaN,NaN,69472,-81237,-11765,67546,-55118,12428,21647,-22310,-663,NaN,NaN,NaN,NaN,169588,69472,-81237,-11765,67546,-55118,12428,21647,-22310,-663
2014-01-07T23:00:00Z,3.3565,3.377,3.335,3.341,NaN,NaN,NaN,NaN,NaN,NaN,NaN,NaN,69472,-81237,-11765,67546,-55118,12428,21647,-22310,-663,NaN,NaN,NaN,NaN,169588,69472,-81237,-11765,67546,-55118,12428,21647,-22310,-663
2014-01-08T23:00:00Z,3.3425,3.3565,3.2885,3.293,NaN,NaN,NaN,NaN,NaN,NaN,NaN,NaN,69472,-81237,-11765,67546,-55118,12428,21647,-22310,-663,NaN,NaN,NaN,NaN,169588,69472,-81237,-11765,67546,-55118,12428,21647,-22310,-663
2014-01-09T23:00:00Z,3.295,3.3465,3.2895,3.344,NaN,NaN,NaN,NaN,NaN,NaN,NaN,NaN,69472,-81237,-11765,67546,-55118,12428,21647,-22310,-663,NaN,NaN,NaN,NaN,169588,69472,-81237,-11765,67546,-55118,12428,21647,-22310,-663
2014-01-12T23:00:00Z,3.345,3.3735,3.3145,3.341,NaN,NaN,NaN,NaN,NaN,NaN,NaN,NaN,69472,-81237,-11765,67546,-55118,12428,21647,-22310,-663,NaN,NaN,NaN,NaN,169588,69472,-81237,-11765,67546,-55118,12428,21647,-22310,-663
2014-01-13T23:00:00Z,3.3425,3.3505,3.3205,3.331,NaN,NaN,NaN,NaN,NaN,NaN,NaN,NaN,73137,-77296,-4159,59343,-52306,7037,16298,-19176,-2878,NaN,NaN,NaN,NaN,163296,73137,-77296,-4159,59343,-52306,7037,16298,-19176,-2878
2014-01-14T23:00:00Z,3.3325,3.3635,3.308,3.353,NaN,NaN,NaN,NaN,NaN,NaN,NaN,NaN,73137,-77296,-4159,59343,-52306,7037,16298,-19176,-2878,NaN,NaN,NaN,NaN,163296,73137,-77296,-4159,59343,-52306,7037,16298,-19176,-2878
2014-01-15T23:00:00Z,3.352,3.3695,3.3285,3.3375,NaN,NaN,NaN,NaN,NaN,NaN,NaN,NaN,73137,-77296,-4159,59343,-52306,7037,16298,-19176,-2878,NaN,NaN,NaN,NaN,163296,73137,-77296,-4159,59343,-52306,7037,16298,-19176,-2878
2014-01-16T23:00:00Z,3.337,3.364,3.3265,3.341,NaN,NaN,NaN,NaN,NaN,NaN,NaN,NaN,73137,-77296,-4159,59343,-52306,7037,16298,-19176,-2878,NaN,NaN,NaN,NaN,163296,73137,-77296,-4159,59343,-52306,7037,16298,-19176,-2878
2014-01-19T23:00:00Z,3.3415,3.358,3.315,3.3445,NaN,NaN,NaN,NaN,NaN,NaN,NaN,NaN,69394,-74338,-4944,61131,-51418,9713,15345,-20114,-4769,NaN,NaN,NaN,NaN,160115,69394,-74338,-4944,61131,-51418,9713,15345,-20114,-4769
2014-01-21T23:00:00Z,3.346,3.355,3.323,3.3275,NaN,NaN,NaN,NaN,NaN,NaN,NaN,NaN,69394,-74338,-4944,61131,-51418,9713,15345,-20114,-4769,NaN,NaN,NaN,NaN,160115,69394,-74338,-4944,61131,-51418,9713,15345,-20114,-4769
2014-01-22T23:00:00Z,3.326,3.3385,3.2765,3.2775,NaN,NaN,NaN,NaN,NaN,NaN,NaN,NaN,69394,-74338,-4944,61131,-51418,9713,15345,-20114,-4769,NaN,NaN,NaN,NaN,160115,69394,-74338,-4944,61131,-51418,9713,15345,-20114,-4769
2014-01-23T23:00:00Z,3.2785,3.2995,3.2605,3.2645,NaN,NaN,NaN,NaN,NaN,NaN,NaN,NaN,69394,-74338,-4944,61131,-51418,9713,15345,-20114,-4769,NaN,NaN,NaN,NaN,160115,69394,-74338,-4944,61131,-51418,9713,15345,-20114,-4769
2014-01-26T23:00:00Z,3.261,3.2875,3.2535,3.2565,NaN,NaN,NaN,NaN,NaN,NaN,NaN,NaN,69394,-74338,-4944,61131,-51418,9713,15345,-20114,-4769,NaN,NaN,NaN,NaN,160115,69394,-74338,-4944,61131,-51418,9713,15345,-20114,-4769
2014-01-27T23:00:00Z,3.2565,3.2735,3.246,3.2485,NaN,NaN,NaN,NaN,NaN,NaN,NaN,NaN,70361,-66484,3877,51840,-51836,4,15005,-18886,-3881,NaN,NaN,NaN,NaN,152829,70361,-66484,3877,51840,-51836,4,15005,-18886,-3881
2014-01-28T23:00:00Z,3.2515,3.269,3.237,3.244,NaN,NaN,NaN,NaN,NaN,NaN,NaN,NaN,70361,-66484,3877,51840,-51836,4,15005,-18886,-3881,NaN,NaN,NaN,NaN,152829,70361,-66484,3877,51840,-51836,4,15005,-18886,-3881
2014-01-29T23:00:00Z,3.2445,3.2585,3.2115,3.225,NaN,NaN,NaN,NaN,NaN,NaN,NaN,NaN,70361,-66484,3877,51840,-51836,4,15005,-18886,-3881,NaN,NaN,NaN,NaN,152829,70361,-66484,3877,51840,-51836,4,15005,-18886,-3881
2014-01-30T23:00:00Z,3.2235,3.2305,3.1905,3.1935,NaN,NaN,NaN,NaN,NaN,NaN,NaN,NaN,70361,-66484,3877,51840,-51836,4,15005,-18886,-3881,NaN,NaN,NaN,NaN,152829,70361,-66484,3877,51840,-51836,4,15005,-18886,-3881
2014-02-02T23:00:00Z,3.1935,3.2025,3.175,3.178,NaN,NaN,NaN,NaN,NaN,NaN,NaN,NaN,70361,-66484,3877,51840,-51836,4,15005,-18886,-3881,NaN,NaN,NaN,NaN,152829,70361,-66484,3877,51840,-51836,4,15005,-18886,-3881
2014-02-03T23:00:00Z,3.182,3.2065,3.1775,3.1925,NaN,NaN,NaN,NaN,NaN,NaN,NaN,NaN,76294,-57375,18919,45717,-59136,-13419,13346,-18846,-5500,NaN,NaN,NaN,NaN,151800,76294,-57375,18919,45717,-59136,-13419,13346,-18846,-5500
2014-02-04T23:00:00Z,3.194,3.216,3.185,3.1925,NaN,NaN,NaN,NaN,NaN,NaN,NaN,NaN,76294,-57375,18919,45717,-59136,-13419,13346,-18846,-5500,NaN,NaN,NaN,NaN,151800,76294,-57375,18919,45717,-59136,-13419,13346,-18846,-5500
2014-02-05T23:00:00Z,3.192,3.245,3.191,3.222,NaN,NaN,NaN,NaN,NaN,NaN,NaN,NaN,76294,-57375,18919,45717,-59136,-13419,13346,-18846,-5500,NaN,NaN,NaN,NaN,151800,76294,-57375,18919,45717,-59136,-13419,13346,-18846,-5500
2014-02-06T23:00:00Z,3.2245,3.248,3.2225,3.246,NaN,NaN,NaN,NaN,NaN,NaN,NaN,NaN,76294,-57375,18919,45717,-59136,-13419,13346,-18846,-5500,NaN,NaN,NaN,NaN,151800,76294,-57375,18919,45717,-59136,-13419,13346,-18846,-5500
2014-02-09T23:00:00Z,3.241,3.253,3.2145,3.2175,NaN,NaN,NaN,NaN,NaN,NaN,NaN,NaN,76294,-57375,18919,45717,-59136,-13419,13346,-18846,-5500,NaN,NaN,NaN,NaN,151800,76294,-57375,18919,45717,-59136,-13419,13346,-18846,-5500
2014-02-10T23:00:00Z,3.2195,3.233,3.2025,3.2265,NaN,NaN,NaN,NaN,NaN,NaN,NaN,NaN,82698,-57748,24950,46907,-64957,-18050,13141,-20041,-6900,NaN,NaN,NaN,NaN,164996,82698,-57748,24950,46907,-64957,-18050,13141,-20041,-6900
2014-02-11T23:00:00Z,3.227,3.2635,3.2215,3.254,NaN,NaN,NaN,NaN,NaN,NaN,NaN,NaN,82698,-57748,24950,46907,-64957,-18050,13141,-20041,-6900,NaN,NaN,NaN,NaN,164996,82698,-57748,24950,46907,-64957,-18050,13141,-20041,-6900
2014-02-12T23:00:00Z,3.2525,3.256,3.219,3.2505,NaN,NaN,NaN,NaN,NaN,NaN,NaN,NaN,82698,-57748,24950,46907,-64957,-18050,13141,-20041,-6900,NaN,NaN,NaN,NaN,164996,82698,-57748,24950,46907,-64957,-18050,13141,-20041,-6900
2014-02-13T23:00:00Z,3.2515,3.27,3.2445,3.2625,NaN,NaN,NaN,NaN,NaN,NaN,NaN,NaN,82698,-57748,24950,46907,-64957,-18050,13141,-20041,-6900,NaN,NaN,NaN,NaN,164996,82698,-57748,24950,46907,-64957,-18050,13141,-20041,-6900
2014-02-16T23:00:00Z,3.2575,3.32,3.253,3.2855,NaN,NaN,NaN,NaN,NaN,NaN,NaN,NaN,77991,-58421,19570,45352,-59186,-13834,12760,-18496,-5736,NaN,NaN,NaN,NaN,162959,77991,-58421,19570,45352,-59186,-13834,12760,-18496,-5736
2014-02-18T23:00:00Z,3.2825,3.302,3.2735,3.275,NaN,NaN,NaN,NaN,NaN,NaN,NaN,NaN,77991,-58421,19570,45352,-59186,-13834,12760,-18496,-5736,NaN,NaN,NaN,NaN,162959,77991,-58421,19570,45352,-59186,-13834,12760,-18496,-5736
2014-02-19T23:00:00Z,3.2735,3.2885,3.252,3.2795,NaN,NaN,NaN,NaN,NaN,NaN,NaN,NaN,77991,-58421,19570,45352,-59186,-13834,12760,-18496,-5736,NaN,NaN,NaN,NaN,162959,77991,-58421,19570,45352,-59186,-13834,12760,-18496,-5736
2014-02-20T23:00:00Z,3.28,3.2945,3.27,3.287,NaN,NaN,NaN,NaN,NaN,NaN,NaN,NaN,77991,-58421,19570,45352,-59186,-13834,12760,-18496,-5736,NaN,NaN,NaN,NaN,162959,77991,-58421,19570,45352,-59186,-13834,12760,-18496,-5736
2014-02-23T23:00:00Z,3.2875,3.289,3.226,3.26,NaN,NaN,NaN,NaN,NaN,NaN,NaN,NaN,77991,-58421,19570,45352,-59186,-13834,12760,-18496,-5736,NaN,NaN,NaN,NaN,162959,77991,-58421,19570,45352,-59186,-13834,12760,-18496,-5736
2014-02-24T23:00:00Z,3.261,3.2855,3.2345,3.253,NaN,NaN,NaN,NaN,NaN,NaN,NaN,NaN,69425,-53405,16020,45032,-53111,-8079,12633,-20574,-7941,NaN,NaN,NaN,NaN,146265,69425,-53405,16020,45032,-53111,-8079,12633,-20574,-7941
2014-02-25T23:00:00Z,3.2505,3.2755,3.221,3.2325,NaN,NaN,NaN,NaN,NaN,NaN,NaN,NaN,69425,-53405,16020,45032,-53111,-8079,12633,-20574,-7941,NaN,NaN,NaN,NaN,146265,69425,-53405,16020,45032,-53111,-8079,12633,-20574,-7941
2014-02-26T23:00:00Z,3.1965,3.2135,3.1835,3.204,NaN,NaN,NaN,NaN,NaN,NaN,NaN,NaN,69425,-53405,16020,45032,-53111,-8079,12633,-20574,-7941,NaN,NaN,NaN,NaN,146265,69425,-53405,16020,45032,-53111,-8079,12633,-20574,-7941
2014-02-27T23:00:00Z,3.2045,3.212,3.178,3.1905,NaN,NaN,NaN,NaN,NaN,NaN,NaN,NaN,69425,-53405,16020,45032,-53111,-8079,12633,-20574,-7941,NaN,NaN,NaN,NaN,146265,69425,-53405,16020,45032,-53111,-8079,12633,-20574,-7941
2014-03-02T23:00:00Z,3.1895,3.1975,3.1565,3.1755,NaN,NaN,NaN,NaN,NaN,NaN,NaN,NaN,69425,-53405,16020,45032,-53111,-8079,12633,-20574,-7941,NaN,NaN,NaN,NaN,146265,69425,-53405,16020,45032,-53111,-8079,12633,-20574,-7941
2014-03-03T23:00:00Z,3.1725,3.222,3.166,3.211,NaN,NaN,NaN,NaN,NaN,NaN,NaN,NaN,70567,-51317,19250,45709,-58950,-13241,12625,-18634,-6009,NaN,NaN,NaN,NaN,145295,70567,-51317,19250,45709,-58950,-13241,12625,-18634,-6009
2014-03-04T23:00:00Z,3.211,3.2355,3.201,3.2035,NaN,NaN,NaN,NaN,NaN,NaN,NaN,NaN,70567,-51317,19250,45709,-58950,-13241,12625,-18634,-6009,NaN,NaN,NaN,NaN,145295,70567,-51317,19250,45709,-58950,-13241,12625,-18634,-6009
2014-03-05T23:00:00Z,3.2015,3.219,3.194,3.219,NaN,NaN,NaN,NaN,NaN,NaN,NaN,NaN,70567,-51317,19250,45709,-58950,-13241,12625,-18634,-6009,NaN,NaN,NaN,NaN,145295,70567,-51317,19250,45709,-58950,-13241,12625,-18634,-6009
2014-03-06T23:00:00Z,3.217,3.22,3.077,3.0845,NaN,NaN,NaN,NaN,NaN,NaN,NaN,NaN,70567,-51317,19250,45709,-58950,-13241,12625,-18634,-6009,NaN,NaN,NaN,NaN,145295,70567,-51317,19250,45709,-58950,-13241,12625,-18634,-6009
2014-03-09T22:00:00Z,3.0775,3.0775,2.9955,3.0425,NaN,NaN,NaN,NaN,NaN,NaN,NaN,NaN,70567,-51317,19250,45709,-58950,-13241,12625,-18634,-6009,NaN,NaN,NaN,NaN,145295,70567,-51317,19250,45709,-58950,-13241,12625,-18634,-6009
2014-03-10T22:00:00Z,3.042,3.057,2.942,2.95,NaN,NaN,NaN,NaN,NaN,NaN,NaN,NaN,77436,-47326,30110,47674,-69234,-21560,15511,-24061,-8550,NaN,NaN,NaN,NaN,155791,77436,-47326,30110,47674,-69234,-21560,15511,-24061,-8550
2014-03-11T22:00:00Z,2.95,2.9815,2.908,2.954,NaN,NaN,NaN,NaN,NaN,NaN,NaN,NaN,77436,-47326,30110,47674,-69234,-21560,15511,-24061,-8550,NaN,NaN,NaN,NaN,155791,77436,-47326,30110,47674,-69234,-21560,15511,-24061,-8550
2014-03-12T22:00:00Z,2.956,2.977,2.9145,2.92,NaN,NaN,NaN,NaN,NaN,NaN,NaN,NaN,77436,-47326,30110,47674,-69234,-21560,15511,-24061,-8550,NaN,NaN,NaN,NaN,155791,77436,-47326,30110,47674,-69234,-21560,15511,-24061,-8550
2014-03-13T22:00:00Z,2.916,2.9625,2.912,2.94,NaN,NaN,NaN,NaN,NaN,NaN,NaN,NaN,77436,-47326,30110,47674,-69234,-21560,15511,-24061,-8550,NaN,NaN,NaN,NaN,155791,77436,-47326,30110,47674,-69234,-21560,15511,-24061,-8550
2014-03-16T22:00:00Z,2.9445,2.986,2.9215,2.9495,NaN,NaN,NaN,NaN,NaN,NaN,NaN,NaN,77436,-47326,30110,47674,-69234,-21560,15511,-24061,-8550,NaN,NaN,NaN,NaN,155791,77436,-47326,30110,47674,-69234,-21560,15511,-24061,-8550
2014-03-17T22:00:00Z,2.95,2.9925,2.939,2.9495,NaN,NaN,NaN,NaN,NaN,NaN,NaN,NaN,79853,-44523,35330,49027,-77353,-28326,15564,-22568,-7004,NaN,NaN,NaN,NaN,159542,79853,-44523,35330,49027,-77353,-28326,15564,-22568,-7004
2014-03-18T22:00:00Z,2.951,2.998,2.877,2.983,NaN,NaN,NaN,NaN,NaN,NaN,NaN,NaN,79853,-44523,35330,49027,-77353,-28326,15564,-22568,-7004,NaN,NaN,NaN,NaN,159542,79853,-44523,35330,49027,-77353,-28326,15564,-22568,-7004
2014-03-19T22:00:00Z,2.9795,2.996,2.9135,2.9295,NaN,NaN,NaN,NaN,NaN,NaN,NaN,NaN,79853,-44523,35330,49027,-77353,-28326,15564,-22568,-7004,NaN,NaN,NaN,NaN,159542,79853,-44523,35330,49027,-77353,-28326,15564,-22568,-7004
2014-03-20T22:00:00Z,2.9315,2.98,2.917,2.949,NaN,NaN,NaN,NaN,NaN,NaN,NaN,NaN,79853,-44523,35330,49027,-77353,-28326,15564,-22568,-7004,NaN,NaN,NaN,NaN,159542,79853,-44523,35330,49027,-77353,-28326,15564,-22568,-7004
2014-03-23T22:00:00Z,2.947,2.969,2.921,2.9435,NaN,NaN,NaN,NaN,NaN,NaN,NaN,NaN,79853,-44523,35330,49027,-77353,-28326,15564,-22568,-7004,NaN,NaN,NaN,NaN,159542,79853,-44523,35330,49027,-77353,-28326,15564,-22568,-7004
2014-03-24T22:00:00Z,2.9435,3.019,2.9395,2.9915,NaN,NaN,NaN,NaN,NaN,NaN,NaN,NaN,79055,-42621,36434,45358,-78333,-32975,15726,-19185,-3459,NaN,NaN,NaN,NaN,154057,79055,-42621,36434,45358,-78333,-32975,15726,-19185,-3459
2014-03-25T22:00:00Z,2.9935,3.013,2.9595,2.9625,NaN,NaN,NaN,NaN,NaN,NaN,NaN,NaN,79055,-42621,36434,45358,-78333,-32975,15726,-19185,-3459,NaN,NaN,NaN,NaN,154057,79055,-42621,36434,45358,-78333,-32975,15726,-19185,-3459
2014-03-26T22:00:00Z,2.964,3.002,2.9625,2.9925,NaN,NaN,NaN,NaN,NaN,NaN,NaN,NaN,79055,-42621,36434,45358,-78333,-32975,15726,-19185,-3459,NaN,NaN,NaN,NaN,154057,79055,-42621,36434,45358,-78333,-32975,15726,-19185,-3459
2014-03-27T22:00:00Z,2.994,3.048,2.9905,3.04,NaN,NaN,NaN,NaN,NaN,NaN,NaN,NaN,79055,-42621,36434,45358,-78333,-32975,15726,-19185,-3459,NaN,NaN,NaN,NaN,154057,79055,-42621,36434,45358,-78333,-32975,15726,-19185,-3459
2014-03-30T22:00:00Z,3.047,3.05,3.02,3.024,NaN,NaN,NaN,NaN,NaN,NaN,NaN,NaN,79055,-42621,36434,45358,-78333,-32975,15726,-19185,-3459,NaN,NaN,NaN,NaN,154057,79055,-42621,36434,45358,-78333,-32975,15726,-19185,-3459
2014-03-31T22:00:00Z,3.0285,3.043,3.017,3.0385,NaN,NaN,NaN,NaN,NaN,NaN,NaN,NaN,76981,-44511,32470,45433,-71228,-25795,14148,-20823,-6675,NaN,NaN,NaN,NaN,153098,76981,-44511,32470,45433,-71228,-25795,14148,-20823,-6675
2014-04-01T22:00:00Z,3.037,3.074,3.0345,3.036,NaN,NaN,NaN,NaN,NaN,NaN,NaN,NaN,76981,-44511,32470,45433,-71228,-25795,14148,-20823,-6675,NaN,NaN,NaN,NaN,153098,76981,-44511,32470,45433,-71228,-25795,14148,-20823,-6675
2014-04-02T22:00:00Z,3.0375,3.039,3.008,3.0325,NaN,NaN,NaN,NaN,NaN,NaN,NaN,NaN,76981,-44511,32470,45433,-71228,-25795,14148,-20823,-6675,NaN,NaN,NaN,NaN,153098,76981,-44511,32470,45433,-71228,-25795,14148,-20823,-6675
2014-04-03T22:00:00Z,3.032,3.061,3.0125,3.026,NaN,NaN,NaN,NaN,NaN,NaN,NaN,NaN,76981,-44511,32470,45433,-71228,-25795,14148,-20823,-6675,NaN,NaN,NaN,NaN,153098,76981,-44511,32470,45433,-71228,-25795,14148,-20823,-6675
2014-04-06T22:00:00Z,3.0255,3.055,2.9765,3.042,NaN,NaN,NaN,NaN,NaN,NaN,NaN,NaN,76981,-44511,32470,45433,-71228,-25795,14148,-20823,-6675,NaN,NaN,NaN,NaN,153098,76981,-44511,32470,45433,-71228,-25795,14148,-20823,-6675
2014-04-07T22:00:00Z,3.0415,3.0625,3.0265,3.057,NaN,NaN,NaN,NaN,NaN,NaN,NaN,NaN,76360,-51429,24931,45495,-63996,-18501,14540,-20970,-6430,NaN,NaN,NaN,NaN,153322,76360,-51429,24931,45495,-63996,-18501,14540,-20970,-6430
2014-04-08T22:00:00Z,3.054,3.0575,3.007,3.0425,NaN,NaN,NaN,NaN,NaN,NaN,NaN,NaN,76360,-51429,24931,45495,-63996,-18501,14540,-20970,-6430,NaN,NaN,NaN,NaN,153322,76360,-51429,24931,45495,-63996,-18501,14540,-20970,-6430
2014-04-09T22:00:00Z,3.042,3.05,3.0215,3.039,NaN,NaN,NaN,NaN,NaN,NaN,NaN,NaN,76360,-51429,24931,45495,-63996,-18501,14540,-20970,-6430,NaN,NaN,NaN,NaN,153322,76360,-51429,24931,45495,-63996,-18501,14540,-20970,-6430
2014-04-10T22:00:00Z,3.0385,3.08,3.026,3.042,NaN,NaN,NaN,NaN,NaN,NaN,NaN,NaN,76360,-51429,24931,45495,-63996,-18501,14540,-20970,-6430,NaN,NaN,NaN,NaN,153322,76360,-51429,24931,45495,-63996,-18501,14540,-20970,-6430
2014-04-13T22:00:00Z,3.041,3.0615,3.03,3.031,NaN,NaN,NaN,NaN,NaN,NaN,NaN,NaN,76360,-51429,24931,45495,-63996,-18501,14540,-20970,-6430,NaN,NaN,NaN,NaN,153322,76360,-51429,24931,45495,-63996,-18501,14540,-20970,-6430
2014-04-14T22:00:00Z,3.0315,3.047,2.9655,2.994,NaN,NaN,NaN,NaN,NaN,NaN,NaN,NaN,85856,-58519,27337,43429,-64895,-21466,15713,-21584,-5871,NaN,NaN,NaN,NaN,164022,85856,-58519,27337,43429,-64895,-21466,15713,-21584,-5871
2014-04-15T22:00:00Z,2.993,3.062,2.9815,3.0245,NaN,NaN,NaN,NaN,NaN,NaN,NaN,NaN,85856,-58519,27337,43429,-64895,-21466,15713,-21584,-5871,NaN,NaN,NaN,NaN,164022,85856,-58519,27337,43429,-64895,-21466,15713,-21584,-5871
2014-04-16T22:00:00Z,3.0285,3.0545,3.0225,3.049,NaN,NaN,NaN,NaN,NaN,NaN,NaN,NaN,85856,-58519,27337,43429,-64895,-21466,15713,-21584,-5871,NaN,NaN,NaN,NaN,164022,85856,-58519,27337,43429,-64895,-21466,15713,-21584,-5871
2014-04-20T22:00:00Z,3.039,3.055,3.0315,3.048,NaN,NaN,NaN,NaN,NaN,NaN,NaN,NaN,85856,-58519,27337,43429,-64895,-21466,15713,-21584,-5871,NaN,NaN,NaN,NaN,164022,85856,-58519,27337,43429,-64895,-21466,15713,-21584,-5871
2014-04-21T22:00:00Z,3.047,3.0615,3.0255,3.056,NaN,NaN,NaN,NaN,NaN,NaN,NaN,NaN,80932,-54842,26090,40925,-60842,-19917,14893,-21066,-6173,NaN,NaN,NaN,NaN,152890,80932,-54842,26090,40925,-60842,-19917,14893,-21066,-6173
2014-04-22T22:00:00Z,3.0545,3.065,3.032,3.0555,NaN,NaN,NaN,NaN,NaN,NaN,NaN,NaN,80932,-54842,26090,40925,-60842,-19917,14893,-21066,-6173,NaN,NaN,NaN,NaN,152890,80932,-54842,26090,40925,-60842,-19917,14893,-21066,-6173
2014-04-23T22:00:00Z,3.0575,3.127,3.055,3.1155,NaN,NaN,NaN,NaN,NaN,NaN,NaN,NaN,80932,-54842,26090,40925,-60842,-19917,14893,-21066,-6173,NaN,NaN,NaN,NaN,152890,80932,-54842,26090,40925,-60842,-19917,14893,-21066,-6173
2014-04-24T22:00:00Z,3.1155,3.129,3.103,3.121,NaN,NaN,NaN,NaN,NaN,NaN,NaN,NaN,80932,-54842,26090,40925,-60842,-19917,14893,-21066,-6173,NaN,NaN,NaN,NaN,152890,80932,-54842,26090,40925,-60842,-19917,14893,-21066,-6173
2014-04-27T22:00:00Z,3.1245,3.139,3.096,3.1075,NaN,NaN,NaN,NaN,NaN,NaN,NaN,NaN,80932,-54842,26090,40925,-60842,-19917,14893,-21066,-6173,NaN,NaN,NaN,NaN,152890,80932,-54842,26090,40925,-60842,-19917,14893,-21066,-6173
2014-04-28T22:00:00Z,3.0935,3.0985,3.0665,3.0745,NaN,NaN,NaN,NaN,NaN,NaN,NaN,NaN,72133,-51832,20301,42322,-56203,-13881,12721,-19141,-6420,NaN,NaN,NaN,NaN,138987,72133,-51832,20301,42322,-56203,-13881,12721,-19141,-6420
2014-04-29T22:00:00Z,3.074,3.0795,3.015,3.0155,NaN,NaN,NaN,NaN,NaN,NaN,NaN,NaN,72133,-51832,20301,42322,-56203,-13881,12721,-19141,-6420,NaN,NaN,NaN,NaN,138987,72133,-51832,20301,42322,-56203,-13881,12721,-19141,-6420
2014-04-30T22:00:00Z,3.0175,3.034,3.003,3.026,NaN,NaN,NaN,NaN,NaN,NaN,NaN,NaN,72133,-51832,20301,42322,-56203,-13881,12721,-19141,-6420,NaN,NaN,NaN,NaN,138987,72133,-51832,20301,42322,-56203,-13881,12721,-19141,-6420
2014-05-01T22:00:00Z,3.026,3.0785,3.0135,3.065,NaN,NaN,NaN,NaN,NaN,NaN,NaN,NaN,72133,-51832,20301,42322,-56203,-13881,12721,-19141,-6420,NaN,NaN,NaN,NaN,138987,72133,-51832,20301,42322,-56203,-13881,12721,-19141,-6420
2014-05-04T22:00:00Z,3.073,3.082,3.0485,3.0505,NaN,NaN,NaN,NaN,NaN,NaN,NaN,NaN,72133,-51832,20301,42322,-56203,-13881,12721,-19141,-6420,NaN,NaN,NaN,NaN,138987,72133,-51832,20301,42322,-56203,-13881,12721,-19141,-6420
2014-05-05T22:00:00Z,3.053,3.066,3.0475,3.056,NaN,NaN,NaN,NaN,NaN,NaN,NaN,NaN,74484,-51816,22668,40898,-58351,-17453,12792,-18007,-5215,NaN,NaN,NaN,NaN,142069,74484,-51816,22668,40898,-58351,-17453,12792,-18007,-5215
2014-05-06T22:00:00Z,3.056,3.062,3.0155,3.0365,NaN,NaN,NaN,NaN,NaN,NaN,NaN,NaN,74484,-51816,22668,40898,-58351,-17453,12792,-18007,-5215,NaN,NaN,NaN,NaN,142069,74484,-51816,22668,40898,-58351,-17453,12792,-18007,-5215
2014-05-07T22:00:00Z,3.037,3.0695,3.0275,3.059,NaN,NaN,NaN,NaN,NaN,NaN,NaN,NaN,74484,-51816,22668,40898,-58351,-17453,12792,-18007,-5215,NaN,NaN,NaN,NaN,142069,74484,-51816,22668,40898,-58351,-17453,12792,-18007,-5215
2014-05-08T22:00:00Z,3.0595,3.089,3.0525,3.087,NaN,NaN,NaN,NaN,NaN,NaN,NaN,NaN,74484,-51816,22668,40898,-58351,-17453,12792,-18007,-5215,NaN,NaN,NaN,NaN,142069,74484,-51816,22668,40898,-58351,-17453,12792,-18007,-5215
2014-05-11T22:00:00Z,3.085,3.1555,3.084,3.142,NaN,NaN,NaN,NaN,NaN,NaN,NaN,NaN,74484,-51816,22668,40898,-58351,-17453,12792,-18007,-5215,NaN,NaN,NaN,NaN,142069,74484,-51816,22668,40898,-58351,-17453,12792,-18007,-5215
2014-05-12T22:00:00Z,3.1425,3.154,3.122,3.136,NaN,NaN,NaN,NaN,NaN,NaN,NaN,NaN,72247,-57482,14765,48908,-58971,-10063,13360,-18062,-4702,NaN,NaN,NaN,NaN,151610,72247,-57482,14765,48908,-58971,-10063,13360,-18062,-4702
2014-05-13T22:00:00Z,3.136,3.178,3.1225,3.1535,NaN,NaN,NaN,NaN,NaN,NaN,NaN,NaN,72247,-57482,14765,48908,-58971,-10063,13360,-18062,-4702,NaN,NaN,NaN,NaN,151610,72247,-57482,14765,48908,-58971,-10063,13360,-18062,-4702
2014-05-14T22:00:00Z,3.153,3.171,3.141,3.143,NaN,NaN,NaN,NaN,NaN,NaN,NaN,NaN,72247,-57482,14765,48908,-58971,-10063,13360,-18062,-4702,NaN,NaN,NaN,NaN,151610,72247,-57482,14765,48908,-58971,-10063,13360,-18062,-4702
2014-05-15T22:00:00Z,3.1445,3.1595,3.1275,3.1465,NaN,NaN,NaN,NaN,NaN,NaN,NaN,NaN,72247,-57482,14765,48908,-58971,-10063,13360,-18062,-4702,NaN,NaN,NaN,NaN,151610,72247,-57482,14765,48908,-58971,-10063,13360,-18062,-4702
2014-05-18T22:00:00Z,3.1445,3.184,3.1405,3.162,NaN,NaN,NaN,NaN,NaN,NaN,NaN,NaN,72247,-57482,14765,48908,-58971,-10063,13360,-18062,-4702,NaN,NaN,NaN,NaN,151610,72247,-57482,14765,48908,-58971,-10063,13360,-18062,-4702
2014-05-19T22:00:00Z,3.162,3.1775,3.123,3.1455,NaN,NaN,NaN,NaN,NaN,NaN,NaN,NaN,71468,-60812,10656,50971,-56564,-5593,13324,-18387,-5063,NaN,NaN,NaN,NaN,150346,71468,-60812,10656,50971,-56564,-5593,13324,-18387,-5063
2014-05-20T22:00:00Z,3.1435,3.148,3.0985,3.128,NaN,NaN,NaN,NaN,NaN,NaN,NaN,NaN,71468,-60812,10656,50971,-56564,-5593,13324,-18387,-5063,NaN,NaN,NaN,NaN,150346,71468,-60812,10656,50971,-56564,-5593,13324,-18387,-5063
2014-05-21T22:00:00Z,3.128,3.155,3.1205,3.138,NaN,NaN,NaN,NaN,NaN,NaN,NaN,NaN,71468,-60812,10656,50971,-56564,-5593,13324,-18387,-5063,NaN,NaN,NaN,NaN,150346,71468,-60812,10656,50971,-56564,-5593,13324,-18387,-5063
2014-05-22T22:00:00Z,3.137,3.1755,3.136,3.1675,NaN,NaN,NaN,NaN,NaN,NaN,NaN,NaN,71468,-60812,10656,50971,-56564,-5593,13324,-18387,-5063,NaN,NaN,NaN,NaN,150346,71468,-60812,10656,50971,-56564,-5593,13324,-18387,-5063
2014-05-25T22:00:00Z,3.1655,3.1925,3.164,3.1715,NaN,NaN,NaN,NaN,NaN,NaN,NaN,NaN,73429,-61135,12294,52012,-56390,-4378,13552,-21468,-7916,NaN,NaN,NaN,NaN,153499,73429,-61135,12294,52012,-56390,-4378,13552,-21468,-7916
2014-05-27T22:00:00Z,3.171,3.1905,3.1605,3.1725,NaN,NaN,NaN,NaN,NaN,NaN,NaN,NaN,73429,-61135,12294,52012,-56390,-4378,13552,-21468,-7916,NaN,NaN,NaN,NaN,153499,73429,-61135,12294,52012,-56390,-4378,13552,-21468,-7916
2014-05-28T22:00:00Z,3.17,3.1765,3.137,3.146,NaN,NaN,NaN,NaN,NaN,NaN,NaN,NaN,73429,-61135,12294,52012,-56390,-4378,13552,-21468,-7916,NaN,NaN,NaN,NaN,153499,73429,-61135,12294,52012,-56390,-4378,13552,-21468,-7916
2014-05-29T22:00:00Z,3.145,3.16,3.1205,3.1365,NaN,NaN,NaN,NaN,NaN,NaN,NaN,NaN,73429,-61135,12294,52012,-56390,-4378,13552,-21468,-7916,NaN,NaN,NaN,NaN,153499,73429,-61135,12294,52012,-56390,-4378,13552,-21468,-7916
2014-06-01T22:00:00Z,3.132,3.173,3.132,3.168,NaN,NaN,NaN,NaN,NaN,NaN,NaN,NaN,73429,-61135,12294,52012,-56390,-4378,13552,-21468,-7916,NaN,NaN,NaN,NaN,153499,73429,-61135,12294,52012,-56390,-4378,13552,-21468,-7916
2014-06-02T22:00:00Z,3.1675,3.169,3.1275,3.14,NaN,NaN,NaN,NaN,NaN,NaN,NaN,NaN,75596,-60861,14735,47335,-57075,-9740,13169,-18164,-4995,NaN,NaN,NaN,NaN,151783,75596,-60861,14735,47335,-57075,-9740,13169,-18164,-4995
2014-06-03T22:00:00Z,3.1395,3.1425,3.0845,3.093,NaN,NaN,NaN,NaN,NaN,NaN,NaN,NaN,75596,-60861,14735,47335,-57075,-9740,13169,-18164,-4995,NaN,NaN,NaN,NaN,151783,75596,-60861,14735,47335,-57075,-9740,13169,-18164,-4995
2014-06-04T22:00:00Z,3.093,3.1075,3.077,3.09,NaN,NaN,NaN,NaN,NaN,NaN,NaN,NaN,75596,-60861,14735,47335,-57075,-9740,13169,-18164,-4995,NaN,NaN,NaN,NaN,151783,75596,-60861,14735,47335,-57075,-9740,13169,-18164,-4995
2014-06-05T22:00:00Z,3.0925,3.094,3.026,3.0585,NaN,NaN,NaN,NaN,NaN,NaN,NaN,NaN,75596,-60861,14735,47335,-57075,-9740,13169,-18164,-4995,NaN,NaN,NaN,NaN,151783,75596,-60861,14735,47335,-57075,-9740,13169,-18164,-4995
2014-06-08T22:00:00Z,3.058,3.0595,3.0185,3.0515,NaN,NaN,NaN,NaN,NaN,NaN,NaN,NaN,75596,-60861,14735,47335,-57075,-9740,13169,-18164,-4995,NaN,NaN,NaN,NaN,151783,75596,-60861,14735,47335,-57075,-9740,13169,-18164,-4995
2014-06-09T22:00:00Z,3.051,3.06,3.0215,3.056,NaN,NaN,NaN,NaN,NaN,NaN,NaN,NaN,77138,-57193,19945,40089,-55418,-15329,15782,-20398,-4616,NaN,NaN,NaN,NaN,147453,77138,-57193,19945,40089,-55418,-15329,15782,-20398,-4616
2014-06-10T22:00:00Z,3.0555,3.07,3.031,3.0365,NaN,NaN,NaN,NaN,NaN,NaN,NaN,NaN,77138,-57193,19945,40089,-55418,-15329,15782,-20398,-4616,NaN,NaN,NaN,NaN,147453,77138,-57193,19945,40089,-55418,-15329,15782,-20398,-4616
2014-06-11T22:00:00Z,3.0365,3.0475,3.0085,3.014,NaN,NaN,NaN,NaN,NaN,NaN,NaN,NaN,77138,-57193,19945,40089,-55418,-15329,15782,-20398,-4616,NaN,NaN,NaN,NaN,147453,77138,-57193,19945,40089,-55418,-15329,15782,-20398,-4616
2014-06-12T22:00:00Z,3.015,3.043,3.014,3.0265,NaN,NaN,NaN,NaN,NaN,NaN,NaN,NaN,77138,-57193,19945,40089,-55418,-15329,15782,-20398,-4616,NaN,NaN,NaN,NaN,147453,77138,-57193,19945,40089,-55418,-15329,15782,-20398,-4616
2014-06-15T22:00:00Z,3.0255,3.06,3.022,3.048,NaN,NaN,NaN,NaN,NaN,NaN,NaN,NaN,77138,-57193,19945,40089,-55418,-15329,15782,-20398,-4616,NaN,NaN,NaN,NaN,147453,77138,-57193,19945,40089,-55418,-15329,15782,-20398,-4616
2014-06-16T22:00:00Z,3.048,3.0665,3.0415,3.0625,NaN,NaN,NaN,NaN,NaN,NaN,NaN,NaN,80925,-57657,23268,38162,-56201,-18039,14219,-19448,-5229,NaN,NaN,NaN,NaN,151523,80925,-57657,23268,38162,-56201,-18039,14219,-19448,-5229
2014-06-17T22:00:00Z,3.0615,3.0755,3.05,3.0665,NaN,NaN,NaN,NaN,NaN,NaN,NaN,NaN,80925,-57657,23268,38162,-56201,-18039,14219,-19448,-5229,NaN,NaN,NaN,NaN,151523,80925,-57657,23268,38162,-56201,-18039,14219,-19448,-5229
2014-06-18T22:00:00Z,3.066,3.0795,3.0435,3.074,NaN,NaN,NaN,NaN,NaN,NaN,NaN,NaN,80925,-57657,23268,38162,-56201,-18039,14219,-19448,-5229,NaN,NaN,NaN,NaN,151523,80925,-57657,23268,38162,-56201,-18039,14219,-19448,-5229
2014-06-19T22:00:00Z,3.075,3.1285,3.0715,3.116,NaN,NaN,NaN,NaN,NaN,NaN,NaN,NaN,80925,-57657,23268,38162,-56201,-18039,14219,-19448,-5229,NaN,NaN,NaN,NaN,151523,80925,-57657,23268,38162,-56201,-18039,14219,-19448,-5229
2014-06-22T22:00:00Z,3.1175,3.1635,3.117,3.155,NaN,NaN,NaN,NaN,NaN,NaN,NaN,NaN,80925,-57657,23268,38162,-56201,-18039,14219,-19448,-5229,NaN,NaN,NaN,NaN,151523,80925,-57657,23268,38162,-56201,-18039,14219,-19448,-5229
2014-06-23T22:00:00Z,3.156,3.159,3.1325,3.146,NaN,NaN,NaN,NaN,NaN,NaN,NaN,NaN,74432,-61850,12582,41981,-49814,-7833,14385,-19134,-4749,NaN,NaN,NaN,NaN,142413,74432,-61850,12582,41981,-49814,-7833,14385,-19134,-4749
2014-06-24T22:00:00Z,3.147,3.1695,3.123,3.166,NaN,NaN,NaN,NaN,NaN,NaN,NaN,NaN,74432,-61850,12582,41981,-49814,-7833,14385,-19134,-4749,NaN,NaN,NaN,NaN,142413,74432,-61850,12582,41981,-49814,-7833,14385,-19134,-4749
2014-06-25T22:00:00Z,3.1675,3.177,3.148,3.1675,NaN,NaN,NaN,NaN,NaN,NaN,NaN,NaN,74432,-61850,12582,41981,-49814,-7833,14385,-19134,-4749,NaN,NaN,NaN,NaN,142413,74432,-61850,12582,41981,-49814,-7833,14385,-19134,-4749
2014-06-26T22:00:00Z,3.172,3.1895,3.162,3.1625,NaN,NaN,NaN,NaN,NaN,NaN,NaN,NaN,74432,-61850,12582,41981,-49814,-7833,14385,-19134,-4749,NaN,NaN,NaN,NaN,142413,74432,-61850,12582,41981,-49814,-7833,14385,-19134,-4749
2014-06-29T22:00:00Z,3.165,3.2105,3.162,3.202,NaN,NaN,NaN,NaN,NaN,NaN,NaN,NaN,74432,-61850,12582,41981,-49814,-7833,14385,-19134,-4749,NaN,NaN,NaN,NaN,142413,74432,-61850,12582,41981,-49814,-7833,14385,-19134,-4749
2014-06-30T22:00:00Z,3.203,3.2135,3.194,3.203,NaN,NaN,NaN,NaN,NaN,NaN,NaN,NaN,71634,-66841,4793,52365,-54129,-1764,13780,-16809,-3029,NaN,NaN,NaN,NaN,146243,71634,-66841,4793,52365,-54129,-1764,13780,-16809,-3029
2014-07-01T22:00:00Z,3.204,3.2665,3.183,3.259,NaN,NaN,NaN,NaN,NaN,NaN,NaN,NaN,71634,-66841,4793,52365,-54129,-1764,13780,-16809,-3029,NaN,NaN,NaN,NaN,146243,71634,-66841,4793,52365,-54129,-1764,13780,-16809,-3029
2014-07-02T22:00:00Z,3.259,3.282,3.2465,3.2745,NaN,NaN,NaN,NaN,NaN,NaN,NaN,NaN,71634,-66841,4793,52365,-54129,-1764,13780,-16809,-3029,NaN,NaN,NaN,NaN,146243,71634,-66841,4793,52365,-54129,-1764,13780,-16809,-3029
2014-07-03T22:00:00Z,3.274,3.2745,3.237,3.2595,NaN,NaN,NaN,NaN,NaN,NaN,NaN,NaN,71634,-66841,4793,52365,-54129,-1764,13780,-16809,-3029,NaN,NaN,NaN,NaN,146243,71634,-66841,4793,52365,-54129,-1764,13780,-16809,-3029
2014-07-07T22:00:00Z,3.2585,3.294,3.2485,3.261,NaN,NaN,NaN,NaN,NaN,NaN,NaN,NaN,71522,-75439,-3917,65579,-58447,7132,13709,-16924,-3215,NaN,NaN,NaN,NaN,161048,71522,-75439,-3917,65579,-58447,7132,13709,-16924,-3215
2014-07-08T22:00:00Z,3.2615,3.2755,3.246,3.254,NaN,NaN,NaN,NaN,NaN,NaN,NaN,NaN,71522,-75439,-3917,65579,-58447,7132,13709,-16924,-3215,NaN,NaN,NaN,NaN,161048,71522,-75439,-3917,65579,-58447,7132,13709,-16924,-3215
2014-07-09T22:00:00Z,3.2535,3.2765,3.233,3.2715,NaN,NaN,NaN,NaN,NaN,NaN,NaN,NaN,71522,-75439,-3917,65579,-58447,7132,13709,-16924,-3215,NaN,NaN,NaN,NaN,161048,71522,-75439,-3917,65579,-58447,7132,13709,-16924,-3215
2014-07-10T22:00:00Z,3.271,3.2745,3.2465,3.2725,NaN,NaN,NaN,NaN,NaN,NaN,NaN,NaN,71522,-75439,-3917,65579,-58447,7132,13709,-16924,-3215,NaN,NaN,NaN,NaN,161048,71522,-75439,-3917,65579,-58447,7132,13709,-16924,-3215
2014-07-13T22:00:00Z,3.2705,3.2945,3.2435,3.252,NaN,NaN,NaN,NaN,NaN,NaN,NaN,NaN,71522,-75439,-3917,65579,-58447,7132,13709,-16924,-3215,NaN,NaN,NaN,NaN,161048,71522,-75439,-3917,65579,-58447,7132,13709,-16924,-3215
2014-07-14T22:00:00Z,3.2535,3.261,3.2235,3.2485,NaN,NaN,NaN,NaN,NaN,NaN,NaN,NaN,73432,-85022,-11590,76533,-61906,14627,14242,-17279,-3037,NaN,NaN,NaN,NaN,179412,73432,-85022,-11590,76533,-61906,14627,14242,-17279,-3037
2014-07-15T22:00:00Z,3.247,3.256,3.2095,3.2155,NaN,NaN,NaN,NaN,NaN,NaN,NaN,NaN,73432,-85022,-11590,76533,-61906,14627,14242,-17279,-3037,NaN,NaN,NaN,NaN,179412,73432,-85022,-11590,76533,-61906,14627,14242,-17279,-3037
2014-07-16T22:00:00Z,3.216,3.226,3.202,3.2175,NaN,NaN,NaN,NaN,NaN,NaN,NaN,NaN,73432,-85022,-11590,76533,-61906,14627,14242,-17279,-3037,NaN,NaN,NaN,NaN,179412,73432,-85022,-11590,76533,-61906,14627,14242,-17279,-3037
2014-07-17T22:00:00Z,3.2165,3.219,3.1675,3.19,NaN,NaN,NaN,NaN,NaN,NaN,NaN,NaN,73432,-85022,-11590,76533,-61906,14627,14242,-17279,-3037,NaN,NaN,NaN,NaN,179412,73432,-85022,-11590,76533,-61906,14627,14242,-17279,-3037
2014-07-20T22:00:00Z,3.1875,3.204,3.1735,3.1985,NaN,NaN,NaN,NaN,NaN,NaN,NaN,NaN,73432,-85022,-11590,76533,-61906,14627,14242,-17279,-3037,NaN,NaN,NaN,NaN,179412,73432,-85022,-11590,76533,-61906,14627,14242,-17279,-3037
2014-07-21T22:00:00Z,3.198,3.236,3.196,3.204,NaN,NaN,NaN,NaN,NaN,NaN,NaN,NaN,75052,-81909,-6857,70091,-61289,8802,14696,-16641,-1945,NaN,NaN,NaN,NaN,180479,75052,-81909,-6857,70091,-61289,8802,14696,-16641,-1945
2014-07-22T22:00:00Z,3.2055,3.218,3.192,3.2055,NaN,NaN,NaN,NaN,NaN,NaN,NaN,NaN,75052,-81909,-6857,70091,-61289,8802,14696,-16641,-1945,NaN,NaN,NaN,NaN,180479,75052,-81909,-6857,70091,-61289,8802,14696,-16641,-1945
2014-07-23T22:00:00Z,3.206,3.269,3.202,3.262,NaN,NaN,NaN,NaN,NaN,NaN,NaN,NaN,75052,-81909,-6857,70091,-61289,8802,14696,-16641,-1945,NaN,NaN,NaN,NaN,180479,75052,-81909,-6857,70091,-61289,8802,14696,-16641,-1945
2014-07-24T22:00:00Z,3.2645,3.279,3.238,3.248,NaN,NaN,NaN,NaN,NaN,NaN,NaN,NaN,75052,-81909,-6857,70091,-61289,8802,14696,-16641,-1945,NaN,NaN,NaN,NaN,180479,75052,-81909,-6857,70091,-61289,8802,14696,-16641,-1945
2014-07-27T22:00:00Z,3.247,3.252,3.226,3.243,NaN,NaN,NaN,NaN,NaN,NaN,NaN,NaN,75052,-81909,-6857,70091,-61289,8802,14696,-16641,-1945,NaN,NaN,NaN,NaN,180479,75052,-81909,-6857,70091,-61289,8802,14696,-16641,-1945
2014-07-28T22:00:00Z,3.2445,3.2545,3.2145,3.2215,NaN,NaN,NaN,NaN,NaN,NaN,NaN,NaN,74519,-77068,-2549,63838,-59519,4319,14647,-16417,-1770,NaN,NaN,NaN,NaN,175017,74519,-77068,-2549,63838,-59519,4319,14647,-16417,-1770
2014-07-29T22:00:00Z,3.22,3.2625,3.205,3.2415,NaN,NaN,NaN,NaN,NaN,NaN,NaN,NaN,74519,-77068,-2549,63838,-59519,4319,14647,-16417,-1770,NaN,NaN,NaN,NaN,175017,74519,-77068,-2549,63838,-59519,4319,14647,-16417,-1770
2014-07-30T22:00:00Z,3.243,3.2575,3.225,3.2305,NaN,NaN,NaN,NaN,NaN,NaN,NaN,NaN,74519,-77068,-2549,63838,-59519,4319,14647,-16417,-1770,NaN,NaN,NaN,NaN,175017,74519,-77068,-2549,63838,-59519,4319,14647,-16417,-1770
2014-07-31T22:00:00Z,3.2305,3.2555,3.21,3.2165,NaN,NaN,NaN,NaN,NaN,NaN,NaN,NaN,74519,-77068,-2549,63838,-59519,4319,14647,-16417,-1770,NaN,NaN,NaN,NaN,175017,74519,-77068,-2549,63838,-59519,4319,14647,-16417,-1770
2014-08-03T22:00:00Z,3.214,3.253,3.1995,3.2475,NaN,NaN,NaN,NaN,NaN,NaN,NaN,NaN,74519,-77068,-2549,63838,-59519,4319,14647,-16417,-1770,NaN,NaN,NaN,NaN,175017,74519,-77068,-2549,63838,-59519,4319,14647,-16417,-1770
2014-08-04T22:00:00Z,3.247,3.2495,3.196,3.2025,NaN,NaN,NaN,NaN,NaN,NaN,NaN,NaN,75480,-80401,-4921,62107,-54601,7506,14576,-17161,-2585,NaN,NaN,NaN,NaN,171323,75480,-80401,-4921,62107,-54601,7506,14576,-17161,-2585
2014-08-05T22:00:00Z,3.202,3.207,3.157,3.166,NaN,NaN,NaN,NaN,NaN,NaN,NaN,NaN,75480,-80401,-4921,62107,-54601,7506,14576,-17161,-2585,NaN,NaN,NaN,NaN,171323,75480,-80401,-4921,62107,-54601,7506,14576,-17161,-2585
2014-08-06T22:00:00Z,3.1665,3.186,3.1575,3.172,NaN,NaN,NaN,NaN,NaN,NaN,NaN,NaN,75480,-80401,-4921,62107,-54601,7506,14576,-17161,-2585,NaN,NaN,NaN,NaN,171323,75480,-80401,-4921,62107,-54601,7506,14576,-17161,-2585
2014-08-07T22:00:00Z,3.1725,3.184,3.1605,3.1805,NaN,NaN,NaN,NaN,NaN,NaN,NaN,NaN,75480,-80401,-4921,62107,-54601,7506,14576,-17161,-2585,NaN,NaN,NaN,NaN,171323,75480,-80401,-4921,62107,-54601,7506,14576,-17161,-2585
2014-08-10T22:00:00Z,3.182,3.247,3.1705,3.1785,NaN,NaN,NaN,NaN,NaN,NaN,NaN,NaN,75480,-80401,-4921,62107,-54601,7506,14576,-17161,-2585,NaN,NaN,NaN,NaN,171323,75480,-80401,-4921,62107,-54601,7506,14576,-17161,-2585
2014-08-11T22:00:00Z,3.1755,3.189,3.145,3.1535,NaN,NaN,NaN,NaN,NaN,NaN,NaN,NaN,76654,-73411,3243,47168,-48601,-1433,16405,-18215,-1810,NaN,NaN,NaN,NaN,153657,76654,-73411,3243,47168,-48601,-1433,16405,-18215,-1810
2014-08-12T22:00:00Z,3.1515,3.1575,3.1095,3.1175,NaN,NaN,NaN,NaN,NaN,NaN,NaN,NaN,76654,-73411,3243,47168,-48601,-1433,16405,-18215,-1810,NaN,NaN,NaN,NaN,153657,76654,-73411,3243,47168,-48601,-1433,16405,-18215,-1810
2014-08-13T22:00:00Z,3.112,3.12,3.0825,3.0845,NaN,NaN,NaN,NaN,NaN,NaN,NaN,NaN,76654,-73411,3243,47168,-48601,-1433,16405,-18215,-1810,NaN,NaN,NaN,NaN,153657,76654,-73411,3243,47168,-48601,-1433,16405,-18215,-1810
2014-08-14T22:00:00Z,3.085,3.1095,3.0845,3.109,NaN,NaN,NaN,NaN,NaN,NaN,NaN,NaN,76654,-73411,3243,47168,-48601,-1433,16405,-18215,-1810,NaN,NaN,NaN,NaN,153657,76654,-73411,3243,47168,-48601,-1433,16405,-18215,-1810
2014-08-17T22:00:00Z,3.103,3.1265,3.094,3.113,NaN,NaN,NaN,NaN,NaN,NaN,NaN,NaN,76654,-73411,3243,47168,-48601,-1433,16405,-18215,-1810,NaN,NaN,NaN,NaN,153657,76654,-73411,3243,47168,-48601,-1433,16405,-18215,-1810
2014-08-18T22:00:00Z,3.111,3.122,3.086,3.087,NaN,NaN,NaN,NaN,NaN,NaN,NaN,NaN,78516,-69643,8873,44060,-50174,-6114,14046,-16805,-2759,NaN,NaN,NaN,NaN,152025,78516,-69643,8873,44060,-50174,-6114,14046,-16805,-2759
2014-08-19T22:00:00Z,3.0875,3.1785,3.084,3.1705,NaN,NaN,NaN,NaN,NaN,NaN,NaN,NaN,78516,-69643,8873,44060,-50174,-6114,14046,-16805,-2759,NaN,NaN,NaN,NaN,152025,78516,-69643,8873,44060,-50174,-6114,14046,-16805,-2759
2014-08-20T22:00:00Z,3.17,3.1845,3.1495,3.1755,NaN,NaN,NaN,NaN,NaN,NaN,NaN,NaN,78516,-69643,8873,44060,-50174,-6114,14046,-16805,-2759,NaN,NaN,NaN,NaN,152025,78516,-69643,8873,44060,-50174,-6114,14046,-16805,-2759
2014-08-21T22:00:00Z,3.174,3.211,3.1695,3.2045,NaN,NaN,NaN,NaN,NaN,NaN,NaN,NaN,78516,-69643,8873,44060,-50174,-6114,14046,-16805,-2759,NaN,NaN,NaN,NaN,152025,78516,-69643,8873,44060,-50174,-6114,14046,-16805,-2759
2014-08-24T22:00:00Z,3.2045,3.227,3.195,3.221,NaN,NaN,NaN,NaN,NaN,NaN,NaN,NaN,78516,-69643,8873,44060,-50174,-6114,14046,-16805,-2759,NaN,NaN,NaN,NaN,152025,78516,-69643,8873,44060,-50174,-6114,14046,-16805,-2759
2014-08-25T22:00:00Z,3.2185,3.2185,3.1795,3.186,NaN,NaN,NaN,NaN,NaN,NaN,NaN,NaN,74400,-71722,2678,46253,-46126,127,12658,-15463,-2805,NaN,NaN,NaN,NaN,146526,74400,-71722,2678,46253,-46126,127,12658,-15463,-2805
2014-08-26T22:00:00Z,3.1865,3.19,3.1635,3.171,NaN,NaN,NaN,NaN,NaN,NaN,NaN,NaN,74400,-71722,2678,46253,-46126,127,12658,-15463,-2805,NaN,NaN,NaN,NaN,146526,74400,-71722,2678,46253,-46126,127,12658,-15463,-2805
2014-08-27T22:00:00Z,3.193,3.208,3.1425,3.1545,NaN,NaN,NaN,NaN,NaN,NaN,NaN,NaN,74400,-71722,2678,46253,-46126,127,12658,-15463,-2805,NaN,NaN,NaN,NaN,146526,74400,-71722,2678,46253,-46126,127,12658,-15463,-2805
2014-08-28T22:00:00Z,3.155,3.1795,3.1455,3.1615,NaN,NaN,NaN,NaN,NaN,NaN,NaN,NaN,74400,-71722,2678,46253,-46126,127,12658,-15463,-2805,NaN,NaN,NaN,NaN,146526,74400,-71722,2678,46253,-46126,127,12658,-15463,-2805
2014-08-31T22:00:00Z,3.1605,3.1745,3.14,3.1575,NaN,NaN,NaN,NaN,NaN,NaN,NaN,NaN,72330,-63393,8937,43075,-46865,-3790,11338,-16485,-5147,NaN,NaN,NaN,NaN,136370,72330,-63393,8937,43075,-46865,-3790,11338,-16485,-5147
2014-09-02T22:00:00Z,3.157,3.1665,3.1255,3.1305,NaN,NaN,NaN,NaN,NaN,NaN,NaN,NaN,72330,-63393,8937,43075,-46865,-3790,11338,-16485,-5147,NaN,NaN,NaN,NaN,136370,72330,-63393,8937,43075,-46865,-3790,11338,-16485,-5147
2014-09-03T22:00:00Z,3.1305,3.173,3.127,3.1495,NaN,NaN,NaN,NaN,NaN,NaN,NaN,NaN,72330,-63393,8937,43075,-46865,-3790,11338,-16485,-5147,NaN,NaN,NaN,NaN,136370,72330,-63393,8937,43075,-46865,-3790,11338,-16485,-5147
2014-09-04T22:00:00Z,3.1495,3.173,3.1425,3.173,NaN,NaN,NaN,NaN,NaN,NaN,NaN,NaN,72330,-63393,8937,43075,-46865,-3790,11338,-16485,-5147,NaN,NaN,NaN,NaN,136370,72330,-63393,8937,43075,-46865,-3790,11338,-16485,-5147
2014-09-07T22:00:00Z,3.1675,3.2095,3.1625,3.1845,NaN,NaN,NaN,NaN,NaN,NaN,NaN,NaN,72330,-63393,8937,43075,-46865,-3790,11338,-16485,-5147,NaN,NaN,NaN,NaN,136370,72330,-63393,8937,43075,-46865,-3790,11338,-16485,-5147
2014-09-08T22:00:00Z,3.1865,3.187,3.092,3.1075,NaN,NaN,NaN,NaN,NaN,NaN,NaN,NaN,75177,-60572,14605,48401,-57920,-9519,12642,-17728,-5086,NaN,NaN,NaN,NaN,144047,75177,-60572,14605,48401,-57920,-9519,12642,-17728,-5086
2014-09-09T22:00:00Z,3.108,3.12,3.0925,3.1125,NaN,NaN,NaN,NaN,NaN,NaN,NaN,NaN,75177,-60572,14605,48401,-57920,-9519,12642,-17728,-5086,NaN,NaN,NaN,NaN,144047,75177,-60572,14605,48401,-57920,-9519,12642,-17728,-5086
2014-09-10T22:00:00Z,3.1125,3.117,3.0625,3.0955,NaN,NaN,NaN,NaN,NaN,NaN,NaN,NaN,75177,-60572,14605,48401,-57920,-9519,12642,-17728,-5086,NaN,NaN,NaN,NaN,144047,75177,-60572,14605,48401,-57920,-9519,12642,-17728,-5086
2014-09-11T22:00:00Z,3.0955,3.109,3.079,3.103,NaN,NaN,NaN,NaN,NaN,NaN,NaN,NaN,75177,-60572,14605,48401,-57920,-9519,12642,-17728,-5086,NaN,NaN,NaN,NaN,144047,75177,-60572,14605,48401,-57920,-9519,12642,-17728,-5086
2014-09-14T22:00:00Z,3.085,3.0945,3.065,3.086,NaN,NaN,NaN,NaN,NaN,NaN,NaN,NaN,75177,-60572,14605,48401,-57920,-9519,12642,-17728,-5086,NaN,NaN,NaN,NaN,144047,75177,-60572,14605,48401,-57920,-9519,12642,-17728,-5086
2014-09-15T22:00:00Z,3.0855,3.212,3.0815,3.1575,NaN,NaN,NaN,NaN,NaN,NaN,NaN,NaN,75914,-56323,19591,48575,-62031,-13456,11021,-17156,-6135,NaN,NaN,NaN,NaN,143370,75914,-56323,19591,48575,-62031,-13456,11021,-17156,-6135
2014-09-16T22:00:00Z,3.1615,3.1745,3.13,3.135,NaN,NaN,NaN,NaN,NaN,NaN,NaN,NaN,75914,-56323,19591,48575,-62031,-13456,11021,-17156,-6135,NaN,NaN,NaN,NaN,143370,75914,-56323,19591,48575,-62031,-13456,11021,-17156,-6135
2014-09-17T22:00:00Z,3.13,3.1405,3.09,3.094,NaN,NaN,NaN,NaN,NaN,NaN,NaN,NaN,75914,-56323,19591,48575,-62031,-13456,11021,-17156,-6135,NaN,NaN,NaN,NaN,143370,75914,-56323,19591,48575,-62031,-13456,11021,-17156,-6135
2014-09-18T22:00:00Z,3.095,3.109,3.0705,3.088,NaN,NaN,NaN,NaN,NaN,NaN,NaN,NaN,75914,-56323,19591,48575,-62031,-13456,11021,-17156,-6135,NaN,NaN,NaN,NaN,143370,75914,-56323,19591,48575,-62031,-13456,11021,-17156,-6135
2014-09-21T22:00:00Z,3.084,3.086,3.0305,3.04,NaN,NaN,NaN,NaN,NaN,NaN,NaN,NaN,75914,-56323,19591,48575,-62031,-13456,11021,-17156,-6135,NaN,NaN,NaN,NaN,143370,75914,-56323,19591,48575,-62031,-13456,11021,-17156,-6135
2014-09-22T22:00:00Z,3.0425,3.0645,3.0285,3.03,NaN,NaN,NaN,NaN,NaN,NaN,NaN,NaN,80785,-53954,26831,51273,-70968,-19695,12141,-19277,-7136,NaN,NaN,NaN,NaN,152016,80785,-53954,26831,51273,-70968,-19695,12141,-19277,-7136
2014-09-23T22:00:00Z,3.0285,3.0635,3.023,3.055,NaN,NaN,NaN,NaN,NaN,NaN,NaN,NaN,80785,-53954,26831,51273,-70968,-19695,12141,-19277,-7136,NaN,NaN,NaN,NaN,152016,80785,-53954,26831,51273,-70968,-19695,12141,-19277,-7136
2014-09-24T22:00:00Z,3.055,3.0635,3.0195,3.034,NaN,NaN,NaN,NaN,NaN,NaN,NaN,NaN,80785,-53954,26831,51273,-70968,-19695,12141,-19277,-7136,NaN,NaN,NaN,NaN,152016,80785,-53954,26831,51273,-70968,-19695,12141,-19277,-7136
2014-09-25T22:00:00Z,3.033,3.053,3.028,3.037,NaN,NaN,NaN,NaN,NaN,NaN,NaN,NaN,80785,-53954,26831,51273,-70968,-19695,12141,-19277,-7136,NaN,NaN,NaN,NaN,152016,80785,-53954,26831,51273,-70968,-19695,12141,-19277,-7136
2014-09-28T22:00:00Z,3.037,3.0675,3.0125,3.044,NaN,NaN,NaN,NaN,NaN,NaN,NaN,NaN,80785,-53954,26831,51273,-70968,-19695,12141,-19277,-7136,NaN,NaN,NaN,NaN,152016,80785,-53954,26831,51273,-70968,-19695,12141,-19277,-7136
2014-09-29T22:00:00Z,3.043,3.06,3.006,3.007,NaN,NaN,NaN,NaN,NaN,NaN,NaN,NaN,85536,-52955,32581,52035,-75466,-23431,11865,-21015,-9150,NaN,NaN,NaN,NaN,160389,85536,-52955,32581,52035,-75466,-23431,11865,-21015,-9150
2014-09-30T22:00:00Z,3.007,3.049,3,3.028,NaN,NaN,NaN,NaN,NaN,NaN,NaN,NaN,85536,-52955,32581,52035,-75466,-23431,11865,-21015,-9150,NaN,NaN,NaN,NaN,160389,85536,-52955,32581,52035,-75466,-23431,11865,-21015,-9150
2014-10-01T22:00:00Z,3.025,3.0395,2.9855,3.0045,NaN,NaN,NaN,NaN,NaN,NaN,NaN,NaN,85536,-52955,32581,52035,-75466,-23431,11865,-21015,-9150,NaN,NaN,NaN,NaN,160389,85536,-52955,32581,52035,-75466,-23431,11865,-21015,-9150
2014-10-02T22:00:00Z,3.0085,3.017,2.9915,3,NaN,NaN,NaN,NaN,NaN,NaN,NaN,NaN,85536,-52955,32581,52035,-75466,-23431,11865,-21015,-9150,NaN,NaN,NaN,NaN,160389,85536,-52955,32581,52035,-75466,-23431,11865,-21015,-9150
2014-10-05T22:00:00Z,3.0015,3.0435,2.991,3.0385,NaN,NaN,NaN,NaN,NaN,NaN,NaN,NaN,85536,-52955,32581,52035,-75466,-23431,11865,-21015,-9150,NaN,NaN,NaN,NaN,160389,85536,-52955,32581,52035,-75466,-23431,11865,-21015,-9150
2014-10-06T22:00:00Z,3.0415,3.0435,3.0175,3.032,NaN,NaN,NaN,NaN,NaN,NaN,NaN,NaN,88398,-54408,33990,54483,-79479,-24996,11519,-20513,-8994,NaN,NaN,NaN,NaN,167622,88398,-54408,33990,54483,-79479,-24996,11519,-20513,-8994
2014-10-07T22:00:00Z,3.0325,3.049,2.996,3.0265,NaN,NaN,NaN,NaN,NaN,NaN,NaN,NaN,88398,-54408,33990,54483,-79479,-24996,11519,-20513,-8994,NaN,NaN,NaN,NaN,167622,88398,-54408,33990,54483,-79479,-24996,11519,-20513,-8994
2014-10-08T22:00:00Z,3.024,3.059,3.0185,3.028,NaN,NaN,NaN,NaN,NaN,NaN,NaN,NaN,88398,-54408,33990,54483,-79479,-24996,11519,-20513,-8994,NaN,NaN,NaN,NaN,167622,88398,-54408,33990,54483,-79479,-24996,11519,-20513,-8994
2014-10-09T22:00:00Z,3.03,3.043,2.9895,3.0375,NaN,NaN,NaN,NaN,NaN,NaN,NaN,NaN,88398,-54408,33990,54483,-79479,-24996,11519,-20513,-8994,NaN,NaN,NaN,NaN,167622,88398,-54408,33990,54483,-79479,-24996,11519,-20513,-8994
2014-10-12T22:00:00Z,3.032,3.0545,3.021,3.0415,NaN,NaN,NaN,NaN,NaN,NaN,NaN,NaN,88398,-54408,33990,54483,-79479,-24996,11519,-20513,-8994,NaN,NaN,NaN,NaN,167622,88398,-54408,33990,54483,-79479,-24996,11519,-20513,-8994
2014-10-13T22:00:00Z,3.0415,3.1045,3.032,3.077,NaN,NaN,NaN,NaN,NaN,NaN,NaN,NaN,86037,-52582,33455,54973,-78838,-23865,14047,-23637,-9590,NaN,NaN,NaN,NaN,167530,86037,-52582,33455,54973,-78838,-23865,14047,-23637,-9590
2014-10-14T22:00:00Z,3.0805,3.085,2.9925,3.007,NaN,NaN,NaN,NaN,NaN,NaN,NaN,NaN,86037,-52582,33455,54973,-78838,-23865,14047,-23637,-9590,NaN,NaN,NaN,NaN,167530,86037,-52582,33455,54973,-78838,-23865,14047,-23637,-9590
2014-10-15T22:00:00Z,3.0135,3.0265,2.9525,2.9845,NaN,NaN,NaN,NaN,NaN,NaN,NaN,NaN,86037,-52582,33455,54973,-78838,-23865,14047,-23637,-9590,NaN,NaN,NaN,NaN,167530,86037,-52582,33455,54973,-78838,-23865,14047,-23637,-9590
2014-10-16T22:00:00Z,2.9855,3.0125,2.9515,3.005,NaN,NaN,NaN,NaN,NaN,NaN,NaN,NaN,86037,-52582,33455,54973,-78838,-23865,14047,-23637,-9590,NaN,NaN,NaN,NaN,167530,86037,-52582,33455,54973,-78838,-23865,14047,-23637,-9590
2014-10-19T22:00:00Z,3.0085,3.0175,2.967,2.9865,NaN,NaN,NaN,NaN,NaN,NaN,NaN,NaN,86037,-52582,33455,54973,-78838,-23865,14047,-23637,-9590,NaN,NaN,NaN,NaN,167530,86037,-52582,33455,54973,-78838,-23865,14047,-23637,-9590
2014-10-20T22:00:00Z,2.9865,3.0355,2.9745,3.025,NaN,NaN,NaN,NaN,NaN,NaN,NaN,NaN,92601,-55057,37544,54569,-82309,-27740,14704,-24508,-9804,NaN,NaN,NaN,NaN,175541,92601,-55057,37544,54569,-82309,-27740,14704,-24508,-9804
2014-10-21T22:00:00Z,3.029,3.045,3.011,3.0135,NaN,NaN,NaN,NaN,NaN,NaN,NaN,NaN,92601,-55057,37544,54569,-82309,-27740,14704,-24508,-9804,NaN,NaN,NaN,NaN,175541,92601,-55057,37544,54569,-82309,-27740,14704,-24508,-9804
2014-10-22T22:00:00Z,3.0135,3.049,3.009,3.033,NaN,NaN,NaN,NaN,NaN,NaN,NaN,NaN,92601,-55057,37544,54569,-82309,-27740,14704,-24508,-9804,NaN,NaN,NaN,NaN,175541,92601,-55057,37544,54569,-82309,-27740,14704,-24508,-9804
2014-10-23T22:00:00Z,3.035,3.059,3.0295,3.04,NaN,NaN,NaN,NaN,NaN,NaN,NaN,NaN,92601,-55057,37544,54569,-82309,-27740,14704,-24508,-9804,NaN,NaN,NaN,NaN,175541,92601,-55057,37544,54569,-82309,-27740,14704,-24508,-9804
2014-10-26T22:00:00Z,3.044,3.074,3.0265,3.0565,NaN,NaN,NaN,NaN,NaN,NaN,NaN,NaN,92601,-55057,37544,54569,-82309,-27740,14704,-24508,-9804,NaN,NaN,NaN,NaN,175541,92601,-55057,37544,54569,-82309,-27740,14704,-24508,-9804
2014-10-27T22:00:00Z,3.059,3.096,3.0555,3.09,NaN,NaN,NaN,NaN,NaN,NaN,NaN,NaN,90853,-59728,31125,54392,-75749,-21357,10314,-20082,-9768,NaN,NaN,NaN,NaN,169924,90853,-59728,31125,54392,-75749,-21357,10314,-20082,-9768
2014-10-28T22:00:00Z,3.09,3.114,3.0725,3.08,NaN,NaN,NaN,NaN,NaN,NaN,NaN,NaN,90853,-59728,31125,54392,-75749,-21357,10314,-20082,-9768,NaN,NaN,NaN,NaN,169924,90853,-59728,31125,54392,-75749,-21357,10314,-20082,-9768
2014-10-29T22:00:00Z,3.082,3.0875,3.036,3.0605,NaN,NaN,NaN,NaN,NaN,NaN,NaN,NaN,90853,-59728,31125,54392,-75749,-21357,10314,-20082,-9768,NaN,NaN,NaN,NaN,169924,90853,-59728,31125,54392,-75749,-21357,10314,-20082,-9768
2014-10-30T22:00:00Z,3.06,3.093,3.0395,3.0525,NaN,NaN,NaN,NaN,NaN,NaN,NaN,NaN,90853,-59728,31125,54392,-75749,-21357,10314,-20082,-9768,NaN,NaN,NaN,NaN,169924,90853,-59728,31125,54392,-75749,-21357,10314,-20082,-9768
2014-11-02T23:00:00Z,3.042,3.07,3.0225,3.06,NaN,NaN,NaN,NaN,NaN,NaN,NaN,NaN,90853,-59728,31125,54392,-75749,-21357,10314,-20082,-9768,NaN,NaN,NaN,NaN,169924,90853,-59728,31125,54392,-75749,-21357,10314,-20082,-9768
2014-11-03T23:00:00Z,3.058,3.0735,3.003,3.0185,NaN,NaN,NaN,NaN,NaN,NaN,NaN,NaN,94794,-58919,35875,47492,-73355,-25863,11192,-21204,-10012,NaN,NaN,NaN,NaN,164942,94794,-58919,35875,47492,-73355,-25863,11192,-21204,-10012
2014-11-04T23:00:00Z,3.0185,3.0205,2.964,3.0035,NaN,NaN,NaN,NaN,NaN,NaN,NaN,NaN,94794,-58919,35875,47492,-73355,-25863,11192,-21204,-10012,NaN,NaN,NaN,NaN,164942,94794,-58919,35875,47492,-73355,-25863,11192,-21204,-10012
2014-11-05T23:00:00Z,3.004,3.023,2.993,3.014,NaN,NaN,NaN,NaN,NaN,NaN,NaN,NaN,94794,-58919,35875,47492,-73355,-25863,11192,-21204,-10012,NaN,NaN,NaN,NaN,164942,94794,-58919,35875,47492,-73355,-25863,11192,-21204,-10012
2014-11-06T23:00:00Z,3.012,3.049,3.0115,3.034,NaN,NaN,NaN,NaN,NaN,NaN,NaN,NaN,94794,-58919,35875,47492,-73355,-25863,11192,-21204,-10012,NaN,NaN,NaN,NaN,164942,94794,-58919,35875,47492,-73355,-25863,11192,-21204,-10012
2014-11-09T23:00:00Z,3.041,3.051,3.0135,3.015,NaN,NaN,NaN,NaN,NaN,NaN,NaN,NaN,94794,-58919,35875,47492,-73355,-25863,11192,-21204,-10012,NaN,NaN,NaN,NaN,164942,94794,-58919,35875,47492,-73355,-25863,11192,-21204,-10012
2014-11-10T23:00:00Z,3.0145,3.0445,2.9905,3.0345,NaN,NaN,NaN,NaN,NaN,NaN,NaN,NaN,95350,-57969,37381,48196,-73757,-25561,10918,-22738,-11820,NaN,NaN,NaN,NaN,170361,95350,-57969,37381,48196,-73757,-25561,10918,-22738,-11820
2014-11-11T23:00:00Z,3.033,3.044,3.0175,3.026,NaN,NaN,NaN,NaN,NaN,NaN,NaN,NaN,95350,-57969,37381,48196,-73757,-25561,10918,-22738,-11820,NaN,NaN,NaN,NaN,170361,95350,-57969,37381,48196,-73757,-25561,10918,-22738,-11820
2014-11-12T23:00:00Z,3.0275,3.0525,2.982,2.9895,NaN,NaN,NaN,NaN,NaN,NaN,NaN,NaN,95350,-57969,37381,48196,-73757,-25561,10918,-22738,-11820,NaN,NaN,NaN,NaN,170361,95350,-57969,37381,48196,-73757,-25561,10918,-22738,-11820
2014-11-13T23:00:00Z,2.989,3.05,2.985,3.0445,NaN,NaN,NaN,NaN,NaN,NaN,NaN,NaN,95350,-57969,37381,48196,-73757,-25561,10918,-22738,-11820,NaN,NaN,NaN,NaN,170361,95350,-57969,37381,48196,-73757,-25561,10918,-22738,-11820
2014-11-16T23:00:00Z,3.051,3.061,3.023,3.037,NaN,NaN,NaN,NaN,NaN,NaN,NaN,NaN,95350,-57969,37381,48196,-73757,-25561,10918,-22738,-11820,NaN,NaN,NaN,NaN,170361,95350,-57969,37381,48196,-73757,-25561,10918,-22738,-11820
2014-11-17T23:00:00Z,3.0365,3.043,2.993,3.002,NaN,NaN,NaN,NaN,NaN,NaN,NaN,NaN,89399,-53946,35453,52968,-77573,-24605,11950,-22798,-10848,NaN,NaN,NaN,NaN,176417,89399,-53946,35453,52968,-77573,-24605,11950,-22798,-10848
2014-11-18T23:00:00Z,3.003,3.0495,2.99,3.0335,NaN,NaN,NaN,NaN,NaN,NaN,NaN,NaN,89399,-53946,35453,52968,-77573,-24605,11950,-22798,-10848,NaN,NaN,NaN,NaN,176417,89399,-53946,35453,52968,-77573,-24605,11950,-22798,-10848
2014-11-19T23:00:00Z,3.033,3.0385,3.001,3.015,NaN,NaN,NaN,NaN,NaN,NaN,NaN,NaN,89399,-53946,35453,52968,-77573,-24605,11950,-22798,-10848,NaN,NaN,NaN,NaN,176417,89399,-53946,35453,52968,-77573,-24605,11950,-22798,-10848
2014-11-20T23:00:00Z,3.017,3.0775,3.006,3.033,NaN,NaN,NaN,NaN,NaN,NaN,NaN,NaN,89399,-53946,35453,52968,-77573,-24605,11950,-22798,-10848,NaN,NaN,NaN,NaN,176417,89399,-53946,35453,52968,-77573,-24605,11950,-22798,-10848
2014-11-23T23:00:00Z,3.038,3.048,2.995,3.001,NaN,NaN,NaN,NaN,NaN,NaN,NaN,NaN,89399,-53946,35453,52968,-77573,-24605,11950,-22798,-10848,NaN,NaN,NaN,NaN,176417,89399,-53946,35453,52968,-77573,-24605,11950,-22798,-10848
2014-11-24T23:00:00Z,3.0005,3.0235,2.9465,2.9565,NaN,NaN,NaN,NaN,NaN,NaN,NaN,NaN,81388,-44220,37168,55391,-83669,-28278,13719,-22609,-8890,NaN,NaN,NaN,NaN,160924,81388,-44220,37168,55391,-83669,-28278,13719,-22609,-8890
2014-11-25T23:00:00Z,2.9615,2.9765,2.935,2.9535,NaN,NaN,NaN,NaN,NaN,NaN,NaN,NaN,81388,-44220,37168,55391,-83669,-28278,13719,-22609,-8890,NaN,NaN,NaN,NaN,160924,81388,-44220,37168,55391,-83669,-28278,13719,-22609,-8890
2014-11-26T23:00:00Z,2.952,2.9705,2.8435,2.8445,NaN,NaN,NaN,NaN,NaN,NaN,NaN,NaN,81388,-44220,37168,55391,-83669,-28278,13719,-22609,-8890,NaN,NaN,NaN,NaN,160924,81388,-44220,37168,55391,-83669,-28278,13719,-22609,-8890
2014-11-30T23:00:00Z,2.845,2.917,2.7775,2.898,NaN,NaN,NaN,NaN,NaN,NaN,NaN,NaN,81388,-44220,37168,55391,-83669,-28278,13719,-22609,-8890,NaN,NaN,NaN,NaN,160924,81388,-44220,37168,55391,-83669,-28278,13719,-22609,-8890
2014-12-01T23:00:00Z,2.899,2.899,2.844,2.8875,NaN,NaN,NaN,NaN,NaN,NaN,NaN,NaN,87855,-41272,46583,50746,-84928,-34182,11907,-24308,-12401,NaN,NaN,NaN,NaN,159261,87855,-41272,46583,50746,-84928,-34182,11907,-24308,-12401
2014-12-02T23:00:00Z,2.8875,2.8965,2.8605,2.8665,NaN,NaN,NaN,NaN,NaN,NaN,NaN,NaN,87855,-41272,46583,50746,-84928,-34182,11907,-24308,-12401,NaN,NaN,NaN,NaN,159261,87855,-41272,46583,50746,-84928,-34182,11907,-24308,-12401
2014-12-03T23:00:00Z,2.869,2.93,2.867,2.9095,NaN,NaN,NaN,NaN,NaN,NaN,NaN,NaN,87855,-41272,46583,50746,-84928,-34182,11907,-24308,-12401,NaN,NaN,NaN,NaN,159261,87855,-41272,46583,50746,-84928,-34182,11907,-24308,-12401
2014-12-04T23:00:00Z,2.9095,2.939,2.9005,2.909,NaN,NaN,NaN,NaN,NaN,NaN,NaN,NaN,87855,-41272,46583,50746,-84928,-34182,11907,-24308,-12401,NaN,NaN,NaN,NaN,159261,87855,-41272,46583,50746,-84928,-34182,11907,-24308,-12401
2014-12-07T23:00:00Z,2.901,2.921,2.8815,2.8835,NaN,NaN,NaN,NaN,NaN,NaN,NaN,NaN,87855,-41272,46583,50746,-84928,-34182,11907,-24308,-12401,NaN,NaN,NaN,NaN,159261,87855,-41272,46583,50746,-84928,-34182,11907,-24308,-12401
2014-12-08T23:00:00Z,2.8825,2.9505,2.8655,2.9235,NaN,NaN,NaN,NaN,NaN,NaN,NaN,NaN,84548,-40338,44210,47171,-80129,-32958,11681,-22933,-11252,NaN,NaN,NaN,NaN,152267,84548,-40338,44210,47171,-80129,-32958,11681,-22933,-11252
2014-12-09T23:00:00Z,2.922,2.927,2.887,2.895,NaN,NaN,NaN,NaN,NaN,NaN,NaN,NaN,84548,-40338,44210,47171,-80129,-32958,11681,-22933,-11252,NaN,NaN,NaN,NaN,152267,84548,-40338,44210,47171,-80129,-32958,11681,-22933,-11252
2014-12-10T23:00:00Z,2.893,2.9315,2.89,2.913,NaN,NaN,NaN,NaN,NaN,NaN,NaN,NaN,84548,-40338,44210,47171,-80129,-32958,11681,-22933,-11252,NaN,NaN,NaN,NaN,152267,84548,-40338,44210,47171,-80129,-32958,11681,-22933,-11252
2014-12-11T23:00:00Z,2.912,2.9405,2.9085,2.9295,NaN,NaN,NaN,NaN,NaN,NaN,NaN,NaN,84548,-40338,44210,47171,-80129,-32958,11681,-22933,-11252,NaN,NaN,NaN,NaN,152267,84548,-40338,44210,47171,-80129,-32958,11681,-22933,-11252
2014-12-14T23:00:00Z,2.9245,2.947,2.8635,2.8695,NaN,NaN,NaN,NaN,NaN,NaN,NaN,NaN,84548,-40338,44210,47171,-80129,-32958,11681,-22933,-11252,NaN,NaN,NaN,NaN,152267,84548,-40338,44210,47171,-80129,-32958,11681,-22933,-11252
2014-12-15T23:00:00Z,2.8725,2.886,2.844,2.8635,NaN,NaN,NaN,NaN,NaN,NaN,NaN,NaN,84046,-41356,42690,47122,-76837,-29715,11311,-24286,-12975,NaN,NaN,NaN,NaN,152045,84046,-41356,42690,47122,-76837,-29715,11311,-24286,-12975
2014-12-16T23:00:00Z,2.867,2.8925,2.827,2.873,NaN,NaN,NaN,NaN,NaN,NaN,NaN,NaN,84046,-41356,42690,47122,-76837,-29715,11311,-24286,-12975,NaN,NaN,NaN,NaN,152045,84046,-41356,42690,47122,-76837,-29715,11311,-24286,-12975
2014-12-17T23:00:00Z,2.8695,2.8855,2.8425,2.8475,NaN,NaN,NaN,NaN,NaN,NaN,NaN,NaN,84046,-41356,42690,47122,-76837,-29715,11311,-24286,-12975,NaN,NaN,NaN,NaN,152045,84046,-41356,42690,47122,-76837,-29715,11311,-24286,-12975
2014-12-18T23:00:00Z,2.846,2.9035,2.846,2.8975,NaN,NaN,NaN,NaN,NaN,NaN,NaN,NaN,84046,-41356,42690,47122,-76837,-29715,11311,-24286,-12975,NaN,NaN,NaN,NaN,152045,84046,-41356,42690,47122,-76837,-29715,11311,-24286,-12975
2014-12-21T23:00:00Z,2.8895,2.905,2.8675,2.8755,NaN,NaN,NaN,NaN,NaN,NaN,NaN,NaN,84046,-41356,42690,47122,-76837,-29715,11311,-24286,-12975,NaN,NaN,NaN,NaN,152045,84046,-41356,42690,47122,-76837,-29715,11311,-24286,-12975
2014-12-22T23:00:00Z,2.8725,2.8805,2.8545,2.8675,NaN,NaN,NaN,NaN,NaN,NaN,NaN,NaN,87515,-43435,44080,43503,-75702,-32199,10631,-22512,-11881,NaN,NaN,NaN,NaN,152816,87515,-43435,44080,43503,-75702,-32199,10631,-22512,-11881
2014-12-23T23:00:00Z,2.8665,2.874,2.844,2.848,NaN,NaN,NaN,NaN,NaN,NaN,NaN,NaN,87515,-43435,44080,43503,-75702,-32199,10631,-22512,-11881,NaN,NaN,NaN,NaN,152816,87515,-43435,44080,43503,-75702,-32199,10631,-22512,-11881
2014-12-25T23:00:00Z,2.8525,2.8625,2.804,2.814,NaN,NaN,NaN,NaN,NaN,NaN,NaN,NaN,87515,-43435,44080,43503,-75702,-32199,10631,-22512,-11881,NaN,NaN,NaN,NaN,152816,87515,-43435,44080,43503,-75702,-32199,10631,-22512,-11881
2014-12-28T23:00:00Z,2.814,2.847,2.756,2.818,NaN,NaN,NaN,NaN,NaN,NaN,NaN,NaN,87515,-43435,44080,43503,-75702,-32199,10631,-22512,-11881,NaN,NaN,NaN,NaN,152816,87515,-43435,44080,43503,-75702,-32199,10631,-22512,-11881
2014-12-29T23:00:00Z,2.8135,2.8655,2.813,2.851,NaN,NaN,NaN,NaN,NaN,NaN,NaN,NaN,92094,-45609,46485,44538,-79591,-35053,11348,-22780,-11432,NaN,NaN,NaN,NaN,159107,92094,-45609,46485,44538,-79591,-35053,11348,-22780,-11432
2014-12-30T23:00:00Z,2.853,2.861,2.8155,2.826,NaN,NaN,NaN,NaN,NaN,NaN,NaN,NaN,92094,-45609,46485,44538,-79591,-35053,11348,-22780,-11432,NaN,NaN,NaN,NaN,159107,92094,-45609,46485,44538,-79591,-35053,11348,-22780,-11432
2015-01-01T23:00:00Z,2.8255,2.841,2.801,2.814,NaN,NaN,NaN,NaN,NaN,NaN,NaN,NaN,92094,-45609,46485,44538,-79591,-35053,11348,-22780,-11432,NaN,NaN,NaN,NaN,159107,92094,-45609,46485,44538,-79591,-35053,11348,-22780,-11432
2015-01-04T23:00:00Z,2.814,2.827,2.744,2.767,NaN,NaN,NaN,NaN,NaN,NaN,NaN,NaN,92094,-45609,46485,44538,-79591,-35053,11348,-22780,-11432,NaN,NaN,NaN,NaN,159107,92094,-45609,46485,44538,-79591,-35053,11348,-22780,-11432
2015-01-05T23:00:00Z,2.7695,2.782,2.7565,2.76,NaN,NaN,NaN,NaN,NaN,NaN,NaN,NaN,99196,-45205,53991,45928,-87193,-41265,11278,-24004,-12726,NaN,NaN,NaN,NaN,170037,99196,-45205,53991,45928,-87193,-41265,11278,-24004,-12726
2015-01-06T23:00:00Z,2.76,2.7765,2.748,2.7645,NaN,NaN,NaN,NaN,NaN,NaN,NaN,NaN,99196,-45205,53991,45928,-87193,-41265,11278,-24004,-12726,NaN,NaN,NaN,NaN,170037,99196,-45205,53991,45928,-87193,-41265,11278,-24004,-12726
2015-01-07T23:00:00Z,2.764,2.794,2.7535,2.7695,NaN,NaN,NaN,NaN,NaN,NaN,NaN,NaN,99196,-45205,53991,45928,-87193,-41265,11278,-24004,-12726,NaN,NaN,NaN,NaN,170037,99196,-45205,53991,45928,-87193,-41265,11278,-24004,-12726
2015-01-08T23:00:00Z,2.767,2.776,2.7385,2.7595,NaN,NaN,NaN,NaN,NaN,NaN,NaN,NaN,99196,-45205,53991,45928,-87193,-41265,11278,-24004,-12726,NaN,NaN,NaN,NaN,170037,99196,-45205,53991,45928,-87193,-41265,11278,-24004,-12726
2015-01-11T23:00:00Z,2.757,2.76,2.7,2.724,NaN,NaN,NaN,NaN,NaN,NaN,NaN,NaN,99196,-45205,53991,45928,-87193,-41265,11278,-24004,-12726,NaN,NaN,NaN,NaN,170037,99196,-45205,53991,45928,-87193,-41265,11278,-24004,-12726
2015-01-12T23:00:00Z,2.7215,2.729,2.586,2.605,NaN,NaN,NaN,NaN,NaN,NaN,NaN,NaN,94170,-46356,47814,53398,-89221,-35823,12129,-24120,-11991,NaN,NaN,NaN,NaN,179459,94170,-46356,47814,53398,-89221,-35823,12129,-24120,-11991
2015-01-13T23:00:00Z,2.609,2.617,2.4235,2.529,NaN,NaN,NaN,NaN,NaN,NaN,NaN,NaN,94170,-46356,47814,53398,-89221,-35823,12129,-24120,-11991,NaN,NaN,NaN,NaN,179459,94170,-46356,47814,53398,-89221,-35823,12129,-24120,-11991
2015-01-14T23:00:00Z,2.535,2.595,2.517,2.579,NaN,NaN,NaN,NaN,NaN,NaN,NaN,NaN,94170,-46356,47814,53398,-89221,-35823,12129,-24120,-11991,NaN,NaN,NaN,NaN,179459,94170,-46356,47814,53398,-89221,-35823,12129,-24120,-11991
2015-01-15T23:00:00Z,2.582,2.634,2.5405,2.6325,NaN,NaN,NaN,NaN,NaN,NaN,NaN,NaN,94170,-46356,47814,53398,-89221,-35823,12129,-24120,-11991,NaN,NaN,NaN,NaN,179459,94170,-46356,47814,53398,-89221,-35823,12129,-24120,-11991
2015-01-18T23:00:00Z,2.6335,2.636,2.555,2.593,NaN,NaN,NaN,NaN,NaN,NaN,NaN,NaN,94261,-44335,49926,46328,-83113,-36785,12259,-25400,-13141,NaN,NaN,NaN,NaN,172846,94261,-44335,49926,46328,-83113,-36785,12259,-25400,-13141
2015-01-20T23:00:00Z,2.594,2.6335,2.5325,2.609,NaN,NaN,NaN,NaN,NaN,NaN,NaN,NaN,94261,-44335,49926,46328,-83113,-36785,12259,-25400,-13141,NaN,NaN,NaN,NaN,172846,94261,-44335,49926,46328,-83113,-36785,12259,-25400,-13141
2015-01-21T23:00:00Z,2.6075,2.6125,2.556,2.588,NaN,NaN,NaN,NaN,NaN,NaN,NaN,NaN,94261,-44335,49926,46328,-83113,-36785,12259,-25400,-13141,NaN,NaN,NaN,NaN,172846,94261,-44335,49926,46328,-83113,-36785,12259,-25400,-13141
2015-01-22T23:00:00Z,2.582,2.5855,2.489,2.495,NaN,NaN,NaN,NaN,NaN,NaN,NaN,NaN,94261,-44335,49926,46328,-83113,-36785,12259,-25400,-13141,NaN,NaN,NaN,NaN,172846,94261,-44335,49926,46328,-83113,-36785,12259,-25400,-13141
2015-01-25T23:00:00Z,2.495,2.5545,2.419,2.5455,NaN,NaN,NaN,NaN,NaN,NaN,NaN,NaN,94261,-44335,49926,46328,-83113,-36785,12259,-25400,-13141,NaN,NaN,NaN,NaN,172846,94261,-44335,49926,46328,-83113,-36785,12259,-25400,-13141
2015-01-26T23:00:00Z,2.541,2.5435,2.446,2.458,NaN,NaN,NaN,NaN,NaN,NaN,NaN,NaN,96833,-44280,52553,46610,-87272,-40662,11843,-23734,-11891,NaN,NaN,NaN,NaN,179152,96833,-44280,52553,46610,-87272,-40662,11843,-23734,-11891
2015-01-27T23:00:00Z,2.4625,2.5,2.4505,2.459,NaN,NaN,NaN,NaN,NaN,NaN,NaN,NaN,96833,-44280,52553,46610,-87272,-40662,11843,-23734,-11891,NaN,NaN,NaN,NaN,179152,96833,-44280,52553,46610,-87272,-40662,11843,-23734,-11891
2015-01-28T23:00:00Z,2.4545,2.4695,2.42,2.4575,NaN,NaN,NaN,NaN,NaN,NaN,NaN,NaN,96833,-44280,52553,46610,-87272,-40662,11843,-23734,-11891,NaN,NaN,NaN,NaN,179152,96833,-44280,52553,46610,-87272,-40662,11843,-23734,-11891
2015-01-29T23:00:00Z,2.456,2.5185,2.4295,2.4985,NaN,NaN,NaN,NaN,NaN,NaN,NaN,NaN,96833,-44280,52553,46610,-87272,-40662,11843,-23734,-11891,NaN,NaN,NaN,NaN,179152,96833,-44280,52553,46610,-87272,-40662,11843,-23734,-11891
2015-02-01T23:00:00Z,2.476,2.5195,2.4635,2.5005,NaN,NaN,NaN,NaN,NaN,NaN,NaN,NaN,96833,-44280,52553,46610,-87272,-40662,11843,-23734,-11891,NaN,NaN,NaN,NaN,179152,96833,-44280,52553,46610,-87272,-40662,11843,-23734,-11891
2015-02-02T23:00:00Z,2.4985,2.595,2.496,2.5775,NaN,NaN,NaN,NaN,NaN,NaN,NaN,NaN,98677,-45864,52813,46923,-87221,-40298,10605,-23120,-12515,NaN,NaN,NaN,NaN,180944,98677,-45864,52813,46923,-87221,-40298,10605,-23120,-12515
2015-02-03T23:00:00Z,2.5845,2.6185,2.5555,2.596,NaN,NaN,NaN,NaN,NaN,NaN,NaN,NaN,98677,-45864,52813,46923,-87221,-40298,10605,-23120,-12515,NaN,NaN,NaN,NaN,180944,98677,-45864,52813,46923,-87221,-40298,10605,-23120,-12515
2015-02-04T23:00:00Z,2.596,2.6095,2.5335,2.601,NaN,NaN,NaN,NaN,NaN,NaN,NaN,NaN,98677,-45864,52813,46923,-87221,-40298,10605,-23120,-12515,NaN,NaN,NaN,NaN,180944,98677,-45864,52813,46923,-87221,-40298,10605,-23120,-12515
2015-02-05T23:00:00Z,2.596,2.615,2.5665,2.589,NaN,NaN,NaN,NaN,NaN,NaN,NaN,NaN,98677,-45864,52813,46923,-87221,-40298,10605,-23120,-12515,NaN,NaN,NaN,NaN,180944,98677,-45864,52813,46923,-87221,-40298,10605,-23120,-12515
2015-02-08T23:00:00Z,2.5795,2.5905,2.56,2.5755,NaN,NaN,NaN,NaN,NaN,NaN,NaN,NaN,98677,-45864,52813,46923,-87221,-40298,10605,-23120,-12515,NaN,NaN,NaN,NaN,180944,98677,-45864,52813,46923,-87221,-40298,10605,-23120,-12515
2015-02-09T23:00:00Z,2.5805,2.5885,2.5255,2.55,NaN,NaN,NaN,NaN,NaN,NaN,NaN,NaN,97124,-46414,50710,45443,-87427,-41984,12284,-21010,-8726,NaN,NaN,NaN,NaN,185606,97124,-46414,50710,45443,-87427,-41984,12284,-21010,-8726
2015-02-10T23:00:00Z,2.548,2.5835,2.5345,2.5405,NaN,NaN,NaN,NaN,NaN,NaN,NaN,NaN,97124,-46414,50710,45443,-87427,-41984,12284,-21010,-8726,NaN,NaN,NaN,NaN,185606,97124,-46414,50710,45443,-87427,-41984,12284,-21010,-8726
2015-02-11T23:00:00Z,2.541,2.622,2.536,2.601,NaN,NaN,NaN,NaN,NaN,NaN,NaN,NaN,97124,-46414,50710,45443,-87427,-41984,12284,-21010,-8726,NaN,NaN,NaN,NaN,185606,97124,-46414,50710,45443,-87427,-41984,12284,-21010,-8726
2015-02-12T23:00:00Z,2.606,2.642,2.5915,2.602,NaN,NaN,NaN,NaN,NaN,NaN,NaN,NaN,97124,-46414,50710,45443,-87427,-41984,12284,-21010,-8726,NaN,NaN,NaN,NaN,185606,97124,-46414,50710,45443,-87427,-41984,12284,-21010,-8726
2015-02-15T23:00:00Z,2.6005,2.623,2.55,2.581,NaN,NaN,NaN,NaN,NaN,NaN,NaN,NaN,97012,-48031,48981,44526,-82691,-38165,13110,-23926,-10816,NaN,NaN,NaN,NaN,185675,97012,-48031,48981,44526,-82691,-38165,13110,-23926,-10816
2015-02-17T23:00:00Z,2.5815,2.638,2.565,2.615,NaN,NaN,NaN,NaN,NaN,NaN,NaN,NaN,97012,-48031,48981,44526,-82691,-38165,13110,-23926,-10816,NaN,NaN,NaN,NaN,185675,97012,-48031,48981,44526,-82691,-38165,13110,-23926,-10816
2015-02-18T23:00:00Z,2.6145,2.627,2.584,2.617,NaN,NaN,NaN,NaN,NaN,NaN,NaN,NaN,97012,-48031,48981,44526,-82691,-38165,13110,-23926,-10816,NaN,NaN,NaN,NaN,185675,97012,-48031,48981,44526,-82691,-38165,13110,-23926,-10816
2015-02-19T23:00:00Z,2.6185,2.6225,2.5755,2.6045,NaN,NaN,NaN,NaN,NaN,NaN,NaN,NaN,97012,-48031,48981,44526,-82691,-38165,13110,-23926,-10816,NaN,NaN,NaN,NaN,185675,97012,-48031,48981,44526,-82691,-38165,13110,-23926,-10816
2015-02-22T23:00:00Z,2.6045,2.6165,2.566,2.595,NaN,NaN,NaN,NaN,NaN,NaN,NaN,NaN,97012,-48031,48981,44526,-82691,-38165,13110,-23926,-10816,NaN,NaN,NaN,NaN,185675,97012,-48031,48981,44526,-82691,-38165,13110,-23926,-10816
2015-02-23T23:00:00Z,2.593,2.677,2.571,2.645,NaN,NaN,NaN,NaN,NaN,NaN,NaN,NaN,91161,-50893,40268,50336,-80639,-30303,12370,-22335,-9965,NaN,NaN,NaN,NaN,171520,91161,-50893,40268,50336,-80639,-30303,12370,-22335,-9965
2015-02-24T23:00:00Z,2.644,2.669,2.6265,2.6635,NaN,NaN,NaN,NaN,NaN,NaN,NaN,NaN,91161,-50893,40268,50336,-80639,-30303,12370,-22335,-9965,NaN,NaN,NaN,NaN,171520,91161,-50893,40268,50336,-80639,-30303,12370,-22335,-9965
2015-02-25T23:00:00Z,2.645,2.714,2.636,2.6965,NaN,NaN,NaN,NaN,NaN,NaN,NaN,NaN,91161,-50893,40268,50336,-80639,-30303,12370,-22335,-9965,NaN,NaN,NaN,NaN,171520,91161,-50893,40268,50336,-80639,-30303,12370,-22335,-9965
2015-02-26T23:00:00Z,2.698,2.7,2.66,2.69,NaN,NaN,NaN,NaN,NaN,NaN,NaN,NaN,91161,-50893,40268,50336,-80639,-30303,12370,-22335,-9965,NaN,NaN,NaN,NaN,171520,91161,-50893,40268,50336,-80639,-30303,12370,-22335,-9965
2015-03-01T23:00:00Z,2.6985,2.718,2.677,2.694,NaN,NaN,NaN,NaN,372.45,375.3,370.8,372.85,91161,-50893,40268,50336,-80639,-30303,12370,-22335,-9965,NaN,NaN,NaN,NaN,171520,91161,-50893,40268,50336,-80639,-30303,12370,-22335,-9965
2015-03-02T23:00:00Z,2.692,2.695,2.629,2.655,NaN,NaN,NaN,NaN,371.5,371.5,363.75,366.65,87470,-55536,31934,51043,-73854,-22811,11495,-20618,-9123,NaN,NaN,NaN,NaN,163020,87470,-55536,31934,51043,-73854,-22811,11495,-20618,-9123
2015-03-03T23:00:00Z,2.655,2.676,2.6375,2.6585,NaN,NaN,NaN,NaN,367.5,371.6,365.4,370.25,87470,-55536,31934,51043,-73854,-22811,11495,-20618,-9123,NaN,NaN,NaN,NaN,163020,87470,-55536,31934,51043,-73854,-22811,11495,-20618,-9123
2015-03-04T23:00:00Z,2.6625,2.6795,2.6475,2.6525,NaN,NaN,NaN,NaN,370.85,372.35,368.6,369.25,87470,-55536,31934,51043,-73854,-22811,11495,-20618,-9123,NaN,NaN,NaN,NaN,163020,87470,-55536,31934,51043,-73854,-22811,11495,-20618,-9123
2015-03-05T23:00:00Z,2.652,2.656,2.605,2.6145,NaN,NaN,NaN,NaN,368.5,369.2,365.4,366,87470,-55536,31934,51043,-73854,-22811,11495,-20618,-9123,NaN,NaN,NaN,NaN,163020,87470,-55536,31934,51043,-73854,-22811,11495,-20618,-9123
2015-03-08T22:00:00Z,2.6135,2.6775,2.5925,2.6645,NaN,NaN,NaN,NaN,365.1,374.4,364.3,374.05,87470,-55536,31934,51043,-73854,-22811,11495,-20618,-9123,NaN,NaN,NaN,NaN,163020,87470,-55536,31934,51043,-73854,-22811,11495,-20618,-9123
2015-03-09T22:00:00Z,2.668,2.6695,2.6055,2.6205,NaN,NaN,NaN,NaN,372.8,372.8,365.6,367.7,88084,-55730,32354,53309,-74837,-21528,10884,-21710,-10826,NaN,NaN,NaN,NaN,164239,88084,-55730,32354,53309,-74837,-21528,10884,-21710,-10826
2015-03-10T22:00:00Z,2.62,2.6475,2.5995,2.607,NaN,NaN,NaN,NaN,369.3,370.8,364.4,365.05,88084,-55730,32354,53309,-74837,-21528,10884,-21710,-10826,NaN,NaN,NaN,NaN,164239,88084,-55730,32354,53309,-74837,-21528,10884,-21710,-10826
2015-03-11T22:00:00Z,2.6055,2.68,2.5985,2.661,NaN,NaN,NaN,NaN,364.35,373.35,364.25,371.2,88084,-55730,32354,53309,-74837,-21528,10884,-21710,-10826,NaN,NaN,NaN,NaN,164239,88084,-55730,32354,53309,-74837,-21528,10884,-21710,-10826
2015-03-12T22:00:00Z,2.662,2.6745,2.6465,2.6745,NaN,NaN,NaN,NaN,372.65,375.5,371.2,375.15,88084,-55730,32354,53309,-74837,-21528,10884,-21710,-10826,NaN,NaN,NaN,NaN,164239,88084,-55730,32354,53309,-74837,-21528,10884,-21710,-10826
2015-03-15T22:00:00Z,2.673,2.6845,2.651,2.663,NaN,NaN,NaN,NaN,375.75,375.75,372.1,373.3,88084,-55730,32354,53309,-74837,-21528,10884,-21710,-10826,NaN,NaN,NaN,NaN,164239,88084,-55730,32354,53309,-74837,-21528,10884,-21710,-10826
2015-03-16T22:00:00Z,2.6625,2.6765,2.609,2.635,NaN,NaN,NaN,NaN,372,372,365.2,368.95,85615,-57445,28170,55248,-72795,-17547,11959,-22582,-10623,NaN,NaN,NaN,NaN,164490,85615,-57445,28170,55248,-72795,-17547,11959,-22582,-10623
2015-03-17T22:00:00Z,2.637,2.6455,2.5525,2.6135,NaN,NaN,NaN,NaN,367.15,367.25,357.3,358.3,85615,-57445,28170,55248,-72795,-17547,11959,-22582,-10623,NaN,NaN,NaN,NaN,164490,85615,-57445,28170,55248,-72795,-17547,11959,-22582,-10623
2015-03-18T22:00:00Z,2.61,2.6675,2.5955,2.6595,NaN,NaN,NaN,NaN,360.2,371.15,360.2,370.7,85615,-57445,28170,55248,-72795,-17547,11959,-22582,-10623,NaN,NaN,NaN,NaN,164490,85615,-57445,28170,55248,-72795,-17547,11959,-22582,-10623
2015-03-19T22:00:00Z,2.6655,2.774,2.645,2.751,NaN,NaN,NaN,NaN,370,384.8,367.8,382.25,85615,-57445,28170,55248,-72795,-17547,11959,-22582,-10623,NaN,NaN,NaN,NaN,164490,85615,-57445,28170,55248,-72795,-17547,11959,-22582,-10623
2015-03-22T22:00:00Z,2.761,2.9145,2.755,2.876,NaN,NaN,NaN,NaN,384.2,387.3,381.8,386.2,85615,-57445,28170,55248,-72795,-17547,11959,-22582,-10623,NaN,NaN,NaN,NaN,164490,85615,-57445,28170,55248,-72795,-17547,11959,-22582,-10623
2015-03-23T22:00:00Z,2.878,2.8875,2.775,2.7945,NaN,NaN,NaN,NaN,385.05,389.85,384.6,387.75,81659,-64083,17576,58237,-67317,-9080,12650,-21146,-8496,NaN,NaN,NaN,NaN,165590,81659,-64083,17576,58237,-67317,-9080,12650,-21146,-8496
2015-03-24T22:00:00Z,2.794,2.808,2.773,2.7875,NaN,NaN,NaN,NaN,386,387.7,383.95,387.15,81659,-64083,17576,58237,-67317,-9080,12650,-21146,-8496,NaN,NaN,NaN,NaN,165590,81659,-64083,17576,58237,-67317,-9080,12650,-21146,-8496
2015-03-25T22:00:00Z,2.7905,2.869,2.7835,2.8095,NaN,NaN,NaN,NaN,387.8,398.8,387.8,392.45,81659,-64083,17576,58237,-67317,-9080,12650,-21146,-8496,NaN,NaN,NaN,NaN,165590,81659,-64083,17576,58237,-67317,-9080,12650,-21146,-8496
2015-03-26T22:00:00Z,2.806,2.8095,2.756,2.7645,NaN,NaN,NaN,NaN,391.2,391.2,382.75,384.85,81659,-64083,17576,58237,-67317,-9080,12650,-21146,-8496,NaN,NaN,NaN,NaN,165590,81659,-64083,17576,58237,-67317,-9080,12650,-21146,-8496
2015-03-29T22:00:00Z,2.76,2.7925,2.748,2.783,NaN,NaN,NaN,NaN,384.45,387,383.25,384.85,81659,-64083,17576,58237,-67317,-9080,12650,-21146,-8496,NaN,NaN,NaN,NaN,165590,81659,-64083,17576,58237,-67317,-9080,12650,-21146,-8496
2015-03-30T22:00:00Z,2.7785,2.787,2.735,2.7415,NaN,NaN,NaN,NaN,384.1,385.05,378,378.45,82059,-69145,12914,60278,-64432,-4154,12060,-20820,-8760,NaN,NaN,NaN,NaN,170125,82059,-69145,12914,60278,-64432,-4154,12060,-20820,-8760
2015-03-31T22:00:00Z,2.741,2.7615,2.7095,2.743,NaN,NaN,NaN,NaN,380,382.8,374.45,378.7,82059,-69145,12914,60278,-64432,-4154,12060,-20820,-8760,NaN,NaN,NaN,NaN,170125,82059,-69145,12914,60278,-64432,-4154,12060,-20820,-8760
2015-04-01T22:00:00Z,2.744,2.7655,2.7165,2.7315,NaN,NaN,NaN,NaN,377.5,377.95,375.05,375.5,82059,-69145,12914,60278,-64432,-4154,12060,-20820,-8760,NaN,NaN,NaN,NaN,170125,82059,-69145,12914,60278,-64432,-4154,12060,-20820,-8760
2015-04-05T22:00:00Z,2.7315,2.831,2.6935,2.716,NaN,NaN,NaN,NaN,377.5,389.8,371.45,374.2,82059,-69145,12914,60278,-64432,-4154,12060,-20820,-8760,NaN,NaN,NaN,NaN,170125,82059,-69145,12914,60278,-64432,-4154,12060,-20820,-8760
2015-04-06T22:00:00Z,2.7165,2.777,2.712,2.7575,NaN,NaN,NaN,NaN,375.5,383.15,375.5,380.6,82527,-71351,11176,58765,-63761,-4996,13545,-19725,-6180,NaN,NaN,NaN,NaN,171006,82527,-71351,11176,58765,-63761,-4996,13545,-19725,-6180
2015-04-07T22:00:00Z,2.755,2.7685,2.7235,2.7375,NaN,NaN,NaN,NaN,380,382.4,375.9,377.15,82527,-71351,11176,58765,-63761,-4996,13545,-19725,-6180,NaN,NaN,NaN,NaN,171006,82527,-71351,11176,58765,-63761,-4996,13545,-19725,-6180
2015-04-08T22:00:00Z,2.7345,2.7595,2.7155,2.7255,NaN,NaN,NaN,NaN,376.05,380.3,374.85,376.3,82527,-71351,11176,58765,-63761,-4996,13545,-19725,-6180,NaN,NaN,NaN,NaN,171006,82527,-71351,11176,58765,-63761,-4996,13545,-19725,-6180
2015-04-09T22:00:00Z,2.724,2.78,2.7215,2.7345,NaN,NaN,NaN,NaN,377.9,382.55,376.6,377,82527,-71351,11176,58765,-63761,-4996,13545,-19725,-6180,NaN,NaN,NaN,NaN,171006,82527,-71351,11176,58765,-63761,-4996,13545,-19725,-6180
2015-04-12T22:00:00Z,2.736,2.762,2.7125,2.717,NaN,NaN,NaN,NaN,378.2,381.25,375.35,375.6,82527,-71351,11176,58765,-63761,-4996,13545,-19725,-6180,NaN,NaN,NaN,NaN,171006,82527,-71351,11176,58765,-63761,-4996,13545,-19725,-6180
2015-04-13T22:00:00Z,2.717,2.726,2.675,2.704,NaN,NaN,NaN,NaN,375,375,369.15,372.5,81400,-66570,14830,54693,-61923,-7230,14169,-21769,-7600,NaN,NaN,NaN,NaN,165760,81400,-66570,14830,54693,-61923,-7230,14169,-21769,-7600
2015-04-14T22:00:00Z,2.704,2.7275,2.6685,2.7215,NaN,NaN,NaN,NaN,372.45,375.9,368.8,375.5,81400,-66570,14830,54693,-61923,-7230,14169,-21769,-7600,NaN,NaN,NaN,NaN,165760,81400,-66570,14830,54693,-61923,-7230,14169,-21769,-7600
2015-04-15T22:00:00Z,2.7225,2.7875,2.719,2.775,NaN,NaN,NaN,NaN,376.9,383.75,376.1,383,81400,-66570,14830,54693,-61923,-7230,14169,-21769,-7600,NaN,NaN,NaN,NaN,165760,81400,-66570,14830,54693,-61923,-7230,14169,-21769,-7600
2015-04-16T22:00:00Z,2.7775,2.809,2.7615,2.798,NaN,NaN,NaN,NaN,382.5,386.8,381.55,384,81400,-66570,14830,54693,-61923,-7230,14169,-21769,-7600,NaN,NaN,NaN,NaN,165760,81400,-66570,14830,54693,-61923,-7230,14169,-21769,-7600
2015-04-19T22:00:00Z,2.814,2.8295,2.722,2.728,NaN,NaN,NaN,NaN,386.1,387,379.2,380.9,81400,-66570,14830,54693,-61923,-7230,14169,-21769,-7600,NaN,NaN,NaN,NaN,165760,81400,-66570,14830,54693,-61923,-7230,14169,-21769,-7600
2015-04-20T22:00:00Z,2.728,2.739,2.688,2.6975,NaN,NaN,NaN,NaN,381.25,381.6,373.85,374.55,79538,-64110,15428,50483,-62802,-12319,14870,-17979,-3109,NaN,NaN,NaN,NaN,157721,79538,-64110,15428,50483,-62802,-12319,14870,-17979,-3109
2015-04-21T22:00:00Z,2.6965,2.7085,2.663,2.6695,NaN,NaN,NaN,NaN,374.45,376.55,371.25,371.95,79538,-64110,15428,50483,-62802,-12319,14870,-17979,-3109,NaN,NaN,NaN,NaN,157721,79538,-64110,15428,50483,-62802,-12319,14870,-17979,-3109
2015-04-22T22:00:00Z,2.668,2.7035,2.6475,2.697,NaN,NaN,NaN,NaN,370.85,378,370.25,376.95,79538,-64110,15428,50483,-62802,-12319,14870,-17979,-3109,NaN,NaN,NaN,NaN,157721,79538,-64110,15428,50483,-62802,-12319,14870,-17979,-3109
2015-04-23T22:00:00Z,2.7,2.761,2.684,2.739,NaN,NaN,NaN,NaN,376.3,387.4,376.3,385.1,79538,-64110,15428,50483,-62802,-12319,14870,-17979,-3109,NaN,NaN,NaN,NaN,157721,79538,-64110,15428,50483,-62802,-12319,14870,-17979,-3109
2015-04-26T22:00:00Z,2.746,2.785,2.732,2.778,NaN,NaN,NaN,NaN,386.95,389.6,385.4,387.65,79538,-64110,15428,50483,-62802,-12319,14870,-17979,-3109,NaN,NaN,NaN,NaN,157721,79538,-64110,15428,50483,-62802,-12319,14870,-17979,-3109
2015-04-27T22:00:00Z,2.7755,2.787,2.7475,2.7795,NaN,NaN,NaN,NaN,386.2,388.15,384.15,386.95,81832,-61536,20296,50505,-66588,-16083,12578,-16791,-4213,NaN,NaN,NaN,NaN,154447,81832,-61536,20296,50505,-66588,-16083,12578,-16791,-4213
2015-04-28T22:00:00Z,2.786,2.804,2.76,2.794,NaN,NaN,NaN,NaN,385,391.35,383.4,390.6,81832,-61536,20296,50505,-66588,-16083,12578,-16791,-4213,NaN,NaN,NaN,NaN,154447,81832,-61536,20296,50505,-66588,-16083,12578,-16791,-4213
2015-04-29T22:00:00Z,2.7935,2.89,2.788,2.881,NaN,NaN,NaN,NaN,396.95,410.65,395.5,408.4,81832,-61536,20296,50505,-66588,-16083,12578,-16791,-4213,NaN,NaN,NaN,NaN,154447,81832,-61536,20296,50505,-66588,-16083,12578,-16791,-4213
2015-04-30T22:00:00Z,2.885,2.9375,2.875,2.935,NaN,NaN,NaN,NaN,411.25,416.8,410,416.35,81832,-61536,20296,50505,-66588,-16083,12578,-16791,-4213,NaN,NaN,NaN,NaN,154447,81832,-61536,20296,50505,-66588,-16083,12578,-16791,-4213
2015-05-03T22:00:00Z,2.932,2.933,2.8925,2.9095,NaN,NaN,NaN,NaN,414.3,415.2,412.9,413.75,81832,-61536,20296,50505,-66588,-16083,12578,-16791,-4213,NaN,NaN,NaN,NaN,154447,81832,-61536,20296,50505,-66588,-16083,12578,-16791,-4213
2015-05-04T22:00:00Z,2.9105,2.956,2.8995,2.9285,NaN,NaN,NaN,NaN,412.9,418.15,410.85,414.45,78884,-75206,3678,63530,-63982,-452,14388,-17614,-3226,NaN,NaN,NaN,NaN,166179,78884,-75206,3678,63530,-63982,-452,14388,-17614,-3226
2015-05-05T22:00:00Z,2.931,2.947,2.902,2.926,NaN,NaN,NaN,NaN,415.15,418,411.55,414.95,78884,-75206,3678,63530,-63982,-452,14388,-17614,-3226,NaN,NaN,NaN,NaN,166179,78884,-75206,3678,63530,-63982,-452,14388,-17614,-3226
2015-05-06T22:00:00Z,2.9275,2.9375,2.905,2.9185,NaN,NaN,NaN,NaN,414.1,420.5,413,416.45,78884,-75206,3678,63530,-63982,-452,14388,-17614,-3226,NaN,NaN,NaN,NaN,166179,78884,-75206,3678,63530,-63982,-452,14388,-17614,-3226
2015-05-07T22:00:00Z,2.915,2.933,2.888,2.912,NaN,NaN,NaN,NaN,416.5,418.35,411.5,414.25,78884,-75206,3678,63530,-63982,-452,14388,-17614,-3226,NaN,NaN,NaN,NaN,166179,78884,-75206,3678,63530,-63982,-452,14388,-17614,-3226
2015-05-10T22:00:00Z,2.9285,2.9295,2.896,2.913,NaN,NaN,NaN,NaN,413.5,415.95,412,413.95,78884,-75206,3678,63530,-63982,-452,14388,-17614,-3226,NaN,NaN,NaN,NaN,166179,78884,-75206,3678,63530,-63982,-452,14388,-17614,-3226
2015-05-11T22:00:00Z,2.911,2.946,2.9,2.9295,NaN,NaN,NaN,NaN,415.2,421.4,414.8,419.35,77044,-82657,-5613,73722,-65206,8516,15645,-18548,-2903,NaN,NaN,NaN,NaN,178077,77044,-82657,-5613,73722,-65206,8516,15645,-18548,-2903
2015-05-12T22:00:00Z,2.928,2.9475,2.912,2.932,NaN,NaN,NaN,NaN,418.7,420.7,414.4,417.05,77044,-82657,-5613,73722,-65206,8516,15645,-18548,-2903,NaN,NaN,NaN,NaN,178077,77044,-82657,-5613,73722,-65206,8516,15645,-18548,-2903
2015-05-13T22:00:00Z,2.9325,2.939,2.9065,2.9195,NaN,NaN,NaN,NaN,416.05,416.95,411.1,411.5,77044,-82657,-5613,73722,-65206,8516,15645,-18548,-2903,NaN,NaN,NaN,NaN,178077,77044,-82657,-5613,73722,-65206,8516,15645,-18548,-2903
2015-05-14T22:00:00Z,2.92,2.9315,2.8955,2.929,NaN,NaN,NaN,NaN,412.2,414.25,409.35,412.1,77044,-82657,-5613,73722,-65206,8516,15645,-18548,-2903,NaN,NaN,NaN,NaN,178077,77044,-82657,-5613,73722,-65206,8516,15645,-18548,-2903
2015-05-17T22:00:00Z,2.9255,2.949,2.893,2.908,NaN,NaN,NaN,NaN,413.2,414.95,410.15,411.5,77044,-82657,-5613,73722,-65206,8516,15645,-18548,-2903,NaN,NaN,NaN,NaN,178077,77044,-82657,-5613,73722,-65206,8516,15645,-18548,-2903
2015-05-18T22:00:00Z,2.9085,2.913,2.826,2.8375,NaN,NaN,NaN,NaN,412.05,412.7,401.55,402.45,77109,-83885,-6776,73598,-64257,9341,15502,-18067,-2565,NaN,NaN,NaN,NaN,179210,77109,-83885,-6776,73598,-64257,9341,15502,-18067,-2565
2015-05-19T22:00:00Z,2.8375,2.8435,2.8205,2.829,NaN,NaN,NaN,NaN,402.7,403.15,399.7,400.8,77109,-83885,-6776,73598,-64257,9341,15502,-18067,-2565,NaN,NaN,NaN,NaN,179210,77109,-83885,-6776,73598,-64257,9341,15502,-18067,-2565
2015-05-20T22:00:00Z,2.829,2.8605,2.828,2.8515,NaN,NaN,NaN,NaN,402.25,404.35,401.25,402.85,77109,-83885,-6776,73598,-64257,9341,15502,-18067,-2565,NaN,NaN,NaN,NaN,179210,77109,-83885,-6776,73598,-64257,9341,15502,-18067,-2565
2015-05-21T22:00:00Z,2.852,2.8555,2.7895,2.792,NaN,NaN,NaN,NaN,402.6,403.6,394.65,396.5,77109,-83885,-6776,73598,-64257,9341,15502,-18067,-2565,NaN,NaN,NaN,NaN,179210,77109,-83885,-6776,73598,-64257,9341,15502,-18067,-2565
2015-05-24T22:00:00Z,2.7995,2.8345,2.773,2.777,NaN,NaN,NaN,NaN,399.5,400.65,394.1,394.4,78383,-78749,-366,64899,-63275,1624,15050,-16308,-1258,NaN,NaN,NaN,NaN,172622,78383,-78749,-366,64899,-63275,1624,15050,-16308,-1258
2015-05-26T22:00:00Z,2.777,2.7905,2.7585,2.7635,NaN,NaN,NaN,NaN,395.4,397,392.35,393.85,78383,-78749,-366,64899,-63275,1624,15050,-16308,-1258,NaN,NaN,NaN,NaN,172622,78383,-78749,-366,64899,-63275,1624,15050,-16308,-1258
2015-05-27T22:00:00Z,2.7635,2.784,2.7585,2.7685,NaN,NaN,NaN,NaN,393.75,394.5,391.55,392.45,78383,-78749,-366,64899,-63275,1624,15050,-16308,-1258,NaN,NaN,NaN,NaN,172622,78383,-78749,-366,64899,-63275,1624,15050,-16308,-1258
2015-05-28T22:00:00Z,2.77,2.784,2.7245,2.735,NaN,NaN,NaN,NaN,393.8,393.95,386,386.65,78383,-78749,-366,64899,-63275,1624,15050,-16308,-1258,NaN,NaN,NaN,NaN,172622,78383,-78749,-366,64899,-63275,1624,15050,-16308,-1258
2015-05-31T22:00:00Z,2.728,2.7425,2.71,2.7145,NaN,NaN,NaN,NaN,386.95,387.5,383.85,384.35,78383,-78749,-366,64899,-63275,1624,15050,-16308,-1258,NaN,NaN,NaN,NaN,172622,78383,-78749,-366,64899,-63275,1624,15050,-16308,-1258
2015-06-01T22:00:00Z,2.7155,2.745,2.714,2.7375,NaN,NaN,NaN,NaN,385.2,388.45,385.05,387.15,79435,-67856,11579,50709,-59453,-8744,13921,-16756,-2835,NaN,NaN,NaN,NaN,160588,79435,-67856,11579,50709,-59453,-8744,13921,-16756,-2835
2015-06-02T22:00:00Z,2.7375,2.749,2.72,2.725,NaN,NaN,NaN,NaN,387.7,389.3,385.8,387.7,79435,-67856,11579,50709,-59453,-8744,13921,-16756,-2835,NaN,NaN,NaN,NaN,160588,79435,-67856,11579,50709,-59453,-8744,13921,-16756,-2835
2015-06-03T22:00:00Z,2.7265,2.7315,2.6765,2.6885,NaN,NaN,NaN,NaN,387.45,388.4,380.3,381.35,79435,-67856,11579,50709,-59453,-8744,13921,-16756,-2835,NaN,NaN,NaN,NaN,160588,79435,-67856,11579,50709,-59453,-8744,13921,-16756,-2835
2015-06-04T22:00:00Z,2.6865,2.708,2.67,2.702,NaN,NaN,NaN,NaN,380.8,384.75,378.45,382.55,79435,-67856,11579,50709,-59453,-8744,13921,-16756,-2835,NaN,NaN,NaN,NaN,160588,79435,-67856,11579,50709,-59453,-8744,13921,-16756,-2835
2015-06-07T22:00:00Z,2.7025,2.706,2.6825,2.7035,NaN,NaN,NaN,NaN,383.75,384.5,381.3,383.55,79435,-67856,11579,50709,-59453,-8744,13921,-16756,-2835,NaN,NaN,NaN,NaN,160588,79435,-67856,11579,50709,-59453,-8744,13921,-16756,-2835
2015-06-08T22:00:00Z,2.7045,2.7355,2.695,2.714,NaN,NaN,NaN,NaN,384.2,387.7,381.9,385.1,81795,-64122,17673,50677,-64059,-13382,13887,-18178,-4291,NaN,NaN,NaN,NaN,171541,81795,-64122,17673,50677,-64059,-13382,13887,-18178,-4291
2015-06-09T22:00:00Z,2.7115,2.767,2.7105,2.7435,NaN,NaN,NaN,NaN,385.35,391.25,384.2,388.05,81795,-64122,17673,50677,-64059,-13382,13887,-18178,-4291,NaN,NaN,NaN,NaN,171541,81795,-64122,17673,50677,-64059,-13382,13887,-18178,-4291
2015-06-10T22:00:00Z,2.7415,2.7495,2.6575,2.673,NaN,NaN,NaN,NaN,387.15,387.85,376.8,378.9,81795,-64122,17673,50677,-64059,-13382,13887,-18178,-4291,NaN,NaN,NaN,NaN,171541,81795,-64122,17673,50677,-64059,-13382,13887,-18178,-4291
2015-06-11T22:00:00Z,2.6735,2.684,2.66,2.676,NaN,NaN,NaN,NaN,378.75,380.95,377.2,380.7,81795,-64122,17673,50677,-64059,-13382,13887,-18178,-4291,NaN,NaN,NaN,NaN,171541,81795,-64122,17673,50677,-64059,-13382,13887,-18178,-4291
2015-06-14T22:00:00Z,2.6755,2.681,2.6255,2.648,NaN,NaN,NaN,NaN,378.75,378.85,372.9,375.45,81795,-64122,17673,50677,-64059,-13382,13887,-18178,-4291,NaN,NaN,NaN,NaN,171541,81795,-64122,17673,50677,-64059,-13382,13887,-18178,-4291
2015-06-15T22:00:00Z,2.6435,2.6555,2.6105,2.6145,NaN,NaN,NaN,NaN,375.9,377,371.25,371.45,86938,-66044,20894,53535,-70047,-16512,14442,-18824,-4382,NaN,NaN,NaN,NaN,181765,86938,-66044,20894,53535,-70047,-16512,14442,-18824,-4382
2015-06-16T22:00:00Z,2.6125,2.6325,2.598,2.6135,NaN,NaN,NaN,NaN,371.65,373.8,369.25,370.4,86938,-66044,20894,53535,-70047,-16512,14442,-18824,-4382,NaN,NaN,NaN,NaN,181765,86938,-66044,20894,53535,-70047,-16512,14442,-18824,-4382
2015-06-17T22:00:00Z,2.6135,2.6425,2.601,2.605,NaN,NaN,NaN,NaN,372.2,373,366.45,366.65,86938,-66044,20894,53535,-70047,-16512,14442,-18824,-4382,NaN,NaN,NaN,NaN,181765,86938,-66044,20894,53535,-70047,-16512,14442,-18824,-4382
2015-06-18T22:00:00Z,2.6015,2.6165,2.558,2.5735,NaN,NaN,NaN,NaN,366.9,368.7,359.15,360.4,86938,-66044,20894,53535,-70047,-16512,14442,-18824,-4382,NaN,NaN,NaN,NaN,181765,86938,-66044,20894,53535,-70047,-16512,14442,-18824,-4382
2015-06-21T22:00:00Z,2.572,2.581,2.5595,2.5725,NaN,NaN,NaN,NaN,360.95,362.55,359.3,360.3,86938,-66044,20894,53535,-70047,-16512,14442,-18824,-4382,NaN,NaN,NaN,NaN,181765,86938,-66044,20894,53535,-70047,-16512,14442,-18824,-4382
2015-06-22T22:00:00Z,2.5715,2.6295,2.5685,2.6095,NaN,NaN,NaN,NaN,361.9,369.3,361.9,367.15,88108,-61595,26513,54093,-77732,-23639,15245,-18119,-2874,NaN,NaN,NaN,NaN,184635,88108,-61595,26513,54093,-77732,-23639,15245,-18119,-2874
2015-06-23T22:00:00Z,2.6085,2.649,2.5995,2.623,NaN,NaN,NaN,NaN,367.35,371.9,365.35,368.75,88108,-61595,26513,54093,-77732,-23639,15245,-18119,-2874,NaN,NaN,NaN,NaN,184635,88108,-61595,26513,54093,-77732,-23639,15245,-18119,-2874
2015-06-24T22:00:00Z,2.6205,2.6305,2.594,2.6265,NaN,NaN,NaN,NaN,369.5,369.5,364.25,368.3,88108,-61595,26513,54093,-77732,-23639,15245,-18119,-2874,NaN,NaN,NaN,NaN,184635,88108,-61595,26513,54093,-77732,-23639,15245,-18119,-2874
2015-06-25T22:00:00Z,2.625,2.654,2.6205,2.65,NaN,NaN,NaN,NaN,369.3,372.4,368,371.2,88108,-61595,26513,54093,-77732,-23639,15245,-18119,-2874,NaN,NaN,NaN,NaN,184635,88108,-61595,26513,54093,-77732,-23639,15245,-18119,-2874
2015-06-28T22:00:00Z,2.62,2.655,2.616,2.632,NaN,NaN,NaN,NaN,373.15,378.65,373.1,374.8,88108,-61595,26513,54093,-77732,-23639,15245,-18119,-2874,NaN,NaN,NaN,NaN,184635,88108,-61595,26513,54093,-77732,-23639,15245,-18119,-2874
2015-06-29T22:00:00Z,2.634,2.6415,2.589,2.6175,NaN,NaN,NaN,NaN,375.35,376.25,368.65,371.9,77411,-52697,24714,59718,-81525,-21807,14227,-17134,-2907,NaN,NaN,NaN,NaN,166278,77411,-52697,24714,59718,-81525,-21807,14227,-17134,-2907
2015-06-30T22:00:00Z,2.6145,2.6495,2.6025,2.6295,NaN,NaN,NaN,NaN,371.95,376.65,370.35,373.95,77411,-52697,24714,59718,-81525,-21807,14227,-17134,-2907,NaN,NaN,NaN,NaN,166278,77411,-52697,24714,59718,-81525,-21807,14227,-17134,-2907
2015-07-01T22:00:00Z,2.6285,2.646,2.621,2.637,NaN,NaN,NaN,NaN,374.25,375.25,371.9,372.35,77411,-52697,24714,59718,-81525,-21807,14227,-17134,-2907,NaN,NaN,NaN,NaN,166278,77411,-52697,24714,59718,-81525,-21807,14227,-17134,-2907
2015-07-02T22:00:00Z,2.605,2.6095,2.504,2.535,NaN,NaN,NaN,NaN,368,368,355.9,357.3,77411,-52697,24714,59718,-81525,-21807,14227,-17134,-2907,NaN,NaN,NaN,NaN,166278,77411,-52697,24714,59718,-81525,-21807,14227,-17134,-2907
2015-07-06T22:00:00Z,2.538,2.5455,2.387,2.4605,NaN,NaN,NaN,NaN,357.2,358.2,338.8,348.25,80720,-49595,31125,55639,-81068,-25429,14404,-20100,-5696,NaN,NaN,NaN,NaN,167008,80720,-49595,31125,55639,-81068,-25429,14404,-20100,-5696
2015-07-07T22:00:00Z,2.4635,2.5215,2.381,2.491,NaN,NaN,NaN,NaN,347.65,357.1,338.6,353.3,80720,-49595,31125,55639,-81068,-25429,14404,-20100,-5696,NaN,NaN,NaN,NaN,167008,80720,-49595,31125,55639,-81068,-25429,14404,-20100,-5696
2015-07-08T22:00:00Z,2.496,2.5965,2.487,2.549,NaN,NaN,NaN,NaN,355.6,365.8,355.05,359.65,80720,-49595,31125,55639,-81068,-25429,14404,-20100,-5696,NaN,NaN,NaN,NaN,167008,80720,-49595,31125,55639,-81068,-25429,14404,-20100,-5696
2015-07-09T22:00:00Z,2.55,2.572,2.5215,2.542,NaN,NaN,NaN,NaN,360,360.9,356.5,358.7,80720,-49595,31125,55639,-81068,-25429,14404,-20100,-5696,NaN,NaN,NaN,NaN,167008,80720,-49595,31125,55639,-81068,-25429,14404,-20100,-5696
2015-07-12T22:00:00Z,2.53,2.5645,2.4965,2.5425,NaN,NaN,NaN,NaN,357.1,362.45,353.05,359.4,80720,-49595,31125,55639,-81068,-25429,14404,-20100,-5696,NaN,NaN,NaN,NaN,167008,80720,-49595,31125,55639,-81068,-25429,14404,-20100,-5696
2015-07-13T22:00:00Z,2.54,2.5475,2.509,2.542,NaN,NaN,NaN,NaN,358.85,359.15,354.5,358.1,78077,-51355,26722,53064,-73822,-20758,12184,-18148,-5964,NaN,NaN,NaN,NaN,161713,78077,-51355,26722,53064,-73822,-20758,12184,-18148,-5964
2015-07-14T22:00:00Z,2.5375,2.5735,2.501,2.517,NaN,NaN,NaN,NaN,358.5,363.4,356,356.35,78077,-51355,26722,53064,-73822,-20758,12184,-18148,-5964,NaN,NaN,NaN,NaN,161713,78077,-51355,26722,53064,-73822,-20758,12184,-18148,-5964
2015-07-15T22:00:00Z,2.5145,2.5445,2.5075,2.52,NaN,NaN,NaN,NaN,356.25,359.45,355.25,356.3,78077,-51355,26722,53064,-73822,-20758,12184,-18148,-5964,NaN,NaN,NaN,NaN,161713,78077,-51355,26722,53064,-73822,-20758,12184,-18148,-5964
2015-07-16T22:00:00Z,2.517,2.5335,2.476,2.496,NaN,NaN,NaN,NaN,356.7,358,350.2,352.15,78077,-51355,26722,53064,-73822,-20758,12184,-18148,-5964,NaN,NaN,NaN,NaN,161713,78077,-51355,26722,53064,-73822,-20758,12184,-18148,-5964
2015-07-19T22:00:00Z,2.497,2.503,2.4655,2.474,NaN,NaN,NaN,NaN,351.05,354.4,349,351.4,78077,-51355,26722,53064,-73822,-20758,12184,-18148,-5964,NaN,NaN,NaN,NaN,161713,78077,-51355,26722,53064,-73822,-20758,12184,-18148,-5964
2015-07-20T22:00:00Z,2.471,2.516,2.471,2.4745,NaN,NaN,NaN,NaN,352.55,355.85,349.8,350.15,75911,-49681,26230,56919,-79086,-22167,14119,-18182,-4063,NaN,NaN,NaN,NaN,165842,75911,-49681,26230,56919,-79086,-22167,14119,-18182,-4063
2015-07-21T22:00:00Z,2.4745,2.4815,2.4225,2.43,NaN,NaN,NaN,NaN,349.2,349.2,343.4,344.4,75911,-49681,26230,56919,-79086,-22167,14119,-18182,-4063,NaN,NaN,NaN,NaN,165842,75911,-49681,26230,56919,-79086,-22167,14119,-18182,-4063
2015-07-22T22:00:00Z,2.4315,2.45,2.3575,2.378,NaN,NaN,NaN,NaN,345.3,347.15,338.25,338.6,75911,-49681,26230,56919,-79086,-22167,14119,-18182,-4063,NaN,NaN,NaN,NaN,165842,75911,-49681,26230,56919,-79086,-22167,14119,-18182,-4063
2015-07-23T22:00:00Z,2.376,2.399,2.3505,2.39,NaN,NaN,NaN,NaN,338.3,341.8,334.3,340.25,75911,-49681,26230,56919,-79086,-22167,14119,-18182,-4063,NaN,NaN,NaN,NaN,165842,75911,-49681,26230,56919,-79086,-22167,14119,-18182,-4063
2015-07-26T22:00:00Z,2.384,2.3885,2.3375,2.345,NaN,NaN,NaN,NaN,339.85,339.95,334.15,336.15,75911,-49681,26230,56919,-79086,-22167,14119,-18182,-4063,NaN,NaN,NaN,NaN,165842,75911,-49681,26230,56919,-79086,-22167,14119,-18182,-4063
2015-07-27T22:00:00Z,2.346,2.4165,2.3455,2.411,NaN,NaN,NaN,NaN,337,342.6,335.75,341.4,77675,-46041,31634,55698,-80152,-24454,13896,-21076,-7180,NaN,NaN,NaN,NaN,163656,77675,-46041,31634,55698,-80152,-24454,13896,-21076,-7180
2015-07-28T22:00:00Z,2.413,2.446,2.387,2.409,NaN,NaN,NaN,NaN,342.3,343.95,339.7,341.65,77675,-46041,31634,55698,-80152,-24454,13896,-21076,-7180,NaN,NaN,NaN,NaN,163656,77675,-46041,31634,55698,-80152,-24454,13896,-21076,-7180
2015-07-29T22:00:00Z,2.408,2.422,2.3585,2.3775,NaN,NaN,NaN,NaN,342.2,342.4,336,338.95,77675,-46041,31634,55698,-80152,-24454,13896,-21076,-7180,NaN,NaN,NaN,NaN,163656,77675,-46041,31634,55698,-80152,-24454,13896,-21076,-7180
2015-07-30T22:00:00Z,2.3755,2.396,2.348,2.354,NaN,NaN,NaN,NaN,338.5,340,335.15,335.4,77675,-46041,31634,55698,-80152,-24454,13896,-21076,-7180,NaN,NaN,NaN,NaN,163656,77675,-46041,31634,55698,-80152,-24454,13896,-21076,-7180
2015-08-02T22:00:00Z,2.356,2.363,2.3215,2.342,NaN,NaN,NaN,NaN,335,335.85,330,333.55,77675,-46041,31634,55698,-80152,-24454,13896,-21076,-7180,NaN,NaN,NaN,NaN,163656,77675,-46041,31634,55698,-80152,-24454,13896,-21076,-7180
2015-08-03T22:00:00Z,2.3415,2.3745,2.328,2.3535,NaN,NaN,NaN,NaN,333.15,336.65,331.85,333.9,85447,-46797,38650,60578,-92908,-32330,13855,-20175,-6320,NaN,NaN,NaN,NaN,181276,85447,-46797,38650,60578,-92908,-32330,13855,-20175,-6320
2015-08-04T22:00:00Z,2.353,2.362,2.3375,2.354,NaN,NaN,NaN,NaN,333,333.9,330.65,331.7,85447,-46797,38650,60578,-92908,-32330,13855,-20175,-6320,NaN,NaN,NaN,NaN,181276,85447,-46797,38650,60578,-92908,-32330,13855,-20175,-6320
2015-08-05T22:00:00Z,2.3515,2.3615,2.336,2.345,NaN,NaN,NaN,NaN,332.4,333.6,330.2,331.15,85447,-46797,38650,60578,-92908,-32330,13855,-20175,-6320,NaN,NaN,NaN,NaN,181276,85447,-46797,38650,60578,-92908,-32330,13855,-20175,-6320
2015-08-06T22:00:00Z,2.3435,2.354,2.313,2.3255,NaN,NaN,NaN,NaN,330,332.65,327.3,329.7,85447,-46797,38650,60578,-92908,-32330,13855,-20175,-6320,NaN,NaN,NaN,NaN,181276,85447,-46797,38650,60578,-92908,-32330,13855,-20175,-6320
2015-08-09T22:00:00Z,2.32,2.411,2.3075,2.3875,NaN,NaN,NaN,NaN,329.55,340.65,328.65,338.95,85447,-46797,38650,60578,-92908,-32330,13855,-20175,-6320,NaN,NaN,NaN,NaN,181276,85447,-46797,38650,60578,-92908,-32330,13855,-20175,-6320
2015-08-10T22:00:00Z,2.3915,2.429,2.3135,2.338,NaN,NaN,NaN,NaN,338.3,338.8,329.55,332.4,88567,-47926,40641,60308,-94067,-33759,15383,-22265,-6882,NaN,NaN,NaN,NaN,195117,88567,-47926,40641,60308,-94067,-33759,15383,-22265,-6882
2015-08-11T22:00:00Z,2.336,2.358,2.2925,2.3485,NaN,NaN,NaN,NaN,331.1,338.95,328.95,338.3,88567,-47926,40641,60308,-94067,-33759,15383,-22265,-6882,NaN,NaN,NaN,NaN,195117,88567,-47926,40641,60308,-94067,-33759,15383,-22265,-6882
2015-08-12T22:00:00Z,2.3485,2.3825,2.326,2.3505,NaN,NaN,NaN,NaN,337.4,342.1,334.7,339.75,88567,-47926,40641,60308,-94067,-33759,15383,-22265,-6882,NaN,NaN,NaN,NaN,195117,88567,-47926,40641,60308,-94067,-33759,15383,-22265,-6882
2015-08-13T22:00:00Z,2.3515,2.3665,2.3335,2.343,NaN,NaN,NaN,NaN,339.3,340.95,336.2,338.6,88567,-47926,40641,60308,-94067,-33759,15383,-22265,-6882,NaN,NaN,NaN,NaN,195117,88567,-47926,40641,60308,-94067,-33759,15383,-22265,-6882
2015-08-16T22:00:00Z,2.3445,2.3485,2.3095,2.3225,NaN,NaN,NaN,NaN,338.2,338.2,334.1,336.5,88567,-47926,40641,60308,-94067,-33759,15383,-22265,-6882,NaN,NaN,NaN,NaN,195117,88567,-47926,40641,60308,-94067,-33759,15383,-22265,-6882
2015-08-17T22:00:00Z,2.3195,2.326,2.265,2.2815,NaN,NaN,NaN,NaN,336.35,336.75,328.4,330.9,83872,-47927,35945,60821,-89793,-28972,15684,-22657,-6973,NaN,NaN,NaN,NaN,191265,83872,-47927,35945,60821,-89793,-28972,15684,-22657,-6973
2015-08-18T22:00:00Z,2.282,2.297,2.2605,2.2725,NaN,NaN,NaN,NaN,330.1,331.45,326.1,328.35,83872,-47927,35945,60821,-89793,-28972,15684,-22657,-6973,NaN,NaN,NaN,NaN,191265,83872,-47927,35945,60821,-89793,-28972,15684,-22657,-6973
2015-08-19T22:00:00Z,2.272,2.3325,2.2675,2.3195,NaN,NaN,NaN,NaN,328.2,337.9,328.2,336,83872,-47927,35945,60821,-89793,-28972,15684,-22657,-6973,NaN,NaN,NaN,NaN,191265,83872,-47927,35945,60821,-89793,-28972,15684,-22657,-6973
2015-08-20T22:00:00Z,2.3255,2.326,2.275,2.2955,NaN,NaN,NaN,NaN,335.7,338.7,330.9,337.75,83872,-47927,35945,60821,-89793,-28972,15684,-22657,-6973,NaN,NaN,NaN,NaN,191265,83872,-47927,35945,60821,-89793,-28972,15684,-22657,-6973
2015-08-23T22:00:00Z,2.294,2.2965,2.209,2.243,NaN,NaN,NaN,NaN,335.05,337,327.1,334.5,83872,-47927,35945,60821,-89793,-28972,15684,-22657,-6973,NaN,NaN,NaN,NaN,191265,83872,-47927,35945,60821,-89793,-28972,15684,-22657,-6973
2015-08-24T22:00:00Z,2.247,2.319,2.242,2.303,NaN,NaN,NaN,NaN,334.75,338.7,330.05,336.85,76236,-44390,31846,60331,-83656,-23325,13904,-22425,-8521,NaN,NaN,NaN,NaN,166991,76236,-44390,31846,60331,-83656,-23325,13904,-22425,-8521
2015-08-25T22:00:00Z,2.3025,2.312,2.2365,2.264,NaN,NaN,NaN,NaN,336.3,336.3,327.25,329.1,76236,-44390,31846,60331,-83656,-23325,13904,-22425,-8521,NaN,NaN,NaN,NaN,166991,76236,-44390,31846,60331,-83656,-23325,13904,-22425,-8521
2015-08-26T22:00:00Z,2.2655,2.343,2.2635,2.329,NaN,NaN,NaN,NaN,330.7,341.45,330.7,339.85,76236,-44390,31846,60331,-83656,-23325,13904,-22425,-8521,NaN,NaN,NaN,NaN,166991,76236,-44390,31846,60331,-83656,-23325,13904,-22425,-8521
2015-08-27T22:00:00Z,2.3335,2.366,2.3075,2.339,NaN,NaN,NaN,NaN,346.15,351.8,343.35,348.6,76236,-44390,31846,60331,-83656,-23325,13904,-22425,-8521,NaN,NaN,NaN,NaN,166991,76236,-44390,31846,60331,-83656,-23325,13904,-22425,-8521
2015-08-30T22:00:00Z,2.341,2.346,2.2935,2.3355,NaN,NaN,NaN,NaN,348,349.9,343,348.75,76236,-44390,31846,60331,-83656,-23325,13904,-22425,-8521,NaN,NaN,NaN,NaN,166991,76236,-44390,31846,60331,-83656,-23325,13904,-22425,-8521
2015-08-31T22:00:00Z,2.3365,2.34,2.287,2.29,NaN,NaN,NaN,NaN,348,348.5,343,343.25,74534,-46459,28075,61031,-81421,-20390,11171,-18856,-7685,NaN,NaN,NaN,NaN,158648,74534,-46459,28075,61031,-81421,-20390,11171,-18856,-7685
2015-09-01T22:00:00Z,2.2935,2.3465,2.288,2.33,NaN,NaN,NaN,NaN,343.25,348.85,342.25,345.95,74534,-46459,28075,61031,-81421,-20390,11171,-18856,-7685,NaN,NaN,NaN,NaN,158648,74534,-46459,28075,61031,-81421,-20390,11171,-18856,-7685
2015-09-02T22:00:00Z,2.3275,2.418,2.324,2.376,NaN,NaN,NaN,NaN,347,358,347,352.6,74534,-46459,28075,61031,-81421,-20390,11171,-18856,-7685,NaN,NaN,NaN,NaN,158648,74534,-46459,28075,61031,-81421,-20390,11171,-18856,-7685
2015-09-03T22:00:00Z,2.378,2.379,2.306,2.312,NaN,NaN,NaN,NaN,351.5,353.4,345.8,347.5,74534,-46459,28075,61031,-81421,-20390,11171,-18856,-7685,NaN,NaN,NaN,NaN,158648,74534,-46459,28075,61031,-81421,-20390,11171,-18856,-7685
2015-09-06T22:00:00Z,2.319,2.448,2.307,2.4295,NaN,NaN,NaN,NaN,351.1,364.25,348.4,362.55,72133,-52296,19837,60691,-73958,-13267,13081,-19651,-6570,NaN,NaN,NaN,NaN,159016,72133,-52296,19837,60691,-73958,-13267,13081,-19651,-6570
2015-09-08T22:00:00Z,2.4335,2.4755,2.4185,2.424,NaN,NaN,NaN,NaN,363,367.1,361.7,363.3,72133,-52296,19837,60691,-73958,-13267,13081,-19651,-6570,NaN,NaN,NaN,NaN,159016,72133,-52296,19837,60691,-73958,-13267,13081,-19651,-6570
2015-09-09T22:00:00Z,2.4235,2.4725,2.423,2.4515,NaN,NaN,NaN,NaN,362.15,368,362.1,364.8,72133,-52296,19837,60691,-73958,-13267,13081,-19651,-6570,NaN,NaN,NaN,NaN,159016,72133,-52296,19837,60691,-73958,-13267,13081,-19651,-6570
2015-09-10T22:00:00Z,2.4505,2.4645,2.421,2.452,NaN,NaN,NaN,NaN,365.2,366.2,361.2,364.15,72133,-52296,19837,60691,-73958,-13267,13081,-19651,-6570,NaN,NaN,NaN,NaN,159016,72133,-52296,19837,60691,-73958,-13267,13081,-19651,-6570
2015-09-13T22:00:00Z,2.451,2.4555,2.4,2.4125,NaN,NaN,NaN,NaN,363,363,357,357.6,72133,-52296,19837,60691,-73958,-13267,13081,-19651,-6570,NaN,NaN,NaN,NaN,159016,72133,-52296,19837,60691,-73958,-13267,13081,-19651,-6570
2015-09-14T22:00:00Z,2.413,2.4305,2.3885,2.4275,NaN,NaN,NaN,NaN,358,361.7,355.5,361.2,69710,-59257,10453,59530,-63571,-4041,11992,-18404,-6412,NaN,NaN,NaN,NaN,154631,69710,-59257,10453,59530,-63571,-4041,11992,-18404,-6412
2015-09-15T22:00:00Z,2.4265,2.459,2.413,2.452,NaN,NaN,NaN,NaN,360,364.45,358.8,363.45,69710,-59257,10453,59530,-63571,-4041,11992,-18404,-6412,NaN,NaN,NaN,NaN,154631,69710,-59257,10453,59530,-63571,-4041,11992,-18404,-6412
2015-09-16T22:00:00Z,2.4525,2.493,2.433,2.463,NaN,NaN,NaN,NaN,362.1,364.8,361.05,363.45,69710,-59257,10453,59530,-63571,-4041,11992,-18404,-6412,NaN,NaN,NaN,NaN,154631,69710,-59257,10453,59530,-63571,-4041,11992,-18404,-6412
2015-09-17T22:00:00Z,2.4635,2.47,2.3725,2.38,NaN,NaN,NaN,NaN,362.1,362.7,350.25,350.55,69710,-59257,10453,59530,-63571,-4041,11992,-18404,-6412,NaN,NaN,NaN,NaN,154631,69710,-59257,10453,59530,-63571,-4041,11992,-18404,-6412
2015-09-20T22:00:00Z,2.3805,2.414,2.3625,2.387,NaN,NaN,NaN,NaN,350.25,354.65,349.9,351.15,69710,-59257,10453,59530,-63571,-4041,11992,-18404,-6412,NaN,NaN,NaN,NaN,154631,69710,-59257,10453,59530,-63571,-4041,11992,-18404,-6412
2015-09-21T22:00:00Z,2.3865,2.3915,2.2855,2.308,NaN,NaN,NaN,NaN,350.5,350.7,337.9,339.55,70959,-51740,19219,52382,-65632,-13250,14185,-20154,-5969,NaN,NaN,NaN,NaN,152575,70959,-51740,19219,52382,-65632,-13250,14185,-20154,-5969
2015-09-22T22:00:00Z,2.308,2.325,2.29,2.296,NaN,NaN,NaN,NaN,339.25,343.2,338.5,340.15,70959,-51740,19219,52382,-65632,-13250,14185,-20154,-5969,NaN,NaN,NaN,NaN,152575,70959,-51740,19219,52382,-65632,-13250,14185,-20154,-5969
2015-09-23T22:00:00Z,2.296,2.3155,2.273,2.303,NaN,NaN,NaN,NaN,341.1,343.7,337.2,341.35,70959,-51740,19219,52382,-65632,-13250,14185,-20154,-5969,NaN,NaN,NaN,NaN,152575,70959,-51740,19219,52382,-65632,-13250,14185,-20154,-5969
2015-09-24T22:00:00Z,2.3005,2.32,2.277,2.2815,NaN,NaN,NaN,NaN,341,342.9,337.4,337.8,70959,-51740,19219,52382,-65632,-13250,14185,-20154,-5969,NaN,NaN,NaN,NaN,152575,70959,-51740,19219,52382,-65632,-13250,14185,-20154,-5969
2015-09-27T22:00:00Z,2.28,2.3025,2.232,2.248,NaN,NaN,NaN,NaN,338.4,339.4,330.6,334,70959,-51740,19219,52382,-65632,-13250,14185,-20154,-5969,NaN,NaN,NaN,NaN,152575,70959,-51740,19219,52382,-65632,-13250,14185,-20154,-5969
2015-09-28T22:00:00Z,2.2475,2.2695,2.2255,2.2565,NaN,NaN,NaN,NaN,332.7,335.6,329.75,333,72385,-49149,23236,52419,-69425,-17006,13276,-19506,-6230,NaN,NaN,NaN,NaN,151710,72385,-49149,23236,52419,-69425,-17006,13276,-19506,-6230
2015-09-29T22:00:00Z,2.257,2.3575,2.2535,2.34,NaN,NaN,NaN,NaN,333.7,345.25,333.25,342.7,72385,-49149,23236,52419,-69425,-17006,13276,-19506,-6230,NaN,NaN,NaN,NaN,151710,72385,-49149,23236,52419,-69425,-17006,13276,-19506,-6230
2015-09-30T22:00:00Z,2.338,2.3765,2.297,2.3065,NaN,NaN,NaN,NaN,344.4,347.85,337.15,337.95,72385,-49149,23236,52419,-69425,-17006,13276,-19506,-6230,NaN,NaN,NaN,NaN,151710,72385,-49149,23236,52419,-69425,-17006,13276,-19506,-6230
2015-10-01T22:00:00Z,2.308,2.3465,2.273,2.345,NaN,NaN,NaN,NaN,NaN,NaN,NaN,NaN,72385,-49149,23236,52419,-69425,-17006,13276,-19506,-6230,NaN,NaN,NaN,NaN,151710,72385,-49149,23236,52419,-69425,-17006,13276,-19506,-6230
2015-10-04T22:00:00Z,2.3355,2.3735,2.3295,2.358,NaN,NaN,NaN,NaN,343.1,345.6,339.7,342.95,72385,-49149,23236,52419,-69425,-17006,13276,-19506,-6230,NaN,NaN,NaN,NaN,151710,72385,-49149,23236,52419,-69425,-17006,13276,-19506,-6230
2015-10-05T22:00:00Z,2.358,2.376,2.3255,2.356,NaN,NaN,NaN,NaN,341.8,345.9,339.7,343.35,72020,-55486,16534,54617,-66165,-11548,13040,-18026,-4986,NaN,NaN,NaN,NaN,153387,72020,-55486,16534,54617,-66165,-11548,13040,-18026,-4986
2015-10-06T22:00:00Z,2.357,2.396,2.352,2.368,NaN,NaN,NaN,NaN,343.6,346.95,341.8,343.2,72020,-55486,16534,54617,-66165,-11548,13040,-18026,-4986,NaN,NaN,NaN,NaN,153387,72020,-55486,16534,54617,-66165,-11548,13040,-18026,-4986
2015-10-07T22:00:00Z,2.367,2.3725,2.318,2.3505,NaN,NaN,NaN,NaN,342.85,342.85,336.85,339.85,72020,-55486,16534,54617,-66165,-11548,13040,-18026,-4986,NaN,NaN,NaN,NaN,153387,72020,-55486,16534,54617,-66165,-11548,13040,-18026,-4986
2015-10-08T22:00:00Z,2.3515,2.4375,2.346,2.4195,NaN,NaN,NaN,NaN,340.85,352.1,340.85,347.75,72020,-55486,16534,54617,-66165,-11548,13040,-18026,-4986,NaN,NaN,NaN,NaN,153387,72020,-55486,16534,54617,-66165,-11548,13040,-18026,-4986
2015-10-11T22:00:00Z,2.4185,2.437,2.404,2.409,NaN,NaN,NaN,NaN,348.85,351.75,347.75,348.3,72020,-55486,16534,54617,-66165,-11548,13040,-18026,-4986,NaN,NaN,NaN,NaN,153387,72020,-55486,16534,54617,-66165,-11548,13040,-18026,-4986
2015-10-12T22:00:00Z,2.4085,2.4135,2.377,2.377,NaN,NaN,NaN,NaN,347,349.95,345.8,346.95,70513,-60297,10216,54291,-60432,-6141,13312,-17387,-4075,NaN,NaN,NaN,NaN,156482,70513,-60297,10216,54291,-60432,-6141,13312,-17387,-4075
2015-10-13T22:00:00Z,2.382,2.4225,2.3775,2.4165,NaN,NaN,NaN,NaN,347.75,349.45,344.85,349.2,70513,-60297,10216,54291,-60432,-6141,13312,-17387,-4075,NaN,NaN,NaN,NaN,156482,70513,-60297,10216,54291,-60432,-6141,13312,-17387,-4075
2015-10-14T22:00:00Z,2.415,2.4355,2.402,2.4315,NaN,NaN,NaN,NaN,349.5,351.2,347.1,349.75,70513,-60297,10216,54291,-60432,-6141,13312,-17387,-4075,NaN,NaN,NaN,NaN,156482,70513,-60297,10216,54291,-60432,-6141,13312,-17387,-4075
2015-10-15T22:00:00Z,2.43,2.435,2.381,2.401,NaN,NaN,NaN,NaN,349,349.8,344.1,346.55,70513,-60297,10216,54291,-60432,-6141,13312,-17387,-4075,NaN,NaN,NaN,NaN,156482,70513,-60297,10216,54291,-60432,-6141,13312,-17387,-4075
2015-10-18T22:00:00Z,2.4015,2.4065,2.357,2.364,NaN,NaN,NaN,NaN,345.55,345.9,340.3,342.1,70513,-60297,10216,54291,-60432,-6141,13312,-17387,-4075,NaN,NaN,NaN,NaN,156482,70513,-60297,10216,54291,-60432,-6141,13312,-17387,-4075
2015-10-19T22:00:00Z,2.3645,2.383,2.351,2.359,NaN,NaN,NaN,NaN,340.85,344.25,339.85,342.5,70231,-61490,8741,56571,-61154,-4583,13946,-18104,-4158,NaN,NaN,NaN,NaN,162963,70231,-61490,8741,56571,-61154,-4583,13946,-18104,-4158
2015-10-20T22:00:00Z,2.359,2.365,2.3305,2.3565,NaN,NaN,NaN,NaN,341.45,342.65,338.6,342.05,70231,-61490,8741,56571,-61154,-4583,13946,-18104,-4158,NaN,NaN,NaN,NaN,162963,70231,-61490,8741,56571,-61154,-4583,13946,-18104,-4158
2015-10-21T22:00:00Z,2.36,2.405,2.355,2.3825,NaN,NaN,NaN,NaN,343.9,347.5,343.4,343.75,70231,-61490,8741,56571,-61154,-4583,13946,-18104,-4158,NaN,NaN,NaN,NaN,162963,70231,-61490,8741,56571,-61154,-4583,13946,-18104,-4158
2015-10-22T22:00:00Z,2.3805,2.418,2.342,2.3485,NaN,NaN,NaN,NaN,343.05,348.2,338.9,340.3,70231,-61490,8741,56571,-61154,-4583,13946,-18104,-4158,NaN,NaN,NaN,NaN,162963,70231,-61490,8741,56571,-61154,-4583,13946,-18104,-4158
2015-10-25T22:00:00Z,2.35,2.351,2.35,2.351,NaN,NaN,NaN,NaN,340.75,343.75,339.35,340.05,70231,-61490,8741,56571,-61154,-4583,13946,-18104,-4158,NaN,NaN,NaN,NaN,162963,70231,-61490,8741,56571,-61154,-4583,13946,-18104,-4158
2015-10-26T22:00:00Z,2.35,2.38,2.342,2.3675,NaN,NaN,NaN,NaN,340.6,343.65,340.3,342.05,71732,-65587,6145,58172,-59021,-849,13687,-18983,-5296,NaN,NaN,NaN,NaN,165946,71732,-65587,6145,58172,-59021,-849,13687,-18983,-5296
2015-10-27T22:00:00Z,2.3665,2.3725,2.3255,2.3675,NaN,NaN,NaN,NaN,341.15,342.35,336.25,341.45,71732,-65587,6145,58172,-59021,-849,13687,-18983,-5296,NaN,NaN,NaN,NaN,165946,71732,-65587,6145,58172,-59021,-849,13687,-18983,-5296
2015-10-28T22:00:00Z,2.364,2.365,2.3165,2.322,NaN,NaN,NaN,NaN,340.8,341.55,337,337.25,71732,-65587,6145,58172,-59021,-849,13687,-18983,-5296,NaN,NaN,NaN,NaN,165946,71732,-65587,6145,58172,-59021,-849,13687,-18983,-5296
2015-10-29T22:00:00Z,2.3245,2.3375,2.309,2.316,NaN,NaN,NaN,NaN,338.2,338.3,335.4,336.55,71732,-65587,6145,58172,-59021,-849,13687,-18983,-5296,NaN,NaN,NaN,NaN,165946,71732,-65587,6145,58172,-59021,-849,13687,-18983,-5296
2015-11-01T23:00:00Z,2.306,2.323,2.2885,2.3115,NaN,NaN,NaN,NaN,336,338,335.7,337.45,71732,-65587,6145,58172,-59021,-849,13687,-18983,-5296,NaN,NaN,NaN,NaN,165946,71732,-65587,6145,58172,-59021,-849,13687,-18983,-5296
2015-11-02T23:00:00Z,2.314,2.342,2.3,2.335,NaN,NaN,NaN,NaN,337.9,340.35,336,339.6,76694,-58720,17974,55293,-67071,-11778,13567,-19763,-6196,NaN,NaN,NaN,NaN,165386,76694,-58720,17974,55293,-67071,-11778,13567,-19763,-6196
2015-11-03T23:00:00Z,2.331,2.362,2.3165,2.3215,NaN,NaN,NaN,NaN,340,342.65,337,337.65,76694,-58720,17974,55293,-67071,-11778,13567,-19763,-6196,NaN,NaN,NaN,NaN,165386,76694,-58720,17974,55293,-67071,-11778,13567,-19763,-6196
2015-11-04T23:00:00Z,2.3185,2.332,2.2505,2.2555,NaN,NaN,NaN,NaN,338.05,338.4,329.25,330.1,76694,-58720,17974,55293,-67071,-11778,13567,-19763,-6196,NaN,NaN,NaN,NaN,165386,76694,-58720,17974,55293,-67071,-11778,13567,-19763,-6196
2015-11-05T23:00:00Z,2.254,2.271,2.2355,2.243,NaN,NaN,NaN,NaN,330.5,331.65,327.65,328.8,76694,-58720,17974,55293,-67071,-11778,13567,-19763,-6196,NaN,NaN,NaN,NaN,165386,76694,-58720,17974,55293,-67071,-11778,13567,-19763,-6196
2015-11-08T23:00:00Z,2.235,2.251,2.226,2.2285,NaN,NaN,NaN,NaN,331,331.9,328.75,329.2,76694,-58720,17974,55293,-67071,-11778,13567,-19763,-6196,NaN,NaN,NaN,NaN,165386,76694,-58720,17974,55293,-67071,-11778,13567,-19763,-6196
2015-11-09T23:00:00Z,2.228,2.242,2.206,2.2195,NaN,NaN,NaN,NaN,328.2,329.85,324.25,325.75,80345,-48776,31569,52814,-80242,-27428,16191,-20332,-4141,NaN,NaN,NaN,NaN,173872,80345,-48776,31569,52814,-80242,-27428,16191,-20332,-4141
2015-11-10T23:00:00Z,2.219,2.2275,2.197,2.2175,NaN,NaN,NaN,NaN,325.75,325.75,323.5,324.75,80345,-48776,31569,52814,-80242,-27428,16191,-20332,-4141,NaN,NaN,NaN,NaN,173872,80345,-48776,31569,52814,-80242,-27428,16191,-20332,-4141
2015-11-11T23:00:00Z,2.214,2.2265,2.1585,2.165,NaN,NaN,NaN,NaN,322.6,323,316.6,318.25,80345,-48776,31569,52814,-80242,-27428,16191,-20332,-4141,NaN,NaN,NaN,NaN,173872,80345,-48776,31569,52814,-80242,-27428,16191,-20332,-4141
2015-11-12T23:00:00Z,2.167,2.1725,2.151,2.162,NaN,NaN,NaN,NaN,317.55,318.45,315.35,317.7,80345,-48776,31569,52814,-80242,-27428,16191,-20332,-4141,NaN,NaN,NaN,NaN,173872,80345,-48776,31569,52814,-80242,-27428,16191,-20332,-4141
2015-11-15T23:00:00Z,2.1585,2.171,2.1065,2.1205,NaN,NaN,NaN,NaN,316.9,317.6,308.1,308.85,80345,-48776,31569,52814,-80242,-27428,16191,-20332,-4141,NaN,NaN,NaN,NaN,173872,80345,-48776,31569,52814,-80242,-27428,16191,-20332,-4141
2015-11-16T23:00:00Z,2.124,2.1285,2.066,2.0945,NaN,NaN,NaN,NaN,307.9,310.95,302.2,307.75,84208,-49850,34358,61534,-90817,-29283,16178,-21253,-5075,NaN,NaN,NaN,NaN,193328,84208,-49850,34358,61534,-90817,-29283,16178,-21253,-5075
2015-11-17T23:00:00Z,2.0945,2.1025,2.067,2.072,NaN,NaN,NaN,NaN,306.55,308.4,302.7,304.7,84208,-49850,34358,61534,-90817,-29283,16178,-21253,-5075,NaN,NaN,NaN,NaN,193328,84208,-49850,34358,61534,-90817,-29283,16178,-21253,-5075
2015-11-18T23:00:00Z,2.0705,2.089,2.059,2.075,NaN,NaN,NaN,NaN,304.4,305.35,301.15,303.6,84208,-49850,34358,61534,-90817,-29283,16178,-21253,-5075,NaN,NaN,NaN,NaN,193328,84208,-49850,34358,61534,-90817,-29283,16178,-21253,-5075
2015-11-19T23:00:00Z,2.073,2.103,2.0305,2.0385,NaN,NaN,NaN,NaN,304.3,307.8,299.6,300.15,84208,-49850,34358,61534,-90817,-29283,16178,-21253,-5075,NaN,NaN,NaN,NaN,193328,84208,-49850,34358,61534,-90817,-29283,16178,-21253,-5075
2015-11-22T23:00:00Z,2.0425,2.0545,2.0015,2.0185,NaN,NaN,NaN,NaN,299.5,299.5,293.5,296.6,84208,-49850,34358,61534,-90817,-29283,16178,-21253,-5075,NaN,NaN,NaN,NaN,193328,84208,-49850,34358,61534,-90817,-29283,16178,-21253,-5075
2015-11-23T23:00:00Z,2.019,2.07,2.0105,2.056,NaN,NaN,NaN,NaN,296.6,303.25,295.65,302.2,83953,-46557,37396,64527,-98293,-33766,16304,-19934,-3630,NaN,NaN,NaN,NaN,186199,83953,-46557,37396,64527,-98293,-33766,16304,-19934,-3630
2015-11-24T23:00:00Z,2.056,2.065,2.028,2.043,NaN,NaN,NaN,NaN,299.6,302.85,297.3,300.15,83953,-46557,37396,64527,-98293,-33766,16304,-19934,-3630,NaN,NaN,NaN,NaN,186199,83953,-46557,37396,64527,-98293,-33766,16304,-19934,-3630
2015-11-25T23:00:00Z,2.0475,2.1345,2.0465,2.0635,NaN,NaN,NaN,NaN,314.6,314.75,309.7,310.8,83953,-46557,37396,64527,-98293,-33766,16304,-19934,-3630,NaN,NaN,NaN,NaN,186199,83953,-46557,37396,64527,-98293,-33766,16304,-19934,-3630
2015-11-29T23:00:00Z,2.08,2.084,2.04,2.045,NaN,NaN,NaN,NaN,309.5,311.65,307,307.4,83953,-46557,37396,64527,-98293,-33766,16304,-19934,-3630,NaN,NaN,NaN,NaN,186199,83953,-46557,37396,64527,-98293,-33766,16304,-19934,-3630
2015-11-30T23:00:00Z,2.0475,2.0855,2.044,2.0725,NaN,NaN,NaN,NaN,309.5,311.9,308,310.35,82846,-45306,37540,66155,-100408,-34253,15936,-19223,-3287,NaN,NaN,NaN,NaN,180517,82846,-45306,37540,66155,-100408,-34253,15936,-19223,-3287
2015-12-01T23:00:00Z,2.074,2.0885,2.0295,2.0455,NaN,NaN,NaN,NaN,310.05,310.65,305,306.3,82846,-45306,37540,66155,-100408,-34253,15936,-19223,-3287,NaN,NaN,NaN,NaN,180517,82846,-45306,37540,66155,-100408,-34253,15936,-19223,-3287
2015-12-02T23:00:00Z,2.046,2.064,2.0255,2.0585,NaN,NaN,NaN,NaN,306.3,310.25,303.9,309.75,82846,-45306,37540,66155,-100408,-34253,15936,-19223,-3287,NaN,NaN,NaN,NaN,180517,82846,-45306,37540,66155,-100408,-34253,15936,-19223,-3287
2015-12-03T23:00:00Z,2.059,2.097,2.042,2.076,NaN,NaN,NaN,NaN,308.65,314.6,308.15,312.25,82846,-45306,37540,66155,-100408,-34253,15936,-19223,-3287,NaN,NaN,NaN,NaN,180517,82846,-45306,37540,66155,-100408,-34253,15936,-19223,-3287
2015-12-06T23:00:00Z,2.0785,2.0945,2.043,2.045,NaN,NaN,NaN,NaN,311.4,313.15,306.55,307.1,82846,-45306,37540,66155,-100408,-34253,15936,-19223,-3287,NaN,NaN,NaN,NaN,180517,82846,-45306,37540,66155,-100408,-34253,15936,-19223,-3287
2015-12-07T23:00:00Z,2.044,2.074,2.0355,2.0565,NaN,NaN,NaN,NaN,307.55,311.3,306.05,308.7,81927,-43773,38154,65812,-100004,-34192,14723,-18685,-3962,NaN,NaN,NaN,NaN,179248,81927,-43773,38154,65812,-100004,-34192,14723,-18685,-3962
2015-12-08T23:00:00Z,2.0595,2.0965,2.0575,2.0645,NaN,NaN,NaN,NaN,310,314.3,309.4,310.95,81927,-43773,38154,65812,-100004,-34192,14723,-18685,-3962,NaN,NaN,NaN,NaN,179248,81927,-43773,38154,65812,-100004,-34192,14723,-18685,-3962
2015-12-09T23:00:00Z,2.064,2.077,2.0555,2.064,NaN,NaN,NaN,NaN,310.6,311.4,308.4,310.4,81927,-43773,38154,65812,-100004,-34192,14723,-18685,-3962,NaN,NaN,NaN,NaN,179248,81927,-43773,38154,65812,-100004,-34192,14723,-18685,-3962
2015-12-10T23:00:00Z,2.07,2.1385,2.063,2.1135,NaN,NaN,NaN,NaN,310.7,321.65,310.7,318.75,81927,-43773,38154,65812,-100004,-34192,14723,-18685,-3962,NaN,NaN,NaN,NaN,179248,81927,-43773,38154,65812,-100004,-34192,14723,-18685,-3962
2015-12-13T23:00:00Z,2.112,2.1275,2.091,2.106,NaN,NaN,NaN,NaN,319.3,319.45,314.95,317.65,81927,-43773,38154,65812,-100004,-34192,14723,-18685,-3962,NaN,NaN,NaN,NaN,179248,81927,-43773,38154,65812,-100004,-34192,14723,-18685,-3962
2015-12-14T23:00:00Z,2.1075,2.117,2.045,2.0455,NaN,NaN,NaN,NaN,316.4,316.4,307.45,308.9,79212,-43369,35843,68029,-100662,-32633,13689,-16899,-3210,NaN,NaN,NaN,NaN,178761,79212,-43369,35843,68029,-100662,-32633,13689,-16899,-3210
2015-12-15T23:00:00Z,2.0505,2.0905,2.05,2.0715,NaN,NaN,NaN,NaN,309.45,312.55,307.85,310.05,79212,-43369,35843,68029,-100662,-32633,13689,-16899,-3210,NaN,NaN,NaN,NaN,178761,79212,-43369,35843,68029,-100662,-32633,13689,-16899,-3210
2015-12-16T23:00:00Z,2.0725,2.0785,2.034,2.0425,NaN,NaN,NaN,NaN,308.75,308.75,302.75,304.55,79212,-43369,35843,68029,-100662,-32633,13689,-16899,-3210,NaN,NaN,NaN,NaN,178761,79212,-43369,35843,68029,-100662,-32633,13689,-16899,-3210
2015-12-17T23:00:00Z,2.041,2.114,2.0405,2.108,NaN,NaN,NaN,NaN,305.95,314.3,305.45,313.3,79212,-43369,35843,68029,-100662,-32633,13689,-16899,-3210,NaN,NaN,NaN,NaN,178761,79212,-43369,35843,68029,-100662,-32633,13689,-16899,-3210
2015-12-20T23:00:00Z,2.119,2.144,2.102,2.1375,NaN,NaN,NaN,NaN,312.15,317.6,312.15,317.35,79212,-43369,35843,68029,-100662,-32633,13689,-16899,-3210,NaN,NaN,NaN,NaN,178761,79212,-43369,35843,68029,-100662,-32633,13689,-16899,-3210
2015-12-21T23:00:00Z,2.1415,2.1435,2.105,2.109,NaN,NaN,NaN,NaN,315.8,316.1,312.25,312.8,79311,-43004,36307,63124,-93463,-30339,12315,-18283,-5968,NaN,NaN,NaN,NaN,170210,79311,-43004,36307,63124,-93463,-30339,12315,-18283,-5968
2015-12-22T23:00:00Z,2.11,2.1305,2.1005,2.127,NaN,NaN,NaN,NaN,313.4,315.1,312,314,79311,-43004,36307,63124,-93463,-30339,12315,-18283,-5968,NaN,NaN,NaN,NaN,170210,79311,-43004,36307,63124,-93463,-30339,12315,-18283,-5968
2015-12-23T23:00:00Z,2.1275,2.1335,2.111,2.1215,NaN,NaN,NaN,NaN,312.75,313.85,312,313.3,79311,-43004,36307,63124,-93463,-30339,12315,-18283,-5968,NaN,NaN,NaN,NaN,170210,79311,-43004,36307,63124,-93463,-30339,12315,-18283,-5968
2015-12-27T23:00:00Z,2.127,2.128,2.076,2.0825,NaN,NaN,NaN,NaN,313.3,313.3,307.5,308.25,79311,-43004,36307,63124,-93463,-30339,12315,-18283,-5968,NaN,NaN,NaN,NaN,170210,79311,-43004,36307,63124,-93463,-30339,12315,-18283,-5968
2015-12-28T23:00:00Z,2.0825,2.148,2.08,2.1365,NaN,NaN,NaN,NaN,309.4,318.35,309.4,316.65,78884,-43214,35670,59955,-90061,-30106,12828,-18392,-5564,NaN,NaN,NaN,NaN,167689,78884,-43214,35670,59955,-90061,-30106,12828,-18392,-5564
2015-12-29T23:00:00Z,2.138,2.1485,2.126,2.147,NaN,NaN,NaN,NaN,316.25,318.85,315.2,318.4,78884,-43214,35670,59955,-90061,-30106,12828,-18392,-5564,NaN,NaN,NaN,NaN,167689,78884,-43214,35670,59955,-90061,-30106,12828,-18392,-5564
2015-12-30T23:00:00Z,2.147,2.148,2.117,2.135,NaN,NaN,NaN,NaN,318.1,318.1,313.1,315.5,78884,-43214,35670,59955,-90061,-30106,12828,-18392,-5564,NaN,NaN,NaN,NaN,167689,78884,-43214,35670,59955,-90061,-30106,12828,-18392,-5564
2016-01-03T23:00:00Z,2.1335,2.1395,2.069,2.0815,NaN,NaN,NaN,NaN,315.7,315.7,308.05,309.8,78884,-43214,35670,59955,-90061,-30106,12828,-18392,-5564,NaN,NaN,NaN,NaN,167689,78884,-43214,35670,59955,-90061,-30106,12828,-18392,-5564
2016-01-04T23:00:00Z,2.0825,2.1115,2.0735,2.094,NaN,NaN,NaN,NaN,308.4,313.5,308.4,311,79330,-42180,37150,63058,-94871,-31813,12567,-17904,-5337,NaN,NaN,NaN,NaN,171819,79330,-42180,37150,63058,-94871,-31813,12567,-17904,-5337
2016-01-05T23:00:00Z,2.095,2.0955,2.0715,2.089,NaN,NaN,NaN,NaN,311.5,312,309,311.1,79330,-42180,37150,63058,-94871,-31813,12567,-17904,-5337,NaN,NaN,NaN,NaN,171819,79330,-42180,37150,63058,-94871,-31813,12567,-17904,-5337
2016-01-06T23:00:00Z,2.091,2.094,1.99,2.0225,NaN,NaN,NaN,NaN,309.2,309.2,296.45,300.8,79330,-42180,37150,63058,-94871,-31813,12567,-17904,-5337,NaN,NaN,NaN,NaN,171819,79330,-42180,37150,63058,-94871,-31813,12567,-17904,-5337
2016-01-07T23:00:00Z,2.0225,2.0515,2.011,2.015,NaN,NaN,NaN,NaN,300.5,305.3,300.25,301.4,79330,-42180,37150,63058,-94871,-31813,12567,-17904,-5337,NaN,NaN,NaN,NaN,171819,79330,-42180,37150,63058,-94871,-31813,12567,-17904,-5337
2016-01-10T23:00:00Z,2.013,2.0155,1.9665,1.976,NaN,NaN,NaN,NaN,300.6,300.6,293.5,293.8,79330,-42180,37150,63058,-94871,-31813,12567,-17904,-5337,NaN,NaN,NaN,NaN,171819,79330,-42180,37150,63058,-94871,-31813,12567,-17904,-5337
2016-01-11T23:00:00Z,1.975,1.981,1.9525,1.96,NaN,NaN,NaN,NaN,294.25,295.55,291.85,292.7,88452,-40280,48172,68662,-110687,-42025,14270,-20417,-6147,NaN,NaN,NaN,NaN,193520,88452,-40280,48172,68662,-110687,-42025,14270,-20417,-6147
2016-01-12T23:00:00Z,1.9595,1.98,1.951,1.955,NaN,NaN,NaN,NaN,293.9,295.3,291.5,291.9,88452,-40280,48172,68662,-110687,-42025,14270,-20417,-6147,NaN,NaN,NaN,NaN,193520,88452,-40280,48172,68662,-110687,-42025,14270,-20417,-6147
2016-01-13T23:00:00Z,1.956,1.992,1.9425,1.979,NaN,NaN,NaN,NaN,292.9,299.55,292.9,297.25,88452,-40280,48172,68662,-110687,-42025,14270,-20417,-6147,NaN,NaN,NaN,NaN,193520,88452,-40280,48172,68662,-110687,-42025,14270,-20417,-6147
2016-01-14T23:00:00Z,1.979,1.985,1.9365,1.9485,NaN,NaN,NaN,NaN,296.5,296.8,293.2,294.65,88452,-40280,48172,68662,-110687,-42025,14270,-20417,-6147,NaN,NaN,NaN,NaN,193520,88452,-40280,48172,68662,-110687,-42025,14270,-20417,-6147
2016-01-17T23:00:00Z,1.9385,2.013,1.9355,1.968,NaN,NaN,NaN,NaN,297.85,302.85,297.85,298.75,92728,-43574,49154,68711,-112117,-43406,13786,-19534,-5748,NaN,NaN,NaN,NaN,199011,92728,-43574,49154,68711,-112117,-43406,13786,-19534,-5748
2016-01-19T23:00:00Z,1.9705,1.991,1.953,1.981,NaN,NaN,NaN,NaN,298.6,299.5,296.25,297.35,92728,-43574,49154,68711,-112117,-43406,13786,-19534,-5748,NaN,NaN,NaN,NaN,199011,92728,-43574,49154,68711,-112117,-43406,13786,-19534,-5748
2016-01-20T23:00:00Z,1.98,2.0015,1.9575,1.993,NaN,NaN,NaN,NaN,297.6,302.25,296.45,301.75,92728,-43574,49154,68711,-112117,-43406,13786,-19534,-5748,NaN,NaN,NaN,NaN,199011,92728,-43574,49154,68711,-112117,-43406,13786,-19534,-5748
2016-01-21T23:00:00Z,1.995,2.023,1.9885,2.003,NaN,NaN,NaN,NaN,301,303.95,300.35,301.25,92728,-43574,49154,68711,-112117,-43406,13786,-19534,-5748,NaN,NaN,NaN,NaN,199011,92728,-43574,49154,68711,-112117,-43406,13786,-19534,-5748
2016-01-24T23:00:00Z,2.0015,2.015,1.9815,1.9925,NaN,NaN,NaN,NaN,300.4,303.65,298.85,300.85,92728,-43574,49154,68711,-112117,-43406,13786,-19534,-5748,NaN,NaN,NaN,NaN,199011,92728,-43574,49154,68711,-112117,-43406,13786,-19534,-5748
2016-01-25T23:00:00Z,1.993,2.0495,1.981,2.037,NaN,NaN,NaN,NaN,NaN,NaN,NaN,NaN,94258,-50133,44125,64968,-101795,-36827,12697,-19995,-7298,NaN,NaN,NaN,NaN,202900,94258,-50133,44125,64968,-101795,-36827,12697,-19995,-7298
2016-01-26T23:00:00Z,2.038,2.0755,2.031,2.0595,NaN,NaN,NaN,NaN,301.55,313.6,301.55,312.25,94258,-50133,44125,64968,-101795,-36827,12697,-19995,-7298,NaN,NaN,NaN,NaN,202900,94258,-50133,44125,64968,-101795,-36827,12697,-19995,-7298
2016-01-27T23:00:00Z,2.06,2.0675,2.037,2.054,NaN,NaN,NaN,NaN,311.45,312.3,308.35,310.1,94258,-50133,44125,64968,-101795,-36827,12697,-19995,-7298,NaN,NaN,NaN,NaN,202900,94258,-50133,44125,64968,-101795,-36827,12697,-19995,-7298
2016-01-28T23:00:00Z,2.052,2.0695,2.0455,2.061,NaN,NaN,NaN,NaN,309.9,311.85,308.15,311.6,94258,-50133,44125,64968,-101795,-36827,12697,-19995,-7298,NaN,NaN,NaN,NaN,202900,94258,-50133,44125,64968,-101795,-36827,12697,-19995,-7298
2016-01-31T23:00:00Z,2.062,2.066,2.0285,2.0605,NaN,NaN,NaN,NaN,309.05,310.45,305.3,310.15,94258,-50133,44125,64968,-101795,-36827,12697,-19995,-7298,NaN,NaN,NaN,NaN,202900,94258,-50133,44125,64968,-101795,-36827,12697,-19995,-7298
2016-02-01T23:00:00Z,2.0635,2.0875,2.0405,2.046,NaN,NaN,NaN,NaN,309.5,314.65,308.1,309.95,90906,-48979,41927,63562,-99073,-35511,13012,-19428,-6416,NaN,NaN,NaN,NaN,201682,90906,-48979,41927,63562,-99073,-35511,13012,-19428,-6416
2016-02-02T23:00:00Z,2.048,2.1025,2.0375,2.0995,NaN,NaN,NaN,NaN,310.95,316.9,310.35,315.7,90906,-48979,41927,63562,-99073,-35511,13012,-19428,-6416,NaN,NaN,NaN,NaN,201682,90906,-48979,41927,63562,-99073,-35511,13012,-19428,-6416
2016-02-03T23:00:00Z,2.1,2.138,2.0955,2.121,NaN,NaN,NaN,NaN,317.4,319.9,315.7,319.2,90906,-48979,41927,63562,-99073,-35511,13012,-19428,-6416,NaN,NaN,NaN,NaN,201682,90906,-48979,41927,63562,-99073,-35511,13012,-19428,-6416
2016-02-04T23:00:00Z,2.1205,2.1275,2.08,2.0895,NaN,NaN,NaN,NaN,317.65,319.1,313.75,316.1,90906,-48979,41927,63562,-99073,-35511,13012,-19428,-6416,NaN,NaN,NaN,NaN,201682,90906,-48979,41927,63562,-99073,-35511,13012,-19428,-6416
2016-02-07T23:00:00Z,2.093,2.1065,2.071,2.0935,NaN,NaN,NaN,NaN,314.3,316.75,312.05,315.1,90906,-48979,41927,63562,-99073,-35511,13012,-19428,-6416,NaN,NaN,NaN,NaN,201682,90906,-48979,41927,63562,-99073,-35511,13012,-19428,-6416
2016-02-08T23:00:00Z,2.091,2.104,2.013,2.0395,NaN,NaN,NaN,NaN,314.95,317.4,303.35,306.4,82362,-51598,30764,63452,-90280,-26828,13948,-17884,-3936,NaN,NaN,NaN,NaN,189518,82362,-51598,30764,63452,-90280,-26828,13948,-17884,-3936
2016-02-09T23:00:00Z,2.041,2.043,1.999,2.0165,NaN,NaN,NaN,NaN,305.45,307.15,301,304.15,82362,-51598,30764,63452,-90280,-26828,13948,-17884,-3936,NaN,NaN,NaN,NaN,189518,82362,-51598,30764,63452,-90280,-26828,13948,-17884,-3936
2016-02-10T23:00:00Z,2.0185,2.0305,1.9985,2.0125,NaN,NaN,NaN,NaN,302.2,308,301.7,304.75,82362,-51598,30764,63452,-90280,-26828,13948,-17884,-3936,NaN,NaN,NaN,NaN,189518,82362,-51598,30764,63452,-90280,-26828,13948,-17884,-3936
2016-02-11T23:00:00Z,2.0135,2.044,2.0065,2.0335,NaN,NaN,NaN,NaN,305.55,308.85,304.1,306.5,82362,-51598,30764,63452,-90280,-26828,13948,-17884,-3936,NaN,NaN,NaN,NaN,189518,82362,-51598,30764,63452,-90280,-26828,13948,-17884,-3936
2016-02-14T23:00:00Z,2.0395,2.085,2.0375,2.0485,NaN,NaN,NaN,NaN,312.5,315,310,310.95,84081,-55020,29061,60041,-87379,-27338,14737,-16460,-1723,NaN,NaN,NaN,NaN,191131,84081,-55020,29061,60041,-87379,-27338,14737,-16460,-1723
2016-02-16T23:00:00Z,2.0495,2.081,2.041,2.073,NaN,NaN,NaN,NaN,310.4,314.6,309.95,313.7,84081,-55020,29061,60041,-87379,-27338,14737,-16460,-1723,NaN,NaN,NaN,NaN,191131,84081,-55020,29061,60041,-87379,-27338,14737,-16460,-1723
2016-02-17T23:00:00Z,2.0745,2.0785,2.053,2.071,NaN,NaN,NaN,NaN,312.95,315.25,311,314.8,84081,-55020,29061,60041,-87379,-27338,14737,-16460,-1723,NaN,NaN,NaN,NaN,191131,84081,-55020,29061,60041,-87379,-27338,14737,-16460,-1723
2016-02-18T23:00:00Z,2.0735,2.0945,2.06,2.08,NaN,NaN,NaN,NaN,314.9,318.05,314.05,316.05,84081,-55020,29061,60041,-87379,-27338,14737,-16460,-1723,NaN,NaN,NaN,NaN,191131,84081,-55020,29061,60041,-87379,-27338,14737,-16460,-1723
2016-02-21T23:00:00Z,2.0775,2.129,2.077,2.116,NaN,NaN,NaN,NaN,317.7,322.5,317.7,320.8,84081,-55020,29061,60041,-87379,-27338,14737,-16460,-1723,NaN,NaN,NaN,NaN,191131,84081,-55020,29061,60041,-87379,-27338,14737,-16460,-1723
2016-02-22T23:00:00Z,2.116,2.12,2.0895,2.1,NaN,NaN,NaN,NaN,320.4,320.4,317,319.2,77038,-51058,25980,57954,-80901,-22947,13956,-16989,-3033,NaN,NaN,NaN,NaN,173541,77038,-51058,25980,57954,-80901,-22947,13956,-16989,-3033
2016-02-23T23:00:00Z,2.1005,2.1185,2.0645,2.118,NaN,NaN,NaN,NaN,316.1,318.9,313.2,318.1,77038,-51058,25980,57954,-80901,-22947,13956,-16989,-3033,NaN,NaN,NaN,NaN,173541,77038,-51058,25980,57954,-80901,-22947,13956,-16989,-3033
2016-02-24T23:00:00Z,2.1165,2.1185,2.0605,2.0785,NaN,NaN,NaN,NaN,317,319.8,314,315,77038,-51058,25980,57954,-80901,-22947,13956,-16989,-3033,NaN,NaN,NaN,NaN,173541,77038,-51058,25980,57954,-80901,-22947,13956,-16989,-3033
2016-02-25T23:00:00Z,2.086,2.164,2.082,2.1205,NaN,NaN,NaN,NaN,321.2,332.4,321.2,327.05,77038,-51058,25980,57954,-80901,-22947,13956,-16989,-3033,NaN,NaN,NaN,NaN,173541,77038,-51058,25980,57954,-80901,-22947,13956,-16989,-3033
2016-02-28T23:00:00Z,2.1245,2.134,2.099,2.1295,NaN,NaN,NaN,NaN,325.7,326.5,322,325.1,77038,-51058,25980,57954,-80901,-22947,13956,-16989,-3033,NaN,NaN,NaN,NaN,173541,77038,-51058,25980,57954,-80901,-22947,13956,-16989,-3033
2016-02-29T23:00:00Z,2.129,2.148,2.0955,2.143,NaN,NaN,NaN,NaN,322,325.25,320.7,324.25,73508,-47245,26263,55749,-80365,-24616,14280,-15927,-1647,NaN,NaN,NaN,NaN,160010,73508,-47245,26263,55749,-80365,-24616,14280,-15927,-1647
2016-03-01T23:00:00Z,2.142,2.2,2.1355,2.188,NaN,NaN,NaN,NaN,325,328.75,325,328.3,73508,-47245,26263,55749,-80365,-24616,14280,-15927,-1647,NaN,NaN,NaN,NaN,160010,73508,-47245,26263,55749,-80365,-24616,14280,-15927,-1647
2016-03-02T23:00:00Z,2.191,2.22,2.1705,2.21,NaN,NaN,NaN,NaN,327.9,331.55,327.3,331.15,73508,-47245,26263,55749,-80365,-24616,14280,-15927,-1647,NaN,NaN,NaN,NaN,160010,73508,-47245,26263,55749,-80365,-24616,14280,-15927,-1647
2016-03-03T23:00:00Z,2.2105,2.304,2.208,2.26,NaN,NaN,NaN,NaN,331.75,343.4,331.75,339.2,73508,-47245,26263,55749,-80365,-24616,14280,-15927,-1647,NaN,NaN,NaN,NaN,160010,73508,-47245,26263,55749,-80365,-24616,14280,-15927,-1647
2016-03-06T23:00:00Z,2.276,2.2925,2.245,2.274,NaN,NaN,NaN,NaN,339.6,341.9,338,340.4,73508,-47245,26263,55749,-80365,-24616,14280,-15927,-1647,NaN,NaN,NaN,NaN,160010,73508,-47245,26263,55749,-80365,-24616,14280,-15927,-1647
2016-03-07T23:00:00Z,2.274,2.2765,2.2035,2.2145,NaN,NaN,NaN,NaN,338,342.1,331.8,333.85,70111,-66455,3656,63178,-66056,-2878,14821,-15599,-778,NaN,NaN,NaN,NaN,165888,70111,-66455,3656,63178,-66056,-2878,14821,-15599,-778
2016-03-08T23:00:00Z,2.22,2.253,2.2045,2.234,NaN,NaN,NaN,NaN,332.55,337.05,332.35,334.6,70111,-66455,3656,63178,-66056,-2878,14821,-15599,-778,NaN,NaN,NaN,NaN,165888,70111,-66455,3656,63178,-66056,-2878,14821,-15599,-778
2016-03-09T23:00:00Z,2.234,2.242,2.207,2.225,NaN,NaN,NaN,NaN,335,335.6,330.75,332.9,70111,-66455,3656,63178,-66056,-2878,14821,-15599,-778,NaN,NaN,NaN,NaN,165888,70111,-66455,3656,63178,-66056,-2878,14821,-15599,-778
2016-03-10T23:00:00Z,2.226,2.2565,2.2175,2.236,NaN,NaN,NaN,NaN,334,336.8,333.5,334.5,70111,-66455,3656,63178,-66056,-2878,14821,-15599,-778,NaN,NaN,NaN,NaN,165888,70111,-66455,3656,63178,-66056,-2878,14821,-15599,-778
2016-03-13T22:00:00Z,2.2385,2.2775,2.227,2.2395,NaN,NaN,NaN,NaN,335.5,338.9,333.4,335.05,70111,-66455,3656,63178,-66056,-2878,14821,-15599,-778,NaN,NaN,NaN,NaN,165888,70111,-66455,3656,63178,-66056,-2878,14821,-15599,-778
2016-03-14T22:00:00Z,2.2415,2.245,2.207,2.2365,NaN,NaN,NaN,NaN,334,336.35,331.35,336.05,72119,-71009,1110,63343,-63890,-547,15278,-15841,-563,NaN,NaN,NaN,NaN,175443,72119,-71009,1110,63343,-63890,-547,15278,-15841,-563
2016-03-15T22:00:00Z,2.238,2.268,2.223,2.254,NaN,NaN,NaN,NaN,335,337.25,333.8,334.6,72119,-71009,1110,63343,-63890,-547,15278,-15841,-563,NaN,NaN,NaN,NaN,175443,72119,-71009,1110,63343,-63890,-547,15278,-15841,-563
2016-03-16T22:00:00Z,2.2535,2.2975,2.252,2.2885,NaN,NaN,NaN,NaN,335.1,340.9,335,338.6,72119,-71009,1110,63343,-63890,-547,15278,-15841,-563,NaN,NaN,NaN,NaN,175443,72119,-71009,1110,63343,-63890,-547,15278,-15841,-563
2016-03-17T22:00:00Z,2.29,2.3235,2.276,2.286,NaN,NaN,NaN,NaN,339,343.85,336.3,337.55,72119,-71009,1110,63343,-63890,-547,15278,-15841,-563,NaN,NaN,NaN,NaN,175443,72119,-71009,1110,63343,-63890,-547,15278,-15841,-563
2016-03-20T22:00:00Z,2.292,2.302,2.27,2.287,NaN,NaN,NaN,NaN,338,340.15,335.85,339.45,72119,-71009,1110,63343,-63890,-547,15278,-15841,-563,NaN,NaN,NaN,NaN,175443,72119,-71009,1110,63343,-63890,-547,15278,-15841,-563
2016-03-21T22:00:00Z,2.29,2.2945,2.272,2.2915,NaN,NaN,NaN,NaN,338,339.6,336.95,339.15,72166,-73203,-1037,62514,-61596,918,14844,-14725,119,NaN,NaN,NaN,NaN,178177,72166,-73203,-1037,62514,-61596,918,14844,-14725,119
2016-03-22T22:00:00Z,2.288,2.2965,2.2305,2.2385,NaN,NaN,NaN,NaN,338.5,339.4,332.05,333.35,72166,-73203,-1037,62514,-61596,918,14844,-14725,119,NaN,NaN,NaN,NaN,178177,72166,-73203,-1037,62514,-61596,918,14844,-14725,119
2016-03-23T22:00:00Z,2.2395,2.2435,2.2055,2.238,NaN,NaN,NaN,NaN,332,332.6,328.6,332.05,72166,-73203,-1037,62514,-61596,918,14844,-14725,119,NaN,NaN,NaN,NaN,178177,72166,-73203,-1037,62514,-61596,918,14844,-14725,119
2016-03-27T22:00:00Z,2.2365,2.2555,2.2215,2.2435,NaN,NaN,NaN,NaN,331,333.9,329.7,332.1,72166,-73203,-1037,62514,-61596,918,14844,-14725,119,NaN,NaN,NaN,NaN,178177,72166,-73203,-1037,62514,-61596,918,14844,-14725,119
2016-03-28T22:00:00Z,2.242,2.248,2.197,2.2125,NaN,NaN,NaN,NaN,331.5,331.5,325.55,326.5,76022,-72557,3465,67603,-72029,-4426,15262,-14301,961,NaN,NaN,NaN,NaN,186775,76022,-72557,3465,67603,-72029,-4426,15262,-14301,961
2016-03-29T22:00:00Z,2.2115,2.221,2.1815,2.1875,NaN,NaN,NaN,NaN,325.25,325.4,321.45,321.95,76022,-72557,3465,67603,-72029,-4426,15262,-14301,961,NaN,NaN,NaN,NaN,186775,76022,-72557,3465,67603,-72029,-4426,15262,-14301,961
2016-03-30T22:00:00Z,2.1895,2.201,2.166,2.183,NaN,NaN,NaN,NaN,321,322.95,318.6,321.25,76022,-72557,3465,67603,-72029,-4426,15262,-14301,961,NaN,NaN,NaN,NaN,186775,76022,-72557,3465,67603,-72029,-4426,15262,-14301,961
2016-03-31T22:00:00Z,2.185,2.204,2.1585,2.169,NaN,NaN,NaN,NaN,321.05,324.2,317.7,318.55,76022,-72557,3465,67603,-72029,-4426,15262,-14301,961,NaN,NaN,NaN,NaN,186775,76022,-72557,3465,67603,-72029,-4426,15262,-14301,961
2016-04-03T22:00:00Z,2.165,2.173,2.1365,2.1415,NaN,NaN,NaN,NaN,318.45,318.7,313.6,314.25,76022,-72557,3465,67603,-72029,-4426,15262,-14301,961,NaN,NaN,NaN,NaN,186775,76022,-72557,3465,67603,-72029,-4426,15262,-14301,961
2016-04-04T22:00:00Z,2.145,2.1605,2.1315,2.143,NaN,NaN,NaN,NaN,315,317.35,314.55,315.05,76425,-66055,10370,67537,-77622,-10085,16796,-17081,-285,NaN,NaN,NaN,NaN,192906,76425,-66055,10370,67537,-77622,-10085,16796,-17081,-285
2016-04-05T22:00:00Z,2.143,2.151,2.1305,2.1425,NaN,NaN,NaN,NaN,316.5,317.6,315,316.15,76425,-66055,10370,67537,-77622,-10085,16796,-17081,-285,NaN,NaN,NaN,NaN,192906,76425,-66055,10370,67537,-77622,-10085,16796,-17081,-285
2016-04-06T22:00:00Z,2.14,2.1535,2.067,2.079,NaN,NaN,NaN,NaN,316,316.9,305.95,306.75,76425,-66055,10370,67537,-77622,-10085,16796,-17081,-285,NaN,NaN,NaN,NaN,192906,76425,-66055,10370,67537,-77622,-10085,16796,-17081,-285
2016-04-07T22:00:00Z,2.076,2.0965,2.071,2.086,NaN,NaN,NaN,NaN,308.1,309,306.1,308.2,76425,-66055,10370,67537,-77622,-10085,16796,-17081,-285,NaN,NaN,NaN,NaN,192906,76425,-66055,10370,67537,-77622,-10085,16796,-17081,-285
2016-04-10T22:00:00Z,2.0845,2.105,2.0735,2.082,NaN,NaN,NaN,NaN,309,309.7,305.7,307.25,76425,-66055,10370,67537,-77622,-10085,16796,-17081,-285,NaN,NaN,NaN,NaN,192906,76425,-66055,10370,67537,-77622,-10085,16796,-17081,-285
2016-04-11T22:00:00Z,2.0835,2.1565,2.0735,2.15,NaN,NaN,NaN,NaN,308.1,315.95,307.75,315.15,84007,-59754,24253,68479,-90800,-22321,15373,-17305,-1932,NaN,NaN,NaN,NaN,201236,84007,-59754,24253,68479,-90800,-22321,15373,-17305,-1932
2016-04-12T22:00:00Z,2.151,2.18,2.144,2.1715,NaN,NaN,NaN,NaN,316,320.4,316,319.45,84007,-59754,24253,68479,-90800,-22321,15373,-17305,-1932,NaN,NaN,NaN,NaN,201236,84007,-59754,24253,68479,-90800,-22321,15373,-17305,-1932
2016-04-13T22:00:00Z,2.171,2.177,2.1405,2.168,NaN,NaN,NaN,NaN,317.85,320.6,314.4,320.1,84007,-59754,24253,68479,-90800,-22321,15373,-17305,-1932,NaN,NaN,NaN,NaN,201236,84007,-59754,24253,68479,-90800,-22321,15373,-17305,-1932
2016-04-14T22:00:00Z,2.166,2.1725,2.1355,2.154,NaN,NaN,NaN,NaN,318.5,318.5,314.85,317.15,84007,-59754,24253,68479,-90800,-22321,15373,-17305,-1932,NaN,NaN,NaN,NaN,201236,84007,-59754,24253,68479,-90800,-22321,15373,-17305,-1932
2016-04-17T22:00:00Z,2.1435,2.1745,2.128,2.164,NaN,NaN,NaN,NaN,316.4,319.75,314.1,318.8,84007,-59754,24253,68479,-90800,-22321,15373,-17305,-1932,NaN,NaN,NaN,NaN,201236,84007,-59754,24253,68479,-90800,-22321,15373,-17305,-1932
2016-04-18T22:00:00Z,2.1645,2.228,2.1425,2.2255,NaN,NaN,NaN,NaN,317.7,325.85,315.05,325.6,86690,-61270,25420,66318,-90834,-24516,16759,-17663,-904,NaN,NaN,NaN,NaN,201891,86690,-61270,25420,66318,-90834,-24516,16759,-17663,-904
2016-04-19T22:00:00Z,2.225,2.242,2.1935,2.235,NaN,NaN,NaN,NaN,324.25,327.95,321.85,327.4,86690,-61270,25420,66318,-90834,-24516,16759,-17663,-904,NaN,NaN,NaN,NaN,201891,86690,-61270,25420,66318,-90834,-24516,16759,-17663,-904
2016-04-20T22:00:00Z,2.233,2.2835,2.2185,2.2515,NaN,NaN,NaN,NaN,328.25,334.45,325.9,330.55,86690,-61270,25420,66318,-90834,-24516,16759,-17663,-904,NaN,NaN,NaN,NaN,201891,86690,-61270,25420,66318,-90834,-24516,16759,-17663,-904
2016-04-21T22:00:00Z,2.2535,2.302,2.235,2.265,NaN,NaN,NaN,NaN,329.1,338.2,328.5,334.5,86690,-61270,25420,66318,-90834,-24516,16759,-17663,-904,NaN,NaN,NaN,NaN,201891,86690,-61270,25420,66318,-90834,-24516,16759,-17663,-904
2016-04-24T22:00:00Z,2.2655,2.2725,2.2445,2.252,NaN,NaN,NaN,NaN,332.85,334.35,330.75,331.95,86690,-61270,25420,66318,-90834,-24516,16759,-17663,-904,NaN,NaN,NaN,NaN,201891,86690,-61270,25420,66318,-90834,-24516,16759,-17663,-904
2016-04-25T22:00:00Z,2.2505,2.2625,2.2225,2.25,NaN,NaN,NaN,NaN,331,331,326.55,329.05,74069,-63893,10176,65274,-73350,-8076,14555,-16655,-2100,NaN,NaN,NaN,NaN,172378,74069,-63893,10176,65274,-73350,-8076,14555,-16655,-2100
2016-04-26T22:00:00Z,2.248,2.2505,2.194,2.225,NaN,NaN,NaN,NaN,328,328.35,322.8,326.3,74069,-63893,10176,65274,-73350,-8076,14555,-16655,-2100,NaN,NaN,NaN,NaN,172378,74069,-63893,10176,65274,-73350,-8076,14555,-16655,-2100
2016-04-27T22:00:00Z,2.2315,2.241,2.208,2.229,NaN,NaN,NaN,NaN,330.95,332.7,328.5,331.25,74069,-63893,10176,65274,-73350,-8076,14555,-16655,-2100,NaN,NaN,NaN,NaN,172378,74069,-63893,10176,65274,-73350,-8076,14555,-16655,-2100
2016-04-28T22:00:00Z,2.2275,2.2985,2.225,2.282,NaN,NaN,NaN,NaN,334.1,340.7,333.95,338.6,74069,-63893,10176,65274,-73350,-8076,14555,-16655,-2100,NaN,NaN,NaN,NaN,172378,74069,-63893,10176,65274,-73350,-8076,14555,-16655,-2100
2016-05-01T22:00:00Z,2.287,2.294,2.2565,2.2655,NaN,NaN,NaN,NaN,338,340.25,334.85,335.95,74069,-63893,10176,65274,-73350,-8076,14555,-16655,-2100,NaN,NaN,NaN,NaN,172378,74069,-63893,10176,65274,-73350,-8076,14555,-16655,-2100
2016-05-02T22:00:00Z,2.265,2.2695,2.211,2.2175,NaN,NaN,NaN,NaN,334.3,334.7,328.7,329.3,75186,-66922,8264,65651,-73111,-7460,14663,-15467,-804,NaN,NaN,NaN,NaN,176458,75186,-66922,8264,65651,-73111,-7460,14663,-15467,-804
2016-05-03T22:00:00Z,2.217,2.222,2.1795,2.183,NaN,NaN,NaN,NaN,328.95,330,324.85,325.35,75186,-66922,8264,65651,-73111,-7460,14663,-15467,-804,NaN,NaN,NaN,NaN,176458,75186,-66922,8264,65651,-73111,-7460,14663,-15467,-804
2016-05-04T22:00:00Z,2.182,2.1905,2.143,2.1445,NaN,NaN,NaN,NaN,324.85,325.35,318.5,318.9,75186,-66922,8264,65651,-73111,-7460,14663,-15467,-804,NaN,NaN,NaN,NaN,176458,75186,-66922,8264,65651,-73111,-7460,14663,-15467,-804
2016-05-05T22:00:00Z,2.144,2.17,2.1355,2.152,NaN,NaN,NaN,NaN,319.6,322.4,318.05,320.15,75186,-66922,8264,65651,-73111,-7460,14663,-15467,-804,NaN,NaN,NaN,NaN,176458,75186,-66922,8264,65651,-73111,-7460,14663,-15467,-804
2016-05-08T22:00:00Z,2.15,2.1555,2.1005,2.1025,NaN,NaN,NaN,NaN,319.5,319.5,312.8,313.15,75186,-66922,8264,65651,-73111,-7460,14663,-15467,-804,NaN,NaN,NaN,NaN,176458,75186,-66922,8264,65651,-73111,-7460,14663,-15467,-804
2016-05-09T22:00:00Z,2.1005,2.12,2.0905,2.0965,NaN,NaN,NaN,NaN,314,315.8,311.3,311.9,81612,-59207,22405,71365,-94191,-22826,16181,-15760,421,NaN,NaN,NaN,NaN,184768,81612,-59207,22405,71365,-94191,-22826,16181,-15760,421
2016-05-10T22:00:00Z,2.0985,2.132,2.0935,2.098,NaN,NaN,NaN,NaN,313,316.85,312.1,312.45,81612,-59207,22405,71365,-94191,-22826,16181,-15760,421,NaN,NaN,NaN,NaN,184768,81612,-59207,22405,71365,-94191,-22826,16181,-15760,421
2016-05-11T22:00:00Z,2.097,2.139,2.059,2.075,NaN,NaN,NaN,NaN,313.25,317.5,307.1,308.45,81612,-59207,22405,71365,-94191,-22826,16181,-15760,421,NaN,NaN,NaN,NaN,184768,81612,-59207,22405,71365,-94191,-22826,16181,-15760,421
2016-05-12T22:00:00Z,2.076,2.088,2.0625,2.078,NaN,NaN,NaN,NaN,308.75,311.35,308,309.85,81612,-59207,22405,71365,-94191,-22826,16181,-15760,421,NaN,NaN,NaN,NaN,184768,81612,-59207,22405,71365,-94191,-22826,16181,-15760,421
2016-05-15T22:00:00Z,2.074,2.1065,2.0625,2.0915,NaN,NaN,NaN,NaN,310.05,313.55,309.15,311.65,81612,-59207,22405,71365,-94191,-22826,16181,-15760,421,NaN,NaN,NaN,NaN,184768,81612,-59207,22405,71365,-94191,-22826,16181,-15760,421
2016-05-16T22:00:00Z,2.09,2.1115,2.069,2.09,NaN,NaN,NaN,NaN,312.35,314,308.6,311.3,88280,-58337,29943,79184,-109830,-30646,16480,-15777,703,NaN,NaN,NaN,NaN,203157,88280,-58337,29943,79184,-109830,-30646,16480,-15777,703
2016-05-17T22:00:00Z,2.089,2.097,2.048,2.0645,NaN,NaN,NaN,NaN,310,311.55,306.05,311.1,88280,-58337,29943,79184,-109830,-30646,16480,-15777,703,NaN,NaN,NaN,NaN,203157,88280,-58337,29943,79184,-109830,-30646,16480,-15777,703
2016-05-18T22:00:00Z,2.0615,2.0705,2.038,2.0655,NaN,NaN,NaN,NaN,310.35,311.5,307.2,310.7,88280,-58337,29943,79184,-109830,-30646,16480,-15777,703,NaN,NaN,NaN,NaN,203157,88280,-58337,29943,79184,-109830,-30646,16480,-15777,703
2016-05-19T22:00:00Z,2.0635,2.086,2.0515,2.0565,NaN,NaN,NaN,NaN,310.95,313.65,308.15,308.4,88280,-58337,29943,79184,-109830,-30646,16480,-15777,703,NaN,NaN,NaN,NaN,203157,88280,-58337,29943,79184,-109830,-30646,16480,-15777,703
2016-05-22T22:00:00Z,2.0535,2.064,2.0435,2.054,NaN,NaN,NaN,NaN,309.35,310.4,306.7,309.35,88280,-58337,29943,79184,-109830,-30646,16480,-15777,703,NaN,NaN,NaN,NaN,203157,88280,-58337,29943,79184,-109830,-30646,16480,-15777,703
2016-05-23T22:00:00Z,2.0495,2.0895,2.049,2.0665,NaN,NaN,NaN,NaN,309.45,314.4,309.15,311.45,101182,-59397,41785,72160,-113213,-41053,15127,-15859,-732,NaN,NaN,NaN,NaN,210264,101182,-59397,41785,72160,-113213,-41053,15127,-15859,-732
2016-05-24T22:00:00Z,2.0655,2.109,2.065,2.102,NaN,NaN,NaN,NaN,312.2,315.8,311.55,315.05,101182,-59397,41785,72160,-113213,-41053,15127,-15859,-732,NaN,NaN,NaN,NaN,210264,101182,-59397,41785,72160,-113213,-41053,15127,-15859,-732
2016-05-25T22:00:00Z,2.102,2.125,2.0965,2.0995,NaN,NaN,NaN,NaN,315.6,317.1,312.6,313.1,101182,-59397,41785,72160,-113213,-41053,15127,-15859,-732,NaN,NaN,NaN,NaN,210264,101182,-59397,41785,72160,-113213,-41053,15127,-15859,-732
2016-05-26T22:00:00Z,2.1,2.13,2.0905,2.111,NaN,NaN,NaN,NaN,314.2,316.5,313.55,314.3,101182,-59397,41785,72160,-113213,-41053,15127,-15859,-732,NaN,NaN,NaN,NaN,210264,101182,-59397,41785,72160,-113213,-41053,15127,-15859,-732
2016-05-29T22:00:00Z,2.1105,2.116,2.075,2.0845,NaN,NaN,NaN,NaN,312.6,315.4,312.3,312.5,102473,-61117,41356,71316,-110143,-38827,13945,-16474,-2529,NaN,NaN,NaN,NaN,217128,102473,-61117,41356,71316,-110143,-38827,13945,-16474,-2529
2016-05-31T22:00:00Z,2.087,2.0895,2.0515,2.073,NaN,NaN,NaN,NaN,312.25,312.25,307.8,310.45,102473,-61117,41356,71316,-110143,-38827,13945,-16474,-2529,NaN,NaN,NaN,NaN,217128,102473,-61117,41356,71316,-110143,-38827,13945,-16474,-2529
2016-06-01T22:00:00Z,2.071,2.078,2.058,2.067,NaN,NaN,NaN,NaN,309.2,310.2,308.05,309,102473,-61117,41356,71316,-110143,-38827,13945,-16474,-2529,NaN,NaN,NaN,NaN,217128,102473,-61117,41356,71316,-110143,-38827,13945,-16474,-2529
2016-06-02T22:00:00Z,2.066,2.1355,2.065,2.12,NaN,NaN,NaN,NaN,309.85,317.45,309.35,313.6,102473,-61117,41356,71316,-110143,-38827,13945,-16474,-2529,NaN,NaN,NaN,NaN,217128,102473,-61117,41356,71316,-110143,-38827,13945,-16474,-2529
2016-06-05T22:00:00Z,2.12,2.145,2.1125,2.117,NaN,NaN,NaN,NaN,315.1,318,313.25,313.6,102473,-61117,41356,71316,-110143,-38827,13945,-16474,-2529,NaN,NaN,NaN,NaN,217128,102473,-61117,41356,71316,-110143,-38827,13945,-16474,-2529
2016-06-06T22:00:00Z,2.1185,2.125,2.045,2.0525,NaN,NaN,NaN,NaN,313.1,313.65,302.75,303.35,101886,-65651,36235,72543,-111837,-39294,19407,-16348,3059,NaN,NaN,NaN,NaN,227927,101886,-65651,36235,72543,-111837,-39294,19407,-16348,3059
2016-06-07T22:00:00Z,2.056,2.0815,2.051,2.065,NaN,NaN,NaN,NaN,304.75,307,303.4,304.15,101886,-65651,36235,72543,-111837,-39294,19407,-16348,3059,NaN,NaN,NaN,NaN,227927,101886,-65651,36235,72543,-111837,-39294,19407,-16348,3059
2016-06-08T22:00:00Z,2.065,2.0855,2.013,2.041,NaN,NaN,NaN,NaN,305.3,307.8,298.05,301.7,101886,-65651,36235,72543,-111837,-39294,19407,-16348,3059,NaN,NaN,NaN,NaN,227927,101886,-65651,36235,72543,-111837,-39294,19407,-16348,3059
2016-06-09T22:00:00Z,2.0405,2.0455,2.0175,2.0265,NaN,NaN,NaN,NaN,302,302.55,299.15,301.35,101886,-65651,36235,72543,-111837,-39294,19407,-16348,3059,NaN,NaN,NaN,NaN,227927,101886,-65651,36235,72543,-111837,-39294,19407,-16348,3059
2016-06-12T22:00:00Z,2.0325,2.066,2.021,2.052,NaN,NaN,NaN,NaN,303.4,306.8,302.55,305.7,101886,-65651,36235,72543,-111837,-39294,19407,-16348,3059,NaN,NaN,NaN,NaN,227927,101886,-65651,36235,72543,-111837,-39294,19407,-16348,3059
2016-06-13T22:00:00Z,2.0535,2.059,2.032,2.043,NaN,NaN,NaN,NaN,305.95,305.95,303.05,304.85,108111,-62804,45307,71360,-116171,-44811,17483,-17979,-496,NaN,NaN,NaN,NaN,239071,108111,-62804,45307,71360,-116171,-44811,17483,-17979,-496
2016-06-14T22:00:00Z,2.0425,2.119,2.0385,2.0905,NaN,NaN,NaN,NaN,305,314.5,305,310.8,108111,-62804,45307,71360,-116171,-44811,17483,-17979,-496,NaN,NaN,NaN,NaN,239071,108111,-62804,45307,71360,-116171,-44811,17483,-17979,-496
2016-06-15T22:00:00Z,2.092,2.093,2.0355,2.053,NaN,NaN,NaN,NaN,310,310,303.5,305.35,108111,-62804,45307,71360,-116171,-44811,17483,-17979,-496,NaN,NaN,NaN,NaN,239071,108111,-62804,45307,71360,-116171,-44811,17483,-17979,-496
2016-06-16T22:00:00Z,2.0515,2.0735,2.0455,2.0535,NaN,NaN,NaN,NaN,306.05,308.3,303.85,305,108111,-62804,45307,71360,-116171,-44811,17483,-17979,-496,NaN,NaN,NaN,NaN,239071,108111,-62804,45307,71360,-116171,-44811,17483,-17979,-496
2016-06-19T22:00:00Z,2.054,2.0995,2.052,2.0875,NaN,NaN,NaN,NaN,306.1,313.1,306.1,312.65,108111,-62804,45307,71360,-116171,-44811,17483,-17979,-496,NaN,NaN,NaN,NaN,239071,108111,-62804,45307,71360,-116171,-44811,17483,-17979,-496
2016-06-20T22:00:00Z,2.092,2.1305,2.071,2.126,NaN,NaN,NaN,NaN,311.15,317.95,309.4,317.65,95785,-61300,34485,63839,-96765,-32926,16008,-17567,-1559,NaN,NaN,NaN,NaN,215529,95785,-61300,34485,63839,-96765,-32926,16008,-17567,-1559
2016-06-21T22:00:00Z,2.1265,2.1445,2.1065,2.1355,NaN,NaN,NaN,NaN,317.1,319.5,315.7,317.55,95785,-61300,34485,63839,-96765,-32926,16008,-17567,-1559,NaN,NaN,NaN,NaN,215529,95785,-61300,34485,63839,-96765,-32926,16008,-17567,-1559
2016-06-22T22:00:00Z,2.14,2.17,2.1255,2.163,NaN,NaN,NaN,NaN,317.2,322.3,316.5,321.4,95785,-61300,34485,63839,-96765,-32926,16008,-17567,-1559,NaN,NaN,NaN,NaN,215529,95785,-61300,34485,63839,-96765,-32926,16008,-17567,-1559
2016-06-23T22:00:00Z,2.167,2.1755,2.066,2.1135,NaN,NaN,NaN,NaN,319.1,319.1,313.15,317.3,95785,-61300,34485,63839,-96765,-32926,16008,-17567,-1559,NaN,NaN,NaN,NaN,215529,95785,-61300,34485,63839,-96765,-32926,16008,-17567,-1559
2016-06-26T22:00:00Z,2.112,2.139,2.0995,2.1275,NaN,NaN,NaN,NaN,316.6,320.35,316.3,317.9,95785,-61300,34485,63839,-96765,-32926,16008,-17567,-1559,NaN,NaN,NaN,NaN,215529,95785,-61300,34485,63839,-96765,-32926,16008,-17567,-1559
2016-06-27T22:00:00Z,2.1295,2.1835,2.1185,2.176,NaN,NaN,NaN,NaN,319.9,326.7,319.9,325,83357,-60873,22484,53692,-73506,-19814,12651,-15321,-2670,NaN,NaN,NaN,NaN,167927,83357,-60873,22484,53692,-73506,-19814,12651,-15321,-2670
2016-06-28T22:00:00Z,2.1835,2.197,2.1615,2.1945,NaN,NaN,NaN,NaN,328.5,330.4,327.1,329.95,83357,-60873,22484,53692,-73506,-19814,12651,-15321,-2670,NaN,NaN,NaN,NaN,167927,83357,-60873,22484,53692,-73506,-19814,12651,-15321,-2670
2016-06-29T22:00:00Z,2.194,2.206,2.1735,2.2,NaN,NaN,NaN,NaN,330.7,332.15,328.05,330.6,83357,-60873,22484,53692,-73506,-19814,12651,-15321,-2670,NaN,NaN,NaN,NaN,167927,83357,-60873,22484,53692,-73506,-19814,12651,-15321,-2670
2016-06-30T22:00:00Z,2.2015,2.2375,2.1635,2.2215,NaN,NaN,NaN,NaN,330.7,335.35,326.05,333.15,83357,-60873,22484,53692,-73506,-19814,12651,-15321,-2670,NaN,NaN,NaN,NaN,167927,83357,-60873,22484,53692,-73506,-19814,12651,-15321,-2670
2016-07-03T22:00:00Z,2.23,2.248,2.162,2.184,NaN,NaN,NaN,NaN,331.1,332.25,325.8,328.3,83339,-61420,21919,50675,-70144,-19469,13650,-16100,-2450,NaN,NaN,NaN,NaN,164665,83339,-61420,21919,50675,-70144,-19469,13650,-16100,-2450
2016-07-05T22:00:00Z,2.184,2.19,2.133,2.155,NaN,NaN,NaN,NaN,327.4,327.4,322.1,324.35,83339,-61420,21919,50675,-70144,-19469,13650,-16100,-2450,NaN,NaN,NaN,NaN,164665,83339,-61420,21919,50675,-70144,-19469,13650,-16100,-2450
2016-07-06T22:00:00Z,2.1545,2.1625,2.117,2.122,NaN,NaN,NaN,NaN,323.9,325.2,318.6,319.05,83339,-61420,21919,50675,-70144,-19469,13650,-16100,-2450,NaN,NaN,NaN,NaN,164665,83339,-61420,21919,50675,-70144,-19469,13650,-16100,-2450
2016-07-07T22:00:00Z,2.121,2.142,2.1165,2.124,NaN,NaN,NaN,NaN,319.5,321.4,317.25,317.8,83339,-61420,21919,50675,-70144,-19469,13650,-16100,-2450,NaN,NaN,NaN,NaN,164665,83339,-61420,21919,50675,-70144,-19469,13650,-16100,-2450
2016-07-10T22:00:00Z,2.125,2.1675,2.1215,2.147,NaN,NaN,NaN,NaN,319.8,324.1,319.8,321.45,83339,-61420,21919,50675,-70144,-19469,13650,-16100,-2450,NaN,NaN,NaN,NaN,164665,83339,-61420,21919,50675,-70144,-19469,13650,-16100,-2450
2016-07-11T22:00:00Z,2.147,2.225,2.1445,2.2145,NaN,NaN,NaN,NaN,322.1,333.7,321.55,330.3,81522,-65891,15631,54430,-68660,-14230,14479,-15880,-1401,NaN,NaN,NaN,NaN,166225,81522,-65891,15631,54430,-68660,-14230,14479,-15880,-1401
2016-07-12T22:00:00Z,2.2145,2.2775,2.2065,2.2365,NaN,NaN,NaN,NaN,333,339.9,332.75,334.3,81522,-65891,15631,54430,-68660,-14230,14479,-15880,-1401,NaN,NaN,NaN,NaN,166225,81522,-65891,15631,54430,-68660,-14230,14479,-15880,-1401
2016-07-13T22:00:00Z,2.239,2.257,2.227,2.2405,NaN,NaN,NaN,NaN,334.2,336.05,332.7,333.5,81522,-65891,15631,54430,-68660,-14230,14479,-15880,-1401,NaN,NaN,NaN,NaN,166225,81522,-65891,15631,54430,-68660,-14230,14479,-15880,-1401
2016-07-14T22:00:00Z,2.238,2.2715,2.2305,2.233,NaN,NaN,NaN,NaN,334.05,338.35,333.2,334,81522,-65891,15631,54430,-68660,-14230,14479,-15880,-1401,NaN,NaN,NaN,NaN,166225,81522,-65891,15631,54430,-68660,-14230,14479,-15880,-1401
2016-07-17T22:00:00Z,2.22,2.2465,2.203,2.245,NaN,NaN,NaN,NaN,332.9,335.3,329.6,334.45,81522,-65891,15631,54430,-68660,-14230,14479,-15880,-1401,NaN,NaN,NaN,NaN,166225,81522,-65891,15631,54430,-68660,-14230,14479,-15880,-1401
2016-07-18T22:00:00Z,2.241,2.2665,2.2235,2.2575,NaN,NaN,NaN,NaN,333.9,338.4,332.15,338,79046,-79937,-891,66010,-63646,2364,15069,-16542,-1473,NaN,NaN,NaN,NaN,178364,79046,-79937,-891,66010,-63646,2364,15069,-16542,-1473
2016-07-19T22:00:00Z,2.259,2.2685,2.221,2.244,NaN,NaN,NaN,NaN,337.2,337.2,332.4,336.4,79046,-79937,-891,66010,-63646,2364,15069,-16542,-1473,NaN,NaN,NaN,NaN,178364,79046,-79937,-891,66010,-63646,2364,15069,-16542,-1473
2016-07-20T22:00:00Z,2.245,2.273,2.245,2.2595,NaN,NaN,NaN,NaN,337.4,339.25,335.6,337.5,79046,-79937,-891,66010,-63646,2364,15069,-16542,-1473,NaN,NaN,NaN,NaN,178364,79046,-79937,-891,66010,-63646,2364,15069,-16542,-1473
2016-07-21T22:00:00Z,2.2685,2.2705,2.2255,2.236,NaN,NaN,NaN,NaN,336.5,338.4,332.6,333.55,79046,-79937,-891,66010,-63646,2364,15069,-16542,-1473,NaN,NaN,NaN,NaN,178364,79046,-79937,-891,66010,-63646,2364,15069,-16542,-1473
2016-07-24T22:00:00Z,2.2355,2.246,2.207,2.2275,NaN,NaN,NaN,NaN,334.3,335.5,331.3,333.8,79046,-79937,-891,66010,-63646,2364,15069,-16542,-1473,NaN,NaN,NaN,NaN,178364,79046,-79937,-891,66010,-63646,2364,15069,-16542,-1473
2016-07-25T22:00:00Z,2.226,2.2315,2.199,2.223,NaN,NaN,NaN,NaN,331.85,334,329.3,332.95,80625,-84320,-3695,69284,-64466,4818,14917,-16040,-1123,NaN,NaN,NaN,NaN,187184,80625,-84320,-3695,69284,-64466,4818,14917,-16040,-1123
2016-07-26T22:00:00Z,2.224,2.2345,2.1815,2.1915,NaN,NaN,NaN,NaN,332.3,332.7,325.85,326.1,80625,-84320,-3695,69284,-64466,4818,14917,-16040,-1123,NaN,NaN,NaN,NaN,187184,80625,-84320,-3695,69284,-64466,4818,14917,-16040,-1123
2016-07-27T22:00:00Z,2.188,2.225,2.187,2.215,NaN,NaN,NaN,NaN,327.1,330.9,327.1,329.25,80625,-84320,-3695,69284,-64466,4818,14917,-16040,-1123,NaN,NaN,NaN,NaN,187184,80625,-84320,-3695,69284,-64466,4818,14917,-16040,-1123
2016-07-28T22:00:00Z,2.213,2.2395,2.1895,2.2285,NaN,NaN,NaN,NaN,328.9,331.65,326,329.7,80625,-84320,-3695,69284,-64466,4818,14917,-16040,-1123,NaN,NaN,NaN,NaN,187184,80625,-84320,-3695,69284,-64466,4818,14917,-16040,-1123
2016-07-31T22:00:00Z,2.231,2.2475,2.1865,2.1955,NaN,NaN,NaN,NaN,329.65,332.7,325.5,325.7,80625,-84320,-3695,69284,-64466,4818,14917,-16040,-1123,NaN,NaN,NaN,NaN,187184,80625,-84320,-3695,69284,-64466,4818,14917,-16040,-1123
2016-08-01T22:00:00Z,2.1925,2.2455,2.192,2.2065,NaN,NaN,NaN,NaN,326.5,331.4,326.2,326.65,82290,-85727,-3437,68768,-66086,2682,16045,-15290,755,NaN,NaN,NaN,NaN,188805,82290,-85727,-3437,68768,-66086,2682,16045,-15290,755
2016-08-02T22:00:00Z,2.2085,2.2145,2.172,2.2,NaN,NaN,NaN,NaN,326.7,327.7,322.6,325.5,82290,-85727,-3437,68768,-66086,2682,16045,-15290,755,NaN,NaN,NaN,NaN,188805,82290,-85727,-3437,68768,-66086,2682,16045,-15290,755
2016-08-03T22:00:00Z,2.2,2.204,2.1555,2.1745,NaN,NaN,NaN,NaN,325.2,325.2,319.6,322.25,82290,-85727,-3437,68768,-66086,2682,16045,-15290,755,NaN,NaN,NaN,NaN,188805,82290,-85727,-3437,68768,-66086,2682,16045,-15290,755
2016-08-04T22:00:00Z,2.174,2.1815,2.1505,2.159,NaN,NaN,NaN,NaN,322.7,323.2,318.9,319.75,82290,-85727,-3437,68768,-66086,2682,16045,-15290,755,NaN,NaN,NaN,NaN,188805,82290,-85727,-3437,68768,-66086,2682,16045,-15290,755
2016-08-07T22:00:00Z,2.156,2.181,2.1535,2.161,NaN,NaN,NaN,NaN,321.8,322.85,320.35,320.65,82290,-85727,-3437,68768,-66086,2682,16045,-15290,755,NaN,NaN,NaN,NaN,188805,82290,-85727,-3437,68768,-66086,2682,16045,-15290,755
2016-08-08T22:00:00Z,2.1625,2.165,2.14,2.153,NaN,NaN,NaN,NaN,320,320.4,317.6,318.15,81248,-78533,2715,66712,-71890,-5178,17848,-15385,2463,NaN,NaN,NaN,NaN,188297,81248,-78533,2715,66712,-71890,-5178,17848,-15385,2463
2016-08-09T22:00:00Z,2.15,2.205,2.145,2.1735,NaN,NaN,NaN,NaN,318.6,325.1,318.3,321.65,81248,-78533,2715,66712,-71890,-5178,17848,-15385,2463,NaN,NaN,NaN,NaN,188297,81248,-78533,2715,66712,-71890,-5178,17848,-15385,2463
2016-08-10T22:00:00Z,2.1735,2.193,2.169,2.186,NaN,NaN,NaN,NaN,322.8,324.05,321.2,323.7,81248,-78533,2715,66712,-71890,-5178,17848,-15385,2463,NaN,NaN,NaN,NaN,188297,81248,-78533,2715,66712,-71890,-5178,17848,-15385,2463
2016-08-11T22:00:00Z,2.185,2.1945,2.1355,2.1365,NaN,NaN,NaN,NaN,323,323.35,316.7,317.1,81248,-78533,2715,66712,-71890,-5178,17848,-15385,2463,NaN,NaN,NaN,NaN,188297,81248,-78533,2715,66712,-71890,-5178,17848,-15385,2463
2016-08-14T22:00:00Z,2.14,2.156,2.133,2.149,NaN,NaN,NaN,NaN,NaN,NaN,NaN,NaN,81248,-78533,2715,66712,-71890,-5178,17848,-15385,2463,NaN,NaN,NaN,NaN,188297,81248,-78533,2715,66712,-71890,-5178,17848,-15385,2463
2016-08-15T22:00:00Z,2.149,2.1785,2.1435,2.1715,NaN,NaN,NaN,NaN,318,321.9,317.45,321.2,80860,-77040,3820,61208,-66282,-5074,16740,-15486,1254,NaN,NaN,NaN,NaN,180360,80860,-77040,3820,61208,-66282,-5074,16740,-15486,1254
2016-08-16T22:00:00Z,2.172,2.175,2.1465,2.157,NaN,NaN,NaN,NaN,320.8,321.2,317.9,319,80860,-77040,3820,61208,-66282,-5074,16740,-15486,1254,NaN,NaN,NaN,NaN,180360,80860,-77040,3820,61208,-66282,-5074,16740,-15486,1254
2016-08-17T22:00:00Z,2.1555,2.189,2.1555,2.1675,NaN,NaN,NaN,NaN,320,323.5,319.85,320.65,80860,-77040,3820,61208,-66282,-5074,16740,-15486,1254,NaN,NaN,NaN,NaN,180360,80860,-77040,3820,61208,-66282,-5074,16740,-15486,1254
2016-08-18T22:00:00Z,2.165,2.1745,2.158,2.1705,NaN,NaN,NaN,NaN,320.55,322.5,319.75,322.15,80860,-77040,3820,61208,-66282,-5074,16740,-15486,1254,NaN,NaN,NaN,NaN,180360,80860,-77040,3820,61208,-66282,-5074,16740,-15486,1254
2016-08-21T22:00:00Z,2.172,2.1745,2.127,2.1415,NaN,NaN,NaN,NaN,321,321.1,316.6,318.4,80860,-77040,3820,61208,-66282,-5074,16740,-15486,1254,NaN,NaN,NaN,NaN,180360,80860,-77040,3820,61208,-66282,-5074,16740,-15486,1254
2016-08-22T22:00:00Z,2.143,2.1485,2.1105,2.1145,NaN,NaN,NaN,NaN,318.4,318.65,313.3,313.8,78581,-76444,2137,70207,-76873,-6666,20138,-15609,4529,NaN,NaN,NaN,NaN,192196,78581,-76444,2137,70207,-76873,-6666,20138,-15609,4529
2016-08-23T22:00:00Z,2.1155,2.121,2.0755,2.0805,NaN,NaN,NaN,NaN,314,314.35,308.1,308.65,78581,-76444,2137,70207,-76873,-6666,20138,-15609,4529,NaN,NaN,NaN,NaN,192196,78581,-76444,2137,70207,-76873,-6666,20138,-15609,4529
2016-08-24T22:00:00Z,2.08,2.091,2.0745,2.0775,NaN,NaN,NaN,NaN,309.25,309.9,307.3,307.75,78581,-76444,2137,70207,-76873,-6666,20138,-15609,4529,NaN,NaN,NaN,NaN,192196,78581,-76444,2137,70207,-76873,-6666,20138,-15609,4529
2016-08-25T22:00:00Z,2.077,2.0995,2.0705,2.0785,NaN,NaN,NaN,NaN,308.95,310.35,306.65,307.95,78581,-76444,2137,70207,-76873,-6666,20138,-15609,4529,NaN,NaN,NaN,NaN,192196,78581,-76444,2137,70207,-76873,-6666,20138,-15609,4529
2016-08-28T22:00:00Z,2.0785,2.086,2.072,2.083,NaN,NaN,NaN,NaN,308.4,309.35,307.8,308.35,78581,-76444,2137,70207,-76873,-6666,20138,-15609,4529,NaN,NaN,NaN,NaN,192196,78581,-76444,2137,70207,-76873,-6666,20138,-15609,4529
2016-08-29T22:00:00Z,2.083,2.092,2.0695,2.0775,NaN,NaN,NaN,NaN,315,315.35,312.5,313.1,83132,-62594,20538,69279,-91152,-21873,17872,-16537,1335,NaN,NaN,NaN,NaN,187028,83132,-62594,20538,69279,-91152,-21873,17872,-16537,1335
2016-08-30T22:00:00Z,2.0765,2.091,2.0745,2.079,NaN,NaN,NaN,NaN,314,314.85,312.55,312.85,83132,-62594,20538,69279,-91152,-21873,17872,-16537,1335,NaN,NaN,NaN,NaN,187028,83132,-62594,20538,69279,-91152,-21873,17872,-16537,1335
2016-08-31T22:00:00Z,2.0795,2.097,2.074,2.0805,NaN,NaN,NaN,NaN,314.2,315.4,311.7,312.1,83132,-62594,20538,69279,-91152,-21873,17872,-16537,1335,NaN,NaN,NaN,NaN,187028,83132,-62594,20538,69279,-91152,-21873,17872,-16537,1335
2016-09-01T22:00:00Z,2.08,2.0935,2.0745,2.0775,NaN,NaN,NaN,NaN,313.1,314,310.6,310.7,83132,-62594,20538,69279,-91152,-21873,17872,-16537,1335,NaN,NaN,NaN,NaN,187028,83132,-62594,20538,69279,-91152,-21873,17872,-16537,1335
2016-09-04T22:00:00Z,2.0745,2.099,2.072,2.094,NaN,NaN,NaN,NaN,311.5,313.1,309.85,311.05,88295,-59323,28972,79928,-110153,-30225,18426,-17173,1253,NaN,NaN,NaN,NaN,203453,88295,-59323,28972,79928,-110153,-30225,18426,-17173,1253
2016-09-06T22:00:00Z,2.0915,2.112,2.087,2.099,NaN,NaN,NaN,NaN,313,314.45,311,312.5,88295,-59323,28972,79928,-110153,-30225,18426,-17173,1253,NaN,NaN,NaN,NaN,203453,88295,-59323,28972,79928,-110153,-30225,18426,-17173,1253
2016-09-07T22:00:00Z,2.096,2.106,2.0835,2.099,NaN,NaN,NaN,NaN,313,314.15,311.05,314,88295,-59323,28972,79928,-110153,-30225,18426,-17173,1253,NaN,NaN,NaN,NaN,203453,88295,-59323,28972,79928,-110153,-30225,18426,-17173,1253
2016-09-08T22:00:00Z,2.1,2.105,2.0855,2.0895,NaN,NaN,NaN,NaN,313.9,314.6,312.05,313.65,88295,-59323,28972,79928,-110153,-30225,18426,-17173,1253,NaN,NaN,NaN,NaN,203453,88295,-59323,28972,79928,-110153,-30225,18426,-17173,1253
2016-09-11T22:00:00Z,2.092,2.11,2.064,2.107,NaN,NaN,NaN,NaN,313,315.5,310.35,314.35,88295,-59323,28972,79928,-110153,-30225,18426,-17173,1253,NaN,NaN,NaN,NaN,203453,88295,-59323,28972,79928,-110153,-30225,18426,-17173,1253
2016-09-12T22:00:00Z,2.099,2.1185,2.0915,2.103,NaN,NaN,NaN,NaN,315.8,316.9,314.4,316.2,80099,-55217,24882,88681,-113974,-25293,16587,-16176,411,NaN,NaN,NaN,NaN,203945,80099,-55217,24882,88681,-113974,-25293,16587,-16176,411
2016-09-13T22:00:00Z,2.1,2.1615,2.1,2.152,NaN,NaN,NaN,NaN,316.7,323,315.9,322.55,80099,-55217,24882,88681,-113974,-25293,16587,-16176,411,NaN,NaN,NaN,NaN,203945,80099,-55217,24882,88681,-113974,-25293,16587,-16176,411
2016-09-14T22:00:00Z,2.1545,2.1655,2.145,2.1625,NaN,NaN,NaN,NaN,323,324.55,321.65,323.3,80099,-55217,24882,88681,-113974,-25293,16587,-16176,411,NaN,NaN,NaN,NaN,203945,80099,-55217,24882,88681,-113974,-25293,16587,-16176,411
2016-09-15T22:00:00Z,2.16,2.168,2.1475,2.159,NaN,NaN,NaN,NaN,323.2,324.8,322.15,324.05,80099,-55217,24882,88681,-113974,-25293,16587,-16176,411,NaN,NaN,NaN,NaN,203945,80099,-55217,24882,88681,-113974,-25293,16587,-16176,411
2016-09-18T22:00:00Z,2.157,2.1595,2.139,2.154,NaN,NaN,NaN,NaN,322.9,323.4,321.2,322.8,80099,-55217,24882,88681,-113974,-25293,16587,-16176,411,NaN,NaN,NaN,NaN,203945,80099,-55217,24882,88681,-113974,-25293,16587,-16176,411
2016-09-19T22:00:00Z,2.1555,2.1725,2.146,2.1655,NaN,NaN,NaN,NaN,322.65,325.2,322.15,324.35,74737,-61223,13514,82274,-95425,-13151,16135,-16498,-363,NaN,NaN,NaN,NaN,190574,74737,-61223,13514,82274,-95425,-13151,16135,-16498,-363
2016-09-20T22:00:00Z,2.166,2.1705,2.1505,2.165,NaN,NaN,NaN,NaN,324,324.4,322.25,322.7,74737,-61223,13514,82274,-95425,-13151,16135,-16498,-363,NaN,NaN,NaN,NaN,190574,74737,-61223,13514,82274,-95425,-13151,16135,-16498,-363
2016-09-21T22:00:00Z,2.162,2.201,2.1605,2.189,NaN,NaN,NaN,NaN,323.4,327.3,323.4,326.75,74737,-61223,13514,82274,-95425,-13151,16135,-16498,-363,NaN,NaN,NaN,NaN,190574,74737,-61223,13514,82274,-95425,-13151,16135,-16498,-363
2016-09-22T22:00:00Z,2.1885,2.2065,2.1855,2.2,NaN,NaN,NaN,NaN,326.25,328.4,325.6,327.8,74737,-61223,13514,82274,-95425,-13151,16135,-16498,-363,NaN,NaN,NaN,NaN,190574,74737,-61223,13514,82274,-95425,-13151,16135,-16498,-363
2016-09-25T22:00:00Z,2.2025,2.205,2.1815,2.1895,NaN,NaN,NaN,NaN,327,327.5,324.85,326.7,74737,-61223,13514,82274,-95425,-13151,16135,-16498,-363,NaN,NaN,NaN,NaN,190574,74737,-61223,13514,82274,-95425,-13151,16135,-16498,-363
2016-09-26T22:00:00Z,2.192,2.1965,2.161,2.172,NaN,NaN,NaN,NaN,325.75,325.8,321.2,322.45,72312,-70341,1971,74769,-76859,-2090,16546,-16427,119,NaN,NaN,NaN,NaN,179904,72312,-70341,1971,74769,-76859,-2090,16546,-16427,119
2016-09-27T22:00:00Z,2.1725,2.204,2.1685,2.204,NaN,NaN,NaN,NaN,322.35,324.95,321.95,324.45,72312,-70341,1971,74769,-76859,-2090,16546,-16427,119,NaN,NaN,NaN,NaN,179904,72312,-70341,1971,74769,-76859,-2090,16546,-16427,119
2016-09-28T22:00:00Z,2.204,2.2055,2.1815,2.1885,NaN,NaN,NaN,NaN,325,328.7,325,326,72312,-70341,1971,74769,-76859,-2090,16546,-16427,119,NaN,NaN,NaN,NaN,179904,72312,-70341,1971,74769,-76859,-2090,16546,-16427,119
2016-09-29T22:00:00Z,2.191,2.219,2.1805,2.2135,NaN,NaN,NaN,NaN,325.2,329.3,324.15,328.55,72312,-70341,1971,74769,-76859,-2090,16546,-16427,119,NaN,NaN,NaN,NaN,179904,72312,-70341,1971,74769,-76859,-2090,16546,-16427,119
2016-10-02T22:00:00Z,2.2145,2.216,2.167,2.1915,NaN,NaN,NaN,NaN,328.35,328.8,322.1,324.75,72312,-70341,1971,74769,-76859,-2090,16546,-16427,119,NaN,NaN,NaN,NaN,179904,72312,-70341,1971,74769,-76859,-2090,16546,-16427,119
2016-10-03T22:00:00Z,2.192,2.196,2.163,2.1695,NaN,NaN,NaN,NaN,324.1,325.2,321.55,322.2,70272,-71224,-952,77097,-76198,899,15145,-15092,53,NaN,NaN,NaN,NaN,181809,70272,-71224,-952,77097,-76198,899,15145,-15092,53
2016-10-04T22:00:00Z,2.172,2.1815,2.1585,2.1685,NaN,NaN,NaN,NaN,322.95,323.4,320.6,322,70272,-71224,-952,77097,-76198,899,15145,-15092,53,NaN,NaN,NaN,NaN,181809,70272,-71224,-952,77097,-76198,899,15145,-15092,53
2016-10-05T22:00:00Z,2.1685,2.1715,2.1455,2.156,NaN,NaN,NaN,NaN,322.1,322.1,319.2,320.15,70272,-71224,-952,77097,-76198,899,15145,-15092,53,NaN,NaN,NaN,NaN,181809,70272,-71224,-952,77097,-76198,899,15145,-15092,53
2016-10-06T22:00:00Z,2.1545,2.183,2.1475,2.167,NaN,NaN,NaN,NaN,319.55,323.5,319.55,321.55,70272,-71224,-952,77097,-76198,899,15145,-15092,53,NaN,NaN,NaN,NaN,181809,70272,-71224,-952,77097,-76198,899,15145,-15092,53
2016-10-09T22:00:00Z,2.1695,2.2025,2.1645,2.194,NaN,NaN,NaN,NaN,322,326.15,321.4,325,70272,-71224,-952,77097,-76198,899,15145,-15092,53,NaN,NaN,NaN,NaN,181809,70272,-71224,-952,77097,-76198,899,15145,-15092,53
2016-10-10T22:00:00Z,2.1945,2.1995,2.17,2.1875,NaN,NaN,NaN,NaN,324.6,325.7,322.75,324.95,69184,-72810,-3626,79132,-74806,4326,15681,-16381,-700,NaN,NaN,NaN,NaN,185814,69184,-72810,-3626,79132,-74806,4326,15681,-16381,-700
2016-10-11T22:00:00Z,2.188,2.194,2.175,2.175,NaN,NaN,NaN,NaN,325.6,326.4,323.8,324,69184,-72810,-3626,79132,-74806,4326,15681,-16381,-700,NaN,NaN,NaN,NaN,185814,69184,-72810,-3626,79132,-74806,4326,15681,-16381,-700
2016-10-12T22:00:00Z,2.176,2.18,2.1165,2.124,NaN,NaN,NaN,NaN,323.1,323.1,315.35,315.8,69184,-72810,-3626,79132,-74806,4326,15681,-16381,-700,NaN,NaN,NaN,NaN,185814,69184,-72810,-3626,79132,-74806,4326,15681,-16381,-700
2016-10-13T22:00:00Z,2.126,2.132,2.1045,2.1055,NaN,NaN,NaN,NaN,316.5,317.2,312.7,313.05,69184,-72810,-3626,79132,-74806,4326,15681,-16381,-700,NaN,NaN,NaN,NaN,185814,69184,-72810,-3626,79132,-74806,4326,15681,-16381,-700
2016-10-16T22:00:00Z,2.109,2.12,2.1,2.104,NaN,NaN,NaN,NaN,313.1,315.6,312.9,313.35,69184,-72810,-3626,79132,-74806,4326,15681,-16381,-700,NaN,NaN,NaN,NaN,185814,69184,-72810,-3626,79132,-74806,4326,15681,-16381,-700
2016-10-17T22:00:00Z,2.1035,2.123,2.0915,2.1,NaN,NaN,NaN,NaN,313.9,315.15,312.35,312.5,77369,-68856,8513,87535,-98677,-11142,18385,-15756,2629,NaN,NaN,NaN,NaN,207729,77369,-68856,8513,87535,-98677,-11142,18385,-15756,2629
2016-10-18T22:00:00Z,2.1,2.111,2.0875,2.1035,NaN,NaN,NaN,NaN,312.1,313,309.9,312.05,77369,-68856,8513,87535,-98677,-11142,18385,-15756,2629,NaN,NaN,NaN,NaN,207729,77369,-68856,8513,87535,-98677,-11142,18385,-15756,2629
2016-10-19T22:00:00Z,2.1015,2.1115,2.0845,2.095,NaN,NaN,NaN,NaN,312.7,313.35,310.1,311.4,77369,-68856,8513,87535,-98677,-11142,18385,-15756,2629,NaN,NaN,NaN,NaN,207729,77369,-68856,8513,87535,-98677,-11142,18385,-15756,2629
2016-10-20T22:00:00Z,2.096,2.101,2.086,2.09,NaN,NaN,NaN,NaN,312.05,312.35,310.3,310.95,77369,-68856,8513,87535,-98677,-11142,18385,-15756,2629,NaN,NaN,NaN,NaN,207729,77369,-68856,8513,87535,-98677,-11142,18385,-15756,2629
2016-10-23T22:00:00Z,2.089,2.1035,2.0855,2.097,NaN,NaN,NaN,NaN,311.85,312.9,310.2,311.2,77369,-68856,8513,87535,-98677,-11142,18385,-15756,2629,NaN,NaN,NaN,NaN,207729,77369,-68856,8513,87535,-98677,-11142,18385,-15756,2629
2016-10-24T22:00:00Z,2.0965,2.1465,2.0935,2.134,NaN,NaN,NaN,NaN,312,318.4,312,317.25,79101,-66345,12756,90935,-104689,-13754,16555,-15557,998,NaN,NaN,NaN,NaN,213569,79101,-66345,12756,90935,-104689,-13754,16555,-15557,998
2016-10-25T22:00:00Z,2.139,2.149,2.1265,2.14,NaN,NaN,NaN,NaN,315.9,318.8,315.4,318.35,79101,-66345,12756,90935,-104689,-13754,16555,-15557,998,NaN,NaN,NaN,NaN,213569,79101,-66345,12756,90935,-104689,-13754,16555,-15557,998
2016-10-26T22:00:00Z,2.1425,2.167,2.1305,2.164,NaN,NaN,NaN,NaN,317.05,321.4,316.3,321.05,79101,-66345,12756,90935,-104689,-13754,16555,-15557,998,NaN,NaN,NaN,NaN,213569,79101,-66345,12756,90935,-104689,-13754,16555,-15557,998
2016-10-27T22:00:00Z,2.1655,2.199,2.158,2.1975,NaN,NaN,NaN,NaN,320.8,325.15,320.75,324.95,79101,-66345,12756,90935,-104689,-13754,16555,-15557,998,NaN,NaN,NaN,NaN,213569,79101,-66345,12756,90935,-104689,-13754,16555,-15557,998
2016-10-30T22:00:00Z,2.2,2.211,2.1815,2.2075,NaN,NaN,NaN,NaN,324.9,327,324.15,326.05,79101,-66345,12756,90935,-104689,-13754,16555,-15557,998,NaN,NaN,NaN,NaN,213569,79101,-66345,12756,90935,-104689,-13754,16555,-15557,998
2016-10-31T22:00:00Z,2.2055,2.233,2.1985,2.233,NaN,NaN,NaN,NaN,327.9,329.9,325.3,329.35,73188,-79722,-6534,88669,-77371,11298,15902,-20666,-4764,NaN,NaN,NaN,NaN,203042,73188,-79722,-6534,88669,-77371,11298,15902,-20666,-4764
2016-11-01T22:00:00Z,2.234,2.2365,2.2065,2.219,NaN,NaN,NaN,NaN,328.7,329.75,326.55,328.35,73188,-79722,-6534,88669,-77371,11298,15902,-20666,-4764,NaN,NaN,NaN,NaN,203042,73188,-79722,-6534,88669,-77371,11298,15902,-20666,-4764
2016-11-02T22:00:00Z,2.2205,2.2535,2.218,2.243,NaN,NaN,NaN,NaN,328.2,332.5,327.85,331.9,73188,-79722,-6534,88669,-77371,11298,15902,-20666,-4764,NaN,NaN,NaN,NaN,203042,73188,-79722,-6534,88669,-77371,11298,15902,-20666,-4764
2016-11-03T22:00:00Z,2.2435,2.2695,2.2355,2.258,NaN,NaN,NaN,NaN,331,335.25,330.7,334.5,73188,-79722,-6534,88669,-77371,11298,15902,-20666,-4764,NaN,NaN,NaN,NaN,203042,73188,-79722,-6534,88669,-77371,11298,15902,-20666,-4764
2016-11-06T23:00:00Z,2.2615,2.317,2.2555,2.3125,NaN,NaN,NaN,NaN,335,341.4,334.95,341.15,73188,-79722,-6534,88669,-77371,11298,15902,-20666,-4764,NaN,NaN,NaN,NaN,203042,73188,-79722,-6534,88669,-77371,11298,15902,-20666,-4764
2016-11-07T23:00:00Z,2.3125,2.3825,2.29,2.3765,NaN,NaN,NaN,NaN,342,349.25,337.6,348.8,69406,-107339,-37933,118385,-78749,39636,18100,-19803,-1703,NaN,NaN,NaN,NaN,233922,69406,-107339,-37933,118385,-78749,39636,18100,-19803,-1703
2016-11-08T23:00:00Z,2.379,2.4655,2.3165,2.461,NaN,NaN,NaN,NaN,345.4,361.1,343.2,360.75,69406,-107339,-37933,118385,-78749,39636,18100,-19803,-1703,NaN,NaN,NaN,NaN,233922,69406,-107339,-37933,118385,-78749,39636,18100,-19803,-1703
2016-11-09T23:00:00Z,2.4635,2.591,2.453,2.54,NaN,NaN,NaN,NaN,367.2,379.6,367.2,376.65,69406,-107339,-37933,118385,-78749,39636,18100,-19803,-1703,NaN,NaN,NaN,NaN,233922,69406,-107339,-37933,118385,-78749,39636,18100,-19803,-1703
2016-11-10T23:00:00Z,2.534,2.7345,2.496,2.506,NaN,NaN,NaN,NaN,377.9,405.2,372.35,374.65,69406,-107339,-37933,118385,-78749,39636,18100,-19803,-1703,NaN,NaN,NaN,NaN,233922,69406,-107339,-37933,118385,-78749,39636,18100,-19803,-1703
2016-11-13T23:00:00Z,2.5285,2.599,2.471,2.5185,NaN,NaN,NaN,NaN,377.4,383.3,375.65,378.3,69406,-107339,-37933,118385,-78749,39636,18100,-19803,-1703,NaN,NaN,NaN,NaN,233922,69406,-107339,-37933,118385,-78749,39636,18100,-19803,-1703
2016-11-14T23:00:00Z,2.5205,2.57,2.426,2.5075,NaN,NaN,NaN,NaN,377.45,379.05,363.2,374.65,70609,-113873,-43264,117916,-72921,44995,18623,-20354,-1731,NaN,NaN,NaN,NaN,238615,70609,-113873,-43264,117916,-72921,44995,18623,-20354,-1731
2016-11-15T23:00:00Z,2.508,2.512,2.4445,2.4695,NaN,NaN,NaN,NaN,372.4,376.8,366.8,370.05,70609,-113873,-43264,117916,-72921,44995,18623,-20354,-1731,NaN,NaN,NaN,NaN,238615,70609,-113873,-43264,117916,-72921,44995,18623,-20354,-1731
2016-11-16T23:00:00Z,2.4695,2.506,2.438,2.4845,NaN,NaN,NaN,NaN,367.85,374.8,365.6,372.7,70609,-113873,-43264,117916,-72921,44995,18623,-20354,-1731,NaN,NaN,NaN,NaN,238615,70609,-113873,-43264,117916,-72921,44995,18623,-20354,-1731
2016-11-17T23:00:00Z,2.4885,2.4985,2.4485,2.4675,NaN,NaN,NaN,NaN,369.9,374.35,367.7,371.1,70609,-113873,-43264,117916,-72921,44995,18623,-20354,-1731,NaN,NaN,NaN,NaN,238615,70609,-113873,-43264,117916,-72921,44995,18623,-20354,-1731
2016-11-20T23:00:00Z,2.4725,2.535,2.4645,2.519,NaN,NaN,NaN,NaN,372.4,380.9,372.4,378.45,70609,-113873,-43264,117916,-72921,44995,18623,-20354,-1731,NaN,NaN,NaN,NaN,238615,70609,-113873,-43264,117916,-72921,44995,18623,-20354,-1731
2016-11-21T23:00:00Z,2.5185,2.5755,2.5165,2.544,NaN,NaN,NaN,NaN,380.8,386.85,379.9,383.2,67936,-115984,-48048,118089,-71777,46312,18336,-16600,1736,NaN,NaN,NaN,NaN,236293,67936,-115984,-48048,118089,-71777,46312,18336,-16600,1736
2016-11-22T23:00:00Z,2.5445,2.625,2.52,2.616,NaN,NaN,NaN,NaN,383.6,397.7,381.5,395.85,67936,-115984,-48048,118089,-71777,46312,18336,-16600,1736,NaN,NaN,NaN,NaN,236293,67936,-115984,-48048,118089,-71777,46312,18336,-16600,1736
2016-11-23T23:00:00Z,2.6155,2.699,2.6125,2.6785,NaN,NaN,NaN,NaN,401.6,404.6,398.25,403.75,67936,-115984,-48048,118089,-71777,46312,18336,-16600,1736,NaN,NaN,NaN,NaN,236293,67936,-115984,-48048,118089,-71777,46312,18336,-16600,1736
2016-11-27T23:00:00Z,2.671,2.74,2.632,2.6465,NaN,NaN,NaN,NaN,405.4,414.8,399.5,400.65,67936,-115984,-48048,118089,-71777,46312,18336,-16600,1736,NaN,NaN,NaN,NaN,236293,67936,-115984,-48048,118089,-71777,46312,18336,-16600,1736
2016-11-28T23:00:00Z,2.6655,2.677,2.589,2.605,NaN,NaN,NaN,NaN,399.95,402.6,395,398,66855,-119455,-52600,121067,-67706,53361,15918,-16679,-761,NaN,NaN,NaN,NaN,230420,66855,-119455,-52600,121067,-67706,53361,15918,-16679,-761
2016-11-29T23:00:00Z,2.602,2.656,2.5505,2.6335,NaN,NaN,NaN,NaN,394.95,403.4,388.95,399.95,66855,-119455,-52600,121067,-67706,53361,15918,-16679,-761,NaN,NaN,NaN,NaN,230420,66855,-119455,-52600,121067,-67706,53361,15918,-16679,-761
2016-11-30T23:00:00Z,2.635,2.6685,2.613,2.6355,NaN,NaN,NaN,NaN,400.25,404.4,396.5,399.6,66855,-119455,-52600,121067,-67706,53361,15918,-16679,-761,NaN,NaN,NaN,NaN,230420,66855,-119455,-52600,121067,-67706,53361,15918,-16679,-761
2016-12-01T23:00:00Z,2.632,2.6385,2.5965,2.628,NaN,NaN,NaN,NaN,397.9,398.3,393.4,396.7,66855,-119455,-52600,121067,-67706,53361,15918,-16679,-761,NaN,NaN,NaN,NaN,230420,66855,-119455,-52600,121067,-67706,53361,15918,-16679,-761
2016-12-04T23:00:00Z,2.625,2.713,2.601,2.6945,NaN,NaN,NaN,NaN,399.7,409.85,399.1,406.7,66855,-119455,-52600,121067,-67706,53361,15918,-16679,-761,NaN,NaN,NaN,NaN,230420,66855,-119455,-52600,121067,-67706,53361,15918,-16679,-761
2016-12-05T23:00:00Z,2.691,2.7035,2.6505,2.67,NaN,NaN,NaN,NaN,405.45,405.45,398.4,401,66365,-123834,-57469,123820,-67429,56391,16793,-15715,1078,NaN,NaN,NaN,NaN,236290,66365,-123834,-57469,123820,-67429,56391,16793,-15715,1078
2016-12-06T23:00:00Z,2.6685,2.707,2.6255,2.6455,NaN,NaN,NaN,NaN,401.05,406.85,393.1,395.55,66365,-123834,-57469,123820,-67429,56391,16793,-15715,1078,NaN,NaN,NaN,NaN,236290,66365,-123834,-57469,123820,-67429,56391,16793,-15715,1078
2016-12-07T23:00:00Z,2.644,2.671,2.6125,2.626,NaN,NaN,NaN,NaN,396.05,398.4,390.75,392.5,66365,-123834,-57469,123820,-67429,56391,16793,-15715,1078,NaN,NaN,NaN,NaN,236290,66365,-123834,-57469,123820,-67429,56391,16793,-15715,1078
2016-12-08T23:00:00Z,2.623,2.666,2.6205,2.655,NaN,NaN,NaN,NaN,395,398.4,393.5,396.3,66365,-123834,-57469,123820,-67429,56391,16793,-15715,1078,NaN,NaN,NaN,NaN,236290,66365,-123834,-57469,123820,-67429,56391,16793,-15715,1078
2016-12-11T23:00:00Z,2.649,2.685,2.602,2.6055,NaN,NaN,NaN,NaN,392.7,394.2,390.85,391.3,66365,-123834,-57469,123820,-67429,56391,16793,-15715,1078,NaN,NaN,NaN,NaN,236290,66365,-123834,-57469,123820,-67429,56391,16793,-15715,1078
2016-12-12T23:00:00Z,2.602,2.6305,2.5665,2.596,NaN,NaN,NaN,NaN,390.55,393.65,384.4,388.9,64364,-125034,-60670,127666,-66551,61115,15963,-16408,-445,NaN,NaN,NaN,NaN,236822,64364,-125034,-60670,127666,-66551,61115,15963,-16408,-445
2016-12-13T23:00:00Z,2.596,2.645,2.57,2.6005,NaN,NaN,NaN,NaN,387.45,391.45,384.8,389.6,64364,-125034,-60670,127666,-66551,61115,15963,-16408,-445,NaN,NaN,NaN,NaN,236822,64364,-125034,-60670,127666,-66551,61115,15963,-16408,-445
2016-12-14T23:00:00Z,2.599,2.626,2.576,2.597,NaN,NaN,NaN,NaN,391.5,394.6,387.1,391.65,64364,-125034,-60670,127666,-66551,61115,15963,-16408,-445,NaN,NaN,NaN,NaN,236822,64364,-125034,-60670,127666,-66551,61115,15963,-16408,-445
2016-12-15T23:00:00Z,2.5985,2.6155,2.543,2.5475,NaN,NaN,NaN,NaN,390.7,392.1,384,385.2,64364,-125034,-60670,127666,-66551,61115,15963,-16408,-445,NaN,NaN,NaN,NaN,236822,64364,-125034,-60670,127666,-66551,61115,15963,-16408,-445
2016-12-18T23:00:00Z,2.545,2.56,2.4775,2.5035,NaN,NaN,NaN,NaN,383,383.3,372.45,375.65,64364,-125034,-60670,127666,-66551,61115,15963,-16408,-445,NaN,NaN,NaN,NaN,236822,64364,-125034,-60670,127666,-66551,61115,15963,-16408,-445
2016-12-19T23:00:00Z,2.4995,2.511,2.4835,2.5045,NaN,NaN,NaN,NaN,375.2,378.3,373.4,377.05,68111,-120663,-52552,119225,-67199,52026,15067,-14541,526,NaN,NaN,NaN,NaN,233042,68111,-120663,-52552,119225,-67199,52026,15067,-14541,526
2016-12-20T23:00:00Z,2.5045,2.5225,2.4925,2.4945,NaN,NaN,NaN,NaN,377.4,378.5,374.85,375.3,68111,-120663,-52552,119225,-67199,52026,15067,-14541,526,NaN,NaN,NaN,NaN,233042,68111,-120663,-52552,119225,-67199,52026,15067,-14541,526
2016-12-21T23:00:00Z,2.493,2.5095,2.457,2.507,NaN,NaN,NaN,NaN,375.3,377.2,370.25,376.55,68111,-120663,-52552,119225,-67199,52026,15067,-14541,526,NaN,NaN,NaN,NaN,233042,68111,-120663,-52552,119225,-67199,52026,15067,-14541,526
2016-12-22T23:00:00Z,2.507,2.518,2.475,2.4775,NaN,NaN,NaN,NaN,375,377.6,372.5,372.9,68111,-120663,-52552,119225,-67199,52026,15067,-14541,526,NaN,NaN,NaN,NaN,233042,68111,-120663,-52552,119225,-67199,52026,15067,-14541,526
2016-12-26T23:00:00Z,2.466,2.5305,2.448,2.523,NaN,NaN,NaN,NaN,369.8,380.9,369.8,379,70391,-118773,-48382,112505,-66742,45763,16295,-13676,2619,NaN,NaN,NaN,NaN,227733,70391,-118773,-48382,112505,-66742,45763,16295,-13676,2619
2016-12-27T23:00:00Z,2.521,2.5375,2.4845,2.505,NaN,NaN,NaN,NaN,380.1,382.3,375.5,378.25,70391,-118773,-48382,112505,-66742,45763,16295,-13676,2619,NaN,NaN,NaN,NaN,227733,70391,-118773,-48382,112505,-66742,45763,16295,-13676,2619
2016-12-28T23:00:00Z,2.506,2.526,2.484,2.486,NaN,NaN,NaN,NaN,378.1,380.5,373.9,374.4,70391,-118773,-48382,112505,-66742,45763,16295,-13676,2619,NaN,NaN,NaN,NaN,227733,70391,-118773,-48382,112505,-66742,45763,16295,-13676,2619
2016-12-29T23:00:00Z,2.488,2.519,2.4875,2.5085,NaN,NaN,NaN,NaN,375.5,378.6,375.2,376.8,70391,-118773,-48382,112505,-66742,45763,16295,-13676,2619,NaN,NaN,NaN,NaN,227733,70391,-118773,-48382,112505,-66742,45763,16295,-13676,2619
2017-01-02T23:00:00Z,2.507,2.5485,2.486,2.487,NaN,NaN,NaN,NaN,379.7,384.15,376.1,376.6,70583,-117526,-46943,109243,-64759,44484,15936,-13477,2459,NaN,NaN,NaN,NaN,223874,70583,-117526,-46943,109243,-64759,44484,15936,-13477,2459
2017-01-03T23:00:00Z,2.488,2.563,2.4725,2.558,NaN,NaN,NaN,NaN,377.15,385.5,376.9,384.05,70583,-117526,-46943,109243,-64759,44484,15936,-13477,2459,NaN,NaN,NaN,NaN,223874,70583,-117526,-46943,109243,-64759,44484,15936,-13477,2459
2017-01-04T23:00:00Z,2.557,2.5885,2.5305,2.5345,NaN,NaN,NaN,NaN,384.2,388,379.5,380.45,70583,-117526,-46943,109243,-64759,44484,15936,-13477,2459,NaN,NaN,NaN,NaN,223874,70583,-117526,-46943,109243,-64759,44484,15936,-13477,2459
2017-01-05T23:00:00Z,2.535,2.548,2.5125,2.544,NaN,NaN,NaN,NaN,378.6,384,378.4,383.55,70583,-117526,-46943,109243,-64759,44484,15936,-13477,2459,NaN,NaN,NaN,NaN,223874,70583,-117526,-46943,109243,-64759,44484,15936,-13477,2459
2017-01-08T23:00:00Z,2.544,2.5505,2.5195,2.532,NaN,NaN,NaN,NaN,384.05,384.7,380.1,382.95,70583,-117526,-46943,109243,-64759,44484,15936,-13477,2459,NaN,NaN,NaN,NaN,223874,70583,-117526,-46943,109243,-64759,44484,15936,-13477,2459
2017-01-09T23:00:00Z,2.532,2.63,2.53,2.61,NaN,NaN,NaN,NaN,384.5,396.7,384.4,395.15,71308,-121407,-50099,116854,-69151,47703,16430,-14034,2396,NaN,NaN,NaN,NaN,236637,71308,-121407,-50099,116854,-69151,47703,16430,-14034,2396
2017-01-10T23:00:00Z,2.6095,2.631,2.597,2.5995,NaN,NaN,NaN,NaN,395.7,397.15,392.35,393.25,71308,-121407,-50099,116854,-69151,47703,16430,-14034,2396,NaN,NaN,NaN,NaN,236637,71308,-121407,-50099,116854,-69151,47703,16430,-14034,2396
2017-01-11T23:00:00Z,2.602,2.6755,2.6,2.6675,NaN,NaN,NaN,NaN,392.15,402.5,391.85,401.9,71308,-121407,-50099,116854,-69151,47703,16430,-14034,2396,NaN,NaN,NaN,NaN,236637,71308,-121407,-50099,116854,-69151,47703,16430,-14034,2396
2017-01-12T23:00:00Z,2.667,2.716,2.642,2.7055,NaN,NaN,NaN,NaN,401.1,405.65,398.25,405.25,71308,-121407,-50099,116854,-69151,47703,16430,-14034,2396,NaN,NaN,NaN,NaN,236637,71308,-121407,-50099,116854,-69151,47703,16430,-14034,2396
2017-01-15T23:00:00Z,2.701,2.7125,2.6045,2.619,NaN,NaN,NaN,NaN,398,398.9,391.4,394.2,75868,-125140,-49272,118944,-72445,46499,18207,-15434,2773,NaN,NaN,NaN,NaN,251782,75868,-125140,-49272,118944,-72445,46499,18207,-15434,2773
2017-01-17T23:00:00Z,2.618,2.6305,2.607,2.615,NaN,NaN,NaN,NaN,393.9,395.75,392.35,393.95,75868,-125140,-49272,118944,-72445,46499,18207,-15434,2773,NaN,NaN,NaN,NaN,251782,75868,-125140,-49272,118944,-72445,46499,18207,-15434,2773
2017-01-18T23:00:00Z,2.6145,2.634,2.5815,2.611,NaN,NaN,NaN,NaN,395.4,396.9,389.2,392.85,75868,-125140,-49272,118944,-72445,46499,18207,-15434,2773,NaN,NaN,NaN,NaN,251782,75868,-125140,-49272,118944,-72445,46499,18207,-15434,2773
2017-01-19T23:00:00Z,2.612,2.645,2.5875,2.6155,NaN,NaN,NaN,NaN,393.85,397.5,389.75,394.75,75868,-125140,-49272,118944,-72445,46499,18207,-15434,2773,NaN,NaN,NaN,NaN,251782,75868,-125140,-49272,118944,-72445,46499,18207,-15434,2773
2017-01-22T23:00:00Z,2.621,2.668,2.613,2.6465,NaN,NaN,NaN,NaN,397.7,399.75,394.75,398.25,75868,-125140,-49272,118944,-72445,46499,18207,-15434,2773,NaN,NaN,NaN,NaN,251782,75868,-125140,-49272,118944,-72445,46499,18207,-15434,2773
2017-01-23T23:00:00Z,2.647,2.7155,2.6395,2.7085,NaN,NaN,NaN,NaN,399,408,397.55,407.65,82224,-133948,-51724,128015,-77705,50310,17246,-15832,1414,NaN,NaN,NaN,NaN,270892,82224,-133948,-51724,128015,-77705,50310,17246,-15832,1414
2017-01-24T23:00:00Z,2.708,2.732,2.685,2.714,NaN,NaN,NaN,NaN,407,409.45,403.6,406.95,82224,-133948,-51724,128015,-77705,50310,17246,-15832,1414,NaN,NaN,NaN,NaN,270892,82224,-133948,-51724,128015,-77705,50310,17246,-15832,1414
2017-01-25T23:00:00Z,2.7145,2.73,2.6505,2.662,NaN,NaN,NaN,NaN,NaN,NaN,NaN,NaN,82224,-133948,-51724,128015,-77705,50310,17246,-15832,1414,NaN,NaN,NaN,NaN,270892,82224,-133948,-51724,128015,-77705,50310,17246,-15832,1414
2017-01-26T23:00:00Z,2.661,2.6965,2.6545,2.6965,NaN,NaN,NaN,NaN,405,405,399.85,404.4,82224,-133948,-51724,128015,-77705,50310,17246,-15832,1414,NaN,NaN,NaN,NaN,270892,82224,-133948,-51724,128015,-77705,50310,17246,-15832,1414
2017-01-29T23:00:00Z,2.6945,2.7045,2.634,2.67,NaN,NaN,NaN,NaN,402.45,404.95,394.6,398,82224,-133948,-51724,128015,-77705,50310,17246,-15832,1414,NaN,NaN,NaN,NaN,270892,82224,-133948,-51724,128015,-77705,50310,17246,-15832,1414
2017-01-30T23:00:00Z,2.67,2.7375,2.6595,2.726,NaN,NaN,NaN,NaN,400,407,398.3,406.1,89428,-147207,-57779,134989,-77713,57276,17220,-16717,503,NaN,NaN,NaN,NaN,291702,89428,-147207,-57779,134989,-77713,57276,17220,-16717,503
2017-01-31T23:00:00Z,2.729,2.738,2.704,2.711,NaN,NaN,NaN,NaN,406.1,408.3,402.65,403.25,89428,-147207,-57779,134989,-77713,57276,17220,-16717,503,NaN,NaN,NaN,NaN,291702,89428,-147207,-57779,134989,-77713,57276,17220,-16717,503
2017-02-01T23:00:00Z,2.7135,2.724,2.664,2.682,NaN,NaN,NaN,NaN,404.3,405.1,395.3,397.75,89428,-147207,-57779,134989,-77713,57276,17220,-16717,503,NaN,NaN,NaN,NaN,291702,89428,-147207,-57779,134989,-77713,57276,17220,-16717,503
2017-02-02T23:00:00Z,2.6825,2.694,2.612,2.615,NaN,NaN,NaN,NaN,396,396,387,387.75,89428,-147207,-57779,134989,-77713,57276,17220,-16717,503,NaN,NaN,NaN,NaN,291702,89428,-147207,-57779,134989,-77713,57276,17220,-16717,503
2017-02-05T23:00:00Z,2.6195,2.657,2.615,2.652,NaN,NaN,NaN,NaN,390.3,393.8,388.95,393.3,89428,-147207,-57779,134989,-77713,57276,17220,-16717,503,NaN,NaN,NaN,NaN,291702,89428,-147207,-57779,134989,-77713,57276,17220,-16717,503
2017-02-06T23:00:00Z,2.649,2.6565,2.6235,2.636,NaN,NaN,NaN,NaN,392.3,394.55,390.3,391.2,93332,-147984,-54652,131026,-79467,51559,17039,-13946,3093,NaN,NaN,NaN,NaN,291924,93332,-147984,-54652,131026,-79467,51559,17039,-13946,3093
2017-02-07T23:00:00Z,2.6385,2.691,2.632,2.6645,NaN,NaN,NaN,NaN,392,399.25,392,394.45,93332,-147984,-54652,131026,-79467,51559,17039,-13946,3093,NaN,NaN,NaN,NaN,291924,93332,-147984,-54652,131026,-79467,51559,17039,-13946,3093
2017-02-08T23:00:00Z,2.666,2.6765,2.641,2.657,NaN,NaN,NaN,NaN,395,395.2,388.6,390.6,93332,-147984,-54652,131026,-79467,51559,17039,-13946,3093,NaN,NaN,NaN,NaN,291924,93332,-147984,-54652,131026,-79467,51559,17039,-13946,3093
2017-02-09T23:00:00Z,2.6565,2.791,2.6365,2.7765,NaN,NaN,NaN,NaN,392,408.7,390.9,408.15,93332,-147984,-54652,131026,-79467,51559,17039,-13946,3093,NaN,NaN,NaN,NaN,291924,93332,-147984,-54652,131026,-79467,51559,17039,-13946,3093
2017-02-12T23:00:00Z,2.7765,2.823,2.7695,2.7845,NaN,NaN,NaN,NaN,409.9,414.75,409.55,411.4,93332,-147984,-54652,131026,-79467,51559,17039,-13946,3093,NaN,NaN,NaN,NaN,291924,93332,-147984,-54652,131026,-79467,51559,17039,-13946,3093
2017-02-13T23:00:00Z,2.7855,2.8145,2.7135,2.745,NaN,NaN,NaN,NaN,411.65,414.65,400.75,404.3,92457,-140974,-48517,131446,-86203,45243,19305,-16031,3274,NaN,NaN,NaN,NaN,296125,92457,-140974,-48517,131446,-86203,45243,19305,-16031,3274
2017-02-14T23:00:00Z,2.743,2.7565,2.7195,2.7405,NaN,NaN,NaN,NaN,405,406.6,401.25,404.3,92457,-140974,-48517,131446,-86203,45243,19305,-16031,3274,NaN,NaN,NaN,NaN,296125,92457,-140974,-48517,131446,-86203,45243,19305,-16031,3274
2017-02-15T23:00:00Z,2.741,2.763,2.6935,2.711,NaN,NaN,NaN,NaN,405.3,407.5,398.1,402.05,92457,-140974,-48517,131446,-86203,45243,19305,-16031,3274,NaN,NaN,NaN,NaN,296125,92457,-140974,-48517,131446,-86203,45243,19305,-16031,3274
2017-02-16T23:00:00Z,2.7105,2.735,2.678,2.7065,NaN,NaN,NaN,NaN,402.2,402.55,396.3,400.2,92457,-140974,-48517,131446,-86203,45243,19305,-16031,3274,NaN,NaN,NaN,NaN,296125,92457,-140974,-48517,131446,-86203,45243,19305,-16031,3274
2017-02-19T23:00:00Z,2.707,2.7585,2.7,2.742,NaN,NaN,NaN,NaN,404.7,406.75,403.25,405.25,93995,-141913,-47918,128204,-85410,42794,18459,-13335,5124,NaN,NaN,NaN,NaN,283805,93995,-141913,-47918,128204,-85410,42794,18459,-13335,5124
2017-02-21T23:00:00Z,2.742,2.7495,2.71,2.736,NaN,NaN,NaN,NaN,403.2,404.6,400.25,403.65,93995,-141913,-47918,128204,-85410,42794,18459,-13335,5124,NaN,NaN,NaN,NaN,283805,93995,-141913,-47918,128204,-85410,42794,18459,-13335,5124
2017-02-22T23:00:00Z,2.7365,2.7385,2.637,2.638,NaN,NaN,NaN,NaN,402.1,402.15,388.25,388.8,93995,-141913,-47918,128204,-85410,42794,18459,-13335,5124,NaN,NaN,NaN,NaN,283805,93995,-141913,-47918,128204,-85410,42794,18459,-13335,5124
2017-02-23T23:00:00Z,2.6375,2.691,2.6375,2.6685,NaN,NaN,NaN,NaN,390.5,395.7,389.35,394,93995,-141913,-47918,128204,-85410,42794,18459,-13335,5124,NaN,NaN,NaN,NaN,283805,93995,-141913,-47918,128204,-85410,42794,18459,-13335,5124
2017-02-26T23:00:00Z,2.686,2.704,2.6675,2.692,NaN,NaN,NaN,NaN,393.65,395.8,390.5,395.3,93995,-141913,-47918,128204,-85410,42794,18459,-13335,5124,NaN,NaN,NaN,NaN,283805,93995,-141913,-47918,128204,-85410,42794,18459,-13335,5124
2017-02-27T23:00:00Z,2.6945,2.723,2.678,2.7135,NaN,NaN,NaN,NaN,398.4,401.75,395.75,400.75,90031,-132757,-42726,120913,-82915,37998,17103,-12375,4728,NaN,NaN,NaN,NaN,267935,90031,-132757,-42726,120913,-82915,37998,17103,-12375,4728
2017-02-28T23:00:00Z,2.714,2.7685,2.706,2.731,NaN,NaN,NaN,NaN,401.2,409.25,401.2,403.95,90031,-132757,-42726,120913,-82915,37998,17103,-12375,4728,NaN,NaN,NaN,NaN,267935,90031,-132757,-42726,120913,-82915,37998,17103,-12375,4728
2017-03-01T23:00:00Z,2.738,2.745,2.681,2.6885,NaN,NaN,NaN,NaN,403.7,404.45,396.8,398.05,90031,-132757,-42726,120913,-82915,37998,17103,-12375,4728,NaN,NaN,NaN,NaN,267935,90031,-132757,-42726,120913,-82915,37998,17103,-12375,4728
2017-03-02T23:00:00Z,2.687,2.7115,2.6775,2.7075,NaN,NaN,NaN,NaN,397,399.4,396.05,398.5,90031,-132757,-42726,120913,-82915,37998,17103,-12375,4728,NaN,NaN,NaN,NaN,267935,90031,-132757,-42726,120913,-82915,37998,17103,-12375,4728
2017-03-05T23:00:00Z,2.7075,2.7095,2.646,2.656,NaN,NaN,NaN,NaN,397.25,397.95,390.75,391.85,90031,-132757,-42726,120913,-82915,37998,17103,-12375,4728,NaN,NaN,NaN,NaN,267935,90031,-132757,-42726,120913,-82915,37998,17103,-12375,4728
2017-03-06T23:00:00Z,2.654,2.664,2.608,2.6155,NaN,NaN,NaN,NaN,392.2,392.5,385.3,386.8,87052,-123421,-36369,117779,-88060,29719,19258,-12608,6650,NaN,NaN,NaN,NaN,267379,87052,-123421,-36369,117779,-88060,29719,19258,-12608,6650
2017-03-07T23:00:00Z,2.6145,2.6345,2.588,2.593,NaN,NaN,NaN,NaN,387.3,389.95,384.95,385.35,87052,-123421,-36369,117779,-88060,29719,19258,-12608,6650,NaN,NaN,NaN,NaN,267379,87052,-123421,-36369,117779,-88060,29719,19258,-12608,6650
2017-03-08T23:00:00Z,2.59,2.6,2.5585,2.5775,NaN,NaN,NaN,NaN,385,385,378.75,381.7,87052,-123421,-36369,117779,-88060,29719,19258,-12608,6650,NaN,NaN,NaN,NaN,267379,87052,-123421,-36369,117779,-88060,29719,19258,-12608,6650
2017-03-09T23:00:00Z,2.5775,2.616,2.5735,2.6,NaN,NaN,NaN,NaN,381.3,385.95,380.75,382.8,87052,-123421,-36369,117779,-88060,29719,19258,-12608,6650,NaN,NaN,NaN,NaN,267379,87052,-123421,-36369,117779,-88060,29719,19258,-12608,6650
2017-03-12T22:00:00Z,2.599,2.6395,2.597,2.6275,NaN,NaN,NaN,NaN,386,387.25,384.8,385.45,87052,-123421,-36369,117779,-88060,29719,19258,-12608,6650,NaN,NaN,NaN,NaN,267379,87052,-123421,-36369,117779,-88060,29719,19258,-12608,6650
2017-03-13T22:00:00Z,2.628,2.6505,2.599,2.6445,NaN,NaN,NaN,NaN,386.6,387.1,379.5,385.5,92375,-118993,-26618,110578,-88139,22439,17269,-13090,4179,NaN,NaN,NaN,NaN,260056,92375,-118993,-26618,110578,-88139,22439,17269,-13090,4179
2017-03-14T22:00:00Z,2.6435,2.677,2.637,2.6695,NaN,NaN,NaN,NaN,384.45,388.8,383.15,386.8,92375,-118993,-26618,110578,-88139,22439,17269,-13090,4179,NaN,NaN,NaN,NaN,260056,92375,-118993,-26618,110578,-88139,22439,17269,-13090,4179
2017-03-15T22:00:00Z,2.6695,2.6975,2.6665,2.677,NaN,NaN,NaN,NaN,387.5,391.15,387,387.75,92375,-118993,-26618,110578,-88139,22439,17269,-13090,4179,NaN,NaN,NaN,NaN,260056,92375,-118993,-26618,110578,-88139,22439,17269,-13090,4179
2017-03-16T22:00:00Z,2.6765,2.6965,2.658,2.6915,NaN,NaN,NaN,NaN,388.1,391.05,385.9,390.75,92375,-118993,-26618,110578,-88139,22439,17269,-13090,4179,NaN,NaN,NaN,NaN,260056,92375,-118993,-26618,110578,-88139,22439,17269,-13090,4179
2017-03-19T22:00:00Z,2.6895,2.7,2.652,2.654,NaN,NaN,NaN,NaN,389.55,390.6,383.95,385.35,92375,-118993,-26618,110578,-88139,22439,17269,-13090,4179,NaN,NaN,NaN,NaN,260056,92375,-118993,-26618,110578,-88139,22439,17269,-13090,4179
2017-03-20T22:00:00Z,2.654,2.6605,2.6035,2.609,NaN,NaN,NaN,NaN,384.95,384.95,378.05,379.15,96185,-122042,-25857,111829,-90159,21670,18763,-14576,4187,NaN,NaN,NaN,NaN,269323,96185,-122042,-25857,111829,-90159,21670,18763,-14576,4187
2017-03-21T22:00:00Z,2.6065,2.642,2.5875,2.6395,NaN,NaN,NaN,NaN,378.05,383,376.3,381.9,96185,-122042,-25857,111829,-90159,21670,18763,-14576,4187,NaN,NaN,NaN,NaN,269323,96185,-122042,-25857,111829,-90159,21670,18763,-14576,4187
2017-03-22T22:00:00Z,2.639,2.655,2.615,2.651,NaN,NaN,NaN,NaN,382.2,384.4,379.4,383.85,96185,-122042,-25857,111829,-90159,21670,18763,-14576,4187,NaN,NaN,NaN,NaN,269323,96185,-122042,-25857,111829,-90159,21670,18763,-14576,4187
2017-03-23T22:00:00Z,2.651,2.6525,2.617,2.6395,NaN,NaN,NaN,NaN,382,383.45,379,380.75,96185,-122042,-25857,111829,-90159,21670,18763,-14576,4187,NaN,NaN,NaN,NaN,269323,96185,-122042,-25857,111829,-90159,21670,18763,-14576,4187
2017-03-26T22:00:00Z,2.635,2.6375,2.5665,2.6375,NaN,NaN,NaN,NaN,378.9,380.7,370.15,378.95,96185,-122042,-25857,111829,-90159,21670,18763,-14576,4187,NaN,NaN,NaN,NaN,269323,96185,-122042,-25857,111829,-90159,21670,18763,-14576,4187
2017-03-27T22:00:00Z,2.6375,2.678,2.615,2.669,NaN,NaN,NaN,NaN,378,385.6,377.35,385.15,100198,-129841,-29643,112041,-82176,29865,14428,-14650,-222,NaN,NaN,NaN,NaN,273316,100198,-129841,-29643,112041,-82176,29865,14428,-14650,-222
2017-03-28T22:00:00Z,2.668,2.687,2.657,2.6725,NaN,NaN,NaN,NaN,383.65,385.95,382.2,384.05,100198,-129841,-29643,112041,-82176,29865,14428,-14650,-222,NaN,NaN,NaN,NaN,273316,100198,-129841,-29643,112041,-82176,29865,14428,-14650,-222
2017-03-29T22:00:00Z,2.673,2.717,2.6535,2.6765,NaN,NaN,NaN,NaN,383.8,388.9,381.4,383.8,100198,-129841,-29643,112041,-82176,29865,14428,-14650,-222,NaN,NaN,NaN,NaN,273316,100198,-129841,-29643,112041,-82176,29865,14428,-14650,-222
2017-03-30T22:00:00Z,2.677,2.6805,2.6315,2.6555,NaN,NaN,NaN,NaN,383.1,384.5,378.3,380.75,100198,-129841,-29643,112041,-82176,29865,14428,-14650,-222,NaN,NaN,NaN,NaN,273316,100198,-129841,-29643,112041,-82176,29865,14428,-14650,-222
2017-04-02T22:00:00Z,2.6535,2.6605,2.602,2.6065,NaN,NaN,NaN,NaN,380.8,382.45,374.4,374.65,100198,-129841,-29643,112041,-82176,29865,14428,-14650,-222,NaN,NaN,NaN,NaN,273316,100198,-129841,-29643,112041,-82176,29865,14428,-14650,-222
2017-04-03T22:00:00Z,2.604,2.621,2.594,2.619,NaN,NaN,NaN,NaN,375,377.25,375,376.65,97060,-126943,-29883,111665,-84797,26868,16747,-13732,3015,NaN,NaN,NaN,NaN,277949,97060,-126943,-29883,111665,-84797,26868,16747,-13732,3015
2017-04-04T22:00:00Z,2.62,2.695,2.6135,2.6765,NaN,NaN,NaN,NaN,378,387,378,386.15,97060,-126943,-29883,111665,-84797,26868,16747,-13732,3015,NaN,NaN,NaN,NaN,277949,97060,-126943,-29883,111665,-84797,26868,16747,-13732,3015
2017-04-05T22:00:00Z,2.676,2.689,2.6485,2.6585,NaN,NaN,NaN,NaN,384.05,385.4,378.8,380.65,97060,-126943,-29883,111665,-84797,26868,16747,-13732,3015,NaN,NaN,NaN,NaN,277949,97060,-126943,-29883,111665,-84797,26868,16747,-13732,3015
2017-04-06T22:00:00Z,2.6585,2.671,2.604,2.6445,NaN,NaN,NaN,NaN,379,379.4,370.6,376.05,97060,-126943,-29883,111665,-84797,26868,16747,-13732,3015,NaN,NaN,NaN,NaN,277949,97060,-126943,-29883,111665,-84797,26868,16747,-13732,3015
2017-04-09T22:00:00Z,2.6435,2.6455,2.599,2.607,NaN,NaN,NaN,NaN,374.3,375.9,371.45,372.55,97060,-126943,-29883,111665,-84797,26868,16747,-13732,3015,NaN,NaN,NaN,NaN,277949,97060,-126943,-29883,111665,-84797,26868,16747,-13732,3015
2017-04-10T22:00:00Z,2.607,2.624,2.583,2.6095,NaN,NaN,NaN,NaN,373.55,374.6,369.55,373.25,97209,-127474,-30265,114238,-88393,25845,18075,-13655,4420,NaN,NaN,NaN,NaN,284852,97209,-127474,-30265,114238,-88393,25845,18075,-13655,4420
2017-04-11T22:00:00Z,2.6095,2.61,2.5345,2.541,NaN,NaN,NaN,NaN,371.55,372.4,363,363.75,97209,-127474,-30265,114238,-88393,25845,18075,-13655,4420,NaN,NaN,NaN,NaN,284852,97209,-127474,-30265,114238,-88393,25845,18075,-13655,4420
2017-04-12T22:00:00Z,2.538,2.589,2.5375,2.571,NaN,NaN,NaN,NaN,365.4,368.2,364.6,366.2,97209,-127474,-30265,114238,-88393,25845,18075,-13655,4420,NaN,NaN,NaN,NaN,284852,97209,-127474,-30265,114238,-88393,25845,18075,-13655,4420
2017-04-16T22:00:00Z,2.5655,2.6115,2.5565,2.596,NaN,NaN,NaN,NaN,367.45,371.95,366.45,370.15,97209,-127474,-30265,114238,-88393,25845,18075,-13655,4420,NaN,NaN,NaN,NaN,284852,97209,-127474,-30265,114238,-88393,25845,18075,-13655,4420
2017-04-17T22:00:00Z,2.596,2.596,2.5155,2.5295,NaN,NaN,NaN,NaN,369.8,369.8,359.3,361.2,103458,-121850,-18392,106292,-90249,16043,20921,-18572,2349,NaN,NaN,NaN,NaN,275401,103458,-121850,-18392,106292,-90249,16043,20921,-18572,2349
2017-04-18T22:00:00Z,2.528,2.5635,2.494,2.5285,NaN,NaN,NaN,NaN,363.4,365.4,356.8,361.25,103458,-121850,-18392,106292,-90249,16043,20921,-18572,2349,NaN,NaN,NaN,NaN,275401,103458,-121850,-18392,106292,-90249,16043,20921,-18572,2349
2017-04-19T22:00:00Z,2.529,2.554,2.504,2.5455,NaN,NaN,NaN,NaN,359.85,364.75,357.75,364.15,103458,-121850,-18392,106292,-90249,16043,20921,-18572,2349,NaN,NaN,NaN,NaN,275401,103458,-121850,-18392,106292,-90249,16043,20921,-18572,2349
2017-04-20T22:00:00Z,2.544,2.566,2.5245,2.546,NaN,NaN,NaN,NaN,363.65,366,360.7,363,103458,-121850,-18392,106292,-90249,16043,20921,-18572,2349,NaN,NaN,NaN,NaN,275401,103458,-121850,-18392,106292,-90249,16043,20921,-18572,2349
2017-04-23T22:00:00Z,2.546,2.572,2.535,2.554,NaN,NaN,NaN,NaN,364.05,364.75,361.05,363.8,103458,-121850,-18392,106292,-90249,16043,20921,-18572,2349,NaN,NaN,NaN,NaN,275401,103458,-121850,-18392,106292,-90249,16043,20921,-18572,2349
2017-04-24T22:00:00Z,2.5545,2.593,2.5455,2.588,NaN,NaN,NaN,NaN,364.75,367.3,363.75,366.3,101785,-113775,-11990,103581,-91123,12458,16375,-16843,-468,NaN,NaN,NaN,NaN,260513,101785,-113775,-11990,103581,-91123,12458,16375,-16843,-468
2017-04-25T22:00:00Z,2.5865,2.597,2.572,2.591,NaN,NaN,NaN,NaN,365.55,367.2,363.8,366.8,101785,-113775,-11990,103581,-91123,12458,16375,-16843,-468,NaN,NaN,NaN,NaN,260513,101785,-113775,-11990,103581,-91123,12458,16375,-16843,-468
2017-04-26T22:00:00Z,2.6015,2.6015,2.5655,2.5975,NaN,NaN,NaN,NaN,368.7,370.8,366.25,369.7,101785,-113775,-11990,103581,-91123,12458,16375,-16843,-468,NaN,NaN,NaN,NaN,260513,101785,-113775,-11990,103581,-91123,12458,16375,-16843,-468
2017-04-27T22:00:00Z,2.596,2.616,2.5875,2.613,NaN,NaN,NaN,NaN,370,374.15,370,372.75,101785,-113775,-11990,103581,-91123,12458,16375,-16843,-468,NaN,NaN,NaN,NaN,260513,101785,-113775,-11990,103581,-91123,12458,16375,-16843,-468
2017-04-30T22:00:00Z,2.599,2.6945,2.594,2.6585,NaN,NaN,NaN,NaN,372,385,371.6,380.55,101785,-113775,-11990,103581,-91123,12458,16375,-16843,-468,NaN,NaN,NaN,NaN,260513,101785,-113775,-11990,103581,-91123,12458,16375,-16843,-468
2017-05-01T22:00:00Z,2.662,2.663,2.622,2.64,NaN,NaN,NaN,NaN,378.8,378.8,374.3,376.1,92346,-111828,-19482,104855,-86317,18538,16294,-15350,944,NaN,NaN,NaN,NaN,248643,92346,-111828,-19482,104855,-86317,18538,16294,-15350,944
2017-05-02T22:00:00Z,2.639,2.6395,2.5135,2.517,NaN,NaN,NaN,NaN,374.65,374.65,361.95,362.25,92346,-111828,-19482,104855,-86317,18538,16294,-15350,944,NaN,NaN,NaN,NaN,248643,92346,-111828,-19482,104855,-86317,18538,16294,-15350,944
2017-05-03T22:00:00Z,2.5175,2.5455,2.49,2.5145,NaN,NaN,NaN,NaN,362.2,363,355.8,358.55,92346,-111828,-19482,104855,-86317,18538,16294,-15350,944,NaN,NaN,NaN,NaN,248643,92346,-111828,-19482,104855,-86317,18538,16294,-15350,944
2017-05-04T22:00:00Z,2.512,2.539,2.503,2.539,NaN,NaN,NaN,NaN,358.2,361.9,357.75,361.45,92346,-111828,-19482,104855,-86317,18538,16294,-15350,944,NaN,NaN,NaN,NaN,248643,92346,-111828,-19482,104855,-86317,18538,16294,-15350,944
2017-05-07T22:00:00Z,2.5375,2.547,2.4725,2.494,NaN,NaN,NaN,NaN,358.1,358.9,353.85,356.65,92346,-111828,-19482,104855,-86317,18538,16294,-15350,944,NaN,NaN,NaN,NaN,248643,92346,-111828,-19482,104855,-86317,18538,16294,-15350,944
2017-05-08T22:00:00Z,2.494,2.5175,2.4805,2.496,NaN,NaN,NaN,NaN,356,361.4,355.6,359.1,92701,-101001,-8300,98601,-90520,8081,16517,-16298,219,NaN,NaN,NaN,NaN,243123,92701,-101001,-8300,98601,-90520,8081,16517,-16298,219
2017-05-09T22:00:00Z,2.495,2.5115,2.484,2.497,NaN,NaN,NaN,NaN,359.5,360.4,356.6,358,92701,-101001,-8300,98601,-90520,8081,16517,-16298,219,NaN,NaN,NaN,NaN,243123,92701,-101001,-8300,98601,-90520,8081,16517,-16298,219
2017-05-10T22:00:00Z,2.495,2.553,2.489,2.5075,NaN,NaN,NaN,NaN,358.65,365,358,358.85,92701,-101001,-8300,98601,-90520,8081,16517,-16298,219,NaN,NaN,NaN,NaN,243123,92701,-101001,-8300,98601,-90520,8081,16517,-16298,219
2017-05-11T22:00:00Z,2.506,2.5295,2.504,2.529,NaN,NaN,NaN,NaN,359.05,360.9,358,359.8,92701,-101001,-8300,98601,-90520,8081,16517,-16298,219,NaN,NaN,NaN,NaN,243123,92701,-101001,-8300,98601,-90520,8081,16517,-16298,219
2017-05-14T22:00:00Z,2.525,2.557,2.518,2.5375,NaN,NaN,NaN,NaN,360.45,363.8,360.45,361.55,92701,-101001,-8300,98601,-90520,8081,16517,-16298,219,NaN,NaN,NaN,NaN,243123,92701,-101001,-8300,98601,-90520,8081,16517,-16298,219
2017-05-15T22:00:00Z,2.538,2.553,2.522,2.549,NaN,NaN,NaN,NaN,360.3,363,359,362.45,100625,-107913,-7288,96922,-88276,8646,15398,-16756,-1358,NaN,NaN,NaN,NaN,250251,100625,-107913,-7288,96922,-88276,8646,15398,-16756,-1358
2017-05-16T22:00:00Z,2.549,2.5595,2.5265,2.545,NaN,NaN,NaN,NaN,363,364,360.1,363.15,100625,-107913,-7288,96922,-88276,8646,15398,-16756,-1358,NaN,NaN,NaN,NaN,250251,100625,-107913,-7288,96922,-88276,8646,15398,-16756,-1358
2017-05-17T22:00:00Z,2.545,2.545,2.4845,2.5315,NaN,NaN,NaN,NaN,361,365.7,356.8,364.55,100625,-107913,-7288,96922,-88276,8646,15398,-16756,-1358,NaN,NaN,NaN,NaN,250251,100625,-107913,-7288,96922,-88276,8646,15398,-16756,-1358
2017-05-18T22:00:00Z,2.535,2.5905,2.5285,2.5885,NaN,NaN,NaN,NaN,364.7,370.2,364.45,369.55,100625,-107913,-7288,96922,-88276,8646,15398,-16756,-1358,NaN,NaN,NaN,NaN,250251,100625,-107913,-7288,96922,-88276,8646,15398,-16756,-1358
2017-05-21T22:00:00Z,2.587,2.6045,2.566,2.603,NaN,NaN,NaN,NaN,368.05,371.7,367.75,371.5,100625,-107913,-7288,96922,-88276,8646,15398,-16756,-1358,NaN,NaN,NaN,NaN,250251,100625,-107913,-7288,96922,-88276,8646,15398,-16756,-1358
2017-05-22T22:00:00Z,2.6015,2.6015,2.5735,2.599,NaN,NaN,NaN,NaN,371,373.8,369.25,373.6,105830,-116559,-10729,97688,-84657,13031,15675,-17977,-2302,NaN,NaN,NaN,NaN,256097,105830,-116559,-10729,97688,-84657,13031,15675,-17977,-2302
2017-05-23T22:00:00Z,2.6005,2.6005,2.5555,2.5905,NaN,NaN,NaN,NaN,371.8,372.7,367.65,371.5,105830,-116559,-10729,97688,-84657,13031,15675,-17977,-2302,NaN,NaN,NaN,NaN,256097,105830,-116559,-10729,97688,-84657,13031,15675,-17977,-2302
2017-05-24T22:00:00Z,2.589,2.6195,2.5725,2.5925,NaN,NaN,NaN,NaN,369.95,374.45,368.1,371.7,105830,-116559,-10729,97688,-84657,13031,15675,-17977,-2302,NaN,NaN,NaN,NaN,256097,105830,-116559,-10729,97688,-84657,13031,15675,-17977,-2302
2017-05-25T22:00:00Z,2.5945,2.6055,2.5535,2.5685,NaN,NaN,NaN,NaN,371.4,372.6,365.4,367.4,105830,-116559,-10729,97688,-84657,13031,15675,-17977,-2302,NaN,NaN,NaN,NaN,256097,105830,-116559,-10729,97688,-84657,13031,15675,-17977,-2302
2017-05-28T22:00:00Z,2.568,2.5945,2.539,2.5695,NaN,NaN,NaN,NaN,367.5,367.85,363.85,367.15,106516,-116079,-9563,96704,-87060,9644,15904,-15985,-81,NaN,NaN,NaN,NaN,249317,106516,-116079,-9563,96704,-87060,9644,15904,-15985,-81
2017-05-30T22:00:00Z,2.57,2.5875,2.554,2.584,NaN,NaN,NaN,NaN,368,369.6,365.1,368.75,106516,-116079,-9563,96704,-87060,9644,15904,-15985,-81,NaN,NaN,NaN,NaN,249317,106516,-116079,-9563,96704,-87060,9644,15904,-15985,-81
2017-05-31T22:00:00Z,2.584,2.596,2.5615,2.584,NaN,NaN,NaN,NaN,367.9,369.9,365.8,368.75,106516,-116079,-9563,96704,-87060,9644,15904,-15985,-81,NaN,NaN,NaN,NaN,249317,106516,-116079,-9563,96704,-87060,9644,15904,-15985,-81
2017-06-01T22:00:00Z,2.5845,2.585,2.526,2.5765,NaN,NaN,NaN,NaN,367.25,367.7,360.65,367.05,106516,-116079,-9563,96704,-87060,9644,15904,-15985,-81,NaN,NaN,NaN,NaN,249317,106516,-116079,-9563,96704,-87060,9644,15904,-15985,-81
2017-06-04T22:00:00Z,2.575,2.5755,2.5405,2.5595,NaN,NaN,NaN,NaN,365.6,366.1,361.8,364.85,106516,-116079,-9563,96704,-87060,9644,15904,-15985,-81,NaN,NaN,NaN,NaN,249317,106516,-116079,-9563,96704,-87060,9644,15904,-15985,-81
2017-06-05T22:00:00Z,2.5585,2.5655,2.5155,2.5475,NaN,NaN,NaN,NaN,364.4,365.4,358.85,363.25,107435,-120761,-13326,97394,-84668,12726,17214,-16614,600,NaN,NaN,NaN,NaN,253643,107435,-120761,-13326,97394,-84668,12726,17214,-16614,600
2017-06-06T22:00:00Z,2.5475,2.5585,2.533,2.554,NaN,NaN,NaN,NaN,364.5,364.5,361.15,363.85,107435,-120761,-13326,97394,-84668,12726,17214,-16614,600,NaN,NaN,NaN,NaN,253643,107435,-120761,-13326,97394,-84668,12726,17214,-16614,600
2017-06-07T22:00:00Z,2.554,2.6175,2.543,2.6145,NaN,NaN,NaN,NaN,362.5,371.05,362.5,370.85,107435,-120761,-13326,97394,-84668,12726,17214,-16614,600,NaN,NaN,NaN,NaN,253643,107435,-120761,-13326,97394,-84668,12726,17214,-16614,600
2017-06-08T22:00:00Z,2.6115,2.652,2.5975,2.6445,NaN,NaN,NaN,NaN,369.4,377.4,369.4,377.15,107435,-120761,-13326,97394,-84668,12726,17214,-16614,600,NaN,NaN,NaN,NaN,253643,107435,-120761,-13326,97394,-84668,12726,17214,-16614,600
2017-06-11T22:00:00Z,2.6455,2.649,2.6095,2.614,NaN,NaN,NaN,NaN,376,376.2,372.3,372.95,107435,-120761,-13326,97394,-84668,12726,17214,-16614,600,NaN,NaN,NaN,NaN,253643,107435,-120761,-13326,97394,-84668,12726,17214,-16614,600
2017-06-12T22:00:00Z,2.6145,2.625,2.5805,2.599,NaN,NaN,NaN,NaN,372.95,373.65,367.35,369.65,98675,-119272,-20597,108011,-89213,18798,17657,-15858,1799,NaN,NaN,NaN,NaN,260631,98675,-119272,-20597,108011,-89213,18798,17657,-15858,1799
2017-06-13T22:00:00Z,2.599,2.605,2.5605,2.5645,NaN,NaN,NaN,NaN,369.3,370.55,363.2,363.9,98675,-119272,-20597,108011,-89213,18798,17657,-15858,1799,NaN,NaN,NaN,NaN,260631,98675,-119272,-20597,108011,-89213,18798,17657,-15858,1799
2017-06-14T22:00:00Z,2.565,2.583,2.534,2.568,NaN,NaN,NaN,NaN,364.6,367.35,364.2,367.05,98675,-119272,-20597,108011,-89213,18798,17657,-15858,1799,NaN,NaN,NaN,NaN,260631,98675,-119272,-20597,108011,-89213,18798,17657,-15858,1799
2017-06-15T22:00:00Z,2.5675,2.5785,2.555,2.57,NaN,NaN,NaN,NaN,367.1,368,364.3,365.45,98675,-119272,-20597,108011,-89213,18798,17657,-15858,1799,NaN,NaN,NaN,NaN,260631,98675,-119272,-20597,108011,-89213,18798,17657,-15858,1799
2017-06-18T22:00:00Z,2.568,2.598,2.5595,2.5895,NaN,NaN,NaN,NaN,366.1,369.95,365.5,368.9,98675,-119272,-20597,108011,-89213,18798,17657,-15858,1799,NaN,NaN,NaN,NaN,260631,98675,-119272,-20597,108011,-89213,18798,17657,-15858,1799
2017-06-19T22:00:00Z,2.588,2.592,2.5455,2.5555,NaN,NaN,NaN,NaN,368.6,369.15,363.7,365.2,105947,-120070,-14123,103559,-90780,12779,17006,-15662,1344,NaN,NaN,NaN,NaN,271774,105947,-120070,-14123,103559,-90780,12779,17006,-15662,1344
2017-06-20T22:00:00Z,2.555,2.609,2.5395,2.5965,NaN,NaN,NaN,NaN,365,372.1,362.8,370.2,105947,-120070,-14123,103559,-90780,12779,17006,-15662,1344,NaN,NaN,NaN,NaN,271774,105947,-120070,-14123,103559,-90780,12779,17006,-15662,1344
2017-06-21T22:00:00Z,2.596,2.615,2.571,2.594,NaN,NaN,NaN,NaN,370,372.7,366.65,370.6,105947,-120070,-14123,103559,-90780,12779,17006,-15662,1344,NaN,NaN,NaN,NaN,271774,105947,-120070,-14123,103559,-90780,12779,17006,-15662,1344
2017-06-22T22:00:00Z,2.593,2.6515,2.591,2.6255,NaN,NaN,NaN,NaN,370.25,377.4,369.55,373.8,105947,-120070,-14123,103559,-90780,12779,17006,-15662,1344,NaN,NaN,NaN,NaN,271774,105947,-120070,-14123,103559,-90780,12779,17006,-15662,1344
2017-06-25T22:00:00Z,2.625,2.6465,2.602,2.624,NaN,NaN,NaN,NaN,375,375,371.95,373.3,105947,-120070,-14123,103559,-90780,12779,17006,-15662,1344,NaN,NaN,NaN,NaN,271774,105947,-120070,-14123,103559,-90780,12779,17006,-15662,1344
2017-06-26T22:00:00Z,2.6245,2.655,2.6135,2.642,NaN,NaN,NaN,NaN,373,378.1,372.35,376.65,95179,-110189,-15010,106572,-92884,13688,17394,-16072,1322,NaN,NaN,NaN,NaN,253503,95179,-110189,-15010,106572,-92884,13688,17394,-16072,1322
2017-06-27T22:00:00Z,2.643,2.6625,2.6355,2.6605,NaN,NaN,NaN,NaN,377.65,379.2,375.9,378.8,95179,-110189,-15010,106572,-92884,13688,17394,-16072,1322,NaN,NaN,NaN,NaN,253503,95179,-110189,-15010,106572,-92884,13688,17394,-16072,1322
2017-06-28T22:00:00Z,2.675,2.7155,2.6705,2.697,NaN,NaN,NaN,NaN,385,389.6,384.9,388.25,95179,-110189,-15010,106572,-92884,13688,17394,-16072,1322,NaN,NaN,NaN,NaN,253503,95179,-110189,-15010,106572,-92884,13688,17394,-16072,1322
2017-06-29T22:00:00Z,2.6965,2.7185,2.682,2.707,NaN,NaN,NaN,NaN,388.2,390.25,385.9,388.75,95179,-110189,-15010,106572,-92884,13688,17394,-16072,1322,NaN,NaN,NaN,NaN,253503,95179,-110189,-15010,106572,-92884,13688,17394,-16072,1322
2017-07-02T22:00:00Z,2.711,2.7165,2.685,2.689,NaN,NaN,NaN,NaN,389.25,390,386,387.75,96051,-113572,-17521,116393,-100048,16345,17247,-16071,1176,NaN,NaN,NaN,NaN,267148,96051,-113572,-17521,116393,-100048,16345,17247,-16071,1176
2017-07-03T22:00:00Z,2.6875,2.6915,2.6435,2.6635,NaN,NaN,NaN,NaN,385.95,386.3,381.05,382.35,96051,-113572,-17521,116393,-100048,16345,17247,-16071,1176,NaN,NaN,NaN,NaN,267148,96051,-113572,-17521,116393,-100048,16345,17247,-16071,1176
2017-07-05T22:00:00Z,2.6615,2.671,2.6515,2.6635,NaN,NaN,NaN,NaN,382.2,383.9,381.1,382.3,96051,-113572,-17521,116393,-100048,16345,17247,-16071,1176,NaN,NaN,NaN,NaN,267148,96051,-113572,-17521,116393,-100048,16345,17247,-16071,1176
2017-07-06T22:00:00Z,2.662,2.6695,2.6405,2.649,NaN,NaN,NaN,NaN,382.2,383.35,378.8,380.1,96051,-113572,-17521,116393,-100048,16345,17247,-16071,1176,NaN,NaN,NaN,NaN,267148,96051,-113572,-17521,116393,-100048,16345,17247,-16071,1176
2017-07-09T22:00:00Z,2.6525,2.6605,2.631,2.6525,NaN,NaN,NaN,NaN,380.45,380.85,376.4,379.25,96051,-113572,-17521,116393,-100048,16345,17247,-16071,1176,NaN,NaN,NaN,NaN,267148,96051,-113572,-17521,116393,-100048,16345,17247,-16071,1176
2017-07-10T22:00:00Z,2.651,2.677,2.642,2.676,NaN,NaN,NaN,NaN,378.8,383.2,378.4,382.6,96163,-111064,-14901,112768,-100762,12006,17084,-14189,2895,NaN,NaN,NaN,NaN,264039,96163,-111064,-14901,112768,-100762,12006,17084,-14189,2895
2017-07-11T22:00:00Z,2.675,2.6985,2.672,2.6825,NaN,NaN,NaN,NaN,384,385.75,382.65,383.25,96163,-111064,-14901,112768,-100762,12006,17084,-14189,2895,NaN,NaN,NaN,NaN,264039,96163,-111064,-14901,112768,-100762,12006,17084,-14189,2895
2017-07-12T22:00:00Z,2.685,2.6965,2.66,2.666,NaN,NaN,NaN,NaN,384.05,385.25,380.5,380.85,96163,-111064,-14901,112768,-100762,12006,17084,-14189,2895,NaN,NaN,NaN,NaN,264039,96163,-111064,-14901,112768,-100762,12006,17084,-14189,2895
2017-07-13T22:00:00Z,2.6655,2.696,2.663,2.695,NaN,NaN,NaN,NaN,381.3,384.3,380.5,383.65,96163,-111064,-14901,112768,-100762,12006,17084,-14189,2895,NaN,NaN,NaN,NaN,264039,96163,-111064,-14901,112768,-100762,12006,17084,-14189,2895
2017-07-16T22:00:00Z,2.6915,2.7375,2.6835,2.7265,NaN,NaN,NaN,NaN,385.95,390.45,385,389.3,96163,-111064,-14901,112768,-100762,12006,17084,-14189,2895,NaN,NaN,NaN,NaN,264039,96163,-111064,-14901,112768,-100762,12006,17084,-14189,2895
2017-07-17T22:00:00Z,2.728,2.7335,2.712,2.7265,NaN,NaN,NaN,NaN,389.05,389.65,386.65,389,99519,-117099,-17580,121936,-106606,15330,17259,-15009,2250,NaN,NaN,NaN,NaN,276841,99519,-117099,-17580,121936,-106606,15330,17259,-15009,2250
2017-07-18T22:00:00Z,2.729,2.7355,2.706,2.7065,NaN,NaN,NaN,NaN,388.35,390,385.4,386.25,99519,-117099,-17580,121936,-106606,15330,17259,-15009,2250,NaN,NaN,NaN,NaN,276841,99519,-117099,-17580,121936,-106606,15330,17259,-15009,2250
2017-07-19T22:00:00Z,2.7075,2.723,2.6985,2.716,NaN,NaN,NaN,NaN,387.35,388.4,384.95,387.25,99519,-117099,-17580,121936,-106606,15330,17259,-15009,2250,NaN,NaN,NaN,NaN,276841,99519,-117099,-17580,121936,-106606,15330,17259,-15009,2250
2017-07-20T22:00:00Z,2.7175,2.7505,2.712,2.722,NaN,NaN,NaN,NaN,387.45,391.8,387.25,389,99519,-117099,-17580,121936,-106606,15330,17259,-15009,2250,NaN,NaN,NaN,NaN,276841,99519,-117099,-17580,121936,-106606,15330,17259,-15009,2250
2017-07-23T22:00:00Z,2.7255,2.7445,2.717,2.7435,NaN,NaN,NaN,NaN,389.15,390.85,387.65,390.6,99519,-117099,-17580,121936,-106606,15330,17259,-15009,2250,NaN,NaN,NaN,NaN,276841,99519,-117099,-17580,121936,-106606,15330,17259,-15009,2250
2017-07-24T22:00:00Z,2.7445,2.854,2.7345,2.847,NaN,NaN,NaN,NaN,391.8,406.95,391.8,406,101929,-125270,-23341,137242,-112985,24257,17649,-18565,-916,NaN,NaN,NaN,NaN,298264,101929,-125270,-23341,137242,-112985,24257,17649,-18565,-916
2017-07-25T22:00:00Z,2.8425,2.9055,2.832,2.871,NaN,NaN,NaN,NaN,407,414.25,405.45,408.1,101929,-125270,-23341,137242,-112985,24257,17649,-18565,-916,NaN,NaN,NaN,NaN,298264,101929,-125270,-23341,137242,-112985,24257,17649,-18565,-916
2017-07-26T22:00:00Z,2.873,2.8975,2.862,2.8675,NaN,NaN,NaN,NaN,409.15,411.2,407,408,101929,-125270,-23341,137242,-112985,24257,17649,-18565,-916,NaN,NaN,NaN,NaN,298264,101929,-125270,-23341,137242,-112985,24257,17649,-18565,-916
2017-07-27T22:00:00Z,2.8675,2.8835,2.841,2.88,NaN,NaN,NaN,NaN,407.05,409.5,403.5,408.9,101929,-125270,-23341,137242,-112985,24257,17649,-18565,-916,NaN,NaN,NaN,NaN,298264,101929,-125270,-23341,137242,-112985,24257,17649,-18565,-916
2017-07-30T22:00:00Z,2.883,2.92,2.8775,2.8915,NaN,NaN,NaN,NaN,409.5,413.85,408.1,410.65,101929,-125270,-23341,137242,-112985,24257,17649,-18565,-916,NaN,NaN,NaN,NaN,298264,101929,-125270,-23341,137242,-112985,24257,17649,-18565,-916
2017-07-31T22:00:00Z,2.8895,2.902,2.866,2.8745,NaN,NaN,NaN,NaN,411,411,406.1,407.9,102487,-135048,-32561,153081,-121866,31215,19587,-18241,1346,NaN,NaN,NaN,NaN,321510,102487,-135048,-32561,153081,-121866,31215,19587,-18241,1346
2017-08-01T22:00:00Z,2.8765,2.891,2.8615,2.8825,NaN,NaN,NaN,NaN,407.1,407.3,404.15,405.65,102487,-135048,-32561,153081,-121866,31215,19587,-18241,1346,NaN,NaN,NaN,NaN,321510,102487,-135048,-32561,153081,-121866,31215,19587,-18241,1346
2017-08-02T22:00:00Z,2.885,2.895,2.86,2.878,NaN,NaN,NaN,NaN,406.2,407.1,402.45,405.6,102487,-135048,-32561,153081,-121866,31215,19587,-18241,1346,NaN,NaN,NaN,NaN,321510,102487,-135048,-32561,153081,-121866,31215,19587,-18241,1346
2017-08-03T22:00:00Z,2.882,2.8985,2.8655,2.888,NaN,NaN,NaN,NaN,405.6,408.25,403.7,406.7,102487,-135048,-32561,153081,-121866,31215,19587,-18241,1346,NaN,NaN,NaN,NaN,321510,102487,-135048,-32561,153081,-121866,31215,19587,-18241,1346
2017-08-06T22:00:00Z,2.8945,2.9265,2.872,2.911,NaN,NaN,NaN,NaN,405.75,412.4,405.05,410.55,102487,-135048,-32561,153081,-121866,31215,19587,-18241,1346,NaN,NaN,NaN,NaN,321510,102487,-135048,-32561,153081,-121866,31215,19587,-18241,1346
2017-08-07T22:00:00Z,2.914,2.947,2.892,2.943,NaN,NaN,NaN,NaN,408.2,414.7,407.65,414.05,101644,-135571,-33927,157369,-124233,33136,19668,-18877,791,NaN,NaN,NaN,NaN,328814,101644,-135571,-33927,157369,-124233,33136,19668,-18877,791
2017-08-08T22:00:00Z,2.9445,2.955,2.916,2.9285,NaN,NaN,NaN,NaN,414.65,416.95,411.95,413.6,101644,-135571,-33927,157369,-124233,33136,19668,-18877,791,NaN,NaN,NaN,NaN,328814,101644,-135571,-33927,157369,-124233,33136,19668,-18877,791
2017-08-09T22:00:00Z,2.928,2.939,2.8935,2.9035,NaN,NaN,NaN,NaN,414,414.95,409.85,411.5,101644,-135571,-33927,157369,-124233,33136,19668,-18877,791,NaN,NaN,NaN,NaN,328814,101644,-135571,-33927,157369,-124233,33136,19668,-18877,791
2017-08-10T22:00:00Z,2.903,2.922,2.8715,2.914,NaN,NaN,NaN,NaN,409.25,413,407.25,412.25,101644,-135571,-33927,157369,-124233,33136,19668,-18877,791,NaN,NaN,NaN,NaN,328814,101644,-135571,-33927,157369,-124233,33136,19668,-18877,791
2017-08-13T22:00:00Z,2.9125,2.9205,2.8875,2.902,NaN,NaN,NaN,NaN,412,412,409,411.05,101644,-135571,-33927,157369,-124233,33136,19668,-18877,791,NaN,NaN,NaN,NaN,328814,101644,-135571,-33927,157369,-124233,33136,19668,-18877,791
2017-08-14T22:00:00Z,2.9035,2.9135,2.8755,2.879,NaN,NaN,NaN,NaN,NaN,NaN,NaN,NaN,97858,-135003,-37145,163551,-126722,36829,17933,-17617,316,NaN,NaN,NaN,NaN,333951,97858,-135003,-37145,163551,-126722,36829,17933,-17617,316
2017-08-15T22:00:00Z,2.8785,2.9795,2.876,2.965,NaN,NaN,NaN,NaN,410.85,422.1,409.5,419,97858,-135003,-37145,163551,-126722,36829,17933,-17617,316,NaN,NaN,NaN,NaN,333951,97858,-135003,-37145,163551,-126722,36829,17933,-17617,316
2017-08-16T22:00:00Z,2.964,2.9825,2.877,2.9105,NaN,NaN,NaN,NaN,420.05,420.85,414.7,415.65,97858,-135003,-37145,163551,-126722,36829,17933,-17617,316,NaN,NaN,NaN,NaN,333951,97858,-135003,-37145,163551,-126722,36829,17933,-17617,316
2017-08-17T22:00:00Z,2.912,2.9605,2.9095,2.938,NaN,NaN,NaN,NaN,414.7,418.85,413.55,415.35,97858,-135003,-37145,163551,-126722,36829,17933,-17617,316,NaN,NaN,NaN,NaN,333951,97858,-135003,-37145,163551,-126722,36829,17933,-17617,316
2017-08-20T22:00:00Z,2.942,3.0025,2.9305,2.9805,NaN,NaN,NaN,NaN,416.7,424.6,416.7,421.9,97858,-135003,-37145,163551,-126722,36829,17933,-17617,316,NaN,NaN,NaN,NaN,333951,97858,-135003,-37145,163551,-126722,36829,17933,-17617,316
2017-08-21T22:00:00Z,2.979,3.0145,2.967,2.9895,NaN,NaN,NaN,NaN,421.3,426.4,420.3,422.05,96991,-138053,-41062,164982,-124136,40846,17885,-17669,216,NaN,NaN,NaN,NaN,329725,96991,-138053,-41062,164982,-124136,40846,17885,-17669,216
2017-08-22T22:00:00Z,2.99,2.992,2.9645,2.9845,NaN,NaN,NaN,NaN,421.25,422.8,419.1,421.55,96991,-138053,-41062,164982,-124136,40846,17885,-17669,216,NaN,NaN,NaN,NaN,329725,96991,-138053,-41062,164982,-124136,40846,17885,-17669,216
2017-08-23T22:00:00Z,2.985,3.048,2.9805,3.036,NaN,NaN,NaN,NaN,422.85,430.15,422.25,428.55,96991,-138053,-41062,164982,-124136,40846,17885,-17669,216,NaN,NaN,NaN,NaN,329725,96991,-138053,-41062,164982,-124136,40846,17885,-17669,216
2017-08-24T22:00:00Z,3.0365,3.056,3.0175,3.039,NaN,NaN,NaN,NaN,427.65,430.95,425.55,427.55,96991,-138053,-41062,164982,-124136,40846,17885,-17669,216,NaN,NaN,NaN,NaN,329725,96991,-138053,-41062,164982,-124136,40846,17885,-17669,216
2017-08-27T22:00:00Z,3.0345,3.087,3.0345,3.067,NaN,NaN,NaN,NaN,429.25,434.9,429.2,431,96991,-138053,-41062,164982,-124136,40846,17885,-17669,216,NaN,NaN,NaN,NaN,329725,96991,-138053,-41062,164982,-124136,40846,17885,-17669,216
2017-08-28T22:00:00Z,3.0675,3.0985,3.054,3.0785,NaN,NaN,NaN,NaN,432.45,436.25,430.85,434,100159,-144985,-44826,166629,-122977,43652,17670,-16496,1174,NaN,NaN,NaN,NaN,329513,100159,-144985,-44826,166629,-122977,43652,17670,-16496,1174
2017-08-29T22:00:00Z,3.105,3.1175,3.084,3.087,NaN,NaN,NaN,NaN,440.3,441.85,438,438.9,100159,-144985,-44826,166629,-122977,43652,17670,-16496,1174,NaN,NaN,NaN,NaN,329513,100159,-144985,-44826,166629,-122977,43652,17670,-16496,1174
2017-08-30T22:00:00Z,3.088,3.1355,3.087,3.103,NaN,NaN,NaN,NaN,441,444.7,438.7,440.8,100159,-144985,-44826,166629,-122977,43652,17670,-16496,1174,NaN,NaN,NaN,NaN,329513,100159,-144985,-44826,166629,-122977,43652,17670,-16496,1174
2017-08-31T22:00:00Z,3.102,3.1285,3.091,3.1195,NaN,NaN,NaN,NaN,440.45,442.25,438.05,441.95,100159,-144985,-44826,166629,-122977,43652,17670,-16496,1174,NaN,NaN,NaN,NaN,329513,100159,-144985,-44826,166629,-122977,43652,17670,-16496,1174
2017-09-03T22:00:00Z,3.1225,3.1785,3.113,3.1265,NaN,NaN,NaN,NaN,449.1,451.35,442.8,445,97890,-149529,-51639,172088,-123223,48865,19141,-16367,2774,NaN,NaN,NaN,NaN,330702,97890,-149529,-51639,172088,-123223,48865,19141,-16367,2774
2017-09-05T22:00:00Z,3.13,3.1605,3.125,3.158,NaN,NaN,NaN,NaN,446.25,448.75,444.5,447.75,97890,-149529,-51639,172088,-123223,48865,19141,-16367,2774,NaN,NaN,NaN,NaN,330702,97890,-149529,-51639,172088,-123223,48865,19141,-16367,2774
2017-09-06T22:00:00Z,3.1585,3.16,3.1115,3.149,NaN,NaN,NaN,NaN,447.2,447.3,441.5,446.05,97890,-149529,-51639,172088,-123223,48865,19141,-16367,2774,NaN,NaN,NaN,NaN,330702,97890,-149529,-51639,172088,-123223,48865,19141,-16367,2774
2017-09-07T22:00:00Z,3.148,3.1635,3.034,3.0405,NaN,NaN,NaN,NaN,445.85,446.6,430.15,431.1,97890,-149529,-51639,172088,-123223,48865,19141,-16367,2774,NaN,NaN,NaN,NaN,330702,97890,-149529,-51639,172088,-123223,48865,19141,-16367,2774
2017-09-10T22:00:00Z,3.0425,3.083,3.0325,3.072,NaN,NaN,NaN,NaN,432.55,436.55,431.8,435.15,97890,-149529,-51639,172088,-123223,48865,19141,-16367,2774,NaN,NaN,NaN,NaN,330702,97890,-149529,-51639,172088,-123223,48865,19141,-16367,2774
2017-09-11T22:00:00Z,3.071,3.075,3.019,3.0395,NaN,NaN,NaN,NaN,434,434.9,428.7,430.85,93018,-144830,-51812,161636,-115022,46614,19005,-13807,5198,NaN,NaN,NaN,NaN,316294,93018,-144830,-51812,161636,-115022,46614,19005,-13807,5198
2017-09-12T22:00:00Z,3.041,3.045,2.971,2.9835,NaN,NaN,NaN,NaN,430.55,430.55,421.95,424.2,93018,-144830,-51812,161636,-115022,46614,19005,-13807,5198,NaN,NaN,NaN,NaN,316294,93018,-144830,-51812,161636,-115022,46614,19005,-13807,5198
2017-09-13T22:00:00Z,2.9775,2.9895,2.9365,2.964,NaN,NaN,NaN,NaN,423.95,425.6,417.8,421.4,93018,-144830,-51812,161636,-115022,46614,19005,-13807,5198,NaN,NaN,NaN,NaN,316294,93018,-144830,-51812,161636,-115022,46614,19005,-13807,5198
2017-09-14T22:00:00Z,2.9625,2.9755,2.931,2.95,NaN,NaN,NaN,NaN,421.2,422.75,417.6,420.1,93018,-144830,-51812,161636,-115022,46614,19005,-13807,5198,NaN,NaN,NaN,NaN,316294,93018,-144830,-51812,161636,-115022,46614,19005,-13807,5198
2017-09-17T22:00:00Z,2.944,2.9935,2.9425,2.969,NaN,NaN,NaN,NaN,421.9,425.2,420.5,422.7,93018,-144830,-51812,161636,-115022,46614,19005,-13807,5198,NaN,NaN,NaN,NaN,316294,93018,-144830,-51812,161636,-115022,46614,19005,-13807,5198
2017-09-18T22:00:00Z,2.9705,2.9845,2.9585,2.9765,NaN,NaN,NaN,NaN,423.35,425.55,421.6,423.85,89998,-128801,-38803,142821,-110234,32587,19568,-13352,6216,NaN,NaN,NaN,NaN,289998,89998,-128801,-38803,142821,-110234,32587,19568,-13352,6216
2017-09-19T22:00:00Z,2.977,2.993,2.9535,2.9585,NaN,NaN,NaN,NaN,424.55,427.4,422.2,424.15,89998,-128801,-38803,142821,-110234,32587,19568,-13352,6216,NaN,NaN,NaN,NaN,289998,89998,-128801,-38803,142821,-110234,32587,19568,-13352,6216
2017-09-20T22:00:00Z,2.959,2.963,2.92,2.9375,NaN,NaN,NaN,NaN,422.9,425.7,418.2,422.75,89998,-128801,-38803,142821,-110234,32587,19568,-13352,6216,NaN,NaN,NaN,NaN,289998,89998,-128801,-38803,142821,-110234,32587,19568,-13352,6216
2017-09-21T22:00:00Z,2.9335,2.9565,2.894,2.9535,NaN,NaN,NaN,NaN,420.55,423.85,417.3,423.55,89998,-128801,-38803,142821,-110234,32587,19568,-13352,6216,NaN,NaN,NaN,NaN,289998,89998,-128801,-38803,142821,-110234,32587,19568,-13352,6216
2017-09-24T22:00:00Z,2.943,2.9605,2.9245,2.9365,NaN,NaN,NaN,NaN,423.5,425.35,422.15,425.15,89998,-128801,-38803,142821,-110234,32587,19568,-13352,6216,NaN,NaN,NaN,NaN,289998,89998,-128801,-38803,142821,-110234,32587,19568,-13352,6216
2017-09-25T22:00:00Z,2.939,2.9665,2.9075,2.919,NaN,NaN,NaN,NaN,425.5,429.75,421.6,423.55,85947,-122343,-36396,136358,-106222,30136,18222,-11962,6260,NaN,NaN,NaN,NaN,275999,85947,-122343,-36396,136358,-106222,30136,18222,-11962,6260
2017-09-26T22:00:00Z,2.917,2.95,2.9125,2.927,NaN,NaN,NaN,NaN,425.7,429.55,424.2,425.95,85947,-122343,-36396,136358,-106222,30136,18222,-11962,6260,NaN,NaN,NaN,NaN,275999,85947,-122343,-36396,136358,-106222,30136,18222,-11962,6260
2017-09-27T22:00:00Z,2.9255,2.99,2.905,2.9785,NaN,NaN,NaN,NaN,426.3,433.4,424.2,431.75,85947,-122343,-36396,136358,-106222,30136,18222,-11962,6260,NaN,NaN,NaN,NaN,275999,85947,-122343,-36396,136358,-106222,30136,18222,-11962,6260
2017-09-28T22:00:00Z,2.9775,2.9925,2.9455,2.9475,NaN,NaN,NaN,NaN,430.95,433.35,426.75,427.95,85947,-122343,-36396,136358,-106222,30136,18222,-11962,6260,NaN,NaN,NaN,NaN,275999,85947,-122343,-36396,136358,-106222,30136,18222,-11962,6260
2017-10-01T22:00:00Z,2.9585,2.99,2.9375,2.947,NaN,NaN,NaN,NaN,NaN,NaN,NaN,NaN,85947,-122343,-36396,136358,-106222,30136,18222,-11962,6260,NaN,NaN,NaN,NaN,275999,85947,-122343,-36396,136358,-106222,30136,18222,-11962,6260
2017-10-02T22:00:00Z,2.945,2.972,2.926,2.958,NaN,NaN,NaN,NaN,426,431.85,425.7,429.9,80495,-120284,-39789,140250,-106421,33829,17529,-11569,5960,NaN,NaN,NaN,NaN,273497,80495,-120284,-39789,140250,-106421,33829,17529,-11569,5960
2017-10-03T22:00:00Z,2.9575,2.972,2.947,2.9565,NaN,NaN,NaN,NaN,429.65,430.2,425.5,426.7,80495,-120284,-39789,140250,-106421,33829,17529,-11569,5960,NaN,NaN,NaN,NaN,273497,80495,-120284,-39789,140250,-106421,33829,17529,-11569,5960
2017-10-04T22:00:00Z,2.9565,3.05,2.954,3.043,NaN,NaN,NaN,NaN,428,439.8,427.55,439.6,80495,-120284,-39789,140250,-106421,33829,17529,-11569,5960,NaN,NaN,NaN,NaN,273497,80495,-120284,-39789,140250,-106421,33829,17529,-11569,5960
2017-10-05T22:00:00Z,3.0405,3.056,3.018,3.0245,NaN,NaN,NaN,NaN,439.75,442.2,438.2,438.9,80495,-120284,-39789,140250,-106421,33829,17529,-11569,5960,NaN,NaN,NaN,NaN,273497,80495,-120284,-39789,140250,-106421,33829,17529,-11569,5960
2017-10-08T22:00:00Z,3.0185,3.0365,3.012,3.0275,NaN,NaN,NaN,NaN,437.9,439.75,437.3,439.4,80495,-120284,-39789,140250,-106421,33829,17529,-11569,5960,NaN,NaN,NaN,NaN,273497,80495,-120284,-39789,140250,-106421,33829,17529,-11569,5960
2017-10-09T22:00:00Z,3.0285,3.0705,3.0275,3.0595,NaN,NaN,NaN,NaN,439.5,443.45,438.1,443.05,81658,-128254,-46596,148019,-107281,40738,18524,-12666,5858,NaN,NaN,NaN,NaN,289779,81658,-128254,-46596,148019,-107281,40738,18524,-12666,5858
2017-10-10T22:00:00Z,3.064,3.0995,3.0525,3.094,NaN,NaN,NaN,NaN,442.25,447.4,441.15,447,81658,-128254,-46596,148019,-107281,40738,18524,-12666,5858,NaN,NaN,NaN,NaN,289779,81658,-128254,-46596,148019,-107281,40738,18524,-12666,5858
2017-10-11T22:00:00Z,3.0935,3.136,3.0835,3.1205,NaN,NaN,NaN,NaN,446.25,451.25,445.5,449.5,81658,-128254,-46596,148019,-107281,40738,18524,-12666,5858,NaN,NaN,NaN,NaN,289779,81658,-128254,-46596,148019,-107281,40738,18524,-12666,5858
2017-10-12T22:00:00Z,3.122,3.1425,3.1125,3.1335,NaN,NaN,NaN,NaN,446.2,450.75,446.2,447.95,81658,-128254,-46596,148019,-107281,40738,18524,-12666,5858,NaN,NaN,NaN,NaN,289779,81658,-128254,-46596,148019,-107281,40738,18524,-12666,5858
2017-10-15T22:00:00Z,3.1335,3.2595,3.112,3.2425,NaN,NaN,NaN,NaN,450,466.35,450,463.65,81658,-128254,-46596,148019,-107281,40738,18524,-12666,5858,NaN,NaN,NaN,NaN,289779,81658,-128254,-46596,148019,-107281,40738,18524,-12666,5858
2017-10-16T22:00:00Z,3.2425,3.243,3.1875,3.2015,NaN,NaN,NaN,NaN,463.45,464.05,458.1,459,86744,-141458,-54714,155965,-104478,51487,18106,-14879,3227,NaN,NaN,NaN,NaN,306618,86744,-141458,-54714,155965,-104478,51487,18106,-14879,3227
2017-10-17T22:00:00Z,3.2,3.216,3.171,3.1755,NaN,NaN,NaN,NaN,459.7,461.4,456.3,456.75,86744,-141458,-54714,155965,-104478,51487,18106,-14879,3227,NaN,NaN,NaN,NaN,306618,86744,-141458,-54714,155965,-104478,51487,18106,-14879,3227
2017-10-18T22:00:00Z,3.1755,3.1865,3.138,3.172,NaN,NaN,NaN,NaN,456,456,452.9,453.5,86744,-141458,-54714,155965,-104478,51487,18106,-14879,3227,NaN,NaN,NaN,NaN,306618,86744,-141458,-54714,155965,-104478,51487,18106,-14879,3227
2017-10-19T22:00:00Z,3.172,3.2105,3.143,3.17,NaN,NaN,NaN,NaN,455,459.7,452.15,455.5,86744,-141458,-54714,155965,-104478,51487,18106,-14879,3227,NaN,NaN,NaN,NaN,306618,86744,-141458,-54714,155965,-104478,51487,18106,-14879,3227
2017-10-22T22:00:00Z,3.17,3.1895,3.152,3.185,NaN,NaN,NaN,NaN,455.1,458.2,453.35,457.9,86744,-141458,-54714,155965,-104478,51487,18106,-14879,3227,NaN,NaN,NaN,NaN,306618,86744,-141458,-54714,155965,-104478,51487,18106,-14879,3227
2017-10-23T22:00:00Z,3.185,3.239,3.182,3.1985,NaN,NaN,NaN,NaN,459.6,465.2,458.85,461.05,87457,-144264,-56807,155756,-102504,53252,18269,-14714,3555,NaN,NaN,NaN,NaN,308996,87457,-144264,-56807,155756,-102504,53252,18269,-14714,3555
2017-10-24T22:00:00Z,3.1985,3.203,3.144,3.1865,NaN,NaN,NaN,NaN,460,460,453.25,456.35,87457,-144264,-56807,155756,-102504,53252,18269,-14714,3555,NaN,NaN,NaN,NaN,308996,87457,-144264,-56807,155756,-102504,53252,18269,-14714,3555
2017-10-25T22:00:00Z,3.1865,3.2,3.158,3.176,NaN,NaN,NaN,NaN,456.45,457.9,452.5,456.95,87457,-144264,-56807,155756,-102504,53252,18269,-14714,3555,NaN,NaN,NaN,NaN,308996,87457,-144264,-56807,155756,-102504,53252,18269,-14714,3555
2017-10-26T22:00:00Z,3.1785,3.1795,3.073,3.104,NaN,NaN,NaN,NaN,453.5,453.5,442.65,445.8,87457,-144264,-56807,155756,-102504,53252,18269,-14714,3555,NaN,NaN,NaN,NaN,308996,87457,-144264,-56807,155756,-102504,53252,18269,-14714,3555
2017-10-29T22:00:00Z,3.1045,3.118,3.087,3.1095,NaN,NaN,NaN,NaN,445,447.15,443.4,446.1,87457,-144264,-56807,155756,-102504,53252,18269,-14714,3555,NaN,NaN,NaN,NaN,308996,87457,-144264,-56807,155756,-102504,53252,18269,-14714,3555
2017-10-30T22:00:00Z,3.1075,3.137,3.0925,3.112,NaN,NaN,NaN,NaN,444.8,449.1,442.8,444.7,87595,-140038,-52443,145513,-97920,47593,17550,-12700,4850,NaN,NaN,NaN,NaN,299573,87595,-140038,-52443,145513,-97920,47593,17550,-12700,4850
2017-10-31T22:00:00Z,3.1115,3.183,3.1075,3.1385,NaN,NaN,NaN,NaN,446.25,454.4,446.25,447.55,87595,-140038,-52443,145513,-97920,47593,17550,-12700,4850,NaN,NaN,NaN,NaN,299573,87595,-140038,-52443,145513,-97920,47593,17550,-12700,4850
2017-11-01T22:00:00Z,3.137,3.171,3.1035,3.138,NaN,NaN,NaN,NaN,449.5,452.1,445.3,447.95,87595,-140038,-52443,145513,-97920,47593,17550,-12700,4850,NaN,NaN,NaN,NaN,299573,87595,-140038,-52443,145513,-97920,47593,17550,-12700,4850
2017-11-02T22:00:00Z,3.1375,3.155,3.105,3.115,NaN,NaN,NaN,NaN,447,450.5,444.3,445.8,87595,-140038,-52443,145513,-97920,47593,17550,-12700,4850,NaN,NaN,NaN,NaN,299573,87595,-140038,-52443,145513,-97920,47593,17550,-12700,4850
2017-11-05T23:00:00Z,3.113,3.173,3.1115,3.158,NaN,NaN,NaN,NaN,447.35,453.45,447.35,450.95,87595,-140038,-52443,145513,-97920,47593,17550,-12700,4850,NaN,NaN,NaN,NaN,299573,87595,-140038,-52443,145513,-97920,47593,17550,-12700,4850
2017-11-06T23:00:00Z,3.1565,3.166,3.083,3.0875,NaN,NaN,NaN,NaN,450.35,452.85,444.1,445.3,85071,-134710,-49639,140327,-97752,42575,19583,-12519,7064,NaN,NaN,NaN,NaN,299392,85071,-134710,-49639,140327,-97752,42575,19583,-12519,7064
2017-11-07T23:00:00Z,3.0875,3.1115,3.0665,3.0985,NaN,NaN,NaN,NaN,446.45,446.65,441.15,445.1,85071,-134710,-49639,140327,-97752,42575,19583,-12519,7064,NaN,NaN,NaN,NaN,299392,85071,-134710,-49639,140327,-97752,42575,19583,-12519,7064
2017-11-08T23:00:00Z,3.098,3.1075,3.0585,3.0905,NaN,NaN,NaN,NaN,444.1,444.8,439.4,444.45,85071,-134710,-49639,140327,-97752,42575,19583,-12519,7064,NaN,NaN,NaN,NaN,299392,85071,-134710,-49639,140327,-97752,42575,19583,-12519,7064
2017-11-09T23:00:00Z,3.089,3.1095,3.067,3.073,NaN,NaN,NaN,NaN,444.05,447.5,442.9,444.4,85071,-134710,-49639,140327,-97752,42575,19583,-12519,7064,NaN,NaN,NaN,NaN,299392,85071,-134710,-49639,140327,-97752,42575,19583,-12519,7064
2017-11-12T23:00:00Z,3.075,3.1365,3.068,3.1255,NaN,NaN,NaN,NaN,445,453.4,444.05,450.9,85071,-134710,-49639,140327,-97752,42575,19583,-12519,7064,NaN,NaN,NaN,NaN,299392,85071,-134710,-49639,140327,-97752,42575,19583,-12519,7064
2017-11-13T23:00:00Z,3.124,3.1285,3.0485,3.054,NaN,NaN,NaN,NaN,450.05,452.3,441.7,442.65,84856,-130500,-45644,132942,-93228,39714,19019,-13089,5930,NaN,NaN,NaN,NaN,283153,84856,-130500,-45644,132942,-93228,39714,19019,-13089,5930
2017-11-14T23:00:00Z,3.0525,3.0645,3.034,3.0505,NaN,NaN,NaN,NaN,441.5,442.5,436.75,441.1,84856,-130500,-45644,132942,-93228,39714,19019,-13089,5930,NaN,NaN,NaN,NaN,283153,84856,-130500,-45644,132942,-93228,39714,19019,-13089,5930
2017-11-15T23:00:00Z,3.049,3.079,3.0345,3.0525,NaN,NaN,NaN,NaN,441.7,443.9,437.55,439.3,84856,-130500,-45644,132942,-93228,39714,19019,-13089,5930,NaN,NaN,NaN,NaN,283153,84856,-130500,-45644,132942,-93228,39714,19019,-13089,5930
2017-11-16T23:00:00Z,3.0485,3.0725,3.0315,3.0715,NaN,NaN,NaN,NaN,438,440.25,435.55,440,84856,-130500,-45644,132942,-93228,39714,19019,-13089,5930,NaN,NaN,NaN,NaN,283153,84856,-130500,-45644,132942,-93228,39714,19019,-13089,5930
2017-11-19T23:00:00Z,3.07,3.094,3.0495,3.0885,NaN,NaN,NaN,NaN,439,444.65,438.3,444.35,84856,-130500,-45644,132942,-93228,39714,19019,-13089,5930,NaN,NaN,NaN,NaN,283153,84856,-130500,-45644,132942,-93228,39714,19019,-13089,5930
2017-11-20T23:00:00Z,3.088,3.1325,3.0795,3.1295,NaN,NaN,NaN,NaN,443.45,448.2,442.6,447.15,85241,-131154,-45913,130954,-90341,40613,17726,-12426,5300,NaN,NaN,NaN,NaN,277126,85241,-131154,-45913,130954,-90341,40613,17726,-12426,5300
2017-11-21T23:00:00Z,3.129,3.1445,3.1185,3.137,NaN,NaN,NaN,NaN,447,449.65,446.6,448.3,85241,-131154,-45913,130954,-90341,40613,17726,-12426,5300,NaN,NaN,NaN,NaN,277126,85241,-131154,-45913,130954,-90341,40613,17726,-12426,5300
2017-11-22T23:00:00Z,3.136,3.176,3.1245,3.1735,NaN,NaN,NaN,NaN,449.8,452.4,449.2,452.1,85241,-131154,-45913,130954,-90341,40613,17726,-12426,5300,NaN,NaN,NaN,NaN,277126,85241,-131154,-45913,130954,-90341,40613,17726,-12426,5300
2017-11-26T23:00:00Z,3.172,3.176,3.1215,3.1305,NaN,NaN,NaN,NaN,451.55,451.7,444.5,445.85,85241,-131154,-45913,130954,-90341,40613,17726,-12426,5300,NaN,NaN,NaN,NaN,277126,85241,-131154,-45913,130954,-90341,40613,17726,-12426,5300
2017-11-27T23:00:00Z,3.1315,3.1345,3.065,3.068,NaN,NaN,NaN,NaN,443.1,443.1,436.1,436.5,81417,-132288,-50871,132756,-88833,43923,18765,-11817,6948,NaN,NaN,NaN,NaN,273314,81417,-132288,-50871,132756,-88833,43923,18765,-11817,6948
2017-11-28T23:00:00Z,3.095,3.1125,3.0615,3.0665,NaN,NaN,NaN,NaN,443.95,444.65,438.35,439.4,81417,-132288,-50871,132756,-88833,43923,18765,-11817,6948,NaN,NaN,NaN,NaN,273314,81417,-132288,-50871,132756,-88833,43923,18765,-11817,6948
2017-11-29T23:00:00Z,3.067,3.093,3.051,3.07,NaN,NaN,NaN,NaN,440.55,443.7,438.35,440.4,81417,-132288,-50871,132756,-88833,43923,18765,-11817,6948,NaN,NaN,NaN,NaN,273314,81417,-132288,-50871,132756,-88833,43923,18765,-11817,6948
2017-11-30T23:00:00Z,3.07,3.1255,3.067,3.0945,NaN,NaN,NaN,NaN,441.3,448.15,440.65,444.25,81417,-132288,-50871,132756,-88833,43923,18765,-11817,6948,NaN,NaN,NaN,NaN,273314,81417,-132288,-50871,132756,-88833,43923,18765,-11817,6948
2017-12-03T23:00:00Z,3.0965,3.118,3.084,3.087,NaN,NaN,NaN,NaN,445.75,446.7,442.3,442.85,81417,-132288,-50871,132756,-88833,43923,18765,-11817,6948,NaN,NaN,NaN,NaN,273314,81417,-132288,-50871,132756,-88833,43923,18765,-11817,6948
2017-12-04T23:00:00Z,3.0875,3.1005,2.943,2.9515,NaN,NaN,NaN,NaN,443,443,423.1,423.7,80412,-115624,-35212,116872,-90219,26653,19596,-11037,8559,NaN,NaN,NaN,NaN,258050,80412,-115624,-35212,116872,-90219,26653,19596,-11037,8559
2017-12-05T23:00:00Z,2.95,2.9885,2.9475,2.966,NaN,NaN,NaN,NaN,424.65,429.6,424.65,426.5,80412,-115624,-35212,116872,-90219,26653,19596,-11037,8559,NaN,NaN,NaN,NaN,258050,80412,-115624,-35212,116872,-90219,26653,19596,-11037,8559
2017-12-06T23:00:00Z,2.964,2.996,2.9515,2.965,NaN,NaN,NaN,NaN,427.25,430.6,424.3,426.25,80412,-115624,-35212,116872,-90219,26653,19596,-11037,8559,NaN,NaN,NaN,NaN,258050,80412,-115624,-35212,116872,-90219,26653,19596,-11037,8559
2017-12-07T23:00:00Z,2.9635,2.9915,2.9595,2.981,NaN,NaN,NaN,NaN,428.7,429.8,425.2,427.8,80412,-115624,-35212,116872,-90219,26653,19596,-11037,8559,NaN,NaN,NaN,NaN,258050,80412,-115624,-35212,116872,-90219,26653,19596,-11037,8559
2017-12-10T23:00:00Z,2.9815,3.019,2.9635,3.0145,NaN,NaN,NaN,NaN,426.95,432.75,424.9,431.7,80412,-115624,-35212,116872,-90219,26653,19596,-11037,8559,NaN,NaN,NaN,NaN,258050,80412,-115624,-35212,116872,-90219,26653,19596,-11037,8559
2017-12-11T23:00:00Z,3.0145,3.0285,3.0005,3.023,NaN,NaN,NaN,NaN,431.5,435.3,431,434.5,79385,-110514,-31129,106244,-78490,27754,16331,-12956,3375,NaN,NaN,NaN,NaN,235080,79385,-110514,-31129,106244,-78490,27754,16331,-12956,3375
2017-12-12T23:00:00Z,3.0225,3.062,3.013,3.0565,NaN,NaN,NaN,NaN,433.6,438.2,433,437.25,79385,-110514,-31129,106244,-78490,27754,16331,-12956,3375,NaN,NaN,NaN,NaN,235080,79385,-110514,-31129,106244,-78490,27754,16331,-12956,3375
2017-12-13T23:00:00Z,3.0565,3.09,3.032,3.0735,NaN,NaN,NaN,NaN,437.45,441,433.95,439.35,79385,-110514,-31129,106244,-78490,27754,16331,-12956,3375,NaN,NaN,NaN,NaN,235080,79385,-110514,-31129,106244,-78490,27754,16331,-12956,3375
2017-12-14T23:00:00Z,3.0735,3.14,3.0635,3.1395,NaN,NaN,NaN,NaN,439.1,446.2,437.2,445.8,79385,-110514,-31129,106244,-78490,27754,16331,-12956,3375,NaN,NaN,NaN,NaN,235080,79385,-110514,-31129,106244,-78490,27754,16331,-12956,3375
2017-12-17T23:00:00Z,3.1345,3.1475,3.111,3.145,NaN,NaN,NaN,NaN,445.8,448.5,443.95,448.25,79385,-110514,-31129,106244,-78490,27754,16331,-12956,3375,NaN,NaN,NaN,NaN,235080,79385,-110514,-31129,106244,-78490,27754,16331,-12956,3375
2017-12-18T23:00:00Z,3.1445,3.158,3.1145,3.147,NaN,NaN,NaN,NaN,446.35,449.2,443.8,448.45,83794,-126860,-43066,118876,-76178,42698,15401,-15033,368,NaN,NaN,NaN,NaN,249462,83794,-126860,-43066,118876,-76178,42698,15401,-15033,368
2017-12-19T23:00:00Z,3.1465,3.212,3.139,3.195,NaN,NaN,NaN,NaN,448.15,455.95,447,454,83794,-126860,-43066,118876,-76178,42698,15401,-15033,368,NaN,NaN,NaN,NaN,249462,83794,-126860,-43066,118876,-76178,42698,15401,-15033,368
2017-12-20T23:00:00Z,3.196,3.22,3.1825,3.2155,NaN,NaN,NaN,NaN,454,457.3,451.7,456.75,83794,-126860,-43066,118876,-76178,42698,15401,-15033,368,NaN,NaN,NaN,NaN,249462,83794,-126860,-43066,118876,-76178,42698,15401,-15033,368
2017-12-21T23:00:00Z,3.2145,3.25,3.1955,3.2465,NaN,NaN,NaN,NaN,454.5,460.35,453.85,460,83794,-126860,-43066,118876,-76178,42698,15401,-15033,368,NaN,NaN,NaN,NaN,249462,83794,-126860,-43066,118876,-76178,42698,15401,-15033,368
2017-12-25T23:00:00Z,3.2435,3.3,3.231,3.277,NaN,NaN,NaN,NaN,460,467.5,459.7,464.85,83321,-136134,-52813,136816,-83547,53269,14992,-15448,-456,NaN,NaN,NaN,NaN,268478,83321,-136134,-52813,136816,-83547,53269,14992,-15448,-456
2017-12-26T23:00:00Z,3.2755,3.2975,3.2485,3.2815,NaN,NaN,NaN,NaN,463.9,468.25,461.35,466.25,83321,-136134,-52813,136816,-83547,53269,14992,-15448,-456,NaN,NaN,NaN,NaN,268478,83321,-136134,-52813,136816,-83547,53269,14992,-15448,-456
2017-12-27T23:00:00Z,3.282,3.322,3.2695,3.306,NaN,NaN,NaN,NaN,466.25,471.6,466.25,468.95,83321,-136134,-52813,136816,-83547,53269,14992,-15448,-456,NaN,NaN,NaN,NaN,268478,83321,-136134,-52813,136816,-83547,53269,14992,-15448,-456
2017-12-28T23:00:00Z,3.3065,3.3145,3.26,3.295,NaN,NaN,NaN,NaN,468.95,469.4,461.4,466,83321,-136134,-52813,136816,-83547,53269,14992,-15448,-456,NaN,NaN,NaN,NaN,268478,83321,-136134,-52813,136816,-83547,53269,14992,-15448,-456
2018-01-01T23:00:00Z,3.2965,3.3095,3.2675,3.278,NaN,NaN,NaN,NaN,462.9,465.15,458.85,460.3,79800,-144683,-64883,150141,-86229,63912,17507,-16536,971,NaN,NaN,NaN,NaN,288846,79800,-144683,-64883,150141,-86229,63912,17507,-16536,971
2018-01-02T23:00:00Z,3.2775,3.28,3.2365,3.2575,NaN,NaN,NaN,NaN,458.8,459.4,455,457.55,79800,-144683,-64883,150141,-86229,63912,17507,-16536,971,NaN,NaN,NaN,NaN,288846,79800,-144683,-64883,150141,-86229,63912,17507,-16536,971
2018-01-03T23:00:00Z,3.257,3.298,3.245,3.259,NaN,NaN,NaN,NaN,456.6,462.85,456.6,457.7,79800,-144683,-64883,150141,-86229,63912,17507,-16536,971,NaN,NaN,NaN,NaN,288846,79800,-144683,-64883,150141,-86229,63912,17507,-16536,971
2018-01-04T23:00:00Z,3.2585,3.276,3.2225,3.2315,NaN,NaN,NaN,NaN,462.85,462.85,452.1,452.5,79800,-144683,-64883,150141,-86229,63912,17507,-16536,971,NaN,NaN,NaN,NaN,288846,79800,-144683,-64883,150141,-86229,63912,17507,-16536,971
2018-01-07T23:00:00Z,3.2335,3.2455,3.2205,3.2305,NaN,NaN,NaN,NaN,452.75,456.25,452,453.85,79800,-144683,-64883,150141,-86229,63912,17507,-16536,971,NaN,NaN,NaN,NaN,288846,79800,-144683,-64883,150141,-86229,63912,17507,-16536,971
2018-01-08T23:00:00Z,3.2305,3.259,3.2125,3.2215,NaN,NaN,NaN,NaN,454.2,458.65,452.95,453.75,76150,-142372,-66222,147973,-85689,62284,17931,-13993,3938,NaN,NaN,NaN,NaN,292480,76150,-142372,-66222,147973,-85689,62284,17931,-13993,3938
2018-01-09T23:00:00Z,3.2205,3.2745,3.2175,3.2365,NaN,NaN,NaN,NaN,454.95,461.4,454.5,457.1,76150,-142372,-66222,147973,-85689,62284,17931,-13993,3938,NaN,NaN,NaN,NaN,292480,76150,-142372,-66222,147973,-85689,62284,17931,-13993,3938
2018-01-10T23:00:00Z,3.236,3.2565,3.2065,3.2275,NaN,NaN,NaN,NaN,458.45,459.6,452.5,456.15,76150,-142372,-66222,147973,-85689,62284,17931,-13993,3938,NaN,NaN,NaN,NaN,292480,76150,-142372,-66222,147973,-85689,62284,17931,-13993,3938
2018-01-11T23:00:00Z,3.2255,3.249,3.216,3.223,NaN,NaN,NaN,NaN,457.5,458.1,452.6,453.05,76150,-142372,-66222,147973,-85689,62284,17931,-13993,3938,NaN,NaN,NaN,NaN,292480,76150,-142372,-66222,147973,-85689,62284,17931,-13993,3938
2018-01-14T23:00:00Z,3.224,3.291,3.1835,3.219,NaN,NaN,NaN,NaN,459.5,460,451.95,456.5,76474,-141452,-64978,138575,-77409,61166,17755,-13943,3812,NaN,NaN,NaN,NaN,288577,76474,-141452,-64978,138575,-77409,61166,17755,-13943,3812
2018-01-16T23:00:00Z,3.219,3.221,3.1785,3.1925,NaN,NaN,NaN,NaN,455.5,455.5,449.8,450.75,76474,-141452,-64978,138575,-77409,61166,17755,-13943,3812,NaN,NaN,NaN,NaN,288577,76474,-141452,-64978,138575,-77409,61166,17755,-13943,3812
2018-01-17T23:00:00Z,3.192,3.216,3.184,3.2,NaN,NaN,NaN,NaN,452,454.4,451.1,452.7,76474,-141452,-64978,138575,-77409,61166,17755,-13943,3812,NaN,NaN,NaN,NaN,288577,76474,-141452,-64978,138575,-77409,61166,17755,-13943,3812
2018-01-18T23:00:00Z,3.201,3.234,3.18,3.1805,NaN,NaN,NaN,NaN,452.45,456,450,450.45,76474,-141452,-64978,138575,-77409,61166,17755,-13943,3812,NaN,NaN,NaN,NaN,288577,76474,-141452,-64978,138575,-77409,61166,17755,-13943,3812
2018-01-21T23:00:00Z,3.1865,3.2185,3.1795,3.2015,NaN,NaN,NaN,NaN,452.3,454.85,451.1,452.6,76474,-141452,-64978,138575,-77409,61166,17755,-13943,3812,NaN,NaN,NaN,NaN,288577,76474,-141452,-64978,138575,-77409,61166,17755,-13943,3812
2018-01-22T23:00:00Z,3.1985,3.2125,3.108,3.1195,NaN,NaN,NaN,NaN,452.05,453.4,439.4,439.95,73371,-132834,-59463,134151,-82116,52035,19560,-12132,7428,NaN,NaN,NaN,NaN,284300,73371,-132834,-59463,134151,-82116,52035,19560,-12132,7428
2018-01-23T23:00:00Z,3.1185,3.2425,3.114,3.2305,NaN,NaN,NaN,NaN,441,456.35,441,454.1,73371,-132834,-59463,134151,-82116,52035,19560,-12132,7428,NaN,NaN,NaN,NaN,284300,73371,-132834,-59463,134151,-82116,52035,19560,-12132,7428
2018-01-24T23:00:00Z,3.23,3.258,3.196,3.2025,NaN,NaN,NaN,NaN,455.9,457.9,451.5,451.85,73371,-132834,-59463,134151,-82116,52035,19560,-12132,7428,NaN,NaN,NaN,NaN,284300,73371,-132834,-59463,134151,-82116,52035,19560,-12132,7428
2018-01-25T23:00:00Z,3.204,3.228,3.185,3.1995,NaN,NaN,NaN,NaN,NaN,NaN,NaN,NaN,73371,-132834,-59463,134151,-82116,52035,19560,-12132,7428,NaN,NaN,NaN,NaN,284300,73371,-132834,-59463,134151,-82116,52035,19560,-12132,7428
2018-01-28T23:00:00Z,3.2,3.2355,3.191,3.195,NaN,NaN,NaN,NaN,456.5,456.5,450.1,450.7,73371,-132834,-59463,134151,-82116,52035,19560,-12132,7428,NaN,NaN,NaN,NaN,284300,73371,-132834,-59463,134151,-82116,52035,19560,-12132,7428
2018-01-29T23:00:00Z,3.1985,3.211,3.152,3.191,NaN,NaN,NaN,NaN,450,451.75,445.3,450.45,82882,-141276,-58394,128405,-74566,53839,17494,-12939,4555,NaN,NaN,NaN,NaN,287352,82882,-141276,-58394,128405,-74566,53839,17494,-12939,4555
2018-01-30T23:00:00Z,3.191,3.233,3.177,3.201,NaN,NaN,NaN,NaN,451.4,455,450.2,450.9,82882,-141276,-58394,128405,-74566,53839,17494,-12939,4555,NaN,NaN,NaN,NaN,287352,82882,-141276,-58394,128405,-74566,53839,17494,-12939,4555
2018-01-31T23:00:00Z,3.198,3.2225,3.183,3.2155,NaN,NaN,NaN,NaN,453,455.55,449.5,454.7,82882,-141276,-58394,128405,-74566,53839,17494,-12939,4555,NaN,NaN,NaN,NaN,287352,82882,-141276,-58394,128405,-74566,53839,17494,-12939,4555
2018-02-01T23:00:00Z,3.2155,3.244,3.165,3.1815,NaN,NaN,NaN,NaN,456.35,460.7,450,452.75,82882,-141276,-58394,128405,-74566,53839,17494,-12939,4555,NaN,NaN,NaN,NaN,287352,82882,-141276,-58394,128405,-74566,53839,17494,-12939,4555
2018-02-04T23:00:00Z,3.1755,3.2575,3.1705,3.19,NaN,NaN,NaN,NaN,452.7,462.2,451.45,456.3,82882,-141276,-58394,128405,-74566,53839,17494,-12939,4555,NaN,NaN,NaN,NaN,287352,82882,-141276,-58394,128405,-74566,53839,17494,-12939,4555
2018-02-05T23:00:00Z,3.1915,3.2195,3.16,3.215,NaN,NaN,NaN,NaN,455.8,457.1,451.2,452.85,80652,-139174,-58522,124116,-71161,52955,17412,-11845,5567,NaN,NaN,NaN,NaN,285964,80652,-139174,-58522,124116,-71161,52955,17412,-11845,5567
2018-02-06T23:00:00Z,3.213,3.2285,3.085,3.0965,NaN,NaN,NaN,NaN,453.9,456.45,439.45,440.25,80652,-139174,-58522,124116,-71161,52955,17412,-11845,5567,NaN,NaN,NaN,NaN,285964,80652,-139174,-58522,124116,-71161,52955,17412,-11845,5567
2018-02-07T23:00:00Z,3.095,3.119,3.0615,3.0735,NaN,NaN,NaN,NaN,441.5,442.5,435.5,440.2,80652,-139174,-58522,124116,-71161,52955,17412,-11845,5567,NaN,NaN,NaN,NaN,285964,80652,-139174,-58522,124116,-71161,52955,17412,-11845,5567
2018-02-08T23:00:00Z,3.0765,3.084,3.026,3.05,NaN,NaN,NaN,NaN,436.35,438.5,432.3,432.9,80652,-139174,-58522,124116,-71161,52955,17412,-11845,5567,NaN,NaN,NaN,NaN,285964,80652,-139174,-58522,124116,-71161,52955,17412,-11845,5567
2018-02-11T23:00:00Z,3.05,3.097,3.0425,3.087,NaN,NaN,NaN,NaN,435,440.4,435,438.65,80652,-139174,-58522,124116,-71161,52955,17412,-11845,5567,NaN,NaN,NaN,NaN,285964,80652,-139174,-58522,124116,-71161,52955,17412,-11845,5567
2018-02-12T23:00:00Z,3.0865,3.169,3.0795,3.164,NaN,NaN,NaN,NaN,441,450,441,449.35,73463,-122331,-48868,112722,-67974,44748,17784,-13664,4120,NaN,NaN,NaN,NaN,255708,73463,-122331,-48868,112722,-67974,44748,17784,-13664,4120
2018-02-13T23:00:00Z,3.1635,3.2375,3.139,3.2345,NaN,NaN,NaN,NaN,448,458.05,445.75,457.55,73463,-122331,-48868,112722,-67974,44748,17784,-13664,4120,NaN,NaN,NaN,NaN,255708,73463,-122331,-48868,112722,-67974,44748,17784,-13664,4120
2018-02-14T23:00:00Z,3.237,3.249,3.2125,3.246,NaN,NaN,NaN,NaN,458.05,458.8,453.65,458.05,73463,-122331,-48868,112722,-67974,44748,17784,-13664,4120,NaN,NaN,NaN,NaN,255708,73463,-122331,-48868,112722,-67974,44748,17784,-13664,4120
2018-02-15T23:00:00Z,3.2455,3.272,3.2355,3.2385,NaN,NaN,NaN,NaN,458.4,464.2,458.1,461.5,73463,-122331,-48868,112722,-67974,44748,17784,-13664,4120,NaN,NaN,NaN,NaN,255708,73463,-122331,-48868,112722,-67974,44748,17784,-13664,4120
2018-02-18T23:00:00Z,3.2395,3.246,3.1805,3.186,NaN,NaN,NaN,NaN,455,459.6,454.4,457.2,75737,-130427,-54690,113187,-65886,47301,19519,-12130,7389,NaN,NaN,NaN,NaN,256420,75737,-130427,-54690,113187,-65886,47301,19519,-12130,7389
2018-02-20T23:00:00Z,3.187,3.2295,3.164,3.201,NaN,NaN,NaN,NaN,455.4,461,453.3,460.45,75737,-130427,-54690,113187,-65886,47301,19519,-12130,7389,NaN,NaN,NaN,NaN,256420,75737,-130427,-54690,113187,-65886,47301,19519,-12130,7389
2018-02-21T23:00:00Z,3.2005,3.2435,3.1535,3.2345,NaN,NaN,NaN,NaN,458.4,465.3,453.3,464.65,75737,-130427,-54690,113187,-65886,47301,19519,-12130,7389,NaN,NaN,NaN,NaN,256420,75737,-130427,-54690,113187,-65886,47301,19519,-12130,7389
2018-02-22T23:00:00Z,3.234,3.2355,3.19,3.207,NaN,NaN,NaN,NaN,461.45,462.5,456.8,459.7,75737,-130427,-54690,113187,-65886,47301,19519,-12130,7389,NaN,NaN,NaN,NaN,256420,75737,-130427,-54690,113187,-65886,47301,19519,-12130,7389
2018-02-25T23:00:00Z,3.2085,3.234,3.188,3.198,NaN,NaN,NaN,NaN,462.4,462.4,456.6,457.7,75737,-130427,-54690,113187,-65886,47301,19519,-12130,7389,NaN,NaN,NaN,NaN,256420,75737,-130427,-54690,113187,-65886,47301,19519,-12130,7389
2018-02-26T23:00:00Z,3.2235,3.237,3.163,3.1825,NaN,NaN,NaN,NaN,457.7,459.85,451.15,454.25,84756,-131777,-47021,114277,-72876,41401,17247,-11627,5620,NaN,NaN,NaN,NaN,264683,84756,-131777,-47021,114277,-72876,41401,17247,-11627,5620
2018-02-27T23:00:00Z,3.1835,3.186,3.1255,3.129,NaN,NaN,NaN,NaN,458.5,459.7,453.05,453.6,84756,-131777,-47021,114277,-72876,41401,17247,-11627,5620,NaN,NaN,NaN,NaN,264683,84756,-131777,-47021,114277,-72876,41401,17247,-11627,5620
2018-02-28T23:00:00Z,3.1285,3.1475,3.098,3.1255,NaN,NaN,NaN,NaN,454.8,455.25,449.2,452.2,84756,-131777,-47021,114277,-72876,41401,17247,-11627,5620,NaN,NaN,NaN,NaN,264683,84756,-131777,-47021,114277,-72876,41401,17247,-11627,5620
2018-03-01T23:00:00Z,3.1235,3.1455,3.1085,3.1335,NaN,NaN,NaN,NaN,450.5,454.8,450.5,452.8,84756,-131777,-47021,114277,-72876,41401,17247,-11627,5620,NaN,NaN,NaN,NaN,264683,84756,-131777,-47021,114277,-72876,41401,17247,-11627,5620
2018-03-04T23:00:00Z,3.1325,3.1385,3.0955,3.1275,NaN,NaN,NaN,NaN,453.15,453.15,448.35,452.35,84756,-131777,-47021,114277,-72876,41401,17247,-11627,5620,NaN,NaN,NaN,NaN,264683,84756,-131777,-47021,114277,-72876,41401,17247,-11627,5620
2018-03-05T23:00:00Z,3.1285,3.178,3.1265,3.1565,NaN,NaN,NaN,NaN,452.4,457.25,451.7,454.85,83295,-132773,-49478,112589,-70669,41920,18748,-11190,7558,NaN,NaN,NaN,NaN,260097,83295,-132773,-49478,112589,-70669,41920,18748,-11190,7558
2018-03-06T23:00:00Z,3.155,3.1585,3.1175,3.134,NaN,NaN,NaN,NaN,454.3,455,449.8,452.05,83295,-132773,-49478,112589,-70669,41920,18748,-11190,7558,NaN,NaN,NaN,NaN,260097,83295,-132773,-49478,112589,-70669,41920,18748,-11190,7558
2018-03-07T23:00:00Z,3.135,3.1395,3.0705,3.079,NaN,NaN,NaN,NaN,452,452.35,444.2,445.3,83295,-132773,-49478,112589,-70669,41920,18748,-11190,7558,NaN,NaN,NaN,NaN,260097,83295,-132773,-49478,112589,-70669,41920,18748,-11190,7558
2018-03-08T23:00:00Z,3.078,3.147,3.0555,3.1445,NaN,NaN,NaN,NaN,444.7,454,442.45,452.3,83295,-132773,-49478,112589,-70669,41920,18748,-11190,7558,NaN,NaN,NaN,NaN,260097,83295,-132773,-49478,112589,-70669,41920,18748,-11190,7558
2018-03-11T22:00:00Z,3.147,3.1555,3.1095,3.121,NaN,NaN,NaN,NaN,452.65,453.35,448.5,450.25,83295,-132773,-49478,112589,-70669,41920,18748,-11190,7558,NaN,NaN,NaN,NaN,260097,83295,-132773,-49478,112589,-70669,41920,18748,-11190,7558
2018-03-12T22:00:00Z,3.121,3.1445,3.1025,3.1345,NaN,NaN,NaN,NaN,449.85,451.8,447.65,450.95,92159,-137691,-45532,108709,-69074,39635,18834,-12937,5897,NaN,NaN,NaN,NaN,273651,92159,-137691,-45532,108709,-69074,39635,18834,-12937,5897
2018-03-13T22:00:00Z,3.134,3.192,3.1265,3.1485,NaN,NaN,NaN,NaN,452.6,458.6,452.6,454.25,92159,-137691,-45532,108709,-69074,39635,18834,-12937,5897,NaN,NaN,NaN,NaN,273651,92159,-137691,-45532,108709,-69074,39635,18834,-12937,5897
2018-03-14T22:00:00Z,3.1495,3.166,3.1075,3.1255,NaN,NaN,NaN,NaN,455,455,448.5,450.95,92159,-137691,-45532,108709,-69074,39635,18834,-12937,5897,NaN,NaN,NaN,NaN,273651,92159,-137691,-45532,108709,-69074,39635,18834,-12937,5897
2018-03-15T22:00:00Z,3.1265,3.1495,3.09,3.1125,NaN,NaN,NaN,NaN,450,453.5,446.3,448.55,92159,-137691,-45532,108709,-69074,39635,18834,-12937,5897,NaN,NaN,NaN,NaN,273651,92159,-137691,-45532,108709,-69074,39635,18834,-12937,5897
2018-03-18T22:00:00Z,3.115,3.1155,3.058,3.077,NaN,NaN,NaN,NaN,447.5,449.2,442.25,446.7,92159,-137691,-45532,108709,-69074,39635,18834,-12937,5897,NaN,NaN,NaN,NaN,273651,92159,-137691,-45532,108709,-69074,39635,18834,-12937,5897
2018-03-19T22:00:00Z,3.076,3.094,3.029,3.0375,NaN,NaN,NaN,NaN,447.2,447.8,439.65,441.25,100673,-141281,-40608,107919,-77058,30861,22830,-13083,9747,NaN,NaN,NaN,NaN,283457,100673,-141281,-40608,107919,-77058,30861,22830,-13083,9747
2018-03-20T22:00:00Z,3.0385,3.093,3.015,3.08,NaN,NaN,NaN,NaN,441.7,444.5,437.6,443.55,100673,-141281,-40608,107919,-77058,30861,22830,-13083,9747,NaN,NaN,NaN,NaN,283457,100673,-141281,-40608,107919,-77058,30861,22830,-13083,9747
2018-03-21T22:00:00Z,3.0785,3.089,3.003,3.024,NaN,NaN,NaN,NaN,444.55,446.15,435.65,438.95,100673,-141281,-40608,107919,-77058,30861,22830,-13083,9747,NaN,NaN,NaN,NaN,283457,100673,-141281,-40608,107919,-77058,30861,22830,-13083,9747
2018-03-22T22:00:00Z,3.023,3.0305,2.9705,2.9765,NaN,NaN,NaN,NaN,438.3,438.3,432.25,433.4,100673,-141281,-40608,107919,-77058,30861,22830,-13083,9747,NaN,NaN,NaN,NaN,283457,100673,-141281,-40608,107919,-77058,30861,22830,-13083,9747
2018-03-25T22:00:00Z,2.9795,3.002,2.9375,2.9855,NaN,NaN,NaN,NaN,431.6,431.9,425,428.7,100673,-141281,-40608,107919,-77058,30861,22830,-13083,9747,NaN,NaN,NaN,NaN,283457,100673,-141281,-40608,107919,-77058,30861,22830,-13083,9747
2018-03-26T22:00:00Z,2.984,3.024,2.9775,2.9845,NaN,NaN,NaN,NaN,430.5,434.4,429.2,430.75,115589,-141882,-26293,106932,-87745,19187,21624,-14518,7106,NaN,NaN,NaN,NaN,293335,115589,-141882,-26293,106932,-87745,19187,21624,-14518,7106
2018-03-27T22:00:00Z,2.983,3.01,2.9685,2.998,NaN,NaN,NaN,NaN,431.1,434.7,428.65,433.45,115589,-141882,-26293,106932,-87745,19187,21624,-14518,7106,NaN,NaN,NaN,NaN,293335,115589,-141882,-26293,106932,-87745,19187,21624,-14518,7106
2018-03-28T22:00:00Z,3.001,3.049,2.9945,3.023,NaN,NaN,NaN,NaN,434.95,439.45,434.95,436.8,115589,-141882,-26293,106932,-87745,19187,21624,-14518,7106,NaN,NaN,NaN,NaN,293335,115589,-141882,-26293,106932,-87745,19187,21624,-14518,7106
2018-04-01T22:00:00Z,3.048,3.0725,3.037,3.044,NaN,NaN,NaN,NaN,439.9,442.05,438.25,439.15,115589,-141882,-26293,106932,-87745,19187,21624,-14518,7106,NaN,NaN,NaN,NaN,293335,115589,-141882,-26293,106932,-87745,19187,21624,-14518,7106
2018-04-02T22:00:00Z,3.0445,3.0695,3.0385,3.0655,NaN,NaN,NaN,NaN,440.55,442.1,438.4,440.45,117045,-142322,-25277,102027,-81117,20910,19731,-15364,4367,NaN,NaN,NaN,NaN,289138,117045,-142322,-25277,102027,-81117,20910,19731,-15364,4367
2018-04-03T22:00:00Z,3.067,3.0695,2.97,3.0245,NaN,NaN,NaN,NaN,441,441,428.6,433.65,117045,-142322,-25277,102027,-81117,20910,19731,-15364,4367,NaN,NaN,NaN,NaN,289138,117045,-142322,-25277,102027,-81117,20910,19731,-15364,4367
2018-04-04T22:00:00Z,3.0285,3.088,3.0135,3.068,NaN,NaN,NaN,NaN,434.4,443.5,433.8,439.95,117045,-142322,-25277,102027,-81117,20910,19731,-15364,4367,NaN,NaN,NaN,NaN,289138,117045,-142322,-25277,102027,-81117,20910,19731,-15364,4367
2018-04-05T22:00:00Z,3.0685,3.0685,3.0245,3.0385,NaN,NaN,NaN,NaN,437.8,439.35,435.1,438.25,117045,-142322,-25277,102027,-81117,20910,19731,-15364,4367,NaN,NaN,NaN,NaN,289138,117045,-142322,-25277,102027,-81117,20910,19731,-15364,4367
2018-04-08T22:00:00Z,3.0425,3.0855,3.0355,3.076,NaN,NaN,NaN,NaN,438.4,442.85,437.7,442.25,117045,-142322,-25277,102027,-81117,20910,19731,-15364,4367,NaN,NaN,NaN,NaN,289138,117045,-142322,-25277,102027,-81117,20910,19731,-15364,4367
2018-04-09T22:00:00Z,3.076,3.141,3.068,3.1395,NaN,NaN,NaN,NaN,443,451,443,450.75,95352,-121489,-26137,94928,-71222,23706,17860,-15429,2431,NaN,NaN,NaN,NaN,255757,95352,-121489,-26137,94928,-71222,23706,17860,-15429,2431
2018-04-10T22:00:00Z,3.138,3.1475,3.1015,3.113,NaN,NaN,NaN,NaN,449.25,453.8,447,448.6,95352,-121489,-26137,94928,-71222,23706,17860,-15429,2431,NaN,NaN,NaN,NaN,255757,95352,-121489,-26137,94928,-71222,23706,17860,-15429,2431
2018-04-11T22:00:00Z,3.1135,3.123,3.0405,3.0615,NaN,NaN,NaN,NaN,446.5,448,439.3,442.25,95352,-121489,-26137,94928,-71222,23706,17860,-15429,2431,NaN,NaN,NaN,NaN,255757,95352,-121489,-26137,94928,-71222,23706,17860,-15429,2431
2018-04-12T22:00:00Z,3.062,3.0925,3.0525,3.0635,NaN,NaN,NaN,NaN,442.25,445.7,441.35,442.75,95352,-121489,-26137,94928,-71222,23706,17860,-15429,2431,NaN,NaN,NaN,NaN,255757,95352,-121489,-26137,94928,-71222,23706,17860,-15429,2431
2018-04-15T22:00:00Z,3.0645,3.117,3.044,3.0865,NaN,NaN,NaN,NaN,442.75,450.7,442,446.95,95352,-121489,-26137,94928,-71222,23706,17860,-15429,2431,NaN,NaN,NaN,NaN,255757,95352,-121489,-26137,94928,-71222,23706,17860,-15429,2431
2018-04-16T22:00:00Z,3.0835,3.102,3.0545,3.0865,NaN,NaN,NaN,NaN,448.6,449.35,443.6,447.35,75213,-111392,-36179,95532,-64815,30717,20226,-14764,5462,NaN,NaN,NaN,NaN,240008,75213,-111392,-36179,95532,-64815,30717,20226,-14764,5462
2018-04-17T22:00:00Z,3.085,3.1785,3.076,3.1615,NaN,NaN,NaN,NaN,447.4,461.1,446.6,459.1,75213,-111392,-36179,95532,-64815,30717,20226,-14764,5462,NaN,NaN,NaN,NaN,240008,75213,-111392,-36179,95532,-64815,30717,20226,-14764,5462
2018-04-18T22:00:00Z,3.1615,3.1955,3.112,3.1275,NaN,NaN,NaN,NaN,459.9,464,453.45,456.95,75213,-111392,-36179,95532,-64815,30717,20226,-14764,5462,NaN,NaN,NaN,NaN,240008,75213,-111392,-36179,95532,-64815,30717,20226,-14764,5462
2018-04-19T22:00:00Z,3.126,3.147,3.1055,3.137,NaN,NaN,NaN,NaN,456.5,460.35,453.1,458.75,75213,-111392,-36179,95532,-64815,30717,20226,-14764,5462,NaN,NaN,NaN,NaN,240008,75213,-111392,-36179,95532,-64815,30717,20226,-14764,5462
2018-04-22T22:00:00Z,3.131,3.1615,3.078,3.106,NaN,NaN,NaN,NaN,460,462.8,451.65,456.9,75213,-111392,-36179,95532,-64815,30717,20226,-14764,5462,NaN,NaN,NaN,NaN,240008,75213,-111392,-36179,95532,-64815,30717,20226,-14764,5462
2018-04-23T22:00:00Z,3.107,3.1675,3.1005,3.134,NaN,NaN,NaN,NaN,458.35,464.45,456.6,459.7,77564,-122695,-45131,101054,-58418,42636,17846,-15351,2495,NaN,NaN,NaN,NaN,240990,77564,-122695,-45131,101054,-58418,42636,17846,-15351,2495
2018-04-24T22:00:00Z,3.131,3.154,3.1165,3.1285,NaN,NaN,NaN,NaN,461,465.7,459.15,463,77564,-122695,-45131,101054,-58418,42636,17846,-15351,2495,NaN,NaN,NaN,NaN,240990,77564,-122695,-45131,101054,-58418,42636,17846,-15351,2495
2018-04-25T22:00:00Z,3.129,3.144,3.087,3.1155,NaN,NaN,NaN,NaN,460.65,461.4,455.3,460.4,77564,-122695,-45131,101054,-58418,42636,17846,-15351,2495,NaN,NaN,NaN,NaN,240990,77564,-122695,-45131,101054,-58418,42636,17846,-15351,2495
2018-04-26T22:00:00Z,3.14,3.146,3.052,3.071,NaN,NaN,NaN,NaN,458.6,458.6,446.5,448.45,77564,-122695,-45131,101054,-58418,42636,17846,-15351,2495,NaN,NaN,NaN,NaN,240990,77564,-122695,-45131,101054,-58418,42636,17846,-15351,2495
2018-04-29T22:00:00Z,3.072,3.089,3.0575,3.071,NaN,NaN,NaN,NaN,453.75,455.6,451.6,453.7,77564,-122695,-45131,101054,-58418,42636,17846,-15351,2495,NaN,NaN,NaN,NaN,240990,77564,-122695,-45131,101054,-58418,42636,17846,-15351,2495
2018-04-30T22:00:00Z,3.0705,3.085,3.0195,3.051,NaN,NaN,NaN,NaN,454.45,455.6,448.95,451.4,76486,-118085,-41599,106141,-71225,34916,20440,-13757,6683,NaN,NaN,NaN,NaN,243337,76486,-118085,-41599,106141,-71225,34916,20440,-13757,6683
2018-05-01T22:00:00Z,3.051,3.088,3.0475,3.0625,NaN,NaN,NaN,NaN,452.2,457.25,452.2,455.45,76486,-118085,-41599,106141,-71225,34916,20440,-13757,6683,NaN,NaN,NaN,NaN,243337,76486,-118085,-41599,106141,-71225,34916,20440,-13757,6683
2018-05-02T22:00:00Z,3.0635,3.1215,3.0565,3.092,NaN,NaN,NaN,NaN,454.05,461.1,453.25,457.65,76486,-118085,-41599,106141,-71225,34916,20440,-13757,6683,NaN,NaN,NaN,NaN,243337,76486,-118085,-41599,106141,-71225,34916,20440,-13757,6683
2018-05-03T22:00:00Z,3.0915,3.105,3.053,3.0805,NaN,NaN,NaN,NaN,458.6,460,453.45,457.45,76486,-118085,-41599,106141,-71225,34916,20440,-13757,6683,NaN,NaN,NaN,NaN,243337,76486,-118085,-41599,106141,-71225,34916,20440,-13757,6683
2018-05-06T22:00:00Z,3.085,3.1045,3.0625,3.0725,NaN,NaN,NaN,NaN,458.6,463,457.15,459.15,76486,-118085,-41599,106141,-71225,34916,20440,-13757,6683,NaN,NaN,NaN,NaN,243337,76486,-118085,-41599,106141,-71225,34916,20440,-13757,6683
2018-05-07T22:00:00Z,3.0735,3.091,3.014,3.069,NaN,NaN,NaN,NaN,460.2,460.9,449.3,456.3,78709,-117936,-39227,106333,-72881,33452,19787,-14012,5775,NaN,NaN,NaN,NaN,253834,78709,-117936,-39227,106333,-72881,33452,19787,-14012,5775
2018-05-08T22:00:00Z,3.0685,3.0695,3.04,3.062,NaN,NaN,NaN,NaN,457,458.55,455.05,457.9,78709,-117936,-39227,106333,-72881,33452,19787,-14012,5775,NaN,NaN,NaN,NaN,253834,78709,-117936,-39227,106333,-72881,33452,19787,-14012,5775
2018-05-09T22:00:00Z,3.061,3.118,3.052,3.11,NaN,NaN,NaN,NaN,459.1,465,456.35,462.9,78709,-117936,-39227,106333,-72881,33452,19787,-14012,5775,NaN,NaN,NaN,NaN,253834,78709,-117936,-39227,106333,-72881,33452,19787,-14012,5775
2018-05-10T22:00:00Z,3.1095,3.1265,3.1015,3.1105,NaN,NaN,NaN,NaN,463.15,466.7,462.35,465,78709,-117936,-39227,106333,-72881,33452,19787,-14012,5775,NaN,NaN,NaN,NaN,253834,78709,-117936,-39227,106333,-72881,33452,19787,-14012,5775
2018-05-13T22:00:00Z,3.111,3.131,3.0765,3.088,NaN,NaN,NaN,NaN,465,466.9,461.1,463.7,78709,-117936,-39227,106333,-72881,33452,19787,-14012,5775,NaN,NaN,NaN,NaN,253834,78709,-117936,-39227,106333,-72881,33452,19787,-14012,5775
2018-05-14T22:00:00Z,3.088,3.103,3.0345,3.059,NaN,NaN,NaN,NaN,462.7,467.8,460.1,462.95,85935,-127212,-41277,107169,-70814,36355,19214,-14292,4922,NaN,NaN,NaN,NaN,258587,85935,-127212,-41277,107169,-70814,36355,19214,-14292,4922
2018-05-15T22:00:00Z,3.0605,3.08,3.044,3.0765,NaN,NaN,NaN,NaN,461.65,462.45,458.7,461.85,85935,-127212,-41277,107169,-70814,36355,19214,-14292,4922,NaN,NaN,NaN,NaN,258587,85935,-127212,-41277,107169,-70814,36355,19214,-14292,4922
2018-05-16T22:00:00Z,3.078,3.101,3.069,3.083,NaN,NaN,NaN,NaN,462.5,465.45,461.1,463.8,85935,-127212,-41277,107169,-70814,36355,19214,-14292,4922,NaN,NaN,NaN,NaN,258587,85935,-127212,-41277,107169,-70814,36355,19214,-14292,4922
2018-05-17T22:00:00Z,3.0835,3.091,3.0555,3.0615,NaN,NaN,NaN,NaN,464.15,466.55,461,462.15,85935,-127212,-41277,107169,-70814,36355,19214,-14292,4922,NaN,NaN,NaN,NaN,258587,85935,-127212,-41277,107169,-70814,36355,19214,-14292,4922
2018-05-20T22:00:00Z,3.065,3.1115,3.065,3.1005,NaN,NaN,NaN,NaN,463.1,469.45,463.1,467.85,85935,-127212,-41277,107169,-70814,36355,19214,-14292,4922,NaN,NaN,NaN,NaN,258587,85935,-127212,-41277,107169,-70814,36355,19214,-14292,4922
2018-05-21T22:00:00Z,3.1005,3.1485,3.088,3.122,NaN,NaN,NaN,NaN,466.5,474.5,465.45,472,84604,-128353,-43749,109623,-70611,39012,19983,-15246,4737,NaN,NaN,NaN,NaN,260111,84604,-128353,-43749,109623,-70611,39012,19983,-15246,4737
2018-05-22T22:00:00Z,3.122,3.132,3.0485,3.07,NaN,NaN,NaN,NaN,472.2,472.2,462.8,465.15,84604,-128353,-43749,109623,-70611,39012,19983,-15246,4737,NaN,NaN,NaN,NaN,260111,84604,-128353,-43749,109623,-70611,39012,19983,-15246,4737
2018-05-23T22:00:00Z,3.069,3.1025,3.066,3.1,NaN,NaN,NaN,NaN,466.6,469.4,464.55,469.05,84604,-128353,-43749,109623,-70611,39012,19983,-15246,4737,NaN,NaN,NaN,NaN,260111,84604,-128353,-43749,109623,-70611,39012,19983,-15246,4737
2018-05-24T22:00:00Z,3.102,3.117,3.069,3.077,NaN,NaN,NaN,NaN,467.6,469.75,461.2,461.8,84604,-128353,-43749,109623,-70611,39012,19983,-15246,4737,NaN,NaN,NaN,NaN,260111,84604,-128353,-43749,109623,-70611,39012,19983,-15246,4737
2018-05-27T22:00:00Z,3.068,3.1135,3.046,3.055,NaN,NaN,NaN,NaN,461.1,467.7,460.2,460.7,92104,-133339,-41235,108885,-71285,37600,19239,-15604,3635,NaN,NaN,NaN,NaN,266370,92104,-133339,-41235,108885,-71285,37600,19239,-15604,3635
2018-05-29T22:00:00Z,3.055,3.0765,3.01,3.0725,NaN,NaN,NaN,NaN,460.1,460.1,450.85,458.85,92104,-133339,-41235,108885,-71285,37600,19239,-15604,3635,NaN,NaN,NaN,NaN,266370,92104,-133339,-41235,108885,-71285,37600,19239,-15604,3635
2018-05-30T22:00:00Z,3.0715,3.092,3.046,3.0645,NaN,NaN,NaN,NaN,459.3,461.85,454.7,457.05,92104,-133339,-41235,108885,-71285,37600,19239,-15604,3635,NaN,NaN,NaN,NaN,266370,92104,-133339,-41235,108885,-71285,37600,19239,-15604,3635
2018-05-31T22:00:00Z,3.063,3.1,3.056,3.0915,NaN,NaN,NaN,NaN,456.3,459.25,454.65,458.85,92104,-133339,-41235,108885,-71285,37600,19239,-15604,3635,NaN,NaN,NaN,NaN,266370,92104,-133339,-41235,108885,-71285,37600,19239,-15604,3635
2018-06-03T22:00:00Z,3.098,3.142,3.09,3.138,NaN,NaN,NaN,NaN,459.7,465.65,458.7,465.3,92104,-133339,-41235,108885,-71285,37600,19239,-15604,3635,NaN,NaN,NaN,NaN,266370,92104,-133339,-41235,108885,-71285,37600,19239,-15604,3635
2018-06-04T22:00:00Z,3.138,3.25,3.1235,3.2135,NaN,NaN,NaN,NaN,464.9,475.2,464.25,474.8,92559,-140410,-47851,112774,-65067,47707,16871,-16727,144,NaN,NaN,NaN,NaN,264350,92559,-140410,-47851,112774,-65067,47707,16871,-16727,144
2018-06-05T22:00:00Z,3.212,3.274,3.193,3.2685,NaN,NaN,NaN,NaN,474,482.5,473.1,481.25,92559,-140410,-47851,112774,-65067,47707,16871,-16727,144,NaN,NaN,NaN,NaN,264350,92559,-140410,-47851,112774,-65067,47707,16871,-16727,144
2018-06-06T22:00:00Z,3.2675,3.3155,3.2575,3.263,NaN,NaN,NaN,NaN,483.2,493.25,482.45,487.55,92559,-140410,-47851,112774,-65067,47707,16871,-16727,144,NaN,NaN,NaN,NaN,264350,92559,-140410,-47851,112774,-65067,47707,16871,-16727,144
2018-06-07T22:00:00Z,3.265,3.305,3.247,3.2995,NaN,NaN,NaN,NaN,486.9,493.25,484.8,491.25,92559,-140410,-47851,112774,-65067,47707,16871,-16727,144,NaN,NaN,NaN,NaN,264350,92559,-140410,-47851,112774,-65067,47707,16871,-16727,144
2018-06-10T22:00:00Z,3.2995,3.3035,3.2445,3.251,NaN,NaN,NaN,NaN,489.9,489.95,483.8,485,92559,-140410,-47851,112774,-65067,47707,16871,-16727,144,NaN,NaN,NaN,NaN,264350,92559,-140410,-47851,112774,-65067,47707,16871,-16727,144
2018-06-11T22:00:00Z,3.2525,3.2685,3.2335,3.2455,NaN,NaN,NaN,NaN,484.8,486.7,482.1,484.6,79252,-150778,-71526,128503,-57966,70537,17807,-16818,989,NaN,NaN,NaN,NaN,285593,79252,-150778,-71526,128503,-57966,70537,17807,-16818,989
2018-06-12T22:00:00Z,3.2455,3.2715,3.224,3.2555,NaN,NaN,NaN,NaN,482.6,487.2,481.5,485.05,79252,-150778,-71526,128503,-57966,70537,17807,-16818,989,NaN,NaN,NaN,NaN,285593,79252,-150778,-71526,128503,-57966,70537,17807,-16818,989
2018-06-13T22:00:00Z,3.256,3.256,3.1865,3.201,NaN,NaN,NaN,NaN,483.9,485.35,480.25,481.55,79252,-150778,-71526,128503,-57966,70537,17807,-16818,989,NaN,NaN,NaN,NaN,285593,79252,-150778,-71526,128503,-57966,70537,17807,-16818,989
2018-06-14T22:00:00Z,3.256,3.256,3.131,3.136,NaN,NaN,NaN,NaN,481.95,483.2,472.6,473.9,79252,-150778,-71526,128503,-57966,70537,17807,-16818,989,NaN,NaN,NaN,NaN,285593,79252,-150778,-71526,128503,-57966,70537,17807,-16818,989
2018-06-17T22:00:00Z,3.136,3.1515,3.0965,3.126,NaN,NaN,NaN,NaN,472.1,473.75,466.1,468.75,79252,-150778,-71526,128503,-57966,70537,17807,-16818,989,NaN,NaN,NaN,NaN,285593,79252,-150778,-71526,128503,-57966,70537,17807,-16818,989
2018-06-18T22:00:00Z,3.1265,3.1335,3.0365,3.0385,NaN,NaN,NaN,NaN,467.1,467.65,458.15,458.5,79807,-141792,-61985,119036,-62725,56311,19677,-14003,5674,NaN,NaN,NaN,NaN,268435,79807,-141792,-61985,119036,-62725,56311,19677,-14003,5674
2018-06-19T22:00:00Z,3.0345,3.0675,3.021,3.039,NaN,NaN,NaN,NaN,458.75,460.95,454.7,457.8,79807,-141792,-61985,119036,-62725,56311,19677,-14003,5674,NaN,NaN,NaN,NaN,268435,79807,-141792,-61985,119036,-62725,56311,19677,-14003,5674
2018-06-20T22:00:00Z,3.0375,3.0535,3.018,3.028,NaN,NaN,NaN,NaN,457.55,458.9,452.25,453.95,79807,-141792,-61985,119036,-62725,56311,19677,-14003,5674,NaN,NaN,NaN,NaN,268435,79807,-141792,-61985,119036,-62725,56311,19677,-14003,5674
2018-06-21T22:00:00Z,3.028,3.0465,3.0135,3.027,NaN,NaN,NaN,NaN,454.3,456.25,452.05,454.2,79807,-141792,-61985,119036,-62725,56311,19677,-14003,5674,NaN,NaN,NaN,NaN,268435,79807,-141792,-61985,119036,-62725,56311,19677,-14003,5674
2018-06-24T22:00:00Z,3.0275,3.045,2.968,2.9835,NaN,NaN,NaN,NaN,456,456.6,448.3,448.65,79807,-141792,-61985,119036,-62725,56311,19677,-14003,5674,NaN,NaN,NaN,NaN,268435,79807,-141792,-61985,119036,-62725,56311,19677,-14003,5674
2018-06-25T22:00:00Z,2.984,2.9985,2.975,2.993,NaN,NaN,NaN,NaN,449.7,452.4,448.8,451.9,92700,-132814,-40114,104151,-70106,34045,19503,-13434,6069,NaN,NaN,NaN,NaN,268714,92700,-132814,-40114,104151,-70106,34045,19503,-13434,6069
2018-06-26T22:00:00Z,2.9955,3.0045,2.9605,2.976,NaN,NaN,NaN,NaN,450.45,455.5,448.6,453.75,92700,-132814,-40114,104151,-70106,34045,19503,-13434,6069,NaN,NaN,NaN,NaN,268714,92700,-132814,-40114,104151,-70106,34045,19503,-13434,6069
2018-06-27T22:00:00Z,2.998,3.004,2.9515,2.9685,NaN,NaN,NaN,NaN,460,460.4,452.45,454.75,92700,-132814,-40114,104151,-70106,34045,19503,-13434,6069,NaN,NaN,NaN,NaN,268714,92700,-132814,-40114,104151,-70106,34045,19503,-13434,6069
2018-06-28T22:00:00Z,2.97,2.997,2.958,2.9645,NaN,NaN,NaN,NaN,455.8,457.4,451.8,452.3,92700,-132814,-40114,104151,-70106,34045,19503,-13434,6069,NaN,NaN,NaN,NaN,268714,92700,-132814,-40114,104151,-70106,34045,19503,-13434,6069
2018-07-01T22:00:00Z,2.9695,2.973,2.921,2.945,NaN,NaN,NaN,NaN,451.7,452.85,447.45,450.75,92700,-132814,-40114,104151,-70106,34045,19503,-13434,6069,NaN,NaN,NaN,NaN,268714,92700,-132814,-40114,104151,-70106,34045,19503,-13434,6069
2018-07-02T22:00:00Z,2.945,2.9665,2.908,2.9235,NaN,NaN,NaN,NaN,449.4,453.2,444.4,445.75,96870,-126986,-30116,99847,-74342,25505,18215,-13604,4611,NaN,NaN,NaN,NaN,261618,96870,-126986,-30116,99847,-74342,25505,18215,-13604,4611
2018-07-03T22:00:00Z,2.863,2.8775,2.8205,2.8345,NaN,NaN,NaN,NaN,438.2,441.15,432.5,433.5,96870,-126986,-30116,99847,-74342,25505,18215,-13604,4611,NaN,NaN,NaN,NaN,261618,96870,-126986,-30116,99847,-74342,25505,18215,-13604,4611
2018-07-05T22:00:00Z,2.8305,2.839,2.7825,2.8195,NaN,NaN,NaN,NaN,432,434.75,427.55,431.6,96870,-126986,-30116,99847,-74342,25505,18215,-13604,4611,NaN,NaN,NaN,NaN,261618,96870,-126986,-30116,99847,-74342,25505,18215,-13604,4611
2018-07-08T22:00:00Z,2.8235,2.877,2.815,2.871,NaN,NaN,NaN,NaN,434.55,439,434.15,436.7,96870,-126986,-30116,99847,-74342,25505,18215,-13604,4611,NaN,NaN,NaN,NaN,261618,96870,-126986,-30116,99847,-74342,25505,18215,-13604,4611
2018-07-09T22:00:00Z,2.87,2.8805,2.8135,2.83,NaN,NaN,NaN,NaN,437.9,438.7,431.1,433.1,114003,-130741,-16738,102110,-87927,14183,17951,-15396,2555,NaN,NaN,NaN,NaN,280668,114003,-130741,-16738,102110,-87927,14183,17951,-15396,2555
2018-07-10T22:00:00Z,2.83,2.8305,2.717,2.751,NaN,NaN,NaN,NaN,430,430,416.8,420.15,114003,-130741,-16738,102110,-87927,14183,17951,-15396,2555,NaN,NaN,NaN,NaN,280668,114003,-130741,-16738,102110,-87927,14183,17951,-15396,2555
2018-07-11T22:00:00Z,2.7505,2.792,2.731,2.7755,NaN,NaN,NaN,NaN,421.5,425.8,420,421.85,114003,-130741,-16738,102110,-87927,14183,17951,-15396,2555,NaN,NaN,NaN,NaN,280668,114003,-130741,-16738,102110,-87927,14183,17951,-15396,2555
2018-07-12T22:00:00Z,2.776,2.7885,2.7495,2.777,NaN,NaN,NaN,NaN,423,424.1,418.8,422.7,114003,-130741,-16738,102110,-87927,14183,17951,-15396,2555,NaN,NaN,NaN,NaN,280668,114003,-130741,-16738,102110,-87927,14183,17951,-15396,2555
2018-07-15T22:00:00Z,2.776,2.798,2.7445,2.7675,NaN,NaN,NaN,NaN,423.5,423.95,419,421.45,114003,-130741,-16738,102110,-87927,14183,17951,-15396,2555,NaN,NaN,NaN,NaN,280668,114003,-130741,-16738,102110,-87927,14183,17951,-15396,2555
2018-07-16T22:00:00Z,2.7655,2.7995,2.7415,2.7445,NaN,NaN,NaN,NaN,423.5,425.3,417.1,417.85,125907,-138470,-12563,106423,-97310,9113,19240,-15790,3450,NaN,NaN,NaN,NaN,303929,125907,-138470,-12563,106423,-97310,9113,19240,-15790,3450
2018-07-17T22:00:00Z,2.7445,2.771,2.7155,2.764,NaN,NaN,NaN,NaN,418.3,421.45,414.2,420.65,125907,-138470,-12563,106423,-97310,9113,19240,-15790,3450,NaN,NaN,NaN,NaN,303929,125907,-138470,-12563,106423,-97310,9113,19240,-15790,3450
2018-07-18T22:00:00Z,2.7655,2.7785,2.6735,2.716,NaN,NaN,NaN,NaN,420.5,421.2,409.55,414.2,125907,-138470,-12563,106423,-97310,9113,19240,-15790,3450,NaN,NaN,NaN,NaN,303929,125907,-138470,-12563,106423,-97310,9113,19240,-15790,3450
2018-07-19T22:00:00Z,2.7175,2.761,2.6825,2.7505,NaN,NaN,NaN,NaN,415.2,421.5,414.65,420.35,125907,-138470,-12563,106423,-97310,9113,19240,-15790,3450,NaN,NaN,NaN,NaN,303929,125907,-138470,-12563,106423,-97310,9113,19240,-15790,3450
2018-07-22T22:00:00Z,2.7515,2.7765,2.734,2.7415,NaN,NaN,NaN,NaN,419.2,424,418.75,420.05,125907,-138470,-12563,106423,-97310,9113,19240,-15790,3450,NaN,NaN,NaN,NaN,303929,125907,-138470,-12563,106423,-97310,9113,19240,-15790,3450
2018-07-23T22:00:00Z,2.742,2.835,2.7335,2.8025,NaN,NaN,NaN,NaN,422,433.4,421.25,428.95,127591,-138694,-11103,110551,-101184,9367,17889,-16153,1736,NaN,NaN,NaN,NaN,315586,127591,-138694,-11103,110551,-101184,9367,17889,-16153,1736
2018-07-24T22:00:00Z,2.804,2.867,2.7935,2.8635,NaN,NaN,NaN,NaN,428.7,432.4,426.75,430.1,127591,-138694,-11103,110551,-101184,9367,17889,-16153,1736,NaN,NaN,NaN,NaN,315586,127591,-138694,-11103,110551,-101184,9367,17889,-16153,1736
2018-07-25T22:00:00Z,2.8615,2.8645,2.8015,2.805,NaN,NaN,NaN,NaN,431.5,433,427.35,428.9,127591,-138694,-11103,110551,-101184,9367,17889,-16153,1736,NaN,NaN,NaN,NaN,315586,127591,-138694,-11103,110551,-101184,9367,17889,-16153,1736
2018-07-26T22:00:00Z,2.8075,2.835,2.781,2.796,NaN,NaN,NaN,NaN,429.65,431.6,423.9,425.85,127591,-138694,-11103,110551,-101184,9367,17889,-16153,1736,NaN,NaN,NaN,NaN,315586,127591,-138694,-11103,110551,-101184,9367,17889,-16153,1736
2018-07-29T22:00:00Z,2.8035,2.8095,2.7585,2.794,NaN,NaN,NaN,NaN,424.55,426.7,421.05,425.4,127591,-138694,-11103,110551,-101184,9367,17889,-16153,1736,NaN,NaN,NaN,NaN,315586,127591,-138694,-11103,110551,-101184,9367,17889,-16153,1736
2018-07-30T22:00:00Z,2.795,2.8415,2.769,2.8265,NaN,NaN,NaN,NaN,425.9,431,421.55,430.15,116018,-125443,-9425,102058,-93834,8224,17592,-16391,1201,NaN,NaN,NaN,NaN,300522,116018,-125443,-9425,102058,-93834,8224,17592,-16391,1201
2018-07-31T22:00:00Z,2.8255,2.8285,2.726,2.742,NaN,NaN,NaN,NaN,429.3,429.3,413.15,414.8,116018,-125443,-9425,102058,-93834,8224,17592,-16391,1201,NaN,NaN,NaN,NaN,300522,116018,-125443,-9425,102058,-93834,8224,17592,-16391,1201
2018-08-01T22:00:00Z,2.7475,2.7595,2.7075,2.727,NaN,NaN,NaN,NaN,415.5,418.5,412.25,416.85,116018,-125443,-9425,102058,-93834,8224,17592,-16391,1201,NaN,NaN,NaN,NaN,300522,116018,-125443,-9425,102058,-93834,8224,17592,-16391,1201
2018-08-02T22:00:00Z,2.7265,2.784,2.709,2.7535,NaN,NaN,NaN,NaN,415.55,422.4,413.25,419.05,116018,-125443,-9425,102058,-93834,8224,17592,-16391,1201,NaN,NaN,NaN,NaN,300522,116018,-125443,-9425,102058,-93834,8224,17592,-16391,1201
2018-08-05T22:00:00Z,2.7555,2.7585,2.7065,2.724,NaN,NaN,NaN,NaN,418.5,418.5,413.2,415.5,116018,-125443,-9425,102058,-93834,8224,17592,-16391,1201,NaN,NaN,NaN,NaN,300522,116018,-125443,-9425,102058,-93834,8224,17592,-16391,1201
2018-08-06T22:00:00Z,2.7255,2.767,2.7225,2.7525,NaN,NaN,NaN,NaN,417,420.7,416.5,418.1,110569,-116025,-5456,97351,-95161,2190,19464,-16198,3266,NaN,NaN,NaN,NaN,289908,110569,-116025,-5456,97351,-95161,2190,19464,-16198,3266
2018-08-07T22:00:00Z,2.753,2.7735,2.736,2.7545,NaN,NaN,NaN,NaN,420.4,421.6,416.25,418,110569,-116025,-5456,97351,-95161,2190,19464,-16198,3266,NaN,NaN,NaN,NaN,289908,110569,-116025,-5456,97351,-95161,2190,19464,-16198,3266
2018-08-08T22:00:00Z,2.7555,2.818,2.7505,2.7635,NaN,NaN,NaN,NaN,419.9,427.95,419.9,421.15,110569,-116025,-5456,97351,-95161,2190,19464,-16198,3266,NaN,NaN,NaN,NaN,289908,110569,-116025,-5456,97351,-95161,2190,19464,-16198,3266
2018-08-09T22:00:00Z,2.764,2.7745,2.731,2.7455,NaN,NaN,NaN,NaN,421.55,422.1,417.1,419.6,110569,-116025,-5456,97351,-95161,2190,19464,-16198,3266,NaN,NaN,NaN,NaN,289908,110569,-116025,-5456,97351,-95161,2190,19464,-16198,3266
2018-08-12T22:00:00Z,2.7385,2.7565,2.713,2.735,NaN,NaN,NaN,NaN,419.5,426,418.45,423.6,110569,-116025,-5456,97351,-95161,2190,19464,-16198,3266,NaN,NaN,NaN,NaN,289908,110569,-116025,-5456,97351,-95161,2190,19464,-16198,3266
2018-08-13T22:00:00Z,2.7325,2.74,2.677,2.6845,NaN,NaN,NaN,NaN,422.75,422.75,415.25,416.05,113521,-119585,-6064,95786,-92698,3088,20319,-17343,2976,NaN,NaN,NaN,NaN,286872,113521,-119585,-6064,95786,-92698,3088,20319,-17343,2976
2018-08-14T22:00:00Z,2.685,2.689,2.552,2.584,NaN,NaN,NaN,NaN,NaN,NaN,NaN,NaN,113521,-119585,-6064,95786,-92698,3088,20319,-17343,2976,NaN,NaN,NaN,NaN,286872,113521,-119585,-6064,95786,-92698,3088,20319,-17343,2976
2018-08-15T22:00:00Z,2.583,2.643,2.564,2.606,NaN,NaN,NaN,NaN,415,415,402.55,405.4,113521,-119585,-6064,95786,-92698,3088,20319,-17343,2976,NaN,NaN,NaN,NaN,286872,113521,-119585,-6064,95786,-92698,3088,20319,-17343,2976
2018-08-16T22:00:00Z,2.606,2.669,2.5985,2.66,NaN,NaN,NaN,NaN,406.7,409.1,403.6,407.65,113521,-119585,-6064,95786,-92698,3088,20319,-17343,2976,NaN,NaN,NaN,NaN,286872,113521,-119585,-6064,95786,-92698,3088,20319,-17343,2976
2018-08-19T22:00:00Z,2.655,2.6825,2.642,2.6655,NaN,NaN,NaN,NaN,408.95,414.8,408.45,412.1,113521,-119585,-6064,95786,-92698,3088,20319,-17343,2976,NaN,NaN,NaN,NaN,286872,113521,-119585,-6064,95786,-92698,3088,20319,-17343,2976
2018-08-20T22:00:00Z,2.6645,2.7045,2.664,2.686,NaN,NaN,NaN,NaN,412.4,417.8,411.85,416.05,116270,-114794,1476,85463,-87162,-1699,16279,-16056,223,NaN,NaN,NaN,NaN,265239,116270,-114794,1476,85463,-87162,-1699,16279,-16056,223
2018-08-21T22:00:00Z,2.687,2.6935,2.653,2.667,NaN,NaN,NaN,NaN,415,415.4,411.2,412.2,116270,-114794,1476,85463,-87162,-1699,16279,-16056,223,NaN,NaN,NaN,NaN,265239,116270,-114794,1476,85463,-87162,-1699,16279,-16056,223
2018-08-22T22:00:00Z,2.6665,2.6685,2.613,2.644,NaN,NaN,NaN,NaN,411.55,412.55,405.25,410.75,116270,-114794,1476,85463,-87162,-1699,16279,-16056,223,NaN,NaN,NaN,NaN,265239,116270,-114794,1476,85463,-87162,-1699,16279,-16056,223
2018-08-23T22:00:00Z,2.645,2.7165,2.6415,2.691,NaN,NaN,NaN,NaN,412.5,418.85,412.05,416.25,116270,-114794,1476,85463,-87162,-1699,16279,-16056,223,NaN,NaN,NaN,NaN,265239,116270,-114794,1476,85463,-87162,-1699,16279,-16056,223
2018-08-26T22:00:00Z,2.694,2.7225,2.694,2.707,NaN,NaN,NaN,NaN,417.9,420.75,417.5,418.5,116270,-114794,1476,85463,-87162,-1699,16279,-16056,223,NaN,NaN,NaN,NaN,265239,116270,-114794,1476,85463,-87162,-1699,16279,-16056,223
2018-08-27T22:00:00Z,2.707,2.7455,2.6905,2.7225,NaN,NaN,NaN,NaN,417.5,425,417.25,423.25,95697,-96522,-825,81237,-80946,291,16188,-15654,534,NaN,NaN,NaN,NaN,235094,95697,-96522,-825,81237,-80946,291,16188,-15654,534
2018-08-28T22:00:00Z,2.722,2.7345,2.6955,2.7055,NaN,NaN,NaN,NaN,424.15,425.15,420.6,421.95,95697,-96522,-825,81237,-80946,291,16188,-15654,534,NaN,NaN,NaN,NaN,235094,95697,-96522,-825,81237,-80946,291,16188,-15654,534
2018-08-29T22:00:00Z,2.731,2.7405,2.684,2.7015,NaN,NaN,NaN,NaN,430,431.95,427.1,431.65,95697,-96522,-825,81237,-80946,291,16188,-15654,534,NaN,NaN,NaN,NaN,235094,95697,-96522,-825,81237,-80946,291,16188,-15654,534
2018-08-30T22:00:00Z,2.6995,2.7125,2.662,2.6655,NaN,NaN,NaN,NaN,429.55,430.65,423.25,423.8,95697,-96522,-825,81237,-80946,291,16188,-15654,534,NaN,NaN,NaN,NaN,235094,95697,-96522,-825,81237,-80946,291,16188,-15654,534
2018-09-02T22:00:00Z,2.655,2.6645,2.58,2.5985,NaN,NaN,NaN,NaN,423.85,424.45,414.3,415.75,99794,-94788,5006,77952,-83929,-5977,17121,-16150,971,NaN,NaN,NaN,NaN,238426,99794,-94788,5006,77952,-83929,-5977,17121,-16150,971
2018-09-04T22:00:00Z,2.6025,2.6215,2.591,2.6205,NaN,NaN,NaN,NaN,416.1,420.3,415.55,419.65,99794,-94788,5006,77952,-83929,-5977,17121,-16150,971,NaN,NaN,NaN,NaN,238426,99794,-94788,5006,77952,-83929,-5977,17121,-16150,971
2018-09-05T22:00:00Z,2.62,2.672,2.6105,2.6355,NaN,NaN,NaN,NaN,420.5,429.4,420.4,424.4,99794,-94788,5006,77952,-83929,-5977,17121,-16150,971,NaN,NaN,NaN,NaN,238426,99794,-94788,5006,77952,-83929,-5977,17121,-16150,971
2018-09-06T22:00:00Z,2.6355,2.6525,2.5935,2.6195,NaN,NaN,NaN,NaN,424,426.5,418.9,422.6,99794,-94788,5006,77952,-83929,-5977,17121,-16150,971,NaN,NaN,NaN,NaN,238426,99794,-94788,5006,77952,-83929,-5977,17121,-16150,971
2018-09-09T22:00:00Z,2.6115,2.6365,2.6025,2.627,NaN,NaN,NaN,NaN,422.8,427.5,421.8,426.8,99794,-94788,5006,77952,-83929,-5977,17121,-16150,971,NaN,NaN,NaN,NaN,238426,99794,-94788,5006,77952,-83929,-5977,17121,-16150,971
2018-09-10T22:00:00Z,2.624,2.6615,2.582,2.6245,NaN,NaN,NaN,NaN,426.8,431.05,421,425.55,94757,-85911,8846,72184,-81078,-8894,15931,-15883,48,NaN,NaN,NaN,NaN,230351,94757,-85911,8846,72184,-81078,-8894,15931,-15883,48
2018-09-11T22:00:00Z,2.622,2.6885,2.6065,2.684,NaN,NaN,NaN,NaN,424.5,431.5,422.25,429.75,94757,-85911,8846,72184,-81078,-8894,15931,-15883,48,NaN,NaN,NaN,NaN,230351,94757,-85911,8846,72184,-81078,-8894,15931,-15883,48
2018-09-12T22:00:00Z,2.685,2.7175,2.673,2.6765,NaN,NaN,NaN,NaN,431.5,434.45,428,428.75,94757,-85911,8846,72184,-81078,-8894,15931,-15883,48,NaN,NaN,NaN,NaN,230351,94757,-85911,8846,72184,-81078,-8894,15931,-15883,48
2018-09-13T22:00:00Z,2.6765,2.699,2.6075,2.613,NaN,NaN,NaN,NaN,430.5,432.45,423,423.95,94757,-85911,8846,72184,-81078,-8894,15931,-15883,48,NaN,NaN,NaN,NaN,230351,94757,-85911,8846,72184,-81078,-8894,15931,-15883,48
2018-09-16T22:00:00Z,2.615,2.6575,2.606,2.649,NaN,NaN,NaN,NaN,424.3,430.35,424.15,429.75,94757,-85911,8846,72184,-81078,-8894,15931,-15883,48,NaN,NaN,NaN,NaN,230351,94757,-85911,8846,72184,-81078,-8894,15931,-15883,48
2018-09-17T22:00:00Z,2.6505,2.74,2.588,2.7375,NaN,NaN,NaN,NaN,430.5,443.95,427.4,442,92483,-90602,1881,74577,-74768,-191,15091,-16781,-1690,NaN,NaN,NaN,NaN,235543,92483,-90602,1881,74577,-74768,-191,15091,-16781,-1690
2018-09-18T22:00:00Z,2.736,2.7535,2.717,2.7275,NaN,NaN,NaN,NaN,443.4,446.3,437.1,437.6,92483,-90602,1881,74577,-74768,-191,15091,-16781,-1690,NaN,NaN,NaN,NaN,235543,92483,-90602,1881,74577,-74768,-191,15091,-16781,-1690
2018-09-19T22:00:00Z,2.727,2.78,2.7065,2.7655,NaN,NaN,NaN,NaN,436.7,439.2,434.8,438.85,92483,-90602,1881,74577,-74768,-191,15091,-16781,-1690,NaN,NaN,NaN,NaN,235543,92483,-90602,1881,74577,-74768,-191,15091,-16781,-1690
2018-09-20T22:00:00Z,2.762,2.871,2.752,2.8445,NaN,NaN,NaN,NaN,439.5,461.5,439.5,458.15,92483,-90602,1881,74577,-74768,-191,15091,-16781,-1690,NaN,NaN,NaN,NaN,235543,92483,-90602,1881,74577,-74768,-191,15091,-16781,-1690
2018-09-23T22:00:00Z,2.8415,2.867,2.8225,2.8245,NaN,NaN,NaN,NaN,457,463.25,456.7,459.1,92483,-90602,1881,74577,-74768,-191,15091,-16781,-1690,NaN,NaN,NaN,NaN,235543,92483,-90602,1881,74577,-74768,-191,15091,-16781,-1690
2018-09-24T22:00:00Z,2.824,2.848,2.789,2.822,NaN,NaN,NaN,NaN,458.5,460.35,453.3,457.35,89179,-100907,-11728,77987,-66883,11104,15124,-14500,624,NaN,NaN,NaN,NaN,237120,89179,-100907,-11728,77987,-66883,11104,15124,-14500,624
2018-09-25T22:00:00Z,2.823,2.842,2.8125,2.818,NaN,NaN,NaN,NaN,457.55,458.95,455.1,456.6,89179,-100907,-11728,77987,-66883,11104,15124,-14500,624,NaN,NaN,NaN,NaN,237120,89179,-100907,-11728,77987,-66883,11104,15124,-14500,624
2018-09-26T22:00:00Z,2.816,2.828,2.7635,2.776,NaN,NaN,NaN,NaN,455.5,455.5,446,448.35,89179,-100907,-11728,77987,-66883,11104,15124,-14500,624,NaN,NaN,NaN,NaN,237120,89179,-100907,-11728,77987,-66883,11104,15124,-14500,624
2018-09-27T22:00:00Z,2.774,2.813,2.763,2.803,NaN,NaN,NaN,NaN,449.9,453.95,446.65,452.95,89179,-100907,-11728,77987,-66883,11104,15124,-14500,624,NaN,NaN,NaN,NaN,237120,89179,-100907,-11728,77987,-66883,11104,15124,-14500,624
2018-09-30T22:00:00Z,2.801,2.8225,2.7555,2.785,NaN,NaN,NaN,NaN,451,456.85,446.4,454.95,89179,-100907,-11728,77987,-66883,11104,15124,-14500,624,NaN,NaN,NaN,NaN,237120,89179,-100907,-11728,77987,-66883,11104,15124,-14500,624
2018-10-01T22:00:00Z,2.7845,2.8525,2.76,2.7995,NaN,NaN,NaN,NaN,NaN,NaN,NaN,NaN,91956,-105228,-13272,77360,-65385,11975,15017,-13720,1297,NaN,NaN,NaN,NaN,234368,91956,-105228,-13272,77360,-65385,11975,15017,-13720,1297
2018-10-02T22:00:00Z,2.8,2.8395,2.7965,2.8245,NaN,NaN,NaN,NaN,458.4,465.5,455.65,464.7,91956,-105228,-13272,77360,-65385,11975,15017,-13720,1297,NaN,NaN,NaN,NaN,234368,91956,-105228,-13272,77360,-65385,11975,15017,-13720,1297
2018-10-03T22:00:00Z,2.823,2.8665,2.7715,2.7855,NaN,NaN,NaN,NaN,465.1,469.35,455.65,457.2,91956,-105228,-13272,77360,-65385,11975,15017,-13720,1297,NaN,NaN,NaN,NaN,234368,91956,-105228,-13272,77360,-65385,11975,15017,-13720,1297
2018-10-04T22:00:00Z,2.7895,2.7945,2.7455,2.759,NaN,NaN,NaN,NaN,455.5,459.8,452.05,456.55,91956,-105228,-13272,77360,-65385,11975,15017,-13720,1297,NaN,NaN,NaN,NaN,234368,91956,-105228,-13272,77360,-65385,11975,15017,-13720,1297
2018-10-07T22:00:00Z,2.7685,2.781,2.735,2.771,NaN,NaN,NaN,NaN,454.05,458,451.7,456.1,91956,-105228,-13272,77360,-65385,11975,15017,-13720,1297,NaN,NaN,NaN,NaN,234368,91956,-105228,-13272,77360,-65385,11975,15017,-13720,1297
2018-10-08T22:00:00Z,2.7685,2.8185,2.7505,2.8115,NaN,NaN,NaN,NaN,458,463.6,454.9,463.2,104463,-113387,-8924,73094,-64847,8247,14808,-14131,677,NaN,NaN,NaN,NaN,235478,104463,-113387,-8924,73094,-64847,8247,14808,-14131,677
2018-10-09T22:00:00Z,2.814,2.82,2.741,2.749,NaN,NaN,NaN,NaN,462.95,464.4,458.1,458.7,104463,-113387,-8924,73094,-64847,8247,14808,-14131,677,NaN,NaN,NaN,NaN,235478,104463,-113387,-8924,73094,-64847,8247,14808,-14131,677
2018-10-10T22:00:00Z,2.749,2.816,2.713,2.775,NaN,NaN,NaN,NaN,458,461.5,447.5,459.25,104463,-113387,-8924,73094,-64847,8247,14808,-14131,677,NaN,NaN,NaN,NaN,235478,104463,-113387,-8924,73094,-64847,8247,14808,-14131,677
2018-10-11T22:00:00Z,2.7755,2.8325,2.7745,2.812,NaN,NaN,NaN,NaN,458.2,462.85,456.8,459.55,104463,-113387,-8924,73094,-64847,8247,14808,-14131,677,NaN,NaN,NaN,NaN,235478,104463,-113387,-8924,73094,-64847,8247,14808,-14131,677
2018-10-14T22:00:00Z,2.8085,2.839,2.772,2.779,NaN,NaN,NaN,NaN,460.7,464.75,456.5,457.05,104463,-113387,-8924,73094,-64847,8247,14808,-14131,677,NaN,NaN,NaN,NaN,235478,104463,-113387,-8924,73094,-64847,8247,14808,-14131,677
2018-10-15T22:00:00Z,2.7795,2.793,2.758,2.7835,NaN,NaN,NaN,NaN,455.9,456.3,451.25,452.55,107788,-116746,-8958,71672,-62754,8918,14323,-14283,40,NaN,NaN,NaN,NaN,237336,107788,-116746,-8958,71672,-62754,8918,14323,-14283,40
2018-10-16T22:00:00Z,2.7815,2.8045,2.754,2.7765,NaN,NaN,NaN,NaN,452,457.1,449.35,452.7,107788,-116746,-8958,71672,-62754,8918,14323,-14283,40,NaN,NaN,NaN,NaN,237336,107788,-116746,-8958,71672,-62754,8918,14323,-14283,40
2018-10-17T22:00:00Z,2.775,2.782,2.726,2.731,NaN,NaN,NaN,NaN,449.1,450.35,445.55,447.8,107788,-116746,-8958,71672,-62754,8918,14323,-14283,40,NaN,NaN,NaN,NaN,237336,107788,-116746,-8958,71672,-62754,8918,14323,-14283,40
2018-10-18T22:00:00Z,2.7325,2.788,2.728,2.7815,NaN,NaN,NaN,NaN,447.5,453.65,447.15,453,107788,-116746,-8958,71672,-62754,8918,14323,-14283,40,NaN,NaN,NaN,NaN,237336,107788,-116746,-8958,71672,-62754,8918,14323,-14283,40
2018-10-21T22:00:00Z,2.777,2.8335,2.7725,2.781,NaN,NaN,NaN,NaN,454.5,460.5,454.1,454.7,107788,-116746,-8958,71672,-62754,8918,14323,-14283,40,NaN,NaN,NaN,NaN,237336,107788,-116746,-8958,71672,-62754,8918,14323,-14283,40
2018-10-22T22:00:00Z,2.778,2.785,2.739,2.76,NaN,NaN,NaN,NaN,453.7,454.3,447.55,449.15,108348,-118358,-10010,70970,-61623,9347,14678,-14015,663,NaN,NaN,NaN,NaN,246254,108348,-118358,-10010,70970,-61623,9347,14678,-14015,663
2018-10-23T22:00:00Z,2.761,2.804,2.743,2.746,NaN,NaN,NaN,NaN,450.2,453.95,447,447.9,108348,-118358,-10010,70970,-61623,9347,14678,-14015,663,NaN,NaN,NaN,NaN,246254,108348,-118358,-10010,70970,-61623,9347,14678,-14015,663
2018-10-24T22:00:00Z,2.747,2.7735,2.7155,2.7545,NaN,NaN,NaN,NaN,446.8,450.25,441.55,447.8,108348,-118358,-10010,70970,-61623,9347,14678,-14015,663,NaN,NaN,NaN,NaN,246254,108348,-118358,-10010,70970,-61623,9347,14678,-14015,663
2018-10-25T22:00:00Z,2.7525,2.754,2.7075,2.7485,NaN,NaN,NaN,NaN,445.5,445.5,440.65,444.7,108348,-118358,-10010,70970,-61623,9347,14678,-14015,663,NaN,NaN,NaN,NaN,246254,108348,-118358,-10010,70970,-61623,9347,14678,-14015,663
2018-10-28T22:00:00Z,2.747,2.78,2.69,2.7115,NaN,NaN,NaN,NaN,445.5,451.2,444.05,445.35,108348,-118358,-10010,70970,-61623,9347,14678,-14015,663,NaN,NaN,NaN,NaN,246254,108348,-118358,-10010,70970,-61623,9347,14678,-14015,663
2018-10-29T22:00:00Z,2.7085,2.733,2.6615,2.671,NaN,NaN,NaN,NaN,444.5,445.2,434.15,434.7,113891,-116212,-2321,71620,-70953,667,14981,-13327,1654,NaN,NaN,NaN,NaN,256266,113891,-116212,-2321,71620,-70953,667,14981,-13327,1654
2018-10-30T22:00:00Z,2.673,2.6805,2.646,2.6535,NaN,NaN,NaN,NaN,436.1,439.5,434.35,435.7,113891,-116212,-2321,71620,-70953,667,14981,-13327,1654,NaN,NaN,NaN,NaN,256266,113891,-116212,-2321,71620,-70953,667,14981,-13327,1654
2018-10-31T22:00:00Z,2.6545,2.7275,2.6425,2.719,NaN,NaN,NaN,NaN,437,441.7,432.35,440.75,113891,-116212,-2321,71620,-70953,667,14981,-13327,1654,NaN,NaN,NaN,NaN,256266,113891,-116212,-2321,71620,-70953,667,14981,-13327,1654
2018-11-01T22:00:00Z,2.7205,2.82,2.702,2.818,NaN,NaN,NaN,NaN,439.5,452.7,437.3,451.25,113891,-116212,-2321,71620,-70953,667,14981,-13327,1654,NaN,NaN,NaN,NaN,256266,113891,-116212,-2321,71620,-70953,667,14981,-13327,1654
2018-11-04T23:00:00Z,2.82,2.8235,2.745,2.7515,NaN,NaN,NaN,NaN,450,452,443.35,444.55,113891,-116212,-2321,71620,-70953,667,14981,-13327,1654,NaN,NaN,NaN,NaN,256266,113891,-116212,-2321,71620,-70953,667,14981,-13327,1654
2018-11-05T23:00:00Z,2.7525,2.777,2.724,2.733,NaN,NaN,NaN,NaN,444.1,447.85,441.05,441.55,100517,-107294,-6777,73447,-67061,6386,13248,-12857,391,NaN,NaN,NaN,NaN,247313,100517,-107294,-6777,73447,-67061,6386,13248,-12857,391
2018-11-06T23:00:00Z,2.73,2.773,2.728,2.743,NaN,NaN,NaN,NaN,442.8,443.2,442.2,442.55,100517,-107294,-6777,73447,-67061,6386,13248,-12857,391,NaN,NaN,NaN,NaN,247313,100517,-107294,-6777,73447,-67061,6386,13248,-12857,391
2018-11-07T23:00:00Z,2.741,2.748,2.703,2.732,NaN,NaN,NaN,NaN,440.5,440.5,433.65,439.05,100517,-107294,-6777,73447,-67061,6386,13248,-12857,391,NaN,NaN,NaN,NaN,247313,100517,-107294,-6777,73447,-67061,6386,13248,-12857,391
2018-11-08T23:00:00Z,2.7295,2.7315,2.677,2.6785,NaN,NaN,NaN,NaN,438.2,438.2,429.7,431.25,100517,-107294,-6777,73447,-67061,6386,13248,-12857,391,NaN,NaN,NaN,NaN,247313,100517,-107294,-6777,73447,-67061,6386,13248,-12857,391
2018-11-11T23:00:00Z,2.681,2.7,2.6655,2.6685,NaN,NaN,NaN,NaN,433.5,435.45,431.4,431.55,100517,-107294,-6777,73447,-67061,6386,13248,-12857,391,NaN,NaN,NaN,NaN,247313,100517,-107294,-6777,73447,-67061,6386,13248,-12857,391
2018-11-12T23:00:00Z,2.667,2.7485,2.6625,2.682,NaN,NaN,NaN,NaN,432.3,441.4,428.35,430.05,99593,-103345,-3752,73469,-70054,3415,13995,-13658,337,NaN,NaN,NaN,NaN,241052,99593,-103345,-3752,73469,-70054,3415,13995,-13658,337
2018-11-13T23:00:00Z,2.6835,2.722,2.664,2.7105,NaN,NaN,NaN,NaN,428.5,433.95,425.7,432.5,99593,-103345,-3752,73469,-70054,3415,13995,-13658,337,NaN,NaN,NaN,NaN,241052,99593,-103345,-3752,73469,-70054,3415,13995,-13658,337
2018-11-14T23:00:00Z,2.711,2.766,2.703,2.745,NaN,NaN,NaN,NaN,433.5,440,432.7,436.65,99593,-103345,-3752,73469,-70054,3415,13995,-13658,337,NaN,NaN,NaN,NaN,241052,99593,-103345,-3752,73469,-70054,3415,13995,-13658,337
2018-11-15T23:00:00Z,2.744,2.8025,2.733,2.7905,NaN,NaN,NaN,NaN,437.4,444.2,434.15,442.9,99593,-103345,-3752,73469,-70054,3415,13995,-13658,337,NaN,NaN,NaN,NaN,241052,99593,-103345,-3752,73469,-70054,3415,13995,-13658,337
2018-11-18T23:00:00Z,2.783,2.8095,2.76,2.7995,NaN,NaN,NaN,NaN,441.5,443,438,441.35,99593,-103345,-3752,73469,-70054,3415,13995,-13658,337,NaN,NaN,NaN,NaN,241052,99593,-103345,-3752,73469,-70054,3415,13995,-13658,337
2018-11-19T23:00:00Z,2.799,2.846,2.74,2.758,NaN,NaN,NaN,NaN,440,448.7,435.3,435.6,86869,-99993,-13124,80698,-68096,12602,13645,-13123,522,NaN,NaN,NaN,NaN,229249,86869,-99993,-13124,80698,-68096,12602,13645,-13123,522
2018-11-20T23:00:00Z,2.758,2.804,2.754,2.786,NaN,NaN,NaN,NaN,435.9,440.95,435.1,438.55,86869,-99993,-13124,80698,-68096,12602,13645,-13123,522,NaN,NaN,NaN,NaN,229249,86869,-99993,-13124,80698,-68096,12602,13645,-13123,522
2018-11-21T23:00:00Z,2.8,2.8025,2.751,2.7525,NaN,NaN,NaN,NaN,435.5,435.5,428.75,429.85,86869,-99993,-13124,80698,-68096,12602,13645,-13123,522,NaN,NaN,NaN,NaN,229249,86869,-99993,-13124,80698,-68096,12602,13645,-13123,522
2018-11-25T23:00:00Z,2.759,2.7815,2.737,2.745,NaN,NaN,NaN,NaN,429.75,433.8,428.15,430.45,86869,-99993,-13124,80698,-68096,12602,13645,-13123,522,NaN,NaN,NaN,NaN,229249,86869,-99993,-13124,80698,-68096,12602,13645,-13123,522
2018-11-26T23:00:00Z,2.746,2.7515,2.7055,2.7145,NaN,NaN,NaN,NaN,429.65,430.2,423.8,424.8,85277,-95513,-10236,76742,-66050,10692,13362,-13818,-456,NaN,NaN,NaN,NaN,220177,85277,-95513,-10236,76742,-66050,10692,13362,-13818,-456
2018-11-27T23:00:00Z,2.7165,2.8025,2.7145,2.789,NaN,NaN,NaN,NaN,425.9,435.65,424.95,434.85,85277,-95513,-10236,76742,-66050,10692,13362,-13818,-456,NaN,NaN,NaN,NaN,220177,85277,-95513,-10236,76742,-66050,10692,13362,-13818,-456
2018-11-28T23:00:00Z,2.809,2.8135,2.779,2.789,NaN,NaN,NaN,NaN,441,441,433.1,433.75,85277,-95513,-10236,76742,-66050,10692,13362,-13818,-456,NaN,NaN,NaN,NaN,220177,85277,-95513,-10236,76742,-66050,10692,13362,-13818,-456
2018-11-29T23:00:00Z,2.7895,2.801,2.7685,2.792,NaN,NaN,NaN,NaN,435.3,436.5,431.4,433.1,85277,-95513,-10236,76742,-66050,10692,13362,-13818,-456,NaN,NaN,NaN,NaN,220177,85277,-95513,-10236,76742,-66050,10692,13362,-13818,-456
2018-12-02T23:00:00Z,2.85,2.858,2.7875,2.7915,NaN,NaN,NaN,NaN,434.5,447.5,434.5,441.6,85277,-95513,-10236,76742,-66050,10692,13362,-13818,-456,NaN,NaN,NaN,NaN,220177,85277,-95513,-10236,76742,-66050,10692,13362,-13818,-456
2018-12-03T23:00:00Z,2.795,2.823,2.75,2.758,NaN,NaN,NaN,NaN,441.6,443.9,433.15,434.5,84955,-96808,-11853,75348,-64665,10683,13817,-12647,1170,NaN,NaN,NaN,NaN,216791,84955,-96808,-11853,75348,-64665,10683,13817,-12647,1170
2018-12-04T23:00:00Z,2.7595,2.7775,2.745,2.773,NaN,NaN,NaN,NaN,435.5,437.65,432.1,437.2,84955,-96808,-11853,75348,-64665,10683,13817,-12647,1170,NaN,NaN,NaN,NaN,216791,84955,-96808,-11853,75348,-64665,10683,13817,-12647,1170
2018-12-05T23:00:00Z,2.771,2.771,2.708,2.7475,NaN,NaN,NaN,NaN,433.85,435.1,428.2,431.65,84955,-96808,-11853,75348,-64665,10683,13817,-12647,1170,NaN,NaN,NaN,NaN,216791,84955,-96808,-11853,75348,-64665,10683,13817,-12647,1170
2018-12-06T23:00:00Z,2.7505,2.775,2.742,2.7485,NaN,NaN,NaN,NaN,432.45,439.4,432.25,438.45,84955,-96808,-11853,75348,-64665,10683,13817,-12647,1170,NaN,NaN,NaN,NaN,216791,84955,-96808,-11853,75348,-64665,10683,13817,-12647,1170
2018-12-09T23:00:00Z,2.7365,2.7545,2.715,2.731,NaN,NaN,NaN,NaN,436.6,444.35,434.3,440.55,84955,-96808,-11853,75348,-64665,10683,13817,-12647,1170,NaN,NaN,NaN,NaN,216791,84955,-96808,-11853,75348,-64665,10683,13817,-12647,1170
2018-12-10T23:00:00Z,2.733,2.7805,2.726,2.763,NaN,NaN,NaN,NaN,442.5,447.8,437.1,446.2,79614,-86420,-6806,72307,-65060,7247,13135,-13576,-441,NaN,NaN,NaN,NaN,208742,79614,-86420,-6806,72307,-65060,7247,13135,-13576,-441
2018-12-11T23:00:00Z,2.763,2.779,2.7555,2.764,NaN,NaN,NaN,NaN,445.1,445.8,442.1,442.85,79614,-86420,-6806,72307,-65060,7247,13135,-13576,-441,NaN,NaN,NaN,NaN,208742,79614,-86420,-6806,72307,-65060,7247,13135,-13576,-441
2018-12-12T23:00:00Z,2.767,2.8035,2.763,2.7675,NaN,NaN,NaN,NaN,444.1,447.2,441,441.3,79614,-86420,-6806,72307,-65060,7247,13135,-13576,-441,NaN,NaN,NaN,NaN,208742,79614,-86420,-6806,72307,-65060,7247,13135,-13576,-441
2018-12-13T23:00:00Z,2.768,2.77,2.728,2.7535,NaN,NaN,NaN,NaN,440,442.9,437.1,441.7,79614,-86420,-6806,72307,-65060,7247,13135,-13576,-441,NaN,NaN,NaN,NaN,208742,79614,-86420,-6806,72307,-65060,7247,13135,-13576,-441
2018-12-16T23:00:00Z,2.7535,2.7595,2.7195,2.743,NaN,NaN,NaN,NaN,440.45,440.8,434.05,438.8,79614,-86420,-6806,72307,-65060,7247,13135,-13576,-441,NaN,NaN,NaN,NaN,208742,79614,-86420,-6806,72307,-65060,7247,13135,-13576,-441
2018-12-17T23:00:00Z,2.743,2.7525,2.6515,2.6525,NaN,NaN,NaN,NaN,436,436,417.05,417.5,79125,-77461,1664,76807,-79485,-2678,15030,-14016,1014,NaN,NaN,NaN,NaN,214050,79125,-77461,1664,76807,-79485,-2678,15030,-14016,1014
2018-12-18T23:00:00Z,2.6545,2.7195,2.654,2.675,NaN,NaN,NaN,NaN,418.35,425.55,417.75,424.7,79125,-77461,1664,76807,-79485,-2678,15030,-14016,1014,NaN,NaN,NaN,NaN,214050,79125,-77461,1664,76807,-79485,-2678,15030,-14016,1014
2018-12-19T23:00:00Z,2.677,2.71,2.65,2.703,NaN,NaN,NaN,NaN,422.2,422.45,415.9,419.35,79125,-77461,1664,76807,-79485,-2678,15030,-14016,1014,NaN,NaN,NaN,NaN,214050,79125,-77461,1664,76807,-79485,-2678,15030,-14016,1014
2018-12-20T23:00:00Z,2.701,2.712,2.664,2.667,NaN,NaN,NaN,NaN,419.9,422.7,416.85,417.35,79125,-77461,1664,76807,-79485,-2678,15030,-14016,1014,NaN,NaN,NaN,NaN,214050,79125,-77461,1664,76807,-79485,-2678,15030,-14016,1014
2018-12-23T23:00:00Z,2.6675,2.681,2.65,2.6615,NaN,NaN,NaN,NaN,418.45,419.5,413.6,415.3,85467,-76253,9214,73635,-83487,-9852,14427,-13789,638,NaN,NaN,NaN,NaN,218191,85467,-76253,9214,73635,-83487,-9852,14427,-13789,638
2018-12-25T23:00:00Z,2.671,2.728,2.642,2.701,NaN,NaN,NaN,NaN,413.65,424.4,411.8,421.05,85467,-76253,9214,73635,-83487,-9852,14427,-13789,638,NaN,NaN,NaN,NaN,218191,85467,-76253,9214,73635,-83487,-9852,14427,-13789,638
2018-12-26T23:00:00Z,2.702,2.707,2.658,2.6825,NaN,NaN,NaN,NaN,422,423.15,415.2,416.25,85467,-76253,9214,73635,-83487,-9852,14427,-13789,638,NaN,NaN,NaN,NaN,218191,85467,-76253,9214,73635,-83487,-9852,14427,-13789,638
2018-12-27T23:00:00Z,2.6815,2.7255,2.671,2.6775,NaN,NaN,NaN,NaN,419.5,424.7,416.6,417.3,85467,-76253,9214,73635,-83487,-9852,14427,-13789,638,NaN,NaN,NaN,NaN,218191,85467,-76253,9214,73635,-83487,-9852,14427,-13789,638
2018-12-30T23:00:00Z,2.678,2.7035,2.6245,2.643,NaN,NaN,NaN,NaN,418.9,420.4,407,407.75,87902,-78511,9391,74541,-84889,-10348,14834,-13877,957,NaN,NaN,NaN,NaN,224760,87902,-78511,9391,74541,-84889,-10348,14834,-13877,957
2019-01-01T23:00:00Z,2.642,2.675,2.5945,2.604,NaN,NaN,NaN,NaN,410,412.6,404.7,407.8,87902,-78511,9391,74541,-84889,-10348,14834,-13877,957,NaN,NaN,NaN,NaN,224760,87902,-78511,9391,74541,-84889,-10348,14834,-13877,957
2019-01-02T23:00:00Z,2.6015,2.6205,2.543,2.576,NaN,NaN,NaN,NaN,408.6,410,397.4,400.3,87902,-78511,9391,74541,-84889,-10348,14834,-13877,957,NaN,NaN,NaN,NaN,224760,87902,-78511,9391,74541,-84889,-10348,14834,-13877,957
2019-01-03T23:00:00Z,2.576,2.655,2.567,2.643,NaN,NaN,NaN,NaN,402.55,409.9,402,409.6,87902,-78511,9391,74541,-84889,-10348,14834,-13877,957,NaN,NaN,NaN,NaN,224760,87902,-78511,9391,74541,-84889,-10348,14834,-13877,957
2019-01-06T23:00:00Z,2.65,2.6595,2.6315,2.6365,NaN,NaN,NaN,NaN,409.2,411.8,406.65,409.75,87902,-78511,9391,74541,-84889,-10348,14834,-13877,957,NaN,NaN,NaN,NaN,224760,87902,-78511,9391,74541,-84889,-10348,14834,-13877,957
2019-01-07T23:00:00Z,2.638,2.658,2.6235,2.6505,NaN,NaN,NaN,NaN,409.6,414.35,408.55,413.4,100974,-81951,19023,72344,-91796,-19452,15290,-14861,429,NaN,NaN,NaN,NaN,242731,100974,-81951,19023,72344,-91796,-19452,15290,-14861,429
2019-01-08T23:00:00Z,2.6515,2.6865,2.6485,2.66,NaN,NaN,NaN,NaN,415,421.2,414.55,417.25,100974,-81951,19023,72344,-91796,-19452,15290,-14861,429,NaN,NaN,NaN,NaN,242731,100974,-81951,19023,72344,-91796,-19452,15290,-14861,429
2019-01-09T23:00:00Z,2.66,2.6705,2.629,2.636,NaN,NaN,NaN,NaN,417.2,418.8,411.75,412.4,100974,-81951,19023,72344,-91796,-19452,15290,-14861,429,NaN,NaN,NaN,NaN,242731,100974,-81951,19023,72344,-91796,-19452,15290,-14861,429
2019-01-10T23:00:00Z,2.635,2.667,2.6335,2.657,NaN,NaN,NaN,NaN,415.05,417.8,412.85,415.9,100974,-81951,19023,72344,-91796,-19452,15290,-14861,429,NaN,NaN,NaN,NaN,242731,100974,-81951,19023,72344,-91796,-19452,15290,-14861,429
2019-01-13T23:00:00Z,2.6535,2.661,2.6165,2.6295,NaN,NaN,NaN,NaN,414,415.1,411.6,414.2,100974,-81951,19023,72344,-91796,-19452,15290,-14861,429,NaN,NaN,NaN,NaN,242731,100974,-81951,19023,72344,-91796,-19452,15290,-14861,429
2019-01-14T23:00:00Z,2.63,2.664,2.63,2.6405,NaN,NaN,NaN,NaN,415.7,419.5,415.7,416.5,120431,-93526,26905,75666,-103258,-27592,15488,-14801,687,NaN,NaN,NaN,NaN,271303,120431,-93526,26905,75666,-103258,-27592,15488,-14801,687
2019-01-15T23:00:00Z,2.641,2.68,2.636,2.6705,NaN,NaN,NaN,NaN,417.6,423.45,417.6,421.45,120431,-93526,26905,75666,-103258,-27592,15488,-14801,687,NaN,NaN,NaN,NaN,271303,120431,-93526,26905,75666,-103258,-27592,15488,-14801,687
2019-01-16T23:00:00Z,2.6715,2.712,2.6585,2.697,NaN,NaN,NaN,NaN,422.95,424.35,419.35,423.25,120431,-93526,26905,75666,-103258,-27592,15488,-14801,687,NaN,NaN,NaN,NaN,271303,120431,-93526,26905,75666,-103258,-27592,15488,-14801,687
2019-01-17T23:00:00Z,2.697,2.727,2.6865,2.712,NaN,NaN,NaN,NaN,424.5,430.8,424.5,429.35,120431,-93526,26905,75666,-103258,-27592,15488,-14801,687,NaN,NaN,NaN,NaN,271303,120431,-93526,26905,75666,-103258,-27592,15488,-14801,687
2019-01-20T23:00:00Z,2.715,2.7155,2.6505,2.663,NaN,NaN,NaN,NaN,423.2,424.4,419.5,420.15,120315,-98092,22223,76080,-100605,-24525,16277,-13975,2302,NaN,NaN,NaN,NaN,271968,120315,-98092,22223,76080,-100605,-24525,16277,-13975,2302
2019-01-22T23:00:00Z,2.663,2.6765,2.648,2.6555,NaN,NaN,NaN,NaN,420.6,423.15,418.65,419.25,120315,-98092,22223,76080,-100605,-24525,16277,-13975,2302,NaN,NaN,NaN,NaN,271968,120315,-98092,22223,76080,-100605,-24525,16277,-13975,2302
2019-01-23T23:00:00Z,2.6535,2.664,2.6345,2.6465,NaN,NaN,NaN,NaN,419.4,420.7,414.1,416.75,120315,-98092,22223,76080,-100605,-24525,16277,-13975,2302,NaN,NaN,NaN,NaN,271968,120315,-98092,22223,76080,-100605,-24525,16277,-13975,2302
2019-01-24T23:00:00Z,2.645,2.737,2.6445,2.733,NaN,NaN,NaN,NaN,418.45,428.9,417.85,428.5,120315,-98092,22223,76080,-100605,-24525,16277,-13975,2302,NaN,NaN,NaN,NaN,271968,120315,-98092,22223,76080,-100605,-24525,16277,-13975,2302
2019-01-27T23:00:00Z,2.733,2.7335,2.676,2.679,NaN,NaN,NaN,NaN,427.45,429.5,421.75,422.5,120315,-98092,22223,76080,-100605,-24525,16277,-13975,2302,NaN,NaN,NaN,NaN,271968,120315,-98092,22223,76080,-100605,-24525,16277,-13975,2302
2019-01-28T23:00:00Z,2.6805,2.7255,2.6785,2.721,NaN,NaN,NaN,NaN,424,431.35,423.45,430.75,110333,-90057,20276,76124,-98037,-21913,15587,-13950,1637,NaN,NaN,NaN,NaN,265588,110333,-90057,20276,76124,-98037,-21913,15587,-13950,1637
2019-01-29T23:00:00Z,2.721,2.7865,2.7165,2.774,NaN,NaN,NaN,NaN,430.95,438.35,429.7,436.7,110333,-90057,20276,76124,-98037,-21913,15587,-13950,1637,NaN,NaN,NaN,NaN,265588,110333,-90057,20276,76124,-98037,-21913,15587,-13950,1637
2019-01-30T23:00:00Z,2.775,2.797,2.766,2.785,NaN,NaN,NaN,NaN,436.25,439.9,435.5,437.6,110333,-90057,20276,76124,-98037,-21913,15587,-13950,1637,NaN,NaN,NaN,NaN,265588,110333,-90057,20276,76124,-98037,-21913,15587,-13950,1637
2019-01-31T23:00:00Z,2.7825,2.7855,2.7535,2.771,NaN,NaN,NaN,NaN,435.5,439.85,434.45,438.75,110333,-90057,20276,76124,-98037,-21913,15587,-13950,1637,NaN,NaN,NaN,NaN,265588,110333,-90057,20276,76124,-98037,-21913,15587,-13950,1637
2019-02-03T23:00:00Z,2.77,2.802,2.7505,2.8,NaN,NaN,NaN,NaN,438.4,444.5,437.2,444.05,110333,-90057,20276,76124,-98037,-21913,15587,-13950,1637,NaN,NaN,NaN,NaN,265588,110333,-90057,20276,76124,-98037,-21913,15587,-13950,1637
2019-02-04T23:00:00Z,2.8025,2.8245,2.797,2.8175,NaN,NaN,NaN,NaN,445,447.5,444.2,445.85,87263,-81622,5641,79336,-85418,-6082,15092,-14651,441,NaN,NaN,NaN,NaN,245629,87263,-81622,5641,79336,-85418,-6082,15092,-14651,441
2019-02-05T23:00:00Z,2.8175,2.848,2.813,2.824,NaN,NaN,NaN,NaN,447.3,451.35,446.55,449.15,87263,-81622,5641,79336,-85418,-6082,15092,-14651,441,NaN,NaN,NaN,NaN,245629,87263,-81622,5641,79336,-85418,-6082,15092,-14651,441
2019-02-06T23:00:00Z,2.826,2.8505,2.822,2.831,NaN,NaN,NaN,NaN,448.9,450.3,446.05,446.3,87263,-81622,5641,79336,-85418,-6082,15092,-14651,441,NaN,NaN,NaN,NaN,245629,87263,-81622,5641,79336,-85418,-6082,15092,-14651,441
2019-02-07T23:00:00Z,2.8335,2.838,2.806,2.8135,NaN,NaN,NaN,NaN,445.15,447,442.3,442.7,87263,-81622,5641,79336,-85418,-6082,15092,-14651,441,NaN,NaN,NaN,NaN,245629,87263,-81622,5641,79336,-85418,-6082,15092,-14651,441
2019-02-10T23:00:00Z,2.8085,2.813,2.774,2.788,NaN,NaN,NaN,NaN,442.1,442.1,437.45,439.3,87263,-81622,5641,79336,-85418,-6082,15092,-14651,441,NaN,NaN,NaN,NaN,245629,87263,-81622,5641,79336,-85418,-6082,15092,-14651,441
2019-02-11T23:00:00Z,2.7895,2.796,2.7575,2.7735,NaN,NaN,NaN,NaN,439,439.6,430.65,432.6,81616,-83574,-1958,82926,-81723,1203,16263,-15508,755,NaN,NaN,NaN,NaN,245475,81616,-83574,-1958,82926,-81723,1203,16263,-15508,755
2019-02-12T23:00:00Z,2.775,2.7875,2.766,2.7785,NaN,NaN,NaN,NaN,433.65,436.05,432.3,434.75,81616,-83574,-1958,82926,-81723,1203,16263,-15508,755,NaN,NaN,NaN,NaN,245475,81616,-83574,-1958,82926,-81723,1203,16263,-15508,755
2019-02-13T23:00:00Z,2.778,2.802,2.7535,2.7705,NaN,NaN,NaN,NaN,434.6,440.3,433.5,435.05,81616,-83574,-1958,82926,-81723,1203,16263,-15508,755,NaN,NaN,NaN,NaN,245475,81616,-83574,-1958,82926,-81723,1203,16263,-15508,755
2019-02-14T23:00:00Z,2.771,2.8215,2.7515,2.815,NaN,NaN,NaN,NaN,434.4,442.6,433.8,441.8,81616,-83574,-1958,82926,-81723,1203,16263,-15508,755,NaN,NaN,NaN,NaN,245475,81616,-83574,-1958,82926,-81723,1203,16263,-15508,755
2019-02-17T23:00:00Z,2.813,2.878,2.8035,2.8735,NaN,NaN,NaN,NaN,449.05,452.9,445.9,452.5,84008,-86445,-2437,84724,-83846,878,15823,-14264,1559,NaN,NaN,NaN,NaN,253256,84008,-86445,-2437,84724,-83846,878,15823,-14264,1559
2019-02-19T23:00:00Z,2.874,2.9245,2.869,2.9155,NaN,NaN,NaN,NaN,453.5,458.25,451.25,458,84008,-86445,-2437,84724,-83846,878,15823,-14264,1559,NaN,NaN,NaN,NaN,253256,84008,-86445,-2437,84724,-83846,878,15823,-14264,1559
2019-02-20T23:00:00Z,2.915,2.919,2.889,2.8995,NaN,NaN,NaN,NaN,456.85,457.45,453.75,455.35,84008,-86445,-2437,84724,-83846,878,15823,-14264,1559,NaN,NaN,NaN,NaN,253256,84008,-86445,-2437,84724,-83846,878,15823,-14264,1559
2019-02-21T23:00:00Z,2.899,2.9545,2.894,2.9495,NaN,NaN,NaN,NaN,454.85,463.35,454.85,462.35,84008,-86445,-2437,84724,-83846,878,15823,-14264,1559,NaN,NaN,NaN,NaN,253256,84008,-86445,-2437,84724,-83846,878,15823,-14264,1559
2019-02-24T23:00:00Z,2.9515,2.9765,2.9385,2.9455,NaN,NaN,NaN,NaN,462.4,466.75,459.35,460.15,84008,-86445,-2437,84724,-83846,878,15823,-14264,1559,NaN,NaN,NaN,NaN,253256,84008,-86445,-2437,84724,-83846,878,15823,-14264,1559
2019-02-25T23:00:00Z,2.948,2.958,2.9325,2.943,NaN,NaN,NaN,NaN,459,463.35,459,460.7,78308,-104929,-26621,96982,-74598,22384,18536,-14299,4237,NaN,NaN,NaN,NaN,256269,78308,-104929,-26621,96982,-74598,22384,18536,-14299,4237
2019-02-26T23:00:00Z,2.9495,2.9725,2.9345,2.9675,NaN,NaN,NaN,NaN,465.45,470.7,464.55,469.05,78308,-104929,-26621,96982,-74598,22384,18536,-14299,4237,NaN,NaN,NaN,NaN,256269,78308,-104929,-26621,96982,-74598,22384,18536,-14299,4237
2019-02-27T23:00:00Z,2.967,2.968,2.939,2.944,NaN,NaN,NaN,NaN,469.85,469.9,463.4,463.75,78308,-104929,-26621,96982,-74598,22384,18536,-14299,4237,NaN,NaN,NaN,NaN,256269,78308,-104929,-26621,96982,-74598,22384,18536,-14299,4237
2019-02-28T23:00:00Z,2.9435,2.977,2.9225,2.926,NaN,NaN,NaN,NaN,465,468.65,461.9,462.65,78308,-104929,-26621,96982,-74598,22384,18536,-14299,4237,NaN,NaN,NaN,NaN,256269,78308,-104929,-26621,96982,-74598,22384,18536,-14299,4237
2019-03-03T23:00:00Z,2.933,2.955,2.8965,2.9105,NaN,NaN,NaN,NaN,462,462,456.8,458.8,78308,-104929,-26621,96982,-74598,22384,18536,-14299,4237,NaN,NaN,NaN,NaN,256269,78308,-104929,-26621,96982,-74598,22384,18536,-14299,4237
2019-03-04T23:00:00Z,2.911,2.9515,2.9075,2.9365,NaN,NaN,NaN,NaN,462.4,462.65,459.1,460.35,80856,-114980,-34124,94231,-62975,31256,17712,-14844,2868,NaN,NaN,NaN,NaN,255162,80856,-114980,-34124,94231,-62975,31256,17712,-14844,2868
2019-03-05T23:00:00Z,2.9345,2.9445,2.9155,2.9255,NaN,NaN,NaN,NaN,459.65,460.45,454.5,455,80856,-114980,-34124,94231,-62975,31256,17712,-14844,2868,NaN,NaN,NaN,NaN,255162,80856,-114980,-34124,94231,-62975,31256,17712,-14844,2868
2019-03-06T23:00:00Z,2.9265,2.929,2.8945,2.914,NaN,NaN,NaN,NaN,455.1,455.1,451.5,454.1,80856,-114980,-34124,94231,-62975,31256,17712,-14844,2868,NaN,NaN,NaN,NaN,255162,80856,-114980,-34124,94231,-62975,31256,17712,-14844,2868
2019-03-07T23:00:00Z,2.9145,2.9185,2.8745,2.8995,NaN,NaN,NaN,NaN,452.2,453.1,447.2,450.15,80856,-114980,-34124,94231,-62975,31256,17712,-14844,2868,NaN,NaN,NaN,NaN,255162,80856,-114980,-34124,94231,-62975,31256,17712,-14844,2868
2019-03-10T22:00:00Z,2.8915,2.9115,2.884,2.907,NaN,NaN,NaN,NaN,451.9,451.9,448.1,450,80856,-114980,-34124,94231,-62975,31256,17712,-14844,2868,NaN,NaN,NaN,NaN,255162,80856,-114980,-34124,94231,-62975,31256,17712,-14844,2868
2019-03-11T22:00:00Z,2.9065,2.957,2.905,2.9315,NaN,NaN,NaN,NaN,451.5,457.1,451.5,452.75,84272,-113941,-29669,89572,-64005,25567,18284,-14182,4102,NaN,NaN,NaN,NaN,258881,84272,-113941,-29669,89572,-64005,25567,18284,-14182,4102
2019-03-12T22:00:00Z,2.9295,2.9395,2.9135,2.9325,NaN,NaN,NaN,NaN,452.95,455.75,450.2,452.8,84272,-113941,-29669,89572,-64005,25567,18284,-14182,4102,NaN,NaN,NaN,NaN,258881,84272,-113941,-29669,89572,-64005,25567,18284,-14182,4102
2019-03-13T22:00:00Z,2.9325,2.9345,2.882,2.8895,NaN,NaN,NaN,NaN,452.2,452.7,443.8,445.15,84272,-113941,-29669,89572,-64005,25567,18284,-14182,4102,NaN,NaN,NaN,NaN,258881,84272,-113941,-29669,89572,-64005,25567,18284,-14182,4102
2019-03-14T22:00:00Z,2.889,2.9245,2.884,2.9085,NaN,NaN,NaN,NaN,446.45,449,443.5,445.55,84272,-113941,-29669,89572,-64005,25567,18284,-14182,4102,NaN,NaN,NaN,NaN,258881,84272,-113941,-29669,89572,-64005,25567,18284,-14182,4102
2019-03-17T22:00:00Z,2.9095,2.9325,2.899,2.912,NaN,NaN,NaN,NaN,447.1,447.4,442.45,443.35,84272,-113941,-29669,89572,-64005,25567,18284,-14182,4102,NaN,NaN,NaN,NaN,258881,84272,-113941,-29669,89572,-64005,25567,18284,-14182,4102
2019-03-18T22:00:00Z,2.9125,2.944,2.908,2.919,NaN,NaN,NaN,NaN,444.5,450.4,442.4,447.8,89114,-110183,-21069,82765,-66410,16355,19243,-14529,4714,NaN,NaN,NaN,NaN,253741,89114,-110183,-21069,82765,-66410,16355,19243,-14529,4714
2019-03-19T22:00:00Z,2.9195,2.942,2.9075,2.927,NaN,NaN,NaN,NaN,448.9,448.9,444.2,446.05,89114,-110183,-21069,82765,-66410,16355,19243,-14529,4714,NaN,NaN,NaN,NaN,253741,89114,-110183,-21069,82765,-66410,16355,19243,-14529,4714
2019-03-20T22:00:00Z,2.9275,2.969,2.892,2.91,NaN,NaN,NaN,NaN,446.95,449.5,441.6,443.4,89114,-110183,-21069,82765,-66410,16355,19243,-14529,4714,NaN,NaN,NaN,NaN,253741,89114,-110183,-21069,82765,-66410,16355,19243,-14529,4714
2019-03-21T22:00:00Z,2.9105,2.915,2.8395,2.8485,NaN,NaN,NaN,NaN,443.2,444.75,436.35,437.45,89114,-110183,-21069,82765,-66410,16355,19243,-14529,4714,NaN,NaN,NaN,NaN,253741,89114,-110183,-21069,82765,-66410,16355,19243,-14529,4714
2019-03-24T22:00:00Z,2.843,2.8595,2.8345,2.858,NaN,NaN,NaN,NaN,436,437.7,434.2,437.15,89114,-110183,-21069,82765,-66410,16355,19243,-14529,4714,NaN,NaN,NaN,NaN,253741,89114,-110183,-21069,82765,-66410,16355,19243,-14529,4714
2019-03-25T22:00:00Z,2.8565,2.867,2.846,2.863,NaN,NaN,NaN,NaN,436.1,439.15,435.2,438.25,100979,-105851,-4872,75834,-73892,1942,16511,-13581,2930,NaN,NaN,NaN,NaN,251953,100979,-105851,-4872,75834,-73892,1942,16511,-13581,2930
2019-03-26T22:00:00Z,2.863,2.8755,2.8435,2.8615,NaN,NaN,NaN,NaN,438.45,439.9,436.1,439.25,100979,-105851,-4872,75834,-73892,1942,16511,-13581,2930,NaN,NaN,NaN,NaN,251953,100979,-105851,-4872,75834,-73892,1942,16511,-13581,2930
2019-03-27T22:00:00Z,2.862,2.888,2.853,2.878,NaN,NaN,NaN,NaN,438.3,443.5,437.75,441.4,100979,-105851,-4872,75834,-73892,1942,16511,-13581,2930,NaN,NaN,NaN,NaN,251953,100979,-105851,-4872,75834,-73892,1942,16511,-13581,2930
2019-03-28T22:00:00Z,2.88,2.9445,2.878,2.9315,NaN,NaN,NaN,NaN,441.9,451.65,441.9,451.05,100979,-105851,-4872,75834,-73892,1942,16511,-13581,2930,NaN,NaN,NaN,NaN,251953,100979,-105851,-4872,75834,-73892,1942,16511,-13581,2930
2019-03-31T22:00:00Z,2.9415,2.9885,2.9155,2.929,NaN,NaN,NaN,NaN,452.7,455.2,447.3,449.25,100979,-105851,-4872,75834,-73892,1942,16511,-13581,2930,NaN,NaN,NaN,NaN,251953,100979,-105851,-4872,75834,-73892,1942,16511,-13581,2930
2019-04-01T22:00:00Z,2.929,2.935,2.897,2.9085,NaN,NaN,NaN,NaN,449.95,450.4,443.35,444.95,91874,-102655,-10781,81945,-77389,4556,19068,-12843,6225,NaN,NaN,NaN,NaN,250309,91874,-102655,-10781,81945,-77389,4556,19068,-12843,6225
2019-04-02T22:00:00Z,2.9095,2.953,2.905,2.943,NaN,NaN,NaN,NaN,445.7,448.65,444.1,447.15,91874,-102655,-10781,81945,-77389,4556,19068,-12843,6225,NaN,NaN,NaN,NaN,250309,91874,-102655,-10781,81945,-77389,4556,19068,-12843,6225
2019-04-03T22:00:00Z,2.943,2.9525,2.9035,2.916,NaN,NaN,NaN,NaN,447.6,450.5,444.2,445.6,91874,-102655,-10781,81945,-77389,4556,19068,-12843,6225,NaN,NaN,NaN,NaN,250309,91874,-102655,-10781,81945,-77389,4556,19068,-12843,6225
2019-04-04T22:00:00Z,2.916,2.9255,2.8865,2.889,NaN,NaN,NaN,NaN,445.6,447.8,442.35,443.25,91874,-102655,-10781,81945,-77389,4556,19068,-12843,6225,NaN,NaN,NaN,NaN,250309,91874,-102655,-10781,81945,-77389,4556,19068,-12843,6225
2019-04-07T22:00:00Z,2.901,2.942,2.8925,2.934,NaN,NaN,NaN,NaN,444.25,452.7,444.25,452.1,91874,-102655,-10781,81945,-77389,4556,19068,-12843,6225,NaN,NaN,NaN,NaN,250309,91874,-102655,-10781,81945,-77389,4556,19068,-12843,6225
2019-04-08T22:00:00Z,2.934,2.962,2.927,2.933,NaN,NaN,NaN,NaN,453.2,455.45,449.6,449.85,89747,-98190,-8443,81503,-78489,3014,18193,-12764,5429,NaN,NaN,NaN,NaN,246628,89747,-98190,-8443,81503,-78489,3014,18193,-12764,5429
2019-04-09T22:00:00Z,2.9325,2.9425,2.911,2.921,NaN,NaN,NaN,NaN,449,450.45,446.1,447.7,89747,-98190,-8443,81503,-78489,3014,18193,-12764,5429,NaN,NaN,NaN,NaN,246628,89747,-98190,-8443,81503,-78489,3014,18193,-12764,5429
2019-04-10T22:00:00Z,2.9235,2.926,2.8835,2.8935,NaN,NaN,NaN,NaN,446.85,446.85,440.85,441.6,89747,-98190,-8443,81503,-78489,3014,18193,-12764,5429,NaN,NaN,NaN,NaN,246628,89747,-98190,-8443,81503,-78489,3014,18193,-12764,5429
2019-04-11T22:00:00Z,2.8945,2.9565,2.893,2.9415,NaN,NaN,NaN,NaN,443.45,452,443.45,451.05,89747,-98190,-8443,81503,-78489,3014,18193,-12764,5429,NaN,NaN,NaN,NaN,246628,89747,-98190,-8443,81503,-78489,3014,18193,-12764,5429
2019-04-14T22:00:00Z,2.9455,2.9475,2.9165,2.9335,NaN,NaN,NaN,NaN,449,451.05,447.55,450.5,89747,-98190,-8443,81503,-78489,3014,18193,-12764,5429,NaN,NaN,NaN,NaN,246628,89747,-98190,-8443,81503,-78489,3014,18193,-12764,5429
2019-04-15T22:00:00Z,2.9345,2.948,2.9235,2.933,NaN,NaN,NaN,NaN,450.1,453.2,449.15,450.9,96180,-106010,-9830,84245,-78933,5312,18497,-13979,4518,NaN,NaN,NaN,NaN,257913,96180,-106010,-9830,84245,-78933,5312,18497,-13979,4518
2019-04-16T22:00:00Z,2.934,2.9955,2.928,2.962,NaN,NaN,NaN,NaN,453,459,452.95,455.1,96180,-106010,-9830,84245,-78933,5312,18497,-13979,4518,NaN,NaN,NaN,NaN,257913,96180,-106010,-9830,84245,-78933,5312,18497,-13979,4518
2019-04-17T22:00:00Z,2.961,2.964,2.903,2.9185,NaN,NaN,NaN,NaN,453.6,453.7,445.85,448,96180,-106010,-9830,84245,-78933,5312,18497,-13979,4518,NaN,NaN,NaN,NaN,257913,96180,-106010,-9830,84245,-78933,5312,18497,-13979,4518
2019-04-21T22:00:00Z,2.9275,2.9325,2.8925,2.9035,NaN,NaN,NaN,NaN,449.1,450.95,445.25,446.6,96180,-106010,-9830,84245,-78933,5312,18497,-13979,4518,NaN,NaN,NaN,NaN,257913,96180,-106010,-9830,84245,-78933,5312,18497,-13979,4518
2019-04-22T22:00:00Z,2.9035,2.9135,2.8775,2.894,NaN,NaN,NaN,NaN,446.05,449.2,443.75,446.3,99974,-108839,-8865,83083,-80957,2126,20353,-13614,6739,NaN,NaN,NaN,NaN,256267,99974,-108839,-8865,83083,-80957,2126,20353,-13614,6739
2019-04-23T22:00:00Z,2.8955,2.915,2.8865,2.909,NaN,NaN,NaN,NaN,446,462.95,444.8,451,99974,-108839,-8865,83083,-80957,2126,20353,-13614,6739,NaN,NaN,NaN,NaN,256267,99974,-108839,-8865,83083,-80957,2126,20353,-13614,6739
2019-04-24T22:00:00Z,2.9085,2.918,2.856,2.8605,NaN,NaN,NaN,NaN,450.9,450.9,444.05,444.4,99974,-108839,-8865,83083,-80957,2126,20353,-13614,6739,NaN,NaN,NaN,NaN,256267,99974,-108839,-8865,83083,-80957,2126,20353,-13614,6739
2019-04-25T22:00:00Z,2.86,2.892,2.859,2.884,NaN,NaN,NaN,NaN,450.1,452.9,448.6,450.35,99974,-108839,-8865,83083,-80957,2126,20353,-13614,6739,NaN,NaN,NaN,NaN,256267,99974,-108839,-8865,83083,-80957,2126,20353,-13614,6739
2019-04-28T22:00:00Z,2.8935,2.907,2.873,2.895,NaN,NaN,NaN,NaN,NaN,NaN,NaN,NaN,99974,-108839,-8865,83083,-80957,2126,20353,-13614,6739,NaN,NaN,NaN,NaN,256267,99974,-108839,-8865,83083,-80957,2126,20353,-13614,6739
2019-04-29T22:00:00Z,2.892,2.9235,2.88,2.907,NaN,NaN,NaN,NaN,449.8,453,448.05,450.3,102067,-106866,-4799,79599,-79732,-133,17163,-12231,4932,NaN,NaN,NaN,NaN,249602,102067,-106866,-4799,79599,-79732,-133,17163,-12231,4932
2019-04-30T22:00:00Z,2.9075,2.9135,2.7865,2.7905,NaN,NaN,NaN,NaN,449.8,449.8,434.1,435.5,102067,-106866,-4799,79599,-79732,-133,17163,-12231,4932,NaN,NaN,NaN,NaN,249602,102067,-106866,-4799,79599,-79732,-133,17163,-12231,4932
2019-05-01T22:00:00Z,2.793,2.8065,2.7715,2.7845,NaN,NaN,NaN,NaN,434.25,435.45,428.25,430.5,102067,-106866,-4799,79599,-79732,-133,17163,-12231,4932,NaN,NaN,NaN,NaN,249602,102067,-106866,-4799,79599,-79732,-133,17163,-12231,4932
2019-05-02T22:00:00Z,2.782,2.833,2.775,2.822,NaN,NaN,NaN,NaN,431.9,435.55,428.15,434.35,102067,-106866,-4799,79599,-79732,-133,17163,-12231,4932,NaN,NaN,NaN,NaN,249602,102067,-106866,-4799,79599,-79732,-133,17163,-12231,4932
2019-05-05T22:00:00Z,2.799,2.8485,2.7415,2.8305,NaN,NaN,NaN,NaN,432.1,438.7,429.1,438.3,102067,-106866,-4799,79599,-79732,-133,17163,-12231,4932,NaN,NaN,NaN,NaN,249602,102067,-106866,-4799,79599,-79732,-133,17163,-12231,4932
2019-05-06T22:00:00Z,2.8275,2.841,2.7755,2.7875,NaN,NaN,NaN,NaN,437.25,437.9,429.35,430.4,112700,-104097,8603,73622,-86500,-12878,17698,-13423,4275,NaN,NaN,NaN,NaN,245088,112700,-104097,8603,73622,-86500,-12878,17698,-13423,4275
2019-05-07T22:00:00Z,2.7875,2.81,2.76,2.7705,NaN,NaN,NaN,NaN,432.3,434.85,428.1,429.9,112700,-104097,8603,73622,-86500,-12878,17698,-13423,4275,NaN,NaN,NaN,NaN,245088,112700,-104097,8603,73622,-86500,-12878,17698,-13423,4275
2019-05-08T22:00:00Z,2.7695,2.778,2.731,2.767,NaN,NaN,NaN,NaN,429.6,432.9,426.3,432.2,112700,-104097,8603,73622,-86500,-12878,17698,-13423,4275,NaN,NaN,NaN,NaN,245088,112700,-104097,8603,73622,-86500,-12878,17698,-13423,4275
2019-05-09T22:00:00Z,2.7675,2.797,2.756,2.777,NaN,NaN,NaN,NaN,432.6,433.7,429.55,432.15,112700,-104097,8603,73622,-86500,-12878,17698,-13423,4275,NaN,NaN,NaN,NaN,245088,112700,-104097,8603,73622,-86500,-12878,17698,-13423,4275
2019-05-12T22:00:00Z,2.768,2.7735,2.709,2.7185,NaN,NaN,NaN,NaN,429.5,430.4,425.75,426.85,112700,-104097,8603,73622,-86500,-12878,17698,-13423,4275,NaN,NaN,NaN,NaN,245088,112700,-104097,8603,73622,-86500,-12878,17698,-13423,4275
2019-05-13T22:00:00Z,2.72,2.738,2.714,2.7235,NaN,NaN,NaN,NaN,428,428.85,424.75,426.35,121751,-106039,15712,73379,-92745,-19366,17941,-14287,3654,NaN,NaN,NaN,NaN,256800,121751,-106039,15712,73379,-92745,-19366,17941,-14287,3654
2019-05-14T22:00:00Z,2.7225,2.7525,2.7155,2.7475,NaN,NaN,NaN,NaN,427.85,429.6,425,428.8,121751,-106039,15712,73379,-92745,-19366,17941,-14287,3654,NaN,NaN,NaN,NaN,256800,121751,-106039,15712,73379,-92745,-19366,17941,-14287,3654
2019-05-15T22:00:00Z,2.7465,2.7775,2.738,2.7485,NaN,NaN,NaN,NaN,427.95,432.4,427.5,428.4,121751,-106039,15712,73379,-92745,-19366,17941,-14287,3654,NaN,NaN,NaN,NaN,256800,121751,-106039,15712,73379,-92745,-19366,17941,-14287,3654
2019-05-16T22:00:00Z,2.748,2.753,2.721,2.7345,NaN,NaN,NaN,NaN,427.4,428.8,424.3,428.25,121751,-106039,15712,73379,-92745,-19366,17941,-14287,3654,NaN,NaN,NaN,NaN,256800,121751,-106039,15712,73379,-92745,-19366,17941,-14287,3654
2019-05-19T22:00:00Z,2.746,2.7495,2.712,2.729,NaN,NaN,NaN,NaN,425.4,425.4,419.65,422.45,121751,-106039,15712,73379,-92745,-19366,17941,-14287,3654,NaN,NaN,NaN,NaN,256800,121751,-106039,15712,73379,-92745,-19366,17941,-14287,3654
2019-05-20T22:00:00Z,2.7305,2.7425,2.7055,2.714,NaN,NaN,NaN,NaN,423.75,424.65,419.35,419.95,119994,-100596,19398,72490,-94209,-21719,16580,-14259,2321,NaN,NaN,NaN,NaN,261724,119994,-100596,19398,72490,-94209,-21719,16580,-14259,2321
2019-05-21T22:00:00Z,2.7115,2.7155,2.67,2.6775,NaN,NaN,NaN,NaN,420.55,420.55,413.6,414.15,119994,-100596,19398,72490,-94209,-21719,16580,-14259,2321,NaN,NaN,NaN,NaN,261724,119994,-100596,19398,72490,-94209,-21719,16580,-14259,2321
2019-05-22T22:00:00Z,2.6725,2.689,2.6545,2.683,NaN,NaN,NaN,NaN,413,416.25,410.6,415.45,119994,-100596,19398,72490,-94209,-21719,16580,-14259,2321,NaN,NaN,NaN,NaN,261724,119994,-100596,19398,72490,-94209,-21719,16580,-14259,2321
2019-05-23T22:00:00Z,2.6815,2.7085,2.6805,2.6975,NaN,NaN,NaN,NaN,415.5,417.7,414.75,415.45,119994,-100596,19398,72490,-94209,-21719,16580,-14259,2321,NaN,NaN,NaN,NaN,261724,119994,-100596,19398,72490,-94209,-21719,16580,-14259,2321
2019-05-26T22:00:00Z,2.701,2.718,2.6885,2.6965,NaN,NaN,NaN,NaN,418.8,419.3,415.6,416.8,123675,-100585,23090,73784,-97617,-23833,16086,-15343,743,NaN,NaN,NaN,NaN,272194,123675,-100585,23090,73784,-97617,-23833,16086,-15343,743
2019-05-28T22:00:00Z,2.696,2.698,2.6585,2.6665,NaN,NaN,NaN,NaN,415.95,416.45,411.85,413.2,123675,-100585,23090,73784,-97617,-23833,16086,-15343,743,NaN,NaN,NaN,NaN,272194,123675,-100585,23090,73784,-97617,-23833,16086,-15343,743
2019-05-29T22:00:00Z,2.667,2.675,2.6365,2.65,NaN,NaN,NaN,NaN,412.15,412.6,408.5,409.9,123675,-100585,23090,73784,-97617,-23833,16086,-15343,743,NaN,NaN,NaN,NaN,272194,123675,-100585,23090,73784,-97617,-23833,16086,-15343,743
2019-05-30T22:00:00Z,2.6485,2.656,2.6295,2.63,NaN,NaN,NaN,NaN,410.3,411,406.5,406.95,123675,-100585,23090,73784,-97617,-23833,16086,-15343,743,NaN,NaN,NaN,NaN,272194,123675,-100585,23090,73784,-97617,-23833,16086,-15343,743
2019-06-02T22:00:00Z,2.6305,2.6645,2.611,2.656,NaN,NaN,NaN,NaN,406.8,407.55,403.6,406.85,123675,-100585,23090,73784,-97617,-23833,16086,-15343,743,NaN,NaN,NaN,NaN,272194,123675,-100585,23090,73784,-97617,-23833,16086,-15343,743
2019-06-03T22:00:00Z,2.6565,2.671,2.639,2.6665,NaN,NaN,NaN,NaN,406.5,410.8,405.2,410.55,121910,-97298,24612,76217,-102963,-26746,17112,-14978,2134,NaN,NaN,NaN,NaN,281813,121910,-97298,24612,76217,-102963,-26746,17112,-14978,2134
2019-06-04T22:00:00Z,2.6665,2.6745,2.6205,2.6275,NaN,NaN,NaN,NaN,410.1,410.1,402.85,403.2,121910,-97298,24612,76217,-102963,-26746,17112,-14978,2134,NaN,NaN,NaN,NaN,281813,121910,-97298,24612,76217,-102963,-26746,17112,-14978,2134
2019-06-05T22:00:00Z,2.626,2.6555,2.622,2.647,NaN,NaN,NaN,NaN,404.05,406.5,403.1,406,121910,-97298,24612,76217,-102963,-26746,17112,-14978,2134,NaN,NaN,NaN,NaN,281813,121910,-97298,24612,76217,-102963,-26746,17112,-14978,2134
2019-06-06T22:00:00Z,2.6465,2.661,2.5995,2.6235,NaN,NaN,NaN,NaN,406.55,408.85,399.55,402.9,121910,-97298,24612,76217,-102963,-26746,17112,-14978,2134,NaN,NaN,NaN,NaN,281813,121910,-97298,24612,76217,-102963,-26746,17112,-14978,2134
2019-06-09T22:00:00Z,2.6305,2.6665,2.6255,2.6615,NaN,NaN,NaN,NaN,405.2,410.6,405,410.35,121910,-97298,24612,76217,-102963,-26746,17112,-14978,2134,NaN,NaN,NaN,NaN,281813,121910,-97298,24612,76217,-102963,-26746,17112,-14978,2134
2019-06-10T22:00:00Z,2.6615,2.702,2.66,2.6685,NaN,NaN,NaN,NaN,410.7,415.3,409.5,410.2,124879,-97773,27106,79399,-109920,-30521,19699,-16284,3415,NaN,NaN,NaN,NaN,284848,124879,-97773,27106,79399,-109920,-30521,19699,-16284,3415
2019-06-11T22:00:00Z,2.669,2.673,2.6375,2.6495,NaN,NaN,NaN,NaN,410.15,410.15,405.3,407.35,124879,-97773,27106,79399,-109920,-30521,19699,-16284,3415,NaN,NaN,NaN,NaN,284848,124879,-97773,27106,79399,-109920,-30521,19699,-16284,3415
2019-06-12T22:00:00Z,2.6505,2.662,2.632,2.658,NaN,NaN,NaN,NaN,406,409.5,404.6,409.1,124879,-97773,27106,79399,-109920,-30521,19699,-16284,3415,NaN,NaN,NaN,NaN,284848,124879,-97773,27106,79399,-109920,-30521,19699,-16284,3415
2019-06-13T22:00:00Z,2.6575,2.6655,2.6275,2.6285,NaN,NaN,NaN,NaN,409.1,409.3,406.1,406.45,124879,-97773,27106,79399,-109920,-30521,19699,-16284,3415,NaN,NaN,NaN,NaN,284848,124879,-97773,27106,79399,-109920,-30521,19699,-16284,3415
2019-06-16T22:00:00Z,2.6345,2.656,2.6155,2.65,NaN,NaN,NaN,NaN,406.85,410.2,405.2,409.85,124879,-97773,27106,79399,-109920,-30521,19699,-16284,3415,NaN,NaN,NaN,NaN,284848,124879,-97773,27106,79399,-109920,-30521,19699,-16284,3415
2019-06-17T22:00:00Z,2.65,2.7125,2.6435,2.7055,NaN,NaN,NaN,NaN,409.6,417.1,408.5,415.75,119103,-97462,21641,82255,-106207,-23952,18995,-16684,2311,NaN,NaN,NaN,NaN,280643,119103,-97462,21641,82255,-106207,-23952,18995,-16684,2311
2019-06-18T22:00:00Z,2.706,2.709,2.6735,2.6965,NaN,NaN,NaN,NaN,415.7,417.25,412.2,412.45,119103,-97462,21641,82255,-106207,-23952,18995,-16684,2311,NaN,NaN,NaN,NaN,280643,119103,-97462,21641,82255,-106207,-23952,18995,-16684,2311
2019-06-19T22:00:00Z,2.6975,2.7375,2.694,2.7105,NaN,NaN,NaN,NaN,413.9,419.9,413.9,416.8,119103,-97462,21641,82255,-106207,-23952,18995,-16684,2311,NaN,NaN,NaN,NaN,280643,119103,-97462,21641,82255,-106207,-23952,18995,-16684,2311
2019-06-20T22:00:00Z,2.7105,2.7235,2.686,2.702,NaN,NaN,NaN,NaN,418.1,418.7,413.7,415.65,119103,-97462,21641,82255,-106207,-23952,18995,-16684,2311,NaN,NaN,NaN,NaN,280643,119103,-97462,21641,82255,-106207,-23952,18995,-16684,2311
2019-06-23T22:00:00Z,2.7065,2.7125,2.68,2.7075,NaN,NaN,NaN,NaN,443.65,444.45,440.2,441.95,119103,-97462,21641,82255,-106207,-23952,18995,-16684,2311,NaN,NaN,NaN,NaN,280643,119103,-97462,21641,82255,-106207,-23952,18995,-16684,2311
2019-06-24T22:00:00Z,2.709,2.7475,2.699,2.731,NaN,NaN,NaN,NaN,441.2,446.5,441.05,444.05,91311,-69149,22162,73297,-99836,-26539,19295,-14918,4377,NaN,NaN,NaN,NaN,244461,91311,-69149,22162,73297,-99836,-26539,19295,-14918,4377
2019-06-25T22:00:00Z,2.7275,2.7515,2.6995,2.7115,NaN,NaN,NaN,NaN,444.05,445.8,441,442.65,91311,-69149,22162,73297,-99836,-26539,19295,-14918,4377,NaN,NaN,NaN,NaN,244461,91311,-69149,22162,73297,-99836,-26539,19295,-14918,4377
2019-06-26T22:00:00Z,2.7135,2.728,2.7,2.7215,NaN,NaN,NaN,NaN,443.4,445.4,440.25,444.75,91311,-69149,22162,73297,-99836,-26539,19295,-14918,4377,NaN,NaN,NaN,NaN,244461,91311,-69149,22162,73297,-99836,-26539,19295,-14918,4377
2019-06-27T22:00:00Z,2.721,2.728,2.7025,2.7175,NaN,NaN,NaN,NaN,444.75,447,442.1,446.45,91311,-69149,22162,73297,-99836,-26539,19295,-14918,4377,NaN,NaN,NaN,NaN,244461,91311,-69149,22162,73297,-99836,-26539,19295,-14918,4377
2019-06-30T22:00:00Z,2.75,2.757,2.677,2.6855,NaN,NaN,NaN,NaN,447,453,442,442.75,91311,-69149,22162,73297,-99836,-26539,19295,-14918,4377,NaN,NaN,NaN,NaN,244461,91311,-69149,22162,73297,-99836,-26539,19295,-14918,4377
2019-07-01T22:00:00Z,2.688,2.6965,2.6555,2.6645,NaN,NaN,NaN,NaN,444,444.3,438.85,439.35,97312,-72285,25027,76478,-105694,-29216,18446,-14257,4189,NaN,NaN,NaN,NaN,254342,97312,-72285,25027,76478,-105694,-29216,18446,-14257,4189
2019-07-02T22:00:00Z,2.665,2.686,2.6365,2.686,NaN,NaN,NaN,NaN,440,442.5,436.25,441.8,97312,-72285,25027,76478,-105694,-29216,18446,-14257,4189,NaN,NaN,NaN,NaN,254342,97312,-72285,25027,76478,-105694,-29216,18446,-14257,4189
2019-07-03T22:00:00Z,2.6845,2.6875,2.6445,2.6655,NaN,NaN,NaN,NaN,440.4,440.4,436.4,438.5,97312,-72285,25027,76478,-105694,-29216,18446,-14257,4189,NaN,NaN,NaN,NaN,254342,97312,-72285,25027,76478,-105694,-29216,18446,-14257,4189
2019-07-07T22:00:00Z,2.6695,2.689,2.6545,2.6575,NaN,NaN,NaN,NaN,437,442,436,437.7,97312,-72285,25027,76478,-105694,-29216,18446,-14257,4189,NaN,NaN,NaN,NaN,254342,97312,-72285,25027,76478,-105694,-29216,18446,-14257,4189
2019-07-08T22:00:00Z,2.6575,2.659,2.612,2.628,NaN,NaN,NaN,NaN,437.3,437.45,431.2,432.55,104531,-69516,35015,76596,-116583,-39987,18808,-13836,4972,NaN,NaN,NaN,NaN,265419,104531,-69516,35015,76596,-116583,-39987,18808,-13836,4972
2019-07-09T22:00:00Z,2.628,2.6995,2.625,2.691,NaN,NaN,NaN,NaN,433,442.95,433,442.4,104531,-69516,35015,76596,-116583,-39987,18808,-13836,4972,NaN,NaN,NaN,NaN,265419,104531,-69516,35015,76596,-116583,-39987,18808,-13836,4972
2019-07-10T22:00:00Z,2.689,2.698,2.6785,2.6875,NaN,NaN,NaN,NaN,441.5,442.2,439.15,441.25,104531,-69516,35015,76596,-116583,-39987,18808,-13836,4972,NaN,NaN,NaN,NaN,265419,104531,-69516,35015,76596,-116583,-39987,18808,-13836,4972
2019-07-11T22:00:00Z,2.688,2.7145,2.6725,2.694,NaN,NaN,NaN,NaN,441.6,444.8,440.5,443.15,104531,-69516,35015,76596,-116583,-39987,18808,-13836,4972,NaN,NaN,NaN,NaN,265419,104531,-69516,35015,76596,-116583,-39987,18808,-13836,4972
2019-07-14T22:00:00Z,2.6975,2.728,2.6855,2.714,NaN,NaN,NaN,NaN,444.2,446.2,443.25,445.45,104531,-69516,35015,76596,-116583,-39987,18808,-13836,4972,NaN,NaN,NaN,NaN,265419,104531,-69516,35015,76596,-116583,-39987,18808,-13836,4972
2019-07-15T22:00:00Z,2.715,2.7355,2.694,2.6955,NaN,NaN,NaN,NaN,445.4,448.85,443.15,443.75,107168,-78591,28577,73722,-105665,-31943,17406,-14040,3366,NaN,NaN,NaN,NaN,266882,107168,-78591,28577,73722,-105665,-31943,17406,-14040,3366
2019-07-16T22:00:00Z,2.695,2.717,2.682,2.7025,NaN,NaN,NaN,NaN,444.3,447.2,442.45,446.75,107168,-78591,28577,73722,-105665,-31943,17406,-14040,3366,NaN,NaN,NaN,NaN,266882,107168,-78591,28577,73722,-105665,-31943,17406,-14040,3366
2019-07-17T22:00:00Z,2.701,2.7205,2.6925,2.72,NaN,NaN,NaN,NaN,445.95,448.5,445.7,447.55,107168,-78591,28577,73722,-105665,-31943,17406,-14040,3366,NaN,NaN,NaN,NaN,266882,107168,-78591,28577,73722,-105665,-31943,17406,-14040,3366
2019-07-18T22:00:00Z,2.7195,2.803,2.715,2.741,NaN,NaN,NaN,NaN,448.9,461.6,448.9,456.5,107168,-78591,28577,73722,-105665,-31943,17406,-14040,3366,NaN,NaN,NaN,NaN,266882,107168,-78591,28577,73722,-105665,-31943,17406,-14040,3366
2019-07-21T22:00:00Z,2.753,2.7595,2.718,2.7185,NaN,NaN,NaN,NaN,456.8,458.85,454.45,455.05,107168,-78591,28577,73722,-105665,-31943,17406,-14040,3366,NaN,NaN,NaN,NaN,266882,107168,-78591,28577,73722,-105665,-31943,17406,-14040,3366
2019-07-22T22:00:00Z,2.716,2.73,2.6875,2.7055,NaN,NaN,NaN,NaN,455.8,455.8,450.2,451.2,99428,-79226,20202,76464,-100513,-24049,17781,-13934,3847,NaN,NaN,NaN,NaN,264229,99428,-79226,20202,76464,-100513,-24049,17781,-13934,3847
2019-07-23T22:00:00Z,2.706,2.7205,2.698,2.7115,NaN,NaN,NaN,NaN,450.6,453.25,450.25,451.95,99428,-79226,20202,76464,-100513,-24049,17781,-13934,3847,NaN,NaN,NaN,NaN,264229,99428,-79226,20202,76464,-100513,-24049,17781,-13934,3847
2019-07-24T22:00:00Z,2.7115,2.7385,2.7,2.706,NaN,NaN,NaN,NaN,450,454.4,448.5,450.75,99428,-79226,20202,76464,-100513,-24049,17781,-13934,3847,NaN,NaN,NaN,NaN,264229,99428,-79226,20202,76464,-100513,-24049,17781,-13934,3847
2019-07-25T22:00:00Z,2.7065,2.712,2.684,2.691,NaN,NaN,NaN,NaN,451,451.5,446.5,446.8,99428,-79226,20202,76464,-100513,-24049,17781,-13934,3847,NaN,NaN,NaN,NaN,264229,99428,-79226,20202,76464,-100513,-24049,17781,-13934,3847
2019-07-28T22:00:00Z,2.6905,2.721,2.6815,2.7195,NaN,NaN,NaN,NaN,447.4,464.65,445.1,450.3,99428,-79226,20202,76464,-100513,-24049,17781,-13934,3847,NaN,NaN,NaN,NaN,264229,99428,-79226,20202,76464,-100513,-24049,17781,-13934,3847
2019-07-29T22:00:00Z,2.7185,2.7265,2.675,2.6775,NaN,NaN,NaN,NaN,450.3,451.75,445.1,445.45,99517,-74780,24737,77334,-106089,-28755,18964,-14946,4018,NaN,NaN,NaN,NaN,268804,99517,-74780,24737,77334,-106089,-28755,18964,-14946,4018
2019-07-30T22:00:00Z,2.6775,2.691,2.6575,2.6615,NaN,NaN,NaN,NaN,446,447.7,443.2,444.15,99517,-74780,24737,77334,-106089,-28755,18964,-14946,4018,NaN,NaN,NaN,NaN,268804,99517,-74780,24737,77334,-106089,-28755,18964,-14946,4018
2019-07-31T22:00:00Z,2.6595,2.668,2.619,2.619,NaN,NaN,NaN,NaN,444.45,444.9,438.8,440,99517,-74780,24737,77334,-106089,-28755,18964,-14946,4018,NaN,NaN,NaN,NaN,268804,99517,-74780,24737,77334,-106089,-28755,18964,-14946,4018
2019-08-01T22:00:00Z,2.6195,2.6275,2.56,2.5675,NaN,NaN,NaN,NaN,438.2,440.5,432.55,433.25,99517,-74780,24737,77334,-106089,-28755,18964,-14946,4018,NaN,NaN,NaN,NaN,268804,99517,-74780,24737,77334,-106089,-28755,18964,-14946,4018
2019-08-04T22:00:00Z,2.5605,2.578,2.5315,2.549,5723.5,5888,5666,5888,432.3,438.85,432.3,437.75,99517,-74780,24737,77334,-106089,-28755,18964,-14946,4018,NaN,NaN,NaN,NaN,268804,99517,-74780,24737,77334,-106089,-28755,18964,-14946,4018
2019-08-05T22:00:00Z,2.544,2.569,2.535,2.565,5683.5,5696.5,5682.5,5696.5,438.25,440.3,436.5,439.65,118006,-61039,56967,79133,-137582,-58449,21112,-19630,1482,NaN,NaN,NaN,NaN,303764,118006,-61039,56967,79133,-137582,-58449,21112,-19630,1482
2019-08-06T22:00:00Z,2.567,2.592,2.5425,2.5875,5706.5,5706.5,5659.5,5691.5,438.1,443.4,435.65,442.8,118006,-61039,56967,79133,-137582,-58449,21112,-19630,1482,NaN,NaN,NaN,NaN,303764,118006,-61039,56967,79133,-137582,-58449,21112,-19630,1482
2019-08-07T22:00:00Z,2.5845,2.615,2.5715,2.598,5713,5750,5710.5,5750,440,444.8,438.25,442.75,118006,-61039,56967,79133,-137582,-58449,21112,-19630,1482,NaN,NaN,NaN,NaN,303764,118006,-61039,56967,79133,-137582,-58449,21112,-19630,1482
2019-08-08T22:00:00Z,2.597,2.6175,2.582,2.5945,5756,5767,5742.5,5760,442.45,446.8,441.3,445,118006,-61039,56967,79133,-137582,-58449,21112,-19630,1482,NaN,NaN,NaN,NaN,303764,118006,-61039,56967,79133,-137582,-58449,21112,-19630,1482
2019-08-11T22:00:00Z,2.5975,2.612,2.568,2.583,5742,5778.5,5739.5,5747.5,446,446.8,444.3,444.7,118006,-61039,56967,79133,-137582,-58449,21112,-19630,1482,NaN,NaN,NaN,NaN,303764,118006,-61039,56967,79133,-137582,-58449,21112,-19630,1482
2019-08-12T22:00:00Z,2.582,2.6415,2.567,2.6325,5725,5762,5716.5,5759,444.6,451.3,443.75,450.35,118704,-65380,53324,76207,-129807,-53600,18242,-17966,276,NaN,NaN,NaN,NaN,295608,118704,-65380,53324,76207,-129807,-53600,18242,-17966,276
2019-08-13T22:00:00Z,2.6305,2.635,2.5785,2.5925,5720.5,5781.5,5720.5,5769.5,449.35,450.25,446.2,448.3,118704,-65380,53324,76207,-129807,-53600,18242,-17966,276,NaN,NaN,NaN,NaN,295608,118704,-65380,53324,76207,-129807,-53600,18242,-17966,276
2019-08-14T22:00:00Z,2.592,2.606,2.5745,2.592,5771.5,5771.5,5747.5,5754.5,NaN,NaN,NaN,NaN,118704,-65380,53324,76207,-129807,-53600,18242,-17966,276,NaN,NaN,NaN,NaN,295608,118704,-65380,53324,76207,-129807,-53600,18242,-17966,276
2019-08-15T22:00:00Z,2.5935,2.6065,2.585,2.587,5752,5756,5744,5744,448.5,448.5,445,446,118704,-65380,53324,76207,-129807,-53600,18242,-17966,276,NaN,NaN,NaN,NaN,295608,118704,-65380,53324,76207,-129807,-53600,18242,-17966,276
2019-08-18T22:00:00Z,2.598,2.626,2.589,2.599,5731.5,5791.5,5731.5,5791.5,446.65,451.25,445.55,450.15,118704,-65380,53324,76207,-129807,-53600,18242,-17966,276,NaN,NaN,NaN,NaN,295608,118704,-65380,53324,76207,-129807,-53600,18242,-17966,276
2019-08-19T22:00:00Z,2.599,2.6035,2.57,2.575,5753,5762,5735.5,5738.5,449.15,450.35,445.15,445.5,112260,-65023,47237,75489,-124434,-48945,21129,-19421,1708,NaN,NaN,NaN,NaN,281852,112260,-65023,47237,75489,-124434,-48945,21129,-19421,1708
2019-08-20T22:00:00Z,2.576,2.591,2.5735,2.579,5717,5732.5,5716.5,5732.5,447.85,447.85,445.25,445.9,112260,-65023,47237,75489,-124434,-48945,21129,-19421,1708,NaN,NaN,NaN,NaN,281852,112260,-65023,47237,75489,-124434,-48945,21129,-19421,1708
2019-08-21T22:00:00Z,2.58,2.5835,2.5475,2.5585,5722,5722,5679.5,5679.5,447.6,447.6,443.65,444.9,112260,-65023,47237,75489,-124434,-48945,21129,-19421,1708,NaN,NaN,NaN,NaN,281852,112260,-65023,47237,75489,-124434,-48945,21129,-19421,1708
2019-08-22T22:00:00Z,2.5585,2.5755,2.5235,2.527,5715,5720,5675.5,5700,446.3,446.4,439.5,440.05,112260,-65023,47237,75489,-124434,-48945,21129,-19421,1708,NaN,NaN,NaN,NaN,281852,112260,-65023,47237,75489,-124434,-48945,21129,-19421,1708
2019-08-25T22:00:00Z,2.516,2.549,2.491,2.5375,5656,5690,5626,5626,438.6,444.75,438.5,442.95,112260,-65023,47237,75489,-124434,-48945,21129,-19421,1708,NaN,NaN,NaN,NaN,281852,112260,-65023,47237,75489,-124434,-48945,21129,-19421,1708
2019-08-26T22:00:00Z,2.5365,2.571,2.529,2.55,5630.5,5650,5626.5,5643,442.9,444.9,440.8,442.8,115444,-59559,55885,72795,-131275,-58480,17405,-14810,2595,NaN,NaN,NaN,NaN,262762,115444,-59559,55885,72795,-131275,-58480,17405,-14810,2595
2019-08-27T22:00:00Z,2.5495,2.566,2.537,2.5585,5671.5,5697.5,5654,5697.5,442.8,446.2,442.7,445.75,115444,-59559,55885,72795,-131275,-58480,17405,-14810,2595,NaN,NaN,NaN,NaN,262762,115444,-59559,55885,72795,-131275,-58480,17405,-14810,2595
2019-08-28T22:00:00Z,2.569,2.597,2.553,2.5755,5669,5733.5,5669,5733.5,445.05,447.9,444.15,444.95,115444,-59559,55885,72795,-131275,-58480,17405,-14810,2595,NaN,NaN,NaN,NaN,262762,115444,-59559,55885,72795,-131275,-58480,17405,-14810,2595
2019-08-29T22:00:00Z,2.575,2.5835,2.546,2.557,5709.5,5712,5689,5692.5,447,447,441,441.65,115444,-59559,55885,72795,-131275,-58480,17405,-14810,2595,NaN,NaN,NaN,NaN,262762,115444,-59559,55885,72795,-131275,-58480,17405,-14810,2595
2019-09-01T22:00:00Z,2.555,2.568,2.482,2.529,5621.5,5625,5571,5578,441,442.8,435.65,440.5,113577,-54580,58997,76099,-134940,-58841,16377,-16533,-156,NaN,NaN,NaN,NaN,260040,113577,-54580,58997,76099,-134940,-58841,16377,-16533,-156
2019-09-03T22:00:00Z,2.529,2.5975,2.5275,2.595,5612.5,5678,5612.5,5678,441.45,449.9,441.45,449.4,113577,-54580,58997,76099,-134940,-58841,16377,-16533,-156,NaN,NaN,NaN,NaN,260040,113577,-54580,58997,76099,-134940,-58841,16377,-16533,-156
2019-09-04T22:00:00Z,2.5905,2.649,2.5875,2.6315,5678,5734,5678,5734,449.4,456.2,447.5,455.45,113577,-54580,58997,76099,-134940,-58841,16377,-16533,-156,NaN,NaN,NaN,NaN,260040,113577,-54580,58997,76099,-134940,-58841,16377,-16533,-156
2019-09-05T22:00:00Z,2.6315,2.649,2.62,2.6305,5734,5813,5734,5813,454.4,455.9,451.4,453.35,113577,-54580,58997,76099,-134940,-58841,16377,-16533,-156,NaN,NaN,NaN,NaN,260040,113577,-54580,58997,76099,-134940,-58841,16377,-16533,-156
2019-09-08T22:00:00Z,2.6315,2.633,2.6135,2.6275,5806,5806,5781,5781,452.75,453.85,450.35,453.3,113577,-54580,58997,76099,-134940,-58841,16377,-16533,-156,NaN,NaN,NaN,NaN,260040,113577,-54580,58997,76099,-134940,-58841,16377,-16533,-156
2019-09-09T22:00:00Z,2.6275,2.643,2.6025,2.6225,5813,5820,5764,5764,452,454.75,450.6,453.8,94434,-54013,40421,77185,-118371,-41186,15235,-14470,765,NaN,NaN,NaN,NaN,241910,94434,-54013,40421,77185,-118371,-41186,15235,-14470,765
2019-09-10T22:00:00Z,2.623,2.638,2.6005,2.6165,5767.5,5805,5767.5,5772.5,453.1,455.4,449.55,450.45,94434,-54013,40421,77185,-118371,-41186,15235,-14470,765,NaN,NaN,NaN,NaN,241910,94434,-54013,40421,77185,-118371,-41186,15235,-14470,765
2019-09-11T22:00:00Z,2.618,2.668,2.59,2.6425,5795,5881.5,5795,5881.5,451.9,456.95,445.2,452.85,94434,-54013,40421,77185,-118371,-41186,15235,-14470,765,NaN,NaN,NaN,NaN,241910,94434,-54013,40421,77185,-118371,-41186,15235,-14470,765
2019-09-12T22:00:00Z,2.6425,2.7045,2.6405,2.7025,5855,5877,5786,5872,453.85,460.3,452.7,459.95,94434,-54013,40421,77185,-118371,-41186,15235,-14470,765,NaN,NaN,NaN,NaN,241910,94434,-54013,40421,77185,-118371,-41186,15235,-14470,765
2019-09-15T22:00:00Z,2.6915,2.7065,2.638,2.642,5894.5,5915.5,5894.5,5915.5,457.3,459.95,455.05,455.95,94434,-54013,40421,77185,-118371,-41186,15235,-14470,765,NaN,NaN,NaN,NaN,241910,94434,-54013,40421,77185,-118371,-41186,15235,-14470,765
2019-09-16T22:00:00Z,2.6425,2.6475,2.606,2.6265,5870,5880,5803,5803,456,456,450.2,451.55,90337,-57645,32692,75083,-112033,-36950,16436,-12178,4258,NaN,NaN,NaN,NaN,234574,90337,-57645,32692,75083,-112033,-36950,16436,-12178,4258
2019-09-17T22:00:00Z,2.625,2.638,2.5975,2.613,5803,5803,5781,5781,453.05,453.4,446.5,446.9,90337,-57645,32692,75083,-112033,-36950,16436,-12178,4258,NaN,NaN,NaN,NaN,234574,90337,-57645,32692,75083,-112033,-36950,16436,-12178,4258
2019-09-18T22:00:00Z,2.613,2.624,2.6035,2.6065,5793.5,5809.5,5774,5798.5,447.9,448.95,445.65,447.55,90337,-57645,32692,75083,-112033,-36950,16436,-12178,4258,NaN,NaN,NaN,NaN,234574,90337,-57645,32692,75083,-112033,-36950,16436,-12178,4258
2019-09-19T22:00:00Z,2.6075,2.634,2.586,2.5915,5775,5813.5,5775,5812.5,448.85,448.9,442.5,443.4,90337,-57645,32692,75083,-112033,-36950,16436,-12178,4258,NaN,NaN,NaN,NaN,234574,90337,-57645,32692,75083,-112033,-36950,16436,-12178,4258
2019-09-22T22:00:00Z,2.594,2.6195,2.5725,2.6175,5796.5,5796.5,5717.5,5717.5,445.45,445.45,439.4,443.65,90337,-57645,32692,75083,-112033,-36950,16436,-12178,4258,NaN,NaN,NaN,NaN,234574,90337,-57645,32692,75083,-112033,-36950,16436,-12178,4258
2019-09-23T22:00:00Z,2.6185,2.6235,2.596,2.6025,5752.5,5790,5744.5,5789.5,447.2,448.8,445.3,446.85,91341,-53983,37358,71205,-111944,-40739,16237,-12856,3381,NaN,NaN,NaN,NaN,230727,91341,-53983,37358,71205,-111944,-40739,16237,-12856,3381
2019-09-24T22:00:00Z,2.604,2.615,2.587,2.6115,5769,5774,5747.5,5747.5,446.8,447.95,444.2,447.35,91341,-53983,37358,71205,-111944,-40739,16237,-12856,3381,NaN,NaN,NaN,NaN,230727,91341,-53983,37358,71205,-111944,-40739,16237,-12856,3381
2019-09-25T22:00:00Z,2.6115,2.6185,2.5735,2.576,5744,5776,5744,5776,446.65,447.6,441.05,441.35,91341,-53983,37358,71205,-111944,-40739,16237,-12856,3381,NaN,NaN,NaN,NaN,230727,91341,-53983,37358,71205,-111944,-40739,16237,-12856,3381
2019-09-26T22:00:00Z,2.577,2.613,2.5705,2.599,5715,5729.5,5715,5729.5,442.45,443.3,439.65,441.75,91341,-53983,37358,71205,-111944,-40739,16237,-12856,3381,NaN,NaN,NaN,NaN,230727,91341,-53983,37358,71205,-111944,-40739,16237,-12856,3381
2019-09-29T22:00:00Z,2.598,2.6185,2.5725,2.573,5761.5,5773,5751,5751,442.5,444.4,437.65,438.05,91341,-53983,37358,71205,-111944,-40739,16237,-12856,3381,NaN,NaN,NaN,NaN,230727,91341,-53983,37358,71205,-111944,-40739,16237,-12856,3381
2019-09-30T22:00:00Z,2.574,2.577,2.515,2.5645,NaN,NaN,NaN,NaN,437,439.2,431.7,438.8,96937,-53891,43046,71271,-118044,-46773,17101,-13374,3727,NaN,NaN,NaN,NaN,242951,96937,-53891,43046,71271,-118044,-46773,17101,-13374,3727
2019-10-01T22:00:00Z,2.565,2.5855,2.5475,2.5705,5685,5691.5,5649,5649,NaN,NaN,NaN,NaN,96937,-53891,43046,71271,-118044,-46773,17101,-13374,3727,NaN,NaN,NaN,NaN,242951,96937,-53891,43046,71271,-118044,-46773,17101,-13374,3727
2019-10-02T22:00:00Z,2.566,2.582,2.5385,2.553,5676,5678.5,5643.5,5644.5,440,441.75,432.7,436.05,96937,-53891,43046,71271,-118044,-46773,17101,-13374,3727,NaN,NaN,NaN,NaN,242951,96937,-53891,43046,71271,-118044,-46773,17101,-13374,3727
2019-10-03T22:00:00Z,2.5535,2.566,2.53,2.5645,5608.5,5610,5605,5609,435,436.9,431.8,435.8,96937,-53891,43046,71271,-118044,-46773,17101,-13374,3727,NaN,NaN,NaN,NaN,242951,96937,-53891,43046,71271,-118044,-46773,17101,-13374,3727
2019-10-06T22:00:00Z,2.557,2.5895,2.5525,2.573,NaN,NaN,NaN,NaN,436.5,439.85,435.5,438.9,96937,-53891,43046,71271,-118044,-46773,17101,-13374,3727,NaN,NaN,NaN,NaN,242951,96937,-53891,43046,71271,-118044,-46773,17101,-13374,3727
2019-10-07T22:00:00Z,2.573,2.6015,2.5615,2.5665,5593.5,5723,5593.5,5680,438.15,439.25,437.15,438,108105,-60124,47981,69884,-117977,-48093,14773,-14661,112,NaN,NaN,NaN,NaN,256724,108105,-60124,47981,69884,-117977,-48093,14773,-14661,112
2019-10-08T22:00:00Z,2.567,2.5795,2.5605,2.5675,5680,5680,5652,5652,438.7,438.7,436.35,437.35,108105,-60124,47981,69884,-117977,-48093,14773,-14661,112,NaN,NaN,NaN,NaN,256724,108105,-60124,47981,69884,-117977,-48093,14773,-14661,112
2019-10-09T22:00:00Z,2.569,2.62,2.5475,2.6125,5686,5730,5672,5730,436.4,441.95,436.4,441.55,108105,-60124,47981,69884,-117977,-48093,14773,-14661,112,NaN,NaN,NaN,NaN,256724,108105,-60124,47981,69884,-117977,-48093,14773,-14661,112
2019-10-10T22:00:00Z,2.611,2.6385,2.606,2.624,5759.5,5777,5750,5777,441.55,443.45,440.45,443.15,108105,-60124,47981,69884,-117977,-48093,14773,-14661,112,NaN,NaN,NaN,NaN,256724,108105,-60124,47981,69884,-117977,-48093,14773,-14661,112
2019-10-13T22:00:00Z,2.6275,2.6345,2.594,2.6325,5786,5797,5756.5,5765,442.65,444.8,440.15,444.4,108105,-60124,47981,69884,-117977,-48093,14773,-14661,112,NaN,NaN,NaN,NaN,256724,108105,-60124,47981,69884,-117977,-48093,14773,-14661,112
2019-10-14T22:00:00Z,2.632,2.6415,2.606,2.6115,5740,5798,5732,5778,444.1,444.3,442.1,442.55,110400,-64622,45778,67383,-114638,-47255,16188,-14711,1477,NaN,NaN,NaN,NaN,257178,110400,-64622,45778,67383,-114638,-47255,16188,-14711,1477
2019-10-15T22:00:00Z,2.6125,2.613,2.573,2.5865,5750,5750,5690,5690,442.2,442.4,437.4,437.85,110400,-64622,45778,67383,-114638,-47255,16188,-14711,1477,NaN,NaN,NaN,NaN,257178,110400,-64622,45778,67383,-114638,-47255,16188,-14711,1477
2019-10-16T22:00:00Z,2.587,2.6175,2.577,2.5995,5692.5,5724.5,5692.5,5724.5,437.65,439.85,436.15,437.65,110400,-64622,45778,67383,-114638,-47255,16188,-14711,1477,NaN,NaN,NaN,NaN,257178,110400,-64622,45778,67383,-114638,-47255,16188,-14711,1477
2019-10-17T22:00:00Z,2.6,2.646,2.585,2.644,5735,5740,5711,5734.5,437.5,441,436.6,440.6,110400,-64622,45778,67383,-114638,-47255,16188,-14711,1477,NaN,NaN,NaN,NaN,257178,110400,-64622,45778,67383,-114638,-47255,16188,-14711,1477
2019-10-20T22:00:00Z,2.6395,2.66,2.6305,2.646,5758,5820,5758,5813,441.2,442.8,440.65,441.15,110400,-64622,45778,67383,-114638,-47255,16188,-14711,1477,NaN,NaN,NaN,NaN,257178,110400,-64622,45778,67383,-114638,-47255,16188,-14711,1477
2019-10-21T22:00:00Z,2.645,2.6505,2.6295,2.6355,5820,5820,5803,5803,440.85,441,438.55,438.9,106650,-65810,40840,68744,-110317,-41573,17047,-16314,733,NaN,NaN,NaN,NaN,251164,106650,-65810,40840,68744,-110317,-41573,17047,-16314,733
2019-10-22T22:00:00Z,2.6355,2.6745,2.6145,2.6675,5803,5803,5798.5,5798.5,438.5,440.2,437,439.6,106650,-65810,40840,68744,-110317,-41573,17047,-16314,733,NaN,NaN,NaN,NaN,251164,106650,-65810,40840,68744,-110317,-41573,17047,-16314,733
2019-10-23T22:00:00Z,2.669,2.6795,2.659,2.6665,5874.5,5886,5874.5,5882,439.5,440.9,438.1,438.7,106650,-65810,40840,68744,-110317,-41573,17047,-16314,733,NaN,NaN,NaN,NaN,251164,106650,-65810,40840,68744,-110317,-41573,17047,-16314,733
2019-10-24T22:00:00Z,2.6665,2.6905,2.659,2.6845,5865.5,5874.5,5863,5863,443.6,445,442.1,443,106650,-65810,40840,68744,-110317,-41573,17047,-16314,733,NaN,NaN,NaN,NaN,251164,106650,-65810,40840,68744,-110317,-41573,17047,-16314,733
2019-10-27T22:00:00Z,2.685,2.689,2.6735,2.683,5877.5,5892,5877.5,5889.5,442,443.5,442,442.3,106650,-65810,40840,68744,-110317,-41573,17047,-16314,733,NaN,NaN,NaN,NaN,251164,106650,-65810,40840,68744,-110317,-41573,17047,-16314,733
2019-10-28T22:00:00Z,2.682,2.697,2.6725,2.692,5905.5,5905.5,5894,5894,442,444,440.55,443.5,95839,-71745,24094,76814,-102039,-25225,16962,-15831,1131,NaN,NaN,NaN,NaN,246252,95839,-71745,24094,76814,-102039,-25225,16962,-15831,1131
2019-10-29T22:00:00Z,2.692,2.6955,2.6605,2.6795,5891,5913,5891,5912,443,444.8,442.6,443.8,95839,-71745,24094,76814,-102039,-25225,16962,-15831,1131,NaN,NaN,NaN,NaN,246252,95839,-71745,24094,76814,-102039,-25225,16962,-15831,1131
2019-10-30T22:00:00Z,2.681,2.6875,2.628,2.6385,5912,5912,5861.5,5861.5,443.95,443.95,437.5,437.95,95839,-71745,24094,76814,-102039,-25225,16962,-15831,1131,NaN,NaN,NaN,NaN,246252,95839,-71745,24094,76814,-102039,-25225,16962,-15831,1131
2019-10-31T22:00:00Z,2.637,2.664,2.6315,2.6615,5861.5,5861.5,5805.5,5805.5,439.5,440,436.8,438.45,95839,-71745,24094,76814,-102039,-25225,16962,-15831,1131,NaN,NaN,NaN,NaN,246252,95839,-71745,24094,76814,-102039,-25225,16962,-15831,1131
2019-11-03T23:00:00Z,2.6625,2.677,2.6535,2.6625,5840,5853,5840,5853,439.5,442,438.5,441.6,95839,-71745,24094,76814,-102039,-25225,16962,-15831,1131,NaN,NaN,NaN,NaN,246252,95839,-71745,24094,76814,-102039,-25225,16962,-15831,1131
2019-11-04T23:00:00Z,2.6655,2.7155,2.663,2.7,5853,5895,5853,5895,441.85,444.8,440.85,444.25,87029,-66780,20249,81652,-104963,-23311,17973,-14911,3062,NaN,NaN,NaN,NaN,239147,87029,-66780,20249,81652,-104963,-23311,17973,-14911,3062
2019-11-05T23:00:00Z,2.6995,2.7015,2.6605,2.6715,5924,5924,5898.5,5898.5,443.3,445.4,440.5,440.9,87029,-66780,20249,81652,-104963,-23311,17973,-14911,3062,NaN,NaN,NaN,NaN,239147,87029,-66780,20249,81652,-104963,-23311,17973,-14911,3062
2019-11-06T23:00:00Z,2.6705,2.73,2.6655,2.712,5866,5918,5866,5918,441.45,446.2,440.65,445.7,87029,-66780,20249,81652,-104963,-23311,17973,-14911,3062,NaN,NaN,NaN,NaN,239147,87029,-66780,20249,81652,-104963,-23311,17973,-14911,3062
2019-11-07T23:00:00Z,2.712,2.7215,2.6765,2.6885,5918,5956,5918,5956,444.5,445.55,442.05,442.4,87029,-66780,20249,81652,-104963,-23311,17973,-14911,3062,NaN,NaN,NaN,NaN,239147,87029,-66780,20249,81652,-104963,-23311,17973,-14911,3062
2019-11-10T23:00:00Z,2.683,2.69,2.656,2.662,5887.5,5887.5,5882.5,5882.5,442.1,442.75,440.1,440.7,87029,-66780,20249,81652,-104963,-23311,17973,-14911,3062,NaN,NaN,NaN,NaN,239147,87029,-66780,20249,81652,-104963,-23311,17973,-14911,3062
2019-11-11T23:00:00Z,2.663,2.6835,2.642,2.6455,5882.5,5882.5,5827,5827,439.75,440.8,439.35,439.65,91310,-70023,21287,73303,-99590,-26287,20938,-15938,5000,NaN,NaN,NaN,NaN,239830,91310,-70023,21287,73303,-99590,-26287,20938,-15938,5000
2019-11-12T23:00:00Z,2.6465,2.6515,2.633,2.637,5827,5827,5817,5817,439.25,440.7,438.3,440.2,91310,-70023,21287,73303,-99590,-26287,20938,-15938,5000,NaN,NaN,NaN,NaN,239830,91310,-70023,21287,73303,-99590,-26287,20938,-15938,5000
2019-11-13T23:00:00Z,2.6375,2.658,2.613,2.623,5826,5840.5,5826,5840.5,440.8,441.4,437,437.5,91310,-70023,21287,73303,-99590,-26287,20938,-15938,5000,NaN,NaN,NaN,NaN,239830,91310,-70023,21287,73303,-99590,-26287,20938,-15938,5000
2019-11-14T23:00:00Z,2.625,2.643,2.6225,2.6365,5828,5828,5826,5826,438,439.5,437.2,437.7,91310,-70023,21287,73303,-99590,-26287,20938,-15938,5000,NaN,NaN,NaN,NaN,239830,91310,-70023,21287,73303,-99590,-26287,20938,-15938,5000
2019-11-17T23:00:00Z,2.637,2.6485,2.614,2.619,5833,5840,5833,5836.5,438.45,439.2,436.1,436.35,91310,-70023,21287,73303,-99590,-26287,20938,-15938,5000,NaN,NaN,NaN,NaN,239830,91310,-70023,21287,73303,-99590,-26287,20938,-15938,5000
2019-11-18T23:00:00Z,2.6195,2.6625,2.6165,2.6555,5835,5835,5817,5821.5,437.8,438.25,435.55,437.75,93647,-61093,32554,63747,-98853,-35106,18999,-16447,2552,NaN,NaN,NaN,NaN,228961,93647,-61093,32554,63747,-98853,-35106,18999,-16447,2552
2019-11-19T23:00:00Z,2.654,2.666,2.641,2.6475,5855.5,5878.5,5855.5,5871,437.25,437.5,435.05,435.45,93647,-61093,32554,63747,-98853,-35106,18999,-16447,2552,NaN,NaN,NaN,NaN,228961,93647,-61093,32554,63747,-98853,-35106,18999,-16447,2552
2019-11-20T23:00:00Z,2.648,2.651,2.621,2.625,5880,5891.5,5823.5,5823.5,435.15,435.15,430.6,431,93647,-61093,32554,63747,-98853,-35106,18999,-16447,2552,NaN,NaN,NaN,NaN,228961,93647,-61093,32554,63747,-98853,-35106,18999,-16447,2552
2019-11-21T23:00:00Z,2.6255,2.6525,2.6155,2.646,5825,5828,5818.5,5818.5,431.4,431.4,429.35,430.1,93647,-61093,32554,63747,-98853,-35106,18999,-16447,2552,NaN,NaN,NaN,NaN,228961,93647,-61093,32554,63747,-98853,-35106,18999,-16447,2552
2019-11-24T23:00:00Z,2.6455,2.67,2.6365,2.645,5865,5885,5860,5879.5,437.1,437.5,433.55,434.05,93647,-61093,32554,63747,-98853,-35106,18999,-16447,2552,NaN,NaN,NaN,NaN,228961,93647,-61093,32554,63747,-98853,-35106,18999,-16447,2552
2019-11-25T23:00:00Z,2.645,2.679,2.6355,2.675,5911,5911,5874,5880.5,433.7,436.95,432.05,436.55,95079,-58441,36638,61166,-99728,-38562,15681,-13757,1924,NaN,NaN,NaN,NaN,212577,95079,-58441,36638,61166,-99728,-38562,15681,-13757,1924
2019-11-26T23:00:00Z,2.696,2.71,2.6845,2.6985,5894.5,5947.5,5894.5,5932,435.75,437.4,434.7,435.2,95079,-58441,36638,61166,-99728,-38562,15681,-13757,1924,NaN,NaN,NaN,NaN,212577,95079,-58441,36638,61166,-99728,-38562,15681,-13757,1924
2019-11-27T23:00:00Z,2.699,2.7005,2.6535,2.661,5884.5,5884.5,5872,5872,433.7,435,432,432.6,95079,-58441,36638,61166,-99728,-38562,15681,-13757,1924,NaN,NaN,NaN,NaN,212577,95079,-58441,36638,61166,-99728,-38562,15681,-13757,1924
2019-12-01T23:00:00Z,2.662,2.679,2.647,2.6505,5874.5,5876.5,5874.5,5876.5,433.5,435,431.45,432.1,95079,-58441,36638,61166,-99728,-38562,15681,-13757,1924,NaN,NaN,NaN,NaN,212577,95079,-58441,36638,61166,-99728,-38562,15681,-13757,1924
2019-12-02T23:00:00Z,2.651,2.655,2.6205,2.6265,5834,5834,5823,5823,432.4,432.6,428.2,428.35,99143,-63515,35628,64225,-101932,-37707,15533,-13454,2079,NaN,NaN,NaN,NaN,215424,99143,-63515,35628,64225,-101932,-37707,15533,-13454,2079
2019-12-03T23:00:00Z,2.6265,2.6665,2.6205,2.661,5800.5,5809,5800.5,5809,429.3,432.5,427.7,431.1,99143,-63515,35628,64225,-101932,-37707,15533,-13454,2079,NaN,NaN,NaN,NaN,215424,99143,-63515,35628,64225,-101932,-37707,15533,-13454,2079
2019-12-04T23:00:00Z,2.662,2.6765,2.6535,2.6665,5809,5858,5809,5858,430.85,432.4,429.8,430.6,99143,-63515,35628,64225,-101932,-37707,15533,-13454,2079,NaN,NaN,NaN,NaN,215424,99143,-63515,35628,64225,-101932,-37707,15533,-13454,2079
2019-12-05T23:00:00Z,2.666,2.7535,2.6645,2.748,5858,5898.5,5858,5898.5,430.85,438.75,430.75,438.1,99143,-63515,35628,64225,-101932,-37707,15533,-13454,2079,NaN,NaN,NaN,NaN,215424,99143,-63515,35628,64225,-101932,-37707,15533,-13454,2079
2019-12-08T23:00:00Z,2.7455,2.762,2.72,2.754,6009,6009,5993.5,5993.5,438,440.4,436.1,439.5,99143,-63515,35628,64225,-101932,-37707,15533,-13454,2079,NaN,NaN,NaN,NaN,215424,99143,-63515,35628,64225,-101932,-37707,15533,-13454,2079
2019-12-09T23:00:00Z,2.7535,2.77,2.7485,2.764,6071.5,6071.5,6066.5,6066.5,438.25,439.8,437.5,439.15,89913,-73811,16102,79231,-96379,-17148,16085,-15039,1046,NaN,NaN,NaN,NaN,226987,89913,-73811,16102,79231,-96379,-17148,16085,-15039,1046
2019-12-10T23:00:00Z,2.766,2.798,2.7575,2.792,6082,6097,6082,6088.5,438.95,442.75,438.55,442.05,89913,-73811,16102,79231,-96379,-17148,16085,-15039,1046,NaN,NaN,NaN,NaN,226987,89913,-73811,16102,79231,-96379,-17148,16085,-15039,1046
2019-12-11T23:00:00Z,2.7945,2.8145,2.7635,2.8095,6135.5,6135.5,6129.5,6129.5,441.8,442.95,439,441.95,89913,-73811,16102,79231,-96379,-17148,16085,-15039,1046,NaN,NaN,NaN,NaN,226987,89913,-73811,16102,79231,-96379,-17148,16085,-15039,1046
2019-12-12T23:00:00Z,2.8135,2.831,2.7655,2.785,6181,6192.5,6163,6163,442.8,445.4,438.75,440,89913,-73811,16102,79231,-96379,-17148,16085,-15039,1046,NaN,NaN,NaN,NaN,226987,89913,-73811,16102,79231,-96379,-17148,16085,-15039,1046
2019-12-15T23:00:00Z,2.7865,2.8185,2.7815,2.808,6159.5,6161.5,6159.5,6161.5,441.15,443.45,440.9,442.95,89913,-73811,16102,79231,-96379,-17148,16085,-15039,1046,NaN,NaN,NaN,NaN,226987,89913,-73811,16102,79231,-96379,-17148,16085,-15039,1046
2019-12-16T23:00:00Z,2.8095,2.8265,2.801,2.8095,6191,6191,6183,6183,442.6,444.4,442.35,443.75,90846,-95281,-4435,95804,-95635,169,17847,-13581,4266,NaN,NaN,NaN,NaN,259207,90846,-95281,-4435,95804,-95635,169,17847,-13581,4266
2019-12-17T23:00:00Z,2.81,2.8145,2.7875,2.8105,6154,6160,6144,6155,443.6,444.15,441,443.7,90846,-95281,-4435,95804,-95635,169,17847,-13581,4266,NaN,NaN,NaN,NaN,259207,90846,-95281,-4435,95804,-95635,169,17847,-13581,4266
2019-12-18T23:00:00Z,2.8115,2.8275,2.8005,2.8255,6145,6167,6136,6160.5,442.6,446.05,441.7,445.7,90846,-95281,-4435,95804,-95635,169,17847,-13581,4266,NaN,NaN,NaN,NaN,259207,90846,-95281,-4435,95804,-95635,169,17847,-13581,4266
2019-12-19T23:00:00Z,2.8255,2.834,2.7985,2.804,6170,6200,6161.5,6170.5,445.5,445.5,441.5,442.1,90846,-95281,-4435,95804,-95635,169,17847,-13581,4266,NaN,NaN,NaN,NaN,259207,90846,-95281,-4435,95804,-95635,169,17847,-13581,4266
2019-12-22T23:00:00Z,2.807,2.8135,2.794,2.8095,6176,6176,6150,6165,441.4,442,440.1,441.25,90846,-95281,-4435,95804,-95635,169,17847,-13581,4266,NaN,NaN,NaN,NaN,259207,90846,-95281,-4435,95804,-95635,169,17847,-13581,4266
2019-12-23T23:00:00Z,2.8095,2.8325,2.8035,2.825,6168,6170,6168,6168.5,446.05,446.7,443.35,444.25,89267,-96683,-7416,97993,-94526,3467,17552,-13603,3949,NaN,NaN,NaN,NaN,263899,89267,-96683,-7416,97993,-94526,3467,17552,-13603,3949
2019-12-25T23:00:00Z,2.8375,2.8565,2.8255,2.85,NaN,NaN,NaN,NaN,444.15,446,444.05,444.9,89267,-96683,-7416,97993,-94526,3467,17552,-13603,3949,NaN,NaN,NaN,NaN,263899,89267,-96683,-7416,97993,-94526,3467,17552,-13603,3949
2019-12-26T23:00:00Z,2.851,2.851,2.8145,2.8245,6168.5,6235,6168.5,6235,444.9,445.7,444.1,444.85,89267,-96683,-7416,97993,-94526,3467,17552,-13603,3949,NaN,NaN,NaN,NaN,263899,89267,-96683,-7416,97993,-94526,3467,17552,-13603,3949
2019-12-29T23:00:00Z,2.8255,2.838,2.819,2.819,6200.5,6221,6200.5,6213.5,444.25,445.9,443.55,444.45,89267,-96683,-7416,97993,-94526,3467,17552,-13603,3949,NaN,NaN,NaN,NaN,263899,89267,-96683,-7416,97993,-94526,3467,17552,-13603,3949
2019-12-30T23:00:00Z,2.8205,2.822,2.796,2.7985,6200,6210,6198,6198,444.1,444.2,440.85,441.25,87605,-98663,-11058,98583,-93439,5144,17908,-11994,5914,NaN,NaN,NaN,NaN,266891,87605,-98663,-11058,98583,-93439,5144,17908,-11994,5914
2020-01-01T23:00:00Z,2.8035,2.8295,2.794,2.8235,6201.5,6201.5,6193,6199,443.4,444.4,441.25,443.8,87605,-98663,-11058,98583,-93439,5144,17908,-11994,5914,NaN,NaN,NaN,NaN,266891,87605,-98663,-11058,98583,-93439,5144,17908,-11994,5914
2020-01-02T23:00:00Z,2.825,2.8255,2.7595,2.7805,6196,6200,6124,6125.5,442.85,444.15,439,441.8,87605,-98663,-11058,98583,-93439,5144,17908,-11994,5914,NaN,NaN,NaN,NaN,266891,87605,-98663,-11058,98583,-93439,5144,17908,-11994,5914
2020-01-05T23:00:00Z,2.765,2.7955,2.7645,2.789,6114,6136,6098,6099,443.5,446.95,441.2,446.3,87605,-98663,-11058,98583,-93439,5144,17908,-11994,5914,NaN,NaN,NaN,NaN,266891,87605,-98663,-11058,98583,-93439,5144,17908,-11994,5914
2020-01-06T23:00:00Z,2.789,2.804,2.78,2.7955,6156,6158,6137.5,6143,446,449.6,446,449.1,92237,-95035,-2798,92710,-95850,-3140,18729,-12791,5938,NaN,NaN,NaN,NaN,270889,92237,-95035,-2798,92710,-95850,-3140,18729,-12791,5938
2020-01-07T23:00:00Z,2.7955,2.814,2.763,2.809,6143.5,6166.5,6126,6153,449.5,452.25,449.15,451.85,92237,-95035,-2798,92710,-95850,-3140,18729,-12791,5938,NaN,NaN,NaN,NaN,270889,92237,-95035,-2798,92710,-95850,-3140,18729,-12791,5938
2020-01-08T23:00:00Z,2.808,2.819,2.7955,2.7985,6157,6193,6157,6184.5,451.65,453.45,449.4,449.95,92237,-95035,-2798,92710,-95850,-3140,18729,-12791,5938,NaN,NaN,NaN,NaN,270889,92237,-95035,-2798,92710,-95850,-3140,18729,-12791,5938
2020-01-09T23:00:00Z,2.8,2.836,2.7955,2.81,6180.5,6181.5,6174.5,6174.5,450.5,451.6,446.6,447.4,92237,-95035,-2798,92710,-95850,-3140,18729,-12791,5938,NaN,NaN,NaN,NaN,270889,92237,-95035,-2798,92710,-95850,-3140,18729,-12791,5938
2020-01-12T23:00:00Z,2.8055,2.864,2.8055,2.8555,6203.5,6206.5,6189.5,6198,447.05,451.45,447.05,450.85,92237,-95035,-2798,92710,-95850,-3140,18729,-12791,5938,NaN,NaN,NaN,NaN,270889,92237,-95035,-2798,92710,-95850,-3140,18729,-12791,5938
2020-01-13T23:00:00Z,2.856,2.8745,2.8495,2.867,6267,6272,6262,6268.5,450.8,459.4,449.8,453.85,88559,-97830,-9271,103537,-100070,3467,19422,-13618,5804,NaN,NaN,NaN,NaN,281166,88559,-97830,-9271,103537,-100070,3467,19422,-13618,5804
2020-01-14T23:00:00Z,2.87,2.8705,2.8365,2.8625,6254,6256.5,6254,6256.5,452.95,455.9,450.5,455.25,88559,-97830,-9271,103537,-100070,3467,19422,-13618,5804,NaN,NaN,NaN,NaN,281166,88559,-97830,-9271,103537,-100070,3467,19422,-13618,5804
2020-01-15T23:00:00Z,2.8625,2.886,2.8415,2.852,6271,6279.5,6271,6279.5,454.25,456.7,451.25,452.25,88559,-97830,-9271,103537,-100070,3467,19422,-13618,5804,NaN,NaN,NaN,NaN,281166,88559,-97830,-9271,103537,-100070,3467,19422,-13618,5804
2020-01-16T23:00:00Z,2.852,2.8755,2.8415,2.846,6313,6319,6301,6301,452.25,455.5,452.25,454.6,88559,-97830,-9271,103537,-100070,3467,19422,-13618,5804,NaN,NaN,NaN,NaN,281166,88559,-97830,-9271,103537,-100070,3467,19422,-13618,5804
2020-01-19T23:00:00Z,2.847,2.861,2.79,2.7905,6230.5,6230.5,6159,6172,454.25,454.25,450.2,452.55,86080,-97982,-11902,103727,-97938,5789,18159,-12046,6113,NaN,NaN,NaN,NaN,282358,86080,-97982,-11902,103727,-97938,5789,18159,-12046,6113
2020-01-21T23:00:00Z,2.788,2.805,2.7635,2.7685,6136,6148.5,6128,6141.5,452.85,454.2,450.85,452.35,86080,-97982,-11902,103727,-97938,5789,18159,-12046,6113,NaN,NaN,NaN,NaN,282358,86080,-97982,-11902,103727,-97938,5789,18159,-12046,6113
2020-01-22T23:00:00Z,2.768,2.7725,2.711,2.735,6097,6097,6064,6064,452.2,452.75,445.2,445.7,86080,-97982,-11902,103727,-97938,5789,18159,-12046,6113,NaN,NaN,NaN,NaN,282358,86080,-97982,-11902,103727,-97938,5789,18159,-12046,6113
2020-01-23T23:00:00Z,2.731,2.736,2.6775,2.6835,6018,6019.5,5980.5,6002.5,445.15,446.1,437.4,438.65,86080,-97982,-11902,103727,-97938,5789,18159,-12046,6113,NaN,NaN,NaN,NaN,282358,86080,-97982,-11902,103727,-97938,5789,18159,-12046,6113
2020-01-26T23:00:00Z,2.6675,2.673,2.5915,2.5965,NaN,NaN,NaN,NaN,436.5,436.5,426.8,427.95,86080,-97982,-11902,103727,-97938,5789,18159,-12046,6113,NaN,NaN,NaN,NaN,282358,86080,-97982,-11902,103727,-97938,5789,18159,-12046,6113
2020-01-27T23:00:00Z,2.5935,2.6085,2.5775,2.5885,NaN,NaN,NaN,NaN,427.15,436.9,426.45,432.85,90138,-80793,9345,77213,-91603,-14390,17789,-12744,5045,NaN,NaN,NaN,NaN,248958,90138,-80793,9345,77213,-91603,-14390,17789,-12744,5045
2020-01-28T23:00:00Z,2.588,2.6065,2.553,2.5615,5716,5719,5716,5719,434.4,434.9,429.1,429.4,90138,-80793,9345,77213,-91603,-14390,17789,-12744,5045,NaN,NaN,NaN,NaN,248958,90138,-80793,9345,77213,-91603,-14390,17789,-12744,5045
2020-01-29T23:00:00Z,2.562,2.5665,2.516,2.549,5636,5637,5571.5,5582.5,428.75,429.35,425.9,426.5,90138,-80793,9345,77213,-91603,-14390,17789,-12744,5045,NaN,NaN,NaN,NaN,248958,90138,-80793,9345,77213,-91603,-14390,17789,-12744,5045
2020-01-30T23:00:00Z,2.5455,2.5635,2.5035,2.512,5619,5619,5592.5,5592.5,427.9,429.4,426.15,427.25,90138,-80793,9345,77213,-91603,-14390,17789,-12744,5045,NaN,NaN,NaN,NaN,248958,90138,-80793,9345,77213,-91603,-14390,17789,-12744,5045
2020-02-02T23:00:00Z,2.49,2.5635,2.4875,2.507,5630,5638,5588.5,5588.5,427.7,430.2,420.6,421.75,90138,-80793,9345,77213,-91603,-14390,17789,-12744,5045,NaN,NaN,NaN,NaN,248958,90138,-80793,9345,77213,-91603,-14390,17789,-12744,5045
2020-02-03T23:00:00Z,2.5055,2.5725,2.5015,2.545,5622.5,5664.5,5607.5,5664.5,424.7,429.8,424.7,428.6,105011,-75536,29475,69638,-103957,-34319,18530,-13686,4844,NaN,NaN,NaN,NaN,264032,105011,-75536,29475,69638,-103957,-34319,18530,-13686,4844
2020-02-04T23:00:00Z,2.547,2.6055,2.5425,2.585,5655,5684,5654,5654,429.5,436.4,429.5,434.5,105011,-75536,29475,69638,-103957,-34319,18530,-13686,4844,NaN,NaN,NaN,NaN,264032,105011,-75536,29475,69638,-103957,-34319,18530,-13686,4844
2020-02-05T23:00:00Z,2.5825,2.6225,2.5765,2.5975,5777,5781,5759,5759,435.5,439.45,433.4,435.5,105011,-75536,29475,69638,-103957,-34319,18530,-13686,4844,NaN,NaN,NaN,NaN,264032,105011,-75536,29475,69638,-103957,-34319,18530,-13686,4844
2020-02-06T23:00:00Z,2.594,2.599,2.5455,2.5465,5703.5,5703.5,5680.5,5680.5,433.5,434.95,430.35,430.9,105011,-75536,29475,69638,-103957,-34319,18530,-13686,4844,NaN,NaN,NaN,NaN,264032,105011,-75536,29475,69638,-103957,-34319,18530,-13686,4844
2020-02-09T23:00:00Z,2.55,2.576,2.54,2.557,5657.5,5687.5,5657.5,5673.5,432.9,433,428.3,429.05,105011,-75536,29475,69638,-103957,-34319,18530,-13686,4844,NaN,NaN,NaN,NaN,264032,105011,-75536,29475,69638,-103957,-34319,18530,-13686,4844
2020-02-10T23:00:00Z,2.556,2.6075,2.5555,2.582,5633.5,5720,5631,5708,431.2,434.9,431.2,433.75,117426,-77003,40423,67556,-113215,-45659,18323,-13087,5236,NaN,NaN,NaN,NaN,269208,117426,-77003,40423,67556,-113215,-45659,18323,-13087,5236
2020-02-11T23:00:00Z,2.582,2.61,2.58,2.6045,5719.5,5738.5,5710,5726.5,434.75,435.6,433.25,435.25,117426,-77003,40423,67556,-113215,-45659,18323,-13087,5236,NaN,NaN,NaN,NaN,269208,117426,-77003,40423,67556,-113215,-45659,18323,-13087,5236
2020-02-12T23:00:00Z,2.602,2.6275,2.5815,2.6155,5747.5,5748,5731.5,5731.5,434.6,436,432.2,435.6,117426,-77003,40423,67556,-113215,-45659,18323,-13087,5236,NaN,NaN,NaN,NaN,269208,117426,-77003,40423,67556,-113215,-45659,18323,-13087,5236
2020-02-13T23:00:00Z,2.615,2.6175,2.5925,2.5995,5743,5781,5729,5776.5,435,435.6,433.3,433.95,117426,-77003,40423,67556,-113215,-45659,18323,-13087,5236,NaN,NaN,NaN,NaN,269208,117426,-77003,40423,67556,-113215,-45659,18323,-13087,5236
2020-02-16T23:00:00Z,2.604,2.6325,2.594,2.6095,5797,5797,5776.5,5776.5,434.2,434.35,430.55,431.6,114476,-76846,37630,70397,-112410,-42013,18572,-14189,4383,NaN,NaN,NaN,NaN,275462,114476,-76846,37630,70397,-112410,-42013,18572,-14189,4383
2020-02-18T23:00:00Z,2.6055,2.627,2.5775,2.608,5755,5806.5,5755,5794.5,432,433.95,428.5,431.3,114476,-76846,37630,70397,-112410,-42013,18572,-14189,4383,NaN,NaN,NaN,NaN,275462,114476,-76846,37630,70397,-112410,-42013,18572,-14189,4383
2020-02-19T23:00:00Z,2.606,2.6235,2.5775,2.59,5745,5797.5,5745,5766.5,431.3,431.85,429.1,430.15,114476,-76846,37630,70397,-112410,-42013,18572,-14189,4383,NaN,NaN,NaN,NaN,275462,114476,-76846,37630,70397,-112410,-42013,18572,-14189,4383
2020-02-20T23:00:00Z,2.5895,2.6175,2.5605,2.602,5757.5,5757.5,5682.5,5684,429.9,431.15,427.75,430.25,114476,-76846,37630,70397,-112410,-42013,18572,-14189,4383,NaN,NaN,NaN,NaN,275462,114476,-76846,37630,70397,-112410,-42013,18572,-14189,4383
2020-02-23T23:00:00Z,2.5915,2.592,2.5585,2.57,5718,5745,5684,5684,432.75,433.3,426.55,427.45,114476,-76846,37630,70397,-112410,-42013,18572,-14189,4383,NaN,NaN,NaN,NaN,275462,114476,-76846,37630,70397,-112410,-42013,18572,-14189,4383
2020-02-24T23:00:00Z,2.5705,2.5915,2.558,2.565,5684,5714,5674,5699.5,427.4,430.3,420.7,427.85,112376,-69767,42609,69989,-114208,-44219,15682,-14072,1610,NaN,NaN,NaN,NaN,260777,112376,-69767,42609,69989,-114208,-44219,15682,-14072,1610
2020-02-25T23:00:00Z,2.564,2.5785,2.543,2.563,5682,5682,5654,5659.5,428,428,421.15,425.1,112376,-69767,42609,69989,-114208,-44219,15682,-14072,1610,NaN,NaN,NaN,NaN,260777,112376,-69767,42609,69989,-114208,-44219,15682,-14072,1610
2020-02-26T23:00:00Z,2.5665,2.582,2.5255,2.553,5625,5662.5,5625,5662.5,425,425,416.5,422.45,112376,-69767,42609,69989,-114208,-44219,15682,-14072,1610,NaN,NaN,NaN,NaN,260777,112376,-69767,42609,69989,-114208,-44219,15682,-14072,1610
2020-02-27T23:00:00Z,2.5565,2.5775,2.506,2.5445,5608,5610.5,5535,5537.5,419.85,424.15,415.3,421.85,112376,-69767,42609,69989,-114208,-44219,15682,-14072,1610,NaN,NaN,NaN,NaN,260777,112376,-69767,42609,69989,-114208,-44219,15682,-14072,1610
2020-03-01T23:00:00Z,2.522,2.613,2.501,2.606,5565,5728,5565,5714,424.8,429.5,422,429,112376,-69767,42609,69989,-114208,-44219,15682,-14072,1610,NaN,NaN,NaN,NaN,260777,112376,-69767,42609,69989,-114208,-44219,15682,-14072,1610
2020-03-02T23:00:00Z,2.6165,2.625,2.5465,2.5845,5672,5752.5,5672,5712,428.9,431.95,422.4,425.65,107837,-69326,38511,66736,-105616,-38880,13576,-13207,369,NaN,NaN,NaN,NaN,242931,107837,-69326,38511,66736,-105616,-38880,13576,-13207,369
2020-03-03T23:00:00Z,2.587,2.6,2.57,2.587,5700,5711,5688.5,5701,427,429.9,426.6,428.55,107837,-69326,38511,66736,-105616,-38880,13576,-13207,369,NaN,NaN,NaN,NaN,242931,107837,-69326,38511,66736,-105616,-38880,13576,-13207,369
2020-03-04T23:00:00Z,2.5825,2.6,2.561,2.5675,5716,5716,5698,5698,430.05,431.8,427.2,431,107837,-69326,38511,66736,-105616,-38880,13576,-13207,369,NaN,NaN,NaN,NaN,242931,107837,-69326,38511,66736,-105616,-38880,13576,-13207,369
2020-03-05T23:00:00Z,2.57,2.577,2.532,2.554,5686,5686.5,5646,5651.5,429.15,434,428.3,433.55,107837,-69326,38511,66736,-105616,-38880,13576,-13207,369,NaN,NaN,NaN,NaN,242931,107837,-69326,38511,66736,-105616,-38880,13576,-13207,369
2020-03-08T22:00:00Z,2.535,2.535,2.4565,2.4855,5497.5,5514.5,5441,5441,430,430,418.3,428.35,107837,-69326,38511,66736,-105616,-38880,13576,-13207,369,NaN,NaN,NaN,NaN,242931,107837,-69326,38511,66736,-105616,-38880,13576,-13207,369
2020-03-09T22:00:00Z,2.487,2.5655,2.482,2.54,5612.5,5638,5590.5,5601.5,430.5,432.5,427,427.8,103923,-63737,40186,60208,-99274,-39066,12630,-13750,-1120,NaN,NaN,NaN,NaN,227198,103923,-63737,40186,60208,-99274,-39066,12630,-13750,-1120
2020-03-10T22:00:00Z,2.541,2.542,2.4725,2.478,5620,5624.5,5560.5,5564,430,430,424.05,425.5,103923,-63737,40186,60208,-99274,-39066,12630,-13750,-1120,NaN,NaN,NaN,NaN,227198,103923,-63737,40186,60208,-99274,-39066,12630,-13750,-1120
2020-03-11T22:00:00Z,2.4775,2.4845,2.428,2.4415,5558.5,5558.5,5408.5,5433.5,422.5,424.4,415.65,422.1,103923,-63737,40186,60208,-99274,-39066,12630,-13750,-1120,NaN,NaN,NaN,NaN,227198,103923,-63737,40186,60208,-99274,-39066,12630,-13750,-1120
2020-03-12T22:00:00Z,2.443,2.532,2.4015,2.4935,5410,5522,5334,5521,415.65,427.7,413.65,421.8,103923,-63737,40186,60208,-99274,-39066,12630,-13750,-1120,NaN,NaN,NaN,NaN,227198,103923,-63737,40186,60208,-99274,-39066,12630,-13750,-1120
2020-03-15T22:00:00Z,2.51,2.5155,2.335,2.384,5448.5,5473,5344.5,5354,419.15,419.15,404.4,412.45,103923,-63737,40186,60208,-99274,-39066,12630,-13750,-1120,NaN,NaN,NaN,NaN,227198,103923,-63737,40186,60208,-99274,-39066,12630,-13750,-1120
2020-03-16T22:00:00Z,2.386,2.4255,2.302,2.3115,5251,5327,5251,5314.5,413.6,414.05,406.2,408.1,99906,-60104,39802,54628,-92683,-38055,13249,-14996,-1747,NaN,NaN,NaN,NaN,215842,99906,-60104,39802,54628,-92683,-38055,13249,-14996,-1747
2020-03-17T22:00:00Z,2.317,2.3415,2.111,2.162,5134.5,5134.5,4985,4985,409,409.4,379.7,381.75,99906,-60104,39802,54628,-92683,-38055,13249,-14996,-1747,NaN,NaN,NaN,NaN,215842,99906,-60104,39802,54628,-92683,-38055,13249,-14996,-1747
2020-03-18T22:00:00Z,2.1625,2.199,1.9725,2.154,4843,4843,4410.5,4557.5,366.5,378.55,335.95,374.8,99906,-60104,39802,54628,-92683,-38055,13249,-14996,-1747,NaN,NaN,NaN,NaN,215842,99906,-60104,39802,54628,-92683,-38055,13249,-14996,-1747
2020-03-19T22:00:00Z,2.1485,2.2365,2.093,2.153,4743.5,4919,4715.5,4919,369,387,363.25,372.75,99906,-60104,39802,54628,-92683,-38055,13249,-14996,-1747,NaN,NaN,NaN,NaN,215842,99906,-60104,39802,54628,-92683,-38055,13249,-14996,-1747
2020-03-22T22:00:00Z,2.1465,2.1465,2.0205,2.088,4743.5,4870,4566.5,4566.5,359.3,364,352.05,360.45,99906,-60104,39802,54628,-92683,-38055,13249,-14996,-1747,NaN,NaN,NaN,NaN,215842,99906,-60104,39802,54628,-92683,-38055,13249,-14996,-1747
2020-03-23T22:00:00Z,2.087,2.2395,2.0845,2.204,4919,4919,4722,4722,362.65,369.9,361.7,367.75,89316,-58496,30820,46499,-72946,-26447,10078,-14451,-4373,NaN,NaN,NaN,NaN,183715,89316,-58496,30820,46499,-72946,-26447,10078,-14451,-4373
2020-03-24T22:00:00Z,2.1995,2.227,2.1495,2.21,4822,4829.5,4813.5,4829.5,371.6,378,370.85,376.75,89316,-58496,30820,46499,-72946,-26447,10078,-14451,-4373,NaN,NaN,NaN,NaN,183715,89316,-58496,30820,46499,-72946,-26447,10078,-14451,-4373
2020-03-25T22:00:00Z,2.204,2.2155,2.159,2.183,4822,4826,4778.5,4778.5,375.05,376,371.2,374.95,89316,-58496,30820,46499,-72946,-26447,10078,-14451,-4373,NaN,NaN,NaN,NaN,183715,89316,-58496,30820,46499,-72946,-26447,10078,-14451,-4373
2020-03-26T22:00:00Z,2.1845,2.2035,2.158,2.167,4829.5,4829.5,4819,4819,376.95,378.7,374.1,375.25,89316,-58496,30820,46499,-72946,-26447,10078,-14451,-4373,NaN,NaN,NaN,NaN,183715,89316,-58496,30820,46499,-72946,-26447,10078,-14451,-4373
2020-03-29T22:00:00Z,2.1465,2.175,2.1355,2.1685,4777,4777,4756,4756,370.7,374.55,370.3,372.25,89316,-58496,30820,46499,-72946,-26447,10078,-14451,-4373,NaN,NaN,NaN,NaN,183715,89316,-58496,30820,46499,-72946,-26447,10078,-14451,-4373
2020-03-30T22:00:00Z,2.1655,2.248,2.1655,2.216,4777,4829,4777,4829,375,381,375,377.55,92716,-64860,27856,42278,-67111,-24833,11636,-14659,-3023,NaN,NaN,NaN,NaN,182253,92716,-64860,27856,42278,-67111,-24833,11636,-14659,-3023
2020-03-31T22:00:00Z,2.216,2.222,2.1545,2.169,4830.5,4830.5,4792.5,4792.5,381,382.5,374.65,376.5,92716,-64860,27856,42278,-67111,-24833,11636,-14659,-3023,NaN,NaN,NaN,NaN,182253,92716,-64860,27856,42278,-67111,-24833,11636,-14659,-3023
2020-04-01T22:00:00Z,2.172,2.236,2.1505,2.2215,4830.5,4844,4810,4844,NaN,NaN,NaN,NaN,92716,-64860,27856,42278,-67111,-24833,11636,-14659,-3023,NaN,NaN,NaN,NaN,182253,92716,-64860,27856,42278,-67111,-24833,11636,-14659,-3023
2020-04-02T22:00:00Z,2.2205,2.2315,2.1705,2.1775,4893.5,4893.5,4893.5,4893.5,380.8,381,376.55,380.1,92716,-64860,27856,42278,-67111,-24833,11636,-14659,-3023,NaN,NaN,NaN,NaN,182253,92716,-64860,27856,42278,-67111,-24833,11636,-14659,-3023
2020-04-05T22:00:00Z,2.1885,2.229,2.182,2.224,4893.5,4893.5,4881,4881,NaN,NaN,NaN,NaN,92716,-64860,27856,42278,-67111,-24833,11636,-14659,-3023,NaN,NaN,NaN,NaN,182253,92716,-64860,27856,42278,-67111,-24833,11636,-14659,-3023
2020-04-06T22:00:00Z,2.22,2.3175,2.2185,2.249,4885.5,5066.5,4885.5,5066.5,384.35,393.6,384.35,392,92012,-65250,26762,41631,-67207,-25576,13375,-14561,-1186,NaN,NaN,NaN,NaN,185408,92012,-65250,26762,41631,-67207,-25576,13375,-14561,-1186
2020-04-07T22:00:00Z,2.249,2.2875,2.2425,2.2725,5047,5047,4973.5,4974.5,388.7,389.8,387.1,388.85,92012,-65250,26762,41631,-67207,-25576,13375,-14561,-1186,NaN,NaN,NaN,NaN,185408,92012,-65250,26762,41631,-67207,-25576,13375,-14561,-1186
2020-04-08T22:00:00Z,2.2715,2.2885,2.2465,2.27,5021,5021,4994,4994,392.75,392.8,390.1,391.85,92012,-65250,26762,41631,-67207,-25576,13375,-14561,-1186,NaN,NaN,NaN,NaN,185408,92012,-65250,26762,41631,-67207,-25576,13375,-14561,-1186
2020-04-12T22:00:00Z,2.3005,2.3525,2.2635,2.321,NaN,NaN,NaN,NaN,397,400.75,396.95,400.15,92012,-65250,26762,41631,-67207,-25576,13375,-14561,-1186,NaN,NaN,NaN,NaN,185408,92012,-65250,26762,41631,-67207,-25576,13375,-14561,-1186
2020-04-13T22:00:00Z,2.3155,2.3355,2.308,2.3285,5146.5,5155.5,5146.5,5155.5,NaN,NaN,NaN,NaN,95674,-69875,25799,42230,-66960,-24730,13702,-14771,-1069,NaN,NaN,NaN,NaN,194265,95674,-69875,25799,42230,-66960,-24730,13702,-14771,-1069
2020-04-14T22:00:00Z,2.33,2.33,2.277,2.2995,5146.5,5146.5,5085,5085,399.1,399.2,392.85,393.75,95674,-69875,25799,42230,-66960,-24730,13702,-14771,-1069,NaN,NaN,NaN,NaN,194265,95674,-69875,25799,42230,-66960,-24730,13702,-14771,-1069
2020-04-15T22:00:00Z,2.298,2.319,2.2865,2.3095,5124,5124,5108.5,5108.5,394.85,398.65,394.85,397.95,95674,-69875,25799,42230,-66960,-24730,13702,-14771,-1069,NaN,NaN,NaN,NaN,194265,95674,-69875,25799,42230,-66960,-24730,13702,-14771,-1069
2020-04-16T22:00:00Z,2.3125,2.358,2.3115,2.3395,5124,5188,5109.5,5188,402,404.4,401.6,402.5,95674,-69875,25799,42230,-66960,-24730,13702,-14771,-1069,NaN,NaN,NaN,NaN,194265,95674,-69875,25799,42230,-66960,-24730,13702,-14771,-1069
2020-04-19T22:00:00Z,2.346,2.355,2.294,2.3045,5108.5,5204.5,5108.5,5204.5,405.5,405.95,400.05,400.95,95674,-69875,25799,42230,-66960,-24730,13702,-14771,-1069,NaN,NaN,NaN,NaN,194265,95674,-69875,25799,42230,-66960,-24730,13702,-14771,-1069
2020-04-20T22:00:00Z,2.306,2.3135,2.1495,2.247,5153,5153,5065,5065,395.25,395.25,376.9,383.05,86108,-62826,23282,46338,-67260,-20922,12238,-14598,-2360,NaN,NaN,NaN,NaN,181947,86108,-62826,23282,46338,-67260,-20922,12238,-14598,-2360
2020-04-21T22:00:00Z,2.251,2.2935,2.2105,2.286,5010.5,5019,5010.5,5019,384,406,373.7,394.95,86108,-62826,23282,46338,-67260,-20922,12238,-14598,-2360,NaN,NaN,NaN,NaN,181947,86108,-62826,23282,46338,-67260,-20922,12238,-14598,-2360
2020-04-22T22:00:00Z,2.2845,2.3395,2.272,2.307,5010.5,5123.5,5010.5,5123.5,395.1,401.5,395.1,398.6,86108,-62826,23282,46338,-67260,-20922,12238,-14598,-2360,NaN,NaN,NaN,NaN,181947,86108,-62826,23282,46338,-67260,-20922,12238,-14598,-2360
2020-04-23T22:00:00Z,2.308,2.363,2.2885,2.36,5019,5094,5019,5094,401,408,399.25,405.75,86108,-62826,23282,46338,-67260,-20922,12238,-14598,-2360,NaN,NaN,NaN,NaN,181947,86108,-62826,23282,46338,-67260,-20922,12238,-14598,-2360
2020-04-26T22:00:00Z,2.355,2.3855,2.3165,2.3485,5236,5244,5202.5,5202.5,408.6,411.5,402.7,405.95,86108,-62826,23282,46338,-67260,-20922,12238,-14598,-2360,NaN,NaN,NaN,NaN,181947,86108,-62826,23282,46338,-67260,-20922,12238,-14598,-2360
2020-04-27T22:00:00Z,2.3485,2.3745,2.329,2.3405,5176,5176,5176,5176,403.95,408.5,402.8,407.7,76363,-56880,19483,46958,-63741,-16783,11626,-14326,-2700,NaN,NaN,NaN,NaN,167291,76363,-56880,19483,46958,-63741,-16783,11626,-14326,-2700
2020-04-28T22:00:00Z,2.3425,2.386,2.337,2.379,5176,5206,5176,5206,407.5,409.8,406.4,408,76363,-56880,19483,46958,-63741,-16783,11626,-14326,-2700,NaN,NaN,NaN,NaN,167291,76363,-56880,19483,46958,-63741,-16783,11626,-14326,-2700
2020-04-29T22:00:00Z,2.377,2.395,2.335,2.3445,NaN,NaN,NaN,NaN,409,409.25,402.1,403.45,76363,-56880,19483,46958,-63741,-16783,11626,-14326,-2700,NaN,NaN,NaN,NaN,167291,76363,-56880,19483,46958,-63741,-16783,11626,-14326,-2700
2020-04-30T22:00:00Z,2.34,2.342,2.286,2.31,NaN,NaN,NaN,NaN,400.55,402.45,395.2,401.15,76363,-56880,19483,46958,-63741,-16783,11626,-14326,-2700,NaN,NaN,NaN,NaN,167291,76363,-56880,19483,46958,-63741,-16783,11626,-14326,-2700
2020-05-03T22:00:00Z,2.305,2.322,2.284,2.321,5053,5062,5053,5055.5,398.55,399.5,395.3,398.25,76363,-56880,19483,46958,-63741,-16783,11626,-14326,-2700,NaN,NaN,NaN,NaN,167291,76363,-56880,19483,46958,-63741,-16783,11626,-14326,-2700
2020-05-04T22:00:00Z,2.321,2.34,2.307,2.333,5064.5,5131,5064.5,5131,401.65,403.1,397.3,402.3,73112,-52136,20976,46074,-65231,-19157,11682,-13501,-1819,NaN,NaN,NaN,NaN,162899,73112,-52136,20976,46074,-65231,-19157,11682,-13501,-1819
2020-05-05T22:00:00Z,2.3325,2.3655,2.3185,2.342,5117.5,5188,5105,5183.5,403.35,404.95,402.5,404.3,73112,-52136,20976,46074,-65231,-19157,11682,-13501,-1819,NaN,NaN,NaN,NaN,162899,73112,-52136,20976,46074,-65231,-19157,11682,-13501,-1819
2020-05-06T22:00:00Z,2.342,2.391,2.334,2.379,5182,5237.5,5182,5237.5,404.1,407.35,403.15,406.8,73112,-52136,20976,46074,-65231,-19157,11682,-13501,-1819,NaN,NaN,NaN,NaN,162899,73112,-52136,20976,46074,-65231,-19157,11682,-13501,-1819
2020-05-07T22:00:00Z,2.379,2.43,2.378,2.416,5242.5,5260.5,5232.5,5248.5,408,409.7,407.05,407.65,73112,-52136,20976,46074,-65231,-19157,11682,-13501,-1819,NaN,NaN,NaN,NaN,162899,73112,-52136,20976,46074,-65231,-19157,11682,-13501,-1819
2020-05-10T22:00:00Z,2.4095,2.43,2.367,2.38,5308,5309.5,5265,5265,408.8,409.65,405.5,406.7,73112,-52136,20976,46074,-65231,-19157,11682,-13501,-1819,NaN,NaN,NaN,NaN,162899,73112,-52136,20976,46074,-65231,-19157,11682,-13501,-1819
2020-05-11T22:00:00Z,2.384,2.3865,2.3305,2.334,5251,5252.5,5219,5219,406.65,407.15,401.2,401.75,72956,-55684,17272,48104,-63633,-15529,12514,-14257,-1743,NaN,NaN,NaN,NaN,168470,72956,-55684,17272,48104,-63633,-15529,12514,-14257,-1743
2020-05-12T22:00:00Z,2.3355,2.375,2.3325,2.3515,5229.5,5236,5189,5189,401.65,404.7,398.3,401.65,72956,-55684,17272,48104,-63633,-15529,12514,-14257,-1743,NaN,NaN,NaN,NaN,168470,72956,-55684,17272,48104,-63633,-15529,12514,-14257,-1743
2020-05-13T22:00:00Z,2.353,2.365,2.314,2.363,5231,5250.5,5171.5,5172.5,401.65,403.15,398.6,402.25,72956,-55684,17272,48104,-63633,-15529,12514,-14257,-1743,NaN,NaN,NaN,NaN,168470,72956,-55684,17272,48104,-63633,-15529,12514,-14257,-1743
2020-05-14T22:00:00Z,2.362,2.3755,2.3285,2.331,5161,5235,5141.5,5220.5,403,404.85,400.45,401.05,72956,-55684,17272,48104,-63633,-15529,12514,-14257,-1743,NaN,NaN,NaN,NaN,168470,72956,-55684,17272,48104,-63633,-15529,12514,-14257,-1743
2020-05-17T22:00:00Z,2.3375,2.4285,2.334,2.4225,5174.5,5252.5,5169.5,5252.5,404.3,412.2,404,410.8,72956,-55684,17272,48104,-63633,-15529,12514,-14257,-1743,NaN,NaN,NaN,NaN,168470,72956,-55684,17272,48104,-63633,-15529,12514,-14257,-1743
2020-05-18T22:00:00Z,2.4245,2.4385,2.4035,2.409,5282.5,5328.5,5282.5,5313,410.25,413.3,409.1,411.15,73989,-58143,15846,51254,-64670,-13416,12309,-14739,-2430,NaN,NaN,NaN,NaN,171040,73989,-58143,15846,51254,-64670,-13416,12309,-14739,-2430
2020-05-19T22:00:00Z,2.41,2.465,2.401,2.4575,5339.5,5347,5331,5331,411,417.2,410.4,416.55,73989,-58143,15846,51254,-64670,-13416,12309,-14739,-2430,NaN,NaN,NaN,NaN,171040,73989,-58143,15846,51254,-64670,-13416,12309,-14739,-2430
2020-05-20T22:00:00Z,2.4605,2.468,2.422,2.424,5346,5448,5346,5419.5,415,418.25,411.2,411.75,73989,-58143,15846,51254,-64670,-13416,12309,-14739,-2430,NaN,NaN,NaN,NaN,171040,73989,-58143,15846,51254,-64670,-13416,12309,-14739,-2430
2020-05-21T22:00:00Z,2.4275,2.431,2.3715,2.3915,5428,5428,5268,5268,411.5,411.5,405.5,407.2,73989,-58143,15846,51254,-64670,-13416,12309,-14739,-2430,NaN,NaN,NaN,NaN,171040,73989,-58143,15846,51254,-64670,-13416,12309,-14739,-2430
2020-05-24T22:00:00Z,2.3905,2.439,2.386,2.4125,5326,5356.5,5326,5356.5,414.8,417.25,414.45,415.55,73537,-63507,10030,50347,-59986,-9639,14059,-14450,-391,NaN,NaN,NaN,NaN,175499,73537,-63507,10030,50347,-59986,-9639,14059,-14450,-391
2020-05-26T22:00:00Z,2.411,2.422,2.3585,2.386,5356,5377,5287.5,5305,412.55,415,409.35,411.45,73537,-63507,10030,50347,-59986,-9639,14059,-14450,-391,NaN,NaN,NaN,NaN,175499,73537,-63507,10030,50347,-59986,-9639,14059,-14450,-391
2020-05-27T22:00:00Z,2.3875,2.4245,2.3835,2.408,5299.5,5306,5228,5292.5,413.3,416.4,410.7,415.75,73537,-63507,10030,50347,-59986,-9639,14059,-14450,-391,NaN,NaN,NaN,NaN,175499,73537,-63507,10030,50347,-59986,-9639,14059,-14450,-391
2020-05-28T22:00:00Z,2.405,2.4585,2.3915,2.4425,5298,5326.5,5289,5323,413.25,416.9,412.5,416.2,73537,-63507,10030,50347,-59986,-9639,14059,-14450,-391,NaN,NaN,NaN,NaN,175499,73537,-63507,10030,50347,-59986,-9639,14059,-14450,-391
2020-05-31T22:00:00Z,2.43,2.4775,2.4235,2.468,5343,5423,5329,5383.5,417,422.85,416.25,422.4,73537,-63507,10030,50347,-59986,-9639,14059,-14450,-391,NaN,NaN,NaN,NaN,175499,73537,-63507,10030,50347,-59986,-9639,14059,-14450,-391
2020-06-01T22:00:00Z,2.468,2.4975,2.459,2.4945,5392.5,5466.5,5379.5,5466.5,420.35,423.4,420.15,422.8,73316,-71633,1683,56002,-56948,-946,13848,-14585,-737,NaN,NaN,NaN,NaN,182043,73316,-71633,1683,56002,-56948,-946,13848,-14585,-737
2020-06-02T22:00:00Z,2.4935,2.505,2.475,2.484,5503.5,5506.5,5483,5505.5,421.7,424.8,420.5,423.2,73316,-71633,1683,56002,-56948,-946,13848,-14585,-737,NaN,NaN,NaN,NaN,182043,73316,-71633,1683,56002,-56948,-946,13848,-14585,-737
2020-06-03T22:00:00Z,2.4835,2.503,2.455,2.485,5525,5525,5430,5440.5,421.35,424.5,419.6,423.65,73316,-71633,1683,56002,-56948,-946,13848,-14585,-737,NaN,NaN,NaN,NaN,182043,73316,-71633,1683,56002,-56948,-946,13848,-14585,-737
2020-06-04T22:00:00Z,2.486,2.5715,2.481,2.5425,5458,5599,5458,5599,423.25,435.5,423,433.5,73316,-71633,1683,56002,-56948,-946,13848,-14585,-737,NaN,NaN,NaN,NaN,182043,73316,-71633,1683,56002,-56948,-946,13848,-14585,-737
2020-06-07T22:00:00Z,2.543,2.5865,2.5305,2.581,5602.5,5672.5,5590.5,5630.5,431.6,436.8,431.2,435.75,73316,-71633,1683,56002,-56948,-946,13848,-14585,-737,NaN,NaN,NaN,NaN,182043,73316,-71633,1683,56002,-56948,-946,13848,-14585,-737
2020-06-08T22:00:00Z,2.5795,2.606,2.5555,2.599,5667,5691.5,5667,5684,436.8,440.1,435.1,439.7,71994,-84330,-12336,60810,-48499,12311,13862,-13837,25,NaN,NaN,NaN,NaN,181310,71994,-84330,-12336,60810,-48499,12311,13862,-13837,25
2020-06-09T22:00:00Z,2.6005,2.7,2.597,2.6775,5669,5802.5,5669,5802.5,440,451.2,440,450.65,71994,-84330,-12336,60810,-48499,12311,13862,-13837,25,NaN,NaN,NaN,NaN,181310,71994,-84330,-12336,60810,-48499,12311,13862,-13837,25
2020-06-10T22:00:00Z,2.68,2.6805,2.5575,2.575,5889.5,5889.5,5795.5,5814,447.7,449.2,441.55,442.05,71994,-84330,-12336,60810,-48499,12311,13862,-13837,25,NaN,NaN,NaN,NaN,181310,71994,-84330,-12336,60810,-48499,12311,13862,-13837,25
2020-06-11T22:00:00Z,2.577,2.623,2.5585,2.6155,5719.5,5803,5719.5,5791,442.55,445.9,440.5,443.3,71994,-84330,-12336,60810,-48499,12311,13862,-13837,25,NaN,NaN,NaN,NaN,181310,71994,-84330,-12336,60810,-48499,12311,13862,-13837,25
2020-06-14T22:00:00Z,2.591,2.6015,2.5375,2.5855,5776,5776,5678.5,5692.5,441.1,441.1,435.5,439.1,71994,-84330,-12336,60810,-48499,12311,13862,-13837,25,NaN,NaN,NaN,NaN,181310,71994,-84330,-12336,60810,-48499,12311,13862,-13837,25
2020-06-15T22:00:00Z,2.58,2.615,2.531,2.565,5664.5,5804,5664.5,5786,441,445.9,437,442.75,74629,-86780,-12151,57146,-47544,9602,14765,-12216,2549,NaN,NaN,NaN,NaN,180741,74629,-86780,-12151,57146,-47544,9602,14765,-12216,2549
2020-06-16T22:00:00Z,2.5635,2.5995,2.5515,2.5895,5782.5,5782.5,5702,5761,441.25,445.5,438.6,445.25,74629,-86780,-12151,57146,-47544,9602,14765,-12216,2549,NaN,NaN,NaN,NaN,180741,74629,-86780,-12151,57146,-47544,9602,14765,-12216,2549
2020-06-17T22:00:00Z,2.588,2.626,2.572,2.594,5723.5,5792,5723.5,5786.5,444.8,447.75,441.1,445.7,74629,-86780,-12151,57146,-47544,9602,14765,-12216,2549,NaN,NaN,NaN,NaN,180741,74629,-86780,-12151,57146,-47544,9602,14765,-12216,2549
2020-06-18T22:00:00Z,2.5935,2.65,2.588,2.6065,5800.5,5855.5,5796,5854.5,446.05,451.4,445.5,447.8,74629,-86780,-12151,57146,-47544,9602,14765,-12216,2549,NaN,NaN,NaN,NaN,180741,74629,-86780,-12151,57146,-47544,9602,14765,-12216,2549
2020-06-21T22:00:00Z,2.6015,2.6615,2.595,2.6525,5847.5,5864,5811,5851,448,450.35,446.4,449.25,74629,-86780,-12151,57146,-47544,9602,14765,-12216,2549,NaN,NaN,NaN,NaN,180741,74629,-86780,-12151,57146,-47544,9602,14765,-12216,2549
2020-06-22T22:00:00Z,2.658,2.6745,2.6195,2.651,5846.5,5897,5846,5897,448.5,449.5,447.05,448.65,75997,-94415,-18418,63749,-47051,16698,14323,-12603,1720,NaN,NaN,NaN,NaN,190457,75997,-94415,-18418,63749,-47051,16698,14323,-12603,1720
2020-06-23T22:00:00Z,2.652,2.6845,2.6265,2.6425,5893.5,5907,5867.5,5867.5,454.15,456.2,450.5,452.1,75997,-94415,-18418,63749,-47051,16698,14323,-12603,1720,NaN,NaN,NaN,NaN,190457,75997,-94415,-18418,63749,-47051,16698,14323,-12603,1720
2020-06-24T22:00:00Z,2.645,2.669,2.6285,2.6655,NaN,NaN,NaN,NaN,451.6,456,450.1,455.45,75997,-94415,-18418,63749,-47051,16698,14323,-12603,1720,NaN,NaN,NaN,NaN,190457,75997,-94415,-18418,63749,-47051,16698,14323,-12603,1720
2020-06-25T22:00:00Z,2.6655,2.699,2.6505,2.6525,5858,5935.5,5858,5929.5,455.05,460.9,452.3,457.65,75997,-94415,-18418,63749,-47051,16698,14323,-12603,1720,NaN,NaN,NaN,NaN,190457,75997,-94415,-18418,63749,-47051,16698,14323,-12603,1720
2020-06-28T22:00:00Z,2.67,2.7055,2.668,2.698,5958.5,5996,5926,5954,459,460,457.5,458.95,75997,-94415,-18418,63749,-47051,16698,14323,-12603,1720,NaN,NaN,NaN,NaN,190457,75997,-94415,-18418,63749,-47051,16698,14323,-12603,1720
2020-06-29T22:00:00Z,2.698,2.737,2.6955,2.7295,5955,5994.5,5955,5994.5,459.3,464.9,459.3,464.7,75035,-96719,-21684,68377,-47800,20577,14612,-13505,1107,NaN,NaN,NaN,NaN,193194,75035,-96719,-21684,68377,-47800,20577,14612,-13505,1107
2020-06-30T22:00:00Z,2.7305,2.7585,2.7065,2.7585,NaN,NaN,NaN,NaN,465.3,468,461.8,465.4,75035,-96719,-21684,68377,-47800,20577,14612,-13505,1107,NaN,NaN,NaN,NaN,193194,75035,-96719,-21684,68377,-47800,20577,14612,-13505,1107
2020-07-01T22:00:00Z,2.759,2.769,2.7305,2.747,6014.5,6108.5,6013,6108.5,467.2,469.4,462.4,464.6,75035,-96719,-21684,68377,-47800,20577,14612,-13505,1107,NaN,NaN,NaN,NaN,193194,75035,-96719,-21684,68377,-47800,20577,14612,-13505,1107
2020-07-02T22:00:00Z,2.749,2.7925,2.7035,2.787,6039.5,6098.5,6039.5,6091,461.35,470.5,460.05,469.75,75035,-96719,-21684,68377,-47800,20577,14612,-13505,1107,NaN,NaN,NaN,NaN,193194,75035,-96719,-21684,68377,-47800,20577,14612,-13505,1107
2020-07-06T22:00:00Z,2.79,2.799,2.746,2.7865,6103,6137,6103,6103.5,470,475.45,466.8,475.15,73363,-100116,-26753,77377,-53565,23812,16264,-13323,2941,NaN,NaN,NaN,NaN,206843,73363,-100116,-26753,77377,-53565,23812,16264,-13323,2941
2020-07-07T22:00:00Z,2.785,2.8255,2.785,2.8245,6108.5,6219,6107.5,6206.5,475.3,480,473.5,479.7,73363,-100116,-26753,77377,-53565,23812,16264,-13323,2941,NaN,NaN,NaN,NaN,206843,73363,-100116,-26753,77377,-53565,23812,16264,-13323,2941
2020-07-08T22:00:00Z,2.8285,2.8755,2.8235,2.837,6114.5,6340,6113,6340,483.1,487.8,481.5,484.2,73363,-100116,-26753,77377,-53565,23812,16264,-13323,2941,NaN,NaN,NaN,NaN,206843,73363,-100116,-26753,77377,-53565,23812,16264,-13323,2941
2020-07-09T22:00:00Z,2.8425,2.917,2.8225,2.913,6285,6331.5,6285,6331.5,483.75,495.25,481.55,494.15,73363,-100116,-26753,77377,-53565,23812,16264,-13323,2941,NaN,NaN,NaN,NaN,206843,73363,-100116,-26753,77377,-53565,23812,16264,-13323,2941
2020-07-12T22:00:00Z,2.9195,2.993,2.8955,2.91,6426.5,6635.5,6426.5,6535.5,497.8,509.25,497.8,504.4,73363,-100116,-26753,77377,-53565,23812,16264,-13323,2941,NaN,NaN,NaN,NaN,206843,73363,-100116,-26753,77377,-53565,23812,16264,-13323,2941
2020-07-13T22:00:00Z,2.916,2.946,2.898,2.9385,6538.5,6584,6472.5,6499.5,503,503.9,497.45,502.25,72461,-109696,-37235,89241,-55833,33408,16339,-12512,3827,NaN,NaN,NaN,NaN,221410,72461,-109696,-37235,89241,-55833,33408,16339,-12512,3827
2020-07-14T22:00:00Z,2.939,2.976,2.873,2.894,6499,6501,6473.5,6489.5,502.7,504.85,495.75,496.8,72461,-109696,-37235,89241,-55833,33408,16339,-12512,3827,NaN,NaN,NaN,NaN,221410,72461,-109696,-37235,89241,-55833,33408,16339,-12512,3827
2020-07-15T22:00:00Z,2.894,2.906,2.845,2.895,6506.5,6508,6312,6349,494.05,500.5,492.7,499.85,72461,-109696,-37235,89241,-55833,33408,16339,-12512,3827,NaN,NaN,NaN,NaN,221410,72461,-109696,-37235,89241,-55833,33408,16339,-12512,3827
2020-07-16T22:00:00Z,2.898,2.9175,2.88,2.901,6355.5,6437.5,6355.5,6411.5,500.1,501.95,497.25,500.3,72461,-109696,-37235,89241,-55833,33408,16339,-12512,3827,NaN,NaN,NaN,NaN,221410,72461,-109696,-37235,89241,-55833,33408,16339,-12512,3827
2020-07-19T22:00:00Z,2.9065,2.944,2.8815,2.921,6444,6444,6415.5,6431,499,505.9,498.05,502.5,72461,-109696,-37235,89241,-55833,33408,16339,-12512,3827,NaN,NaN,NaN,NaN,221410,72461,-109696,-37235,89241,-55833,33408,16339,-12512,3827
2020-07-20T22:00:00Z,2.921,2.975,2.9195,2.962,6433,6507.5,6433,6507.5,503.6,509.5,503.6,508.95,71193,-113122,-41929,95888,-57254,38634,16577,-13282,3295,NaN,NaN,NaN,NaN,227565,71193,-113122,-41929,95888,-57254,38634,16577,-13282,3295
2020-07-21T22:00:00Z,2.9635,2.982,2.8915,2.9255,6514,6597,6480,6480,509.5,513.15,504.15,507.35,71193,-113122,-41929,95888,-57254,38634,16577,-13282,3295,NaN,NaN,NaN,NaN,227565,71193,-113122,-41929,95888,-57254,38634,16577,-13282,3295
2020-07-22T22:00:00Z,2.9265,2.954,2.899,2.9215,6474.5,6531.5,6474.5,6531.5,506.5,513.5,505.5,512.6,71193,-113122,-41929,95888,-57254,38634,16577,-13282,3295,NaN,NaN,NaN,NaN,227565,71193,-113122,-41929,95888,-57254,38634,16577,-13282,3295
2020-07-23T22:00:00Z,2.9215,2.9305,2.8665,2.8945,6531.5,6531.5,6425.5,6425.5,509,512,505.75,508.8,71193,-113122,-41929,95888,-57254,38634,16577,-13282,3295,NaN,NaN,NaN,NaN,227565,71193,-113122,-41929,95888,-57254,38634,16577,-13282,3295
2020-07-26T22:00:00Z,2.8925,2.92,2.882,2.9105,6467,6467,6414,6429,504.8,506,502.35,504.9,71193,-113122,-41929,95888,-57254,38634,16577,-13282,3295,NaN,NaN,NaN,NaN,227565,71193,-113122,-41929,95888,-57254,38634,16577,-13282,3295
2020-07-27T22:00:00Z,2.909,2.94,2.879,2.912,6415.5,6444,6415.5,6425,506.3,509.6,502.4,508.45,70702,-116895,-46193,99285,-56795,42490,17017,-13314,3703,NaN,NaN,NaN,NaN,234724,70702,-116895,-46193,99285,-56795,42490,17017,-13314,3703
2020-07-28T22:00:00Z,2.9145,2.9435,2.895,2.934,6415.5,6508,6415.5,6508,507.4,510.65,506.2,509.65,70702,-116895,-46193,99285,-56795,42490,17017,-13314,3703,NaN,NaN,NaN,NaN,234724,70702,-116895,-46193,99285,-56795,42490,17017,-13314,3703
2020-07-29T22:00:00Z,2.934,2.936,2.8765,2.919,6484.5,6484.5,6424.5,6424.5,509.5,510.65,503.5,507.5,70702,-116895,-46193,99285,-56795,42490,17017,-13314,3703,NaN,NaN,NaN,NaN,234724,70702,-116895,-46193,99285,-56795,42490,17017,-13314,3703
2020-07-30T22:00:00Z,2.9205,2.9315,2.8465,2.8595,6436,6474,6436,6474,508.5,509.8,500.15,500.75,70702,-116895,-46193,99285,-56795,42490,17017,-13314,3703,NaN,NaN,NaN,NaN,234724,70702,-116895,-46193,99285,-56795,42490,17017,-13314,3703
2020-08-02T22:00:00Z,2.8665,2.925,2.831,2.914,6431.5,6431.5,6385,6385,500.15,511.9,499.2,510.1,70702,-116895,-46193,99285,-56795,42490,17017,-13314,3703,NaN,NaN,NaN,NaN,234724,70702,-116895,-46193,99285,-56795,42490,17017,-13314,3703
2020-08-03T22:00:00Z,2.9145,2.9185,2.875,2.9025,6431.5,6445,6387,6445,507.8,509.2,504.2,507.5,69149,-113388,-44239,97111,-58261,38850,17934,-12545,5389,NaN,NaN,NaN,NaN,232022,69149,-113388,-44239,97111,-58261,38850,17934,-12545,5389
2020-08-04T22:00:00Z,2.906,2.9395,2.8875,2.9175,6453.5,6490.5,6444.5,6490.5,506.95,515.9,506.75,511.75,69149,-113388,-44239,97111,-58261,38850,17934,-12545,5389,NaN,NaN,NaN,NaN,232022,69149,-113388,-44239,97111,-58261,38850,17934,-12545,5389
2020-08-05T22:00:00Z,2.9165,2.927,2.886,2.9135,6488.5,6488.5,6465,6465,510,516.4,509.75,515.95,69149,-113388,-44239,97111,-58261,38850,17934,-12545,5389,NaN,NaN,NaN,NaN,232022,69149,-113388,-44239,97111,-58261,38850,17934,-12545,5389
2020-08-06T22:00:00Z,2.918,2.9185,2.783,2.7905,6467,6496.5,6423,6423,514,514,500.9,502.05,69149,-113388,-44239,97111,-58261,38850,17934,-12545,5389,NaN,NaN,NaN,NaN,232022,69149,-113388,-44239,97111,-58261,38850,17934,-12545,5389
2020-08-09T22:00:00Z,2.786,2.885,2.782,2.8665,6377,6377,6322.5,6335.5,503.9,512.5,502.7,511.25,69149,-113388,-44239,97111,-58261,38850,17934,-12545,5389,NaN,NaN,NaN,NaN,232022,69149,-113388,-44239,97111,-58261,38850,17934,-12545,5389
2020-08-10T22:00:00Z,2.864,2.8795,2.839,2.849,6408,6408,6372,6372,511.5,513.4,505.95,511.2,75837,-111801,-35964,89501,-55868,33633,15481,-13150,2331,NaN,NaN,NaN,NaN,227430,75837,-111801,-35964,89501,-55868,33633,15481,-13150,2331
2020-08-11T22:00:00Z,2.8495,2.9025,2.8075,2.882,6381.5,6388.5,6281.5,6388.5,508,516,502.4,514.3,75837,-111801,-35964,89501,-55868,33633,15481,-13150,2331,NaN,NaN,NaN,NaN,227430,75837,-111801,-35964,89501,-55868,33633,15481,-13150,2331
2020-08-12T22:00:00Z,2.8815,2.8925,2.769,2.7965,6378.5,6428,6351,6351,512.4,513.5,502.6,503.6,75837,-111801,-35964,89501,-55868,33633,15481,-13150,2331,NaN,NaN,NaN,NaN,227430,75837,-111801,-35964,89501,-55868,33633,15481,-13150,2331
2020-08-13T22:00:00Z,2.7965,2.8645,2.791,2.8635,6376.5,6376.5,6283.5,6309.5,506,511.45,504.6,509.75,75837,-111801,-35964,89501,-55868,33633,15481,-13150,2331,NaN,NaN,NaN,NaN,227430,75837,-111801,-35964,89501,-55868,33633,15481,-13150,2331
2020-08-16T22:00:00Z,2.8605,2.917,2.8445,2.9085,6343.5,6425.5,6343.5,6425.5,510.95,517.35,510.15,515.05,75837,-111801,-35964,89501,-55868,33633,15481,-13150,2331,NaN,NaN,NaN,NaN,227430,75837,-111801,-35964,89501,-55868,33633,15481,-13150,2331
2020-08-17T22:00:00Z,2.906,2.9815,2.886,2.973,6412.5,6485.5,6412.5,6469,515.2,525.75,514.55,525.3,70105,-116192,-46087,99975,-56457,43518,16559,-13990,2569,NaN,NaN,NaN,NaN,232581,70105,-116192,-46087,99975,-56457,43518,16559,-13990,2569
2020-08-18T22:00:00Z,2.9745,3.0295,2.967,2.9995,6582,6656.5,6582,6656.5,526.95,534.4,526.95,533.75,70105,-116192,-46087,99975,-56457,43518,16559,-13990,2569,NaN,NaN,NaN,NaN,232581,70105,-116192,-46087,99975,-56457,43518,16559,-13990,2569
2020-08-19T22:00:00Z,3.001,3.001,2.952,2.99,6667.5,6713.5,6575.5,6575.5,529.05,531.7,525.5,529.05,70105,-116192,-46087,99975,-56457,43518,16559,-13990,2569,NaN,NaN,NaN,NaN,232581,70105,-116192,-46087,99975,-56457,43518,16559,-13990,2569
2020-08-20T22:00:00Z,2.9895,3.0045,2.9065,2.9265,6583.5,6620.5,6550.5,6550.5,530.2,533.35,517,518.8,70105,-116192,-46087,99975,-56457,43518,16559,-13990,2569,NaN,NaN,NaN,NaN,232581,70105,-116192,-46087,99975,-56457,43518,16559,-13990,2569
2020-08-23T22:00:00Z,2.9195,2.9635,2.9135,2.924,6547,6571.5,6544,6571.5,522.5,523.4,518.2,521.1,70105,-116192,-46087,99975,-56457,43518,16559,-13990,2569,NaN,NaN,NaN,NaN,232581,70105,-116192,-46087,99975,-56457,43518,16559,-13990,2569
2020-08-24T22:00:00Z,2.924,2.943,2.9115,2.9385,6537.5,6537.5,6518.5,6518.5,511.85,517,511.5,516,68930,-121192,-52262,98761,-50897,47864,16980,-12582,4398,NaN,NaN,NaN,NaN,227062,68930,-121192,-52262,98761,-50897,47864,16980,-12582,4398
2020-08-25T22:00:00Z,2.942,2.978,2.9325,2.977,6559,6571.5,6559,6571.5,515.05,521.9,515.05,521,68930,-121192,-52262,98761,-50897,47864,16980,-12582,4398,NaN,NaN,NaN,NaN,227062,68930,-121192,-52262,98761,-50897,47864,16980,-12582,4398
2020-08-26T22:00:00Z,2.978,2.99,2.934,2.9765,6596,6601.5,6574.5,6584,520,523,517.1,520.95,68930,-121192,-52262,98761,-50897,47864,16980,-12582,4398,NaN,NaN,NaN,NaN,227062,68930,-121192,-52262,98761,-50897,47864,16980,-12582,4398
2020-08-27T22:00:00Z,3,3.0405,2.996,3.03,6616,6698.5,6613,6698.5,520,525.35,520,521.5,68930,-121192,-52262,98761,-50897,47864,16980,-12582,4398,NaN,NaN,NaN,NaN,227062,68930,-121192,-52262,98761,-50897,47864,16980,-12582,4398
2020-08-30T22:00:00Z,3.028,3.0675,3.028,3.0515,6688.5,6688.5,6681.5,6681.5,523.6,527.95,523.6,527.3,68930,-121192,-52262,98761,-50897,47864,16980,-12582,4398,NaN,NaN,NaN,NaN,227062,68930,-121192,-52262,98761,-50897,47864,16980,-12582,4398
2020-08-31T22:00:00Z,3.0505,3.0945,3.014,3.022,6742,6781.5,6738,6781.5,528,529.7,521,521.45,73130,-133445,-60315,104091,-50975,53116,17582,-10383,7199,NaN,NaN,NaN,NaN,233226,73130,-133445,-60315,104091,-50975,53116,17582,-10383,7199
2020-09-01T22:00:00Z,3.024,3.0395,2.999,3.0305,6771.5,6771.5,6711.5,6711.5,520.5,523.7,518.5,522.35,73130,-133445,-60315,104091,-50975,53116,17582,-10383,7199,NaN,NaN,NaN,NaN,233226,73130,-133445,-60315,104091,-50975,53116,17582,-10383,7199
2020-09-02T22:00:00Z,3.031,3.042,2.9535,2.979,6659.5,6703,6623.5,6623.5,522.7,523.45,512.6,515.05,73130,-133445,-60315,104091,-50975,53116,17582,-10383,7199,NaN,NaN,NaN,NaN,233226,73130,-133445,-60315,104091,-50975,53116,17582,-10383,7199
2020-09-03T22:00:00Z,2.9785,3.0835,2.9645,3.0745,6659.5,6703,6659.5,6659.5,516.1,527.4,515.7,526.65,73130,-133445,-60315,104091,-50975,53116,17582,-10383,7199,NaN,NaN,NaN,NaN,233226,73130,-133445,-60315,104091,-50975,53116,17582,-10383,7199
2020-09-06T22:00:00Z,3.0755,3.0885,2.998,3.0175,6810.5,6810.5,6770,6770,528,528.9,519.55,523.7,74895,-135404,-60509,105485,-49735,55750,16306,-11547,4759,NaN,NaN,NaN,NaN,236149,74895,-135404,-60509,105485,-49735,55750,16306,-11547,4759
2020-09-08T22:00:00Z,3.0175,3.0605,3.003,3.054,6767.5,6767.5,6689.5,6721,523.2,526.15,519.6,525.6,74895,-135404,-60509,105485,-49735,55750,16306,-11547,4759,NaN,NaN,NaN,NaN,236149,74895,-135404,-60509,105485,-49735,55750,16306,-11547,4759
2020-09-09T22:00:00Z,3.055,3.059,2.9555,2.9745,6706,6739,6633,6633,524.5,525.4,516.7,518.9,74895,-135404,-60509,105485,-49735,55750,16306,-11547,4759,NaN,NaN,NaN,NaN,236149,74895,-135404,-60509,105485,-49735,55750,16306,-11547,4759
2020-09-10T22:00:00Z,2.975,3.0525,2.972,3.044,6700,6719,6638,6717.5,519.6,525.85,516.9,524.1,74895,-135404,-60509,105485,-49735,55750,16306,-11547,4759,NaN,NaN,NaN,NaN,236149,74895,-135404,-60509,105485,-49735,55750,16306,-11547,4759
2020-09-13T22:00:00Z,3.047,3.076,3.025,3.0645,6731.5,6790,6722,6754.5,526,529.8,524.5,529.2,74895,-135404,-60509,105485,-49735,55750,16306,-11547,4759,NaN,NaN,NaN,NaN,236149,74895,-135404,-60509,105485,-49735,55750,16306,-11547,4759
2020-09-14T22:00:00Z,3.066,3.091,3.0455,3.057,6716.5,6812.5,6716.5,6788,530,532.9,527.9,529.35,76108,-138446,-62338,110329,-51722,58607,16486,-12755,3731,NaN,NaN,NaN,NaN,244071,76108,-138446,-62338,110329,-51722,58607,16486,-12755,3731
2020-09-15T22:00:00Z,3.057,3.083,3.044,3.0685,6747,6796,6747,6796,530,530.25,526.6,529.25,76108,-138446,-62338,110329,-51722,58607,16486,-12755,3731,NaN,NaN,NaN,NaN,244071,76108,-138446,-62338,110329,-51722,58607,16486,-12755,3731
2020-09-16T22:00:00Z,3.0695,3.086,3.0125,3.08,6791.5,6791.5,6692.5,6748.5,527.25,532.2,521.9,531.55,76108,-138446,-62338,110329,-51722,58607,16486,-12755,3731,NaN,NaN,NaN,NaN,244071,76108,-138446,-62338,110329,-51722,58607,16486,-12755,3731
2020-09-17T22:00:00Z,3.0805,3.1175,3.064,3.107,6745,6857.5,6745,6847,532.3,538.7,529.65,536.85,76108,-138446,-62338,110329,-51722,58607,16486,-12755,3731,NaN,NaN,NaN,NaN,244071,76108,-138446,-62338,110329,-51722,58607,16486,-12755,3731
2020-09-20T22:00:00Z,3.104,3.121,3.0135,3.0375,6802.5,6848,6800,6833.5,539.8,539.8,521.1,524.95,76108,-138446,-62338,110329,-51722,58607,16486,-12755,3731,NaN,NaN,NaN,NaN,244071,76108,-138446,-62338,110329,-51722,58607,16486,-12755,3731
2020-09-21T22:00:00Z,3.0375,3.0875,3.033,3.07,6814,6814,6711,6765.5,526,532.55,525.3,531.35,76035,-144947,-68912,123585,-55744,67841,15203,-14132,1071,NaN,NaN,NaN,NaN,252360,76035,-144947,-68912,123585,-55744,67841,15203,-14132,1071
2020-09-22T22:00:00Z,3.07,3.0725,2.945,2.9585,6793.5,6793.5,6689.5,6705,530,530,525.5,528.05,76035,-144947,-68912,123585,-55744,67841,15203,-14132,1071,NaN,NaN,NaN,NaN,252360,76035,-144947,-68912,123585,-55744,67841,15203,-14132,1071
2020-09-23T22:00:00Z,2.957,2.9795,2.9135,2.9655,6718,6718,6534.5,6539,517,518.1,511.15,517.65,76035,-144947,-68912,123585,-55744,67841,15203,-14132,1071,NaN,NaN,NaN,NaN,252360,76035,-144947,-68912,123585,-55744,67841,15203,-14132,1071
2020-09-24T22:00:00Z,2.965,2.995,2.944,2.978,6529,6598,6529,6576.5,517.95,519.5,513.05,516.65,76035,-144947,-68912,123585,-55744,67841,15203,-14132,1071,NaN,NaN,NaN,NaN,252360,76035,-144947,-68912,123585,-55744,67841,15203,-14132,1071
2020-09-27T22:00:00Z,2.9835,3.0115,2.9645,3.0015,6563.5,6584,6544.5,6576,517.5,522.7,517,520.5,76035,-144947,-68912,123585,-55744,67841,15203,-14132,1071,NaN,NaN,NaN,NaN,252360,76035,-144947,-68912,123585,-55744,67841,15203,-14132,1071
2020-09-28T22:00:00Z,3,3.006,2.955,2.996,6581.5,6606,6521.5,6540,520,521,515.25,520.5,73605,-129934,-56329,114003,-59941,54062,15081,-12814,2267,NaN,NaN,NaN,NaN,236095,73605,-129934,-56329,114003,-59941,54062,15081,-12814,2267
2020-09-29T22:00:00Z,2.9955,3.0415,2.9755,3.0225,6542.5,6635,6536.5,6598.5,519.9,525.6,517.5,525.2,73605,-129934,-56329,114003,-59941,54062,15081,-12814,2267,NaN,NaN,NaN,NaN,236095,73605,-129934,-56329,114003,-59941,54062,15081,-12814,2267
2020-09-30T22:00:00Z,3.016,3.0465,2.854,2.8775,NaN,NaN,NaN,NaN,525.55,526.5,494.8,497.5,73605,-129934,-56329,114003,-59941,54062,15081,-12814,2267,NaN,NaN,NaN,NaN,236095,73605,-129934,-56329,114003,-59941,54062,15081,-12814,2267
2020-10-01T22:00:00Z,2.8775,2.9865,2.8345,2.98,NaN,NaN,NaN,NaN,NaN,NaN,NaN,NaN,73605,-129934,-56329,114003,-59941,54062,15081,-12814,2267,NaN,NaN,NaN,NaN,236095,73605,-129934,-56329,114003,-59941,54062,15081,-12814,2267
2020-10-04T22:00:00Z,2.98,2.9845,2.932,2.964,6663,6693.5,6508.5,6537.5,503.65,513.4,503.65,509.8,73605,-129934,-56329,114003,-59941,54062,15081,-12814,2267,NaN,NaN,NaN,NaN,236095,73605,-129934,-56329,114003,-59941,54062,15081,-12814,2267
2020-10-05T22:00:00Z,2.9635,2.9765,2.9205,2.9225,6541.5,6554,6486.5,6517,510.7,513.7,509.6,512.65,72086,-126990,-54904,107106,-53528,53578,14373,-13047,1326,NaN,NaN,NaN,NaN,228717,72086,-126990,-54904,107106,-53528,53578,14373,-13047,1326
2020-10-06T22:00:00Z,2.927,3.055,2.9225,3.0305,6536,6543.5,6536,6543.5,511,525.9,508.1,522.05,72086,-126990,-54904,107106,-53528,53578,14373,-13047,1326,NaN,NaN,NaN,NaN,228717,72086,-126990,-54904,107106,-53528,53578,14373,-13047,1326
2020-10-07T22:00:00Z,3.0315,3.0475,3.0115,3.041,6651,6651,6626.5,6626.5,520.5,524.7,518.5,523.65,72086,-126990,-54904,107106,-53528,53578,14373,-13047,1326,NaN,NaN,NaN,NaN,228717,72086,-126990,-54904,107106,-53528,53578,14373,-13047,1326
2020-10-08T22:00:00Z,3.042,3.098,3.039,3.084,6675.5,6742,6674.5,6741.5,524.8,531.05,524.35,528.1,72086,-126990,-54904,107106,-53528,53578,14373,-13047,1326,NaN,NaN,NaN,NaN,228717,72086,-126990,-54904,107106,-53528,53578,14373,-13047,1326
2020-10-11T22:00:00Z,3.0795,3.093,3.052,3.063,6739,6781,6739,6781,527.1,531.85,527.05,527.9,72086,-126990,-54904,107106,-53528,53578,14373,-13047,1326,NaN,NaN,NaN,NaN,228717,72086,-126990,-54904,107106,-53528,53578,14373,-13047,1326
2020-10-12T22:00:00Z,3.0635,3.067,3.0265,3.04,NaN,NaN,NaN,NaN,526.9,526.9,521.95,524.1,68479,-129717,-61238,119134,-59918,59216,14788,-12766,2022,NaN,NaN,NaN,NaN,237283,68479,-129717,-61238,119134,-59918,59216,14788,-12766,2022
2020-10-13T22:00:00Z,3.0415,3.0685,3.038,3.052,6784,6784,6715.5,6715.5,526.4,528,522,525.05,68479,-129717,-61238,119134,-59918,59216,14788,-12766,2022,NaN,NaN,NaN,NaN,237283,68479,-129717,-61238,119134,-59918,59216,14788,-12766,2022
2020-10-14T22:00:00Z,3.0505,3.0935,3.0245,3.085,6714,6741,6698.5,6730,524.4,531.2,521.3,530.7,68479,-129717,-61238,119134,-59918,59216,14788,-12766,2022,NaN,NaN,NaN,NaN,237283,68479,-129717,-61238,119134,-59918,59216,14788,-12766,2022
2020-10-15T22:00:00Z,3.0875,3.096,3.0555,3.063,6688,6773.5,6678,6766.5,529.9,530.5,526.5,527.6,68479,-129717,-61238,119134,-59918,59216,14788,-12766,2022,NaN,NaN,NaN,NaN,237283,68479,-129717,-61238,119134,-59918,59216,14788,-12766,2022
2020-10-18T22:00:00Z,3.0605,3.108,3.057,3.0845,6741.5,6764.5,6731,6748.5,528.95,533.4,527.1,530.45,68479,-129717,-61238,119134,-59918,59216,14788,-12766,2022,NaN,NaN,NaN,NaN,237283,68479,-129717,-61238,119134,-59918,59216,14788,-12766,2022
2020-10-19T22:00:00Z,3.0835,3.1705,3.073,3.143,6751.5,6799.5,6751.5,6787,529.9,533.8,529.1,531.8,69021,-138070,-69049,130993,-63728,67265,15899,-14115,1784,NaN,NaN,NaN,NaN,249001,69021,-138070,-69049,130993,-63728,67265,15899,-14115,1784
2020-10-20T22:00:00Z,3.1415,3.218,3.1405,3.195,6967,6967,6962.5,6962.5,533.3,542.95,532.35,538.55,69021,-138070,-69049,130993,-63728,67265,15899,-14115,1784,NaN,NaN,NaN,NaN,249001,69021,-138070,-69049,130993,-63728,67265,15899,-14115,1784
2020-10-21T22:00:00Z,3.1955,3.196,3.1425,3.1645,7012.5,7012.5,6960,6961.5,537,539.8,527.6,529.35,69021,-138070,-69049,130993,-63728,67265,15899,-14115,1784,NaN,NaN,NaN,NaN,249001,69021,-138070,-69049,130993,-63728,67265,15899,-14115,1784
2020-10-22T22:00:00Z,3.164,3.1645,3.1245,3.143,6911,6913.5,6885,6908,529.35,549.05,526.3,545.1,69021,-138070,-69049,130993,-63728,67265,15899,-14115,1784,NaN,NaN,NaN,NaN,249001,69021,-138070,-69049,130993,-63728,67265,15899,-14115,1784
2020-10-25T22:00:00Z,3.1415,3.143,3.077,3.0905,NaN,NaN,NaN,NaN,530.45,535.35,528,528.75,69021,-138070,-69049,130993,-63728,67265,15899,-14115,1784,NaN,NaN,NaN,NaN,249001,69021,-138070,-69049,130993,-63728,67265,15899,-14115,1784
2020-10-26T22:00:00Z,3.0915,3.1125,3.08,3.0875,6908,6908,6767,6767,529.5,532.3,528.5,529.8,67831,-138980,-71149,126722,-59806,66916,17271,-13038,4233,NaN,NaN,NaN,NaN,241268,67831,-138980,-71149,126722,-59806,66916,17271,-13038,4233
2020-10-27T22:00:00Z,3.088,3.1065,3.042,3.067,6808,6808,6773.5,6773.5,530.7,533.35,524.3,528.35,67831,-138980,-71149,126722,-59806,66916,17271,-13038,4233,NaN,NaN,NaN,NaN,241268,67831,-138980,-71149,126722,-59806,66916,17271,-13038,4233
2020-10-28T22:00:00Z,3.069,3.094,3.0435,3.058,6745.5,6745.5,6741,6741,530.5,530.9,526.25,528.7,67831,-138980,-71149,126722,-59806,66916,17271,-13038,4233,NaN,NaN,NaN,NaN,241268,67831,-138980,-71149,126722,-59806,66916,17271,-13038,4233
2020-10-29T22:00:00Z,3.058,3.08,3.037,3.0505,6702.5,6725,6702.5,6725,531.1,531.2,525.45,526.4,67831,-138980,-71149,126722,-59806,66916,17271,-13038,4233,NaN,NaN,NaN,NaN,241268,67831,-138980,-71149,126722,-59806,66916,17271,-13038,4233
2020-11-01T23:00:00Z,3.043,3.0965,3.028,3.0865,6731.5,6731.5,6697.5,6697.5,526.6,529.45,523.2,527.55,67831,-138980,-71149,126722,-59806,66916,17271,-13038,4233,NaN,NaN,NaN,NaN,241268,67831,-138980,-71149,126722,-59806,66916,17271,-13038,4233
2020-11-02T23:00:00Z,3.086,3.123,3.0795,3.099,6725,6802,6725,6802,529.95,531.75,527.55,530.5,67430,-132200,-64770,115597,-54459,61138,16436,-12804,3632,NaN,NaN,NaN,NaN,233351,67430,-132200,-64770,115597,-54459,61138,16436,-12804,3632
2020-11-03T23:00:00Z,3.0995,3.121,3.0285,3.1035,6705.5,6712,6682.5,6712,529.1,530.85,521.4,528.95,67430,-132200,-64770,115597,-54459,61138,16436,-12804,3632,NaN,NaN,NaN,NaN,233351,67430,-132200,-64770,115597,-54459,61138,16436,-12804,3632
2020-11-04T23:00:00Z,3.11,3.1365,3.08,3.1125,6705.5,6798.5,6682.5,6798.5,528.2,531.3,524.7,527.95,67430,-132200,-64770,115597,-54459,61138,16436,-12804,3632,NaN,NaN,NaN,NaN,233351,67430,-132200,-64770,115597,-54459,61138,16436,-12804,3632
2020-11-05T23:00:00Z,3.115,3.174,3.1015,3.1495,6712,6902.5,6712,6902.5,527,536.7,526.25,533.5,67430,-132200,-64770,115597,-54459,61138,16436,-12804,3632,NaN,NaN,NaN,NaN,233351,67430,-132200,-64770,115597,-54459,61138,16436,-12804,3632
2020-11-08T23:00:00Z,3.1625,3.208,3.1315,3.136,6798.5,6947.5,6798.5,6947.5,534,540.9,531.7,534.8,67430,-132200,-64770,115597,-54459,61138,16436,-12804,3632,NaN,NaN,NaN,NaN,233351,67430,-132200,-64770,115597,-54459,61138,16436,-12804,3632
2020-11-09T23:00:00Z,3.1355,3.1625,3.0965,3.155,6911.5,6917,6878.5,6917,534,536.5,528.2,536.05,61733,-129495,-67762,120398,-55329,65069,15789,-13096,2693,NaN,NaN,NaN,NaN,228128,61733,-129495,-67762,120398,-55329,65069,15789,-13096,2693
2020-11-10T23:00:00Z,3.154,3.1755,3.1075,3.133,6913,6929,6913,6915,535,539.4,530.8,533.95,61733,-129495,-67762,120398,-55329,65069,15789,-13096,2693,NaN,NaN,NaN,NaN,228128,61733,-129495,-67762,120398,-55329,65069,15789,-13096,2693
2020-11-11T23:00:00Z,3.132,3.164,3.121,3.1355,6885.5,6911,6885.5,6911,534.35,538.95,532.3,535.9,61733,-129495,-67762,120398,-55329,65069,15789,-13096,2693,NaN,NaN,NaN,NaN,228128,61733,-129495,-67762,120398,-55329,65069,15789,-13096,2693
2020-11-12T23:00:00Z,3.135,3.189,3.1275,3.182,6948.5,6954.5,6890,6944,536,541.8,534.35,540.85,61733,-129495,-67762,120398,-55329,65069,15789,-13096,2693,NaN,NaN,NaN,NaN,228128,61733,-129495,-67762,120398,-55329,65069,15789,-13096,2693
2020-11-15T23:00:00Z,3.179,3.2625,3.179,3.226,7055.5,7157.5,7055.5,7135.5,542.95,551,542.95,546.8,61733,-129495,-67762,120398,-55329,65069,15789,-13096,2693,NaN,NaN,NaN,NaN,228128,61733,-129495,-67762,120398,-55329,65069,15789,-13096,2693
2020-11-16T23:00:00Z,3.2265,3.2395,3.1765,3.2065,7093.5,7093.5,7084.5,7084.5,547.1,548.2,541.1,543.35,59096,-131014,-71918,123701,-56539,67162,17718,-12962,4756,NaN,NaN,NaN,NaN,228338,59096,-131014,-71918,123701,-56539,67162,17718,-12962,4756
2020-11-17T23:00:00Z,3.2065,3.242,3.188,3.196,7125,7136,7125,7136,543,546.9,541.35,542.35,59096,-131014,-71918,123701,-56539,67162,17718,-12962,4756,NaN,NaN,NaN,NaN,228338,59096,-131014,-71918,123701,-56539,67162,17718,-12962,4756
2020-11-18T23:00:00Z,3.1945,3.2175,3.169,3.214,7136,7136,7053.5,7053.5,541,545.35,538.8,544.45,59096,-131014,-71918,123701,-56539,67162,17718,-12962,4756,NaN,NaN,NaN,NaN,228338,59096,-131014,-71918,123701,-56539,67162,17718,-12962,4756
2020-11-19T23:00:00Z,3.212,3.3015,3.2035,3.293,7034,7146,7031.5,7145,544.5,563,544.5,558.8,59096,-131014,-71918,123701,-56539,67162,17718,-12962,4756,NaN,NaN,NaN,NaN,228338,59096,-131014,-71918,123701,-56539,67162,17718,-12962,4756
2020-11-22T23:00:00Z,3.29,3.296,3.235,3.2625,7204,7252,7204,7252,558.8,560.4,553.1,556.45,59096,-131014,-71918,123701,-56539,67162,17718,-12962,4756,NaN,NaN,NaN,NaN,228338,59096,-131014,-71918,123701,-56539,67162,17718,-12962,4756
2020-11-23T23:00:00Z,3.2625,3.316,3.261,3.3035,7232,7318,7228,7303,556.55,563.75,556.55,561.7,61402,-140091,-78689,130293,-56522,73771,18089,-13171,4918,NaN,NaN,NaN,NaN,236644,61402,-140091,-78689,130293,-56522,73771,18089,-13171,4918
2020-11-24T23:00:00Z,3.3005,3.3305,3.28,3.3165,7302,7349,7286,7286,562.4,563.6,557.6,561.15,61402,-140091,-78689,130293,-56522,73771,18089,-13171,4918,NaN,NaN,NaN,NaN,236644,61402,-140091,-78689,130293,-56522,73771,18089,-13171,4918
2020-11-25T23:00:00Z,3.336,3.425,3.33,3.422,7356.5,7479,7353.5,7477.5,567.5,578.7,567.5,578.05,61402,-140091,-78689,130293,-56522,73771,18089,-13171,4918,NaN,NaN,NaN,NaN,236644,61402,-140091,-78689,130293,-56522,73771,18089,-13171,4918
2020-11-29T23:00:00Z,3.418,3.505,3.417,3.4505,7471.5,7678,7471.5,7630.5,582,591.9,581.65,582.3,61402,-140091,-78689,130293,-56522,73771,18089,-13171,4918,NaN,NaN,NaN,NaN,236644,61402,-140091,-78689,130293,-56522,73771,18089,-13171,4918
2020-11-30T23:00:00Z,3.4495,3.5215,3.447,3.504,7616,7641.5,7612.5,7612.5,586,591.9,581.1,587,59131,-143621,-84490,134470,-54614,79856,18379,-13745,4634,NaN,NaN,NaN,NaN,240738,59131,-143621,-84490,134470,-54614,79856,18379,-13745,4634
2020-12-01T23:00:00Z,3.502,3.512,3.439,3.4945,7655.5,7707,7639.5,7653.5,586.5,591.35,581.2,589.5,59131,-143621,-84490,134470,-54614,79856,18379,-13745,4634,NaN,NaN,NaN,NaN,240738,59131,-143621,-84490,134470,-54614,79856,18379,-13745,4634
2020-12-02T23:00:00Z,3.4935,3.523,3.4695,3.484,7659.5,7664.5,7659.5,7664.5,589.65,595.25,587.15,590.7,59131,-143621,-84490,134470,-54614,79856,18379,-13745,4634,NaN,NaN,NaN,NaN,240738,59131,-143621,-84490,134470,-54614,79856,18379,-13745,4634
2020-12-03T23:00:00Z,3.484,3.536,3.4805,3.529,7671,7758,7669.5,7758,592.45,597.25,592.1,596.6,59131,-143621,-84490,134470,-54614,79856,18379,-13745,4634,NaN,NaN,NaN,NaN,240738,59131,-143621,-84490,134470,-54614,79856,18379,-13745,4634
2020-12-06T23:00:00Z,3.5275,3.546,3.4785,3.507,7701.5,7701.5,7674.5,7674.5,594.5,595.45,589.7,594.55,59131,-143621,-84490,134470,-54614,79856,18379,-13745,4634,NaN,NaN,NaN,NaN,240738,59131,-143621,-84490,134470,-54614,79856,18379,-13745,4634
2020-12-07T23:00:00Z,3.5075,3.5085,3.467,3.501,7701.5,7701.5,7679,7679,592.8,592.8,585.85,592,59120,-145348,-86228,136878,-56839,80039,19002,-12813,6189,NaN,NaN,NaN,NaN,242850,59120,-145348,-86228,136878,-56839,80039,19002,-12813,6189
2020-12-08T23:00:00Z,3.504,3.535,3.485,3.499,7641,7742,7638,7742,593,596.45,592.35,594.65,59120,-145348,-86228,136878,-56839,80039,19002,-12813,6189,NaN,NaN,NaN,NaN,242850,59120,-145348,-86228,136878,-56839,80039,19002,-12813,6189
2020-12-09T23:00:00Z,3.498,3.5935,3.45,3.582,7749.5,7749.5,7728,7728,593.6,607.85,590.5,606.2,59120,-145348,-86228,136878,-56839,80039,19002,-12813,6189,NaN,NaN,NaN,NaN,242850,59120,-145348,-86228,136878,-56839,80039,19002,-12813,6189
2020-12-10T23:00:00Z,3.583,3.6245,3.4965,3.5345,7771.5,7950,7745,7763,603.95,603.95,597.25,601.75,59120,-145348,-86228,136878,-56839,80039,19002,-12813,6189,NaN,NaN,NaN,NaN,242850,59120,-145348,-86228,136878,-56839,80039,19002,-12813,6189
2020-12-13T23:00:00Z,3.5405,3.556,3.508,3.5205,7754,7802.5,7721,7778.5,603.7,605.65,599.25,601.75,59120,-145348,-86228,136878,-56839,80039,19002,-12813,6189,NaN,NaN,NaN,NaN,242850,59120,-145348,-86228,136878,-56839,80039,19002,-12813,6189
2020-12-14T23:00:00Z,3.522,3.556,3.5,3.544,7768.5,7769,7722.5,7764,600,603.5,596.8,601.25,61964,-141266,-79302,133972,-61852,72120,18834,-11652,7182,NaN,NaN,NaN,NaN,244491,61964,-141266,-79302,133972,-61852,72120,18834,-11652,7182
2020-12-15T23:00:00Z,3.5445,3.58,3.536,3.569,7795,7823.5,7795,7816.5,602.05,606.4,600.3,604.05,61964,-141266,-79302,133972,-61852,72120,18834,-11652,7182,NaN,NaN,NaN,NaN,244491,61964,-141266,-79302,133972,-61852,72120,18834,-11652,7182
2020-12-16T23:00:00Z,3.5645,3.614,3.5615,3.6125,7868.5,7906.5,7868.5,7906.5,605.3,612.35,605.3,610.9,61964,-141266,-79302,133972,-61852,72120,18834,-11652,7182,NaN,NaN,NaN,NaN,244491,61964,-141266,-79302,133972,-61852,72120,18834,-11652,7182
2020-12-17T23:00:00Z,3.611,3.6455,3.59,3.6425,7955,7993.5,7955,7993.5,612.3,617.45,612.3,617,61964,-141266,-79302,133972,-61852,72120,18834,-11652,7182,NaN,NaN,NaN,NaN,244491,61964,-141266,-79302,133972,-61852,72120,18834,-11652,7182
2020-12-20T23:00:00Z,3.6405,3.6445,3.5465,3.581,7955,7993.5,7928,7928,614,617.05,606.1,610.3,63577,-144069,-80492,133440,-62002,71438,20551,-11497,9054,NaN,NaN,NaN,NaN,248003,63577,-144069,-80492,133440,-62002,71438,20551,-11497,9054
2020-12-21T23:00:00Z,3.5805,3.5925,3.505,3.513,7993.5,7993.5,7794.5,7794.5,611.1,611.1,597.45,598.95,63577,-144069,-80492,133440,-62002,71438,20551,-11497,9054,NaN,NaN,NaN,NaN,248003,63577,-144069,-80492,133440,-62002,71438,20551,-11497,9054
2020-12-22T23:00:00Z,3.5105,3.5635,3.478,3.546,7761.5,7798.5,7761.5,7798.5,599.85,604,590.25,601.75,63577,-144069,-80492,133440,-62002,71438,20551,-11497,9054,NaN,NaN,NaN,NaN,248003,63577,-144069,-80492,133440,-62002,71438,20551,-11497,9054
2020-12-23T23:00:00Z,3.546,3.5735,3.531,3.5715,7827.5,7827.5,7821,7821,603.85,605.6,599.2,604.6,63577,-144069,-80492,133440,-62002,71438,20551,-11497,9054,NaN,NaN,NaN,NaN,248003,63577,-144069,-80492,133440,-62002,71438,20551,-11497,9054
2020-12-27T23:00:00Z,3.569,3.618,3.5565,3.5725,7821,7821,7782.5,7782.5,606,612.7,605.4,605.95,63577,-144069,-80492,133440,-62002,71438,20551,-11497,9054,NaN,NaN,NaN,NaN,248003,63577,-144069,-80492,133440,-62002,71438,20551,-11497,9054
2020-12-28T23:00:00Z,3.5725,3.5915,3.544,3.553,7891.5,7891.5,7841,7841,604.6,606.4,600.35,602.3,62216,-144121,-81905,132395,-61114,71281,21950,-11326,10624,NaN,NaN,NaN,NaN,247232,62216,-144121,-81905,132395,-61114,71281,21950,-11326,10624
2020-12-29T23:00:00Z,3.5525,3.583,3.5405,3.5445,7841,7854.5,7841,7854.5,604.4,604.95,599.3,599.95,62216,-144121,-81905,132395,-61114,71281,21950,-11326,10624,NaN,NaN,NaN,NaN,247232,62216,-144121,-81905,132395,-61114,71281,21950,-11326,10624
2020-12-30T23:00:00Z,3.5445,3.5595,3.5055,3.52,7771,7771,7771,7771,598.1,598.5,593.7,594.7,62216,-144121,-81905,132395,-61114,71281,21950,-11326,10624,NaN,NaN,NaN,NaN,247232,62216,-144121,-81905,132395,-61114,71281,21950,-11326,10624
2021-01-03T23:00:00Z,3.527,3.607,3.522,3.564,7868,7912.5,7854.5,7896.5,599,608.4,599,601.4,62216,-144121,-81905,132395,-61114,71281,21950,-11326,10624,NaN,NaN,NaN,NaN,247232,62216,-144121,-81905,132395,-61114,71281,21950,-11326,10624
2021-01-04T23:00:00Z,3.556,3.663,3.556,3.647,7921.5,7935.5,7845.5,7916,606.55,616.95,605.8,616.5,65798,-145199,-79401,135088,-65850,69238,22158,-11995,10163,NaN,NaN,NaN,NaN,256942,65798,-145199,-79401,135088,-65850,69238,22158,-11995,10163
2021-01-05T23:00:00Z,3.6465,3.7075,3.6245,3.6625,7917.5,8094.5,7911,8086.5,617,625.35,613.5,617.95,65798,-145199,-79401,135088,-65850,69238,22158,-11995,10163,NaN,NaN,NaN,NaN,256942,65798,-145199,-79401,135088,-65850,69238,22158,-11995,10163
2021-01-06T23:00:00Z,3.6615,3.7115,3.6405,3.707,7917.5,8094.5,7911,8080,619.2,629.45,617.65,628.1,65798,-145199,-79401,135088,-65850,69238,22158,-11995,10163,NaN,NaN,NaN,NaN,256942,65798,-145199,-79401,135088,-65850,69238,22158,-11995,10163
2021-01-07T23:00:00Z,3.706,3.734,3.629,3.6935,8104.5,8171,8104.5,8165,629,631.2,615.1,622.5,65798,-145199,-79401,135088,-65850,69238,22158,-11995,10163,NaN,NaN,NaN,NaN,256942,65798,-145199,-79401,135088,-65850,69238,22158,-11995,10163
2021-01-10T23:00:00Z,3.6925,3.6925,3.5515,3.5555,8034.5,8063,7984.5,8005.5,617,617,603.4,605.3,65798,-145199,-79401,135088,-65850,69238,22158,-11995,10163,NaN,NaN,NaN,NaN,256942,65798,-145199,-79401,135088,-65850,69238,22158,-11995,10163
2021-01-11T23:00:00Z,3.558,3.6485,3.557,3.644,8034.5,8063,7952.5,7952.5,608.8,616.4,607.25,610.95,62779,-138822,-76043,131399,-64757,66642,20324,-10923,9401,NaN,NaN,NaN,NaN,251140,62779,-138822,-76043,131399,-64757,66642,20324,-10923,9401
2021-01-12T23:00:00Z,3.646,3.6495,3.605,3.6105,8005.5,8005.5,7967.5,7967.5,616.4,616.4,609.2,610.8,62779,-138822,-76043,131399,-64757,66642,20324,-10923,9401,NaN,NaN,NaN,NaN,251140,62779,-138822,-76043,131399,-64757,66642,20324,-10923,9401
2021-01-13T23:00:00Z,3.6105,3.675,3.6015,3.6715,7966,7978,7966,7978,610.65,615.85,607.35,615.2,62779,-138822,-76043,131399,-64757,66642,20324,-10923,9401,NaN,NaN,NaN,NaN,251140,62779,-138822,-76043,131399,-64757,66642,20324,-10923,9401
2021-01-14T23:00:00Z,3.6735,3.684,3.5865,3.601,7974,7974,7974,7974,613.9,615,602.7,605.3,62779,-138822,-76043,131399,-64757,66642,20324,-10923,9401,NaN,NaN,NaN,NaN,251140,62779,-138822,-76043,131399,-64757,66642,20324,-10923,9401
2021-01-17T23:00:00Z,3.593,3.6535,3.5585,3.6305,7974.5,7997.5,7957,7997.5,608.15,613.75,605.3,610.25,62401,-139558,-77157,132237,-64131,68106,21058,-12007,9051,NaN,NaN,NaN,NaN,254998,62401,-139558,-77157,132237,-64131,68106,21058,-12007,9051
2021-01-19T23:00:00Z,3.627,3.664,3.616,3.645,8003.5,8029.5,8003,8029.5,613,614.6,607.8,611.35,62401,-139558,-77157,132237,-64131,68106,21058,-12007,9051,NaN,NaN,NaN,NaN,254998,62401,-139558,-77157,132237,-64131,68106,21058,-12007,9051
2021-01-20T23:00:00Z,3.644,3.6735,3.6335,3.6465,8016.5,8060,7985.5,8060,613.4,615.5,609.05,610.25,62401,-139558,-77157,132237,-64131,68106,21058,-12007,9051,NaN,NaN,NaN,NaN,254998,62401,-139558,-77157,132237,-64131,68106,21058,-12007,9051
2021-01-21T23:00:00Z,3.647,3.652,3.5635,3.6195,8065,8068,8022.5,8022.5,609.4,612.2,600.6,610.25,62401,-139558,-77157,132237,-64131,68106,21058,-12007,9051,NaN,NaN,NaN,NaN,254998,62401,-139558,-77157,132237,-64131,68106,21058,-12007,9051
2021-01-24T23:00:00Z,3.6215,3.6405,3.592,3.6305,7893,8014.5,7893,8014.5,610.9,612.25,605.35,610.3,62401,-139558,-77157,132237,-64131,68106,21058,-12007,9051,NaN,NaN,NaN,NaN,254998,62401,-139558,-77157,132237,-64131,68106,21058,-12007,9051
2021-01-25T23:00:00Z,3.6295,3.6415,3.581,3.6165,8018.5,8018.5,7938,7938,NaN,NaN,NaN,NaN,64577,-143320,-78743,131420,-61152,70268,20103,-11628,8475,NaN,NaN,NaN,NaN,256365,64577,-143320,-78743,131420,-61152,70268,20103,-11628,8475
2021-01-26T23:00:00Z,3.617,3.628,3.5205,3.547,8014.5,8014.5,7978,7978,609.4,609.4,592.5,598.5,64577,-143320,-78743,131420,-61152,70268,20103,-11628,8475,NaN,NaN,NaN,NaN,256365,64577,-143320,-78743,131420,-61152,70268,20103,-11628,8475
2021-01-27T23:00:00Z,3.547,3.5985,3.491,3.5745,7836,7840.5,7763.5,7763.5,600.3,604.3,587.75,600.6,64577,-143320,-78743,131420,-61152,70268,20103,-11628,8475,NaN,NaN,NaN,NaN,256365,64577,-143320,-78743,131420,-61152,70268,20103,-11628,8475
2021-01-28T23:00:00Z,3.5745,3.6125,3.532,3.5405,7803.5,7852,7803.5,7852,598.85,603.95,593.75,596.4,64577,-143320,-78743,131420,-61152,70268,20103,-11628,8475,NaN,NaN,NaN,NaN,256365,64577,-143320,-78743,131420,-61152,70268,20103,-11628,8475
2021-01-31T23:00:00Z,3.5555,3.585,3.5235,3.5515,7888,7888,7841,7841,598.2,601.8,585,593.9,64577,-143320,-78743,131420,-61152,70268,20103,-11628,8475,NaN,NaN,NaN,NaN,256365,64577,-143320,-78743,131420,-61152,70268,20103,-11628,8475
2021-02-01T23:00:00Z,3.551,3.569,3.5,3.5265,7785,7785,7747,7747,594.9,596.45,588.15,590.85,65716,-141460,-75744,131607,-65261,66346,20809,-11411,9398,NaN,NaN,NaN,NaN,257036,65716,-141460,-75744,131607,-65261,66346,20809,-11411,9398
2021-02-02T23:00:00Z,3.5275,3.573,3.5035,3.562,7744.5,7774,7744.5,7774,588.9,598.8,587.75,597.4,65716,-141460,-75744,131607,-65261,66346,20809,-11411,9398,NaN,NaN,NaN,NaN,257036,65716,-141460,-75744,131607,-65261,66346,20809,-11411,9398
2021-02-03T23:00:00Z,3.562,3.583,3.537,3.551,7858,7869.5,7858,7869.5,597.55,600.9,594.55,596.55,65716,-141460,-75744,131607,-65261,66346,20809,-11411,9398,NaN,NaN,NaN,NaN,257036,65716,-141460,-75744,131607,-65261,66346,20809,-11411,9398
2021-02-04T23:00:00Z,3.552,3.64,3.5515,3.64,7838.5,7913.5,7838.5,7913.5,598.9,610.2,597.6,609.55,65716,-141460,-75744,131607,-65261,66346,20809,-11411,9398,NaN,NaN,NaN,NaN,257036,65716,-141460,-75744,131607,-65261,66346,20809,-11411,9398
2021-02-07T23:00:00Z,3.639,3.68,3.6225,3.679,7981,8000.5,7981,7998,609.05,620.9,609.05,620.15,65716,-141460,-75744,131607,-65261,66346,20809,-11411,9398,NaN,NaN,NaN,NaN,257036,65716,-141460,-75744,131607,-65261,66346,20809,-11411,9398
2021-02-08T23:00:00Z,3.6785,3.7255,3.667,3.7185,8080.5,8125,8080.5,8092.5,621.15,630.2,621.15,629.55,67275,-148594,-81319,140927,-69632,71295,22848,-12824,10024,NaN,NaN,NaN,NaN,264096,67275,-148594,-81319,140927,-69632,71295,22848,-12824,10024
2021-02-09T23:00:00Z,3.717,3.7955,3.714,3.7735,8163,8282,8163,8258,630.95,640.35,630.95,637.35,67275,-148594,-81319,140927,-69632,71295,22848,-12824,10024,NaN,NaN,NaN,NaN,264096,67275,-148594,-81319,140927,-69632,71295,22848,-12824,10024
2021-02-10T23:00:00Z,3.774,3.792,3.75,3.781,8311.5,8311.5,8243,8264,634,638.7,633.35,636.85,67275,-148594,-81319,140927,-69632,71295,22848,-12824,10024,NaN,NaN,NaN,NaN,264096,67275,-148594,-81319,140927,-69632,71295,22848,-12824,10024
2021-02-11T23:00:00Z,3.7805,3.805,3.721,3.7995,NaN,NaN,NaN,NaN,636,643.35,631.4,641.15,67275,-148594,-81319,140927,-69632,71295,22848,-12824,10024,NaN,NaN,NaN,NaN,264096,67275,-148594,-81319,140927,-69632,71295,22848,-12824,10024
2021-02-14T23:00:00Z,3.803,3.845,3.795,3.837,8264,8373,8264,8373,647,648.4,641.05,646.8,65911,-151581,-85670,146763,-72854,73909,24707,-12946,11761,NaN,NaN,NaN,NaN,272276,65911,-151581,-85670,146763,-72854,73909,24707,-12946,11761
2021-02-16T23:00:00Z,3.8355,3.8405,3.794,3.821,8426,8426,8399.5,8399.5,646.85,647.1,640.45,644.35,65911,-151581,-85670,146763,-72854,73909,24707,-12946,11761,NaN,NaN,NaN,NaN,272276,65911,-151581,-85670,146763,-72854,73909,24707,-12946,11761
2021-02-17T23:00:00Z,3.821,3.931,3.819,3.9065,8426,8602,8415,8602,650.2,658.75,650.2,657.4,65911,-151581,-85670,146763,-72854,73909,24707,-12946,11761,NaN,NaN,NaN,NaN,272276,65911,-151581,-85670,146763,-72854,73909,24707,-12946,11761
2021-02-18T23:00:00Z,3.902,4.091,3.8865,4.067,8399.5,8574,8399.5,8574,655.5,695.9,653.2,692.25,65911,-151581,-85670,146763,-72854,73909,24707,-12946,11761,NaN,NaN,NaN,NaN,272276,65911,-151581,-85670,146763,-72854,73909,24707,-12946,11761
2021-02-21T23:00:00Z,4.0715,4.216,4.0665,4.148,9160,9193.5,9059,9059,697.05,708.9,685.5,698.7,65911,-151581,-85670,146763,-72854,73909,24707,-12946,11761,NaN,NaN,NaN,NaN,272276,65911,-151581,-85670,146763,-72854,73909,24707,-12946,11761
2021-02-22T23:00:00Z,4.1505,4.2245,4.0875,4.214,9229,9316,9195.5,9195.5,703.95,711.75,692.1,705.85,65083,-151605,-86522,140530,-65125,75405,24089,-12972,11117,NaN,NaN,NaN,NaN,268170,65083,-151605,-86522,140530,-65125,75405,24089,-12972,11117
2021-02-23T23:00:00Z,4.2145,4.3195,4.1395,4.3165,9226.5,9226.5,9205.5,9206.5,706.45,727.7,697.4,723.85,65083,-151605,-86522,140530,-65125,75405,24089,-12972,11117,NaN,NaN,NaN,NaN,268170,65083,-151605,-86522,140530,-65125,75405,24089,-12972,11117
2021-02-24T23:00:00Z,4.3215,4.3755,4.191,4.205,9595.5,9595.5,9527.5,9527.5,730,737,718.2,720.35,65083,-151605,-86522,140530,-65125,75405,24089,-12972,11117,NaN,NaN,NaN,NaN,268170,65083,-151605,-86522,140530,-65125,75405,24089,-12972,11117
2021-02-25T23:00:00Z,4.2055,4.2555,4.0765,4.102,9595.5,9595.5,9251,9251,716.1,720,701.9,702.95,65083,-151605,-86522,140530,-65125,75405,24089,-12972,11117,NaN,NaN,NaN,NaN,268170,65083,-151605,-86522,140530,-65125,75405,24089,-12972,11117
2021-02-28T23:00:00Z,4.106,4.181,4.089,4.1005,9527.5,9527.5,9140,9140,708.9,709.95,696.15,698.05,65083,-151605,-86522,140530,-65125,75405,24089,-12972,11117,NaN,NaN,NaN,NaN,268170,65083,-151605,-86522,140530,-65125,75405,24089,-12972,11117
2021-03-01T23:00:00Z,4.1005,4.2275,4.0415,4.211,8993,9047,8993,9047,695,718.8,689.3,716.75,67335,-145102,-77767,132144,-66127,66017,22939,-11189,11750,NaN,NaN,NaN,NaN,251989,67335,-145102,-77767,132144,-66127,66017,22939,-11189,11750
2021-03-02T23:00:00Z,4.208,4.2215,4.102,4.1045,8993,9234.5,8993,9234.5,710.85,713.25,697.4,702.3,67335,-145102,-77767,132144,-66127,66017,22939,-11189,11750,NaN,NaN,NaN,NaN,251989,67335,-145102,-77767,132144,-66127,66017,22939,-11189,11750
2021-03-03T23:00:00Z,4.1065,4.1505,3.849,3.9455,9047,9047,8944.5,8944.5,702,702,663.3,672.85,67335,-145102,-77767,132144,-66127,66017,22939,-11189,11750,NaN,NaN,NaN,NaN,251989,67335,-145102,-77767,132144,-66127,66017,22939,-11189,11750
2021-03-04T23:00:00Z,3.9535,4.1105,3.9015,4.1,9234.5,9234.5,8851,8851,677,694.5,673.65,691.05,67335,-145102,-77767,132144,-66127,66017,22939,-11189,11750,NaN,NaN,NaN,NaN,251989,67335,-145102,-77767,132144,-66127,66017,22939,-11189,11750
2021-03-07T23:00:00Z,4.117,4.1705,3.9965,4.0755,8923.5,8923.5,8896,8896,684.5,697.2,678,696.05,67335,-145102,-77767,132144,-66127,66017,22939,-11189,11750,NaN,NaN,NaN,NaN,251989,67335,-145102,-77767,132144,-66127,66017,22939,-11189,11750
2021-03-08T23:00:00Z,4.0795,4.121,3.972,4.013,8990.5,8990.5,8872,8872,696.65,697.9,671.3,675.25,70402,-133252,-62850,114067,-62688,51379,22575,-11104,11471,NaN,NaN,NaN,NaN,239307,70402,-133252,-62850,114067,-62688,51379,22575,-11104,11471
2021-03-09T23:00:00Z,4.0135,4.0625,3.9815,4.032,8896,8896,8841,8841,676.4,678.8,667.4,671.1,70402,-133252,-62850,114067,-62688,51379,22575,-11104,11471,NaN,NaN,NaN,NaN,239307,70402,-133252,-62850,114067,-62688,51379,22575,-11104,11471
2021-03-10T23:00:00Z,4.0355,4.15,4.0095,4.1455,8897,9092.5,8897,9092.5,675.8,684.95,675.8,684.1,70402,-133252,-62850,114067,-62688,51379,22575,-11104,11471,NaN,NaN,NaN,NaN,239307,70402,-133252,-62850,114067,-62688,51379,22575,-11104,11471
2021-03-11T23:00:00Z,4.144,4.158,4.0665,4.157,9079,9086,9003.5,9003.5,679.8,680.65,672.2,679.5,70402,-133252,-62850,114067,-62688,51379,22575,-11104,11471,NaN,NaN,NaN,NaN,239307,70402,-133252,-62850,114067,-62688,51379,22575,-11104,11471
2021-03-14T22:00:00Z,4.16,4.19,4.1105,4.139,9011,9155,9011,9120.5,681,681,675.25,678.65,70402,-133252,-62850,114067,-62688,51379,22575,-11104,11471,NaN,NaN,NaN,NaN,239307,70402,-133252,-62850,114067,-62688,51379,22575,-11104,11471
2021-03-15T22:00:00Z,4.1415,4.1495,4.0405,4.061,9132,9132,9045.5,9045.5,677,678.8,668.5,669.3,72841,-131008,-58167,109118,-62739,46379,23134,-11346,11788,NaN,NaN,NaN,NaN,239811,72841,-131008,-58167,109118,-62739,46379,23134,-11346,11788
2021-03-16T22:00:00Z,4.0625,4.1615,4.046,4.1455,9120.5,9120.5,9030.5,9030.5,669.85,676.6,669,676.1,72841,-131008,-58167,109118,-62739,46379,23134,-11346,11788,NaN,NaN,NaN,NaN,239811,72841,-131008,-58167,109118,-62739,46379,23134,-11346,11788
2021-03-17T22:00:00Z,4.144,4.157,4.048,4.0635,9058,9058,9053.5,9053.5,673,678.5,671.6,675.05,72841,-131008,-58167,109118,-62739,46379,23134,-11346,11788,NaN,NaN,NaN,NaN,239811,72841,-131008,-58167,109118,-62739,46379,23134,-11346,11788
2021-03-18T22:00:00Z,4.063,4.1215,4.0105,4.104,9030.5,9030.5,8953,8953,672.6,676.45,659.4,675.2,72841,-131008,-58167,109118,-62739,46379,23134,-11346,11788,NaN,NaN,NaN,NaN,239811,72841,-131008,-58167,109118,-62739,46379,23134,-11346,11788
2021-03-21T22:00:00Z,4.1075,4.148,4.076,4.1425,8982,9076,8981.5,9076,674,678.05,668.85,677.65,72841,-131008,-58167,109118,-62739,46379,23134,-11346,11788,NaN,NaN,NaN,NaN,239811,72841,-131008,-58167,109118,-62739,46379,23134,-11346,11788
2021-03-22T22:00:00Z,4.1445,4.165,4.016,4.028,8982,9094.5,8981.5,9094.5,669.2,674.45,665.05,665.6,73119,-128264,-55145,109933,-64525,45408,22251,-12514,9737,NaN,NaN,NaN,NaN,238358,73119,-128264,-55145,109933,-64525,45408,22251,-12514,9737
2021-03-23T22:00:00Z,4.0265,4.105,4.017,4.028,9076,9076,8976.5,8976.5,665.75,671.8,661.35,663.1,73119,-128264,-55145,109933,-64525,45408,22251,-12514,9737,NaN,NaN,NaN,NaN,238358,73119,-128264,-55145,109933,-64525,45408,22251,-12514,9737
2021-03-24T22:00:00Z,4.026,4.046,3.942,3.997,9094.5,9094.5,8755.5,8755.5,665.7,667.1,657.85,662.2,73119,-128264,-55145,109933,-64525,45408,22251,-12514,9737,NaN,NaN,NaN,NaN,238358,73119,-128264,-55145,109933,-64525,45408,22251,-12514,9737
2021-03-25T22:00:00Z,3.997,4.083,3.994,4.0795,8887.5,8912,8887.5,8912,664.8,674.9,664.8,673.7,73119,-128264,-55145,109933,-64525,45408,22251,-12514,9737,NaN,NaN,NaN,NaN,238358,73119,-128264,-55145,109933,-64525,45408,22251,-12514,9737
2021-03-28T22:00:00Z,4.08,4.0825,4.008,4.037,8887.5,8921,8887.5,8921,671.3,672.85,667,669.25,73119,-128264,-55145,109933,-64525,45408,22251,-12514,9737,NaN,NaN,NaN,NaN,238358,73119,-128264,-55145,109933,-64525,45408,22251,-12514,9737
2021-03-29T22:00:00Z,4.0365,4.0505,3.964,3.9785,8887.5,8889.5,8852,8852,669.25,672.45,664.65,665.5,69345,-123164,-53819,104500,-60633,43867,20508,-10556,9952,NaN,NaN,NaN,NaN,229202,69345,-123164,-53819,104500,-60633,43867,20508,-10556,9952
2021-03-30T22:00:00Z,3.9785,4.0175,3.9545,3.983,8921,8921,8821.5,8821.5,666.4,671.15,665.85,667.95,69345,-123164,-53819,104500,-60633,43867,20508,-10556,9952,NaN,NaN,NaN,NaN,229202,69345,-123164,-53819,104500,-60633,43867,20508,-10556,9952
2021-03-31T22:00:00Z,3.984,4.019,3.9435,4.0135,8852,8852,8755.5,8755.5,667,669.9,663.35,669.4,69345,-123164,-53819,104500,-60633,43867,20508,-10556,9952,NaN,NaN,NaN,NaN,229202,69345,-123164,-53819,104500,-60633,43867,20508,-10556,9952
2021-04-04T22:00:00Z,4.028,4.16,4.024,4.138,NaN,NaN,NaN,NaN,670,693.9,670,690.1,69345,-123164,-53819,104500,-60633,43867,20508,-10556,9952,NaN,NaN,NaN,NaN,229202,69345,-123164,-53819,104500,-60633,43867,20508,-10556,9952
2021-04-05T22:00:00Z,4.14,4.152,4.0715,4.1075,NaN,NaN,NaN,NaN,693.9,693.9,682.15,688.7,72136,-125765,-53629,109985,-66975,43010,22246,-11627,10619,NaN,NaN,NaN,NaN,243342,72136,-125765,-53629,109985,-66975,43010,22246,-11627,10619
2021-04-06T22:00:00Z,4.1065,4.118,4.0355,4.0615,9015,9015,8991.5,8991.5,686.55,694.85,685.7,689.35,72136,-125765,-53629,109985,-66975,43010,22246,-11627,10619,NaN,NaN,NaN,NaN,243342,72136,-125765,-53629,109985,-66975,43010,22246,-11627,10619
2021-04-07T22:00:00Z,4.063,4.0975,4.045,4.092,9015,9015,8986.5,8986.5,691,696.9,691,695.6,72136,-125765,-53629,109985,-66975,43010,22246,-11627,10619,NaN,NaN,NaN,NaN,243342,72136,-125765,-53629,109985,-66975,43010,22246,-11627,10619
2021-04-08T22:00:00Z,4.093,4.1075,4.036,4.045,8983,8984,8965.5,8965.5,693.5,695.35,688.45,689.85,72136,-125765,-53629,109985,-66975,43010,22246,-11627,10619,NaN,NaN,NaN,NaN,243342,72136,-125765,-53629,109985,-66975,43010,22246,-11627,10619
2021-04-11T22:00:00Z,4.046,4.059,3.988,4.0195,8983,8984,8844.5,8844.5,686,688.65,681.75,686.8,72136,-125765,-53629,109985,-66975,43010,22246,-11627,10619,NaN,NaN,NaN,NaN,243342,72136,-125765,-53629,109985,-66975,43010,22246,-11627,10619
2021-04-12T22:00:00Z,4.013,4.059,3.9985,4.039,8965.5,8965.5,8913,8913,685.85,694.95,685.3,692.15,72903,-121517,-48614,104129,-68134,35995,23513,-10894,12619,NaN,NaN,NaN,NaN,236602,72903,-121517,-48614,104129,-68134,35995,23513,-10894,12619
2021-04-13T22:00:00Z,4.039,4.133,4.0295,4.106,8844.5,8999.5,8844.5,8999.5,696,707,696,706.35,72903,-121517,-48614,104129,-68134,35995,23513,-10894,12619,NaN,NaN,NaN,NaN,236602,72903,-121517,-48614,104129,-68134,35995,23513,-10894,12619
2021-04-14T22:00:00Z,4.105,4.236,4.105,4.2255,8999,9188,8999,9184.5,702.55,719.7,702.2,719.15,72903,-121517,-48614,104129,-68134,35995,23513,-10894,12619,NaN,NaN,NaN,NaN,236602,72903,-121517,-48614,104129,-68134,35995,23513,-10894,12619
2021-04-15T22:00:00Z,4.2255,4.244,4.1605,4.1645,9276.5,9287,9249,9252,715.25,719.15,708.2,709.3,72903,-121517,-48614,104129,-68134,35995,23513,-10894,12619,NaN,NaN,NaN,NaN,236602,72903,-121517,-48614,104129,-68134,35995,23513,-10894,12619
2021-04-18T22:00:00Z,4.166,4.277,4.152,4.2385,9331.5,9407.5,9252,9407.5,714.15,731.2,714.15,722.45,72903,-121517,-48614,104129,-68134,35995,23513,-10894,12619,NaN,NaN,NaN,NaN,236602,72903,-121517,-48614,104129,-68134,35995,23513,-10894,12619
2021-04-19T22:00:00Z,4.238,4.2965,4.2015,4.204,9443,9444,9413.5,9413.5,729,734.35,721.6,722.6,74326,-129942,-55616,109912,-67049,42863,25244,-12491,12753,NaN,NaN,NaN,NaN,248509,74326,-129942,-55616,109912,-67049,42863,25244,-12491,12753
2021-04-20T22:00:00Z,4.2085,4.296,4.205,4.2875,9443,9444,9370,9370,727.7,729.8,724.6,728.85,74326,-129942,-55616,109912,-67049,42863,25244,-12491,12753,NaN,NaN,NaN,NaN,248509,74326,-129942,-55616,109912,-67049,42863,25244,-12491,12753
2021-04-21T22:00:00Z,4.286,4.292,4.2465,4.2685,9433,9439,9433,9439,725.35,727.5,722.3,724.3,74326,-129942,-55616,109912,-67049,42863,25244,-12491,12753,NaN,NaN,NaN,NaN,248509,74326,-129942,-55616,109912,-67049,42863,25244,-12491,12753
2021-04-22T22:00:00Z,4.2645,4.344,4.26,4.3325,9439,9496,9439,9496,727.6,735.9,726.7,735.15,74326,-129942,-55616,109912,-67049,42863,25244,-12491,12753,NaN,NaN,NaN,NaN,248509,74326,-129942,-55616,109912,-67049,42863,25244,-12491,12753
2021-04-25T22:00:00Z,4.338,4.4515,4.3295,4.446,9583,9715,9583,9715,741.5,756.05,741.5,755.55,74326,-129942,-55616,109912,-67049,42863,25244,-12491,12753,NaN,NaN,NaN,NaN,248509,74326,-129942,-55616,109912,-67049,42863,25244,-12491,12753
2021-04-26T22:00:00Z,4.447,4.517,4.439,4.4825,9840,9922,9840,9922,759.5,767.75,756.45,762.9,74222,-135719,-61497,120135,-70874,49261,25418,-13182,12236,NaN,NaN,NaN,NaN,254183,74222,-135719,-61497,120135,-70874,49261,25418,-13182,12236
2021-04-27T22:00:00Z,4.482,4.5175,4.417,4.4975,9840,9842,9822.5,9822.5,755.7,763.8,749.25,761.6,74222,-135719,-61497,120135,-70874,49261,25418,-13182,12236,NaN,NaN,NaN,NaN,254183,74222,-135719,-61497,120135,-70874,49261,25418,-13182,12236
2021-04-28T22:00:00Z,4.5,4.551,4.4645,4.482,9994.5,9994.5,9945.5,9946.5,765.3,768.3,755.7,756.95,74222,-135719,-61497,120135,-70874,49261,25418,-13182,12236,NaN,NaN,NaN,NaN,254183,74222,-135719,-61497,120135,-70874,49261,25418,-13182,12236
2021-04-29T22:00:00Z,4.483,4.5305,4.446,4.456,9856.5,9913.5,9846.5,9913.5,756.55,764.1,751.8,754.1,74222,-135719,-61497,120135,-70874,49261,25418,-13182,12236,NaN,NaN,NaN,NaN,254183,74222,-135719,-61497,120135,-70874,49261,25418,-13182,12236
2021-05-02T22:00:00Z,4.462,4.5355,4.435,4.5265,9856.5,9900,9833,9833,755.2,764.9,752.2,764.45,74222,-135719,-61497,120135,-70874,49261,25418,-13182,12236,NaN,NaN,NaN,NaN,254183,74222,-135719,-61497,120135,-70874,49261,25418,-13182,12236
2021-05-03T22:00:00Z,4.5285,4.5625,4.49,4.558,9910,9943,9910,9943,765.05,765.05,758.65,762.65,76757,-140504,-63747,128571,-74801,53770,23259,-13282,9977,NaN,NaN,NaN,NaN,259609,76757,-140504,-63747,128571,-74801,53770,23259,-13282,9977
2021-05-04T22:00:00Z,4.556,4.5725,4.5035,4.518,10035,10037,9981,10007.5,765,770,758.3,761.1,76757,-140504,-63747,128571,-74801,53770,23259,-13282,9977,NaN,NaN,NaN,NaN,259609,76757,-140504,-63747,128571,-74801,53770,23259,-13282,9977
2021-05-05T22:00:00Z,4.519,4.6125,4.5005,4.6095,9983,9983,9983,9983,762.25,771.35,762.25,770.65,76757,-140504,-63747,128571,-74801,53770,23259,-13282,9977,NaN,NaN,NaN,NaN,259609,76757,-140504,-63747,128571,-74801,53770,23259,-13282,9977
2021-05-06T22:00:00Z,4.609,4.751,4.5975,4.749,10226,10246.5,10226,10246.5,773,788,773,787.25,76757,-140504,-63747,128571,-74801,53770,23259,-13282,9977,NaN,NaN,NaN,NaN,259609,76757,-140504,-63747,128571,-74801,53770,23259,-13282,9977
2021-05-09T22:00:00Z,4.78,4.888,4.6875,4.694,10226,10692,10226,10692,787.7,812.6,781.75,787.25,76757,-140504,-63747,128571,-74801,53770,23259,-13282,9977,NaN,NaN,NaN,NaN,259609,76757,-140504,-63747,128571,-74801,53770,23259,-13282,9977
2021-05-10T22:00:00Z,4.665,4.8035,4.6625,4.798,10246.5,10486.5,10246.5,10486.5,790,799.4,788,797.5,80761,-139080,-58319,118656,-72825,45831,24754,-12266,12488,NaN,NaN,NaN,NaN,258498,80761,-139080,-58319,118656,-72825,45831,24754,-12266,12488
2021-05-11T22:00:00Z,4.8,4.8245,4.706,4.718,10692,10692,10548,10548,798.1,802.4,786.4,790.65,80761,-139080,-58319,118656,-72825,45831,24754,-12266,12488,NaN,NaN,NaN,NaN,258498,80761,-139080,-58319,118656,-72825,45831,24754,-12266,12488
2021-05-12T22:00:00Z,4.719,4.7675,4.6435,4.681,10520.5,10537.5,10385.5,10385.5,783.2,787.55,772.1,779.6,80761,-139080,-58319,118656,-72825,45831,24754,-12266,12488,NaN,NaN,NaN,NaN,258498,80761,-139080,-58319,118656,-72825,45831,24754,-12266,12488
2021-05-13T22:00:00Z,4.686,4.712,4.606,4.6635,10336.5,10340,10224,10243,777.05,781.8,768.9,773.8,80761,-139080,-58319,118656,-72825,45831,24754,-12266,12488,NaN,NaN,NaN,NaN,258498,80761,-139080,-58319,118656,-72825,45831,24754,-12266,12488
2021-05-16T22:00:00Z,4.6675,4.722,4.6405,4.718,10327,10341,10225,10261,778.65,785.35,772.85,783.65,80761,-139080,-58319,118656,-72825,45831,24754,-12266,12488,NaN,NaN,NaN,NaN,258498,80761,-139080,-58319,118656,-72825,45831,24754,-12266,12488
2021-05-17T22:00:00Z,4.7155,4.782,4.704,4.7075,10268,10460,10264,10460,786.95,792.9,780.6,783.85,75069,-125903,-50834,108903,-69925,38978,24751,-12895,11856,NaN,NaN,NaN,NaN,241354,75069,-125903,-50834,108903,-69925,38978,24751,-12895,11856
2021-05-18T22:00:00Z,4.7065,4.728,4.5285,4.568,NaN,NaN,NaN,NaN,778.9,778.9,754.5,760.5,75069,-125903,-50834,108903,-69925,38978,24751,-12895,11856,NaN,NaN,NaN,NaN,241354,75069,-125903,-50834,108903,-69925,38978,24751,-12895,11856
2021-05-19T22:00:00Z,4.572,4.625,4.523,4.53,10460,10460,10122,10122,761,766.7,750.7,752.15,75069,-125903,-50834,108903,-69925,38978,24751,-12895,11856,NaN,NaN,NaN,NaN,241354,75069,-125903,-50834,108903,-69925,38978,24751,-12895,11856
2021-05-20T22:00:00Z,4.535,4.5625,4.469,4.5095,10049,10049,9941.5,9941.5,749.7,751.7,736.75,740.55,75069,-125903,-50834,108903,-69925,38978,24751,-12895,11856,NaN,NaN,NaN,NaN,241354,75069,-125903,-50834,108903,-69925,38978,24751,-12895,11856
2021-05-23T22:00:00Z,4.502,4.5415,4.444,4.533,10049,10049,9908,9908,739,746.2,733.15,745.5,75069,-125903,-50834,108903,-69925,38978,24751,-12895,11856,NaN,NaN,NaN,NaN,241354,75069,-125903,-50834,108903,-69925,38978,24751,-12895,11856
2021-05-24T22:00:00Z,4.5315,4.5815,4.491,4.5105,9941.5,9968.5,9941.5,9968.5,756.7,757.9,743.15,745.25,76319,-112521,-36202,94206,-70493,23713,23807,-11318,12489,NaN,NaN,NaN,NaN,230730,76319,-112521,-36202,94206,-70493,23713,23807,-11318,12489
2021-05-25T22:00:00Z,4.5105,4.547,4.4945,4.523,9928.5,9981.5,9928.5,9981.5,746.65,749.7,743.2,746.15,76319,-112521,-36202,94206,-70493,23713,23807,-11318,12489,NaN,NaN,NaN,NaN,230730,76319,-112521,-36202,94206,-70493,23713,23807,-11318,12489
2021-05-26T22:00:00Z,4.525,4.677,4.5015,4.6675,9928.5,10036.5,9928.5,10036.5,747.9,770.5,745.55,769.95,76319,-112521,-36202,94206,-70493,23713,23807,-11318,12489,NaN,NaN,NaN,NaN,230730,76319,-112521,-36202,94206,-70493,23713,23807,-11318,12489
2021-05-27T22:00:00Z,4.666,4.695,4.5925,4.6695,9981.5,10180,9981.5,10180,767.05,768.85,755.8,766.5,76319,-112521,-36202,94206,-70493,23713,23807,-11318,12489,NaN,NaN,NaN,NaN,230730,76319,-112521,-36202,94206,-70493,23713,23807,-11318,12489
2021-05-30T22:00:00Z,4.6755,4.707,4.6375,4.652,10251,10292.5,10251,10292.5,770.6,776,766.2,767.05,77715,-109158,-31443,92238,-73715,18523,25058,-12138,12920,NaN,NaN,NaN,NaN,232824,77715,-109158,-31443,92238,-73715,18523,25058,-12138,12920
2021-06-01T22:00:00Z,4.653,4.6675,4.579,4.602,10251,10251,10202,10202,768.7,771.3,757.25,759.15,77715,-109158,-31443,92238,-73715,18523,25058,-12138,12920,NaN,NaN,NaN,NaN,232824,77715,-109158,-31443,92238,-73715,18523,25058,-12138,12920
2021-06-02T22:00:00Z,4.604,4.6205,4.4295,4.4685,10292.5,10292.5,10111.5,10111.5,760.95,762.65,730.2,734.15,77715,-109158,-31443,92238,-73715,18523,25058,-12138,12920,NaN,NaN,NaN,NaN,232824,77715,-109158,-31443,92238,-73715,18523,25058,-12138,12920
2021-06-03T22:00:00Z,4.4675,4.5395,4.437,4.5165,10104,10104,9843,9843,738.7,744.95,730.45,743,77715,-109158,-31443,92238,-73715,18523,25058,-12138,12920,NaN,NaN,NaN,NaN,232824,77715,-109158,-31443,92238,-73715,18523,25058,-12138,12920
2021-06-06T22:00:00Z,4.523,4.539,4.4685,4.522,10104,10104,9904.5,9904.5,740.2,743.05,733.25,740.6,77715,-109158,-31443,92238,-73715,18523,25058,-12138,12920,NaN,NaN,NaN,NaN,232824,77715,-109158,-31443,92238,-73715,18523,25058,-12138,12920
2021-06-07T22:00:00Z,4.52,4.56,4.4605,4.543,9843,9924,9843,9924,738.9,748.4,733.05,746.1,78359,-104462,-26103,91156,-76521,14635,25257,-13789,11468,NaN,NaN,NaN,NaN,234207,78359,-104462,-26103,91156,-76521,14635,25257,-13789,11468
2021-06-08T22:00:00Z,4.542,4.559,4.485,4.516,9848,9972,9840,9926,743.95,745.4,737.6,744.05,78359,-104462,-26103,91156,-76521,14635,25257,-13789,11468,NaN,NaN,NaN,NaN,234207,78359,-104462,-26103,91156,-76521,14635,25257,-13789,11468
2021-06-09T22:00:00Z,4.5185,4.5345,4.4415,4.49,9904,9968,9790,9790,741.9,742.3,731.85,738.1,78359,-104462,-26103,91156,-76521,14635,25257,-13789,11468,NaN,NaN,NaN,NaN,234207,78359,-104462,-26103,91156,-76521,14635,25257,-13789,11468
2021-06-10T22:00:00Z,4.493,4.595,4.4775,4.552,9819,10006,9818,10006,738.7,755.75,737.25,748.65,78359,-104462,-26103,91156,-76521,14635,25257,-13789,11468,NaN,NaN,NaN,NaN,234207,78359,-104462,-26103,91156,-76521,14635,25257,-13789,11468
2021-06-13T22:00:00Z,4.5425,4.5815,4.501,4.5245,NaN,NaN,NaN,NaN,749,749,742.7,745.85,78359,-104462,-26103,91156,-76521,14635,25257,-13789,11468,NaN,NaN,NaN,NaN,234207,78359,-104462,-26103,91156,-76521,14635,25257,-13789,11468
2021-06-14T22:00:00Z,4.525,4.5365,4.3155,4.336,10093.5,10098,9608.5,9608.5,744.3,744.3,713.65,716.75,79272,-102689,-23417,90209,-79438,10771,27369,-14723,12646,NaN,NaN,NaN,NaN,229832,79272,-102689,-23417,90209,-79438,10771,27369,-14723,12646
2021-06-15T22:00:00Z,4.3355,4.399,4.266,4.269,9575,9575,9522.5,9522.5,719,725.65,712,722.1,79272,-102689,-23417,90209,-79438,10771,27369,-14723,12646,NaN,NaN,NaN,NaN,229832,79272,-102689,-23417,90209,-79438,10771,27369,-14723,12646
2021-06-16T22:00:00Z,4.273,4.3395,4.1545,4.1735,9507,9507,9469,9469,719.6,719.85,695.65,697.35,79272,-102689,-23417,90209,-79438,10771,27369,-14723,12646,NaN,NaN,NaN,NaN,229832,79272,-102689,-23417,90209,-79438,10771,27369,-14723,12646
2021-06-17T22:00:00Z,4.1725,4.2185,4.12,4.122,9255,9255,9255,9255,702.7,703.3,691.5,693.1,79272,-102689,-23417,90209,-79438,10771,27369,-14723,12646,NaN,NaN,NaN,NaN,229832,79272,-102689,-23417,90209,-79438,10771,27369,-14723,12646
2021-06-20T22:00:00Z,4.125,4.191,4.088,4.1775,9255,9255,9062,9062,692.95,700.2,685.1,698.5,79272,-102689,-23417,90209,-79438,10771,27369,-14723,12646,NaN,NaN,NaN,NaN,229832,79272,-102689,-23417,90209,-79438,10771,27369,-14723,12646
2021-06-21T22:00:00Z,4.1775,4.259,4.165,4.2295,9255,9255,9167,9167,702,712.75,697.35,711.4,78778,-95502,-16724,82540,-74854,7686,21914,-12876,9038,NaN,NaN,NaN,NaN,206167,78778,-95502,-16724,82540,-74854,7686,21914,-12876,9038
2021-06-22T22:00:00Z,4.2305,4.3425,4.2275,4.317,9062,9334.5,9062,9334.5,715,723.8,711,720.6,78778,-95502,-16724,82540,-74854,7686,21914,-12876,9038,NaN,NaN,NaN,NaN,206167,78778,-95502,-16724,82540,-74854,7686,21914,-12876,9038
2021-06-23T22:00:00Z,4.317,4.328,4.264,4.3105,9167,9378.5,9167,9378.5,724,726.95,717.25,725.85,78778,-95502,-16724,82540,-74854,7686,21914,-12876,9038,NaN,NaN,NaN,NaN,206167,78778,-95502,-16724,82540,-74854,7686,21914,-12876,9038
2021-06-24T22:00:00Z,4.3105,4.338,4.2675,4.276,9334.5,9457,9334.5,9457,727,727,717.25,721.65,78778,-95502,-16724,82540,-74854,7686,21914,-12876,9038,NaN,NaN,NaN,NaN,206167,78778,-95502,-16724,82540,-74854,7686,21914,-12876,9038
2021-06-27T22:00:00Z,4.279,4.307,4.252,4.276,9364,9368,9364,9368,720,723.7,716.5,720.05,78778,-95502,-16724,82540,-74854,7686,21914,-12876,9038,NaN,NaN,NaN,NaN,206167,78778,-95502,-16724,82540,-74854,7686,21914,-12876,9038
2021-06-28T22:00:00Z,4.278,4.281,4.203,4.258,9364,9368,9282.5,9282.5,716.5,718.5,702.4,716.75,76695,-95536,-18841,83473,-72112,11361,19663,-12183,7480,NaN,NaN,NaN,NaN,197783,76695,-95536,-18841,83473,-72112,11361,19663,-12183,7480
2021-06-29T22:00:00Z,4.2575,4.335,4.2515,4.2915,9368,9368,9360.5,9360.5,719.8,729.5,717.15,721.5,76695,-95536,-18841,83473,-72112,11361,19663,-12183,7480,NaN,NaN,NaN,NaN,197783,76695,-95536,-18841,83473,-72112,11361,19663,-12183,7480
2021-06-30T22:00:00Z,4.289,4.3145,4.2265,4.242,NaN,NaN,NaN,NaN,719.3,727.3,714.25,714.75,76695,-95536,-18841,83473,-72112,11361,19663,-12183,7480,NaN,NaN,NaN,NaN,197783,76695,-95536,-18841,83473,-72112,11361,19663,-12183,7480
2021-07-01T22:00:00Z,4.2425,4.2945,4.2275,4.279,9360.5,9360.5,9324.5,9324.5,717.35,723.7,717.35,722.15,76695,-95536,-18841,83473,-72112,11361,19663,-12183,7480,NaN,NaN,NaN,NaN,197783,76695,-95536,-18841,83473,-72112,11361,19663,-12183,7480
2021-07-04T22:00:00Z,4.281,4.4025,4.234,4.2505,9324.5,9574,9324.5,9574,733,741.85,716.8,720.15,75804,-101386,-25582,84324,-68551,15773,21489,-11680,9809,NaN,NaN,NaN,NaN,202781,75804,-101386,-25582,84324,-68551,15773,21489,-11680,9809
2021-07-06T22:00:00Z,4.2505,4.362,4.2475,4.3065,9487.5,9487.5,9485.5,9485.5,724.3,735.9,723,731.45,75804,-101386,-25582,84324,-68551,15773,21489,-11680,9809,NaN,NaN,NaN,NaN,202781,75804,-101386,-25582,84324,-68551,15773,21489,-11680,9809
2021-07-07T22:00:00Z,4.308,4.324,4.2325,4.269,9574,9574,9296.5,9296.5,729.5,729.7,717.5,720.6,75804,-101386,-25582,84324,-68551,15773,21489,-11680,9809,NaN,NaN,NaN,NaN,202781,75804,-101386,-25582,84324,-68551,15773,21489,-11680,9809
2021-07-08T22:00:00Z,4.27,4.369,4.2535,4.342,9485.5,9485.5,9336.5,9336.5,725,736.25,721.25,731.75,75804,-101386,-25582,84324,-68551,15773,21489,-11680,9809,NaN,NaN,NaN,NaN,202781,75804,-101386,-25582,84324,-68551,15773,21489,-11680,9809
2021-07-11T22:00:00Z,4.3465,4.364,4.2805,4.3285,9296.5,9408,9296.5,9408,728.3,729.5,722.8,728.8,75804,-101386,-25582,84324,-68551,15773,21489,-11680,9809,NaN,NaN,NaN,NaN,202781,75804,-101386,-25582,84324,-68551,15773,21489,-11680,9809
2021-07-12T22:00:00Z,4.329,4.3425,4.255,4.292,9336.5,9372,9336.5,9372,729.6,731.55,720.7,725.8,75895,-102883,-26988,82971,-65992,16979,20675,-10666,10009,NaN,NaN,NaN,NaN,199936,75895,-102883,-26988,82971,-65992,16979,20675,-10666,10009
2021-07-13T22:00:00Z,4.2925,4.307,4.2575,4.267,9408,9408,9359.5,9359.5,724,727,720.25,721.3,75895,-102883,-26988,82971,-65992,16979,20675,-10666,10009,NaN,NaN,NaN,NaN,199936,75895,-102883,-26988,82971,-65992,16979,20675,-10666,10009
2021-07-14T22:00:00Z,4.266,4.3465,4.2515,4.3115,9347,9437,9308.5,9419.5,722.4,732.9,722.4,728.25,75895,-102883,-26988,82971,-65992,16979,20675,-10666,10009,NaN,NaN,NaN,NaN,199936,75895,-102883,-26988,82971,-65992,16979,20675,-10666,10009
2021-07-15T22:00:00Z,4.3115,4.3445,4.3015,4.306,9386,9486,9368.5,9441,731,733.75,728.6,730.9,75895,-102883,-26988,82971,-65992,16979,20675,-10666,10009,NaN,NaN,NaN,NaN,199936,75895,-102883,-26988,82971,-65992,16979,20675,-10666,10009
2021-07-18T22:00:00Z,4.31,4.31,4.1665,4.202,9428,9444,9358,9358,728,729,711.35,715.45,75895,-102883,-26988,82971,-65992,16979,20675,-10666,10009,NaN,NaN,NaN,NaN,199936,75895,-102883,-26988,82971,-65992,16979,20675,-10666,10009
2021-07-19T22:00:00Z,4.201,4.27,4.1945,4.2585,9306.5,9310,9126.5,9285,720.5,723.4,714.25,721.75,76387,-103765,-27378,81809,-61536,20273,19039,-11934,7105,NaN,NaN,NaN,NaN,197428,76387,-103765,-27378,81809,-61536,20273,19039,-11934,7105
2021-07-20T22:00:00Z,4.2595,4.29,4.226,4.2795,9244,9313.5,9244,9313.5,722.3,727.1,719.65,724.6,76387,-103765,-27378,81809,-61536,20273,19039,-11934,7105,NaN,NaN,NaN,NaN,197428,76387,-103765,-27378,81809,-61536,20273,19039,-11934,7105
2021-07-21T22:00:00Z,4.28,4.3445,4.273,4.338,9244,9446.5,9244,9446.5,726.35,737.15,725.65,735.85,76387,-103765,-27378,81809,-61536,20273,19039,-11934,7105,NaN,NaN,NaN,NaN,197428,76387,-103765,-27378,81809,-61536,20273,19039,-11934,7105
2021-07-22T22:00:00Z,4.3375,4.4605,4.3335,4.455,9313.5,9514,9313.5,9514,740,762.4,739.3,760.65,76387,-103765,-27378,81809,-61536,20273,19039,-11934,7105,NaN,NaN,NaN,NaN,197428,76387,-103765,-27378,81809,-61536,20273,19039,-11934,7105
2021-07-25T22:00:00Z,4.449,4.6085,4.419,4.591,9446.5,9567.5,9446.5,9567.5,752.7,768.5,750.55,762.95,76387,-103765,-27378,81809,-61536,20273,19039,-11934,7105,NaN,NaN,NaN,NaN,197428,76387,-103765,-27378,81809,-61536,20273,19039,-11934,7105
2021-07-26T22:00:00Z,4.593,4.6275,4.505,4.56,9514,9711,9514,9711,762.55,765,751.4,758.55,76570,-119577,-43007,92484,-55133,37351,19717,-14061,5656,NaN,NaN,NaN,NaN,208816,76570,-119577,-43007,92484,-55133,37351,19717,-14061,5656
2021-07-27T22:00:00Z,4.558,4.5875,4.4295,4.475,9567.5,9726,9567.5,9726,761.3,764.4,750.2,751,76570,-119577,-43007,92484,-55133,37351,19717,-14061,5656,NaN,NaN,NaN,NaN,208816,76570,-119577,-43007,92484,-55133,37351,19717,-14061,5656
2021-07-28T22:00:00Z,4.4795,4.549,4.4595,4.521,9711,9793,9711,9793,753.35,759.8,751.1,757.55,76570,-119577,-43007,92484,-55133,37351,19717,-14061,5656,NaN,NaN,NaN,NaN,208816,76570,-119577,-43007,92484,-55133,37351,19717,-14061,5656
2021-07-29T22:00:00Z,4.524,4.556,4.445,4.4805,9793,9806.5,9793,9806.5,755.75,760.85,746.2,751.7,76570,-119577,-43007,92484,-55133,37351,19717,-14061,5656,NaN,NaN,NaN,NaN,208816,76570,-119577,-43007,92484,-55133,37351,19717,-14061,5656
2021-08-01T22:00:00Z,4.4935,4.5315,4.4095,4.432,9793,9793,9764.5,9764.5,754.7,757.7,741,741.75,76570,-119577,-43007,92484,-55133,37351,19717,-14061,5656,NaN,NaN,NaN,NaN,208816,76570,-119577,-43007,92484,-55133,37351,19717,-14061,5656
2021-08-02T22:00:00Z,4.433,4.4425,4.3385,4.3805,9806.5,9806.5,9574,9574,743.3,744.8,730.3,736.65,77829,-123019,-45190,91973,-56913,35060,21046,-10916,10130,NaN,NaN,NaN,NaN,211071,77829,-123019,-45190,91973,-56913,35060,21046,-10916,10130
2021-08-03T22:00:00Z,4.381,4.398,4.316,4.332,9764.5,9764.5,9542.5,9542.5,738.05,739.65,727.05,729.35,77829,-123019,-45190,91973,-56913,35060,21046,-10916,10130,NaN,NaN,NaN,NaN,211071,77829,-123019,-45190,91973,-56913,35060,21046,-10916,10130
2021-08-04T22:00:00Z,4.3325,4.359,4.3055,4.3475,9574,9574,9408,9408,730.55,733,725.7,731.45,77829,-123019,-45190,91973,-56913,35060,21046,-10916,10130,NaN,NaN,NaN,NaN,211071,77829,-123019,-45190,91973,-56913,35060,21046,-10916,10130
2021-08-05T22:00:00Z,4.3485,4.4215,4.3315,4.336,9574,9574,9554.5,9554.5,732.7,741.2,730.7,732.5,77829,-123019,-45190,91973,-56913,35060,21046,-10916,10130,NaN,NaN,NaN,NaN,211071,77829,-123019,-45190,91973,-56913,35060,21046,-10916,10130
2021-08-08T22:00:00Z,4.3365,4.3435,4.2435,4.2925,9574,9574,9336,9336,730.5,731.45,717.1,725.8,77829,-123019,-45190,91973,-56913,35060,21046,-10916,10130,NaN,NaN,NaN,NaN,211071,77829,-123019,-45190,91973,-56913,35060,21046,-10916,10130
2021-08-09T22:00:00Z,4.292,4.3725,4.284,4.3475,9574,9574,9410.5,9410.5,729,737.25,725.2,734.2,72552,-111784,-39232,88960,-59929,29031,20216,-10015,10201,NaN,NaN,NaN,NaN,199899,72552,-111784,-39232,88960,-59929,29031,20216,-10015,10201
2021-08-10T22:00:00Z,4.3465,4.3785,4.318,4.3665,9574,9574,9457.5,9457.5,732.3,736,728.75,735.3,72552,-111784,-39232,88960,-59929,29031,20216,-10015,10201,NaN,NaN,NaN,NaN,199899,72552,-111784,-39232,88960,-59929,29031,20216,-10015,10201
2021-08-11T22:00:00Z,4.3675,4.416,4.3365,4.3625,9441.5,9584,9435.5,9568,736.05,740.75,728.05,730.25,72552,-111784,-39232,88960,-59929,29031,20216,-10015,10201,NaN,NaN,NaN,NaN,199899,72552,-111784,-39232,88960,-59929,29031,20216,-10015,10201
2021-08-12T22:00:00Z,4.362,4.431,4.3515,4.36,9577,9577,9468.5,9468.5,732.8,739.6,729.2,733.35,72552,-111784,-39232,88960,-59929,29031,20216,-10015,10201,NaN,NaN,NaN,NaN,199899,72552,-111784,-39232,88960,-59929,29031,20216,-10015,10201
2021-08-15T22:00:00Z,4.3605,4.3815,4.3035,4.3275,9464.5,9519.5,9412,9417,731,731,722.35,726.35,72552,-111784,-39232,88960,-59929,29031,20216,-10015,10201,NaN,NaN,NaN,NaN,199899,72552,-111784,-39232,88960,-59929,29031,20216,-10015,10201
2021-08-16T22:00:00Z,4.327,4.3425,4.2015,4.223,9463.5,9466.5,9403,9403,726.35,729.15,709.2,709.7,81424,-111079,-29655,85953,-65873,20080,20453,-10878,9575,NaN,NaN,NaN,NaN,208878,81424,-111079,-29655,85953,-65873,20080,20453,-10878,9575
2021-08-17T22:00:00Z,4.225,4.2495,4.0985,4.1155,9388,9388,9246,9246,711,715.5,692.1,694.25,81424,-111079,-29655,85953,-65873,20080,20453,-10878,9575,NaN,NaN,NaN,NaN,208878,81424,-111079,-29655,85953,-65873,20080,20453,-10878,9575
2021-08-18T22:00:00Z,4.1155,4.1335,3.9615,4.0465,9388,9388,8818.5,8818.5,688.5,688.5,673,684.4,81424,-111079,-29655,85953,-65873,20080,20453,-10878,9575,NaN,NaN,NaN,NaN,208878,81424,-111079,-29655,85953,-65873,20080,20453,-10878,9575
2021-08-19T22:00:00Z,4.044,4.147,4.041,4.145,9388,9388,8945,8945,692.2,702.45,686.65,699.95,81424,-111079,-29655,85953,-65873,20080,20453,-10878,9575,NaN,NaN,NaN,NaN,208878,81424,-111079,-29655,85953,-65873,20080,20453,-10878,9575
2021-08-22T22:00:00Z,4.1325,4.2565,4.129,4.2215,8938,9190,8927,9190,704.4,711.6,700.2,709.6,81424,-111079,-29655,85953,-65873,20080,20453,-10878,9575,NaN,NaN,NaN,NaN,208878,81424,-111079,-29655,85953,-65873,20080,20453,-10878,9575
2021-08-23T22:00:00Z,4.221,4.297,4.1905,4.253,8938,9275.5,8927,9275.5,709.45,717.45,704.7,712.95,85537,-99147,-13610,73890,-65266,8624,15941,-10955,4986,NaN,NaN,NaN,NaN,192968,85537,-99147,-13610,73890,-65266,8624,15941,-10955,4986
2021-08-24T22:00:00Z,4.256,4.3025,4.2385,4.2625,8938,9410.5,8927,9410.5,715,721.55,714.95,716.55,85537,-99147,-13610,73890,-65266,8624,15941,-10955,4986,NaN,NaN,NaN,NaN,192968,85537,-99147,-13610,73890,-65266,8624,15941,-10955,4986
2021-08-25T22:00:00Z,4.2665,4.274,4.218,4.235,9410.5,9410.5,9410.5,9410.5,714.45,716.3,711.1,714.1,85537,-99147,-13610,73890,-65266,8624,15941,-10955,4986,NaN,NaN,NaN,NaN,192968,85537,-99147,-13610,73890,-65266,8624,15941,-10955,4986
2021-08-26T22:00:00Z,4.2355,4.3285,4.222,4.3205,9410.5,9410.5,9380,9380,714.95,721.25,712.15,719,85537,-99147,-13610,73890,-65266,8624,15941,-10955,4986,NaN,NaN,NaN,NaN,192968,85537,-99147,-13610,73890,-65266,8624,15941,-10955,4986
2021-08-29T22:00:00Z,4.338,4.418,4.3305,4.3775,9410.5,9414,9410.5,9414,721,728.8,705.5,723.35,85537,-99147,-13610,73890,-65266,8624,15941,-10955,4986,NaN,NaN,NaN,NaN,192968,85537,-99147,-13610,73890,-65266,8624,15941,-10955,4986
2021-08-30T22:00:00Z,4.3785,4.3935,4.336,4.3655,9410.5,9518,9410.5,9518,720,724.5,715.6,720.95,76853,-103952,-27099,78177,-56270,21907,17148,-11956,5192,NaN,NaN,NaN,NaN,190030,76853,-103952,-27099,78177,-56270,21907,17148,-11956,5192
2021-08-31T22:00:00Z,4.3655,4.373,4.256,4.2805,9410.5,9410.5,9404.5,9404.5,720,720,705.8,708.25,76853,-103952,-27099,78177,-56270,21907,17148,-11956,5192,NaN,NaN,NaN,NaN,190030,76853,-103952,-27099,78177,-56270,21907,17148,-11956,5192
2021-09-01T22:00:00Z,4.283,4.311,4.252,4.2965,9410.5,9410.5,9355.5,9355.5,711.05,712.75,705.2,712.05,76853,-103952,-27099,78177,-56270,21907,17148,-11956,5192,NaN,NaN,NaN,NaN,190030,76853,-103952,-27099,78177,-56270,21907,17148,-11956,5192
2021-09-02T22:00:00Z,4.2975,4.351,4.28,4.338,9410.5,9410.5,9401.5,9401.5,714.05,717.7,708.7,716.35,76853,-103952,-27099,78177,-56270,21907,17148,-11956,5192,NaN,NaN,NaN,NaN,190030,76853,-103952,-27099,78177,-56270,21907,17148,-11956,5192
2021-09-05T22:00:00Z,4.334,4.3465,4.255,4.2745,9410.5,9410.5,9334,9334,714.85,715.2,707,711.3,75467,-104930,-29463,78326,-54734,23592,17278,-11407,5871,NaN,NaN,NaN,NaN,190379,75467,-104930,-29463,78326,-54734,23592,17278,-11407,5871
2021-09-07T22:00:00Z,4.275,4.2995,4.206,4.2355,9410.5,9410.5,9222.5,9222.5,712,714.4,704.5,710.8,75467,-104930,-29463,78326,-54734,23592,17278,-11407,5871,NaN,NaN,NaN,NaN,190379,75467,-104930,-29463,78326,-54734,23592,17278,-11407,5871
2021-09-08T22:00:00Z,4.2375,4.314,4.2155,4.279,9228.5,9374.5,9228.5,9374.5,712.2,720.8,710.55,717.2,75467,-104930,-29463,78326,-54734,23592,17278,-11407,5871,NaN,NaN,NaN,NaN,190379,75467,-104930,-29463,78326,-54734,23592,17278,-11407,5871
2021-09-09T22:00:00Z,4.28,4.469,4.273,4.429,9367.5,9511,9367.5,9511,719.5,743.75,719.5,741.15,75467,-104930,-29463,78326,-54734,23592,17278,-11407,5871,NaN,NaN,NaN,NaN,190379,75467,-104930,-29463,78326,-54734,23592,17278,-11407,5871
2021-09-12T22:00:00Z,4.426,4.4715,4.3315,4.366,9505.5,9723,9505.5,9684,739.95,746.25,724.1,729,75467,-104930,-29463,78326,-54734,23592,17278,-11407,5871,NaN,NaN,NaN,NaN,190379,75467,-104930,-29463,78326,-54734,23592,17278,-11407,5871
2021-09-13T22:00:00Z,4.3675,4.3775,4.287,4.3145,9664.5,9667,9456,9456,728.95,729.15,718.35,722.4,73999,-110108,-36109,81223,-52444,28779,17569,-10239,7330,NaN,NaN,NaN,NaN,192156,73999,-110108,-36109,81223,-52444,28779,17569,-10239,7330
2021-09-14T22:00:00Z,4.3155,4.4225,4.2915,4.4025,9664.5,9667,9467.5,9484.5,724,736.95,723.15,735.05,73999,-110108,-36109,81223,-52444,28779,17569,-10239,7330,NaN,NaN,NaN,NaN,192156,73999,-110108,-36109,81223,-52444,28779,17569,-10239,7330
2021-09-15T22:00:00Z,4.402,4.412,4.256,4.282,9664.5,9667,9417.5,9417.5,733,733,718.35,721.85,73999,-110108,-36109,81223,-52444,28779,17569,-10239,7330,NaN,NaN,NaN,NaN,192156,73999,-110108,-36109,81223,-52444,28779,17569,-10239,7330
2021-09-16T22:00:00Z,4.2815,4.359,4.231,4.24,9450,9465,9450,9465,725.9,732.85,720.05,721.15,73999,-110108,-36109,81223,-52444,28779,17569,-10239,7330,NaN,NaN,NaN,NaN,192156,73999,-110108,-36109,81223,-52444,28779,17569,-10239,7330
2021-09-19T22:00:00Z,4.2395,4.246,4.094,4.1255,9435,9435,9085,9085,717.45,717.45,703,704.65,73999,-110108,-36109,81223,-52444,28779,17569,-10239,7330,NaN,NaN,NaN,NaN,192156,73999,-110108,-36109,81223,-52444,28779,17569,-10239,7330
2021-09-20T22:00:00Z,4.1245,4.179,4.016,4.11,9130,9130,9116.5,9116.5,706.5,711.4,685.3,695.95,74936,-99420,-24484,78931,-59661,19270,16223,-11009,5214,NaN,NaN,NaN,NaN,190659,74936,-99420,-24484,78931,-59661,19270,16223,-11009,5214
2021-09-21T22:00:00Z,4.1125,4.2775,4.107,4.2245,NaN,NaN,NaN,NaN,699.6,716.6,699.6,714.7,74936,-99420,-24484,78931,-59661,19270,16223,-11009,5214,NaN,NaN,NaN,NaN,190659,74936,-99420,-24484,78931,-59661,19270,16223,-11009,5214
2021-09-22T22:00:00Z,4.225,4.288,4.1945,4.2315,9130,9352.5,9130,9352.5,710.05,716.3,706,712.65,74936,-99420,-24484,78931,-59661,19270,16223,-11009,5214,NaN,NaN,NaN,NaN,190659,74936,-99420,-24484,78931,-59661,19270,16223,-11009,5214
2021-09-23T22:00:00Z,4.23,4.302,4.203,4.2815,9130,9281.5,9130,9281.5,716.6,721.8,712,718.2,74936,-99420,-24484,78931,-59661,19270,16223,-11009,5214,NaN,NaN,NaN,NaN,190659,74936,-99420,-24484,78931,-59661,19270,16223,-11009,5214
2021-09-26T22:00:00Z,4.2925,4.3175,4.255,4.2795,9130,9319,9130,9319,719.6,724.2,716.4,719.75,74936,-99420,-24484,78931,-59661,19270,16223,-11009,5214,NaN,NaN,NaN,NaN,190659,74936,-99420,-24484,78931,-59661,19270,16223,-11009,5214
2021-09-27T22:00:00Z,4.2785,4.3015,4.231,4.2485,9354.5,9354.5,9300.5,9300.5,719.7,721.9,714.75,717.55,73815,-95535,-21720,78291,-59714,18577,15663,-12520,3143,NaN,NaN,NaN,NaN,184988,73815,-95535,-21720,78291,-59714,18577,15663,-12520,3143
2021-09-28T22:00:00Z,4.2485,4.2575,4.1665,4.177,9354.5,9354.5,9218,9218,716.35,718.3,709.6,710.7,73815,-95535,-21720,78291,-59714,18577,15663,-12520,3143,NaN,NaN,NaN,NaN,184988,73815,-95535,-21720,78291,-59714,18577,15663,-12520,3143
2021-09-29T22:00:00Z,4.1775,4.208,4.0545,4.106,9150,9150,9133.5,9133.5,711.6,712.65,692,697.8,73815,-95535,-21720,78291,-59714,18577,15663,-12520,3143,NaN,NaN,NaN,NaN,184988,73815,-95535,-21720,78291,-59714,18577,15663,-12520,3143
2021-09-30T22:00:00Z,4.1065,4.21,4.0585,4.2085,NaN,NaN,NaN,NaN,694,709.5,691.4,708.35,73815,-95535,-21720,78291,-59714,18577,15663,-12520,3143,NaN,NaN,NaN,NaN,184988,73815,-95535,-21720,78291,-59714,18577,15663,-12520,3143
2021-10-03T22:00:00Z,4.2145,4.303,4.1775,4.2365,9150,9172.5,9133.5,9172.5,708.65,723.9,708.45,719.2,73815,-95535,-21720,78291,-59714,18577,15663,-12520,3143,NaN,NaN,NaN,NaN,184988,73815,-95535,-21720,78291,-59714,18577,15663,-12520,3143
2021-10-04T22:00:00Z,4.239,4.242,4.151,4.1815,9188.5,9188.5,9185,9185,717.7,717.7,707.65,713.45,74348,-93266,-18918,76437,-62020,14417,15692,-11191,4501,NaN,NaN,NaN,NaN,185655,74348,-93266,-18918,76437,-62020,14417,15692,-11191,4501
2021-10-05T22:00:00Z,4.182,4.2185,4.114,4.173,9188.5,9188.5,9005.5,9005.5,708.3,719.45,701.1,710.2,74348,-93266,-18918,76437,-62020,14417,15692,-11191,4501,NaN,NaN,NaN,NaN,185655,74348,-93266,-18918,76437,-62020,14417,15692,-11191,4501
2021-10-06T22:00:00Z,4.1755,4.26,4.1625,4.2485,9188.5,9188.5,9137.5,9137.5,712.1,725.7,711.65,724.75,74348,-93266,-18918,76437,-62020,14417,15692,-11191,4501,NaN,NaN,NaN,NaN,185655,74348,-93266,-18918,76437,-62020,14417,15692,-11191,4501
2021-10-07T22:00:00Z,4.2495,4.301,4.2225,4.2785,9188.5,9309.5,9188.5,9309.5,727.4,731.9,721.7,728.85,74348,-93266,-18918,76437,-62020,14417,15692,-11191,4501,NaN,NaN,NaN,NaN,185655,74348,-93266,-18918,76437,-62020,14417,15692,-11191,4501
2021-10-10T22:00:00Z,4.2795,4.385,4.2555,4.339,9188.5,9477,9188.5,9477,729.75,744.5,729.55,740.75,74348,-93266,-18918,76437,-62020,14417,15692,-11191,4501,NaN,NaN,NaN,NaN,185655,74348,-93266,-18918,76437,-62020,14417,15692,-11191,4501
2021-10-11T22:00:00Z,4.339,4.3955,4.2865,4.321,9188.5,9462,9188.5,9462,735.1,743,728.2,734.95,74878,-100745,-25867,83816,-61335,22481,15582,-12196,3386,NaN,NaN,NaN,NaN,194817,74878,-100745,-25867,83816,-61335,22481,15582,-12196,3386
2021-10-12T22:00:00Z,4.3225,4.528,4.305,4.49,9188.5,9462,9188.5,9462,735.65,762,734.55,759.05,74878,-100745,-25867,83816,-61335,22481,15582,-12196,3386,NaN,NaN,NaN,NaN,194817,74878,-100745,-25867,83816,-61335,22481,15582,-12196,3386
2021-10-13T22:00:00Z,4.4905,4.6365,4.483,4.6105,NaN,NaN,NaN,NaN,760.8,782.8,760.8,776.65,74878,-100745,-25867,83816,-61335,22481,15582,-12196,3386,NaN,NaN,NaN,NaN,194817,74878,-100745,-25867,83816,-61335,22481,15582,-12196,3386
2021-10-14T22:00:00Z,4.6185,4.781,4.6035,4.72,10016,10147,10010,10147,784.75,802.95,784.75,795.35,74878,-100745,-25867,83816,-61335,22481,15582,-12196,3386,NaN,NaN,NaN,NaN,194817,74878,-100745,-25867,83816,-61335,22481,15582,-12196,3386
2021-10-17T22:00:00Z,4.7305,4.823,4.6855,4.713,10225.5,10362,10225.5,10362,805,811.6,791.05,795.85,74878,-100745,-25867,83816,-61335,22481,15582,-12196,3386,NaN,NaN,NaN,NaN,194817,74878,-100745,-25867,83816,-61335,22481,15582,-12196,3386
2021-10-18T22:00:00Z,4.716,4.815,4.6685,4.686,10225.5,10360.5,10225.5,10360.5,797.1,808.5,787.4,792.15,79080,-125288,-46208,103496,-62912,40584,19249,-13625,5624,NaN,NaN,NaN,NaN,225225,79080,-125288,-46208,103496,-62912,40584,19249,-13625,5624
2021-10-19T22:00:00Z,4.6875,4.749,4.5935,4.732,10390,10390,10113,10113,788,795,776.5,793.15,79080,-125288,-46208,103496,-62912,40584,19249,-13625,5624,NaN,NaN,NaN,NaN,225225,79080,-125288,-46208,103496,-62912,40584,19249,-13625,5624
2021-10-20T22:00:00Z,4.7335,4.7575,4.537,4.5585,10390,10390,10068,10068,792.85,796.85,763.05,765.2,79080,-125288,-46208,103496,-62912,40584,19249,-13625,5624,NaN,NaN,NaN,NaN,225225,79080,-125288,-46208,103496,-62912,40584,19249,-13625,5624
2021-10-21T22:00:00Z,4.5625,4.619,4.461,4.502,10390,10390,9998.5,9998.5,770,774.75,755.45,759.9,79080,-125288,-46208,103496,-62912,40584,19249,-13625,5624,NaN,NaN,NaN,NaN,225225,79080,-125288,-46208,103496,-62912,40584,19249,-13625,5624
2021-10-24T22:00:00Z,4.514,4.5685,4.5015,4.53,10390,10390,9929.5,9929.5,772,774.5,766.1,768.5,79080,-125288,-46208,103496,-62912,40584,19249,-13625,5624,NaN,NaN,NaN,NaN,225225,79080,-125288,-46208,103496,-62912,40584,19249,-13625,5624
2021-10-25T22:00:00Z,4.53,4.5545,4.472,4.4975,10390,10390,9875.5,9875.5,770.1,771.45,759.7,762.55,80168,-126038,-45870,98232,-60953,37279,20017,-11426,8591,NaN,NaN,NaN,NaN,222927,80168,-126038,-45870,98232,-60953,37279,20017,-11426,8591
2021-10-26T22:00:00Z,4.4955,4.51,4.363,4.388,10390,10390,9746,9746,763.05,763.05,743.2,747.25,80168,-126038,-45870,98232,-60953,37279,20017,-11426,8591,NaN,NaN,NaN,NaN,222927,80168,-126038,-45870,98232,-60953,37279,20017,-11426,8591
2021-10-27T22:00:00Z,4.3885,4.4635,4.3525,4.4325,10390,10390,9770,9770,747,756.1,745.2,751.75,80168,-126038,-45870,98232,-60953,37279,20017,-11426,8591,NaN,NaN,NaN,NaN,222927,80168,-126038,-45870,98232,-60953,37279,20017,-11426,8591
2021-10-28T22:00:00Z,4.4345,4.453,4.334,4.374,10390,10390,9826.5,9826.5,751.35,753.95,738.35,745.1,80168,-126038,-45870,98232,-60953,37279,20017,-11426,8591,NaN,NaN,NaN,NaN,222927,80168,-126038,-45870,98232,-60953,37279,20017,-11426,8591
2021-10-31T22:00:00Z,4.3775,4.403,4.3285,4.3895,10390,10390,9586,9586,746.65,749.3,737.85,746.05,80168,-126038,-45870,98232,-60953,37279,20017,-11426,8591,NaN,NaN,NaN,NaN,222927,80168,-126038,-45870,98232,-60953,37279,20017,-11426,8591
2021-11-01T22:00:00Z,4.39,4.433,4.333,4.3715,10390,10390,9629,9629,742.4,747.65,737.55,741.3,81457,-122751,-41294,88632,-56297,32335,19927,-10968,8959,NaN,NaN,NaN,NaN,217216,81457,-122751,-41294,88632,-56297,32335,19927,-10968,8959
2021-11-02T22:00:00Z,4.37,4.4505,4.28,4.3485,10390,10390,9928,9928,742.8,751,727,728.55,81457,-122751,-41294,88632,-56297,32335,19927,-10968,8959,NaN,NaN,NaN,NaN,217216,81457,-122751,-41294,88632,-56297,32335,19927,-10968,8959
2021-11-03T22:00:00Z,4.352,4.404,4.278,4.322,10390,10390,9694.5,9694.5,740,744,735.15,737.75,81457,-122751,-41294,88632,-56297,32335,19927,-10968,8959,NaN,NaN,NaN,NaN,217216,81457,-122751,-41294,88632,-56297,32335,19927,-10968,8959
2021-11-04T22:00:00Z,4.326,4.3735,4.282,4.343,10390,10390,9747.5,9747.5,734.95,735.75,724.7,731.9,81457,-122751,-41294,88632,-56297,32335,19927,-10968,8959,NaN,NaN,NaN,NaN,217216,81457,-122751,-41294,88632,-56297,32335,19927,-10968,8959
2021-11-07T23:00:00Z,4.36,4.4145,4.33,4.398,9694.5,9700.5,9694.5,9700.5,735.1,741.6,729.5,739.4,81457,-122751,-41294,88632,-56297,32335,19927,-10968,8959,NaN,NaN,NaN,NaN,217216,81457,-122751,-41294,88632,-56297,32335,19927,-10968,8959
2021-11-08T23:00:00Z,4.399,4.4475,4.3375,4.3735,9700.5,9904,9700.5,9904,737.9,746,731.05,735.5,82413,-115607,-33194,82781,-59992,22789,21232,-10827,10405,NaN,NaN,NaN,NaN,213365,82413,-115607,-33194,82781,-59992,22789,21232,-10827,10405
2021-11-09T23:00:00Z,4.374,4.414,4.285,4.302,9700.5,9802.5,9700.5,9802.5,733.6,742,726.3,728.8,82413,-115607,-33194,82781,-59992,22789,21232,-10827,10405,NaN,NaN,NaN,NaN,213365,82413,-115607,-33194,82781,-59992,22789,21232,-10827,10405
2021-11-10T23:00:00Z,4.3045,4.432,4.3005,4.4035,9673.5,9679,9521.5,9660,734,741.2,731.25,737.65,82413,-115607,-33194,82781,-59992,22789,21232,-10827,10405,NaN,NaN,NaN,NaN,213365,82413,-115607,-33194,82781,-59992,22789,21232,-10827,10405
2021-11-11T23:00:00Z,4.403,4.459,4.374,4.4535,9676.5,9714,9659,9684,736.3,746,734.25,744.95,82413,-115607,-33194,82781,-59992,22789,21232,-10827,10405,NaN,NaN,NaN,NaN,213365,82413,-115607,-33194,82781,-59992,22789,21232,-10827,10405
2021-11-14T23:00:00Z,4.455,4.489,4.391,4.411,9746.5,9769,9731.5,9731.5,742.9,746.8,737.1,739,82413,-115607,-33194,82781,-59992,22789,21232,-10827,10405,NaN,NaN,NaN,NaN,213365,82413,-115607,-33194,82781,-59992,22789,21232,-10827,10405
2021-11-15T23:00:00Z,4.4115,4.4425,4.323,4.3455,9749,9788.5,9665,9665,743.1,744,729.2,733.15,79856,-110661,-30805,81599,-61262,20337,21469,-11001,10468,NaN,NaN,NaN,NaN,208066,79856,-110661,-30805,81599,-61262,20337,21469,-11001,10468
2021-11-16T23:00:00Z,4.344,4.3605,4.1915,4.2025,9749,9788.5,9554,9554,733.4,733.85,718,718.65,79856,-110661,-30805,81599,-61262,20337,21469,-11001,10468,NaN,NaN,NaN,NaN,208066,79856,-110661,-30805,81599,-61262,20337,21469,-11001,10468
2021-11-17T23:00:00Z,4.207,4.3235,4.2065,4.3,9665,9665,9368.5,9368.5,714.3,724.25,709,722.65,79856,-110661,-30805,81599,-61262,20337,21469,-11001,10468,NaN,NaN,NaN,NaN,208066,79856,-110661,-30805,81599,-61262,20337,21469,-11001,10468
2021-11-18T23:00:00Z,4.3035,4.419,4.2915,4.3985,9554,9708.5,9554,9708.5,729.5,736,726.4,734.45,79856,-110661,-30805,81599,-61262,20337,21469,-11001,10468,NaN,NaN,NaN,NaN,208066,79856,-110661,-30805,81599,-61262,20337,21469,-11001,10468
2021-11-21T23:00:00Z,4.4035,4.423,4.352,4.3935,9368.5,9750,9368.5,9750,730.9,738,727,734.95,79856,-110661,-30805,81599,-61262,20337,21469,-11001,10468,NaN,NaN,NaN,NaN,208066,79856,-110661,-30805,81599,-61262,20337,21469,-11001,10468
2021-11-22T23:00:00Z,4.392,4.452,4.3705,4.419,9708.5,9849.5,9708.5,9849.5,737.1,741.3,731.4,736.25,77592,-98533,-20941,71699,-57977,13722,18094,-10875,7219,NaN,NaN,NaN,NaN,190681,77592,-98533,-20941,71699,-57977,13722,18094,-10875,7219
2021-11-23T23:00:00Z,4.417,4.491,4.3915,4.4745,9750,9893.5,9750,9893.5,738.5,751.25,737.25,748.55,77592,-98533,-20941,71699,-57977,13722,18094,-10875,7219,NaN,NaN,NaN,NaN,190681,77592,-98533,-20941,71699,-57977,13722,18094,-10875,7219
2021-11-24T23:00:00Z,4.47,4.5005,4.275,4.279,9893.5,9893.5,9762.5,9762.5,741.9,742.8,725.7,727.65,77592,-98533,-20941,71699,-57977,13722,18094,-10875,7219,NaN,NaN,NaN,NaN,190681,77592,-98533,-20941,71699,-57977,13722,18094,-10875,7219
2021-11-28T23:00:00Z,4.303,4.3815,4.2875,4.355,9981.5,9981.5,9674.5,9674.5,734.1,739.8,730.3,734.8,77592,-98533,-20941,71699,-57977,13722,18094,-10875,7219,NaN,NaN,NaN,NaN,190681,77592,-98533,-20941,71699,-57977,13722,18094,-10875,7219
2021-11-29T23:00:00Z,4.3555,4.3675,4.2505,4.3085,9762.5,9762.5,9617,9617,733.75,734.4,721.7,725.3,78773,-94536,-15763,68310,-59119,9191,16876,-10304,6572,NaN,NaN,NaN,NaN,184214,78773,-94536,-15763,68310,-59119,9191,16876,-10304,6572
2021-11-30T23:00:00Z,4.3055,4.3515,4.2065,4.231,9674.5,9674.5,9661,9661,730.7,733.95,717.75,719.25,78773,-94536,-15763,68310,-59119,9191,16876,-10304,6572,NaN,NaN,NaN,NaN,184214,78773,-94536,-15763,68310,-59119,9191,16876,-10304,6572
2021-12-01T23:00:00Z,4.233,4.3145,4.2305,4.29,9617,9617,9450.5,9450.5,722,727.45,717.3,725.45,78773,-94536,-15763,68310,-59119,9191,16876,-10304,6572,NaN,NaN,NaN,NaN,184214,78773,-94536,-15763,68310,-59119,9191,16876,-10304,6572
2021-12-02T23:00:00Z,4.291,4.338,4.2455,4.2695,9661,9661,9649,9649,725.7,732.5,720.25,723,78773,-94536,-15763,68310,-59119,9191,16876,-10304,6572,NaN,NaN,NaN,NaN,184214,78773,-94536,-15763,68310,-59119,9191,16876,-10304,6572
2021-12-05T23:00:00Z,4.277,4.3485,4.2535,4.334,9450.5,9489,9450.5,9489,725.8,735,722.05,734.1,78773,-94536,-15763,68310,-59119,9191,16876,-10304,6572,NaN,NaN,NaN,NaN,184214,78773,-94536,-15763,68310,-59119,9191,16876,-10304,6572
2021-12-06T23:00:00Z,4.3375,4.3925,4.3025,4.341,9649,9649,9601,9601,731.5,742.7,728.2,735.3,76370,-90589,-14219,63403,-56199,7204,16787,-9772,7015,NaN,NaN,NaN,NaN,173954,76370,-90589,-14219,63403,-56199,7204,16787,-9772,7015
2021-12-07T23:00:00Z,4.3395,4.3975,4.3205,4.38,9489,9607,9489,9607,735.35,742.5,732.3,741.6,76370,-90589,-14219,63403,-56199,7204,16787,-9772,7015,NaN,NaN,NaN,NaN,173954,76370,-90589,-14219,63403,-56199,7204,16787,-9772,7015
2021-12-08T23:00:00Z,4.3775,4.398,4.2975,4.3155,9573.5,9672.5,9567.5,9603.5,739,743.85,731.85,734.7,76370,-90589,-14219,63403,-56199,7204,16787,-9772,7015,NaN,NaN,NaN,NaN,173954,76370,-90589,-14219,63403,-56199,7204,16787,-9772,7015
2021-12-09T23:00:00Z,4.3155,4.3595,4.2735,4.294,9520.5,9570,9519,9570,733.3,740.45,730,730.6,76370,-90589,-14219,63403,-56199,7204,16787,-9772,7015,NaN,NaN,NaN,NaN,173954,76370,-90589,-14219,63403,-56199,7204,16787,-9772,7015
2021-12-12T23:00:00Z,4.2955,4.333,4.277,4.293,9575,9575,9454.5,9523.5,734.9,736.95,730.4,731.75,76370,-90589,-14219,63403,-56199,7204,16787,-9772,7015,NaN,NaN,NaN,NaN,173954,76370,-90589,-14219,63403,-56199,7204,16787,-9772,7015
2021-12-13T23:00:00Z,4.2925,4.306,4.2505,4.2675,9489.5,9516,9451,9516,731.35,735.25,729.35,730.5,75561,-88669,-13108,62990,-56293,6697,17403,-10992,6411,NaN,NaN,NaN,NaN,171976,75561,-88669,-13108,62990,-56293,6697,17403,-10992,6411
2021-12-14T23:00:00Z,4.266,4.2775,4.1195,4.245,9489.5,9491.5,9325,9325,731.2,732.45,720.1,730.4,75561,-88669,-13108,62990,-56293,6697,17403,-10992,6411,NaN,NaN,NaN,NaN,171976,75561,-88669,-13108,62990,-56293,6697,17403,-10992,6411
2021-12-15T23:00:00Z,4.2435,4.3215,4.221,4.2995,9516,9516,9433,9433,734.5,743.65,734.5,741.9,75561,-88669,-13108,62990,-56293,6697,17403,-10992,6411,NaN,NaN,NaN,NaN,171976,75561,-88669,-13108,62990,-56293,6697,17403,-10992,6411
2021-12-16T23:00:00Z,4.3015,4.331,4.273,4.29,9325,9566,9325,9566,742.1,745.6,737.4,740.65,75561,-88669,-13108,62990,-56293,6697,17403,-10992,6411,NaN,NaN,NaN,NaN,171976,75561,-88669,-13108,62990,-56293,6697,17403,-10992,6411
2021-12-19T23:00:00Z,4.288,4.31,4.232,4.3035,9433,9433,9398,9398,737.4,739.8,733,738.35,75561,-88669,-13108,62990,-56293,6697,17403,-10992,6411,NaN,NaN,NaN,NaN,171976,75561,-88669,-13108,62990,-56293,6697,17403,-10992,6411
2021-12-20T23:00:00Z,4.3015,4.3585,4.2945,4.3495,9566,9566,9543,9543,740,747.5,740,746.4,77851,-87628,-9777,60983,-56546,4437,16453,-11113,5340,NaN,NaN,NaN,NaN,170353,77851,-87628,-9777,60983,-56546,4437,16453,-11113,5340
2021-12-21T23:00:00Z,4.349,4.3945,4.327,4.3885,9398,9617.5,9398,9617.5,744.25,750.85,743.65,749.7,77851,-87628,-9777,60983,-56546,4437,16453,-11113,5340,NaN,NaN,NaN,NaN,170353,77851,-87628,-9777,60983,-56546,4437,16453,-11113,5340
2021-12-22T23:00:00Z,4.3895,4.412,4.343,4.405,9543,9706,9543,9706,748.65,751.85,744.8,749.55,77851,-87628,-9777,60983,-56546,4437,16453,-11113,5340,NaN,NaN,NaN,NaN,170353,77851,-87628,-9777,60983,-56546,4437,16453,-11113,5340
2021-12-26T23:00:00Z,4.3885,4.4915,4.345,4.4655,9669.5,9669.5,9669.5,9669.5,744.7,758.75,741.15,754.05,77851,-87628,-9777,60983,-56546,4437,16453,-11113,5340,NaN,NaN,NaN,NaN,170353,77851,-87628,-9777,60983,-56546,4437,16453,-11113,5340
2021-12-27T23:00:00Z,4.4665,4.4985,4.4235,4.4355,9669.5,9669.5,9606.5,9606.5,752,757.3,749,749.85,77057,-96736,-19679,70980,-56597,14383,16594,-11298,5296,NaN,NaN,NaN,NaN,180736,77057,-96736,-19679,70980,-56597,14383,16594,-11298,5296
2021-12-28T23:00:00Z,4.434,4.448,4.382,4.4155,9669.5,9709,9669.5,9709,747,748.95,742.75,746.15,77057,-96736,-19679,70980,-56597,14383,16594,-11298,5296,NaN,NaN,NaN,NaN,180736,77057,-96736,-19679,70980,-56597,14383,16594,-11298,5296
2021-12-29T23:00:00Z,4.417,4.4355,4.3795,4.388,9606.5,9738,9606.5,9738,745.65,747.75,742,742.65,77057,-96736,-19679,70980,-56597,14383,16594,-11298,5296,NaN,NaN,NaN,NaN,180736,77057,-96736,-19679,70980,-56597,14383,16594,-11298,5296
2021-12-30T23:00:00Z,4.3895,4.474,4.382,4.46,9678.5,9678.5,9678.5,9678.5,741.4,751.85,739.85,748.9,77057,-96736,-19679,70980,-56597,14383,16594,-11298,5296,NaN,NaN,NaN,NaN,180736,77057,-96736,-19679,70980,-56597,14383,16594,-11298,5296
2022-01-02T23:00:00Z,4.4585,4.4805,4.335,4.4225,9678.5,9747.5,9678.5,9747.5,745.1,750.9,735.2,744.85,77057,-96736,-19679,70980,-56597,14383,16594,-11298,5296,NaN,NaN,NaN,NaN,180736,77057,-96736,-19679,70980,-56597,14383,16594,-11298,5296
2022-01-03T23:00:00Z,4.4245,4.4785,4.378,4.4705,9670,9689,9670,9689,741.9,752.15,741,751.2,74398,-99243,-24845,75207,-55448,19759,17048,-11962,5086,NaN,NaN,NaN,NaN,185905,74398,-99243,-24845,75207,-55448,19759,17048,-11962,5086
2022-01-04T23:00:00Z,4.4725,4.473,4.372,4.392,9670,9765,9670,9765,749.3,749.6,742,743.3,74398,-99243,-24845,75207,-55448,19759,17048,-11962,5086,NaN,NaN,NaN,NaN,185905,74398,-99243,-24845,75207,-55448,19759,17048,-11962,5086
2022-01-05T23:00:00Z,4.392,4.408,4.3135,4.3545,9689,9689,9546.5,9546.5,741.35,742.75,731.25,735.95,74398,-99243,-24845,75207,-55448,19759,17048,-11962,5086,NaN,NaN,NaN,NaN,185905,74398,-99243,-24845,75207,-55448,19759,17048,-11962,5086
2022-01-06T23:00:00Z,4.354,4.4175,4.3435,4.401,9765,9765,9596.5,9596.5,738.55,741,734.2,740.65,74398,-99243,-24845,75207,-55448,19759,17048,-11962,5086,NaN,NaN,NaN,NaN,185905,74398,-99243,-24845,75207,-55448,19759,17048,-11962,5086
2022-01-09T23:00:00Z,4.4015,4.431,4.3305,4.373,9546.5,9678.5,9546.5,9678.5,741,743.2,732,733.75,74398,-99243,-24845,75207,-55448,19759,17048,-11962,5086,NaN,NaN,NaN,NaN,185905,74398,-99243,-24845,75207,-55448,19759,17048,-11962,5086
2022-01-10T23:00:00Z,4.372,4.4385,4.366,4.4325,9596.5,9624,9596.5,9624,737.35,741.4,733.8,740.25,75817,-98358,-22541,73808,-57102,16706,17477,-11642,5835,NaN,NaN,NaN,NaN,189678,75817,-98358,-22541,73808,-57102,16706,17477,-11642,5835
2022-01-11T23:00:00Z,4.4315,4.601,4.42,4.5565,9678.5,9876.5,9678.5,9876.5,742.6,759.3,742.6,756.15,75817,-98358,-22541,73808,-57102,16706,17477,-11642,5835,NaN,NaN,NaN,NaN,189678,75817,-98358,-22541,73808,-57102,16706,17477,-11642,5835
2022-01-12T23:00:00Z,4.557,4.577,4.5045,4.5115,9959,9969.5,9955,9969.5,755,757.35,751.05,753.75,75817,-98358,-22541,73808,-57102,16706,17477,-11642,5835,NaN,NaN,NaN,NaN,189678,75817,-98358,-22541,73808,-57102,16706,17477,-11642,5835
2022-01-13T23:00:00Z,4.5115,4.5475,4.4125,4.431,9974,9990,9913.5,9990,749.9,756.3,741.2,742.2,75817,-98358,-22541,73808,-57102,16706,17477,-11642,5835,NaN,NaN,NaN,NaN,189678,75817,-98358,-22541,73808,-57102,16706,17477,-11642,5835
2022-01-16T23:00:00Z,4.431,4.449,4.376,4.4035,9664,9710,9662.5,9710,744.9,747.3,740.2,741.25,79455,-109993,-30538,77673,-55363,22310,18943,-10715,8228,NaN,NaN,NaN,NaN,203198,79455,-109993,-30538,77673,-55363,22310,18943,-10715,8228
2022-01-18T23:00:00Z,4.4035,4.4885,4.392,4.45,9664,9732,9662.5,9732,743.2,751.9,742,749.35,79455,-109993,-30538,77673,-55363,22310,18943,-10715,8228,NaN,NaN,NaN,NaN,203198,79455,-109993,-30538,77673,-55363,22310,18943,-10715,8228
2022-01-19T23:00:00Z,4.449,4.586,4.444,4.5325,9710,9924,9710,9924,751,761.9,750.1,761.1,79455,-109993,-30538,77673,-55363,22310,18943,-10715,8228,NaN,NaN,NaN,NaN,203198,79455,-109993,-30538,77673,-55363,22310,18943,-10715,8228
2022-01-20T23:00:00Z,4.5295,4.5805,4.484,4.5205,9732,9964.5,9732,9964.5,756,760.05,749.15,752.6,79455,-109993,-30538,77673,-55363,22310,18943,-10715,8228,NaN,NaN,NaN,NaN,203198,79455,-109993,-30538,77673,-55363,22310,18943,-10715,8228
2022-01-23T23:00:00Z,4.522,4.538,4.3865,4.4525,9924,9924,9853,9853,756.7,756.7,744.75,747.7,79455,-109993,-30538,77673,-55363,22310,18943,-10715,8228,NaN,NaN,NaN,NaN,203198,79455,-109993,-30538,77673,-55363,22310,18943,-10715,8228
2022-01-24T23:00:00Z,4.456,4.478,4.3855,4.459,9964.5,9964.5,9698,9698,748.4,753.6,744.85,752.75,80969,-113805,-32836,78616,-52135,26481,18431,-12076,6355,NaN,NaN,NaN,NaN,205771,80969,-113805,-32836,78616,-52135,26481,18431,-12076,6355
2022-01-25T23:00:00Z,4.4565,4.5345,4.419,4.457,9853,9940,9853,9940,NaN,NaN,NaN,NaN,80969,-113805,-32836,78616,-52135,26481,18431,-12076,6355,NaN,NaN,NaN,NaN,205771,80969,-113805,-32836,78616,-52135,26481,18431,-12076,6355
2022-01-26T23:00:00Z,4.457,4.491,4.399,4.416,9698,9850,9698,9850,753.9,760.4,750.1,753.2,80969,-113805,-32836,78616,-52135,26481,18431,-12076,6355,NaN,NaN,NaN,NaN,205771,80969,-113805,-32836,78616,-52135,26481,18431,-12076,6355
2022-01-27T23:00:00Z,4.4185,4.45,4.2985,4.328,9940,9940,9706.5,9706.5,754.05,754.7,736.5,737.5,80969,-113805,-32836,78616,-52135,26481,18431,-12076,6355,NaN,NaN,NaN,NaN,205771,80969,-113805,-32836,78616,-52135,26481,18431,-12076,6355
2022-01-30T23:00:00Z,4.3275,4.355,4.282,4.3275,9559.5,9559.5,9559.5,9559.5,738.1,740,731.25,736.25,80969,-113805,-32836,78616,-52135,26481,18431,-12076,6355,NaN,NaN,NaN,NaN,205771,80969,-113805,-32836,78616,-52135,26481,18431,-12076,6355
2022-01-31T23:00:00Z,4.33,4.4455,4.311,4.4355,NaN,NaN,NaN,NaN,737.5,751.5,733.6,750.35,84446,-105499,-21053,68984,-52829,16155,16522,-11624,4898,NaN,NaN,NaN,NaN,198437,84446,-105499,-21053,68984,-52829,16155,16522,-11624,4898
2022-02-01T23:00:00Z,4.4335,4.509,4.43,4.481,NaN,NaN,NaN,NaN,750.95,759,749.45,756.7,84446,-105499,-21053,68984,-52829,16155,16522,-11624,4898,NaN,NaN,NaN,NaN,198437,84446,-105499,-21053,68984,-52829,16155,16522,-11624,4898
2022-02-02T23:00:00Z,4.4785,4.502,4.423,4.48,NaN,NaN,NaN,NaN,758.5,758.95,749.15,753.95,84446,-105499,-21053,68984,-52829,16155,16522,-11624,4898,NaN,NaN,NaN,NaN,198437,84446,-105499,-21053,68984,-52829,16155,16522,-11624,4898
2022-02-03T23:00:00Z,4.481,4.5145,4.4125,4.506,9559.5,9917,9559.5,9917,756.15,758.85,746.75,756.25,84446,-105499,-21053,68984,-52829,16155,16522,-11624,4898,NaN,NaN,NaN,NaN,198437,84446,-105499,-21053,68984,-52829,16155,16522,-11624,4898
2022-02-06T23:00:00Z,4.4995,4.5195,4.429,4.484,9559.5,9819.5,9559.5,9819.5,753.9,757.05,750.35,754.55,84446,-105499,-21053,68984,-52829,16155,16522,-11624,4898,NaN,NaN,NaN,NaN,198437,84446,-105499,-21053,68984,-52829,16155,16522,-11624,4898
2022-02-07T23:00:00Z,4.482,4.484,4.395,4.4715,9917,9917,9774.5,9774.5,754.55,756.65,747.65,755.6,83203,-108726,-25523,74302,-55447,18855,18191,-11523,6668,NaN,NaN,NaN,NaN,201860,83203,-108726,-25523,74302,-55447,18855,18191,-11523,6668
2022-02-08T23:00:00Z,4.474,4.643,4.4185,4.635,9819.5,9819.5,9769,9769,755.3,774,751.7,772.3,83203,-108726,-25523,74302,-55447,18855,18191,-11523,6668,NaN,NaN,NaN,NaN,201860,83203,-108726,-25523,74302,-55447,18855,18191,-11523,6668
2022-02-09T23:00:00Z,4.6335,4.7085,4.5855,4.6185,9793.5,10218.5,9793.5,10218.5,770.5,791.5,770.5,785.35,83203,-108726,-25523,74302,-55447,18855,18191,-11523,6668,NaN,NaN,NaN,NaN,201860,83203,-108726,-25523,74302,-55447,18855,18191,-11523,6668
2022-02-10T23:00:00Z,4.615,4.629,4.4315,4.4415,10228,10249.5,9982,10021,780.75,780.75,763.05,768,83203,-108726,-25523,74302,-55447,18855,18191,-11523,6668,NaN,NaN,NaN,NaN,201860,83203,-108726,-25523,74302,-55447,18855,18191,-11523,6668
2022-02-13T23:00:00Z,4.453,4.5195,4.444,4.4895,10013,10044,9893.5,9900.5,770.85,771.8,761.65,770.1,83203,-108726,-25523,74302,-55447,18855,18191,-11523,6668,NaN,NaN,NaN,NaN,201860,83203,-108726,-25523,74302,-55447,18855,18191,-11523,6668
2022-02-14T23:00:00Z,4.4935,4.552,4.4725,4.5325,10013,10044,9893.5,9988.5,768.95,773.15,765.65,769.6,81004,-120425,-39421,84415,-53723,30692,20249,-11520,8729,NaN,NaN,NaN,NaN,210089,81004,-120425,-39421,84415,-53723,30692,20249,-11520,8729
2022-02-15T23:00:00Z,4.53,4.5895,4.518,4.536,9900.5,10074.5,9900.5,10074.5,770.55,775.9,767.5,769.35,81004,-120425,-39421,84415,-53723,30692,20249,-11520,8729,NaN,NaN,NaN,NaN,210089,81004,-120425,-39421,84415,-53723,30692,20249,-11520,8729
2022-02-16T23:00:00Z,4.5365,4.5505,4.4655,4.5,10063,10063,9981,9981,769,769.9,759.65,766.45,81004,-120425,-39421,84415,-53723,30692,20249,-11520,8729,NaN,NaN,NaN,NaN,210089,81004,-120425,-39421,84415,-53723,30692,20249,-11520,8729
2022-02-17T23:00:00Z,4.5,4.572,4.496,4.514,10063,10063,10059,10059,767,770.9,761.9,763.45,81004,-120425,-39421,84415,-53723,30692,20249,-11520,8729,NaN,NaN,NaN,NaN,210089,81004,-120425,-39421,84415,-53723,30692,20249,-11520,8729
2022-02-20T23:00:00Z,4.51,4.5445,4.4675,4.505,10059,10059,9920.5,9920.5,763,769.5,761.4,765,77398,-112152,-34754,80940,-55365,25575,20535,-11356,9179,NaN,NaN,NaN,NaN,204123,77398,-112152,-34754,80940,-55365,25575,20535,-11356,9179
2022-02-22T23:00:00Z,4.51,4.5455,4.4495,4.4605,10036.5,10036.5,9984.5,9984.5,765.15,769.45,758.8,760.1,77398,-112152,-34754,80940,-55365,25575,20535,-11356,9179,NaN,NaN,NaN,NaN,204123,77398,-112152,-34754,80940,-55365,25575,20535,-11356,9179
2022-02-23T23:00:00Z,4.4625,4.585,4.442,4.4965,9920.5,9920.5,9902.5,9902.5,760.5,789.95,760.05,768,77398,-112152,-34754,80940,-55365,25575,20535,-11356,9179,NaN,NaN,NaN,NaN,204123,77398,-112152,-34754,80940,-55365,25575,20535,-11356,9179
2022-02-24T23:00:00Z,4.5075,4.5285,4.456,4.487,9984.5,9984.5,9879.5,9879.5,770.7,772.2,764.3,766.7,77398,-112152,-34754,80940,-55365,25575,20535,-11356,9179,NaN,NaN,NaN,NaN,204123,77398,-112152,-34754,80940,-55365,25575,20535,-11356,9179
2022-02-27T23:00:00Z,4.4925,4.532,4.45,4.506,9879.5,9988,9879.5,9988,768,776.9,766,767.5,77398,-112152,-34754,80940,-55365,25575,20535,-11356,9179,NaN,NaN,NaN,NaN,204123,77398,-112152,-34754,80940,-55365,25575,20535,-11356,9179
2022-02-28T23:00:00Z,4.506,4.602,4.492,4.5735,9879.5,10002.5,9879.5,10002.5,770.9,789.95,770.9,788.1,75232,-104612,-29380,75526,-53433,22093,18908,-11621,7287,NaN,NaN,NaN,NaN,195398,75232,-104612,-29380,75526,-53433,22093,18908,-11621,7287
2022-03-01T23:00:00Z,4.571,4.705,4.5525,4.6765,9988,10104,9988,10104,784.9,804,781.5,797.05,75232,-104612,-29380,75526,-53433,22093,18908,-11621,7287,NaN,NaN,NaN,NaN,195398,75232,-104612,-29380,75526,-53433,22093,18908,-11621,7287
2022-03-02T23:00:00Z,4.671,4.7985,4.6615,4.784,10002.5,10419.5,10002.5,10419.5,799.65,818.85,799.65,816.4,75232,-104612,-29380,75526,-53433,22093,18908,-11621,7287,NaN,NaN,NaN,NaN,195398,75232,-104612,-29380,75526,-53433,22093,18908,-11621,7287
2022-03-03T23:00:00Z,4.7825,4.949,4.751,4.9185,10104,10465,10104,10465,828.5,842.95,818.5,840.3,75232,-104612,-29380,75526,-53433,22093,18908,-11621,7287,NaN,NaN,NaN,NaN,195398,75232,-104612,-29380,75526,-53433,22093,18908,-11621,7287
2022-03-06T23:00:00Z,4.92,5.0395,4.668,4.749,10465,10813.5,10465,10813.5,856.7,886,820,843.4,75232,-104612,-29380,75526,-53433,22093,18908,-11621,7287,NaN,NaN,NaN,NaN,195398,75232,-104612,-29380,75526,-53433,22093,18908,-11621,7287
2022-03-07T23:00:00Z,4.745,4.967,4.603,4.711,10465,10465,10367.5,10367.5,847.7,873.4,826.5,840.1,74975,-115045,-40070,87744,-55925,31819,19023,-10772,8251,NaN,NaN,NaN,NaN,198844,74975,-115045,-40070,87744,-55925,31819,19023,-10772,8251
2022-03-08T23:00:00Z,4.7105,4.7885,4.553,4.593,10367.5,10367.5,10146.5,10146.5,841.35,849.95,793.05,800.8,74975,-115045,-40070,87744,-55925,31819,19023,-10772,8251,NaN,NaN,NaN,NaN,198844,74975,-115045,-40070,87744,-55925,31819,19023,-10772,8251
2022-03-09T23:00:00Z,4.5965,4.6785,4.574,4.6375,10089,10094,9975,9975,809.45,816.8,796,807.45,74975,-115045,-40070,87744,-55925,31819,19023,-10772,8251,NaN,NaN,NaN,NaN,198844,74975,-115045,-40070,87744,-55925,31819,19023,-10772,8251
2022-03-10T23:00:00Z,4.6335,4.724,4.5945,4.61,10132,10137,10086,10092,805.9,822.2,803.1,810.4,74975,-115045,-40070,87744,-55925,31819,19023,-10772,8251,NaN,NaN,NaN,NaN,198844,74975,-115045,-40070,87744,-55925,31819,19023,-10772,8251
2022-03-13T22:00:00Z,4.598,4.6155,4.496,4.5085,10207,10207,9964,9964,808.8,808.9,793.05,796.15,74975,-115045,-40070,87744,-55925,31819,19023,-10772,8251,NaN,NaN,NaN,NaN,198844,74975,-115045,-40070,87744,-55925,31819,19023,-10772,8251
2022-03-14T22:00:00Z,4.5155,4.543,4.4685,4.502,9931,9931,9907,9924.5,796.9,798.4,785.55,790.1,76948,-103665,-26717,73338,-54308,19030,17878,-10191,7687,NaN,NaN,NaN,NaN,183170,76948,-103665,-26717,73338,-54308,19030,17878,-10191,7687
2022-03-15T22:00:00Z,4.501,4.6405,4.4985,4.624,9931,9931,9895,9895,792,803,792,798.55,76948,-103665,-26717,73338,-54308,19030,17878,-10191,7687,NaN,NaN,NaN,NaN,183170,76948,-103665,-26717,73338,-54308,19030,17878,-10191,7687
2022-03-16T22:00:00Z,4.621,4.717,4.6105,4.697,10028,10069,10028,10069,804.5,811.95,798,810.05,76948,-103665,-26717,73338,-54308,19030,17878,-10191,7687,NaN,NaN,NaN,NaN,183170,76948,-103665,-26717,73338,-54308,19030,17878,-10191,7687
2022-03-17T22:00:00Z,4.702,4.76,4.673,4.716,10028,10251.5,10028,10251.5,813.35,819.5,811.2,816.05,76948,-103665,-26717,73338,-54308,19030,17878,-10191,7687,NaN,NaN,NaN,NaN,183170,76948,-103665,-26717,73338,-54308,19030,17878,-10191,7687
2022-03-20T22:00:00Z,4.727,4.732,4.656,4.7025,10251.5,10342,10251.5,10342,810,816.95,807,814.4,76948,-103665,-26717,73338,-54308,19030,17878,-10191,7687,NaN,NaN,NaN,NaN,183170,76948,-103665,-26717,73338,-54308,19030,17878,-10191,7687
2022-03-21T22:00:00Z,4.704,4.769,4.68,4.71,10251.5,10301.5,10251.5,10301.5,817.4,821.4,810,814.7,81894,-116498,-34604,81523,-54711,26812,18568,-10776,7792,NaN,NaN,NaN,NaN,197244,81894,-116498,-34604,81523,-54711,26812,18568,-10776,7792
2022-03-22T22:00:00Z,4.71,4.7855,4.689,4.777,10342,10388,10342,10388,814.75,826.85,811.8,825.95,81894,-116498,-34604,81523,-54711,26812,18568,-10776,7792,NaN,NaN,NaN,NaN,197244,81894,-116498,-34604,81523,-54711,26812,18568,-10776,7792
2022-03-23T22:00:00Z,4.776,4.8175,4.7085,4.7255,10301.5,10491,10301.5,10491,825.95,828.8,810.3,812.75,81894,-116498,-34604,81523,-54711,26812,18568,-10776,7792,NaN,NaN,NaN,NaN,197244,81894,-116498,-34604,81523,-54711,26812,18568,-10776,7792
2022-03-24T22:00:00Z,4.7275,4.773,4.686,4.69,10491,10491,10361.5,10361.5,826.5,827.45,816.9,818.9,81894,-116498,-34604,81523,-54711,26812,18568,-10776,7792,NaN,NaN,NaN,NaN,197244,81894,-116498,-34604,81523,-54711,26812,18568,-10776,7792
2022-03-27T22:00:00Z,4.696,4.739,4.642,4.723,10491,10491,10252,10252,814.7,823,811.55,822.3,81894,-116498,-34604,81523,-54711,26812,18568,-10776,7792,NaN,NaN,NaN,NaN,197244,81894,-116498,-34604,81523,-54711,26812,18568,-10776,7792
2022-03-28T22:00:00Z,4.7245,4.7575,4.699,4.749,10361.5,10361.5,10298,10298,820.3,822.1,811.7,817.75,83024,-120357,-37333,86553,-55972,30581,17961,-11209,6752,NaN,NaN,NaN,NaN,203692,83024,-120357,-37333,86553,-55972,30581,17961,-11209,6752
2022-03-29T22:00:00Z,4.749,4.828,4.726,4.746,10252,10426,10252,10426,820,830,818.75,821.75,83024,-120357,-37333,86553,-55972,30581,17961,-11209,6752,NaN,NaN,NaN,NaN,203692,83024,-120357,-37333,86553,-55972,30581,17961,-11209,6752
2022-03-30T22:00:00Z,4.748,4.769,4.705,4.7295,10298,10335.5,10298,10335.5,818.05,823.9,814.6,821.45,83024,-120357,-37333,86553,-55972,30581,17961,-11209,6752,NaN,NaN,NaN,NaN,203692,83024,-120357,-37333,86553,-55972,30581,17961,-11209,6752
2022-03-31T22:00:00Z,4.7255,4.7515,4.669,4.7055,10426,10426,10315.5,10315.5,817.5,823.25,813.65,816.2,83024,-120357,-37333,86553,-55972,30581,17961,-11209,6752,NaN,NaN,NaN,NaN,203692,83024,-120357,-37333,86553,-55972,30581,17961,-11209,6752
2022-04-03T22:00:00Z,4.7055,4.809,4.688,4.784,10335.5,10335.5,10322,10322,815.05,825.6,813.2,820.55,83024,-120357,-37333,86553,-55972,30581,17961,-11209,6752,NaN,NaN,NaN,NaN,203692,83024,-120357,-37333,86553,-55972,30581,17961,-11209,6752
2022-04-04T22:00:00Z,4.7825,4.86,4.7525,4.765,NaN,NaN,NaN,NaN,824.35,829.95,818.7,821.05,82054,-125093,-43039,90779,-54637,36142,18675,-11778,6897,NaN,NaN,NaN,NaN,216157,82054,-125093,-43039,90779,-54637,36142,18675,-11778,6897
2022-04-05T22:00:00Z,4.766,4.7885,4.697,4.704,10322,10429,10322,10429,816.7,824.5,815.5,817.25,82054,-125093,-43039,90779,-54637,36142,18675,-11778,6897,NaN,NaN,NaN,NaN,216157,82054,-125093,-43039,90779,-54637,36142,18675,-11778,6897
2022-04-06T22:00:00Z,4.705,4.7295,4.6725,4.716,10429,10429,10242.5,10242.5,817.7,819,810.3,817,82054,-125093,-43039,90779,-54637,36142,18675,-11778,6897,NaN,NaN,NaN,NaN,216157,82054,-125093,-43039,90779,-54637,36142,18675,-11778,6897
2022-04-07T22:00:00Z,4.7185,4.7655,4.702,4.7295,10242.5,10391.5,10242.5,10391.5,819,823.75,817.4,819.8,82054,-125093,-43039,90779,-54637,36142,18675,-11778,6897,NaN,NaN,NaN,NaN,216157,82054,-125093,-43039,90779,-54637,36142,18675,-11778,6897
2022-04-10T22:00:00Z,4.727,4.7395,4.624,4.63,10391.5,10391.5,10249,10249,815.95,820,807,808,82054,-125093,-43039,90779,-54637,36142,18675,-11778,6897,NaN,NaN,NaN,NaN,216157,82054,-125093,-43039,90779,-54637,36142,18675,-11778,6897
2022-04-11T22:00:00Z,4.6295,4.726,4.625,4.6915,10315,10315,10141,10233,811.35,822.15,810.1,819.55,81559,-110808,-29249,81940,-58590,23350,17972,-12073,5899,NaN,NaN,NaN,NaN,204825,81559,-110808,-29249,81940,-58590,23350,17972,-12073,5899
2022-04-12T22:00:00Z,4.6935,4.756,4.6745,4.699,10238,10350.5,10236,10350.5,823.6,826.55,816.5,819.85,81559,-110808,-29249,81940,-58590,23350,17972,-12073,5899,NaN,NaN,NaN,NaN,204825,81559,-110808,-29249,81940,-58590,23350,17972,-12073,5899
2022-04-13T22:00:00Z,4.7,4.741,4.666,4.7205,10309,10352,10292.5,10336,819.85,823.95,816.05,822.65,81559,-110808,-29249,81940,-58590,23350,17972,-12073,5899,NaN,NaN,NaN,NaN,204825,81559,-110808,-29249,81940,-58590,23350,17972,-12073,5899
2022-04-17T22:00:00Z,4.745,4.8425,4.688,4.802,NaN,NaN,NaN,NaN,827.9,841.5,820,837.05,81559,-110808,-29249,81940,-58590,23350,17972,-12073,5899,NaN,NaN,NaN,NaN,204825,81559,-110808,-29249,81940,-58590,23350,17972,-12073,5899
2022-04-18T22:00:00Z,4.8,4.8095,4.6805,4.698,10336,10475.5,10336,10475.5,836,839.15,820.1,825.45,80280,-108587,-28307,83261,-64421,18840,20538,-11071,9467,NaN,NaN,NaN,NaN,203896,80280,-108587,-28307,83261,-64421,18840,20538,-11071,9467
2022-04-19T22:00:00Z,4.698,4.709,4.6195,4.6645,10475.5,10475.5,10219.5,10219.5,825,825,811.25,816,80280,-108587,-28307,83261,-64421,18840,20538,-11071,9467,NaN,NaN,NaN,NaN,203896,80280,-108587,-28307,83261,-64421,18840,20538,-11071,9467
2022-04-20T22:00:00Z,4.664,4.718,4.6275,4.6835,10219.5,10291,10219.5,10291,815,821.6,810.3,819.85,80280,-108587,-28307,83261,-64421,18840,20538,-11071,9467,NaN,NaN,NaN,NaN,203896,80280,-108587,-28307,83261,-64421,18840,20538,-11071,9467
2022-04-21T22:00:00Z,4.679,4.7065,4.57,4.5835,10291,10291,10273,10273,819,821,803.75,806.3,80280,-108587,-28307,83261,-64421,18840,20538,-11071,9467,NaN,NaN,NaN,NaN,203896,80280,-108587,-28307,83261,-64421,18840,20538,-11071,9467
2022-04-24T22:00:00Z,4.5815,4.6055,4.4065,4.479,10273,10273,9885.5,9885.5,805.7,805.7,784.6,789.85,80280,-108587,-28307,83261,-64421,18840,20538,-11071,9467,NaN,NaN,NaN,NaN,203896,80280,-108587,-28307,83261,-64421,18840,20538,-11071,9467
2022-04-25T22:00:00Z,4.477,4.5245,4.383,4.3905,9885.5,9885.5,9883,9883,795.2,802.5,788.2,790.05,83543,-86694,-3151,70659,-74444,-3785,19147,-12211,6936,NaN,NaN,NaN,NaN,193763,83543,-86694,-3151,70659,-74444,-3785,19147,-12211,6936
2022-04-26T22:00:00Z,4.3915,4.487,4.3915,4.44,9883,9902.5,9883,9902.5,791.35,797.2,785.4,791.2,83543,-86694,-3151,70659,-74444,-3785,19147,-12211,6936,NaN,NaN,NaN,NaN,193763,83543,-86694,-3151,70659,-74444,-3785,19147,-12211,6936
2022-04-27T22:00:00Z,4.4645,4.4935,4.3865,4.443,9902.5,9902.5,9868.5,9868.5,789.7,792.9,781.25,787.2,83543,-86694,-3151,70659,-74444,-3785,19147,-12211,6936,NaN,NaN,NaN,NaN,193763,83543,-86694,-3151,70659,-74444,-3785,19147,-12211,6936
2022-04-28T22:00:00Z,4.444,4.512,4.3715,4.386,9868.5,9868.5,9804,9804,785.45,795.5,781.55,782.85,83543,-86694,-3151,70659,-74444,-3785,19147,-12211,6936,NaN,NaN,NaN,NaN,193763,83543,-86694,-3151,70659,-74444,-3785,19147,-12211,6936
2022-05-01T22:00:00Z,4.393,4.404,4.204,4.2825,NaN,NaN,NaN,NaN,775.1,775.1,753,761.4,83543,-86694,-3151,70659,-74444,-3785,19147,-12211,6936,NaN,NaN,NaN,NaN,193763,83543,-86694,-3151,70659,-74444,-3785,19147,-12211,6936
2022-05-02T22:00:00Z,4.2855,4.36,4.2635,4.301,9804,9804,9804,9804,770,775,759.55,763.65,86458,-76378,10080,65590,-81213,-15623,18009,-12466,5543,NaN,NaN,NaN,NaN,185255,86458,-76378,10080,65590,-81213,-15623,18009,-12466,5543
2022-05-03T22:00:00Z,4.299,4.3835,4.251,4.364,9536,9536,9536,9536,766,767.85,754.7,765.45,86458,-76378,10080,65590,-81213,-15623,18009,-12466,5543,NaN,NaN,NaN,NaN,185255,86458,-76378,10080,65590,-81213,-15623,18009,-12466,5543
2022-05-04T22:00:00Z,4.367,4.44,4.2765,4.291,9497,9497,9497,9497,780,780,758.25,762.15,86458,-76378,10080,65590,-81213,-15623,18009,-12466,5543,NaN,NaN,NaN,NaN,185255,86458,-76378,10080,65590,-81213,-15623,18009,-12466,5543
2022-05-05T22:00:00Z,4.2905,4.319,4.231,4.2485,9608,9608,9608,9608,761.5,768.3,758.75,761.5,86458,-76378,10080,65590,-81213,-15623,18009,-12466,5543,NaN,NaN,NaN,NaN,185255,86458,-76378,10080,65590,-81213,-15623,18009,-12466,5543
2022-05-08T22:00:00Z,4.238,4.245,4.124,4.1995,NaN,NaN,NaN,NaN,760.45,761.45,744.1,755.65,86458,-76378,10080,65590,-81213,-15623,18009,-12466,5543,NaN,NaN,NaN,NaN,185255,86458,-76378,10080,65590,-81213,-15623,18009,-12466,5543
2022-05-09T22:00:00Z,4.196,4.258,4.1285,4.1605,9496,9496,9496,9496,756.8,763.6,746.3,753.35,93318,-74069,19249,57510,-80136,-22626,17183,-13806,3377,NaN,NaN,NaN,NaN,184502,93318,-74069,19249,57510,-80136,-22626,17183,-13806,3377
2022-05-10T22:00:00Z,4.155,4.25,4.1485,4.216,9308,9308,9308,9308,756.7,762.45,752.2,755.95,93318,-74069,19249,57510,-80136,-22626,17183,-13806,3377,NaN,NaN,NaN,NaN,184502,93318,-74069,19249,57510,-80136,-22626,17183,-13806,3377
2022-05-11T22:00:00Z,4.2115,4.223,4.037,4.0885,9370,9372,9263.5,9264.5,756.1,756.1,739.2,744.75,93318,-74069,19249,57510,-80136,-22626,17183,-13806,3377,NaN,NaN,NaN,NaN,184502,93318,-74069,19249,57510,-80136,-22626,17183,-13806,3377
2022-05-12T22:00:00Z,4.086,4.185,4.055,4.1645,9017,9104,9017,9095,748,754.9,738.1,752.95,93318,-74069,19249,57510,-80136,-22626,17183,-13806,3377,NaN,NaN,NaN,NaN,184502,93318,-74069,19249,57510,-80136,-22626,17183,-13806,3377
2022-05-15T22:00:00Z,4.1795,4.22,4.1335,4.2065,9038,9272,9032,9200,750.25,761.5,750.25,760.05,93318,-74069,19249,57510,-80136,-22626,17183,-13806,3377,NaN,NaN,NaN,NaN,184502,93318,-74069,19249,57510,-80136,-22626,17183,-13806,3377
2022-05-16T22:00:00Z,4.203,4.2835,4.203,4.231,9305,9398,9305,9398,762,770.8,761.85,765.6,101533,-78474,23059,53159,-77567,-24408,15747,-14398,1349,NaN,NaN,NaN,NaN,189483,101533,-78474,23059,53159,-77567,-24408,15747,-14398,1349
2022-05-17T22:00:00Z,4.2295,4.248,4.1315,4.153,9403,9403,9403,9403,765.3,766,755.5,756.35,101533,-78474,23059,53159,-77567,-24408,15747,-14398,1349,NaN,NaN,NaN,NaN,189483,101533,-78474,23059,53159,-77567,-24408,15747,-14398,1349
2022-05-18T22:00:00Z,4.155,4.298,4.1445,4.277,9312,9312,9312,9312,760.4,770.5,759.2,769.05,101533,-78474,23059,53159,-77567,-24408,15747,-14398,1349,NaN,NaN,NaN,NaN,189483,101533,-78474,23059,53159,-77567,-24408,15747,-14398,1349
2022-05-19T22:00:00Z,4.2775,4.3275,4.2505,4.3015,9369,9369,9369,9369,767.7,778.7,766.7,771.6,101533,-78474,23059,53159,-77567,-24408,15747,-14398,1349,NaN,NaN,NaN,NaN,189483,101533,-78474,23059,53159,-77567,-24408,15747,-14398,1349
2022-05-22T22:00:00Z,4.2945,4.355,4.272,4.3395,9464.5,9464.5,9464.5,9464.5,773.5,783.5,770.05,782.2,101533,-78474,23059,53159,-77567,-24408,15747,-14398,1349,NaN,NaN,NaN,NaN,189483,101533,-78474,23059,53159,-77567,-24408,15747,-14398,1349
2022-05-23T22:00:00Z,4.341,4.3415,4.2565,4.3125,9479.5,9479.5,9479.5,9479.5,782.3,782.6,772,781.25,99318,-80030,19288,54130,-73763,-19633,14993,-14648,345,NaN,NaN,NaN,NaN,186433,99318,-80030,19288,54130,-73763,-19633,14993,-14648,345
2022-05-24T22:00:00Z,4.314,4.3225,4.223,4.27,9489.5,9489.5,9489.5,9489.5,778.1,778.1,767.2,771.85,99318,-80030,19288,54130,-73763,-19633,14993,-14648,345,NaN,NaN,NaN,NaN,186433,99318,-80030,19288,54130,-73763,-19633,14993,-14648,345
2022-05-25T22:00:00Z,4.2685,4.28,4.2035,4.273,9351,9351,9351,9351,771.7,772.5,763.9,772.05,99318,-80030,19288,54130,-73763,-19633,14993,-14648,345,NaN,NaN,NaN,NaN,186433,99318,-80030,19288,54130,-73763,-19633,14993,-14648,345
2022-05-26T22:00:00Z,4.273,4.327,4.255,4.3225,9329.5,9329.5,9329.5,9329.5,772.5,778,771.5,776.9,99318,-80030,19288,54130,-73763,-19633,14993,-14648,345,NaN,NaN,NaN,NaN,186433,99318,-80030,19288,54130,-73763,-19633,14993,-14648,345
2022-05-29T22:00:00Z,4.32,4.3665,4.274,4.283,9565,9570,9565,9570,781.55,786,774,774.6,99692,-84267,15425,53404,-71429,-18025,17184,-14584,2600,NaN,NaN,NaN,NaN,189923,99692,-84267,15425,53404,-71429,-18025,17184,-14584,2600
2022-05-31T22:00:00Z,4.2855,4.35,4.259,4.326,9571,9571,9571,9571,774.3,780.65,770.05,779.65,99692,-84267,15425,53404,-71429,-18025,17184,-14584,2600,NaN,NaN,NaN,NaN,189923,99692,-84267,15425,53404,-71429,-18025,17184,-14584,2600
2022-06-01T22:00:00Z,4.328,4.569,4.3075,4.558,9435.5,9435.5,9435.5,9435.5,778.8,809.4,777.1,807.4,99692,-84267,15425,53404,-71429,-18025,17184,-14584,2600,NaN,NaN,NaN,NaN,189923,99692,-84267,15425,53404,-71429,-18025,17184,-14584,2600
2022-06-02T22:00:00Z,4.555,4.577,4.458,4.48,NaN,NaN,NaN,NaN,807.7,814.6,798.25,800,99692,-84267,15425,53404,-71429,-18025,17184,-14584,2600,NaN,NaN,NaN,NaN,189923,99692,-84267,15425,53404,-71429,-18025,17184,-14584,2600
2022-06-05T22:00:00Z,4.467,4.472,4.406,4.4295,9687.5,9687.5,9687.5,9687.5,797.4,799,792,798.55,99692,-84267,15425,53404,-71429,-18025,17184,-14584,2600,NaN,NaN,NaN,NaN,189923,99692,-84267,15425,53404,-71429,-18025,17184,-14584,2600
2022-06-06T22:00:00Z,4.4325,4.4615,4.3705,4.449,9747.5,9747.5,9747.5,9747.5,793.7,796.65,788.85,795.35,100449,-99570,879,58232,-61946,-3714,16646,-13811,2835,NaN,NaN,NaN,NaN,194187,100449,-99570,879,58232,-61946,-3714,16646,-13811,2835
2022-06-07T22:00:00Z,4.4435,4.4575,4.3965,4.445,9661.5,9661.5,9661.5,9661.5,794.3,798.8,791.05,796.95,100449,-99570,879,58232,-61946,-3714,16646,-13811,2835,NaN,NaN,NaN,NaN,194187,100449,-99570,879,58232,-61946,-3714,16646,-13811,2835
2022-06-08T22:00:00Z,4.445,4.4515,4.3555,4.3685,9672,9755,9672,9713,793.5,795.3,785.25,787.4,100449,-99570,879,58232,-61946,-3714,16646,-13811,2835,NaN,NaN,NaN,NaN,194187,100449,-99570,879,58232,-61946,-3714,16646,-13811,2835
2022-06-09T22:00:00Z,4.368,4.383,4.2745,4.2785,9625.5,9634,9568,9573.5,786,786.6,775.5,776.5,100449,-99570,879,58232,-61946,-3714,16646,-13811,2835,NaN,NaN,NaN,NaN,194187,100449,-99570,879,58232,-61946,-3714,16646,-13811,2835
2022-06-12T22:00:00Z,4.2775,4.278,4.17,4.2,9461,9462.5,9392.5,9396,774.7,774.7,758.5,763.5,100449,-99570,879,58232,-61946,-3714,16646,-13811,2835,NaN,NaN,NaN,NaN,194187,100449,-99570,879,58232,-61946,-3714,16646,-13811,2835
2022-06-13T22:00:00Z,4.2005,4.251,4.116,4.138,9303,9303,9303,9303,762.5,767,747.5,749.8,103433,-93146,10287,51077,-64874,-13797,16449,-12939,3510,NaN,NaN,NaN,NaN,187247,103433,-93146,10287,51077,-64874,-13797,16449,-12939,3510
2022-06-14T22:00:00Z,4.144,4.204,4.117,4.1615,9317.5,9317.5,9317.5,9317.5,757.4,761.3,754.55,755.5,103433,-93146,10287,51077,-64874,-13797,16449,-12939,3510,NaN,NaN,NaN,NaN,187247,103433,-93146,10287,51077,-64874,-13797,16449,-12939,3510
2022-06-15T22:00:00Z,4.173,4.219,4.041,4.1055,9265,9265,9265,9265,760,762,739.55,750.7,103433,-93146,10287,51077,-64874,-13797,16449,-12939,3510,NaN,NaN,NaN,NaN,187247,103433,-93146,10287,51077,-64874,-13797,16449,-12939,3510
2022-06-16T22:00:00Z,4.1025,4.116,3.99,4.0115,9199.5,9199.5,9199.5,9199.5,748.5,752.5,738,741.15,103433,-93146,10287,51077,-64874,-13797,16449,-12939,3510,NaN,NaN,NaN,NaN,187247,103433,-93146,10287,51077,-64874,-13797,16449,-12939,3510
2022-06-19T22:00:00Z,3.9975,4.083,3.9455,4.0255,8880,8880,8880,8880,742.7,747.8,734.1,742.35,103789,-84861,18928,50230,-71168,-20938,16909,-14899,2010,NaN,NaN,NaN,NaN,187170,103789,-84861,18928,50230,-71168,-20938,16909,-14899,2010
2022-06-21T22:00:00Z,4.024,4.028,3.8805,3.93,9055,9055,9055,9055,740,740,725.65,730.4,103789,-84861,18928,50230,-71168,-20938,16909,-14899,2010,NaN,NaN,NaN,NaN,187170,103789,-84861,18928,50230,-71168,-20938,16909,-14899,2010
2022-06-22T22:00:00Z,3.9325,3.9465,3.723,3.74,8740.5,8740.5,8740.5,8740.5,720,725.2,695,695.95,103789,-84861,18928,50230,-71168,-20938,16909,-14899,2010,NaN,NaN,NaN,NaN,187170,103789,-84861,18928,50230,-71168,-20938,16909,-14899,2010
2022-06-23T22:00:00Z,3.741,3.798,3.64,3.739,8423,8423,8387,8387,703.5,708.25,686.6,696.1,103789,-84861,18928,50230,-71168,-20938,16909,-14899,2010,NaN,NaN,NaN,NaN,187170,103789,-84861,18928,50230,-71168,-20938,16909,-14899,2010
2022-06-26T22:00:00Z,3.7395,3.813,3.736,3.752,8254.5,8254.5,8254.5,8254.5,703.3,704.45,698.15,699.25,103789,-84861,18928,50230,-71168,-20938,16909,-14899,2010,NaN,NaN,NaN,NaN,187170,103789,-84861,18928,50230,-71168,-20938,16909,-14899,2010
2022-06-27T22:00:00Z,3.7535,3.843,3.7325,3.752,8384,8384,8384,8384,698.9,712.6,698.05,704.95,103666,-72469,31197,47782,-78478,-30696,14516,-15017,-501,NaN,NaN,NaN,NaN,182352,103666,-72469,31197,47782,-78478,-30696,14516,-15017,-501
2022-06-28T22:00:00Z,3.758,3.819,3.708,3.772,8493,8493,8493,8493,701.3,709.45,694.05,704.55,103666,-72469,31197,47782,-78478,-30696,14516,-15017,-501,NaN,NaN,NaN,NaN,182352,103666,-72469,31197,47782,-78478,-30696,14516,-15017,-501
2022-06-29T22:00:00Z,3.772,3.795,3.6725,3.678,8352,8352,8352,8352,704,707.25,693.05,694.15,103666,-72469,31197,47782,-78478,-30696,14516,-15017,-501,NaN,NaN,NaN,NaN,182352,103666,-72469,31197,47782,-78478,-30696,14516,-15017,-501
2022-06-30T22:00:00Z,3.678,3.7025,3.5535,3.613,NaN,NaN,NaN,NaN,689.9,691.4,672.15,679.05,103666,-72469,31197,47782,-78478,-30696,14516,-15017,-501,NaN,NaN,NaN,NaN,182352,103666,-72469,31197,47782,-78478,-30696,14516,-15017,-501
2022-07-03T22:00:00Z,3.615,3.6235,3.4,3.4285,7962,7962,7962,7962,675.05,676.95,649.5,651.25,94749,-63409,31340,54073,-85869,-31796,15516,-15060,456,NaN,NaN,NaN,NaN,183331,94749,-63409,31340,54073,-85869,-31796,15516,-15060,456
2022-07-05T22:00:00Z,3.4265,3.4595,3.273,3.4395,7872,7872,7872,7872,646,652.9,630.55,645.15,94749,-63409,31340,54073,-85869,-31796,15516,-15060,456,NaN,NaN,NaN,NaN,183331,94749,-63409,31340,54073,-85869,-31796,15516,-15060,456
2022-07-06T22:00:00Z,3.441,3.58,3.3965,3.5415,7581.5,7581.5,7581.5,7581.5,646,668.4,646,664.85,94749,-63409,31340,54073,-85869,-31796,15516,-15060,456,NaN,NaN,NaN,NaN,183331,94749,-63409,31340,54073,-85869,-31796,15516,-15060,456
2022-07-07T22:00:00Z,3.543,3.5715,3.444,3.52,7650,7650,7650,7650,660.9,665.95,650.7,660.8,94749,-63409,31340,54073,-85869,-31796,15516,-15060,456,NaN,NaN,NaN,NaN,183331,94749,-63409,31340,54073,-85869,-31796,15516,-15060,456
2022-07-10T22:00:00Z,3.505,3.5205,3.3865,3.425,7703.5,7703.5,7703.5,7703.5,659.6,659.6,643.05,648.9,94749,-63409,31340,54073,-85869,-31796,15516,-15060,456,NaN,NaN,NaN,NaN,183331,94749,-63409,31340,54073,-85869,-31796,15516,-15060,456
2022-07-11T22:00:00Z,3.4255,3.457,3.2465,3.259,7695.5,7695.5,7695.5,7695.5,646,647.1,622.5,626.25,87389,-60328,27061,52623,-78918,-26295,13967,-14733,-766,NaN,NaN,NaN,NaN,172037,87389,-60328,27061,52623,-78918,-26295,13967,-14733,-766
2022-07-12T22:00:00Z,3.261,3.343,3.2165,3.317,7449,7449,7449,7449,626.9,633.8,616.15,631.85,87389,-60328,27061,52623,-78918,-26295,13967,-14733,-766,NaN,NaN,NaN,NaN,172037,87389,-60328,27061,52623,-78918,-26295,13967,-14733,-766
2022-07-13T22:00:00Z,3.3105,3.33,3.1745,3.226,7356,7364.5,7179,7352,632.3,632.3,611.6,614.6,87389,-60328,27061,52623,-78918,-26295,13967,-14733,-766,NaN,NaN,NaN,NaN,172037,87389,-60328,27061,52623,-78918,-26295,13967,-14733,-766
2022-07-14T22:00:00Z,3.2285,3.2775,3.1315,3.245,7172,7174,6977,6977,608.4,622.2,601,616.4,87389,-60328,27061,52623,-78918,-26295,13967,-14733,-766,NaN,NaN,NaN,NaN,172037,87389,-60328,27061,52623,-78918,-26295,13967,-14733,-766
2022-07-17T22:00:00Z,3.2465,3.371,3.217,3.3165,7016,7270,7016,7270,617.6,636.5,617.6,630.95,87389,-60328,27061,52623,-78918,-26295,13967,-14733,-766,NaN,NaN,NaN,NaN,172037,87389,-60328,27061,52623,-78918,-26295,13967,-14733,-766
2022-07-18T22:00:00Z,3.3155,3.328,3.253,3.2935,7363.5,7363.5,7363.5,7363.5,623.2,627.1,617.1,624.15,86505,-62760,23745,52000,-75836,-23836,14616,-14525,91,NaN,NaN,NaN,NaN,174592,86505,-62760,23745,52000,-75836,-23836,14616,-14525,91
2022-07-19T22:00:00Z,3.2945,3.3755,3.2915,3.3135,7291,7291,7291,7291,629.9,637.4,626.35,627.6,86505,-62760,23745,52000,-75836,-23836,14616,-14525,91,NaN,NaN,NaN,NaN,174592,86505,-62760,23745,52000,-75836,-23836,14616,-14525,91
2022-07-20T22:00:00Z,3.3135,3.324,3.2505,3.306,7401,7401,7401,7401,622.1,626.1,614.95,622.85,86505,-62760,23745,52000,-75836,-23836,14616,-14525,91,NaN,NaN,NaN,NaN,174592,86505,-62760,23745,52000,-75836,-23836,14616,-14525,91
2022-07-21T22:00:00Z,3.305,3.399,3.2955,3.3225,7248,7248,7248,7248,625.4,635.45,624.2,627,86505,-62760,23745,52000,-75836,-23836,14616,-14525,91,NaN,NaN,NaN,NaN,174592,86505,-62760,23745,52000,-75836,-23836,14616,-14525,91
2022-07-24T22:00:00Z,3.323,3.405,3.3135,3.367,7367.5,7367.5,7367.5,7367.5,631.9,639.5,629.25,633.2,86505,-62760,23745,52000,-75836,-23836,14616,-14525,91,NaN,NaN,NaN,NaN,174592,86505,-62760,23745,52000,-75836,-23836,14616,-14525,91
2022-07-25T22:00:00Z,3.3675,3.4655,3.349,3.3905,7447,7447,7447,7447,639,645,631.75,633.9,87146,-60307,26839,52377,-78939,-26562,14193,-14470,-277,NaN,NaN,NaN,NaN,183958,87146,-60307,26839,52377,-78939,-26562,14193,-14470,-277
2022-07-26T22:00:00Z,3.3925,3.478,3.368,3.472,7653.5,7653.5,7653.5,7653.5,633.5,641.25,631.75,639.35,87146,-60307,26839,52377,-78939,-26562,14193,-14470,-277,NaN,NaN,NaN,NaN,183958,87146,-60307,26839,52377,-78939,-26562,14193,-14470,-277
2022-07-27T22:00:00Z,3.4705,3.5265,3.4515,3.493,7768,7768,7756,7756,641,650,640.55,644.65,87146,-60307,26839,52377,-78939,-26562,14193,-14470,-277,NaN,NaN,NaN,NaN,183958,87146,-60307,26839,52377,-78939,-26562,14193,-14470,-277
2022-07-28T22:00:00Z,3.4935,3.5945,3.4605,3.5945,7775.5,7775.5,7775.5,7775.5,644,658.45,640.6,657.15,87146,-60307,26839,52377,-78939,-26562,14193,-14470,-277,NaN,NaN,NaN,NaN,183958,87146,-60307,26839,52377,-78939,-26562,14193,-14470,-277
2022-07-31T22:00:00Z,3.575,3.597,3.512,3.5305,7839,7839,7839,7839,656,659.7,646.5,647.95,87146,-60307,26839,52377,-78939,-26562,14193,-14470,-277,NaN,NaN,NaN,NaN,183958,87146,-60307,26839,52377,-78939,-26562,14193,-14470,-277
2022-08-01T22:00:00Z,3.535,3.5595,3.4485,3.473,7910.5,7910.5,7910.5,7910.5,641,649.4,636.8,642.15,84447,-56775,27672,50317,-77723,-27406,13430,-13696,-266,NaN,NaN,NaN,NaN,184441,84447,-56775,27672,50317,-77723,-27406,13430,-13696,-266
2022-08-02T22:00:00Z,3.472,3.5305,3.4465,3.4775,7810.5,7810.5,7810.5,7810.5,643.2,649.3,640.05,642.15,84447,-56775,27672,50317,-77723,-27406,13430,-13696,-266,NaN,NaN,NaN,NaN,184441,84447,-56775,27672,50317,-77723,-27406,13430,-13696,-266
2022-08-03T22:00:00Z,3.477,3.5205,3.416,3.474,7785,7785,7785,7785,641.2,650.55,638.3,646.55,84447,-56775,27672,50317,-77723,-27406,13430,-13696,-266,NaN,NaN,NaN,NaN,184441,84447,-56775,27672,50317,-77723,-27406,13430,-13696,-266
2022-08-04T22:00:00Z,3.4735,3.585,3.4735,3.551,7639,7639,7639,7639,651.45,659.7,647.4,655.85,84447,-56775,27672,50317,-77723,-27406,13430,-13696,-266,NaN,NaN,NaN,NaN,184441,84447,-56775,27672,50317,-77723,-27406,13430,-13696,-266
2022-08-07T22:00:00Z,3.548,3.6225,3.5315,3.588,7790,7790,7790,7790,655.45,665.75,653.45,662.65,84447,-56775,27672,50317,-77723,-27406,13430,-13696,-266,NaN,NaN,NaN,NaN,184441,84447,-56775,27672,50317,-77723,-27406,13430,-13696,-266
2022-08-08T22:00:00Z,3.587,3.6305,3.561,3.588,7865.5,7865.5,7865.5,7865.5,664.5,668.75,662.7,663.65,85085,-57385,27700,49477,-77954,-28477,14822,-14045,777,NaN,NaN,NaN,NaN,187988,85085,-57385,27700,49477,-77954,-28477,14822,-14045,777
2022-08-09T22:00:00Z,3.5855,3.6575,3.5495,3.6365,7990.5,7990.5,7990.5,7990.5,661.8,671.5,657.8,669.65,85085,-57385,27700,49477,-77954,-28477,14822,-14045,777,NaN,NaN,NaN,NaN,187988,85085,-57385,27700,49477,-77954,-28477,14822,-14045,777
2022-08-10T22:00:00Z,3.6355,3.7085,3.634,3.6935,7968.5,7968.5,7968.5,7968.5,671,681.65,671,681.1,85085,-57385,27700,49477,-77954,-28477,14822,-14045,777,NaN,NaN,NaN,NaN,187988,85085,-57385,27700,49477,-77954,-28477,14822,-14045,777
2022-08-11T22:00:00Z,3.6915,3.713,3.6425,3.6795,8136.5,8136.5,8136.5,8136.5,679.9,684.3,672.6,676.05,85085,-57385,27700,49477,-77954,-28477,14822,-14045,777,NaN,NaN,NaN,NaN,187988,85085,-57385,27700,49477,-77954,-28477,14822,-14045,777
2022-08-14T22:00:00Z,3.676,3.6785,3.546,3.604,8179,8179,8179,8179,NaN,NaN,NaN,NaN,85085,-57385,27700,49477,-77954,-28477,14822,-14045,777,NaN,NaN,NaN,NaN,187988,85085,-57385,27700,49477,-77954,-28477,14822,-14045,777
2022-08-15T22:00:00Z,3.605,3.6435,3.5825,3.625,7967,7967,7967,7967,669.9,669.95,661.4,666.7,85187,-56255,28932,46797,-75017,-28220,14097,-14809,-712,NaN,NaN,NaN,NaN,183500,85187,-56255,28932,46797,-75017,-28220,14097,-14809,-712
2022-08-16T22:00:00Z,3.6245,3.6515,3.566,3.588,7990.5,7990.5,7990.5,7990.5,665.2,670.7,658.5,661.2,85187,-56255,28932,46797,-75017,-28220,14097,-14809,-712,NaN,NaN,NaN,NaN,183500,85187,-56255,28932,46797,-75017,-28220,14097,-14809,-712
2022-08-17T22:00:00Z,3.5895,3.6665,3.542,3.6495,7949.5,7949.5,7949.5,7949.5,660.9,672.45,657,670.75,85187,-56255,28932,46797,-75017,-28220,14097,-14809,-712,NaN,NaN,NaN,NaN,183500,85187,-56255,28932,46797,-75017,-28220,14097,-14809,-712
2022-08-18T22:00:00Z,3.648,3.6795,3.608,3.67,7930,7930,7930,7930,670.4,675.85,665.65,673.8,85187,-56255,28932,46797,-75017,-28220,14097,-14809,-712,NaN,NaN,NaN,NaN,183500,85187,-56255,28932,46797,-75017,-28220,14097,-14809,-712
2022-08-21T22:00:00Z,3.668,3.688,3.604,3.654,8029.5,8029.5,8029.5,8029.5,676.3,676.4,665.05,670.7,85187,-56255,28932,46797,-75017,-28220,14097,-14809,-712,NaN,NaN,NaN,NaN,183500,85187,-56255,28932,46797,-75017,-28220,14097,-14809,-712
2022-08-22T22:00:00Z,3.652,3.7315,3.6255,3.6845,8045,8045,8045,8045,671.25,675.5,667.5,672.5,81258,-60027,21231,50210,-69200,-18990,13172,-15413,-2241,NaN,NaN,NaN,NaN,173145,81258,-60027,21231,50210,-69200,-18990,13172,-15413,-2241
2022-08-23T22:00:00Z,3.685,3.698,3.623,3.639,8138.5,8138.5,8138.5,8138.5,675.55,677.4,670.3,672.6,81258,-60027,21231,50210,-69200,-18990,13172,-15413,-2241,NaN,NaN,NaN,NaN,173145,81258,-60027,21231,50210,-69200,-18990,13172,-15413,-2241
2022-08-24T22:00:00Z,3.6425,3.709,3.632,3.7005,8126.5,8126.5,8126.5,8126.5,673,680,672.9,679.2,81258,-60027,21231,50210,-69200,-18990,13172,-15413,-2241,NaN,NaN,NaN,NaN,173145,81258,-60027,21231,50210,-69200,-18990,13172,-15413,-2241
2022-08-25T22:00:00Z,3.6965,3.783,3.681,3.694,8155.5,8155.5,8155.5,8155.5,681.75,685.95,676.5,677.4,81258,-60027,21231,50210,-69200,-18990,13172,-15413,-2241,NaN,NaN,NaN,NaN,173145,81258,-60027,21231,50210,-69200,-18990,13172,-15413,-2241
2022-08-28T22:00:00Z,3.6935,3.701,3.5625,3.6025,8206,8206,8206,8206,676,676,663,668.4,81258,-60027,21231,50210,-69200,-18990,13172,-15413,-2241,NaN,NaN,NaN,NaN,173145,81258,-60027,21231,50210,-69200,-18990,13172,-15413,-2241
2022-08-29T22:00:00Z,3.6,3.6355,3.535,3.5575,8193.5,8193.5,8193.5,8193.5,664.65,665,654.4,655.95,82023,-57038,24985,46105,-69360,-23255,13256,-14986,-1730,NaN,NaN,NaN,NaN,158390,82023,-57038,24985,46105,-69360,-23255,13256,-14986,-1730
2022-08-30T22:00:00Z,3.557,3.599,3.4445,3.5115,7983,7983,7983,7983,654.25,655.7,640.5,649.45,82023,-57038,24985,46105,-69360,-23255,13256,-14986,-1730,NaN,NaN,NaN,NaN,158390,82023,-57038,24985,46105,-69360,-23255,13256,-14986,-1730
2022-08-31T22:00:00Z,3.5155,3.5165,3.4035,3.408,7929,7929,7929,7929,648.05,648.05,632.7,633.85,82023,-57038,24985,46105,-69360,-23255,13256,-14986,-1730,NaN,NaN,NaN,NaN,158390,82023,-57038,24985,46105,-69360,-23255,13256,-14986,-1730
2022-09-01T22:00:00Z,3.411,3.455,3.3815,3.401,7707.5,7707.5,7707.5,7707.5,634,639.6,630.15,633.65,82023,-57038,24985,46105,-69360,-23255,13256,-14986,-1730,NaN,NaN,NaN,NaN,158390,82023,-57038,24985,46105,-69360,-23255,13256,-14986,-1730
2022-09-04T22:00:00Z,3.3995,3.5,3.361,3.4595,7689,7689,7689,7689,641.9,649.05,638.5,641.05,82038,-55218,26820,46581,-70571,-23990,12521,-15351,-2830,NaN,NaN,NaN,NaN,160251,82038,-55218,26820,46581,-70571,-23990,12521,-15351,-2830
2022-09-06T22:00:00Z,3.46,3.467,3.403,3.442,7778,7778,7778,7778,635.55,643,633.5,637.45,82038,-55218,26820,46581,-70571,-23990,12521,-15351,-2830,NaN,NaN,NaN,NaN,160251,82038,-55218,26820,46581,-70571,-23990,12521,-15351,-2830
2022-09-07T22:00:00Z,3.446,3.557,3.442,3.5545,7724.5,7724.5,7724.5,7724.5,640.7,654,640.55,653.3,82038,-55218,26820,46581,-70571,-23990,12521,-15351,-2830,NaN,NaN,NaN,NaN,160251,82038,-55218,26820,46581,-70571,-23990,12521,-15351,-2830
2022-09-08T22:00:00Z,3.552,3.6285,3.5365,3.555,7753.5,7753.5,7753.5,7753.5,657,664.8,652.75,655.1,82038,-55218,26820,46581,-70571,-23990,12521,-15351,-2830,NaN,NaN,NaN,NaN,160251,82038,-55218,26820,46581,-70571,-23990,12521,-15351,-2830
2022-09-11T22:00:00Z,3.556,3.6225,3.532,3.616,NaN,NaN,NaN,NaN,653,664,651.2,662.75,82038,-55218,26820,46581,-70571,-23990,12521,-15351,-2830,NaN,NaN,NaN,NaN,160251,82038,-55218,26820,46581,-70571,-23990,12521,-15351,-2830
2022-09-12T22:00:00Z,3.619,3.6925,3.522,3.5305,8079.5,8079.5,8079.5,8079.5,663.5,671.9,652,652.9,78682,-58170,20512,44574,-63560,-18986,13738,-15264,-1526,NaN,NaN,NaN,NaN,157900,78682,-58170,20512,44574,-63560,-18986,13738,-15264,-1526
2022-09-13T22:00:00Z,3.5315,3.5575,3.5015,3.516,8091.5,8091.5,8091.5,8091.5,651,654.5,646.25,648.65,78682,-58170,20512,44574,-63560,-18986,13738,-15264,-1526,NaN,NaN,NaN,NaN,157900,78682,-58170,20512,44574,-63560,-18986,13738,-15264,-1526
2022-09-14T22:00:00Z,3.5175,3.5525,3.4665,3.473,7827,7841,7826,7841,652.7,653.7,643.1,645.6,78682,-58170,20512,44574,-63560,-18986,13738,-15264,-1526,NaN,NaN,NaN,NaN,157900,78682,-58170,20512,44574,-63560,-18986,13738,-15264,-1526
2022-09-15T22:00:00Z,3.478,3.544,3.4285,3.5415,7777.5,7798,7766,7798,645.9,652,635.45,651.3,78682,-58170,20512,44574,-63560,-18986,13738,-15264,-1526,NaN,NaN,NaN,NaN,157900,78682,-58170,20512,44574,-63560,-18986,13738,-15264,-1526
2022-09-18T22:00:00Z,3.5525,3.558,3.4745,3.5255,7847,7888,7847,7888,650,651.05,643.5,648.45,78682,-58170,20512,44574,-63560,-18986,13738,-15264,-1526,NaN,NaN,NaN,NaN,157900,78682,-58170,20512,44574,-63560,-18986,13738,-15264,-1526
2022-09-19T22:00:00Z,3.527,3.5475,3.483,3.498,7784,7786,7754,7758,650,654.7,645.85,646.4,82693,-59478,23215,46773,-67059,-20286,13179,-16108,-2929,NaN,NaN,NaN,NaN,163058,82693,-59478,23215,46773,-67059,-20286,13179,-16108,-2929
2022-09-20T22:00:00Z,3.4995,3.516,3.4025,3.439,7881.5,7881.5,7881.5,7881.5,647,650.75,643,644.2,82693,-59478,23215,46773,-67059,-20286,13179,-16108,-2929,NaN,NaN,NaN,NaN,163058,82693,-59478,23215,46773,-67059,-20286,13179,-16108,-2929
2022-09-21T22:00:00Z,3.44,3.522,3.4205,3.463,7834.5,7834.5,7834.5,7834.5,645.85,655.4,645.4,652.35,82693,-59478,23215,46773,-67059,-20286,13179,-16108,-2929,NaN,NaN,NaN,NaN,163058,82693,-59478,23215,46773,-67059,-20286,13179,-16108,-2929
2022-09-22T22:00:00Z,3.464,3.4725,3.327,3.3485,7807.5,7807.5,7807.5,7807.5,651,651.4,628,629.95,82693,-59478,23215,46773,-67059,-20286,13179,-16108,-2929,NaN,NaN,NaN,NaN,163058,82693,-59478,23215,46773,-67059,-20286,13179,-16108,-2929
2022-09-25T22:00:00Z,3.3505,3.3645,3.274,3.294,7593,7593,7593,7593,632.8,639.7,626.3,628.1,82693,-59478,23215,46773,-67059,-20286,13179,-16108,-2929,NaN,NaN,NaN,NaN,163058,82693,-59478,23215,46773,-67059,-20286,13179,-16108,-2929
2022-09-26T22:00:00Z,3.2955,3.353,3.268,3.2935,7515,7515,7515,7515,629,636.5,625.65,626.65,87188,-58304,28884,50726,-78482,-27756,14608,-15736,-1128,NaN,NaN,NaN,NaN,173661,87188,-58304,28884,50726,-78482,-27756,14608,-15736,-1128
2022-09-27T22:00:00Z,3.294,3.392,3.243,3.3805,7445.5,7445.5,7445.5,7445.5,625,642.95,622.05,641.5,87188,-58304,28884,50726,-78482,-27756,14608,-15736,-1128,NaN,NaN,NaN,NaN,173661,87188,-58304,28884,50726,-78482,-27756,14608,-15736,-1128
2022-09-28T22:00:00Z,3.381,3.4335,3.3055,3.427,7355.5,7355.5,7355.5,7355.5,640.1,651.8,633.55,647.75,87188,-58304,28884,50726,-78482,-27756,14608,-15736,-1128,NaN,NaN,NaN,NaN,173661,87188,-58304,28884,50726,-78482,-27756,14608,-15736,-1128
2022-09-29T22:00:00Z,3.427,3.4745,3.3885,3.3885,7443,7443,7443,7443,647.4,656.1,643.7,644.95,87188,-58304,28884,50726,-78482,-27756,14608,-15736,-1128,NaN,NaN,NaN,NaN,173661,87188,-58304,28884,50726,-78482,-27756,14608,-15736,-1128
2022-10-02T22:00:00Z,3.3965,3.424,3.352,3.4165,7763,7763,7763,7763,644,649.45,640.7,647.85,87188,-58304,28884,50726,-78482,-27756,14608,-15736,-1128,NaN,NaN,NaN,NaN,173661,87188,-58304,28884,50726,-78482,-27756,14608,-15736,-1128
2022-10-03T22:00:00Z,3.4165,3.5315,3.402,3.495,NaN,NaN,NaN,NaN,647.85,664.5,646.25,659.55,78817,-60794,18023,50470,-68721,-18251,14537,-14309,228,NaN,NaN,NaN,NaN,166161,78817,-60794,18023,50470,-68721,-18251,14537,-14309,228
2022-10-04T22:00:00Z,3.494,3.5555,3.4465,3.5435,7594.5,7594.5,7594.5,7594.5,655,663.25,653.4,662.25,78817,-60794,18023,50470,-68721,-18251,14537,-14309,228,NaN,NaN,NaN,NaN,166161,78817,-60794,18023,50470,-68721,-18251,14537,-14309,228
2022-10-05T22:00:00Z,3.5415,3.593,3.431,3.4375,7718,7718,7718,7718,672,674.7,655.1,656.25,78817,-60794,18023,50470,-68721,-18251,14537,-14309,228,NaN,NaN,NaN,NaN,166161,78817,-60794,18023,50470,-68721,-18251,14537,-14309,228
2022-10-06T22:00:00Z,3.4395,3.448,3.373,3.383,7886,7886,7886,7886,653.4,657.7,648.35,651.2,78817,-60794,18023,50470,-68721,-18251,14537,-14309,228,NaN,NaN,NaN,NaN,166161,78817,-60794,18023,50470,-68721,-18251,14537,-14309,228
2022-10-09T22:00:00Z,3.384,3.477,3.371,3.4375,7611,7611,7611,7611,653.7,660.2,648.6,657,78817,-60794,18023,50470,-68721,-18251,14537,-14309,228,NaN,NaN,NaN,NaN,166161,78817,-60794,18023,50470,-68721,-18251,14537,-14309,228
2022-10-10T22:00:00Z,3.4365,3.4745,3.3835,3.4205,7575.5,7575.5,7575.5,7575.5,655.1,659.35,647.65,656.1,79079,-62176,16903,51021,-66920,-15899,13853,-14857,-1004,NaN,NaN,NaN,NaN,167449,79079,-62176,16903,51021,-66920,-15899,13853,-14857,-1004
2022-10-11T22:00:00Z,3.4245,3.465,3.398,3.4285,7568.5,7568.5,7568.5,7568.5,652.3,659,649,652.2,79079,-62176,16903,51021,-66920,-15899,13853,-14857,-1004,NaN,NaN,NaN,NaN,167449,79079,-62176,16903,51021,-66920,-15899,13853,-14857,-1004
2022-10-12T22:00:00Z,3.4285,3.477,3.354,3.461,7605.5,7607,7605.5,7607,651.4,659.45,644,658.3,79079,-62176,16903,51021,-66920,-15899,13853,-14857,-1004,NaN,NaN,NaN,NaN,167449,79079,-62176,16903,51021,-66920,-15899,13853,-14857,-1004
2022-10-13T22:00:00Z,3.4635,3.501,3.4005,3.4055,7736.5,7736.5,7736.5,7736.5,658.6,664,649.1,650,79079,-62176,16903,51021,-66920,-15899,13853,-14857,-1004,NaN,NaN,NaN,NaN,167449,79079,-62176,16903,51021,-66920,-15899,13853,-14857,-1004
2022-10-16T22:00:00Z,3.4125,3.4675,3.3905,3.408,7657.5,7657.5,7657.5,7657.5,651.1,656.8,646.7,648.35,79079,-62176,16903,51021,-66920,-15899,13853,-14857,-1004,NaN,NaN,NaN,NaN,167449,79079,-62176,16903,51021,-66920,-15899,13853,-14857,-1004
2022-10-17T22:00:00Z,3.413,3.4355,3.339,3.363,7707,7707,7702,7702,648.5,651.35,636.85,640.45,82890,-63194,19696,49335,-69637,-20302,15118,-14512,606,NaN,NaN,NaN,NaN,178730,82890,-63194,19696,49335,-69637,-20302,15118,-14512,606
2022-10-18T22:00:00Z,3.366,3.3755,3.307,3.3245,7585.5,7585.5,7585.5,7585.5,640.6,644.25,633.7,638.4,82890,-63194,19696,49335,-69637,-20302,15118,-14512,606,NaN,NaN,NaN,NaN,178730,82890,-63194,19696,49335,-69637,-20302,15118,-14512,606
2022-10-19T22:00:00Z,3.3255,3.437,3.303,3.3985,7466.5,7466.5,7466.5,7466.5,636.5,651.2,635.25,646.85,82890,-63194,19696,49335,-69637,-20302,15118,-14512,606,NaN,NaN,NaN,NaN,178730,82890,-63194,19696,49335,-69637,-20302,15118,-14512,606
2022-10-20T22:00:00Z,3.398,3.4825,3.3455,3.479,7491.5,7491.5,7491.5,7491.5,647.45,653.9,639.2,652.65,82890,-63194,19696,49335,-69637,-20302,15118,-14512,606,NaN,NaN,NaN,NaN,178730,82890,-63194,19696,49335,-69637,-20302,15118,-14512,606
2022-10-23T22:00:00Z,3.485,3.5045,3.4225,3.4345,7555.5,7555.5,7555.5,7555.5,650,651.3,648.4,649.95,82890,-63194,19696,49335,-69637,-20302,15118,-14512,606,NaN,NaN,NaN,NaN,178730,82890,-63194,19696,49335,-69637,-20302,15118,-14512,606
2022-10-24T22:00:00Z,3.4315,3.441,3.3625,3.4025,7665.5,7665.5,7665.5,7665.5,653.8,655.35,646.25,650.4,79742,-63835,15907,50000,-66919,-16919,15339,-14327,1012,NaN,NaN,NaN,NaN,179344,79742,-63835,15907,50000,-66919,-16919,15339,-14327,1012
2022-10-25T22:00:00Z,3.4055,3.5545,3.3825,3.54,7602.5,7602.5,7602.5,7602.5,654.95,664.6,654.95,663.3,79742,-63835,15907,50000,-66919,-16919,15339,-14327,1012,NaN,NaN,NaN,NaN,179344,79742,-63835,15907,50000,-66919,-16919,15339,-14327,1012
2022-10-26T22:00:00Z,3.539,3.5565,3.491,3.528,7712,7712,7712,7712,662,666.35,660.6,664.15,79742,-63835,15907,50000,-66919,-16919,15339,-14327,1012,NaN,NaN,NaN,NaN,179344,79742,-63835,15907,50000,-66919,-16919,15339,-14327,1012
2022-10-27T22:00:00Z,3.5265,3.53,3.416,3.432,7836.5,7836.5,7836.5,7836.5,659.9,660.3,650.35,652.05,79742,-63835,15907,50000,-66919,-16919,15339,-14327,1012,NaN,NaN,NaN,NaN,179344,79742,-63835,15907,50000,-66919,-16919,15339,-14327,1012
2022-10-30T22:00:00Z,3.43,3.4435,3.3615,3.379,7677.5,7677.5,7677.5,7677.5,650.1,650.5,644.1,647.05,79742,-63835,15907,50000,-66919,-16919,15339,-14327,1012,NaN,NaN,NaN,NaN,179344,79742,-63835,15907,50000,-66919,-16919,15339,-14327,1012
2022-10-31T22:00:00Z,3.38,3.5015,3.378,3.4675,7546,7546,7546,7546,649.95,660.9,649.95,657.75,76394,-68396,7998,50738,-58222,-7484,14103,-14617,-514,NaN,NaN,NaN,NaN,179801,76394,-68396,7998,50738,-58222,-7484,14103,-14617,-514
2022-11-01T22:00:00Z,3.4715,3.516,3.433,3.4355,7697.5,7697.5,7697.5,7697.5,660.6,663.75,656.15,657.6,76394,-68396,7998,50738,-58222,-7484,14103,-14617,-514,NaN,NaN,NaN,NaN,179801,76394,-68396,7998,50738,-58222,-7484,14103,-14617,-514
2022-11-02T22:00:00Z,3.4395,3.4645,3.3795,3.4245,7773,7773,7773,7773,656.3,657.65,647.1,653,76394,-68396,7998,50738,-58222,-7484,14103,-14617,-514,NaN,NaN,NaN,NaN,179801,76394,-68396,7998,50738,-58222,-7484,14103,-14617,-514
2022-11-03T22:00:00Z,3.4255,3.7085,3.418,3.701,7585,7585,7585,7585,657.4,686.95,657.4,682.05,76394,-68396,7998,50738,-58222,-7484,14103,-14617,-514,NaN,NaN,NaN,NaN,179801,76394,-68396,7998,50738,-58222,-7484,14103,-14617,-514
2022-11-06T23:00:00Z,3.645,3.6605,3.578,3.6005,7783.5,7783.5,7783.5,7783.5,675.7,680.85,670.1,672.75,76394,-68396,7998,50738,-58222,-7484,14103,-14617,-514,NaN,NaN,NaN,NaN,179801,76394,-68396,7998,50738,-58222,-7484,14103,-14617,-514
2022-11-07T23:00:00Z,3.6005,3.6995,3.5625,3.6635,8044.5,8044.5,8044.5,8044.5,671.9,679,670.55,677.15,63309,-66735,-3426,55028,-52115,2913,16492,-15979,513,NaN,NaN,NaN,NaN,169929,63309,-66735,-3426,55028,-52115,2913,16492,-15979,513
2022-11-08T23:00:00Z,3.6615,3.748,3.627,3.675,7969.5,7969.5,7969.5,7969.5,674.55,687.45,672,679.45,63309,-66735,-3426,55028,-52115,2913,16492,-15979,513,NaN,NaN,NaN,NaN,169929,63309,-66735,-3426,55028,-52115,2913,16492,-15979,513
2022-11-09T23:00:00Z,3.678,3.7925,3.6285,3.776,8021.5,8021.5,8015,8015,678.6,691.6,673.8,686.35,63309,-66735,-3426,55028,-52115,2913,16492,-15979,513,NaN,NaN,NaN,NaN,169929,63309,-66735,-3426,55028,-52115,2913,16492,-15979,513
2022-11-10T23:00:00Z,3.778,3.9445,3.7615,3.936,8095.5,8095.5,8095.5,8095.5,692.95,704.1,692.95,702.25,63309,-66735,-3426,55028,-52115,2913,16492,-15979,513,NaN,NaN,NaN,NaN,169929,63309,-66735,-3426,55028,-52115,2913,16492,-15979,513
2022-11-13T23:00:00Z,3.9325,3.96,3.8165,3.84,8480.5,8480.5,8480.5,8480.5,700.7,707.3,695.6,696.5,63309,-66735,-3426,55028,-52115,2913,16492,-15979,513,NaN,NaN,NaN,NaN,169929,63309,-66735,-3426,55028,-52115,2913,16492,-15979,513
2022-11-14T23:00:00Z,3.838,3.889,3.7915,3.8195,8518.5,8518.5,8518.5,8518.5,698,701.95,691.5,693.65,61693,-75276,-13583,60730,-50909,9821,17332,-13570,3762,NaN,NaN,NaN,NaN,168962,61693,-75276,-13583,60730,-50909,9821,17332,-13570,3762
2022-11-15T23:00:00Z,3.819,3.8235,3.749,3.7575,8453.5,8453.5,8453.5,8453.5,692,695.1,688.25,690.15,61693,-75276,-13583,60730,-50909,9821,17332,-13570,3762,NaN,NaN,NaN,NaN,168962,61693,-75276,-13583,60730,-50909,9821,17332,-13570,3762
2022-11-16T23:00:00Z,3.761,3.7725,3.665,3.68,8350,8350,8350,8350,688,689.5,680.1,680.9,61693,-75276,-13583,60730,-50909,9821,17332,-13570,3762,NaN,NaN,NaN,NaN,168962,61693,-75276,-13583,60730,-50909,9821,17332,-13570,3762
2022-11-17T23:00:00Z,3.6895,3.7075,3.6275,3.638,8241.5,8241.5,8241.5,8241.5,682.5,682.5,672.5,673.15,61693,-75276,-13583,60730,-50909,9821,17332,-13570,3762,NaN,NaN,NaN,NaN,168962,61693,-75276,-13583,60730,-50909,9821,17332,-13570,3762
2022-11-20T23:00:00Z,3.6435,3.648,3.5475,3.581,8119,8119,8119,8119,672.35,672.35,658.7,662.9,61693,-75276,-13583,60730,-50909,9821,17332,-13570,3762,NaN,NaN,NaN,NaN,168962,61693,-75276,-13583,60730,-50909,9821,17332,-13570,3762
2022-11-21T23:00:00Z,3.5815,3.669,3.574,3.6215,7996.5,7996.5,7996.5,7996.5,666.5,674.1,662.4,668.7,64127,-70240,-6113,52701,-49597,3104,15619,-12610,3009,NaN,NaN,NaN,NaN,155127,64127,-70240,-6113,52701,-49597,3104,15619,-12610,3009
2022-11-22T23:00:00Z,3.6195,3.6565,3.591,3.6435,7960.5,7960.5,7960.5,7960.5,667.3,674.05,665.3,669.3,64127,-70240,-6113,52701,-49597,3104,15619,-12610,3009,NaN,NaN,NaN,NaN,155127,64127,-70240,-6113,52701,-49597,3104,15619,-12610,3009
2022-11-23T23:00:00Z,3.643,3.6885,3.611,3.6175,8021.5,8021.5,8021.5,8021.5,679,683.4,674.75,675.6,64127,-70240,-6113,52701,-49597,3104,15619,-12610,3009,NaN,NaN,NaN,NaN,155127,64127,-70240,-6113,52701,-49597,3104,15619,-12610,3009
2022-11-27T23:00:00Z,3.585,3.6215,3.541,3.594,8057,8057,8057,8057,669.8,674,663.05,672.95,64127,-70240,-6113,52701,-49597,3104,15619,-12610,3009,NaN,NaN,NaN,NaN,155127,64127,-70240,-6113,52701,-49597,3104,15619,-12610,3009
2022-11-28T23:00:00Z,3.6015,3.6845,3.5955,3.6465,7923.5,7923.5,7923.5,7923.5,677,681.25,675.35,676.55,63196,-66558,-3362,51433,-49449,1984,13549,-12171,1378,NaN,NaN,NaN,NaN,146760,63196,-66558,-3362,51433,-49449,1984,13549,-12171,1378
2022-11-29T23:00:00Z,3.644,3.7925,3.634,3.784,8073.5,8073.5,8073.5,8073.5,676.2,688.4,674.95,684.8,63196,-66558,-3362,51433,-49449,1984,13549,-12171,1378,NaN,NaN,NaN,NaN,146760,63196,-66558,-3362,51433,-49449,1984,13549,-12171,1378
2022-11-30T23:00:00Z,3.782,3.8225,3.735,3.796,8059,8059,8059,8059,689,692.95,684.6,691.55,63196,-66558,-3362,51433,-49449,1984,13549,-12171,1378,NaN,NaN,NaN,NaN,146760,63196,-66558,-3362,51433,-49449,1984,13549,-12171,1378
2022-12-01T23:00:00Z,3.7975,3.865,3.7445,3.855,8270,8270,8270,8270,689,696.95,685.65,695.5,63196,-66558,-3362,51433,-49449,1984,13549,-12171,1378,NaN,NaN,NaN,NaN,146760,63196,-66558,-3362,51433,-49449,1984,13549,-12171,1378
2022-12-04T23:00:00Z,3.853,3.8945,3.773,3.7885,8362.5,8362.5,8362.5,8362.5,704,704,693,693.6,63196,-66558,-3362,51433,-49449,1984,13549,-12171,1378,NaN,NaN,NaN,NaN,146760,63196,-66558,-3362,51433,-49449,1984,13549,-12171,1378
2022-12-05T23:00:00Z,3.7915,3.8635,3.7845,3.822,8489,8489,8489,8489,699.95,704.45,695.5,699.1,66286,-70640,-4354,55496,-53817,1679,15368,-12693,2675,NaN,NaN,NaN,NaN,158762,66286,-70640,-4354,55496,-53817,1679,15368,-12693,2675
2022-12-06T23:00:00Z,3.821,3.874,3.775,3.8445,8354.5,8354.5,8354.5,8354.5,698.65,703.75,694.65,703.15,66286,-70640,-4354,55496,-53817,1679,15368,-12693,2675,NaN,NaN,NaN,NaN,158762,66286,-70640,-4354,55496,-53817,1679,15368,-12693,2675
2022-12-07T23:00:00Z,3.8435,3.9125,3.833,3.8805,8345,8345,8345,8345,701.65,711.85,701.65,707.9,66286,-70640,-4354,55496,-53817,1679,15368,-12693,2675,NaN,NaN,NaN,NaN,158762,66286,-70640,-4354,55496,-53817,1679,15368,-12693,2675
2022-12-08T23:00:00Z,3.8815,3.9245,3.846,3.8565,8479.5,8479.5,8479.5,8479.5,711.65,713.5,704.5,706.4,66286,-70640,-4354,55496,-53817,1679,15368,-12693,2675,NaN,NaN,NaN,NaN,158762,66286,-70640,-4354,55496,-53817,1679,15368,-12693,2675
2022-12-11T23:00:00Z,3.8595,3.8595,3.786,3.8075,8555,8555,8555,8555,702.7,707.35,698.45,700.2,66286,-70640,-4354,55496,-53817,1679,15368,-12693,2675,NaN,NaN,NaN,NaN,158762,66286,-70640,-4354,55496,-53817,1679,15368,-12693,2675
2022-12-12T23:00:00Z,3.808,3.929,3.8035,3.847,8410,8410,8410,8410,702.1,717.6,701.8,706.95,66265,-72824,-6559,58057,-55501,2556,16760,-12757,4003,NaN,NaN,NaN,NaN,162191,66265,-72824,-6559,58057,-55501,2556,16760,-12757,4003
2022-12-13T23:00:00Z,3.8455,3.892,3.823,3.8615,8406.5,8406.5,8406.5,8406.5,708.45,713.75,706.2,712.65,66265,-72824,-6559,58057,-55501,2556,16760,-12757,4003,NaN,NaN,NaN,NaN,162191,66265,-72824,-6559,58057,-55501,2556,16760,-12757,4003
2022-12-14T23:00:00Z,3.8635,3.8675,3.757,3.777,8502,8502,8502,8502,708.05,710.2,701.5,702.25,66265,-72824,-6559,58057,-55501,2556,16760,-12757,4003,NaN,NaN,NaN,NaN,162191,66265,-72824,-6559,58057,-55501,2556,16760,-12757,4003
2022-12-15T23:00:00Z,3.776,3.805,3.733,3.77,8369,8369,8369,8369,705.55,705.55,696.7,702.45,66265,-72824,-6559,58057,-55501,2556,16760,-12757,4003,NaN,NaN,NaN,NaN,162191,66265,-72824,-6559,58057,-55501,2556,16760,-12757,4003
2022-12-18T23:00:00Z,3.7695,3.8245,3.7495,3.762,8286.5,8286.5,8286.5,8286.5,704.3,708.7,702.65,705.45,66265,-72824,-6559,58057,-55501,2556,16760,-12757,4003,NaN,NaN,NaN,NaN,162191,66265,-72824,-6559,58057,-55501,2556,16760,-12757,4003
2022-12-19T23:00:00Z,3.761,3.8305,3.723,3.8075,8353,8353,8353,8353,704.15,716.75,702.95,712.7,66289,-69796,-3507,55940,-55165,775,15159,-12427,2732,NaN,NaN,NaN,NaN,156204,66289,-69796,-3507,55940,-55165,775,15159,-12427,2732
2022-12-20T23:00:00Z,3.807,3.8285,3.789,3.8175,8278,8278,8278,8278,712.7,717.6,711.3,715.25,66289,-69796,-3507,55940,-55165,775,15159,-12427,2732,NaN,NaN,NaN,NaN,156204,66289,-69796,-3507,55940,-55165,775,15159,-12427,2732
2022-12-21T23:00:00Z,3.818,3.849,3.7495,3.7655,8371,8371,8371,8371,718,720.9,711.7,712.3,66289,-69796,-3507,55940,-55165,775,15159,-12427,2732,NaN,NaN,NaN,NaN,156204,66289,-69796,-3507,55940,-55165,775,15159,-12427,2732
2022-12-22T23:00:00Z,3.7645,3.817,3.761,3.813,8384.5,8384.5,8384.5,8384.5,712.65,727.9,712.3,724.9,66289,-69796,-3507,55940,-55165,775,15159,-12427,2732,NaN,NaN,NaN,NaN,156204,66289,-69796,-3507,55940,-55165,775,15159,-12427,2732
2022-12-26T23:00:00Z,3.84,3.9415,3.832,3.851,NaN,NaN,NaN,NaN,723.3,738.2,721.75,727.65,67065,-71766,-4701,58470,-57746,724,16103,-12126,3977,NaN,NaN,NaN,NaN,160334,67065,-71766,-4701,58470,-57746,724,16103,-12126,3977
2022-12-27T23:00:00Z,3.849,3.873,3.821,3.8335,8358.5,8358.5,8358.5,8358.5,729.55,731.15,722.15,724.7,67065,-71766,-4701,58470,-57746,724,16103,-12126,3977,NaN,NaN,NaN,NaN,160334,67065,-71766,-4701,58470,-57746,724,16103,-12126,3977
2022-12-28T23:00:00Z,3.835,3.852,3.8075,3.829,8494.5,8494.5,8494.5,8494.5,725,725.95,719.35,722.75,67065,-71766,-4701,58470,-57746,724,16103,-12126,3977,NaN,NaN,NaN,NaN,160334,67065,-71766,-4701,58470,-57746,724,16103,-12126,3977
2022-12-29T23:00:00Z,3.8285,3.8515,3.7955,3.82,8429.5,8429.5,8429.5,8429.5,722.75,725.1,717.1,718.7,67065,-71766,-4701,58470,-57746,724,16103,-12126,3977,NaN,NaN,NaN,NaN,160334,67065,-71766,-4701,58470,-57746,724,16103,-12126,3977
2023-01-02T23:00:00Z,3.8355,3.8715,3.7585,3.769,8396,8396,8396,8396,726.15,729.4,714.65,715.15,68905,-69068,-163,57191,-61866,-4675,17079,-12241,4838,NaN,NaN,NaN,NaN,164594,68905,-69068,-163,57191,-61866,-4675,17079,-12241,4838
2023-01-03T23:00:00Z,3.771,3.807,3.7085,3.7425,8343,8343,8343,8343,715.25,719.8,705.2,709.8,68905,-69068,-163,57191,-61866,-4675,17079,-12241,4838,NaN,NaN,NaN,NaN,164594,68905,-69068,-163,57191,-61866,-4675,17079,-12241,4838
2023-01-04T23:00:00Z,3.7405,3.842,3.7215,3.827,8375,8375,8375,8375,708.6,723.75,706.45,721.7,68905,-69068,-163,57191,-61866,-4675,17079,-12241,4838,NaN,NaN,NaN,NaN,164594,68905,-69068,-163,57191,-61866,-4675,17079,-12241,4838
2023-01-05T23:00:00Z,3.8255,3.93,3.7985,3.9235,8255.5,8255.5,8255.5,8255.5,724.5,734.4,719,733.8,68905,-69068,-163,57191,-61866,-4675,17079,-12241,4838,NaN,NaN,NaN,NaN,164594,68905,-69068,-163,57191,-61866,-4675,17079,-12241,4838
2023-01-08T23:00:00Z,3.9235,4.0445,3.9235,4.01,8440,8440,8440,8440,741.75,754.45,741.2,751.6,68905,-69068,-163,57191,-61866,-4675,17079,-12241,4838,NaN,NaN,NaN,NaN,164594,68905,-69068,-163,57191,-61866,-4675,17079,-12241,4838
2023-01-09T23:00:00Z,4.012,4.0835,3.9875,4.081,8730,8730,8730,8730,749.9,757.75,746.05,757.1,69787,-86040,-16253,74753,-64526,10227,19691,-13665,6026,NaN,NaN,NaN,NaN,186383,69787,-86040,-16253,74753,-64526,10227,19691,-13665,6026
2023-01-10T23:00:00Z,4.08,4.185,4.0655,4.1765,8784.5,8784.5,8784.5,8784.5,759.65,771.05,757.35,769.55,69787,-86040,-16253,74753,-64526,10227,19691,-13665,6026,NaN,NaN,NaN,NaN,186383,69787,-86040,-16253,74753,-64526,10227,19691,-13665,6026
2023-01-11T23:00:00Z,4.1755,4.2115,4.1295,4.173,8993,8993,8993,8993,766.9,773.5,762.95,769.25,69787,-86040,-16253,74753,-64526,10227,19691,-13665,6026,NaN,NaN,NaN,NaN,186383,69787,-86040,-16253,74753,-64526,10227,19691,-13665,6026
2023-01-12T23:00:00Z,4.173,4.2225,4.1285,4.2175,9069.5,9069.5,9069.5,9069.5,768.55,772.75,762,772,69787,-86040,-16253,74753,-64526,10227,19691,-13665,6026,NaN,NaN,NaN,NaN,186383,69787,-86040,-16253,74753,-64526,10227,19691,-13665,6026
2023-01-15T23:00:00Z,4.2105,4.2445,4.1105,4.233,9180,9180,9180,9180,764.5,772.5,760.75,771.85,69997,-92692,-22695,84910,-68672,16238,19961,-13504,6457,NaN,NaN,NaN,NaN,201455,69997,-92692,-22695,84910,-68672,16238,19961,-13504,6457
2023-01-17T23:00:00Z,4.2335,4.355,4.205,4.228,9097.5,9097.5,9097.5,9097.5,771.15,787.7,770.35,774.6,69997,-92692,-22695,84910,-68672,16238,19961,-13504,6457,NaN,NaN,NaN,NaN,201455,69997,-92692,-22695,84910,-68672,16238,19961,-13504,6457
2023-01-18T23:00:00Z,4.2265,4.2685,4.168,4.248,9286,9286,9286,9286,773.2,778.4,767.3,775.2,69997,-92692,-22695,84910,-68672,16238,19961,-13504,6457,NaN,NaN,NaN,NaN,201455,69997,-92692,-22695,84910,-68672,16238,19961,-13504,6457
2023-01-19T23:00:00Z,4.245,4.2795,4.2065,4.2795,9329,9329,9329,9329,777,778.7,770.4,776.1,69997,-92692,-22695,84910,-68672,16238,19961,-13504,6457,NaN,NaN,NaN,NaN,201455,69997,-92692,-22695,84910,-68672,16238,19961,-13504,6457
2023-01-22T23:00:00Z,4.2795,4.3025,4.226,4.2585,NaN,NaN,NaN,NaN,780.4,788.55,780.2,786.85,69997,-92692,-22695,84910,-68672,16238,19961,-13504,6457,NaN,NaN,NaN,NaN,201455,69997,-92692,-22695,84910,-68672,16238,19961,-13504,6457
2023-01-23T23:00:00Z,4.259,4.2825,4.2155,4.263,NaN,NaN,NaN,NaN,783.95,787.7,781.65,785.95,74715,-101257,-26542,87941,-67771,20170,19913,-13541,6372,NaN,NaN,NaN,NaN,213398,74715,-101257,-26542,87941,-67771,20170,19913,-13541,6372
2023-01-24T23:00:00Z,4.2645,4.2735,4.211,4.2625,NaN,NaN,NaN,NaN,784.7,787.45,781.2,786.05,74715,-101257,-26542,87941,-67771,20170,19913,-13541,6372,NaN,NaN,NaN,NaN,213398,74715,-101257,-26542,87941,-67771,20170,19913,-13541,6372
2023-01-25T23:00:00Z,4.2645,4.29,4.2325,4.283,9307.5,9307.5,9307.5,9307.5,NaN,NaN,NaN,NaN,74715,-101257,-26542,87941,-67771,20170,19913,-13541,6372,NaN,NaN,NaN,NaN,213398,74715,-101257,-26542,87941,-67771,20170,19913,-13541,6372
2023-01-26T23:00:00Z,4.282,4.287,4.172,4.23,9304.5,9304.5,9304.5,9304.5,786.4,790.8,777.75,783.55,74715,-101257,-26542,87941,-67771,20170,19913,-13541,6372,NaN,NaN,NaN,NaN,213398,74715,-101257,-26542,87941,-67771,20170,19913,-13541,6372
2023-01-29T23:00:00Z,4.23,4.249,4.168,4.1845,9304.5,9304.5,8384,8384,782.4,783.7,778.7,782.15,74715,-101257,-26542,87941,-67771,20170,19913,-13541,6372,NaN,NaN,NaN,NaN,213398,74715,-101257,-26542,87941,-67771,20170,19913,-13541,6372
2023-01-30T23:00:00Z,4.1845,4.2315,4.1185,4.2225,9320.5,9320.5,8384,8384,780.1,788.25,773.85,787.6,74715,-101257,-26542,87941,-67771,20170,19913,-13541,6372,NaN,NaN,NaN,NaN,213398,74715,-101257,-26542,87941,-67771,20170,19913,-13541,6372
2023-01-31T23:00:00Z,4.2235,4.225,4.2065,4.2075,9200.5,9200.5,8384,8384,NaN,NaN,NaN,NaN,74715,-101257,-26542,87941,-67771,20170,19913,-13541,6372,NaN,NaN,NaN,NaN,213398,74715,-101257,-26542,87941,-67771,20170,19913,-13541,6372