Date,Open,High,Low,Close,Volume,Dividends,Stock Splits,Capital Gains
2013-05-06 00:00:00-04:00,49.10448211367914,49.334271217598264,49.007262479590025,49.24589157104492,3195500,0.0,0.0,0.0
2013-05-07 00:00:00-04:00,49.38729885585269,49.661277770996094,49.14866977489514,49.661277770996094,4618500,0.0,0.0,0.0
2013-05-08 00:00:00-04:00,49.6347735792379,49.71431662068972,49.45801089029298,49.69664001464844,3396800,0.0,0.0,0.0
2013-05-09 00:00:00-04:00,49.77618274689604,50.00597525253735,49.61709666498063,49.7850227355957,6649300,0.0,0.0,0.0
2013-05-10 00:00:00-04:00,49.82920762204932,50.173892974853516,49.82920762204932,50.173892974853516,2966400,0.0,0.0,0.0
2013-05-13 00:00:00-04:00,50.120865197016855,50.20924822149534,49.92642928609948,50.18273162841797,2257200,0.0,0.0,0.0
2013-05-14 00:00:00-04:00,50.209251961571375,50.7395366620725,50.20041197273121,50.69534683227539,3509400,0.0,0.0,0.0
2013-05-15 00:00:00-04:00,50.63348061420916,51.00467923186414,50.63348061420916,50.96932601928711,4756400,0.0,0.0,0.0
2013-05-16 00:00:00-04:00,50.83675217245407,50.99583824394856,50.2976275269969,50.37717056274414,5974700,0.0,0.0,0.0
2013-05-17 00:00:00-04:00,50.50974021780728,50.898615383824534,50.49206361415184,50.86326217651367,5710700,0.0,0.0,0.0
2013-05-20 00:00:00-04:00,50.748362528780845,50.91628856649104,50.606953080505896,50.7130126953125,4833700,0.0,0.0,0.0
2013-05-21 00:00:00-04:00,50.88094362564181,51.13724934585285,50.70418094372152,50.94281005859375,3839800,0.0,0.0,0.0
2013-05-22 00:00:00-04:00,50.9869992983057,51.340524658069995,50.22692550630755,50.45671463012695,9568600,0.0,0.0,0.0
2013-05-23 00:00:00-04:00,49.89990585296842,50.43903042824967,49.829202814544935,50.350650787353516,5479100,0.0,0.0,0.0
2013-05-24 00:00:00-04:00,50.05900326982247,50.22692934570742,49.74083109600672,50.20041275024414,5170900,0.0,0.0,0.0
2013-05-28 00:00:00-04:00,50.79256399610012,51.031193111093025,50.465551854368506,50.68650436401367,6501000,0.0,0.0,0.0
2013-05-29 00:00:00-04:00,50.44786895178571,50.44786895178571,49.96177082655641,50.16504669189453,4506900,0.0,0.0,0.0
2013-05-30 00:00:00-04:00,50.34180934002636,50.580438409284255,50.120856872728346,50.16504669189453,3712600,0.0,0.0,0.0
2013-05-31 00:00:00-04:00,50.06783255380354,50.47438430165758,49.56406117679588,49.59941101074219,8268800,0.0,0.0,0.0
2013-06-03 00:00:00-04:00,49.731978643544714,49.855711478082924,49.1663409019604,49.82035827636719,7899600,0.0,0.0,0.0
2013-06-04 00:00:00-04:00,49.87339675823989,50.17389228218414,49.290082314285456,49.64360427856445,8061700,0.0,0.0,0.0
2013-06-05 00:00:00-04:00,49.42264670273528,49.56405951966142,48.7244394622316,48.821659088134766,12105700,0.0,0.0,0.0
2013-06-06 00:00:00-04:00,48.857031190516814,49.33428955078125,48.538858950340526,49.33428955078125,7424800,0.0,0.0,0.0
2013-06-07 00:00:00-04:00,49.625920753375816,50.25342489128346,49.51986115176881,50.235748291015625,4755900,0.0,0.0,0.0
2013-06-10 00:00:00-04:00,50.43903175502733,50.43903175502733,50.0059667831905,50.085506439208984,5974400,0.0,0.0,0.0
2013-06-11 00:00:00-04:00,49.546378726662404,50.04131005817164,49.431482508361974,49.59056854248047,5789300,0.0,0.0,0.0
2013-06-12 00:00:00-04:00,49.92642002041255,49.979446453790985,48.97190376199642,49.04261016845703,5304500,0.0,0.0,0.0
2013-06-13 00:00:00-04:00,49.03377693532538,50.04131976588855,48.963073890593876,49.96177673339844,6316600,0.0,0.0,0.0
2013-06-14 00:00:00-04:00,49.89107543667544,50.120864554438185,49.661282947445095,49.80269241333008,6738200,0.0,0.0,0.0
2013-06-17 00:00:00-04:00,50.07667541503906,50.386007572319706,49.785019862669834,50.07667541503906,4676800,0.0,0.0,0.0
2013-06-18 00:00:00-04:00,50.11201347152265,50.668814557724744,50.11201347152265,50.589271545410156,4659800,0.0,0.0,0.0
2013-06-19 00:00:00-04:00,50.6246247649866,50.713007768739374,50.005960596051516,50.01479721069336,8763900,0.0,0.0,0.0
2013-06-20 00:00:00-04:00,49.50217560184656,49.57288199013466,48.56533955729229,48.706748962402344,12942500,0.0,0.0,0.0
2013-06-21 00:00:00-04:00,49.07560360650381,49.13766823831,48.29536155457775,48.80074691772461,11942700,0.176,0.0,0.0
2013-06-24 00:00:00-04:00,48.30422979536663,48.71208408444017,47.843175797265204,48.35742950439453,7004800,0.0,0.0,0.0
2013-06-25 00:00:00-04:00,48.800746055122595,48.96034178616572,48.51702106266119,48.79187774658203,4402000,0.0,0.0,0.0
2013-06-26 00:00:00-04:00,49.18201086361505,49.5189322379519,49.1731425535029,49.40367126464844,6192800,0.0,0.0,0.0
2013-06-27 00:00:00-04:00,49.66078629496921,50.03317746401373,49.65192136863734,49.82925033569336,3948500,0.0,0.0,0.0
2013-06-28 00:00:00-04:00,49.74058141107335,50.29916644262383,49.69625001732743,50.00657653808594,7999100,0.0,0.0,0.0
2013-07-01 00:00:00-04:00,50.3257811091245,50.70703730847367,50.22825336380208,50.35238265991211,9685600,0.0,0.0,0.0
2013-07-02 00:00:00-04:00,50.29030498408612,50.78682203990282,50.237105278562,50.44103240966797,3030900,0.0,0.0,0.0
2013-07-03 00:00:00-04:00,50.17504174586056,50.98188536150847,50.095243876960495,50.67156219482422,2620500,0.0,0.0,0.0
2013-07-05 00:00:00-04:00,51.0971498771867,51.25674561553547,50.67156236901294,51.22127914428711,6366300,0.0,0.0,0.0
2013-07-08 00:00:00-04:00,51.55819930788693,51.788724586125475,51.478401445752716,51.7000617980957,13217300,0.0,0.0,0.0
2013-07-09 00:00:00-04:00,51.98380102731743,52.06359891132432,51.744407375296774,51.90400314331055,6347100,0.0,0.0,0.0
2013-07-10 00:00:00-04:00,51.84193431171224,52.04586146942397,51.62913884412174,51.95719528198242,9805200,0.0,0.0,0.0
2013-07-11 00:00:00-04:00,52.51576384121059,52.74629247349182,52.400499525069975,52.70195770263672,7162000,0.0,0.0,0.0
2013-07-12 00:00:00-04:00,52.64877520281167,52.985696550285866,52.61330872972943,52.950233459472656,4475600,0.0,0.0,0.0
2013-07-15 00:00:00-04:00,53.10982735865376,53.10982735865376,52.79950080338237,52.81723403930664,3608400,0.0,0.0,0.0
2013-07-16 00:00:00-04:00,52.834955033014346,52.89701965323405,52.3384346889886,52.53349685668945,4794400,0.0,0.0,0.0
2013-07-17 00:00:00-04:00,52.65763929310612,52.684237456360584,52.47144538578692,52.56010818481445,5422500,0.0,0.0,0.0
2013-07-18 00:00:00-04:00,52.64876497422174,53.03002103011292,52.64876497422174,52.86155700683594,3148100,0.0,0.0,0.0
2013-07-19 00:00:00-04:00,52.834967275230916,52.98569470718385,52.67537153418139,52.81723403930664,5574800,0.0,0.0,0.0
2013-07-22 00:00:00-04:00,52.86156667121453,52.94136454360094,52.577841654344866,52.781768798828125,4161700,0.0,0.0,0.0
2013-07-23 00:00:00-04:00,52.86156575071575,52.96796516689085,52.63990537375436,52.710838317871094,3843000,0.0,0.0,0.0
2013-07-24 00:00:00-04:00,52.95908427345375,53.01228396889984,52.41823254102366,52.53349685668945,3852300,0.0,0.0,0.0
2013-07-25 00:00:00-04:00,52.489182059034334,52.61331133870845,52.27638659225786,52.60444641113281,3720900,0.0,0.0,0.0
2013-07-26 00:00:00-04:00,52.43597492889814,52.80836609750922,52.25864596204852,52.77289962768555,3026500,0.0,0.0,0.0
2013-07-29 00:00:00-04:00,52.68423313766175,52.79949747276413,52.39164321904027,52.49803924560547,4285300,0.0,0.0,0.0
2013-07-30 00:00:00-04:00,52.7108370937,52.7108370937,52.302982821307715,52.365047454833984,3298000,0.0,0.0,0.0
2013-07-31 00:00:00-04:00,52.55124503488831,53.021163973709136,52.55124503488831,52.63990783691406,5249100,0.0,0.0,0.0
2013-08-01 00:00:00-04:00,53.07436367528133,53.55315092358495,53.00343072785749,53.45561981201172,4130300,0.0,0.0,0.0
2013-08-02 00:00:00-04:00,53.366949813406904,53.863470263078405,53.331486724498745,53.83687210083008,3737500,0.0,0.0,0.0
2013-08-05 00:00:00-04:00,53.739332811745165,53.80139743571807,53.597470330911605,53.72159957885742,1827300,0.0,0.0,0.0
2013-08-06 00:00:00-04:00,53.61519946396861,53.739328702422554,53.180743747111734,53.499935150146484,3169300,0.0,0.0,0.0
2013-08-07 00:00:00-04:00,53.21622320000497,53.349217395553985,52.888166792261366,53.030029296875,3559300,0.0,0.0,0.0
2013-08-08 00:00:00-04:00,53.28715059951933,53.53541250922382,53.03002714564752,53.384681701660156,3020000,0.0,0.0,0.0
2013-08-09 00:00:00-04:00,53.42901297514218,53.58860870877382,53.10095658146326,53.2694206237793,3123100,0.0,0.0,0.0
2013-08-12 00:00:00-04:00,52.98569089461428,53.366946983880666,52.932494572938104,53.198486328125,3499000,0.0,0.0,0.0
2013-08-13 00:00:00-04:00,53.19848632812499,53.296017427556215,52.78176376956204,53.198486328125,3771900,0.0,0.0,0.0
2013-08-14 00:00:00-04:00,52.97683468198803,53.09209903502607,52.58671360236521,52.613311767578125,6380000,0.0,0.0,0.0
2013-08-15 00:00:00-04:00,52.23205212802543,52.28525183716831,51.51387127480706,51.691200256347656,15395800,0.0,0.0,0.0
2013-08-16 00:00:00-04:00,51.52273811868908,51.92172747023986,51.50500488281249,51.5050048828125,6454500,0.0,0.0,0.0
2013-08-19 00:00:00-04:00,51.47840648026339,51.74439825263486,51.28334426879883,51.28334426879883,3335000,0.0,0.0,0.0
2013-08-20 00:00:00-04:00,51.46953283889002,51.95718493476084,51.46953283889002,51.80645751953125,3474200,0.0,0.0,0.0
2013-08-21 00:00:00-04:00,51.66460217531759,51.80646468432254,51.19468324841412,51.36314392089844,5249600,0.0,0.0,0.0
2013-08-22 00:00:00-04:00,51.43408241884429,52.06360058278412,51.30108819607613,51.877403259277344,5790700,0.0,0.0,0.0
2013-08-23 00:00:00-04:00,51.96607031831169,52.036999895176784,51.638013837987614,51.88627243041992,2802000,0.0,0.0,0.0
2013-08-26 00:00:00-04:00,51.957198515668075,52.240923568600934,51.75327134526443,51.77987289428711,4175800,0.0,0.0,0.0
2013-08-27 00:00:00-04:00,51.23900780522321,51.5049995513001,50.90208312298258,50.93754959106445,6975500,0.0,0.0,0.0
2013-08-28 00:00:00-04:00,50.902090602200005,51.37200953539159,50.813427801236365,51.2124137878418,3552600,0.0,0.0,0.0
2013-08-29 00:00:00-04:00,51.11488463658106,51.726666063643066,51.05282000118067,51.46067428588867,5096000,0.0,0.0,0.0
2013-08-30 00:00:00-04:00,51.54047266860792,51.54047266860792,50.96415432586681,51.141483306884766,5866900,0.0,0.0,0.0
2013-09-03 00:00:00-04:00,51.71780033106255,51.96605886879686,51.30107774363518,51.5050048828125,8020600,0.0,0.0,0.0
2013-09-04 00:00:00-04:00,51.434075448980536,52.134523093691364,51.434075448980536,52.045860290527344,5420800,0.0,0.0,0.0
2013-09-05 00:00:00-04:00,52.11678351123465,52.33844387442604,52.010387483938025,52.0635871887207,5030300,0.0,0.0,0.0
2013-09-06 00:00:00-04:00,52.32958612910962,52.391650768738636,51.48727595694118,52.001529693603516,5950300,0.0,0.0,0.0
2013-09-09 00:00:00-04:00,52.18771352015989,52.55123636008812,52.09018242466988,52.46257019042969,4365200,0.0,0.0,0.0
2013-09-10 00:00:00-04:00,52.675370856778905,52.985694025790636,52.675370856778905,52.96796417236328,4429600,0.0,0.0,0.0
2013-09-11 00:00:00-04:00,52.91474975121085,53.358070373535156,52.91474975121085,53.358070373535156,5099200,0.0,0.0,0.0
2013-09-12 00:00:00-04:00,53.287144070542475,53.446739784987855,53.01228741520638,53.23394775390625,4258700,0.0,0.0,0.0
2013-09-13 00:00:00-04:00,53.28715059951933,53.420148171942046,53.05662530722456,53.384681701660156,5629200,0.0,0.0,0.0
2013-09-16 00:00:00-04:00,54.0230546604825,54.093984205677984,53.53540262210853,53.62406539916992,6472800,0.0,0.0,0.0
2013-09-17 00:00:00-04:00,53.55314257383627,53.98759497112771,53.55314257383627,53.93439865112305,4240500,0.0,0.0,0.0
2013-09-18 00:00:00-04:00,53.85459439123661,54.74123569685134,53.67726545366003,54.55503845214844,9662200,0.0,0.0,0.0
2013-09-19 00:00:00-04:00,54.732385231193625,54.75011846895871,54.43092695372559,54.537322998046875,6338700,0.0,0.0,0.0
2013-09-20 00:00:00-04:00,54.54620746298547,54.69737726032084,54.154941465003816,54.20829391479492,7688300,0.18,0.0,0.0
2013-09-23 00:00:00-04:00,54.092687183252295,54.154933960846776,53.55024807090469,53.79034423828125,7157200,0.0,0.0,0.0
2013-09-24 00:00:00-04:00,53.83480747973933,54.2349677716492,53.648067140913085,53.93262481689453,3862600,0.0,0.0,0.0
2013-09-25 00:00:00-04:00,53.95929832150076,53.985974542219616,53.523567493988374,53.603599548339844,5720700,0.0,0.0,0.0
2013-09-26 00:00:00-04:00,53.60362014996766,54.12827417631456,53.60362014996766,54.11048889160156,3516800,0.0,0.0,0.0
2013-09-27 00:00:00-04:00,53.92375002042727,54.181631567788585,53.87928850348133,54.119384765625,4953300,0.0,0.0,0.0
2013-09-30 00:00:00-04:00,53.559149478574255,54.04823285188842,53.505793633556195,53.91484832763672,5381600,0.0,0.0,0.0
2013-10-01 00:00:00-04:00,53.888174922582124,54.38615269024955,53.888174922582124,54.350582122802734,6192300,0.0,0.0,0.0
2013-10-02 00:00:00-04:00,54.146034799826786,54.34166945037042,53.843691881802386,54.3327751159668,5518300,0.0,0.0,0.0
2013-10-03 00:00:00-04:00,54.17272437108981,54.37725340644918,53.48800970980861,53.71921157836914,5199200,0.0,0.0,0.0
2013-10-04 00:00:00-04:00,53.86149963532125,54.30612155959644,53.69254452528727,54.22608947753906,3969200,0.0,0.0,0.0
2013-10-07 00:00:00-04:00,53.85259597108302,53.98598048154663,53.461326599121094,53.461326599121094,5309200,0.0,0.0,0.0
2013-10-08 00:00:00-04:00,53.53246992296525,53.53246992296525,52.572085125540546,52.616546630859375,7899500,0.0,0.0,0.0
2013-10-09 00:00:00-04:00,52.63433531877691,52.669905882212845,51.97629685619028,52.37645721435547,11607900,0.0,0.0,0.0
2013-10-10 00:00:00-04:00,52.954469913169255,53.65697335982981,52.954469913169255,53.5947265625,6104400,0.0,0.0,0.0
2013-10-11 00:00:00-04:00,53.53247495292189,54.05712890624999,53.488013443425416,54.05712890625,8827800,0.0,0.0,0.0
2013-10-14 00:00:00-04:00,53.73700257806758,54.28833277884266,53.6391852182761,54.279441833496094,6048800,0.0,0.0,0.0
2013-10-15 00:00:00-04:00,54.172711620961365,54.19939123227419,53.67473743905132,53.7636604309082,13368100,0.0,0.0,0.0
2013-10-16 00:00:00-04:00,54.11937289946394,54.466177404677126,53.9859849856763,54.430606842041016,5537800,0.0,0.0,0.0
2013-10-17 00:00:00-04:00,54.199395034926596,54.866327697229565,54.199395034926596,54.83075714111328,4935800,0.0,0.0,0.0
2013-10-18 00:00:00-04:00,55.01751650808169,55.26650709484958,54.839667058160664,55.1686897277832,5243300,0.0,0.0,0.0
2013-10-21 00:00:00-04:00,55.25759539703717,55.310951232910156,55.04417883793532,55.310951232910156,3158000,0.0,0.0,0.0
2013-10-22 00:00:00-04:00,55.52437647234563,55.87118437144525,55.3465304426891,55.68444061279297,6774700,0.0,0.0,0.0
2013-10-23 00:00:00-04:00,55.46213514573037,55.657769868254384,55.14200683330777,55.32875061035156,5246400,0.0,0.0,0.0
2013-10-24 00:00:00-04:00,55.58662150176615,55.92453505337014,55.435451702903734,55.88007354736328,5124200,0.0,0.0,0.0
2013-10-25 00:00:00-04:00,56.17352244275051,56.36915714065802,55.995676417956936,56.29801940917969,3882500,0.0,0.0,0.0
2013-10-28 00:00:00-04:00,56.26245582976838,56.28913205835895,55.969003746488376,56.191314697265625,4898700,0.0,0.0,0.0
2013-10-29 00:00:00-04:00,56.3691667483449,56.52033996582032,56.04903842164031,56.52033996582031,7715900,0.0,0.0,0.0
2013-10-30 00:00:00-04:00,56.69817987207384,56.73375043611588,55.91564781632294,56.244667053222656,5721100,0.0,0.0,0.0
2013-10-31 00:00:00-04:00,56.25355209737341,56.74263882115918,56.12016758450075,56.386940002441406,7640500,0.0,0.0,0.0
2013-11-01 00:00:00-04:00,56.65372450714985,56.680404129172615,56.20910258499261,56.52033996582031,4412800,0.0,0.0,0.0
2013-11-04 00:00:00-05:00,56.600369832836805,56.760433989926106,56.43141133802258,56.71596908569336,4990600,0.0,0.0,0.0
2013-11-05 00:00:00-05:00,56.55590492860405,56.831571730745836,56.20020944011354,56.71596908569336,4016500,0.0,0.0,0.0
2013-11-06 00:00:00-05:00,56.95605931626165,57.09833477442688,56.475863532026004,56.57368087768555,4523700,0.0,0.0,0.0
2013-11-07 00:00:00-05:00,56.7426392846075,56.81377701361487,55.355417950912376,55.399879455566406,9667700,0.0,0.0,0.0
2013-11-08 00:00:00-05:00,55.53327043750382,56.306911516358184,55.4265621419849,56.280235290527344,8287200,0.0,0.0,0.0
2013-11-11 00:00:00-05:00,56.32469437858203,56.49364945524691,56.12905968503661,56.36915588378906,5229200,0.0,0.0,0.0
2013-11-12 00:00:00-05:00,56.14684203684259,56.422508782259584,56.004563192284365,56.27133560180664,4446400,0.0,0.0,0.0
2013-11-13 00:00:00-05:00,56.06682538596102,57.16059494018554,56.022363870851954,57.16059494018555,6654600,0.0,0.0,0.0
2013-11-14 00:00:00-05:00,57.24950832404621,57.62299584305862,57.16058530881133,57.56074905395508,5938100,0.0,0.0,0.0
2013-11-15 00:00:00-05:00,57.68524002079786,57.783057368445476,57.4629291005789,57.75637435913086,5137800,0.0,0.0,0.0
2013-11-18 00:00:00-05:00,57.84529170192571,57.880855471240686,57.16057041579768,57.302852630615234,4893000,0.0,0.0,0.0
2013-11-19 00:00:00-05:00,57.33844032920887,57.507392029336565,56.98274147019612,57.05388259887695,6360900,0.0,0.0,0.0
2013-11-20 00:00:00-05:00,57.22283314060606,57.35622105808452,56.60925618303559,56.76042938232422,4551700,0.0,0.0,0.0
2013-11-21 00:00:00-05:00,56.938273083051335,57.40957115902516,56.85824101428262,57.34732437133789,3325400,0.0,0.0,0.0
2013-11-22 00:00:00-05:00,57.27619114326425,57.68524243949142,57.22283190678859,57.66745376586914,4415200,0.0,0.0,0.0
2013-11-25 00:00:00-05:00,57.818616677524666,57.92532835336442,57.631876333097864,57.72080612182617,3329200,0.0,0.0,0.0
2013-11-26 00:00:00-05:00,57.66744267387752,58.21877611547249,57.66744267387752,58.058712005615234,3531500,0.0,0.0,0.0
2013-11-27 00:00:00-05:00,58.38773660463219,58.414412826477374,57.99646725919582,58.28102493286133,3108800,0.0,0.0,0.0
2013-11-29 00:00:00-05:00,58.414424198416874,58.56559400789562,58.236571377508284,58.334388732910156,3499000,0.0,0.0,0.0
2013-12-02 00:00:00-05:00,58.2632342221946,58.467763223163814,57.94311278686993,58.058712005615234,4157900,0.0,0.0,0.0
2013-12-03 00:00:00-05:00,57.84530218313168,57.84530218313168,57.27618678952013,57.50738525390625,4116100,0.0,0.0,0.0
2013-12-04 00:00:00-05:00,57.2584051176874,57.72970322460645,56.956065496038,57.37400436401367,5417800,0.0,0.0,0.0
2013-12-05 00:00:00-05:00,57.21394164860592,57.587429192995785,57.19615975810718,57.43625259399414,4089200,0.0,0.0,0.0
2013-12-06 00:00:00-05:00,58.0142602261356,58.0142602261356,57.54296212514748,57.91644287109375,3923100,0.0,0.0,0.0
2013-12-09 00:00:00-05:00,57.94312751927143,58.15654412521366,57.79195092168708,57.871986389160156,5283900,0.0,0.0,0.0
2013-12-10 00:00:00-05:00,57.82751154335926,58.04982244843715,57.78305343297792,57.90754699707031,3267300,0.0,0.0,0.0
2013-12-11 00:00:00-05:00,57.943126611597,58.03204963064733,57.276193792132354,57.37400436401367,5710100,0.0,0.0,0.0
2013-12-12 00:00:00-05:00,57.35621968836912,57.41846647712039,57.107232533364055,57.1961555480957,3568000,0.0,0.0,0.0
2013-12-13 00:00:00-05:00,57.311749304193704,57.54295454788304,57.27618552921734,57.33843231201172,3312400,0.0,0.0,0.0
2013-12-16 00:00:00-05:00,57.55185754285626,57.88976773109637,57.542963205578715,57.71192169189453,3486200,0.0,0.0,0.0
2013-12-17 00:00:00-05:00,57.78305998423788,57.80973621036922,57.34732567612193,57.56074905395508,3691800,0.0,0.0,0.0
2013-12-18 00:00:00-05:00,57.55185360323751,58.45887919610436,57.01830873776342,58.41442108154297,9749800,0.0,0.0,0.0
2013-12-19 00:00:00-05:00,58.36995469309929,58.476666377227446,58.12986188429953,58.378849029541016,6007700,0.0,0.0,0.0
2013-12-20 00:00:00-05:00,58.52348337308888,58.77346816548816,58.443127226060696,58.6216926574707,7393500,0.262,0.0,0.0
2013-12-23 00:00:00-05:00,58.89845229261231,58.89845229261231,58.60382448083126,58.880592346191406,3689400,0.0,0.0,0.0
2013-12-24 00:00:00-05:00,58.835963702725635,59.05023540643615,58.835963702725635,59.005592346191406,1992000,0.0,0.0,0.0
2013-12-26 00:00:00-05:00,59.21096441620651,59.45201932722376,59.103825115989196,59.44309616088867,5031400,0.0,0.0,0.0
2013-12-27 00:00:00-05:00,59.541301103472925,59.56808422366281,59.139533865894094,59.166316986083984,3142500,0.0,0.0,0.0
2013-12-30 00:00:00-05:00,59.30022450221894,59.46092999456541,59.18416207335905,59.434146881103516,2116100,0.0,0.0,0.0
2013-12-31 00:00:00-05:00,59.57699571429203,59.68412816180858,59.416290231442474,59.66627502441406,3675800,0.0,0.0,0.0
2014-01-02 00:00:00-05:00,59.55021662047345,59.66628587515739,59.175239362823746,59.38951110839844,4331900,0.0,0.0,0.0
2014-01-03 00:00:00-05:00,59.42522414674547,59.57700649414863,59.20202242526692,59.22880554199219,3772800,0.0,0.0,0.0
2014-01-06 00:00:00-05:00,59.30023594917189,59.43415835390803,58.72884004643574,58.862762451171875,4078800,0.0,0.0,0.0
2014-01-07 00:00:00-05:00,59.38949634072695,59.38949634072695,58.9252398721602,59.21986770629883,3085700,0.0,0.0,0.0
2014-01-08 00:00:00-05:00,59.18416599614123,59.255592177823885,58.898468080986206,59.059173583984375,5789500,0.0,0.0,0.0
2014-01-09 00:00:00-05:00,59.210952705134865,59.246665798143766,58.70205305001602,59.05024719238281,5081900,0.0,0.0,0.0
2014-01-10 00:00:00-05:00,59.13060305119152,59.2823785870187,58.87168823688728,59.22880554199219,4630500,0.0,0.0,0.0
2014-01-13 00:00:00-05:00,59.19308416902977,59.19308416902977,57.952083458937366,58.04136276245117,6980700,0.0,0.0,0.0
2014-01-14 00:00:00-05:00,58.327071956572894,58.5770567796261,58.02351409174004,58.541343688964844,6090600,0.0,0.0,0.0
2014-01-15 00:00:00-05:00,58.62169645532202,58.853821313831325,58.58598336672632,58.6841926574707,5855000,0.0,0.0,0.0
2014-01-16 00:00:00-05:00,58.65740582853056,58.65740582853056,58.24671550536476,58.371707916259766,6332000,0.0,0.0,0.0
2014-01-17 00:00:00-05:00,58.33600233369416,58.461001572252236,58.0056681244896,58.11280059814453,5587000,0.0,0.0,0.0
2014-01-21 00:00:00-05:00,58.309207980847624,58.460990308575546,57.693175941293475,58.05922317504883,10439400,0.0,0.0,0.0
2014-01-22 00:00:00-05:00,58.157428497606034,58.25563778055286,57.94315679461961,58.210994720458984,4636000,0.0,0.0,0.0
2014-01-23 00:00:00-05:00,58.05028537022513,58.1038584010811,57.523532716423034,57.80030059814453,7973100,0.0,0.0,0.0
2014-01-24 00:00:00-05:00,57.4521217960571,57.541401122410704,56.67538075825919,56.6932373046875,8622300,0.0,0.0,0.0
2014-01-27 00:00:00-05:00,56.80036547323187,56.934287850385424,55.996841427673154,56.470027923583984,7218000,0.0,0.0,0.0
2014-01-28 00:00:00-05:00,56.69323337736197,57.04142749412367,56.65752028697929,56.86286544799805,4731800,0.0,0.0,0.0
2014-01-29 00:00:00-05:00,56.37181829572252,56.57716344187992,55.86291871485689,55.95219802856445,17415100,0.0,0.0,0.0
2014-01-30 00:00:00-05:00,56.34503576322582,57.05928049760689,56.34503576322582,56.8896484375,12737100,0.0,0.0,0.0
2014-01-31 00:00:00-05:00,55.98791131656674,56.523597418090176,55.73792651266165,56.08612060546875,6825700,0.0,0.0,0.0
2014-02-03 00:00:00-05:00,56.032562135245236,56.211124204655874,54.48800653555135,54.612998962402344,32477700,0.0,0.0,0.0
2014-02-04 00:00:00-05:00,55.023685199068254,55.3897358585634,54.83619317871202,55.282596588134766,9495200,0.0,0.0,0.0
2014-02-05 00:00:00-05:00,55.1397516437794,55.48794918931596,54.55942921279441,55.354026794433594,7747800,0.0,0.0,0.0
2014-02-06 00:00:00-05:00,55.53258165971923,56.56823737453485,55.53258165971923,56.523597717285156,8293800,0.0,0.0,0.0
2014-02-07 00:00:00-05:00,56.91643870640031,57.29141596192307,56.648597323057196,57.21998977661133,6270500,0.0,0.0,0.0
2014-02-10 00:00:00-05:00,57.300342831665574,57.300342831665574,56.925362190682954,57.18428039550781,4670600,0.0,0.0,0.0
2014-02-11 00:00:00-05:00,57.35390086290822,57.79138105300428,57.228908469044946,57.603885650634766,5647400,0.0,0.0,0.0
2014-02-12 00:00:00-05:00,57.71995545658722,57.88066093766535,57.49675377795508,57.6574592590332,4223300,0.0,0.0,0.0
2014-02-13 00:00:00-05:00,57.327118056188276,57.961010003169974,57.318188081843566,57.83601760864258,6584500,0.0,0.0,0.0
2014-02-14 00:00:00-05:00,57.80924212727708,58.39849790345887,57.74674592176467,58.18421936035156,4828500,0.0,0.0,0.0
2014-02-18 00:00:00-05:00,58.47883597187613,58.47883597187613,58.00564953401664,58.25563430786133,3578200,0.0,0.0,0.0
2014-02-19 00:00:00-05:00,58.18421576759708,58.36278120916045,57.68424615436986,57.78245544433594,6304400,0.0,0.0,0.0
2014-02-20 00:00:00-05:00,57.961010186855816,58.184211865158474,57.7199553713818,58.094932556152344,4698700,0.0,0.0,0.0
2014-02-21 00:00:00-05:00,58.30920400340581,58.39849012359356,58.103862274753084,58.210994720458984,4375200,0.0,0.0,0.0
2014-02-24 00:00:00-05:00,58.264579698863145,58.83597556501027,58.255649722698834,58.45206832885742,3215500,0.0,0.0,0.0
2014-02-25 00:00:00-05:00,58.550281381171864,58.93418864190801,58.45207207180379,58.862762451171875,4538300,0.0,0.0,0.0
2014-02-26 00:00:00-05:00,59.00561213832108,59.54130179464461,58.89847965631791,59.19310760498047,5488500,0.0,0.0,0.0
2014-02-27 00:00:00-05:00,59.16630212333436,59.469859969577755,58.97881351752601,59.434146881103516,4386800,0.0,0.0,0.0
2014-02-28 00:00:00-05:00,59.434154183062525,59.88055762647191,59.210952461357834,59.675209045410156,6994100,0.0,0.0,0.0
2014-03-03 00:00:00-05:00,59.06810330830821,59.30022818042597,58.66633614673412,59.11273956298828,8668800,0.0,0.0,0.0
2014-03-04 00:00:00-05:00,59.71984501560061,59.94304671077376,59.65734881341514,59.85376739501953,4391100,0.0,0.0,0.0
2014-03-05 00:00:00-05:00,59.97875592523578,60.10374832153321,59.862693503409524,60.1037483215332,7568100,0.0,0.0,0.0
2014-03-06 00:00:00-05:00,60.20197270331891,60.380531368072454,60.02341403856536,60.25553894042969,5255300,0.0,0.0,0.0
2014-03-07 00:00:00-05:00,60.57692710047825,60.57692710047825,60.03231452368346,60.166236877441406,4339900,0.0,0.0,0.0
2014-03-10 00:00:00-04:00,60.13946513419362,60.14839510921811,59.6930617450215,60.00554275512695,3274600,0.0,0.0,0.0
2014-03-11 00:00:00-04:00,60.23768210443148,60.23768210443148,59.48772077299077,59.65735626220703,4390200,0.0,0.0,0.0
2014-03-12 00:00:00-04:00,59.335930188277786,59.62162804885443,59.05916230159942,59.56806182861328,4786500,0.0,0.0,0.0
2014-03-13 00:00:00-04:00,59.88948440561296,59.88948440561296,58.57705726219606,58.84490203857422,11268300,0.0,0.0,0.0
2014-03-14 00:00:00-04:00,58.78239464051117,59.13059554848661,58.639549098909164,58.791324615478516,4786100,0.0,0.0,0.0
2014-03-17 00:00:00-04:00,59.05023976085745,59.35379760744209,59.03238662238783,59.18416213989258,3231500,0.0,0.0,0.0
2014-03-18 00:00:00-04:00,59.31810371642382,59.55022864952862,59.202034438294056,59.44309616088867,3222900,0.0,0.0,0.0
2014-03-19 00:00:00-04:00,59.4698675207674,59.5055806137763,58.710983026162246,59.05024719238281,6058100,0.0,0.0,0.0
2014-03-20 00:00:00-04:00,59.005600145273874,59.31808798514092,58.71990223203943,59.20201873779297,3761800,0.0,0.0,0.0
2014-03-21 00:00:00-04:00,59.57638041190261,59.59429656052167,58.77033138226947,58.824066162109375,6231100,0.208,0.0,0.0
2014-03-24 00:00:00-04:00,58.886758693456144,59.047969865100775,57.955317127621434,58.23295593261719,12355500,0.0,0.0,0.0
2014-03-25 00:00:00-04:00,58.37627012960848,58.59121612623847,57.58813025329182,57.8836784362793,5861200,0.0,0.0,0.0
2014-03-26 00:00:00-04:00,58.14338881727771,58.19713042348012,57.40002590071574,57.41794204711914,6956700,0.0,0.0,0.0
2014-03-27 00:00:00-04:00,57.31944376929883,57.471696901888585,56.898503010836414,57.14031982421875,6348800,0.0,0.0,0.0
2014-03-28 00:00:00-04:00,57.328388533055,57.91054036525394,57.274650337058326,57.5702018737793,5683700,0.0,0.0,0.0
2014-03-31 00:00:00-04:00,57.910540580415386,58.143395847753254,57.88366635756077,57.96427536010742,5679000,0.0,0.0,0.0
2014-04-01 00:00:00-04:00,58.134453257143626,58.815116677890444,58.00906069752224,58.77033996582031,5074800,0.0,0.0,0.0
2014-04-02 00:00:00-04:00,58.81511224837128,59.26292033340473,58.79720293149395,59.16440200805664,5043400,0.0,0.0,0.0
2014-04-03 00:00:00-04:00,59.316656792735664,59.33456610805586,58.59120311161025,58.87779998779297,5369700,0.0,0.0,0.0
2014-04-04 00:00:00-04:00,59.24500492757577,59.24500492757577,57.79410442130154,57.901580810546875,7400100,0.0,0.0,0.0
2014-04-07 00:00:00-04:00,57.67766819446553,57.749319109949866,56.42380450551918,56.773094177246094,7588700,0.0,0.0,0.0
2014-04-08 00:00:00-04:00,56.72832433410218,57.40003299761179,56.6118932836119,57.34629821777344,4750500,0.0,0.0,0.0
2014-04-09 00:00:00-04:00,57.471683769568465,57.982184675668556,57.25673781779174,57.96427536010742,3841400,0.0,0.0,0.0
2014-04-10 00:00:00-04:00,57.8836724831833,57.96428149426051,56.47755874053712,56.5223388671875,10075500,0.0,0.0,0.0
2014-04-11 00:00:00-04:00,56.011836789454065,56.50442500578892,55.63567621678618,55.7431526184082,8446200,0.0,0.0,0.0
2014-04-14 00:00:00-04:00,56.17305217671822,56.43277829213558,55.72524405264746,56.1820068359375,4701100,0.0,0.0,0.0
2014-04-15 00:00:00-04:00,56.37008594812674,56.5581679585153,55.38490943268428,56.253658294677734,9688900,0.0,0.0,0.0
2014-04-16 00:00:00-04:00,56.97014630473502,57.05075189837097,56.4954708180481,57.04179382324219,4754300,0.0,0.0,0.0
2014-04-17 00:00:00-04:00,56.87163229740306,57.301527690615444,56.87163229740306,57.11344909667969,4953500,0.0,0.0,0.0
2014-04-21 00:00:00-04:00,57.09553543787612,57.31943949841681,56.93432424096644,57.26570129394531,10586600,0.0,0.0,0.0
2014-04-22 00:00:00-04:00,57.41794624957836,57.99113998229942,57.41794624957836,57.758277893066406,4675800,0.0,0.0,0.0
2014-04-23 00:00:00-04:00,57.69559667383774,57.91950073435373,57.42691590102435,57.48960876464844,2827000,0.0,0.0,0.0
2014-04-24 00:00:00-04:00,57.72244962947984,58.00904648193235,57.31942515456499,57.80305862426758,3683700,0.0,0.0,0.0
2014-04-25 00:00:00-04:00,57.41795093933987,57.41795093933987,56.73728076375998,56.81788635253906,4735500,0.0,0.0,0.0
2014-04-28 00:00:00-04:00,57.0596909346504,57.185076620087116,55.967041806913464,56.67457580566406,9346700,0.0,0.0,0.0
2014-04-29 00:00:00-04:00,56.85370914279679,57.00596565510635,56.44172656020145,56.9343147277832,4410200,0.0,0.0,0.0
2014-04-30 00:00:00-04:00,56.74624066832861,57.25674160822419,56.674589735323494,57.1761360168457,7794600,0.0,0.0,0.0
2014-05-01 00:00:00-04:00,57.24778655693113,57.659769193956116,57.21196450504114,57.40003967285156,4175300,0.0,0.0,0.0
2014-05-02 00:00:00-04:00,57.47167260250609,57.883655110447926,57.400021688166476,57.5433235168457,4111500,0.0,0.0,0.0
2014-05-05 00:00:00-04:00,57.265691788646144,57.64185232449966,57.04178776527037,57.597068786621094,3347900,0.0,0.0,0.0
2014-05-06 00:00:00-04:00,57.40898067790296,57.525415123816856,56.77309417724609,56.773094177246094,4197700,0.0,0.0,0.0
2014-05-07 00:00:00-04:00,57.02388074810112,57.050751556821986,56.271566434008996,56.70146179199219,4394900,0.0,0.0,0.0
2014-05-08 00:00:00-04:00,56.5939947101004,57.409005434421964,56.54921457686397,56.8626823425293,5760400,0.0,0.0,0.0
2014-05-09 00:00:00-04:00,56.83580091808047,57.211961483348254,56.531291285817794,57.1761360168457,5060800,0.0,0.0,0.0
2014-05-12 00:00:00-04:00,57.408997955203475,57.91949892390227,57.34630509353904,57.89263153076172,5711600,0.0,0.0,0.0
2014-05-13 00:00:00-04:00,57.98219004876526,58.15235931090408,57.61499096516109,57.73141860961914,4959900,0.0,0.0,0.0
2014-05-14 00:00:00-04:00,57.62393945804419,57.70454846421489,56.979098157218736,57.08657455444336,4285500,0.0,0.0,0.0
2014-05-15 00:00:00-04:00,56.87161240649531,56.979085363083406,56.09242749235019,56.67457580566406,5706200,0.0,0.0,0.0
2014-05-16 00:00:00-04:00,56.6745869792523,57.13135311368615,56.477553756078976,57.09552764892578,3011400,0.0,0.0,0.0
2014-05-19 00:00:00-04:00,56.9343220454818,57.39108822461383,56.7731108547887,57.355262756347656,2738600,0.0,0.0,0.0
2014-05-20 00:00:00-04:00,57.05074572145924,57.28360440202658,56.66563052872904,56.83579635620117,4849000,0.0,0.0,0.0
2014-05-21 00:00:00-04:00,56.99701924547811,57.57021311535139,56.99701924547811,57.52543640136719,3889000,0.0,0.0,0.0
2014-05-22 00:00:00-04:00,57.51646509398838,57.92844766612214,57.41794677967288,57.82992935180664,5257500,0.0,0.0,0.0
2014-05-23 00:00:00-04:00,57.892624117404544,58.3135647773954,57.79410579983185,58.28669738769531,1985100,0.0,0.0,0.0
2014-05-27 00:00:00-04:00,58.51060342505121,58.662856527260914,58.438952494714115,58.59120559692383,3402600,0.0,0.0,0.0
2014-05-28 00:00:00-04:00,58.61808275279196,58.68077561902878,58.24192555537106,58.52852249145508,10106200,0.0,0.0,0.0
2014-05-29 00:00:00-04:00,58.70764710251443,58.77929120842856,58.48374304313491,58.77033996582031,2948000,0.0,0.0,0.0
2014-05-30 00:00:00-04:00,58.68076430519145,58.84197547771981,58.57329474551163,58.824066162109375,3052000,0.0,0.0,0.0
2014-06-02 00:00:00-04:00,58.931535043225104,59.065871975701924,58.67180558542365,59.021095275878906,3048700,0.0,0.0,0.0
2014-06-03 00:00:00-04:00,58.806169485825045,59.02111548439208,58.770344013895524,58.913639068603516,2243300,0.0,0.0,0.0
2014-06-04 00:00:00-04:00,58.7345349339204,59.2629454180798,58.65392589132964,59.200252532958984,2161100,0.0,0.0,0.0
2014-06-05 00:00:00-04:00,59.289787432640814,59.66595141529953,59.012148607853085,59.58534240722656,2703400,0.0,0.0,0.0
2014-06-06 00:00:00-04:00,59.69282939067319,59.94360086823535,59.64804584124697,59.93464279174805,3203900,0.0,0.0,0.0
2014-06-09 00:00:00-04:00,59.9794240055128,60.239153549448126,59.87194759088128,59.95255661010742,2568700,0.0,0.0,0.0
2014-06-10 00:00:00-04:00,59.81821891376596,59.94360466047939,59.746567963355226,59.83612823486328,5461600,0.0,0.0,0.0
2014-06-11 00:00:00-04:00,59.66594812567465,59.79133383531151,59.44204409660759,59.65699005126953,3027900,0.0,0.0,0.0
2014-06-12 00:00:00-04:00,59.656978359791204,59.656978359791204,58.76136241904431,58.89570617675781,4549600,0.0,0.0,0.0
2014-06-13 00:00:00-04:00,58.91362645937379,59.065879557730085,58.57329479839935,58.922584533691406,4962800,0.0,0.0,0.0
2014-06-16 00:00:00-04:00,58.716595827896995,59.119627217307645,58.716595827896995,59.05693435668945,3553000,0.0,0.0,0.0
2014-06-17 00:00:00-04:00,59.08379559990962,59.35247633187629,58.92258442752617,59.2897834777832,4017700,0.0,0.0,0.0
2014-06-18 00:00:00-04:00,59.23605931128089,59.782385780409314,59.14649905124554,59.73760223388672,5840300,0.0,0.0,0.0
2014-06-19 00:00:00-04:00,59.7644876990634,59.92569893064336,59.43310715831263,59.59431838989258,2980200,0.0,0.0,0.0
2014-06-20 00:00:00-04:00,59.757840539541625,59.82971365025217,59.29961432765155,59.37149429321289,5011100,0.212,0.0,0.0
2014-06-23 00:00:00-04:00,59.29959947987275,59.48827920109046,59.19177955852731,59.443359375,4289200,0.0,0.0,0.0
2014-06-24 00:00:00-04:00,59.29960250854493,59.81173516510656,59.21874270454283,59.29960250854492,3908700,0.0,0.0,0.0
2014-06-25 00:00:00-04:00,59.146856370986896,59.87462194787306,59.146856370986896,59.80274200439453,3945700,0.0,0.0,0.0
2014-06-26 00:00:00-04:00,59.802748640115,59.84767532348632,59.362495933443746,59.84767532348633,3079500,0.0,0.0,0.0
2014-06-27 00:00:00-04:00,59.73986299738872,60.05432925645116,59.703923017088684,59.99143600463867,5204900,0.0,0.0,0.0
2014-06-30 00:00:00-04:00,59.94649953723098,60.09923926998818,59.847666332541394,59.9644660949707,2513300,0.0,0.0,0.0
2014-07-01 00:00:00-04:00,60.117221569973275,60.7371672989455,60.04534161869117,60.602394104003906,3830600,0.0,0.0,0.0
2014-07-02 00:00:00-04:00,60.64730736598526,60.80903379315514,60.60238069266388,60.69223403930664,1748900,0.0,0.0,0.0
2014-07-03 00:00:00-04:00,60.87194139118596,61.2133608825346,60.81803485435448,61.159454345703125,1747400,0.0,0.0,0.0
2014-07-07 00:00:00-04:00,60.96179372063964,61.069613659439405,60.71920742690292,60.782100677490234,3090400,0.0,0.0,0.0
2014-07-08 00:00:00-04:00,60.68326063895029,60.70122719930939,60.05432134879074,60.18909454345703,5100300,0.0,0.0,0.0
2014-07-09 00:00:00-04:00,60.35980697032645,60.97077283775308,60.28792702007641,60.916866302490234,18565100,0.0,0.0,0.0
2014-07-10 00:00:00-04:00,60.036337249457006,60.61136298085275,60.027350544478104,60.35080337524414,4842300,0.0,0.0,0.0
2014-07-11 00:00:00-04:00,60.449632545107335,60.584405691437645,60.32384610315823,60.548465728759766,7041100,0.0,0.0,0.0
2014-07-14 00:00:00-04:00,60.86294553310433,60.90787221027585,60.64731256334779,60.71919250488281,3422800,0.0,0.0,0.0
2014-07-15 00:00:00-04:00,60.55746940425908,60.764115679010416,60.22502979745833,60.512542724609375,4157000,0.0,0.0,0.0
2014-07-16 00:00:00-04:00,60.97974858584433,61.12350160565948,60.58441578536846,60.66527557373047,23470600,0.0,0.0,0.0
2014-07-17 00:00:00-04:00,60.521532391243845,60.791078772626186,59.991426335818375,60.09025955200195,5637400,0.0,0.0,0.0
2014-07-18 00:00:00-04:00,60.28793448221102,60.665293985457346,60.20707466930832,60.6473274230957,3454900,0.0,0.0,0.0
2014-07-21 00:00:00-04:00,60.449649470381466,60.56645609550096,60.18908980914806,60.36878967285156,3706900,0.0,0.0,0.0
2014-07-22 00:00:00-04:00,60.503554705508606,60.74614780259747,60.431681616416306,60.620361328125,4410100,0.0,0.0,0.0
2014-07-23 00:00:00-04:00,60.62934138850326,60.63832123937494,60.386748318008,60.5754280090332,5389300,0.0,0.0,0.0
2014-07-24 00:00:00-04:00,60.68325181408131,60.89888478127927,60.63832513744287,60.710205078125,3976800,0.0,0.0,0.0
2014-07-25 00:00:00-04:00,60.260962281486556,60.37776203727247,59.937509421781506,60.03634262084961,3852700,0.0,0.0,0.0
2014-07-28 00:00:00-04:00,60.04533178201409,60.216038069782044,59.76679873013779,60.15314483642578,2803800,0.0,0.0,0.0
2014-07-29 00:00:00-04:00,60.25198811382614,60.56646118803649,59.973461870227844,59.98244857788086,3584700,0.0,0.0,0.0
2014-07-30 00:00:00-04:00,60.20707110829746,60.368797579387575,59.9465114129384,60.314884185791016,23867500,0.0,0.0,0.0
2014-07-31 00:00:00-04:00,59.8836094649828,59.9824426748912,59.155837023398284,59.20076370239258,6449600,0.0,0.0,0.0
2014-08-01 00:00:00-04:00,59.030038681081955,59.398418181202295,58.715572555886176,58.9851188659668,6088800,0.0,0.0,0.0
2014-08-04 00:00:00-04:00,59.13787166223703,59.74883749274781,59.09294498233299,59.560157775878906,16942600,0.0,0.0,0.0
2014-08-05 00:00:00-04:00,59.29959795885018,59.58711088688095,58.940205085099485,59.14685821533203,9897100,0.0,0.0,0.0
2014-08-06 00:00:00-04:00,58.733555660383914,59.39842798552001,58.69761568945108,59.02106857299805,10961700,0.0,0.0,0.0
2014-08-07 00:00:00-04:00,59.39843727548855,59.50625720515019,58.54488511059515,58.71559143066406,6364500,0.0,0.0,0.0
2014-08-08 00:00:00-04:00,58.71559274168065,59.667985004499684,58.71559274168065,59.6230583190918,5570900,0.0,0.0,0.0
2014-08-11 00:00:00-04:00,59.865637077718304,60.0633035009237,59.76680386611561,59.89259719848633,5032500,0.0,0.0,0.0
2014-08-12 00:00:00-04:00,59.81172139586901,60.06329431242695,59.58710174110686,59.73984146118164,3127100,0.0,0.0,0.0
2014-08-13 00:00:00-04:00,59.91953489001542,60.10821455725619,59.775775036014565,59.955474853515625,3384600,0.0,0.0,0.0
2014-08-14 00:00:00-04:00,60.06330229356742,60.42269515991211,59.95548923205815,60.42269515991211,5599600,0.0,0.0,0.0
2014-08-15 00:00:00-04:00,60.62037829200301,60.68327154683916,59.88362579755785,60.305912017822266,6432600,0.0,0.0,0.0
2014-08-18 00:00:00-04:00,60.719203945425356,60.96179022525283,60.64732399034691,60.86295700073242,4746900,0.0,0.0,0.0
2014-08-19 00:00:00-04:00,61.19538433823287,61.411017305229194,61.09655113359947,61.321170806884766,3746900,0.0,0.0,0.0
2014-08-20 00:00:00-04:00,61.15046983977128,61.707529208202786,61.141489986542396,61.60869598388672,5004000,0.0,0.0,0.0
2014-08-21 00:00:00-04:00,61.68955223176142,61.707518790035664,61.509852374775825,61.554779052734375,1999300,0.0,0.0,0.0
2014-08-22 00:00:00-04:00,61.608680407965544,61.7614201324384,61.42000071511413,61.671573638916016,3290700,0.0,0.0,0.0
2014-08-25 00:00:00-04:00,61.9680868490028,61.98605340971464,61.752453846212866,61.851280212402344,3967600,0.0,0.0,0.0
2014-08-26 00:00:00-04:00,61.89619998202402,62.021986457503985,61.77041350654405,61.860260009765625,2020800,0.0,0.0,0.0
2014-08-27 00:00:00-04:00,61.87824072349264,62.021993774636876,61.80636077049572,61.923160552978516,1798500,0.0,0.0,0.0
2014-08-28 00:00:00-04:00,61.66257771183569,61.91415745286337,61.5188247146669,61.84227752685547,2313100,0.0,0.0,0.0
2014-08-29 00:00:00-04:00,61.91417964774084,61.99503945235093,61.61767998780484,61.83331298828125,2309200,0.0,0.0,0.0
2014-09-02 00:00:00-04:00,61.860257260537054,62.147770170977566,61.662590849325106,61.950103759765625,9520200,0.0,0.0,0.0
2014-09-03 00:00:00-04:00,62.2106542496525,62.219640954707224,61.73446170446427,61.788368225097656,2606600,0.0,0.0,0.0
2014-09-04 00:00:00-04:00,61.878238683331716,62.29153811716288,61.878238683331716,62.02199172973633,3733400,0.0,0.0,0.0
2014-09-05 00:00:00-04:00,61.878254304292305,62.25561385807314,61.6805878175925,62.228660583496094,2668600,0.0,0.0,0.0
2014-09-08 00:00:00-04:00,62.075910779593485,62.14779074471126,61.70753795435372,61.96809768676758,2500800,0.0,0.0,0.0
2014-09-09 00:00:00-04:00,61.887207466647226,61.95010069848419,61.30320182309609,61.348121643066406,2558400,0.0,0.0,0.0
2014-09-10 00:00:00-04:00,61.491889572459264,61.59072278612597,61.1594499578668,61.56376266479492,2869100,0.0,0.0,0.0
2014-09-11 00:00:00-04:00,61.294229090008216,61.644635297957976,61.294229090008216,61.590728759765625,2438600,0.0,0.0,0.0
2014-09-12 00:00:00-04:00,61.52784410058662,61.62667048278185,61.186417698118696,61.41103744506836,2913400,0.0,0.0,0.0
2014-09-15 00:00:00-04:00,61.39306076338879,61.47392056863602,61.02468114877487,61.159454345703125,2911100,0.0,0.0,0.0
2014-09-16 00:00:00-04:00,60.9977338096244,61.63565302525402,60.89890057925993,61.47392654418945,2846800,0.0,0.0,0.0
2014-09-17 00:00:00-04:00,61.5008631619961,61.7434562453286,61.204370406037334,61.446956634521484,6401400,0.0,0.0,0.0
2014-09-18 00:00:00-04:00,61.63565554553285,61.78839532421429,61.50986903898925,61.716522216796875,2812600,0.0,0.0,0.0
2014-09-19 00:00:00-04:00,61.968020121602265,62.103244123097824,61.59841518714472,61.74264907836914,5923600,0.229,0.0,0.0
2014-09-22 00:00:00-04:00,61.54432031832432,61.64348412572983,60.72397331261673,60.87722396850586,5424500,0.0,0.0,0.0
2014-09-23 00:00:00-04:00,60.66987978053575,60.886234028414236,60.35435485839844,60.35435485839844,5486700,0.0,0.0,0.0
2014-09-24 00:00:00-04:00,60.462548009176466,61.06654080238118,60.25520360669927,61.03949737548828,6343100,0.0,0.0,0.0
2014-09-25 00:00:00-04:00,60.88622737397907,60.94933097595425,60.110950619554444,60.147010803222656,4639600,0.0,0.0,0.0
2014-09-26 00:00:00-04:00,60.426478421971986,60.90426389689498,60.34534815390335,60.769046783447266,2593400,0.0,0.0,0.0
2014-09-29 00:00:00-04:00,60.255197927652006,60.71495677483602,60.192094311589756,60.45352554321289,6840600,0.0,0.0,0.0
2014-09-30 00:00:00-04:00,60.6067628943264,60.6067628943264,60.02980689675034,60.11996078491211,4428300,0.0,0.0,0.0
2014-10-01 00:00:00-04:00,59.98475378949214,60.09293435920575,59.2275035570528,59.317657470703125,6557000,0.0,0.0,0.0
2014-10-02 00:00:00-04:00,59.3447217367167,59.6872833444572,58.632548210973226,59.58811950683594,7484600,0.0,0.0,0.0
2014-10-03 00:00:00-04:00,59.96671643881999,60.54367256279184,59.849525987422794,60.35435485839844,4959800,0.0,0.0,0.0
2014-10-06 00:00:00-04:00,60.525650004928174,60.65185724555665,59.90362369198872,60.02983093261719,3890700,0.0,0.0,0.0
2014-10-07 00:00:00-04:00,59.75938974628932,59.87658021884416,59.13736343383789,59.13736343383789,6450100,0.0,0.0,0.0
2014-10-08 00:00:00-04:00,59.18244057942389,60.17407184856356,58.83987217311431,60.06589126586914,7153100,0.0,0.0,0.0
2014-10-09 00:00:00-04:00,60.02981901298125,60.02981901298125,58.695626483320424,58.70464324951172,22700800,0.0,0.0,0.0
2014-10-10 00:00:00-04:00,58.60548156173685,59.11031044216068,58.19079971313476,58.190799713134766,11009100,0.0,0.0,0.0
2014-10-13 00:00:00-04:00,58.16374452648156,58.29896850174103,56.96477259732766,57.009849548339844,21310700,0.0,0.0,0.0
2014-10-14 00:00:00-04:00,57.352413470368425,57.86626253522991,57.13605922726867,57.42453384399414,11245000,0.0,0.0,0.0
2014-10-15 00:00:00-04:00,56.61321006154051,57.23523639327421,55.603548667116875,56.94675827026367,15093200,0.0,0.0,0.0
2014-10-16 00:00:00-04:00,55.67565020503793,57.388471176844696,55.67565020503793,57.009849548339844,12682200,0.0,0.0,0.0
2014-10-17 00:00:00-04:00,57.46961509142954,58.12770155320876,57.40651147545989,57.64089584350586,8512100,0.0,0.0,0.0
2014-10-20 00:00:00-04:00,57.496668395323276,58.49731653319541,57.496668395323276,58.44322967529297,6192200,0.0,0.0,0.0
2014-10-21 00:00:00-04:00,58.704637389422324,59.642181524183655,58.65054367545176,59.579071044921875,5534500,0.0,0.0,0.0
2014-10-22 00:00:00-04:00,59.75036497893036,59.894605736098065,59.02016505965793,59.06523513793945,7764600,0.0,0.0,0.0
2014-10-23 00:00:00-04:00,59.723335807534774,60.273241789343494,59.58811178486748,59.867576599121094,5183800,0.0,0.0,0.0
2014-10-24 00:00:00-04:00,59.68725028880566,59.85853443670649,59.38074905337951,59.81345748901367,4507100,0.0,0.0,0.0
2014-10-27 00:00:00-04:00,59.73233266437481,60.06587734761522,59.55203173499615,59.930660247802734,3720800,0.0,0.0,0.0
2014-10-28 00:00:00-04:00,60.18307506647025,60.59775689009921,59.97573071576715,60.5797233581543,7694500,0.0,0.0,0.0
2014-10-29 00:00:00-04:00,60.660875837176114,60.78708308159874,60.08392646902157,60.399444580078125,4885300,0.0,0.0,0.0
2014-10-30 00:00:00-04:00,60.273215404326926,60.976371761049926,58.59645476393677,60.796077728271484,5101900,0.0,0.0,0.0
2014-10-31 00:00:00-04:00,61.60741028456893,61.67052076418828,61.21977878594785,61.391056060791016,4739400,0.0,0.0,0.0
2014-11-03 00:00:00-05:00,61.5352967951608,61.5352967951608,61.27386562244814,61.391056060791016,15926100,0.0,0.0,0.0
2014-11-04 00:00:00-05:00,61.06653353185653,61.165697337176795,60.336333581569214,60.651851654052734,4944600,0.0,0.0,0.0
2014-11-05 00:00:00-05:00,61.16567416635777,61.18370769382715,60.55266491013399,60.895233154296875,10753400,0.0,0.0,0.0
2014-11-06 00:00:00-05:00,60.97639175878384,61.445167402189185,60.88624471283012,61.40910720825195,11250000,0.0,0.0,0.0
2014-11-07 00:00:00-05:00,61.21076510361335,61.37303249906391,61.048497708162785,61.30992889404297,3771000,0.0,0.0,0.0
2014-11-10 00:00:00-05:00,61.41811007165418,61.43614360544898,60.904264402949615,61.27387619018555,2650400,0.0,0.0,0.0
2014-11-11 00:00:00-05:00,61.34598658642938,61.54430728145202,61.174702432143135,61.53529739379883,3230400,0.0,0.0,0.0
2014-11-12 00:00:00-05:00,61.33697404502446,61.922940038345935,61.33697404502446,61.82377624511719,5266600,0.0,0.0,0.0
2014-11-13 00:00:00-05:00,61.616431580796686,62.37368173636795,61.616431580796686,62.2114143371582,10800100,0.0,0.0,0.0
2014-11-14 00:00:00-05:00,62.27453606377408,62.48187359778536,62.1393120454567,62.454830169677734,9558000,0.0,0.0,0.0
2014-11-17 00:00:00-05:00,62.24746952465504,62.57200429701296,62.21140934130674,62.382686614990234,4031100,0.0,0.0,0.0
2014-11-18 00:00:00-05:00,62.2474711468427,62.653136183973494,62.220420850294,62.49988555908203,4482100,0.0,0.0,0.0
2014-11-19 00:00:00-05:00,62.60807972743985,62.80640736705343,62.42778562476159,62.76133728027344,5017600,0.0,0.0,0.0
2014-11-20 00:00:00-05:00,62.47287194365543,63.19405534013356,62.45483840401987,63.03178787231445,5353100,0.0,0.0,0.0
2014-11-21 00:00:00-05:00,63.63575099372577,63.698861475137285,63.02274848857695,63.18500900268555,7782200,0.0,0.0,0.0
2014-11-24 00:00:00-05:00,63.518570196793064,63.79802807278261,63.3923629703605,63.7709846496582,3342600,0.0,0.0,0.0
2014-11-25 00:00:00-05:00,63.987351925556645,64.16764601552529,63.7349305707104,63.96931838989258,4250900,0.0,0.0,0.0
2014-11-26 00:00:00-05:00,63.95129055566901,64.01439417377516,63.84310997701052,63.96030044555664,2337400,0.0,0.0,0.0
2014-11-28 00:00:00-05:00,64.23075147573171,64.861787686487,64.23075147573171,64.73558044433594,3357200,0.0,0.0,0.0
2014-12-01 00:00:00-05:00,64.54626948644015,64.5552862545174,63.933259934986026,64.02340698242188,11885500,0.0,0.0,0.0
2014-12-02 00:00:00-05:00,64.11355689731938,64.393014790224,64.07749670504485,64.26680755615234,5166900,0.0,0.0,0.0
2014-12-03 00:00:00-05:00,64.36596797417278,64.43808835492199,64.08650321821406,64.37498474121094,5663200,0.0,0.0,0.0
2014-12-04 00:00:00-05:00,64.32089468755075,64.465135457281,64.02340325831594,64.33892822265625,6095100,0.0,0.0,0.0
2014-12-05 00:00:00-05:00,64.35693946308903,64.59132721886319,64.33891281008032,64.48314666748047,4480500,0.0,0.0,0.0
2014-12-08 00:00:00-05:00,64.34793892185971,64.48316292573818,63.74394616601821,63.96030044555664,4202900,0.0,0.0,0.0
2014-12-09 00:00:00-05:00,63.59971142932685,63.8971959805825,63.076848956075125,63.843109130859375,4438000,0.0,0.0,0.0
2014-12-10 00:00:00-05:00,63.734925176327856,63.83408898075121,62.93260485165023,62.99570846557617,5465200,0.0,0.0,0.0
2014-12-11 00:00:00-05:00,63.27519009138843,64.07751062996137,63.23011312180481,63.50957107543945,17569800,0.0,0.0,0.0
2014-12-12 00:00:00-05:00,63.230085227060556,63.77999100003923,62.9776708154199,63.103878021240234,12176100,0.0,0.0,0.0
2014-12-15 00:00:00-05:00,63.45547314327956,63.599713918557946,62.40073826572658,62.72527313232422,8882500,0.0,0.0,0.0
2014-12-16 00:00:00-05:00,62.517912953952695,62.97767171185785,61.70657599228977,61.76066970825195,9114800,0.0,0.0,0.0
2014-12-17 00:00:00-05:00,62.04013200888726,63.04979662028498,61.87786460487294,62.94161605834961,9713900,0.0,0.0,0.0
2014-12-18 00:00:00-05:00,63.83409175128127,63.97833251953126,63.16699539257107,63.97833251953125,18848500,0.0,0.0,0.0
2014-12-19 00:00:00-05:00,64.16208526565636,64.33407952805177,63.78189396526817,64.15303802490234,9830100,0.293,0.0,0.0
2014-12-22 00:00:00-05:00,64.27070438206168,64.77762603759766,64.27070438206168,64.77762603759766,4951200,0.0,0.0,0.0
2014-12-23 00:00:00-05:00,64.9949005253418,65.34793632558923,64.91342700651246,65.13973236083984,7337300,0.0,0.0,0.0
2014-12-24 00:00:00-05:00,65.3117207223265,65.3117207223265,65.01299602417151,65.03109741210938,1687800,0.0,0.0,0.0
2014-12-26 00:00:00-05:00,65.21213814179475,65.51991004452177,65.12161740018621,65.3841323852539,14102300,0.0,0.0,0.0
2014-12-29 00:00:00-05:00,65.3479189753925,65.99967932781638,65.20308027205853,65.88199615478516,23013600,0.0,0.0,0.0
2014-12-30 00:00:00-05:00,65.70097972816227,65.8639198783836,65.43846465801165,65.57424926757812,6051200,0.0,0.0,0.0
2014-12-31 00:00:00-05:00,65.78243386511959,66.05400303271075,65.28456626625686,65.31172180175781,6664000,0.0,0.0,0.0
2015-01-02 00:00:00-05:00,65.65570402181257,65.76433307108871,64.39744688610023,64.84100341796875,6185500,0.0,0.0,0.0
2015-01-05 00:00:00-05:00,64.596598928526,64.75048490728189,63.465072191277855,63.60085678100586,8582900,0.0,0.0,0.0
2015-01-06 00:00:00-05:00,63.8633715631396,63.881472952096715,62.54174226166425,62.96719741821289,7173000,0.0,0.0,0.0
2015-01-07 00:00:00-05:00,64.0262939752284,64.0262939752284,63.37453365243262,63.962928771972656,7411000,0.0,0.0,0.0
2015-01-08 00:00:00-05:00,64.49699983532763,65.01297555775871,64.19827523121265,64.92245483398438,6399100,0.0,0.0,0.0
2015-01-09 00:00:00-05:00,64.91341611007249,64.96772717598111,64.09871558999218,64.17113494873047,5629200,0.0,0.0,0.0
2015-01-12 00:00:00-05:00,64.29789116309811,64.37936470093007,63.56466385407533,63.827178955078125,6028300,0.0,0.0,0.0
2015-01-13 00:00:00-05:00,64.53325072025459,64.89534075288924,63.32930429691886,63.827178955078125,7551600,0.0,0.0,0.0
2015-01-14 00:00:00-05:00,62.9671925276984,63.30212690086572,62.33354036904731,63.05772018432617,10175000,0.0,0.0,0.0
2015-01-15 00:00:00-05:00,63.20253986045395,63.456000675216764,62.22489936954949,62.24300765991211,8051200,0.0,0.0,0.0
2015-01-16 00:00:00-05:00,62.27922673907447,63.13918419135096,62.007657592939644,63.06676483154297,9552100,0.0,0.0,0.0
2015-01-20 00:00:00-05:00,63.13917917039719,63.27496373266675,62.14343722423669,62.70466995239258,13937300,0.0,0.0,0.0
2015-01-21 00:00:00-05:00,62.66846216318152,63.31116833974726,62.48741379255719,63.11201858520508,9372000,0.0,0.0,0.0
2015-01-22 00:00:00-05:00,63.320233688567974,64.40650350412682,63.09392834027961,64.2978744506836,15175100,0.0,0.0,0.0
2015-01-23 00:00:00-05:00,64.37027650898214,64.52416244692485,64.04439634258036,64.20733642578125,4981700,0.0,0.0,0.0
2015-01-26 00:00:00-05:00,64.18018461298372,64.57847724564833,63.98103484350657,64.54227447509766,3453400,0.0,0.0,0.0
2015-01-27 00:00:00-05:00,63.80904806589888,64.44270712526067,63.600851032585666,64.02630615234375,5886200,0.0,0.0,0.0
2015-01-28 00:00:00-05:00,64.36124854989013,64.39745823936595,63.121099490231096,63.193511962890625,5197500,0.0,0.0,0.0
2015-01-29 00:00:00-05:00,63.401721401649745,64.18021252657877,63.03963138205372,64.05348205566406,8535000,0.0,0.0,0.0
2015-01-30 00:00:00-05:00,63.84527339677982,64.19830924092605,63.27498631922641,63.35645294189453,8027700,0.0,0.0,0.0
2015-02-02 00:00:00-05:00,63.51938116857468,63.97199184853823,62.51458490655233,63.926734924316406,20849400,0.0,0.0,0.0
2015-02-03 00:00:00-05:00,64.29786637140003,65.29360839749164,64.1439804114102,65.28456115722656,5614400,0.0,0.0,0.0
2015-02-04 00:00:00-05:00,65.27549873884051,66.05398949298352,65.21213353356326,65.71905517578125,9166000,0.0,0.0,0.0
2015-02-05 00:00:00-05:00,65.76434433949989,66.16263710917622,65.68287081200995,66.12643432617188,5077500,0.0,0.0,0.0
2015-02-06 00:00:00-05:00,66.21693584377796,66.35272041258727,65.81863628361464,66.02684020996094,4648300,0.0,0.0,0.0
2015-02-09 00:00:00-05:00,65.65571613469399,66.01780612612588,65.59235090416533,65.77339935302734,4367500,0.0,0.0,0.0
2015-02-10 00:00:00-05:00,66.30746373107355,66.70576333414698,65.95442795790967,66.57903289794922,5562000,0.0,0.0,0.0
2015-02-11 00:00:00-05:00,66.66955681995256,66.76913172545324,66.2984127346699,66.59713745117188,5313700,0.0,0.0,0.0
2015-02-12 00:00:00-05:00,66.88679960738199,67.41182960557013,66.69670396796013,67.38467407226562,4130800,0.0,0.0,0.0
2015-02-13 00:00:00-05:00,67.4661348913718,67.7920150756836,67.38466829843868,67.7920150756836,5332400,0.0,0.0,0.0
2015-02-17 00:00:00-05:00,67.69242597975244,67.95494090124012,67.35749862628987,67.63811492919922,4122000,0.0,0.0,0.0
2015-02-18 00:00:00-05:00,67.49330728299469,67.68340295361648,67.37563098393112,67.60193634033203,4143900,0.0,0.0,0.0
2015-02-19 00:00:00-05:00,67.67438075991723,67.9640514470733,67.67438075991723,67.81016540527344,3272500,0.0,0.0,0.0
2015-02-20 00:00:00-05:00,67.58381507528925,68.30798785902991,67.40276669963706,68.28988647460938,3930800,0.0,0.0,0.0
2015-02-23 00:00:00-05:00,68.24461810684721,68.4437678536502,68.01831283207818,68.22651672363281,3121200,0.0,0.0,0.0
2015-02-24 00:00:00-05:00,68.46188628295079,68.61577915689054,68.33515585002907,68.55241394042969,3518600,0.0,0.0,0.0
2015-02-25 00:00:00-05:00,68.60673387312245,69.26754165782758,68.52526035212408,69.07744598388672,6842100,0.0,0.0,0.0
2015-02-26 00:00:00-05:00,69.01410026442016,69.12272935435556,68.70632820237672,68.86021423339844,3504700,0.0,0.0,0.0
2015-02-27 00:00:00-05:00,68.82395674502504,68.99595095808235,68.70628049236349,68.76964569091797,3869100,0.0,0.0,0.0
2015-03-02 00:00:00-05:00,68.81495357599442,69.62060727768183,68.79685217997948,69.59344482421875,24004400,0.0,0.0,0.0
2015-03-03 00:00:00-05:00,69.45763829061165,69.4757396791216,68.92355409464095,69.4033203125,6025500,0.0,0.0,0.0
2015-03-04 00:00:00-05:00,69.3580545808169,69.3580545808169,68.75155109523993,69.04122161865234,4666300,0.0,0.0,0.0
2015-03-05 00:00:00-05:00,69.25849636391378,69.26754360605244,68.95977162233699,69.08650207519531,7784700,0.0,0.0,0.0
2015-03-06 00:00:00-05:00,68.85116018550052,68.95073512484998,68.12698697039662,68.26277160644531,7852500,0.0,0.0,0.0
2015-03-09 00:00:00-04:00,68.31706527481704,68.73346632121923,68.26275419676641,68.65199279785156,4225000,0.0,0.0,0.0
2015-03-10 00:00:00-04:00,68.10885494060263,68.17222016117722,67.56572349192174,67.58383178710938,7146300,0.0,0.0,0.0
2015-03-11 00:00:00-04:00,67.70151266957531,67.76487789444488,67.19459087061868,67.21269226074219,4592400,0.0,0.0,0.0
2015-03-12 00:00:00-04:00,67.47516584914972,68.62479333863527,67.47516584914972,68.57953643798828,6921500,0.0,0.0,0.0
2015-03-13 00:00:00-04:00,68.47999450302837,68.56146110712268,67.68339531833406,68.03643798828125,5582800,0.0,0.0,0.0
2015-03-16 00:00:00-04:00,68.28992956120241,68.86927091623816,68.28992956120241,68.83306121826172,5450700,0.0,0.0,0.0
2015-03-17 00:00:00-04:00,68.38041572372958,68.6519779615876,68.2174756184987,68.45283508300781,4927300,0.0,0.0,0.0
2015-03-18 00:00:00-04:00,68.32611430672068,69.27659263288966,67.81918562647269,69.05934143066406,7718500,0.0,0.0,0.0
2015-03-19 00:00:00-04:00,69.086500652886,69.62058489861505,68.70630930213815,68.95977020263672,4555500,0.0,0.0,0.0
2015-03-20 00:00:00-04:00,69.4184282958712,69.87255905616618,69.27310312642376,69.72723388671875,6243300,0.255,0.0,0.0
2015-03-23 00:00:00-04:00,69.68183159798457,70.05421525352298,69.60008445002151,69.60916900634766,3730700,0.0,0.0,0.0
2015-03-24 00:00:00-04:00,69.5819165001241,69.70907256020732,69.2276950571086,69.24585723876953,5275600,0.0,0.0,0.0
2015-03-25 00:00:00-04:00,69.13686903921112,69.30943401506792,68.11961364746094,68.11961364746094,5925800,0.0,0.0,0.0
2015-03-26 00:00:00-04:00,67.72906505901962,68.10145562920987,67.42025945109334,67.69273376464844,5054100,0.0,0.0,0.0
2015-03-27 00:00:00-04:00,67.59282676955999,68.17411364058255,67.59282676955999,68.03787994384766,3361900,0.0,0.0,0.0
2015-03-30 00:00:00-04:00,68.26495063161538,68.93706232901268,68.26495063161538,68.73724365234375,4593000,0.0,0.0,0.0
2015-03-31 00:00:00-04:00,68.63731097934193,69.1641042333773,68.237673761869,68.43749237060547,8129800,0.0,0.0,0.0
2015-04-01 00:00:00-04:00,68.28308147470754,68.4647309540382,67.6927102726577,68.13775634765625,7350700,0.0,0.0,0.0
2015-04-02 00:00:00-04:00,68.07419650467843,68.855301947333,68.00154085124579,68.7463150024414,4464800,0.0,0.0,0.0
2015-04-06 00:00:00-04:00,68.346683561018,69.35485446425035,68.26494334537067,69.07329559326172,4989300,0.0,0.0,0.0
2015-04-07 00:00:00-04:00,69.07330102484173,69.20045710106041,68.69182586669922,68.69182586669922,3148800,0.0,0.0,0.0
2015-04-08 00:00:00-04:00,68.86438463408815,69.34576210625912,68.80989116312091,69.33667755126953,4248500,0.0,0.0,0.0
2015-04-09 00:00:00-04:00,69.32762121022182,69.60918013597488,68.90073707795928,69.40028381347656,5251600,0.0,0.0,0.0
2015-04-10 00:00:00-04:00,69.49110293843624,69.70908380094515,69.39119359947661,69.63642120361328,3972100,0.0,0.0,0.0
2015-04-13 00:00:00-04:00,69.57284933611842,69.78175258961065,69.23679692024427,69.25495910644531,3146800,0.0,0.0,0.0
2015-04-14 00:00:00-04:00,69.02788618316734,69.4366011585099,68.79173621123185,69.21862030029297,2920300,0.0,0.0,0.0
2015-04-15 00:00:00-04:00,69.39119223318659,69.6091730914035,69.18228900234239,69.21862030029297,5759300,0.0,0.0,0.0
2015-04-16 00:00:00-04:00,69.37301295061273,69.5092535655853,69.19136341697299,69.35485076904297,6859900,0.0,0.0,0.0
2015-04-17 00:00:00-04:00,68.98246424550193,69.00971791367655,68.11053396003426,68.32852172851562,8591500,0.0,0.0,0.0
2015-04-20 00:00:00-04:00,68.61916614937543,69.20045301476046,68.61916614937543,69.0823745727539,4099900,0.0,0.0,0.0
2015-04-21 00:00:00-04:00,69.35484028196112,69.40933374791602,68.92795632002236,69.15502166748047,3917500,0.0,0.0,0.0
2015-04-22 00:00:00-04:00,69.33669182151745,69.34577637837673,68.81898295232315,69.21862030029297,3463300,0.0,0.0,0.0
2015-04-23 00:00:00-04:00,69.1187049858977,69.92705723930356,69.08237369108906,69.56375122070312,4135800,0.0,0.0,0.0
2015-04-24 00:00:00-04:00,70.16320963912068,70.56284696647488,70.04513812398702,70.50834655761719,4827800,0.0,0.0,0.0
2015-04-27 00:00:00-04:00,70.68093737990719,70.7445154326685,69.8180913882196,69.8907470703125,6925300,0.0,0.0,0.0
2015-04-28 00:00:00-04:00,69.78176374277773,69.82717268028168,69.14597625232678,69.64552307128906,5566200,0.0,0.0,0.0
2015-04-29 00:00:00-04:00,69.31853604919509,69.59101734428546,68.89165192064753,69.1732177734375,7243500,0.0,0.0,0.0
2015-04-30 00:00:00-04:00,68.84622961008237,69.29127583804218,68.0923708457422,68.40117645263672,10702700,0.0,0.0,0.0
2015-05-01 00:00:00-04:00,68.74631517330663,69.37301089644687,68.6554834796908,69.34576416015625,6110200,0.0,0.0,0.0
2015-05-04 00:00:00-04:00,69.89072688588799,69.89072688588799,69.39118716688402,69.49109649658203,3920900,0.0,0.0,0.0
2015-05-05 00:00:00-04:00,69.70906569290693,69.70906569290693,68.74631078155407,68.76447296142578,7856800,0.0,0.0,0.0
2015-05-06 00:00:00-04:00,68.94614076716336,69.036965540456,68.14686613142167,68.48292541503906,8298200,0.0,0.0,0.0
2015-05-07 00:00:00-04:00,68.48292149811435,68.96429900557007,68.31034958808849,68.83714294433594,5892400,0.0,0.0,0.0
2015-05-08 00:00:00-04:00,69.5364989082988,69.86347360588208,69.50925217174775,69.57283020019531,5673600,0.0,0.0,0.0
2015-05-11 00:00:00-04:00,69.51831961956684,69.87254096653204,69.25492301524949,69.26400756835938,6947200,0.0,0.0,0.0
2015-05-12 00:00:00-04:00,68.88256748704315,69.39119877682903,68.61009312094909,69.13688659667969,7510400,0.0,0.0,0.0
2015-05-13 00:00:00-04:00,69.1731893811039,69.40933234847033,68.64639612254615,68.70088958740234,7921600,0.0,0.0,0.0
2015-05-14 00:00:00-04:00,68.96433449404857,69.10057518104651,68.59194374488682,69.00975036621094,6830300,0.0,0.0,0.0
2015-05-15 00:00:00-04:00,69.0914582471627,69.56375122070312,69.01879565754543,69.56375122070312,7189900,0.0,0.0,0.0
2015-05-18 00:00:00-04:00,69.44568782107653,69.95431214883388,69.42752563629381,69.82715606689453,3961500,0.0,0.0,0.0
2015-05-19 00:00:00-04:00,70.01788677602244,70.16321196514579,69.73632788395395,69.80899047851562,4645400,0.0,0.0,0.0
2015-05-20 00:00:00-04:00,69.81806558236613,70.0360464070518,69.48200632513307,69.72723388671875,7407800,0.0,0.0,0.0
2015-05-21 00:00:00-04:00,69.57285642176859,70.15414345222557,69.57285642176859,69.99974060058594,2930400,0.0,0.0,0.0
2015-05-22 00:00:00-04:00,69.99063215271813,70.14504188114286,69.763566767401,69.88164520263672,2963800,0.0,0.0,0.0
2015-05-26 00:00:00-04:00,69.82716456605507,70.03606782866066,69.27312431467462,69.38211822509766,5336000,0.0,0.0,0.0
2015-05-27 00:00:00-04:00,69.51835776368516,69.99065084228731,69.37303255212298,69.89982604980469,3627700,0.0,0.0,0.0
2015-05-28 00:00:00-04:00,69.78175354003906,69.92707182008859,69.6000970281179,69.78175354003906,3254200,0.0,0.0,0.0
2015-05-29 00:00:00-04:00,69.5819358276983,69.83624801850432,69.20046754148927,69.30037689208984,6166500,0.0,0.0,0.0
2015-06-01 00:00:00-04:00,69.36393416347309,69.7454023354224,69.15503096674729,69.50016784667969,5547500,0.0,0.0,0.0
2015-06-02 00:00:00-04:00,69.34577423370624,69.99063916104042,69.25494945638202,69.65458679199219,7130800,0.0,0.0,0.0
2015-06-03 00:00:00-04:00,69.8453177185167,70.29944851391734,69.66366124266483,70.19953918457031,4398000,0.0,0.0,0.0
2015-06-04 00:00:00-04:00,70.03605625271845,70.18137451310925,69.58192542858177,69.69999694824219,5660500,0.0,0.0,0.0
2015-06-05 00:00:00-04:00,69.50016784667969,69.66365519601302,69.17320007749844,69.50016784667969,3513000,0.0,0.0,0.0
2015-06-08 00:00:00-04:00,69.41846549771556,69.44571224921731,68.99158124555032,69.00975036621094,3696400,0.0,0.0,0.0
2015-06-09 00:00:00-04:00,69.0279128278868,69.14598439468679,68.51928831922312,68.93708801269531,4686100,0.0,0.0,0.0
2015-06-10 00:00:00-04:00,69.22772342701533,69.80901049117777,69.14597625232678,69.64552307128906,4663700,0.0,0.0,0.0
2015-06-11 00:00:00-04:00,69.82714479811037,70.10871058795385,69.763566767401,69.88164520263672,4393300,0.0,0.0,0.0
2015-06-12 00:00:00-04:00,69.48201100449815,69.73632313867267,69.43659515361585,69.56375122070312,4067700,0.0,0.0,0.0
2015-06-15 00:00:00-04:00,69.12780723513818,69.36395724709362,68.86441047747397,69.23680114746094,4671400,0.0,0.0,0.0
2015-06-16 00:00:00-04:00,69.1641246790578,69.6727489756625,69.10962426907422,69.65458679199219,4106800,0.0,0.0,0.0
2015-06-17 00:00:00-04:00,69.7817466523502,70.13596815377437,69.47293407730875,69.97248077392578,4288600,0.0,0.0,0.0
2015-06-18 00:00:00-04:00,69.98156250984518,71.01698023065015,69.98156250984518,70.8171615600586,5791700,0.0,0.0,0.0
2015-06-19 00:00:00-04:00,70.94198681316217,71.00576689777837,70.56841278076172,70.56841278076172,5983300,0.247,0.0,0.0
2015-06-22 00:00:00-04:00,70.9328717498498,71.21533236221154,70.91465184816889,70.960205078125,3906000,0.0,0.0,0.0
2015-06-23 00:00:00-04:00,71.13332788346933,71.29733481029456,71.06043437121193,71.24266815185547,3511600,0.0,0.0,0.0
2015-06-24 00:00:00-04:00,71.02398874659323,71.35200260546937,70.7415350714808,70.75064849853516,5986700,0.0,0.0,0.0
2015-06-25 00:00:00-04:00,70.87819474627963,71.09686829206632,70.65040777522906,70.69596099853516,4429700,0.0,0.0,0.0
2015-06-26 00:00:00-04:00,70.98753749785085,71.19709762576245,70.74152366759836,70.97842407226562,8308600,0.0,0.0,0.0
2015-06-29 00:00:00-04:00,70.34973736255245,70.66863777731317,69.32014260875137,69.37480926513672,8979800,0.0,0.0,0.0
2015-06-30 00:00:00-04:00,70.07638706871599,70.08549354246774,69.3930261559739,69.6845932006836,7237300,0.0,0.0,0.0
2015-07-01 00:00:00-04:00,70.27686407694982,70.49554466843739,70.12197053827839,70.4773178100586,6022600,0.0,0.0,0.0
2015-07-02 00:00:00-04:00,70.68687029986793,70.9055438944557,70.13106941034668,70.34062957763672,6258900,0.0,0.0,0.0
2015-07-06 00:00:00-04:00,69.85773109648474,70.67776586996592,69.70283757024637,70.20397186279297,4049700,0.0,0.0,0.0
2015-07-07 00:00:00-04:00,70.27684925219812,70.82354366408335,69.42948125558588,70.8144302368164,6961700,0.0,0.0,0.0
2015-07-08 00:00:00-04:00,70.24951502275405,70.42263538106909,69.37481370704484,69.46592712402344,6825300,0.0,0.0,0.0
2015-07-09 00:00:00-04:00,70.15839175626755,70.47729214667642,69.69370435795338,69.75748443603516,5927600,0.0,0.0,0.0
2015-07-10 00:00:00-04:00,70.44997465996248,70.91466216275315,70.27685428702878,70.76887512207031,4658300,0.0,0.0,0.0
2015-07-13 00:00:00-04:00,71.26998318185682,71.83489037803685,71.26998318185682,71.78933715820312,6064700,0.0,0.0,0.0
2015-07-14 00:00:00-04:00,71.95335615229331,72.00802280589636,71.72556916027087,71.88046264648438,3751000,0.0,0.0,0.0
2015-07-15 00:00:00-04:00,71.91691931431511,71.98981283017362,71.64357210559984,71.80757904052734,2714300,0.0,0.0,0.0
2015-07-16 00:00:00-04:00,72.30869126293304,72.32691116059765,71.88956410158538,72.24491119384766,3277400,0.0,0.0,0.0
2015-07-17 00:00:00-04:00,72.35424808499569,72.36335455765335,71.88044734957462,72.11734771728516,3244800,0.0,0.0,0.0
2015-07-20 00:00:00-04:00,72.49092888726082,72.49092888726082,72.04446833689106,72.15380859375,2554700,0.0,0.0,0.0
2015-07-21 00:00:00-04:00,72.50002305760299,72.50002305760299,71.72554889385964,71.9260025024414,2676900,0.0,0.0,0.0
2015-07-22 00:00:00-04:00,71.91690020843193,72.39069403262471,71.82578681356867,72.27224731445312,3209700,0.0,0.0,0.0
2015-07-23 00:00:00-04:00,72.41803701638749,72.55470363804145,71.6800025019226,71.84400939941406,3761000,0.0,0.0,0.0
2015-07-24 00:00:00-04:00,73.25629140289637,73.25629140289637,71.71644925153257,71.84400939941406,5169600,0.0,0.0,0.0
2015-07-27 00:00:00-04:00,71.57066834923185,71.8895687151243,71.1150944118122,71.30643463134766,5552300,0.0,0.0,0.0
2015-07-28 00:00:00-04:00,71.09689083098473,72.00803900403646,71.09689083098473,71.86225891113281,5448500,0.0,0.0,0.0
2015-07-29 00:00:00-04:00,72.05358572101231,72.71871987013107,71.98069221243536,72.60027313232422,5812200,0.0,0.0,0.0
2015-07-30 00:00:00-04:00,72.29048187062746,72.94650956907105,72.16292170165319,72.86450958251953,3303200,0.0,0.0,0.0
2015-07-31 00:00:00-04:00,73.02850508174133,73.37473877885887,72.83716485821532,73.09228515625,3665200,0.0,0.0,0.0
2015-08-03 00:00:00-04:00,72.9464945196415,73.34740179742626,72.4544738473165,72.84626770019531,5757100,0.0,0.0,0.0
2015-08-04 00:00:00-04:00,72.93741616122547,73.32009673670915,72.82807587472624,73.15608978271484,5703700,0.0,0.0,0.0
2015-08-05 00:00:00-04:00,73.25629318169901,73.44763340816735,72.23580502236094,72.36336517333984,5941300,0.0,0.0,0.0
2015-08-06 00:00:00-04:00,72.61847985215225,72.61847985215225,70.60484396590154,71.37931823730469,7744700,0.0,0.0,0.0
2015-08-07 00:00:00-04:00,71.46135012732425,71.52513022016086,70.82354919895816,71.32467651367188,6452900,0.0,0.0,0.0
2015-08-10 00:00:00-04:00,71.86225014275803,72.12648391488324,71.75290987278993,71.89869689941406,3837100,0.0,0.0,0.0
2015-08-11 00:00:00-04:00,71.43402673511255,71.60714018175321,70.91467249217112,71.25179290771484,5674700,0.0,0.0,0.0
2015-08-12 00:00:00-04:00,71.03309949656987,71.05132634999165,69.77571771927128,70.94198608398438,7136900,0.0,0.0,0.0
2015-08-13 00:00:00-04:00,70.89640821591273,71.78933612011693,70.87818831854393,71.35198211669922,4424300,0.0,0.0,0.0
2015-08-14 00:00:00-04:00,71.26999995166976,71.49778695895506,71.133326356997,71.3975601196289,4739600,0.0,0.0,0.0
2015-08-17 00:00:00-04:00,71.14244357994046,72.12648517228429,71.07866349255751,72.08092498779297,4420500,0.0,0.0,0.0
2015-08-18 00:00:00-04:00,72.16291899806146,72.43626617934126,72.00802550603979,72.14469909667969,5849700,0.0,0.0,0.0
2015-08-19 00:00:00-04:00,71.93512868890205,72.55470957999925,71.67090189772742,72.01713562011719,5740900,0.0,0.0,0.0
2015-08-20 00:00:00-04:00,71.32466770380522,71.47956120277505,69.97617249282045,69.99439239501953,9412300,0.0,0.0,0.0
2015-08-21 00:00:00-04:00,69.29279461879202,69.51146814957167,67.68917250622677,67.7529525756836,18601300,0.0,0.0,0.0
2015-08-24 00:00:00-04:00,63.83502366031478,67.29738867846021,60.13576517837009,65.0468521118164,23817100,0.0,0.0,0.0
2015-08-25 00:00:00-04:00,66.67780500182522,67.20627246329681,64.74616891067406,64.7826156616211,12093800,0.0,0.0,0.0
2015-08-26 00:00:00-04:00,66.26780104698454,67.32472917517374,65.00129885613774,67.24272918701172,18895100,0.0,0.0,0.0
2015-08-27 00:00:00-04:00,68.29052521936687,69.00122634669036,67.43405100950012,68.8189926147461,16115600,0.0,0.0,0.0
2015-08-28 00:00:00-04:00,68.59120845176471,69.24723601042024,68.42720156210083,68.84632873535156,7644500,0.0,0.0,0.0
2015-08-31 00:00:00-04:00,68.53655229231961,68.9283462024915,68.11742505493928,68.31787872314453,10108900,0.0,0.0,0.0
2015-09-01 00:00:00-04:00,66.82359392479553,67.61629522223231,66.21312640628507,66.58670043945312,13939900,0.0,0.0,0.0
2015-09-02 00:00:00-04:00,67.2518486295501,68.00810332878685,66.89650137598282,67.98988342285156,7694600,0.0,0.0,0.0
2015-09-03 00:00:00-04:00,68.12652231993243,68.89189013583952,67.78940206125876,68.0171890258789,6600800,0.0,0.0,0.0
2015-09-04 00:00:00-04:00,67.03314875072348,67.68006290649016,66.72336181057038,67.28826904296875,7155600,0.0,0.0,0.0
2015-09-08 00:00:00-04:00,68.55476170389426,68.91010880624827,68.06274103490261,68.84632873535156,5255200,0.0,0.0,0.0
2015-09-09 00:00:00-04:00,69.49326423082007,69.58438460425906,67.95342863112202,68.10832214355469,7682100,0.0,0.0,0.0
2015-09-10 00:00:00-04:00,67.87141143455493,68.72789276466382,67.82585820622394,68.29965209960938,6206100,0.0,0.0,0.0
2015-09-11 00:00:00-04:00,68.11743840913113,68.81901943388466,67.97165136676173,68.80990600585938,4609600,0.0,0.0,0.0
2015-09-14 00:00:00-04:00,68.7643349534898,68.83722845578946,68.19942073792788,68.4454345703125,3592300,0.0,0.0,0.0
2015-09-15 00:00:00-04:00,68.46366478534374,69.34747951724461,68.12653750004411,69.16525268554688,5570400,0.0,0.0,0.0
2015-09-16 00:00:00-04:00,69.28368793974822,70.03994237372824,69.09234771274849,69.94882202148438,6615900,0.0,0.0,0.0
2015-09-17 00:00:00-04:00,69.97618709614686,71.1880089632559,69.86684680561045,70.1310806274414,10995200,0.0,0.0,0.0
2015-09-18 00:00:00-04:00,69.29786139289622,69.95636141936504,68.90459093140544,69.01434326171875,9861500,0.289,0.0,0.0
2015-09-21 00:00:00-04:00,69.3436263773056,69.94725401562239,69.04181255814721,69.61800384521484,7018100,0.0,0.0,0.0
2015-09-22 00:00:00-04:00,68.7491399702235,68.88632869111743,68.20039206435601,68.69426727294922,7645200,0.0,0.0,0.0
2015-09-23 00:00:00-04:00,68.6850954573312,68.87715680827687,68.2826841886523,68.5113296508789,5385600,0.0,0.0,0.0
2015-09-24 00:00:00-04:00,68.10890960342212,68.42901184653344,67.38638912456769,68.32840728759766,6978700,0.0,0.0,0.0
2015-09-25 00:00:00-04:00,69.0783719483102,69.23384920151724,67.99001722044821,68.31926727294922,5854000,0.0,0.0,0.0
2015-09-28 00:00:00-04:00,67.85284991398285,68.09978401691313,66.18831072982616,66.35293579101562,12015400,0.0,0.0,0.0
2015-09-29 00:00:00-04:00,66.38035624367677,66.85593576339917,65.72185615659485,66.13341522216797,6177100,0.0,0.0,0.0
2015-09-30 00:00:00-04:00,67.11202584767385,67.9900237460435,66.80107131141474,67.91686248779297,10798600,0.0,0.0,0.0
2015-10-01 00:00:00-04:00,67.95344431000231,68.42902387224521,67.37725319343659,68.41987609863281,8362700,0.0,0.0,0.0
2015-10-02 00:00:00-04:00,67.35894700171642,69.3984603881836,67.2674902226394,69.3984603881836,8201800,0.0,0.0,0.0
2015-10-05 00:00:00-04:00,69.90150195896223,70.55085433624812,69.66370868717786,70.42281341552734,7018000,0.0,0.0,0.0
2015-10-06 00:00:00-04:00,70.19417814711025,70.66061698497303,69.57226202252917,69.9015121459961,9086000,0.0,0.0,0.0
2015-10-07 00:00:00-04:00,70.05698147498111,70.31306332465434,69.46250176526425,70.13929748535156,7794300,0.0,0.0,0.0
2015-10-08 00:00:00-04:00,69.83749944938445,71.09962041134611,69.81006309899313,70.99901580810547,6341600,0.0,0.0,0.0
2015-10-09 00:00:00-04:00,71.01727838103895,71.14531927521105,70.67888060203816,71.081298828125,8352700,0.0,0.0,0.0
2015-10-12 00:00:00-04:00,71.1270498759918,71.61178427091028,71.11790907855203,71.41971588134766,5489000,0.0,0.0,0.0
2015-10-13 00:00:00-04:00,71.18191996792845,71.79468824389545,70.94412669005057,71.03558349609375,7581500,0.0,0.0,0.0
2015-10-14 00:00:00-04:00,71.03558522259905,71.28252628039522,70.15758730337238,70.31306457519531,7015900,0.0,0.0,0.0
2015-10-15 00:00:00-04:00,70.70631924972898,71.23677838731851,70.16671931776095,71.22763061523438,5703200,0.0,0.0,0.0
2015-10-16 00:00:00-04:00,71.20021227427911,71.63006696071635,71.15448735771163,71.60263061523438,5319200,0.0,0.0,0.0
2015-10-19 00:00:00-04:00,71.40142533420148,71.98675732872623,71.3374048653537,71.94103240966797,4928700,0.0,0.0,0.0
2015-10-20 00:00:00-04:00,71.84043043050806,72.16968056161068,71.62092569130097,71.84957122802734,5013800,0.0,0.0,0.0
2015-10-21 00:00:00-04:00,72.03247998132579,72.19710501976573,71.43800028819784,71.52945709228516,5012400,0.0,0.0,0.0
2015-10-22 00:00:00-04:00,71.97758343556889,72.60864709786772,71.840401750465,72.4714584350586,8227500,0.0,0.0,0.0
2015-10-23 00:00:00-04:00,73.47751553855467,73.54154297803153,72.4440403763535,72.82816314697266,7895100,0.0,0.0,0.0
2015-10-26 00:00:00-04:00,72.8556122718187,73.46838059438315,72.8007326018539,73.34033966064453,6025000,0.0,0.0,0.0
2015-10-27 00:00:00-04:00,73.16654774714421,73.25800453628699,72.6818204847523,72.9927749633789,4471200,0.0,0.0,0.0
2015-10-28 00:00:00-04:00,73.27632230490832,73.68788146972656,72.72756744820683,73.68788146972656,11357900,0.0,0.0,0.0
2015-10-29 00:00:00-04:00,73.58726238754085,74.02626479091509,72.88303736075002,73.89822387695312,4724800,0.0,0.0,0.0
2015-10-30 00:00:00-04:00,74.0445631630897,74.54758609004506,73.85250176671786,74.0537109375,7771100,0.0,0.0,0.0
2015-11-02 00:00:00-05:00,74.31892859338356,74.50184218585908,73.85248986155284,74.39208984375,7735000,0.0,0.0,0.0
2015-11-03 00:00:00-05:00,74.30979443243893,74.86769006270217,74.25492174018602,74.67562866210938,7283500,0.0,0.0,0.0
2015-11-04 00:00:00-05:00,74.80366335193445,74.87683158730265,73.81591310758458,74.1908950805664,6265900,0.0,0.0,0.0
2015-11-05 00:00:00-05:00,74.3006391102825,74.67562107647318,73.90736857443447,74.45612335205078,6964700,0.0,0.0,0.0
2015-11-06 00:00:00-05:00,74.26406182282484,74.63904382350007,73.98969138649154,74.46527099609375,6593200,0.0,0.0,0.0
2015-11-09 00:00:00-05:00,74.11773731481749,74.35553062450055,72.92877774411016,73.44094848632812,7009600,0.0,0.0,0.0
2015-11-10 00:00:00-05:00,73.3403424957785,74.13602447509766,73.23973790427941,74.13602447509766,7331400,0.0,0.0,0.0
2015-11-11 00:00:00-05:00,74.29150119806387,74.30978976843113,73.54154421427846,73.697021484375,7086700,0.0,0.0,0.0
2015-11-12 00:00:00-05:00,73.23972336565897,73.70615513070153,72.95619821966709,73.01107788085938,6075700,0.0,0.0,0.0
2015-11-13 00:00:00-05:00,72.544628186669,72.64523274300993,71.0081304816593,71.09044647216797,11377200,0.0,0.0,0.0
2015-11-16 00:00:00-05:00,70.80693728650743,71.95016479492188,70.660607793838,71.95016479492188,7383200,0.0,0.0,0.0
2015-11-17 00:00:00-05:00,72.3068389993559,72.71840501945394,71.84954807327304,72.08734130859375,7452300,0.0,0.0,0.0
2015-11-18 00:00:00-05:00,72.28856160249877,73.41349354697134,72.12393656456292,73.32203674316406,7137600,0.0,0.0,0.0
2015-11-19 00:00:00-05:00,73.37693603445268,73.68789064611283,73.21231095248297,73.41351318359375,5685200,0.0,0.0,0.0
2015-11-20 00:00:00-05:00,73.97140219916427,74.30065233324653,73.78848855921107,74.29151153564453,5564900,0.0,0.0,0.0
2015-11-23 00:00:00-05:00,74.41040253457889,74.85854582379532,74.27321381975936,74.56587982177734,4172000,0.0,0.0,0.0
2015-11-24 00:00:00-05:00,73.98053051553076,74.62988283758739,73.64213269514649,74.41038513183594,4545400,0.0,0.0,0.0
2015-11-25 00:00:00-05:00,74.54757596294648,74.90426236171173,74.52013962115015,74.78536224365234,3703200,0.0,0.0,0.0
2015-11-27 00:00:00-05:00,74.80365990781041,74.80365990781041,74.2000324603755,74.51099395751953,2282600,0.0,0.0,0.0
2015-11-30 00:00:00-05:00,74.76708191521796,74.76708191521796,73.79762718380132,73.87993621826172,8647000,0.0,0.0,0.0
2015-12-01 00:00:00-05:00,74.28236684759783,74.66648969408902,74.07200987297166,74.63905334472656,8187400,0.0,0.0,0.0
2015-12-02 00:00:00-05:00,74.74879749950748,74.76708607116839,73.84335620387044,73.98969268798828,6263500,0.0,0.0,0.0
2015-12-03 00:00:00-05:00,74.30064719779249,74.30064719779249,72.55379903053992,72.8739013671875,9828900,0.0,0.0,0.0
2015-12-04 00:00:00-05:00,73.1391061477,74.37379015658826,72.96533337643318,74.28233337402344,7032200,0.0,0.0,0.0
2015-12-07 00:00:00-05:00,74.17260657742128,74.30979528733944,73.45923365909604,73.97139739990234,6535400,0.0,0.0,0.0
2015-12-08 00:00:00-05:00,73.34945860052922,74.11771095174097,73.15739725715265,73.75187683105469,6083500,0.0,0.0,0.0
2015-12-09 00:00:00-05:00,73.60557207390043,74.14517217529885,72.4623444241162,72.80988311767578,9735800,0.0,0.0,0.0
2015-12-10 00:00:00-05:00,73.01108355778833,73.51409947683527,72.74585393747326,73.05680847167969,4730100,0.0,0.0,0.0
2015-12-11 00:00:00-05:00,72.09648962947118,72.37086000058517,71.24592822137672,71.39225769042969,10104200,0.0,0.0,0.0
2015-12-14 00:00:00-05:00,71.43799251924997,71.9135720354085,70.6605993024896,71.75809478759766,14958000,0.0,0.0,0.0
2015-12-15 00:00:00-05:00,72.48976501023502,72.83730362823124,72.09649450510753,72.1513671875,7978800,0.0,0.0,0.0
2015-12-16 00:00:00-05:00,72.65440219253647,73.49581602597952,72.06907022338412,73.35862731933594,12074700,0.0,0.0,0.0
2015-12-17 00:00:00-05:00,73.36776281704626,73.62384463848623,72.1513671875,72.1513671875,9224600,0.0,0.0,0.0
2015-12-18 00:00:00-05:00,72.02738169808507,72.04574591888348,70.97126033463285,71.01718139648438,15053000,0.325,0.0,0.0
2015-12-21 00:00:00-05:00,71.49473591663363,71.7335128521751,70.88861847296201,71.37535095214844,7089000,0.0,0.0,0.0
2015-12-22 00:00:00-05:00,71.7427137785831,72.03659045175067,71.33863072551296,71.89883422851562,6732900,0.0,0.0,0.0
2015-12-23 00:00:00-05:00,72.09168265132553,72.34882383782016,71.96311205807821,72.26617431640625,6024800,0.0,0.0,0.0
2015-12-24 00:00:00-05:00,72.14679766157641,72.3121037460993,72.0182270410112,72.07333374023438,1911800,0.0,0.0,0.0
2015-12-28 00:00:00-05:00,71.88963338072288,72.3029019628694,71.68759189699406,72.2569808959961,4055900,0.0,0.0,0.0
2015-12-29 00:00:00-05:00,72.69779916876031,73.20289587049078,72.55085736031947,73.09268951416016,5740200,0.0,0.0,0.0
2015-12-30 00:00:00-05:00,73.03761281978052,73.06516266588866,72.48659487789764,72.50495910644531,3218900,0.0,0.0,0.0
2015-12-31 00:00:00-05:00,72.16516128389623,72.56005872156555,71.77026384622688,71.77944946289062,6580200,0.0,0.0,0.0
2016-01-04 00:00:00-05:00,70.51209266905633,70.64984887720212,69.77740456989852,70.548828125,13400400,0.0,0.0,0.0
2016-01-05 00:00:00-05:00,70.6130982435131,70.85187515253772,69.95187419179587,70.45697784423828,7424900,0.0,0.0,0.0
2016-01-06 00:00:00-05:00,69.42840609692347,70.13555120808486,69.2080004159116,69.76820373535156,10115400,0.0,0.0,0.0
2016-01-07 00:00:00-05:00,68.38149298864015,69.52944984180677,68.17945146143121,68.33557891845703,12645200,0.0,0.0,0.0
2016-01-08 00:00:00-05:00,68.88658878157143,69.18964403050718,67.44475542222654,67.60087585449219,10797700,0.0,0.0,0.0
2016-01-11 00:00:00-05:00,68.00492861065015,68.4090044316734,67.14166329954695,68.13349914550781,13232700,0.0,0.0,0.0
2016-01-12 00:00:00-05:00,68.61108423280632,69.29985834343671,68.08761618899013,68.8865966796875,8737100,0.0,0.0,0.0
2016-01-13 00:00:00-05:00,69.17128784631346,69.17128784631346,66.42537701608708,66.5631332397461,14930500,0.0,0.0,0.0
2016-01-14 00:00:00-05:00,66.7008670007743,67.63760349933497,65.4335254512421,67.04066467285156,15919400,0.0,0.0,0.0
2016-01-15 00:00:00-05:00,65.29578412114643,66.10395022644661,64.9008866851218,65.66313171386719,14551500,0.0,0.0,0.0
2016-01-19 00:00:00-05:00,66.38865637600153,66.68253311567587,65.24069926687142,65.91110229492188,11622600,0.0,0.0,0.0
2016-01-20 00:00:00-05:00,64.9651567658165,65.90189325808838,63.31210349577288,65.33250427246094,21443200,0.0,0.0,0.0
2016-01-21 00:00:00-05:00,65.53455379781377,66.95802293337124,65.20394170189812,66.16822814941406,15944200,0.0,0.0,0.0
2016-01-22 00:00:00-05:00,67.24272125890731,67.58251200074577,66.9121091270946,67.32537078857422,7185100,0.0,0.0,0.0
2016-01-25 00:00:00-05:00,67.31618476184286,67.49985503413698,66.48046890778959,66.55393981933594,7148400,0.0,0.0,0.0
2016-01-26 00:00:00-05:00,66.80190284680538,67.66516863743935,66.47129071450183,67.52741241455078,7950100,0.0,0.0,0.0
2016-01-27 00:00:00-05:00,67.40801956007512,67.84883101399991,66.15904209633528,66.47128295898438,10642700,0.0,0.0,0.0
2016-01-28 00:00:00-05:00,67.3070065619502,67.50904808767714,66.13149987398165,67.32537078857422,10402200,0.0,0.0,0.0
2016-01-29 00:00:00-05:00,66.98555025828463,68.12432098002165,66.73758776640767,68.0600357055664,11526300,0.0,0.0,0.0
2016-02-01 00:00:00-05:00,67.66513084360186,68.74880178163795,67.34370450744045,68.4732894897461,8299400,0.0,0.0,0.0
2016-02-02 00:00:00-05:00,68.00497426466593,68.21619442520185,66.90293136045935,67.14170837402344,9048900,0.0,0.0,0.0
2016-02-03 00:00:00-05:00,67.77536724433423,67.81209569342465,65.68148831102144,66.96720123291016,13351800,0.0,0.0,0.0
2016-02-04 00:00:00-05:00,66.755988875404,66.92129494179972,66.00292946328409,66.58149719238281,9937800,0.0,0.0,0.0
2016-02-05 00:00:00-05:00,66.28759727991874,66.3426969472092,64.24882551133031,64.43250274658203,12823400,0.0,0.0,0.0
2016-02-08 00:00:00-05:00,63.725361007887074,63.725361007887074,62.09067206420604,63.183528900146484,13176000,0.0,0.0,0.0
2016-02-09 00:00:00-05:00,62.375381816272714,63.817215341834675,62.26518244270911,63.08252716064453,14473700,0.0,0.0,0.0
2016-02-10 00:00:00-05:00,63.13762662297094,64.06517771774509,62.944770713347665,62.972320556640625,13287200,0.0,0.0,0.0
2016-02-11 00:00:00-05:00,62.07231170668689,63.33047478010586,62.07231170668689,62.935577392578125,13565300,0.0,0.0,0.0
2016-02-12 00:00:00-05:00,63.624351731061914,64.12026987179482,63.02741283907387,64.09272003173828,10927200,0.0,0.0,0.0
2016-02-16 00:00:00-05:00,65.03862806182647,65.66311672492778,64.65291633047386,65.6447525024414,10470400,0.0,0.0,0.0
2016-02-17 00:00:00-05:00,66.33354132499868,67.23353556658546,66.25088478885232,67.05904388427734,9774700,0.0,0.0,0.0
2016-02-18 00:00:00-05:00,67.09577200943755,67.11414324060516,66.3886337540635,66.61822509765625,6974200,0.0,0.0,0.0
2016-02-19 00:00:00-05:00,66.19580032051643,66.82028926718448,65.80090279532084,66.80191802978516,7591600,0.0,0.0,0.0
2016-02-22 00:00:00-05:00,67.39884203102359,68.19782252115982,67.34374234431507,68.0968017578125,5645000,0.0,0.0,0.0
2016-02-23 00:00:00-05:00,67.90394554868539,68.38149251339182,67.5365979569106,67.72026824951172,6456700,0.0,0.0,0.0
2016-02-24 00:00:00-05:00,67.1600422068514,68.22534916478003,66.40698304942848,68.11514282226562,10821600,0.0,0.0,0.0
2016-02-25 00:00:00-05:00,68.18861438958125,68.81310299017962,67.8029026968332,68.79473876953125,5548200,0.0,0.0,0.0
2016-02-26 00:00:00-05:00,69.23555764238337,69.23555764238337,68.58351913678557,68.72127532958984,6966300,0.0,0.0,0.0
2016-02-29 00:00:00-05:00,68.73963185173504,69.27228533407033,68.36310577392578,68.36310577392578,8742800,0.0,0.0,0.0
2016-03-01 00:00:00-05:00,68.96004571718487,70.22739429156039,68.7304543965019,70.17229461669922,9345800,0.0,0.0,0.0
2016-03-02 00:00:00-05:00,70.05292490479907,70.18149552470871,69.6121133527013,70.10802459716797,7637800,0.0,0.0,0.0
2016-03-03 00:00:00-05:00,69.98860963575413,70.53044873621255,69.80493940209688,70.5212631225586,9519400,0.0,0.0,0.0
2016-03-04 00:00:00-05:00,70.55799857472675,70.76004003570372,70.14473003911834,70.45697784423828,7746700,0.0,0.0,0.0
2016-03-07 00:00:00-05:00,70.08963774546277,70.51208493260707,69.74066146214469,70.15392303466797,7435500,0.0,0.0,0.0
2016-03-08 00:00:00-05:00,69.74066911097192,70.25495148101757,69.53862760657633,69.60291290283203,6340000,0.0,0.0,0.0
2016-03-09 00:00:00-05:00,69.86923219979717,69.92433187450692,69.28147898098977,69.74066162109375,6744700,0.0,0.0,0.0
2016-03-10 00:00:00-05:00,70.0712885886546,70.36516526057424,69.00598127383806,69.9151611328125,8060400,0.0,0.0,0.0
2016-03-11 00:00:00-05:00,70.50291495017325,70.98965454101562,70.32843027311229,70.98965454101562,5693600,0.0,0.0,0.0
2016-03-14 00:00:00-04:00,70.78760488932528,71.45800769036818,70.78760488932528,71.25596618652344,5500300,0.0,0.0,0.0
2016-03-15 00:00:00-04:00,70.80596180114308,71.26514444188535,70.80596180114308,71.23759460449219,4499600,0.0,0.0,0.0
2016-03-16 00:00:00-04:00,71.15496011144751,71.97230482396526,70.95291858582334,71.81617736816406,7254300,0.0,0.0,0.0
2016-03-17 00:00:00-04:00,71.6600265604702,72.18349437938039,71.43962090160527,71.91716766357422,6160800,0.0,0.0,0.0
2016-03-18 00:00:00-04:00,72.04722449338418,72.36075761793018,71.88123802401553,72.01033782958984,9706500,0.321,0.0,0.0
2016-03-21 00:00:00-04:00,71.99187660243528,72.13019979166884,71.5953538788509,72.04720306396484,4049400,0.0,0.0,0.0
2016-03-22 00:00:00-04:00,71.53082244999287,72.13021840104082,71.50315921209105,71.9273452758789,4492300,0.0,0.0,0.0
2016-03-23 00:00:00-04:00,71.58611425107456,71.77054747343706,71.3463616151154,71.42012786865234,8522000,0.0,0.0,0.0
2016-03-24 00:00:00-04:00,70.83919811766023,71.52158363557827,70.63632503615246,71.51236724853516,6958100,0.0,0.0,0.0
2016-03-28 00:00:00-04:00,71.61380064410643,72.14863952092577,71.55846714722814,71.83511352539062,5132600,0.0,0.0,0.0
2016-03-29 00:00:00-04:00,71.73368927972027,72.6281714155725,71.73368927972027,72.5636215209961,5489600,0.0,0.0,0.0
2016-03-30 00:00:00-04:00,72.85870228491764,73.19067515648861,72.72037908252801,73.02468872070312,5274200,0.0,0.0,0.0
2016-03-31 00:00:00-04:00,72.9140176790082,73.20910384943622,72.82180456988867,72.94168090820312,5070400,0.0,0.0,0.0
2016-04-01 00:00:00-04:00,72.48061235239611,73.40275756562102,72.4252858909337,73.2459945678711,8141800,0.0,0.0,0.0
2016-04-04 00:00:00-04:00,73.32899296474359,73.40276627905732,72.58205750469588,72.67427062988281,9471800,0.0,0.0,0.0
2016-04-05 00:00:00-04:00,72.30541780719528,72.43451758896425,71.89044819258605,72.05643463134766,8548000,0.0,0.0,0.0
2016-04-06 00:00:00-04:00,72.14864290622795,72.80336519416257,71.96421666907256,72.73881530761719,6777100,0.0,0.0,0.0
2016-04-07 00:00:00-04:00,72.44372090504132,72.67425719308986,71.60457247495742,71.91809844970703,5173400,0.0,0.0,0.0
2016-04-08 00:00:00-04:00,72.2132114627273,72.28698479082675,71.54004919120223,71.8074722290039,5159300,0.0,0.0,0.0
2016-04-11 00:00:00-04:00,72.02878266150839,72.35153216640325,71.50316002913347,71.54004669189453,5871000,0.0,0.0,0.0
2016-04-12 00:00:00-04:00,71.55847625880915,72.19475878835529,71.23572680013015,72.08409881591797,5751300,0.0,0.0,0.0
2016-04-13 00:00:00-04:00,72.50829245486366,73.12613523839967,72.38841608199823,73.09846496582031,5040500,0.0,0.0,0.0
2016-04-14 00:00:00-04:00,73.14457505137463,73.3197849339875,72.8494887958963,73.09846496582031,3462300,0.0,0.0,0.0
2016-04-15 00:00:00-04:00,73.10768849992182,73.34744828142443,72.89559899104017,73.30133819580078,4299700,0.0,0.0,0.0
2016-04-18 00:00:00-04:00,73.30131866367122,73.99292755126953,73.09844559764355,73.99292755126953,4463000,0.0,0.0,0.0
2016-04-19 00:00:00-04:00,74.0851486114355,74.19580857807179,73.31054995121202,73.58719635009766,4272800,0.0,0.0,0.0
2016-04-20 00:00:00-04:00,73.77161832823067,73.92838132867982,73.328985522681,73.67940521240234,4785500,0.0,0.0,0.0
2016-04-21 00:00:00-04:00,73.87306814564013,74.0113913619524,73.39354860047904,73.42121887207031,4142700,0.0,0.0,0.0
2016-04-22 00:00:00-04:00,73.4581073159292,73.68864367024419,72.8218247266882,73.27367401123047,4730000,0.0,0.0,0.0
2016-04-25 00:00:00-04:00,73.13533900557479,73.36587532273816,72.84025280102209,73.35665893554688,3897200,0.0,0.0,0.0
2016-04-26 00:00:00-04:00,73.48576493486529,73.77162774103037,73.13534520043257,73.53186798095703,3898500,0.0,0.0,0.0
2016-04-27 00:00:00-04:00,73.49497898677127,73.64252561456063,73.09845621885043,73.45809936523438,5711600,0.0,0.0,0.0
2016-04-28 00:00:00-04:00,73.09844903878147,73.74395491883965,72.50827665641441,72.66504669189453,7300400,0.0,0.0,0.0
2016-04-29 00:00:00-04:00,73.26445666151476,73.38434007836128,72.48063439893912,73.03392028808594,8399500,0.0,0.0,0.0
2016-05-02 00:00:00-04:00,73.23677872591132,74.11282099039211,73.14456560212659,74.05748748779297,6648000,0.0,0.0,0.0
2016-05-03 00:00:00-04:00,73.50421424331222,73.80852393556079,73.22757482478663,73.37511444091797,5779300,0.0,0.0,0.0
2016-05-04 00:00:00-04:00,72.77570598384459,73.35666203026769,72.71115609373206,73.04312896728516,6438200,0.0,0.0,0.0
2016-05-05 00:00:00-04:00,73.01546302699421,73.09845272460082,72.51750373512424,72.57283020019531,6294800,0.0,0.0,0.0
2016-05-06 00:00:00-04:00,72.42529569417692,73.10768127441406,72.18553593637068,73.10768127441406,5391700,0.0,0.0,0.0
2016-05-09 00:00:00-04:00,73.08001056407234,73.52264337663381,73.05234733242659,73.310546875,5216500,0.0,0.0,0.0
2016-05-10 00:00:00-04:00,73.52264818081288,74.26958362569427,73.51342475785833,74.25113677978516,4832300,0.0,0.0,0.0
2016-05-11 00:00:00-04:00,73.53186954373459,73.53186954373459,72.7111607305059,72.75727081298828,6116800,0.0,0.0,0.0
2016-05-12 00:00:00-04:00,73.03389262037982,73.17221579911798,72.37917041212228,72.89557647705078,5603300,0.0,0.0,0.0
2016-05-13 00:00:00-04:00,72.53593013012058,72.85867947772486,71.99186091380925,72.02874755859375,7602000,0.0,0.0,0.0
2016-05-16 00:00:00-04:00,71.97345320499628,72.71116532343773,71.87201664545624,72.48062896728516,4605700,0.0,0.0,0.0
2016-05-17 00:00:00-04:00,72.36997565194848,72.52673868483845,71.4570466207184,71.65991973876953,6543200,0.0,0.0,0.0
2016-05-18 00:00:00-04:00,71.17114554079842,71.70599128540455,70.75618313901528,71.24491882324219,11324100,0.0,0.0,0.0
2016-05-19 00:00:00-04:00,70.93139866068087,71.29103468308192,70.68242258186811,71.18038177490234,7833600,0.0,0.0,0.0
2016-05-20 00:00:00-04:00,71.26337365122141,71.88120919228479,71.20804719542735,71.65067291259766,3908100,0.0,0.0,0.0
2016-05-23 00:00:00-04:00,71.54923480879822,71.87199122156947,71.32792195509377,71.40169525146484,4252500,0.0,0.0,0.0
2016-05-24 00:00:00-04:00,71.67833613812098,72.46215800501541,71.65066587753185,72.25928497314453,3991500,0.0,0.0,0.0
2016-05-25 00:00:00-04:00,72.31461889607091,72.81257810700792,72.31461889607091,72.65581512451172,4353900,0.0,0.0,0.0
2016-05-26 00:00:00-04:00,72.8587163864468,73.11691599532882,72.69272991853526,72.80338287353516,3504000,0.0,0.0,0.0
2016-05-27 00:00:00-04:00,72.91402545249682,73.25522173156475,72.91402545249682,73.14456176757812,3212100,0.0,0.0,0.0
2016-05-31 00:00:00-04:00,73.25523408566472,73.30133713521,72.78493795367116,73.07080078125,4163000,0.0,0.0,0.0
2016-06-01 00:00:00-04:00,72.7296025054634,73.07079176455946,72.56361606967792,73.02468872070312,3767800,0.0,0.0,0.0
2016-06-02 00:00:00-04:00,72.82181531296743,73.44887439706037,72.80336846717658,73.43042755126953,4057900,0.0,0.0,0.0
2016-06-03 00:00:00-04:00,73.16300194670225,73.23677525639926,72.45295318824627,72.95091247558594,5655500,0.0,0.0,0.0
2016-06-06 00:00:00-04:00,73.03390128883622,73.2736610247457,72.7664853563875,73.13533782958984,4100000,0.0,0.0,0.0
2016-06-07 00:00:00-04:00,73.13534941176302,73.54109563903405,73.12613302326037,73.22756958007812,4325700,0.0,0.0,0.0
2016-06-08 00:00:00-04:00,73.25522041170852,73.43042322393484,73.02468410078085,73.310546875,3951600,0.0,0.0,0.0
2016-06-09 00:00:00-04:00,72.93246526212292,73.2275584994206,72.85869898820852,73.14456176757812,6581100,0.0,0.0,0.0
2016-06-10 00:00:00-04:00,72.56361418506934,72.67426711577892,72.17630782135537,72.37918090820312,4813500,0.0,0.0,0.0
2016-06-13 00:00:00-04:00,72.25008136197972,72.77570389075305,71.92733192069964,71.98265838623047,6016300,0.0,0.0,0.0
2016-06-14 00:00:00-04:00,71.80746408544046,72.07488709291414,71.33716796640668,71.7982406616211,8097700,0.0,0.0,0.0
2016-06-15 00:00:00-04:00,71.85355963813284,72.5912786876833,71.85355963813284,72.00110626220703,5635900,0.0,0.0,0.0
2016-06-16 00:00:00-04:00,71.65990348394435,72.3238491613574,71.22649410922139,72.23163604736328,6382300,0.0,0.0,0.0
2016-06-17 00:00:00-04:00,72.32139851545092,72.37692132108485,71.98824756089311,72.11780548095703,8559700,0.277,0.0,0.0
2016-06-20 00:00:00-04:00,72.67306174002633,73.43190408530945,72.67306174002633,72.7656021118164,3972200,0.0,0.0,0.0
2016-06-21 00:00:00-04:00,72.9784695976565,72.9784695976565,72.46023773754628,72.59904479980469,2899300,0.0,0.0,0.0
2016-06-22 00:00:00-04:00,72.65456457514638,73.06174366841103,72.44171534200237,72.49723815917969,4103600,0.0,0.0,0.0
2016-06-23 00:00:00-04:00,73.16354225647409,73.21907213558563,72.87666494584973,73.2098159790039,4441200,0.0,0.0,0.0
2016-06-24 00:00:00-04:00,70.63715259484356,71.73839513521705,70.31325773002783,70.48908233642578,15348200,0.0,0.0,0.0
2016-06-27 00:00:00-04:00,69.83202964625315,69.94308232924573,68.64749593584365,69.19348907470703,10851000,0.0,0.0,0.0
2016-06-28 00:00:00-04:00,69.99861078535942,70.57237243652344,69.79501771364386,70.57237243652344,7860600,0.0,0.0,0.0
2016-06-29 00:00:00-04:00,71.41448367777706,71.83092588753591,71.01655377620848,71.71061706542969,7053800,0.0,0.0,0.0
2016-06-30 00:00:00-04:00,71.93273848307119,72.26588244082986,71.470029520145,72.23812103271484,6711800,0.0,0.0,0.0
2016-07-01 00:00:00-04:00,72.31213578454681,73.15426924875061,72.17332172270946,72.9876937866211,7130100,0.0,0.0,0.0
2016-07-05 00:00:00-04:00,72.53423852859137,72.68230875313304,71.94197175117849,72.39543151855469,7317600,0.0,0.0,0.0
2016-07-06 00:00:00-04:00,72.09931068445209,73.01547241210938,71.9419842783872,73.01547241210938,7780600,0.0,0.0,0.0
2016-07-07 00:00:00-04:00,72.90441727774672,73.33010864257812,72.83963831049797,73.33010864257812,9242800,0.0,0.0,0.0
2016-07-08 00:00:00-04:00,73.80206933834263,74.6627081722895,73.80206933834263,74.60718536376953,7411400,0.0,0.0,0.0
2016-07-11 00:00:00-04:00,75.01436811096583,75.22721732146948,74.80152596084001,75.04212951660156,4431000,0.0,0.0,0.0
2016-07-12 00:00:00-04:00,75.28273459776544,75.53260135087184,75.21795563591884,75.33826446533203,4886000,0.0,0.0,0.0
2016-07-13 00:00:00-04:00,75.44005184089522,75.50483080095219,74.80151839472707,74.96809387207031,3655400,0.0,0.0,0.0
2016-07-14 00:00:00-04:00,75.52335770023731,75.7084384617627,75.18095052499903,75.27349090576172,3406000,0.0,0.0,0.0
2016-07-15 00:00:00-04:00,75.63438609932874,75.65289134538592,74.88479301705257,74.94032287597656,3483700,0.0,0.0,0.0
2016-07-18 00:00:00-04:00,75.11615070681671,75.44004547979078,74.91255768941116,75.22720336914062,2775000,0.0,0.0,0.0
2016-07-19 00:00:00-04:00,74.82003737992618,75.11617083175273,74.6627180281011,75.08840942382812,2636800,0.0,0.0,0.0
2016-07-20 00:00:00-04:00,75.29198535810288,75.44004852012537,74.94032917046975,75.40303802490234,2451000,0.0,0.0,0.0
2016-07-21 00:00:00-04:00,75.3937998084778,75.53261390990936,74.96810840836521,75.199462890625,2434700,0.0,0.0,0.0
2016-07-22 00:00:00-04:00,75.27347328035826,75.6066242213989,75.10690487021476,75.51408386230469,2529600,0.0,0.0,0.0
2016-07-25 00:00:00-04:00,75.72693214266249,75.72693214266249,75.4030373594933,75.63439178466797,3130200,0.0,0.0,0.0
2016-07-26 00:00:00-04:00,75.56962332399266,75.91202340216643,75.2734828406761,75.54185485839844,4987700,0.0,0.0,0.0
2016-07-27 00:00:00-04:00,75.76396092262804,75.79172232810168,75.02362382823492,75.31050109863281,4295100,0.0,0.0,0.0
2016-07-28 00:00:00-04:00,75.10692543309436,75.54186594595349,74.82929721942543,75.44932556152344,3158900,0.0,0.0,0.0
2016-07-29 00:00:00-04:00,75.34752783529373,75.64366129703888,75.2179698870539,75.5326156616211,3996300,0.0,0.0,0.0
2016-08-01 00:00:00-04:00,75.53262178240692,75.84726052209223,75.24573739344648,75.65292358398438,2750200,0.0,0.0,0.0
2016-08-02 00:00:00-04:00,75.7084366839211,75.7084366839211,74.37583969939872,74.5239028930664,4246700,0.0,0.0,0.0
2016-08-03 00:00:00-04:00,74.27405397978754,74.73676300048828,74.116727546861,74.73676300048828,3872000,0.0,0.0,0.0
2016-08-04 00:00:00-04:00,74.59792577219054,74.85704161384965,74.40358889094621,74.69972229003906,2240300,0.0,0.0,0.0
2016-08-05 00:00:00-04:00,75.1439361938181,75.59739608170962,74.84780272640874,75.48634338378906,3518600,0.0,0.0,0.0
2016-08-08 00:00:00-04:00,75.54185560427051,75.67141353681185,75.17169411722541,75.2364730834961,3148400,0.0,0.0,0.0
2016-08-09 00:00:00-04:00,75.08842418068703,75.38455769071165,74.86632581326353,75.01438903808594,7364100,0.0,0.0,0.0
2016-08-10 00:00:00-04:00,75.0421040567093,75.393767236459,75.01434266049232,75.17166900634766,3389400,0.0,0.0,0.0
2016-08-11 00:00:00-04:00,75.57889555205442,76.01384319458255,75.5418779803095,75.92130279541016,3694800,0.0,0.0,0.0
2016-08-12 00:00:00-04:00,75.76397554335617,76.06935812287578,75.34753319975444,75.88427734375,2456600,0.0,0.0,0.0
2016-08-15 00:00:00-04:00,76.08785618528557,76.2359193687772,75.98605965771976,76.03233337402344,3070500,0.0,0.0,0.0
2016-08-16 00:00:00-04:00,75.8472412887535,75.93978165576048,75.54185172329073,75.59738159179688,2307900,0.0,0.0,0.0
2016-08-17 00:00:00-04:00,75.32900657272894,75.47706974194345,74.96809421357074,75.42154693603516,3424300,0.0,0.0,0.0
2016-08-18 00:00:00-04:00,75.46781444488512,75.55109864690212,75.23646002544695,75.3752670288086,4733000,0.0,0.0,0.0
2016-08-19 00:00:00-04:00,75.28273286088726,75.57886625969343,75.13466969167277,75.42154693603516,3723900,0.0,0.0,0.0
2016-08-22 00:00:00-04:00,75.34752655029297,75.45857924419546,75.1254282228665,75.34752655029297,2888600,0.0,0.0,0.0
2016-08-23 00:00:00-04:00,75.69917493743249,75.8194767034562,75.59737841988274,75.72693634033203,5350800,0.0,0.0,0.0
2016-08-24 00:00:00-04:00,75.65290509048477,75.83798582618817,75.21795759516654,75.36602783203125,3233100,0.0,0.0,0.0
2016-08-25 00:00:00-04:00,75.08838850215422,75.3660166248024,74.97733584101965,75.11614990234375,3030700,0.0,0.0,0.0
2016-08-26 00:00:00-04:00,75.2272151361375,75.52334855494574,74.57016933379353,74.9033203125,6289200,0.0,0.0,0.0
2016-08-29 00:00:00-04:00,74.90332157568506,75.26423396530728,74.90332157568506,75.16243743896484,3996300,0.0,0.0,0.0
2016-08-30 00:00:00-04:00,75.08841703331301,75.18095742256592,74.62570802666927,74.74600982666016,2452900,0.0,0.0,0.0
2016-08-31 00:00:00-04:00,74.69048036148709,74.81078215077716,74.27404511670119,74.55166625976562,3500900,0.0,0.0,0.0
2016-09-01 00:00:00-04:00,74.63494332962429,74.86629776830237,74.29253621864495,74.69972229003906,5416800,0.0,0.0,0.0
2016-09-02 00:00:00-04:00,75.06065809452325,75.1346932325154,74.67198421063344,74.84780883789062,3352400,0.0,0.0,0.0
2016-09-06 00:00:00-04:00,74.84779631717834,74.98661041259766,74.47763480989772,74.98661041259766,6178000,0.0,0.0,0.0
2016-09-07 00:00:00-04:00,74.83853225943675,75.03286913001912,74.69971819177026,75.02361297607422,5364300,0.0,0.0,0.0
2016-09-08 00:00:00-04:00,74.63494746000276,74.78301063755458,74.28328417510927,74.3758316040039,4459100,0.0,0.0,0.0
2016-09-09 00:00:00-04:00,73.84833783501706,73.99640100073555,72.58051300048828,72.58051300048828,9562500,0.0,0.0,0.0
2016-09-12 00:00:00-04:00,72.29367470857726,73.78359862451643,72.19187813839154,73.5985107421875,10876600,0.0,0.0,0.0
2016-09-13 00:00:00-04:00,73.06174050219651,73.27458972611647,72.32141041719387,72.55276489257812,9237200,0.0,0.0,0.0
2016-09-14 00:00:00-04:00,72.5712684434708,72.98771072563089,72.3491701292123,72.56201934814453,7355700,0.0,0.0,0.0
2016-09-15 00:00:00-04:00,72.33990721355647,73.13576708068832,72.22886159699316,73.0895004272461,5772100,0.0,0.0,0.0
2016-09-16 00:00:00-04:00,72.8386939924046,72.99661318675174,72.61574174324508,72.93158721923828,5351500,0.3,0.0,0.0
2016-09-19 00:00:00-04:00,73.052356605785,73.37748648296478,72.70864382859507,72.8758544921875,3127400,0.0,0.0,0.0
2016-09-20 00:00:00-04:00,73.17310819154605,73.27529286725277,72.74579367827201,72.93158721923828,3342200,0.0,0.0,0.0
2016-09-21 00:00:00-04:00,73.04305571945915,73.67473957950207,72.82940200804249,73.63758087158203,6015900,0.0,0.0,0.0
2016-09-22 00:00:00-04:00,74.06489206318409,74.3157044472826,73.94412450758662,74.17636108398438,4821400,0.0,0.0,0.0
2016-09-23 00:00:00-04:00,73.972011819452,74.2506986216112,73.972011819452,74.00917053222656,3891200,0.0,0.0,0.0
2016-09-26 00:00:00-04:00,73.80476640325458,73.80476640325458,73.0987724548681,73.19166564941406,5928300,0.0,0.0,0.0
2016-09-27 00:00:00-04:00,73.28457772466051,73.93483734130858,73.16381724936824,73.9348373413086,5137500,0.0,0.0,0.0
2016-09-28 00:00:00-04:00,73.98127914091009,74.17635700387811,73.70259242964293,74.13919830322266,4130300,0.0,0.0,0.0
2016-09-29 00:00:00-04:00,74.05562444636088,74.4829390339644,73.54470097895442,73.75836181640625,6361100,0.0,0.0,0.0
2016-09-30 00:00:00-04:00,74.08347183296011,74.57581226728668,73.94412846220963,74.35286712646484,4789400,0.0,0.0,0.0
2016-10-03 00:00:00-04:00,74.06489841524571,74.47363000539745,73.99058100347322,74.3064193725586,7726100,0.0,0.0,0.0
2016-10-04 00:00:00-04:00,74.37143255692524,74.61296056003528,73.89767508470209,74.04630279541016,8939100,0.0,0.0,0.0
2016-10-05 00:00:00-04:00,74.3249998697744,74.65012967666003,74.23210665170683,74.35286712646484,7135300,0.0,0.0,0.0
2016-10-06 00:00:00-04:00,74.25068829106459,74.55724231332869,73.95342571752634,74.40860748291016,7262500,0.0,0.0,0.0
2016-10-07 00:00:00-04:00,74.62227032549168,74.69658774273826,73.88840177660443,74.07418823242188,8692100,0.0,0.0,0.0
2016-10-10 00:00:00-04:00,74.427182872691,74.5200760886828,74.14849613741757,74.1949462890625,2970500,0.0,0.0,0.0
2016-10-11 00:00:00-04:00,74.25069036173049,74.25069036173049,73.14524181338565,73.29387664794922,8425900,0.0,0.0,0.0
2016-10-12 00:00:00-04:00,73.36819264193475,73.90697618852816,73.27529232848524,73.63758087158203,3798200,0.0,0.0,0.0
2016-10-13 00:00:00-04:00,73.1173674635044,73.56326483665724,72.63431847261226,73.3681869506836,4028000,0.0,0.0,0.0
2016-10-14 00:00:00-04:00,73.60042185796054,73.84194280423225,73.24741771182809,73.28457641601562,3474600,0.0,0.0,0.0
2016-10-17 00:00:00-04:00,73.25673562484273,73.26602707607084,72.662210317657,72.6807861328125,3628600,0.0,0.0,0.0
2016-10-18 00:00:00-04:00,73.4332136581587,73.57254994434132,73.06163369130883,73.163818359375,3950200,0.0,0.0,0.0
2016-10-19 00:00:00-04:00,73.28458328817199,73.57255441350672,73.09879683711064,73.48895263671875,3256100,0.0,0.0,0.0
2016-10-20 00:00:00-04:00,73.32175736901688,73.52612676041323,73.05236199738536,73.34962463378906,4909500,0.0,0.0,0.0
2016-10-21 00:00:00-04:00,72.99660662118754,74.0463134558618,72.99660662118754,73.9348373413086,4797700,0.0,0.0,0.0
2016-10-24 00:00:00-04:00,74.3064139496453,74.51078327345546,74.14849477662763,74.46434020996094,3568300,0.0,0.0,0.0
2016-10-25 00:00:00-04:00,74.1299314025235,74.1299314025235,73.55398203766329,73.59114074707031,4633800,0.0,0.0,0.0
2016-10-26 00:00:00-04:00,73.26600708147744,73.58184546403221,73.12666370028613,73.2752914428711,4326500,0.0,0.0,0.0
2016-10-27 00:00:00-04:00,73.46106468178743,73.57253368610083,72.53211851359274,72.66217041015625,5335200,0.0,0.0,0.0
2016-10-28 00:00:00-04:00,72.27204991270268,72.9873356921041,72.22559974675572,72.4949951171875,5006100,0.0,0.0,0.0
2016-10-31 00:00:00-04:00,72.59717037475215,72.73651376717804,72.40209246027567,72.55072021484375,5899000,0.0,0.0,0.0
2016-11-01 00:00:00-04:00,72.73650470995,72.86655663674013,71.46384561230555,72.039794921875,11945900,0.0,0.0,0.0
2016-11-02 00:00:00-04:00,71.85399230521575,72.16983772125961,71.41738642593907,71.60317993164062,9695200,0.0,0.0,0.0
2016-11-03 00:00:00-04:00,71.73322667993617,72.07693223797965,71.25017068717123,71.4173812866211,8900800,0.0,0.0,0.0
2016-11-04 00:00:00-04:00,71.3523865139809,71.89117724622459,71.16660002776591,71.278076171875,8912200,0.0,0.0,0.0
2016-11-07 00:00:00-05:00,72.29991733928651,72.93160132615854,72.07696504700205,72.92230987548828,7143700,0.0,0.0,0.0
2016-11-08 00:00:00-05:00,72.92230373450248,73.52612040581499,72.73651726054464,73.21956634521484,5325200,0.0,0.0,0.0
2016-11-09 00:00:00-05:00,71.68678921239933,73.49823887466603,71.51029422259364,73.3681869506836,11425600,0.0,0.0,0.0
2016-11-10 00:00:00-05:00,73.65616376919148,74.45505827122514,73.08021442737918,73.63758087158203,16685200,0.0,0.0,0.0
2016-11-11 00:00:00-05:00,73.35888571784402,74.15778005134842,73.31243557091805,74.05559539794922,6039300,0.0,0.0,0.0
2016-11-14 00:00:00-05:00,74.39931745952813,74.62226970942724,73.97200294483659,74.06490325927734,6329700,0.0,0.0,0.0
2016-11-15 00:00:00-05:00,74.3249998697744,74.45505179252865,73.96271135820209,74.35286712646484,6010200,0.0,0.0,0.0
2016-11-16 00:00:00-05:00,74.19493890504492,74.7615966796875,74.09275425143414,74.7615966796875,3993200,0.0,0.0,0.0
2016-11-17 00:00:00-05:00,74.82662039775762,75.66266632080078,74.67798560156506,75.66266632080078,5701100,0.0,0.0,0.0
2016-11-18 00:00:00-05:00,75.61623633742525,75.78344696840605,75.33754959002445,75.4304428100586,4293600,0.0,0.0,0.0
2016-11-21 00:00:00-05:00,75.56977118029192,75.92277526855469,75.46758653235239,75.92277526855469,4763400,0.0,0.0,0.0
2016-11-22 00:00:00-05:00,76.15502475102052,76.88888612934524,76.08070734220595,76.82386016845703,5750100,0.0,0.0,0.0
2016-11-23 00:00:00-05:00,76.69382398684056,76.9446435212418,76.63808946244012,76.898193359375,4437200,0.0,0.0,0.0
2016-11-25 00:00:00-05:00,77.01895840291279,77.16758615884095,76.89819082096552,77.083984375,4271300,0.0,0.0,0.0
2016-11-28 00:00:00-05:00,76.89817781333339,76.90746926128828,76.31294416354307,76.47086334228516,5146800,0.0,0.0,0.0
2016-11-29 00:00:00-05:00,76.55447146053834,76.79599240664916,76.47086260434757,76.67523193359375,4367600,0.0,0.0,0.0
2016-11-30 00:00:00-05:00,76.63805713573043,76.67521583209002,76.01566491812478,76.03424072265625,5066600,0.0,0.0,0.0
2016-12-01 00:00:00-05:00,75.96923409305914,76.46157454224527,75.82989071810307,76.07141876220703,9366100,0.0,0.0,0.0
2016-12-02 00:00:00-05:00,76.08070342478469,76.2850727448526,75.56048867716696,75.65338897705078,7657500,0.0,0.0,0.0
2016-12-05 00:00:00-05:00,75.96924018749182,76.61021551133125,75.64411034471061,76.48016357421875,8105200,0.0,0.0,0.0
2016-12-06 00:00:00-05:00,76.53590149384948,76.6659534367395,76.31295631850934,76.65666198730469,7033300,0.0,0.0,0.0
2016-12-07 00:00:00-05:00,76.69382111702836,78.18014119355321,76.6009278840704,78.14298248291016,7972100,0.0,0.0,0.0
2016-12-08 00:00:00-05:00,78.17084974406761,78.34734476049792,77.96648037918047,78.14298248291016,5605900,0.0,0.0,0.0
2016-12-09 00:00:00-05:00,78.32874945498573,78.32874945498573,77.92001082693508,78.3194580078125,4801600,0.0,0.0,0.0
2016-12-12 00:00:00-05:00,78.16155282007122,78.29160475456327,77.50200169877611,77.6692123413086,5942200,0.0,0.0,0.0
2016-12-13 00:00:00-05:00,77.95717473575948,78.66317593483474,77.70636234370934,78.36591339111328,4824200,0.0,0.0,0.0
2016-12-14 00:00:00-05:00,78.34733440927182,78.5052606804645,77.69707477717884,77.83641815185547,8457300,0.0,0.0,0.0
2016-12-15 00:00:00-05:00,77.966464941112,78.1894100735258,77.6041764432028,77.65061950683594,6109400,0.0,0.0,0.0
2016-12-16 00:00:00-05:00,77.87677852545471,77.91415724607174,77.15725775904734,77.26939392089844,9868700,0.492,0.0,0.0
2016-12-19 00:00:00-05:00,77.44691331780803,77.88610425657893,77.26937335371134,77.4749526977539,3786100,0.0,0.0,0.0
2016-12-20 00:00:00-05:00,77.5871032817833,78.19449502287843,77.57775681920157,78.09170532226562,4034200,0.0,0.0,0.0
2016-12-21 00:00:00-05:00,78.08233828136876,78.1384099128196,77.87675893432282,78.05430603027344,2702800,0.0,0.0,0.0
2016-12-22 00:00:00-05:00,77.91414510320443,77.94218448624378,77.09183476557224,77.21331024169922,4461000,0.0,0.0,0.0
2016-12-23 00:00:00-05:00,77.1946198306902,77.34412755165121,76.95166176371056,77.04510498046875,2837000,0.0,0.0,0.0
2016-12-27 00:00:00-05:00,77.10117291427072,77.65249285717152,77.10117291427072,77.34412384033203,6101100,0.0,0.0,0.0
2016-12-28 00:00:00-05:00,77.51233543436221,77.58709286645644,76.79281475592342,76.8115005493164,3857700,0.0,0.0,0.0
2016-12-29 00:00:00-05:00,76.86758633032919,77.07316574178081,76.53118495327426,76.70872497558594,2566300,0.0,0.0,0.0
2016-12-30 00:00:00-05:00,76.95165550708836,76.95165550708836,75.83032273864018,76.06393432617188,4809100,0.0,0.0,0.0
2017-01-03 00:00:00-05:00,76.67132773226179,76.9423109065978,76.04524324431088,76.51246643066406,14050500,0.0,0.0,0.0
2017-01-04 00:00:00-05:00,76.84887965246962,77.61512551214237,76.77412934926,77.5310287475586,5493800,0.0,0.0,0.0
2017-01-05 00:00:00-05:00,77.05444754968683,77.50298494843969,77.035761758983,77.4749526977539,4396700,0.0,0.0,0.0
2017-01-06 00:00:00-05:00,77.45625056383578,78.09167431107926,77.16657450219483,77.85806274414062,6538100,0.0,0.0,0.0
2017-01-09 00:00:00-05:00,77.83005755222277,77.9982582240592,77.65251041826717,77.79267883300781,3855600,0.0,0.0,0.0
2017-01-10 00:00:00-05:00,77.77396788971191,78.36266648615207,77.65248530922943,78.07299041748047,5174800,0.0,0.0,0.0
2017-01-11 00:00:00-05:00,78.01693103015438,78.24120330810547,77.76463362903507,78.24120330810547,5388700,0.0,0.0,0.0
2017-01-12 00:00:00-05:00,78.06366081600262,78.2598937238586,77.54037306172003,78.16645050048828,4282300,0.0,0.0,0.0
2017-01-13 00:00:00-05:00,78.2131880953403,78.53090368931912,78.2131880953403,78.45614624023438,2808400,0.0,0.0,0.0
2017-01-17 00:00:00-05:00,78.23183471283016,78.84856547954811,78.22248825491154,78.58692169189453,4325900,0.0,0.0,0.0
2017-01-18 00:00:00-05:00,78.61497799145982,78.61497799145982,78.17579414451929,78.44677734375,2910100,0.0,0.0,0.0
2017-01-19 00:00:00-05:00,78.55892165834959,78.82991201503404,78.02628740673158,78.2038345336914,4163000,0.0,0.0,0.0
2017-01-20 00:00:00-05:00,78.48414219400027,78.63365702300314,78.17578033538587,78.4280776977539,5491900,0.0,0.0,0.0
2017-01-23 00:00:00-05:00,78.07299457636769,78.51217836768883,77.99823715812843,78.48414611816406,8552900,0.0,0.0,0.0
2017-01-24 00:00:00-05:00,78.60563380567872,79.21301826282026,78.4654654196998,79.12892150878906,4797200,0.0,0.0,0.0
2017-01-25 00:00:00-05:00,79.43731288704706,79.69895681223309,79.38124123931986,79.61485290527344,3669100,0.0,0.0,0.0
2017-01-26 00:00:00-05:00,79.68024885845368,80.02599662538952,79.49336241264349,79.73632049560547,3904900,0.0,0.0,0.0
2017-01-27 00:00:00-05:00,79.79237015420239,79.8951598190472,79.19432508379239,79.48400115966797,4510800,0.0,0.0,0.0
2017-01-30 00:00:00-05:00,79.36252408729212,79.45596729090228,78.67103582546557,79.39055633544922,3789600,0.0,0.0,0.0
2017-01-31 00:00:00-05:00,79.03548475520402,79.26909637451173,78.69908345306007,79.26909637451172,4745000,0.0,0.0,0.0
2017-02-01 00:00:00-05:00,79.3999122740473,79.5400806608268,78.82989939593487,79.11957550048828,5206800,0.0,0.0,0.0
2017-02-02 00:00:00-05:00,78.99812706716266,79.39993944449084,78.9046838204204,79.05419158935547,4081000,0.0,0.0,0.0
2017-02-03 00:00:00-05:00,78.81120947653527,79.08219980015879,78.66170175306813,78.95137786865234,3652100,0.0,0.0,0.0
2017-02-06 00:00:00-05:00,78.72711226866265,78.9139987042431,78.58694387734705,78.71776580810547,3939200,0.0,0.0,0.0
2017-02-07 00:00:00-05:00,78.75514200655223,78.87662460213527,78.55890911668,78.64301300048828,5725600,0.0,0.0,0.0
2017-02-08 00:00:00-05:00,78.64301251722378,79.22236472302158,78.64301251722378,79.12892150878906,4129900,0.0,0.0,0.0
2017-02-09 00:00:00-05:00,79.12892816138101,79.82041655994938,79.12892816138101,79.62418365478516,3529200,0.0,0.0,0.0
2017-02-10 00:00:00-05:00,79.73631977497728,80.13813204617256,79.69894106030087,80.11009979248047,3826000,0.0,0.0,0.0
2017-02-13 00:00:00-05:00,80.29697256405973,80.409108688995,80.0913932329749,80.20352935791016,4408800,0.0,0.0,0.0
2017-02-14 00:00:00-05:00,80.16617480075777,80.66143035888672,80.13814254339377,80.66143035888672,3168100,0.0,0.0,0.0
2017-02-15 00:00:00-05:00,80.5305968155675,81.10995619167258,80.3904284196578,81.08191680908203,4754900,0.0,0.0,0.0
2017-02-16 00:00:00-05:00,80.99783125003036,81.0819280216492,80.52126148973834,80.6707763671875,3082500,0.0,0.0,0.0
2017-02-17 00:00:00-05:00,80.4745192367736,80.9323959350586,80.46517277742831,80.9323959350586,3878600,0.0,0.0,0.0
2017-02-21 00:00:00-05:00,81.28751440599746,81.57719772365881,81.09128145941145,81.39965057373047,3591400,0.0,0.0,0.0
2017-02-22 00:00:00-05:00,81.31554666561512,81.49309381554346,81.23144988676212,81.39965057373047,2245600,0.0,0.0,0.0
2017-02-23 00:00:00-05:00,81.50242154943633,81.5958647697763,80.78289378137111,80.84830474853516,3468700,0.0,0.0,0.0
2017-02-24 00:00:00-05:00,80.70815035454505,81.22209167480469,80.53060323029938,81.22209167480469,4846300,0.0,0.0,0.0
2017-02-27 00:00:00-05:00,81.25013314826357,81.37161577516612,80.97914989423978,81.31554412841797,3452400,0.0,0.0,0.0
2017-02-28 00:00:00-05:00,81.1006262856421,81.11931208192264,80.64274941951538,80.70816040039062,4089500,0.0,0.0,0.0
2017-03-01 00:00:00-05:00,81.57718377196286,81.8388276559967,81.3155327586679,81.61455535888672,8634800,0.0,0.0,0.0
2017-03-02 00:00:00-05:00,81.5771810228965,81.69865649945827,81.35290873334426,81.41831970214844,3935400,0.0,0.0,0.0
2017-03-03 00:00:00-05:00,81.33421556456295,81.50241620184308,80.99781429000271,81.29683685302734,3281500,0.0,0.0,0.0
2017-03-06 00:00:00-05:00,81.03520202636719,81.1192987897429,80.72683296880075,81.03520202636719,2602700,0.0,0.0,0.0
2017-03-07 00:00:00-05:00,81.03518814733937,81.04453460697846,80.68009397365216,80.77354431152344,3073900,0.0,0.0,0.0
2017-03-08 00:00:00-05:00,80.89502901328568,81.25946255899424,80.86699676042512,81.10995483398438,2609500,0.0,0.0,0.0
2017-03-09 00:00:00-05:00,81.03520202636719,81.2688136525367,80.80159040019765,81.03520202636719,2746900,0.0,0.0,0.0
2017-03-10 00:00:00-05:00,81.39028887151674,81.46504630267475,80.98847659061876,81.15667724609375,3506600,0.0,0.0,0.0
2017-03-13 00:00:00-04:00,81.20339664652892,81.399629542414,81.10995342885896,81.37159729003906,2491100,0.0,0.0,0.0
2017-03-14 00:00:00-04:00,81.28749430741523,81.48372720548204,81.08191494869935,81.3529052734375,3892800,0.0,0.0,0.0
2017-03-15 00:00:00-04:00,81.51176218050126,81.94160666673105,81.25011120129771,81.78274536132812,3736900,0.0,0.0,0.0
2017-03-16 00:00:00-04:00,81.83883321666384,81.99768742429781,81.67997900902988,81.77342224121094,6264700,0.0,0.0,0.0
2017-03-17 00:00:00-04:00,81.8680822434497,82.0367860791154,81.6337717578356,81.87745666503906,4714300,0.261,0.0,0.0
2017-03-20 00:00:00-04:00,81.94303717281032,81.96177885942136,81.52128129349258,81.68061065673828,2639000,0.0,0.0,0.0
2017-03-21 00:00:00-04:00,81.87742715830035,81.99926599269989,80.59340358565571,80.64964294433594,4645700,0.0,0.0,0.0
2017-03-22 00:00:00-04:00,80.58404830518836,80.85584211846485,80.27475681348982,80.74337768554688,6101100,0.0,0.0,0.0
2017-03-23 00:00:00-04:00,80.88395123233707,81.35257202244195,80.69649862594365,80.9308090209961,3637000,0.0,0.0,0.0
2017-03-24 00:00:00-04:00,81.01519057981723,81.3900816122002,80.78088010928383,81.12765502929688,3311100,0.0,0.0,0.0
2017-03-27 00:00:00-04:00,80.64030935259449,81.24014371123647,80.33101775031638,81.09955596923828,4904100,0.0,0.0,0.0
2017-03-28 00:00:00-04:00,81.09015173420902,81.89618019804055,80.9495711944836,81.71810913085938,4155000,0.0,0.0,0.0
2017-03-29 00:00:00-04:00,81.71809711066338,82.26169180234534,81.63374164864929,82.20545959472656,4561700,0.0,0.0,0.0
2017-03-30 00:00:00-04:00,82.05552727394995,82.43041829551831,81.98054620940111,82.42105102539062,4682600,0.0,0.0,0.0
2017-03-31 00:00:00-04:00,82.28984697769016,82.63662192663753,82.2617237123856,82.43042755126953,2379300,0.0,0.0,0.0
2017-04-03 00:00:00-04:00,82.43979412023748,82.48665907402561,81.6337655390801,82.10238647460938,6156000,0.0,0.0,0.0
2017-04-04 00:00:00-04:00,81.86807134607227,82.09300738015601,81.79309028451516,81.9711685180664,4324400,0.0,0.0,0.0
2017-04-05 00:00:00-04:00,82.28047217102255,82.72097703441378,81.66188904781224,81.77436065673828,4350900,0.0,0.0,0.0
2017-04-06 00:00:00-04:00,81.82120236115088,82.28982320594422,81.79307910397053,82.02738952636719,2913900,0.0,0.0,0.0
2017-04-07 00:00:00-04:00,81.82122008699852,82.06489783065932,81.67125795189509,81.78372955322266,3908300,0.0,0.0,0.0
2017-04-10 00:00:00-04:00,81.811832459792,82.36480165490187,81.78371635164568,82.08363342285156,2398100,0.0,0.0,0.0
2017-04-11 00:00:00-04:00,82.05553405343832,82.18674735194577,81.42757652419444,82.0180435180664,5469100,0.0,0.0,0.0
2017-04-12 00:00:00-04:00,81.95242901326625,82.05552618800951,81.62438864785346,81.69000244140625,2461600,0.0,0.0,0.0
2017-04-13 00:00:00-04:00,81.56814287947678,81.84931824582507,81.11827087402344,81.11827087402344,4688800,0.0,0.0,0.0
2017-04-17 00:00:00-04:00,81.32448081386434,81.95243835449219,81.32448081386434,81.95243835449219,3477600,0.0,0.0,0.0
2017-04-18 00:00:00-04:00,81.75561241428528,82.09301291285637,81.54941805640046,81.96179962158203,2554200,0.0,0.0,0.0
2017-04-19 00:00:00-04:00,82.23360889713967,82.561642158323,81.97118228819302,82.03678894042969,3736500,0.0,0.0,0.0
2017-04-20 00:00:00-04:00,82.38356148600496,83.05837677390153,82.35544537410726,82.89904022216797,4386200,0.0,0.0,0.0
2017-04-21 00:00:00-04:00,82.78657469240206,82.87092302699254,82.50539927592465,82.71159362792969,3852400,0.0,0.0,0.0
2017-04-24 00:00:00-04:00,83.58322672279475,83.61134283361329,83.15209633887251,83.24581909179688,4243000,0.0,0.0,0.0
2017-04-25 00:00:00-04:00,83.52699497251508,84.02373200134633,83.52699497251508,83.90188598632812,5404600,0.0,0.0,0.0
2017-04-26 00:00:00-04:00,84.11746160448351,84.65168920831574,84.0049900008284,84.29553985595703,4082200,0.0,0.0,0.0
2017-04-27 00:00:00-04:00,84.72666541358637,84.86725312243759,84.51109663993613,84.74540710449219,3664000,0.0,0.0,0.0
2017-04-28 00:00:00-04:00,84.92345997140019,85.08278932355107,84.30487709751684,84.40797424316406,5059800,0.0,0.0,0.0
2017-05-01 00:00:00-04:00,84.59544309292586,84.83912080162253,84.41736487068917,84.52046203613281,5913900,0.0,0.0,0.0
2017-05-02 00:00:00-04:00,84.56733897314555,84.61419677734375,84.11745971919636,84.61419677734375,3960600,0.0,0.0,0.0
2017-05-03 00:00:00-04:00,84.54856957700997,84.77350557400796,83.87375443542965,84.11743927001953,2816700,0.0,0.0,0.0
2017-05-04 00:00:00-04:00,84.18303354639487,84.18303354639487,83.6675478470622,83.98621368408203,5339600,0.0,0.0,0.0
2017-05-05 00:00:00-04:00,84.32363241105732,84.51107788085938,83.91124379678918,84.51107788085938,3219300,0.0,0.0,0.0
2017-05-08 00:00:00-04:00,84.8110131228531,84.8297619642085,84.37050830864347,84.67042541503906,2506200,0.0,0.0,0.0
2017-05-09 00:00:00-04:00,84.85788164806809,85.22340541341997,84.69855224277894,85.15779876708984,10257800,0.0,0.0,0.0
2017-05-10 00:00:00-04:00,84.81100153996417,84.89535701336706,84.55794942092928,84.86724090576172,3518500,0.0,0.0,0.0
2017-05-11 00:00:00-04:00,84.70790462299199,84.70790462299199,83.84564395119938,84.36112976074219,4351600,0.0,0.0,0.0
2017-05-12 00:00:00-04:00,84.44548266508157,84.44548266508157,84.1361911625764,84.23928833007812,3230800,0.0,0.0,0.0
2017-05-15 00:00:00-04:00,84.2580337524414,84.61418303899185,84.16431100867413,84.2580337524414,3952200,0.0,0.0,0.0
2017-05-16 00:00:00-04:00,84.30488345675793,84.37049008615627,83.91124368036795,83.96747589111328,4198300,0.0,0.0,0.0
2017-05-17 00:00:00-04:00,83.45202443769531,83.66758608277397,82.59913082731912,82.60850524902344,8289400,0.0,0.0,0.0
2017-05-18 00:00:00-04:00,82.60849149729864,83.47075223525113,82.60849149729864,83.08648681640625,6521800,0.0,0.0,0.0
2017-05-19 00:00:00-04:00,83.22706307885329,83.92061991184423,83.13333319147125,83.64881896972656,3695000,0.0,0.0,0.0
2017-05-22 00:00:00-04:00,83.8081529909746,84.16430942139519,83.76129519526816,84.0705795288086,2946700,0.0,0.0,0.0
2017-05-23 00:00:00-04:00,84.1361803388009,84.31425854168344,83.6207017181938,83.75191497802734,2089000,0.0,0.0,0.0
2017-05-24 00:00:00-04:00,83.72380854834537,84.07995784468406,83.42389146969512,84.05184173583984,3824000,0.0,0.0,0.0
2017-05-25 00:00:00-04:00,84.32363835816658,85.05468575277422,84.32363835816658,84.7922592163086,3301900,0.0,0.0,0.0
2017-05-26 00:00:00-04:00,84.90473852072002,85.09219118716956,84.81101576278928,85.04532623291016,2324000,0.0,0.0,0.0
2017-05-30 00:00:00-04:00,85.04531712850294,85.31711810281647,85.03594985912433,85.11092376708984,2638900,0.0,0.0,0.0
2017-05-31 00:00:00-04:00,85.26087252985155,85.37333694947827,84.6610384565551,85.33585357666016,5103600,0.0,0.0,0.0
2017-06-01 00:00:00-04:00,85.55143218590787,86.14189910888672,85.29838004076524,86.14189910888672,5147500,0.0,0.0,0.0
2017-06-02 00:00:00-04:00,86.18876816341071,86.55429194889274,86.06692928511288,86.4511947631836,3134400,0.0,0.0,0.0
2017-06-05 00:00:00-04:00,86.54490637639587,86.61988743826674,86.05754377541041,86.21687316894531,5499300,0.0,0.0,0.0
2017-06-06 00:00:00-04:00,85.9169681802077,86.09504643960047,85.41085666713512,85.4764633178711,3563700,0.0,0.0,0.0
2017-06-07 00:00:00-04:00,85.60766259765538,85.77636640771424,85.42959151801755,85.62641143798828,4671500,0.0,0.0,0.0
2017-06-08 00:00:00-04:00,85.635783708837,85.72950645638686,84.96096848553836,85.07343292236328,5198800,0.0,0.0,0.0
2017-06-09 00:00:00-04:00,85.15780153189698,85.27964040744061,83.93938417410709,84.69855499267578,10989000,0.0,0.0,0.0
2017-06-12 00:00:00-04:00,84.42672874219815,84.8766007255753,84.30488275248605,84.65166473388672,6436600,0.0,0.0,0.0
2017-06-13 00:00:00-04:00,84.84851094343435,85.29839021696615,84.82039482957394,85.17654418945312,4164800,0.0,0.0,0.0
2017-06-14 00:00:00-04:00,85.48582613871325,85.61703942237888,84.68917201628977,85.12967681884766,4809400,0.0,0.0,0.0
2017-06-15 00:00:00-04:00,84.50171237285254,84.83911279540665,84.08932374999482,84.77350616455078,3585100,0.0,0.0,0.0
2017-06-16 00:00:00-04:00,85.0790641377756,85.0790641377756,84.27057742963608,84.75003051757812,7711600,0.275,0.0,0.0
2017-06-19 00:00:00-04:00,85.10724532873522,85.53029459974371,84.89102636184946,85.39867401123047,3419800,0.0,0.0,0.0
2017-06-20 00:00:00-04:00,85.24827418097799,85.26707302642447,84.30817411597928,84.32697296142578,3352500,0.0,0.0,0.0
2017-06-21 00:00:00-04:00,84.54319274619347,84.59020061485035,84.15774830590958,84.45858001708984,3126200,0.0,0.0,0.0
2017-06-22 00:00:00-04:00,84.44917081789063,84.58078422243065,84.24234770435842,84.26114654541016,3658900,0.0,0.0,0.0
2017-06-23 00:00:00-04:00,84.2611645696094,84.2611645696094,83.88513028899668,84.15775299072266,3922600,0.0,0.0,0.0
2017-06-26 00:00:00-04:00,84.57139459843009,84.71241103200697,84.19535316635633,84.45858001708984,4708700,0.0,0.0,0.0
2017-06-27 00:00:00-04:00,84.27997852318308,84.59960912628028,83.79112243652344,83.79112243652344,4014900,0.0,0.0,0.0
2017-06-28 00:00:00-04:00,84.03553599306736,84.7312079646548,83.97913228986647,84.63719940185547,5030800,0.0,0.0,0.0
2017-06-29 00:00:00-04:00,84.47740319804309,84.56200877194354,83.1612615045617,83.8193359375,4901700,0.0,0.0,0.0
2017-06-30 00:00:00-04:00,84.23294469763624,84.6277849112563,84.08253245204449,84.26114654541016,4656800,0.0,0.0,0.0
2017-07-03 00:00:00-04:00,84.49618236454832,84.90982864476663,84.1389469595193,84.17655181884766,2807300,0.0,0.0,0.0
2017-07-05 00:00:00-04:00,84.16716198436703,84.1859680031714,83.57490149513313,83.96974182128906,3985100,0.0,0.0,0.0
2017-07-06 00:00:00-04:00,83.45267960787709,83.70651064194867,83.05783930198162,83.11425018310547,3622400,0.0,0.0,0.0
2017-07-07 00:00:00-04:00,83.2928597613416,83.92272504900996,83.2928597613416,83.85691833496094,2579700,0.0,0.0,0.0
2017-07-10 00:00:00-04:00,83.92272313861322,84.1671511448286,83.67830230479159,84.03553771972656,2700100,0.0,0.0,0.0
2017-07-11 00:00:00-04:00,83.94152746825438,83.9979311714808,83.40567077042269,83.86631774902344,3212300,0.0,0.0,0.0
2017-07-12 00:00:00-04:00,84.33637405144609,84.62780276979865,84.27997034399569,84.5055923461914,3033900,0.0,0.0,0.0
2017-07-13 00:00:00-04:00,84.75001676115986,84.84402532704345,84.449185046896,84.5149917602539,3311700,0.0,0.0,0.0
2017-07-14 00:00:00-04:00,84.77820990769816,84.89102447860971,84.41157151772698,84.78761291503906,4140000,0.0,0.0,0.0
2017-07-17 00:00:00-04:00,84.78761503906428,85.13544742306723,84.78761503906428,84.99443817138672,3177200,0.0,0.0,0.0
2017-07-18 00:00:00-04:00,84.91924340307067,85.38929345112611,84.85343668323868,85.37989044189453,3490000,0.0,0.0,0.0
2017-07-19 00:00:00-04:00,85.53967947245798,85.88751898327918,85.47387277283151,85.79351043701172,2655800,0.0,0.0,0.0
2017-07-20 00:00:00-04:00,85.87812550936452,85.94393221629551,85.32347000414534,85.61489868164062,4599500,0.0,0.0,0.0
2017-07-21 00:00:00-04:00,85.21067102141,85.67131805419922,85.21067102141,85.67131805419922,3316900,0.0,0.0,0.0
2017-07-24 00:00:00-04:00,85.69952820421739,85.69952820421739,85.28588186676235,85.37989044189453,2040900,0.0,0.0,0.0
2017-07-25 00:00:00-04:00,85.69952640454936,86.20717413408158,85.55850995861513,85.98155212402344,5048400,0.0,0.0,0.0
2017-07-26 00:00:00-04:00,86.1225605019273,86.14135934584006,85.84993064463315,85.94393920898438,2864400,0.0,0.0,0.0
2017-07-27 00:00:00-04:00,86.31060272520547,87.00628208293762,85.84995560527695,86.5738296508789,6637600,0.0,0.0,0.0
2017-07-28 00:00:00-04:00,85.72773144289303,86.0191601822239,85.58671499172193,85.9157485961914,3916700,0.0,0.0,0.0
2017-07-31 00:00:00-04:00,86.22597166318006,86.34818207901442,85.6055022311126,85.88753509521484,3130600,0.0,0.0,0.0
2017-08-01 00:00:00-04:00,86.14136782047112,86.20717453923045,85.76533352607176,86.03795623779297,4375400,0.0,0.0,0.0
2017-08-02 00:00:00-04:00,86.00036007143147,86.03795776362264,85.29528499833698,85.80293273925781,2888000,0.0,0.0,0.0
2017-08-03 00:00:00-04:00,85.71832105894156,86.01915278177441,85.5396997579991,85.56790161132812,3595700,0.0,0.0,0.0
2017-08-04 00:00:00-04:00,85.75592996414942,85.75592996414942,85.22947621746869,85.57730865478516,2449400,0.0,0.0,0.0
2017-08-07 00:00:00-04:00,85.7277185432263,85.89693682468999,85.61490396478598,85.77471923828125,3469700,0.0,0.0,0.0
2017-08-08 00:00:00-04:00,85.77473132270609,86.27298322932525,85.56790815262389,85.82173919677734,3025100,0.0,0.0,0.0
2017-08-09 00:00:00-04:00,84.80645115823124,85.37991294177287,84.64663582115148,85.3235092163086,4898100,0.0,0.0,0.0
2017-08-10 00:00:00-04:00,84.96623107010473,85.10724749736748,84.02613111821087,84.04493713378906,4904900,0.0,0.0,0.0
2017-08-11 00:00:00-04:00,83.83812576012454,84.656015415092,83.83812576012454,84.4773941040039,4919600,0.0,0.0,0.0
2017-08-14 00:00:00-04:00,84.94744235097342,85.36108867427107,84.92863633315392,85.07905578613281,3754100,0.0,0.0,0.0
2017-08-15 00:00:00-04:00,85.0414392698778,85.11664898606145,84.28936362522124,84.29875946044922,3095700,0.0,0.0,0.0
2017-08-16 00:00:00-04:00,84.60899076727266,84.8910236054541,84.37396579291912,84.731201171875,2452700,0.0,0.0,0.0
2017-08-17 00:00:00-04:00,84.51498433823522,84.60899289586311,83.37746429443358,83.3774642944336,4895700,0.0,0.0,0.0
2017-08-18 00:00:00-04:00,83.19883109895096,83.42445303942407,82.8697976081793,82.96380615234375,6787800,0.0,0.0,0.0
2017-08-21 00:00:00-04:00,82.93562887560282,83.22705760056458,82.62539413280169,83.11425018310547,10550700,0.0,0.0,0.0
2017-08-22 00:00:00-04:00,83.35867573043483,84.10135568424195,83.311675027978,84.0073471069336,4385600,0.0,0.0,0.0
2017-08-23 00:00:00-04:00,83.44327374414429,83.59368600681314,83.1518378818095,83.29285430908203,4840800,0.0,0.0,0.0
2017-08-24 00:00:00-04:00,83.70651064194867,83.90393079489641,82.98262957541269,83.11425018310547,2765900,0.0,0.0,0.0
2017-08-25 00:00:00-04:00,83.35865740840636,83.67829510787288,83.17064029511532,83.32105255126953,3244600,0.0,0.0,0.0
2017-08-28 00:00:00-04:00,83.59368686288163,83.65009773780439,83.25525030291907,83.3680648803711,2184200,0.0,0.0,0.0
2017-08-29 00:00:00-04:00,82.83220734089231,83.38686286979923,82.70059392140953,83.29285430908203,2755600,0.0,0.0,0.0
2017-08-30 00:00:00-04:00,83.33989078944737,83.99795811280121,83.25527803507565,83.89454650878906,2256400,0.0,0.0,0.0
2017-08-31 00:00:00-04:00,84.12953761318403,84.36456258698405,84.0073272088695,84.28936004638672,3994100,0.0,0.0,0.0
2017-09-01 00:00:00-04:00,84.50560163294746,84.825239412546,84.45859375664344,84.67481994628906,2431900,0.0,0.0,0.0
2017-09-05 00:00:00-04:00,84.43978755128757,84.79702299392513,83.83812408347994,84.32697296142578,4955500,0.0,0.0,0.0
2017-09-06 00:00:00-04:00,84.45859942123998,84.9568585573379,84.27998525857396,84.85344696044922,3004700,0.0,0.0,0.0
2017-09-07 00:00:00-04:00,85.03203093076,85.14484549796202,83.92271278998186,84.1201400756836,5354000,0.0,0.0,0.0
2017-09-08 00:00:00-04:00,83.9509224090887,84.02612494869955,83.68768841707556,83.82870483398438,2590000,0.0,0.0,0.0
2017-09-11 00:00:00-04:00,84.12955240410537,84.35518158274449,84.06374568676752,84.27056884765625,3351600,0.0,0.0,0.0
2017-09-12 00:00:00-04:00,84.4773881552489,84.76881686553857,84.36457357107518,84.6466064453125,2720100,0.0,0.0,0.0
2017-09-13 00:00:00-04:00,84.59959326704083,85.2576675415039,84.59959326704083,85.2576675415039,3291600,0.0,0.0,0.0
2017-09-14 00:00:00-04:00,85.05085863573264,85.26707764585542,84.76882573199589,84.79702758789062,3516900,0.0,0.0,0.0
2017-09-15 00:00:00-04:00,84.634740940031,84.88003370191142,84.51209815797517,84.55926513671875,3911100,0.318,0.0,0.0
2017-09-18 00:00:00-04:00,84.82344798221861,84.8894875243257,84.07814046542691,84.2668228149414,6569600,0.0,0.0,0.0
2017-09-19 00:00:00-04:00,84.27626494585725,84.41778031670837,83.8800276656907,84.19135284423828,6400500,0.0,0.0,0.0
2017-09-20 00:00:00-04:00,84.31399977103099,84.54042003744064,84.02153276257427,84.47438049316406,3709900,0.0,0.0,0.0
2017-09-21 00:00:00-04:00,84.44606130376849,84.54040246201203,84.19133225896505,84.33284759521484,4207600,0.0,0.0,0.0
2017-09-22 00:00:00-04:00,84.11588113820123,84.52154748320704,84.09700858396765,84.47438049316406,3116300,0.0,0.0,0.0
2017-09-25 00:00:00-04:00,84.44608715566329,84.63476952991262,84.0215410169455,84.29513549804688,7167600,0.0,0.0,0.0
2017-09-26 00:00:00-04:00,84.54042197862961,84.71023898177876,84.1253121492049,84.3045654296875,3072900,0.0,0.0,0.0
2017-09-27 00:00:00-04:00,84.52155286685769,84.92722643547361,84.1536172113422,84.766845703125,5229100,0.0,0.0,0.0
2017-09-28 00:00:00-04:00,84.64418243741967,84.73852359849643,84.51210337235837,84.66304779052734,3599800,0.0,0.0,0.0
2017-09-29 00:00:00-04:00,84.67250854283819,85.07818213073143,84.63477062794448,84.98384094238281,3472000,0.0,0.0,0.0
2017-10-02 00:00:00-04:00,85.08759992487646,85.33288552174396,84.96494992867298,85.14420318603516,2929700,0.0,0.0,0.0
2017-10-03 00:00:00-04:00,85.2857092336502,85.52156572644361,85.2196697035788,85.50269317626953,4915600,0.0,0.0,0.0
2017-10-04 00:00:00-04:00,85.5687569104476,86.00273931398105,85.47441572619854,85.94612884521484,4931700,0.0,0.0,0.0
2017-10-05 00:00:00-04:00,86.07819872006432,86.45557061439891,85.9649921902031,86.4272689819336,7220500,0.0,0.0,0.0
2017-10-06 00:00:00-04:00,86.28573598670867,86.6536715290992,86.28573598670867,86.5310287475586,3133200,0.0,0.0,0.0
2017-10-09 00:00:00-04:00,86.68198514352694,86.69142141964852,86.17253419950778,86.2574462890625,4270100,0.0,0.0,0.0
2017-10-10 00:00:00-04:00,86.31404647363017,86.57820461346067,85.96498344504107,86.17253112792969,2756700,0.0,0.0,0.0
2017-10-11 00:00:00-04:00,86.21971893310547,86.31406011255663,86.00273494014486,86.21971893310547,3842800,0.0,0.0,0.0
2017-10-12 00:00:00-04:00,85.89894751733611,85.91781287192931,85.45553610781302,85.64421844482422,4584000,0.0,0.0,0.0
2017-10-13 00:00:00-04:00,85.80458949862388,86.13479434790236,85.70081206561105,86.05931854248047,2730100,0.0,0.0,0.0
2017-10-16 00:00:00-04:00,86.09706251495632,86.21026903330112,85.90837298809919,86.17253112792969,4327800,0.0,0.0,0.0
2017-10-17 00:00:00-04:00,86.1536793877126,86.36123430116751,86.00273494014486,86.21971893310547,2773200,0.0,0.0,0.0
2017-10-18 00:00:00-04:00,86.29518854896156,86.33292645758183,85.96499084574678,85.98385620117188,4525600,0.0,0.0,0.0
2017-10-19 00:00:00-04:00,85.62535686593442,85.99329247776947,85.41780196740797,85.98385620117188,4501000,0.0,0.0,0.0
2017-10-20 00:00:00-04:00,86.32348532385427,86.408390215145,86.08762880657598,86.19140625,4801400,0.0,0.0,0.0
2017-10-23 00:00:00-04:00,86.28575910225895,86.36123492547374,85.5404515429969,85.60649108886719,2910600,0.0,0.0,0.0
2017-10-24 00:00:00-04:00,85.7008350286221,85.95556414073178,85.7008350286221,85.81404876708984,3702000,0.0,0.0,0.0
2017-10-25 00:00:00-04:00,85.64421401092169,85.7762930795456,85.0215565728046,85.48383331298828,4683600,0.0,0.0,0.0
2017-10-26 00:00:00-04:00,85.48382481296385,86.09705311218146,85.40834901046381,85.78572082519531,3566500,0.0,0.0,0.0
2017-10-27 00:00:00-04:00,86.42725426053416,87.21972862565917,86.02158080283378,87.17256164550781,5945600,0.0,0.0,0.0
2017-10-30 00:00:00-04:00,86.42726641840642,86.97445528907282,86.42726641840642,86.77633666992188,4335400,0.0,0.0,0.0
2017-10-31 00:00:00-04:00,86.8706863319038,86.96502751246742,86.71030560516856,86.78577423095703,3187600,0.0,0.0,0.0
2017-11-01 00:00:00-04:00,87.06880074798983,87.3518242759554,86.77634094309431,86.81407165527344,4417200,0.0,0.0,0.0
2017-11-02 00:00:00-04:00,86.57818842342297,86.68196584434574,85.85175367473168,86.1630859375,4591800,0.0,0.0,0.0
2017-11-03 00:00:00-04:00,86.11593925155152,86.5499144240315,85.90838434345883,86.51217651367188,3694000,0.0,0.0,0.0
2017-11-06 00:00:00-05:00,86.34234634447972,87.18200212579414,86.34234634447972,87.1442642211914,3847900,0.0,0.0,0.0
2017-11-07 00:00:00-05:00,87.04050657577126,87.31410104802876,86.50275390899507,86.62539672851562,2432800,0.0,0.0,0.0
2017-11-08 00:00:00-05:00,86.49329109185075,86.76688548015916,86.4083790137977,86.71971130371094,2725800,0.0,0.0,0.0
2017-11-09 00:00:00-05:00,86.22915671654941,86.97446428344193,86.02160179946912,86.85181427001953,3441300,0.0,0.0,0.0
2017-11-10 00:00:00-05:00,86.82349563095286,87.25747073723026,86.7480198217474,87.1442642211914,2510600,0.0,0.0,0.0
2017-11-13 00:00:00-05:00,86.87069038239572,87.61599797980978,86.70087337035491,87.4367446899414,5714700,0.0,0.0,0.0
2017-11-14 00:00:00-05:00,87.1631367831331,87.5310723862269,86.91784398181393,87.51220703125,4189100,0.0,0.0,0.0
2017-11-15 00:00:00-05:00,87.08765248065644,87.42728641930128,86.6348120276428,87.13482666015625,3365300,0.0,0.0,0.0
2017-11-16 00:00:00-05:00,87.27635511307133,87.9367505386696,87.21031557051151,87.86127471923828,4093300,0.0,0.0,0.0
2017-11-17 00:00:00-05:00,88.0593954688476,88.39902946670223,87.99335592469644,88.24808502197266,4686400,0.0,0.0,0.0
2017-11-20 00:00:00-05:00,88.38959845254259,88.60658243667358,88.21978145733253,88.41790008544922,2447600,0.0,0.0,0.0
2017-11-21 00:00:00-05:00,88.64430405637754,89.02167588724726,88.52166127039669,88.96507263183594,5015000,0.0,0.0,0.0
2017-11-22 00:00:00-05:00,89.00282886020761,89.2292563423233,88.94622558856423,89.05000305175781,3197300,0.0,0.0,0.0
2017-11-24 00:00:00-05:00,89.25753998031921,89.31414324054916,89.13489718389779,89.27640533447266,1736200,0.0,0.0,0.0
2017-11-27 00:00:00-05:00,89.5122547090544,89.71037330182563,89.1820570544357,89.34243774414062,3924100,0.0,0.0,0.0
2017-11-28 00:00:00-05:00,89.48396105920304,90.33304595947264,89.37075453768021,90.33304595947266,5804700,0.0,0.0,0.0
2017-11-29 00:00:00-05:00,90.4085239250667,90.96514186319347,90.26700857202384,90.71985626220703,6346700,0.0,0.0,0.0
2017-11-30 00:00:00-05:00,90.87079658319286,91.55950076470383,90.65380542530681,91.18212890625,7481700,0.0,0.0,0.0
2017-12-01 00:00:00-05:00,91.08779065953613,91.43685370163007,89.8613338797078,91.14439392089844,11780100,0.0,0.0,0.0
2017-12-04 00:00:00-05:00,92.06894827191866,92.80482666507821,92.0312175625185,92.20103454589844,6772900,0.0,0.0,0.0
2017-12-05 00:00:00-05:00,92.17272125369534,92.3897124099723,91.64440497443941,91.6727066040039,7484200,0.0,0.0,0.0
2017-12-06 00:00:00-05:00,91.55005924906824,91.72931249107256,91.0217429961323,91.0783462524414,5718000,0.0,0.0,0.0
2017-12-07 00:00:00-05:00,91.3141860961914,91.48400303191535,90.88021108217862,91.3141860961914,3951400,0.0,0.0,0.0
2017-12-08 00:00:00-05:00,91.56893856415961,91.92744510283258,91.34251830662998,91.7481918334961,5793400,0.0,0.0,0.0
2017-12-11 00:00:00-05:00,91.82366914206689,91.97461358361281,91.6349795929216,91.9463119506836,3346400,0.0,0.0,0.0
2017-12-12 00:00:00-05:00,92.2010381112108,92.2765067306992,91.95574530400575,91.98404693603516,2759000,0.0,0.0,0.0
2017-12-13 00:00:00-05:00,92.17273106644284,92.27650851774051,91.92744545225764,92.05952453613281,3452900,0.0,0.0,0.0
2017-12-14 00:00:00-05:00,92.16328326104785,92.6161236858171,92.08780745766339,92.342529296875,4247300,0.0,0.0,0.0
2017-12-15 00:00:00-05:00,92.77041760518784,92.98814727328299,92.52428998522517,92.74201965332031,6732100,0.332,0.0,0.0
2017-12-18 00:00:00-05:00,93.32894558091839,93.72653864058933,93.21535375438472,93.5750732421875,6008300,0.0,0.0,0.0
2017-12-19 00:00:00-05:00,93.67918668319501,93.79278571112101,93.29106931008067,93.45199584960938,5984700,0.0,0.0,0.0
2017-12-20 00:00:00-05:00,93.77385694686967,93.84012124659256,93.23427415704991,93.27214050292969,2464500,0.0,0.0,0.0
2017-12-21 00:00:00-05:00,93.39521863685167,94.08625966712545,93.31948593641218,93.87799835205078,2359900,0.0,0.0,0.0
2017-12-22 00:00:00-05:00,93.75493128602591,93.75493128602591,93.51827203113054,93.69813537597656,3221900,0.0,0.0,0.0
2017-12-26 00:00:00-05:00,93.5845494229049,94.01053325239032,93.5845494229049,93.90640258789062,1498000,0.0,0.0,0.0
2017-12-27 00:00:00-05:00,94.07678336726156,94.08625175958767,93.6318700396752,93.7170639038086,1866900,0.0,0.0,0.0
2017-12-28 00:00:00-05:00,94.04837367583441,94.04837367583441,93.7738481107741,93.97264099121094,4195800,0.0,0.0,0.0
2017-12-29 00:00:00-05:00,94.00104833780163,94.12410853645999,93.35733494815318,93.42359924316406,2630600,0.0,0.0,0.0
2018-01-02 00:00:00-05:00,93.82119716288305,94.84356689453125,93.82119716288305,94.84356689453125,4895600,0.0,0.0,0.0
2018-01-03 00:00:00-05:00,94.93821709075924,95.35473964456672,94.91928030798626,95.27900695800781,5319000,0.0,0.0,0.0
2018-01-04 00:00:00-05:00,95.64818841709918,95.7144527078654,95.09913730945557,95.59139251708984,3457400,0.0,0.0,0.0
2018-01-05 00:00:00-05:00,96.01739521643019,96.39605147672728,95.79966551952245,96.34871673583984,4294400,0.0,0.0,0.0
2018-01-08 00:00:00-05:00,96.39605411471483,96.62324498820344,96.27298667394662,96.46231842041016,2670000,0.0,0.0,0.0
2018-01-09 00:00:00-05:00,96.74630410672478,96.87883271660863,96.32978871377595,96.65164184570312,3160900,0.0,0.0,0.0
2018-01-10 00:00:00-05:00,96.30137854834976,96.71789388849166,96.07418048398146,96.58536529541016,2838900,0.0,0.0,0.0
2018-01-11 00:00:00-05:00,96.8220225403694,98.16624522673821,96.72736029329363,98.15678405761719,3622700,0.0,0.0,0.0
2018-01-12 00:00:00-05:00,98.34611971125085,99.46315168693583,98.22305949831517,99.42528533935547,4037800,0.0,0.0,0.0
2018-01-16 00:00:00-05:00,99.92701111889144,100.36246332324815,98.45972793030712,98.71531677246094,9251600,0.0,0.0,0.0
2018-01-17 00:00:00-05:00,99.17915312896973,99.387414419948,98.56384487032824,99.1886215209961,6656100,0.0,0.0,0.0
2018-01-18 00:00:00-05:00,99.15074395311238,99.32113887896658,98.8478204429567,99.1034164428711,3292300,0.0,0.0,0.0
2018-01-19 00:00:00-05:00,99.57675682010874,99.97434266061916,99.27383324320543,99.96487426757812,3760400,0.0,0.0,0.0
2018-01-22 00:00:00-05:00,99.9553939317433,101.07242584228516,99.87020007135632,101.07242584228516,7752300,0.0,0.0,0.0
2018-01-23 00:00:00-05:00,101.61200079165803,102.04746011873407,101.41320791047968,101.92439270019531,4154900,0.0,0.0,0.0
2018-01-24 00:00:00-05:00,102.37877717460984,102.95622623316223,101.44160871165843,102.3598403930664,6463800,0.0,0.0,0.0
2018-01-25 00:00:00-05:00,102.79532392932558,102.87105663413769,101.73509495102898,102.18001556396484,5070800,0.0,0.0,0.0
2018-01-26 00:00:00-05:00,102.40719147759795,103.18343353271483,102.15160266407594,103.18343353271484,3916300,0.0,0.0,0.0
2018-01-29 00:00:00-05:00,103.07930028820759,103.50528404077103,102.67224609746756,102.8994369506836,6355200,0.0,0.0,0.0
2018-01-30 00:00:00-05:00,102.13264863626979,102.78583037048968,101.80132718495027,102.38824462890625,5284100,0.0,0.0,0.0
2018-01-31 00:00:00-05:00,102.86157775311578,103.22129720563825,101.83920808097783,102.05693054199219,9451100,0.0,0.0,0.0
2018-02-01 00:00:00-05:00,101.42267586905203,102.20838622150059,100.83575839693388,100.92095947265625,9353400,0.0,0.0,0.0
2018-02-02 00:00:00-05:00,101.3564167778032,102.22732102840763,99.73766847865801,99.95539093017578,10690700,0.0,0.0,0.0
2018-02-05 00:00:00-05:00,99.12235256938959,100.56124475465553,95.7049926572163,96.58536529541016,23046500,0.0,0.0,0.0
2018-02-06 00:00:00-05:00,94.66370366568202,99.25489184901411,94.41757601391637,99.05609893798828,22332500,0.0,0.0,0.0
2018-02-07 00:00:00-05:00,99.1318377399578,100.52339542511444,98.72478350023353,98.75318145751953,13137000,0.0,0.0,0.0
2018-02-08 00:00:00-05:00,98.88569730821477,99.14129333533043,94.73942996752625,94.8151626586914,15742000,0.0,0.0,0.0
2018-02-09 00:00:00-05:00,95.74287229364175,96.24458878314374,91.9184576796832,95.44941711425781,21397600,0.0,0.0,0.0
2018-02-12 00:00:00-05:00,96.35817472549894,97.28587487969008,95.37367144392194,96.74629211425781,12559500,0.0,0.0,0.0
2018-02-13 00:00:00-05:00,96.35817531964562,97.47520720156615,96.19724877263788,97.24801635742188,5150800,0.0,0.0,0.0
2018-02-14 00:00:00-05:00,96.7841502060026,98.98981581543987,96.7084247463894,98.80049133300781,6731300,0.0,0.0,0.0
2018-02-15 00:00:00-05:00,99.39689130801148,99.68088531494142,98.3271940301416,99.6808853149414,5590800,0.0,0.0,0.0
2018-02-16 00:00:00-05:00,99.36847690171106,99.99325350235296,98.98035230464383,99.19808197021484,4748600,0.0,0.0,0.0
2018-02-20 00:00:00-05:00,98.93303083486522,99.96486165586029,98.50703986897535,98.8951644897461,5875700,0.0,0.0,0.0
2018-02-21 00:00:00-05:00,99.34009905641224,100.35300045913061,98.75318145751953,98.75318145751953,4953100,0.0,0.0,0.0
2018-02-22 00:00:00-05:00,99.23595500229683,99.63354079516627,98.58277318382069,98.87622833251953,4443800,0.0,0.0,0.0
2018-02-23 00:00:00-05:00,99.44420017304076,100.25830841064453,98.98034293427334,100.25830841064453,2993000,0.0,0.0,0.0
2018-02-26 00:00:00-05:00,100.63698036271998,101.10083770751955,100.39085993491692,101.10083770751953,3898400,0.0,0.0,0.0
2018-02-27 00:00:00-05:00,101.19549732115763,101.19549732115763,98.942496626067,98.96143341064453,6284600,0.0,0.0,0.0
2018-02-28 00:00:00-05:00,99.49154494152506,99.90806752296287,98.49758044800345,98.51651000976562,6049400,0.0,0.0,0.0
2018-03-01 00:00:00-05:00,98.6206271828073,99.09394560713977,96.48122588258998,97.45626068115234,9530300,0.0,0.0,0.0
2018-03-02 00:00:00-05:00,96.37710643865343,97.72133640871448,95.88485839800585,97.55094146728516,7265400,0.0,0.0,0.0
2018-03-05 00:00:00-05:00,97.19123044607844,98.92357809242893,96.95457116834535,98.71531677246094,4994000,0.0,0.0,0.0
2018-03-06 00:00:00-05:00,99.16969786661265,99.44422347359469,98.51651600095653,99.39688873291016,7575900,0.0,0.0,0.0
2018-03-07 00:00:00-05:00,98.41238526686506,98.96143648036941,97.92013718658808,98.72477722167969,5263700,0.0,0.0,0.0
2018-03-08 00:00:00-05:00,99.1034194455256,99.20755008238405,98.73423163203348,99.03715515136719,4036500,0.0,0.0,0.0
2018-03-09 00:00:00-05:00,99.70928847327109,100.59912244502576,99.43476284485413,100.57072448730469,3624700,0.0,0.0,0.0
2018-03-12 00:00:00-04:00,100.90204620361328,101.31856884361542,100.66538692584263,100.90204620361328,4256600,0.0,0.0,0.0
2018-03-13 00:00:00-04:00,101.46055206050478,101.66881335219136,100.03112819487444,100.19205474853516,5662900,0.0,0.0,0.0
2018-03-14 00:00:00-04:00,100.71270603926598,100.84523463646713,99.81340381222016,100.0689926147461,5122700,0.0,0.0,0.0
2018-03-15 00:00:00-04:00,100.26779784448144,100.48552755081872,99.79447930417827,99.96487426757812,3839800,0.0,0.0,0.0
2018-03-16 00:00:00-04:00,99.99335429148236,100.51554048760062,99.85093921585633,99.86043548583984,3346800,0.31,0.0,0.0
2018-03-19 00:00:00-04:00,99.49014469729926,99.52812252761771,97.89511204157687,98.6166763305664,5727400,0.0,0.0,0.0
2018-03-20 00:00:00-04:00,98.7970924065282,99.34776025049389,98.74962553665492,99.2053451538086,3706700,0.0,0.0,0.0
2018-03-21 00:00:00-04:00,99.32876512006811,99.8794256659988,98.82556419578061,99.12938690185547,5269700,0.0,0.0,0.0
2018-03-22 00:00:00-04:00,98.360320982236,98.60717324046345,96.97416286739421,97.02163696289062,6906800,0.0,0.0,0.0
2018-03-23 00:00:00-04:00,97.29698240843898,97.55332372157568,95.08482257489405,95.1133041381836,8944600,0.0,0.0,0.0
2018-03-26 00:00:00-04:00,96.65137445011177,98.01854020266289,95.71143939353993,97.92359924316406,7280300,0.0,0.0,0.0
2018-03-27 00:00:00-04:00,98.32234207905667,98.53121650730822,95.38862554642333,96.00575256347656,6256300,0.0,0.0,0.0
2018-03-28 00:00:00-04:00,95.45510167362114,96.0912140941049,94.16388429392003,94.83797454833984,12974400,0.0,0.0,0.0
2018-03-29 00:00:00-04:00,94.94241724133178,96.6418873791754,94.25883067822913,96.16717529296875,7642500,0.0,0.0,0.0
2018-04-02 00:00:00-04:00,95.5880325376719,95.72095135146216,92.5498778745625,93.45182800292969,11888300,0.0,0.0,0.0
2018-04-03 00:00:00-04:00,94.00248316575838,95.1512854697137,93.29041508320937,94.63859558105469,7307900,0.0,0.0,0.0
2018-04-04 00:00:00-04:00,93.20497225239002,96.56593479959658,93.11003128081438,96.37605285644531,7442800,0.0,0.0,0.0
2018-04-05 00:00:00-04:00,97.1925623536462,97.98057897017122,96.65139082493279,97.66727447509766,4231500,0.0,0.0,0.0
2018-04-06 00:00:00-04:00,96.72733408725335,97.59131357899332,94.97090078050613,95.58802795410156,8764900,0.0,0.0,0.0
2018-04-09 00:00:00-04:00,96.26209544013707,96.82225934733464,95.26519737731822,95.36014556884766,4260100,0.0,0.0,0.0
2018-04-10 00:00:00-04:00,96.5849149012682,96.77479681996539,95.6544761151779,96.5184555053711,6412200,0.0,0.0,0.0
2018-04-11 00:00:00-04:00,96.11968387411295,97.09758943659587,95.8918241419641,96.22412109375,4790100,0.0,0.0,0.0
2018-04-12 00:00:00-04:00,96.8127728417467,97.20203294085495,96.30008297861596,96.64187622070312,3057400,0.0,0.0,0.0
2018-04-13 00:00:00-04:00,97.15458475834927,97.32548141224166,95.74943368817495,96.10072326660156,4434200,0.0,0.0,0.0
2018-04-16 00:00:00-04:00,96.69885110475796,97.19255573381905,96.26211685199263,96.82228088378906,4240500,0.0,0.0,0.0
2018-04-17 00:00:00-04:00,97.7622027446423,98.816064096778,97.7622027446423,98.62617492675781,4075500,0.0,0.0,0.0
2018-04-18 00:00:00-04:00,98.96797037236576,99.5661122167096,98.88252567662026,99.09140014648438,3298300,0.0,0.0,0.0
2018-04-19 00:00:00-04:00,99.1103731310498,99.33823286826531,98.30336416061658,98.778076171875,8064500,0.0,0.0,0.0
2018-04-20 00:00:00-04:00,98.86351450012349,98.99643327524679,97.37291917035795,97.77168273925781,6255100,0.0,0.0,0.0
2018-04-23 00:00:00-04:00,97.94258971456077,98.61667992936908,97.39192202014357,97.98056030273438,7041000,0.0,0.0,0.0
2018-04-24 00:00:00-04:00,98.53124828528036,98.7306265101333,95.92033157713163,96.43302154541016,6702000,0.0,0.0,0.0
2018-04-25 00:00:00-04:00,96.25262251077343,97.0691278999015,95.43611712164538,96.83177185058594,9397300,0.0,0.0,0.0
2018-04-26 00:00:00-04:00,97.41090592069718,98.58818971256765,97.21152773974956,98.39830780029297,6484700,0.0,0.0,0.0
2018-04-27 00:00:00-04:00,99.69902659423802,99.9268863496495,98.60718743244776,98.84454345703125,4425600,0.0,0.0,0.0
2018-04-30 00:00:00-04:00,99.30025566576151,99.81294551038468,98.44577983492006,98.45526885986328,5003100,0.0,0.0,0.0
2018-05-01 00:00:00-04:00,98.13248387989523,98.63567753661533,97.36345261158955,98.58820343017578,5605400,0.0,0.0,0.0
2018-05-02 00:00:00-04:00,98.31285659657362,98.81605014992707,97.80965579969003,97.91409301757812,4776700,0.0,0.0,0.0
2018-05-03 00:00:00-04:00,97.49638664695915,97.73374272917025,96.23365055114827,97.4773941040039,7007700,0.0,0.0,0.0
2018-05-04 00:00:00-04:00,97.03112762970932,98.99643497393231,96.90770512027129,98.75907897949219,3989600,0.0,0.0,0.0
2018-05-07 00:00:00-04:00,99.27178580756865,99.3762230425007,98.73061433725314,99.09140014648438,3450000,0.0,0.0,0.0
2018-05-08 00:00:00-04:00,98.83504537483986,99.06290512607148,98.14196985214714,98.67364501953125,6097400,0.0,0.0,0.0
2018-05-09 00:00:00-04:00,98.82554511051147,99.0818936583729,98.20842527768859,99.01543426513672,4024800,0.0,0.0,0.0
2018-05-10 00:00:00-04:00,98.99644200694016,99.47115402954539,98.86352322009314,99.37621307373047,2930800,0.0,0.0,0.0
2018-05-11 00:00:00-04:00,99.3857276789405,99.70852843697378,99.2528088675701,99.5851058959961,4424100,0.0,0.0,0.0
2018-05-14 00:00:00-04:00,99.73701567318243,100.09779426355755,99.63257843110746,99.77498626708984,3324900,0.0,0.0,0.0
2018-05-15 00:00:00-04:00,99.24330578986655,99.37622459211977,98.73061587680493,99.19583892822266,4558000,0.0,0.0,0.0
2018-05-16 00:00:00-04:00,99.31927104206578,100.23071744981429,99.31927104206578,100.02184295654297,3239200,0.0,0.0,0.0
2018-05-17 00:00:00-04:00,99.80346291738095,100.40159748622348,99.44267712743353,99.68952941894531,6364500,0.0,0.0,0.0
2018-05-18 00:00:00-04:00,99.53761989583865,99.85093158957991,99.3477379718609,99.56610870361328,4108900,0.0,0.0,0.0
2018-05-21 00:00:00-04:00,100.04081946081243,100.3731164452333,99.7844708988799,100.11676788330078,8747300,0.0,0.0,0.0
2018-05-22 00:00:00-04:00,100.47754884893965,100.70540859252199,99.60408046226507,99.67053985595703,2995100,0.0,0.0,0.0
2018-05-23 00:00:00-04:00,99.30975463072875,100.4015937418761,99.18633211134123,100.39209747314453,4627200,0.0,0.0,0.0
2018-05-24 00:00:00-04:00,100.28766567026139,100.78137026156755,99.7939683224863,100.6104736328125,5483500,0.0,0.0,0.0
2018-05-25 00:00:00-04:00,100.5630043048986,101.15164988601094,100.45856706883784,100.76238250732422,3840900,0.0,0.0,0.0
2018-05-29 00:00:00-04:00,100.26866339385171,100.70539753925372,99.59457326224012,99.98383331298828,5904100,0.0,0.0,0.0
2018-05-30 00:00:00-04:00,100.44907855032459,101.01873159492403,100.22121153765964,100.89530181884766,4921600,0.0,0.0,0.0
2018-05-31 00:00:00-04:00,100.93327357347961,100.96175513746397,100.06930141065301,100.41109466552734,6433500,0.0,0.0,0.0
2018-06-01 00:00:00-04:00,100.84783403784549,101.25608671073417,100.74339680220899,101.15164947509766,5218700,0.0,0.0,0.0
2018-06-04 00:00:00-04:00,101.4554620310702,102.31943421353509,101.40798792766316,102.28146362304688,4707400,0.0,0.0,0.0
2018-06-05 00:00:00-04:00,102.33842905413337,102.97454149032069,102.13905085369547,102.87960052490234,4581000,0.0,0.0,0.0
2018-06-06 00:00:00-04:00,103.17391502044465,103.9144646581295,102.69920297131016,103.83851623535156,5460400,0.0,0.0,0.0
2018-06-07 00:00:00-04:00,104.09486750690483,104.51261646801275,103.80054832623246,104.14234161376953,5349900,0.0,0.0,0.0
2018-06-08 00:00:00-04:00,103.7720641680039,104.70249579364985,103.67711595664565,104.36070251464844,3843500,0.0,0.0,0.0
2018-06-11 00:00:00-04:00,104.37018973736782,105.00630213455135,104.37018973736782,104.7784423828125,3184600,0.0,0.0,0.0
2018-06-12 00:00:00-04:00,104.96833501070434,105.47152866708095,104.9018756078533,105.28164672851562,3488200,0.0,0.0,0.0
2018-06-13 00:00:00-04:00,105.3670752692017,105.99369132212053,105.25314178524826,105.44302368164062,5052500,0.0,0.0,0.0
2018-06-14 00:00:00-04:00,105.78482281403453,106.56335022248963,105.73735595904326,106.54436492919922,4191600,0.0,0.0,0.0
2018-06-15 00:00:00-04:00,106.0627100327396,106.8147261824987,105.99607605808038,106.71953582763672,9106700,0.294,0.0,0.0
2018-06-18 00:00:00-04:00,106.01512279657415,106.7576177622652,105.81522086446954,106.5386734008789,4023700,0.0,0.0,0.0
2018-06-19 00:00:00-04:00,105.59625906894736,106.41490909148683,105.41539233342702,106.40538787841797,6169600,0.0,0.0,0.0
2018-06-20 00:00:00-04:00,106.95751091611382,107.185969210832,106.52915070569748,106.909912109375,3943000,0.0,0.0,0.0
2018-06-21 00:00:00-04:00,107.06222455335896,107.20501371378121,105.96751734019954,106.14838409423828,6850400,0.0,0.0,0.0
2018-06-22 00:00:00-04:00,106.61484161227501,106.76715201489264,105.89138172496071,105.96753692626953,5567900,0.0,0.0,0.0
2018-06-25 00:00:00-04:00,105.5296301756568,105.5296301756568,103.06415877644805,103.66387176513672,12066800,0.0,0.0,0.0
2018-06-26 00:00:00-04:00,104.05415977710321,104.73954193547891,103.75906750546415,104.4063720703125,4630000,0.0,0.0,0.0
2018-06-27 00:00:00-04:00,104.82520197279453,105.20596332351255,103.03559166916806,103.05463409423828,6850400,0.0,0.0,0.0
2018-06-28 00:00:00-04:00,103.15936742739858,104.10176431576778,102.61677439923949,103.86378479003906,5973900,0.0,0.0,0.0
2018-06-29 00:00:00-04:00,104.61579660222722,105.04415682566035,104.02560478849941,104.04464721679688,5740700,0.0,0.0,0.0
2018-07-02 00:00:00-04:00,103.29263327548708,104.21599497850384,103.01657615976134,104.18743133544922,6898700,0.0,0.0,0.0
2018-07-03 00:00:00-04:00,104.67290252221443,104.67290252221443,103.49252623444825,103.66387176513672,2909300,0.0,0.0,0.0
2018-07-05 00:00:00-04:00,104.26358662203637,104.3587769779644,103.34022491816152,104.17791748046875,3788300,0.0,0.0,0.0
2018-07-06 00:00:00-04:00,104.21597909466293,105.14885460729052,103.96847839715545,104.99655151367188,5185000,0.0,0.0,0.0
2018-07-09 00:00:00-04:00,105.65336932968006,106.27211743852165,105.42491105932042,106.25308227539062,3730700,0.0,0.0,0.0
2018-07-10 00:00:00-04:00,106.46250206823423,106.58625605212646,105.98654308417547,106.4815444946289,3179600,0.0,0.0,0.0
2018-07-11 00:00:00-04:00,105.81520035688195,106.4624975758324,105.72952396683664,106.23403930664062,4432200,0.0,0.0,0.0
2018-07-12 00:00:00-04:00,106.63385545136174,107.02414533307999,106.16741764612628,106.93846893310547,2914200,0.0,0.0,0.0
2018-07-13 00:00:00-04:00,107.00512958957697,107.34781346399826,106.83378402108652,107.17646789550781,5522000,0.0,0.0,0.0
2018-07-16 00:00:00-04:00,107.44297790527344,107.61432342083408,107.0336529104651,107.44297790527344,3096300,0.0,0.0,0.0
2018-07-17 00:00:00-04:00,106.3292529183996,107.78569376747055,106.1103158140863,107.54771423339844,4071900,0.0,0.0,0.0
2018-07-18 00:00:00-04:00,107.48105621337889,107.86181757267973,107.13836517996224,107.4810562133789,6406100,0.0,0.0,0.0
2018-07-19 00:00:00-04:00,107.24307986781324,107.85230677557432,107.15740347567561,107.23355865478516,3609700,0.0,0.0,0.0
2018-07-20 00:00:00-04:00,107.24308672602046,107.40491104505871,106.71952891435782,106.75760650634766,3330500,0.0,0.0,0.0
2018-07-23 00:00:00-04:00,106.73856192880918,106.85279470247744,106.0627010253606,106.64337158203125,3369200,0.0,0.0,0.0
2018-07-24 00:00:00-04:00,107.29067811593778,107.46202364836842,106.08174543785802,106.32923889160156,4825600,0.0,0.0,0.0
2018-07-25 00:00:00-04:00,106.03414515291134,107.1478874668925,105.72001047074497,107.10980987548828,6270000,0.0,0.0,0.0
2018-07-26 00:00:00-04:00,106.9955975612411,107.36684504502647,106.31973657120726,106.5481948852539,5802000,0.0,0.0,0.0
2018-07-27 00:00:00-04:00,107.95700867530041,108.10931175733957,105.79615105232416,106.27210998535156,6548800,0.0,0.0,0.0
2018-07-30 00:00:00-04:00,106.28163909464212,106.45298461376585,105.12981926263824,105.42491149902344,6566200,0.0,0.0,0.0
2018-07-31 00:00:00-04:00,105.72954116346818,106.35781058412871,105.16791298065826,105.919921875,6154700,0.0,0.0,0.0
2018-08-01 00:00:00-04:00,106.0246244092463,106.11982201945769,104.93943846837003,105.3963623046875,5218600,0.0,0.0,0.0
2018-08-02 00:00:00-04:00,104.90135852576067,106.19596755999457,104.73953421212089,106.11981964111328,4361500,0.0,0.0,0.0
2018-08-03 00:00:00-04:00,106.32923413370239,106.62433364235808,106.12933223190464,106.4815444946289,3285900,0.0,0.0,0.0
2018-08-06 00:00:00-04:00,106.54819102035106,107.30972838962785,106.24357752515205,107.19549560546875,3625300,0.0,0.0,0.0
2018-08-07 00:00:00-04:00,106.54817682470156,107.85230703550438,106.54817682470156,107.69047546386719,3220500,0.0,0.0,0.0
2018-08-08 00:00:00-04:00,107.64290131175291,107.97607119678146,107.43347816614673,107.80472564697266,2729000,0.0,0.0,0.0
2018-08-09 00:00:00-04:00,107.76664735359654,108.58529750154399,107.56674542387339,108.20452880859375,5537500,0.0,0.0,0.0
2018-08-10 00:00:00-04:00,107.60481489486462,107.80471680949444,107.02414431603398,107.30020141601562,4946200,0.0,0.0,0.0
2018-08-13 00:00:00-04:00,107.60481295608679,107.70000330478234,106.7290501279948,106.75760650634766,5984700,0.0,0.0,0.0
2018-08-14 00:00:00-04:00,107.38587148657497,107.9475069052314,107.02414524684521,107.79519653320312,4190300,0.0,0.0,0.0
2018-08-15 00:00:00-04:00,107.23356056094866,107.23356056094866,105.85327514964364,106.4815444946289,6251800,0.0,0.0,0.0
2018-08-16 00:00:00-04:00,107.19547711374521,107.52864693187098,106.89086367109346,107.00509643554688,3840100,0.0,0.0,0.0
2018-08-17 00:00:00-04:00,106.89088812782808,107.2906920010545,106.37685146401168,107.10031127929688,3011200,0.0,0.0,0.0
2018-08-20 00:00:00-04:00,107.46203542911879,107.91895931987774,107.16694313746628,107.8618392944336,6569300,0.0,0.0,0.0
2018-08-21 00:00:00-04:00,108.17596626890507,109.08028550843835,108.12836746153666,108.71855926513672,4171300,0.0,0.0,0.0
2018-08-22 00:00:00-04:00,108.72808262122629,109.36586598220171,108.70904019288042,108.83279418945312,2757400,0.0,0.0,0.0
2018-08-23 00:00:00-04:00,108.91846145434218,109.31826529202114,108.52817883067225,108.72808074951172,3994500,0.0,0.0,0.0
2018-08-24 00:00:00-04:00,108.93750738383005,109.49913556492258,108.7661618389519,109.3658676147461,5259300,0.0,0.0,0.0
2018-08-27 00:00:00-04:00,109.90846527441475,110.24163516393547,109.80375370019982,110.0702896118164,3016000,0.0,0.0,0.0
2018-08-28 00:00:00-04:00,110.35585668838769,110.43201187323578,109.89893284185732,110.28922271728516,3809700,0.0,0.0,0.0
2018-08-29 00:00:00-04:00,110.58430651069361,111.60285842671163,110.3653694492215,111.5267105102539,8311800,0.0,0.0,0.0
2018-08-30 00:00:00-04:00,111.34583981088917,111.52670653897084,110.50814739666444,110.888916015625,4421800,0.0,0.0,0.0
2018-08-31 00:00:00-04:00,110.81277579540216,111.54574944618045,110.81277579540216,111.3268051147461,4104300,0.0,0.0,0.0
2018-09-04 00:00:00-04:00,111.21258335578865,111.7932539255273,110.7651807270499,111.5362319946289,4453500,0.0,0.0,0.0
2018-09-05 00:00:00-04:00,111.45055715712587,111.46959232091277,110.2606597001081,110.3368148803711,7114900,0.0,0.0,0.0
2018-09-06 00:00:00-04:00,110.63190135059561,110.97459238133253,109.54671550744783,110.03218841552734,5592500,0.0,0.0,0.0
2018-09-07 00:00:00-04:00,109.51818200990904,110.70807965337804,109.28020248121524,110.02269744873047,4460800,0.0,0.0,0.0
2018-09-10 00:00:00-04:00,110.77472084877397,110.8508687833729,110.13693015077266,110.4320297241211,4054900,0.0,0.0,0.0
2018-09-11 00:00:00-04:00,110.1940277492857,111.3934391788642,110.00363979514461,111.31729125976562,4888000,0.0,0.0,0.0
2018-09-12 00:00:00-04:00,111.33632256271554,111.59334447625292,110.59382772370994,111.5267105102539,4572800,0.0,0.0,0.0
2018-09-13 00:00:00-04:00,111.94556034746897,112.07882829241666,111.47912254015205,111.71710205078125,4714400,0.0,0.0,0.0
2018-09-14 00:00:00-04:00,111.71709452552825,111.92651764278457,110.84133172841806,111.29824829101562,3103200,0.0,0.0,0.0
2018-09-17 00:00:00-04:00,111.13644572697089,111.15548089473852,109.82280127422695,109.9179916381836,5179200,0.0,0.0,0.0
2018-09-18 00:00:00-04:00,110.00363979514461,111.44103798303894,109.99412584435595,111.31729125976562,3668200,0.0,0.0,0.0
2018-09-19 00:00:00-04:00,111.46006613325855,111.63141164992423,110.89843804463942,111.36487579345703,3173700,0.0,0.0,0.0
2018-09-20 00:00:00-04:00,111.87891074798796,112.29775695221048,111.65997369582239,112.12641143798828,4834800,0.0,0.0,0.0
2018-09-21 00:00:00-04:00,112.66205879593117,112.73844160096563,111.59272137824449,111.63091278076172,8037500,0.351,0.0,0.0
2018-09-24 00:00:00-04:00,111.25853873882454,111.25853873882454,110.49473265779591,110.90528106689453,4841400,0.0,0.0,0.0
2018-09-25 00:00:00-04:00,111.17261616542103,111.44949833472333,110.92437572324236,111.37311553955078,4106800,0.0,0.0,0.0
2018-09-26 00:00:00-04:00,111.34448818828034,112.45200972421904,111.22036430903304,111.63091278076172,6730100,0.0,0.0,0.0
2018-09-27 00:00:00-04:00,111.64998717817518,112.29922630737798,111.46857987781652,112.0127944946289,5309600,0.0,0.0,0.0
2018-09-28 00:00:00-04:00,111.80276131206665,112.40426674721905,111.79321164115154,111.9173355102539,3503900,0.0,0.0,0.0
2018-10-01 00:00:00-04:00,112.57610479686448,112.78614653056475,111.57360076904295,111.57360076904297,7848900,0.0,0.0,0.0
2018-10-02 00:00:00-04:00,111.59270583128297,111.61180517201329,110.03644463791481,110.0650863647461,9177000,0.0,0.0,0.0
2018-10-03 00:00:00-04:00,110.60932086776877,110.70479573575349,109.64500794731238,109.6927490234375,9161600,0.0,0.0,0.0
2018-10-04 00:00:00-04:00,109.48270221142471,109.60682609821524,107.61136707994741,107.97417449951172,12959900,0.0,0.0,0.0
2018-10-05 00:00:00-04:00,108.03144317861633,108.45153397748264,106.30331706299772,107.16260528564453,7429300,0.0,0.0,0.0
2018-10-08 00:00:00-04:00,106.76161034007184,107.85958937004365,106.2364877174831,107.43949127197266,7256500,0.0,0.0,0.0
2018-10-09 00:00:00-04:00,107.30582749150034,108.50883107370092,107.03849498084789,107.12442016601562,5894100,0.0,0.0,0.0
2018-10-10 00:00:00-04:00,107.07667297826887,107.07667297826887,103.36264545384716,103.5154037475586,13716600,0.0,0.0,0.0
2018-10-11 00:00:00-04:00,102.85662264986729,104.28876717012336,100.79433104425196,101.69181060791016,28602900,0.0,0.0,0.0
2018-10-12 00:00:00-04:00,104.02144068472384,104.27923081046161,102.29332174067102,103.57270812988281,15178200,0.0,0.0,0.0
2018-10-15 00:00:00-04:00,103.55360632931098,104.20284553731744,102.84708366550717,103.33401489257812,7807300,0.0,0.0,0.0
2018-10-16 00:00:00-04:00,103.98325069041569,105.62543707162112,103.43902874113085,105.40584564208984,7431600,0.0,0.0,0.0
2018-10-17 00:00:00-04:00,105.40584811375442,105.40584811375442,103.48677223557006,104.5370101928711,10038700,0.0,0.0,0.0
2018-10-18 00:00:00-04:00,104.31743815664676,104.42246270033326,102.21695456718273,102.53202819824219,12486300,0.0,0.0,0.0
2018-10-19 00:00:00-04:00,102.71341433762882,103.10486341429976,101.18579485989301,101.52950286865234,8585900,0.0,0.0,0.0
2018-10-22 00:00:00-04:00,102.00688134027942,102.46517081193767,101.3862911816941,101.94004821777344,6918800,0.0,0.0,0.0
2018-10-23 00:00:00-04:00,100.37423447001056,102.34105126018082,99.76318671508307,101.95914459228516,10512000,0.0,0.0,0.0
2018-10-24 00:00:00-04:00,101.9305226566709,102.5129287993261,98.7607090809687,98.91346740722656,11795500,0.0,0.0,0.0
2018-10-25 00:00:00-04:00,99.89685487426149,102.45562012874855,99.67726345288334,101.90186309814453,10432800,0.0,0.0,0.0
2018-10-26 00:00:00-04:00,99.33354611883217,100.25011774986211,97.68180287844885,98.73204803466797,18281800,0.0,0.0,0.0
2018-10-29 00:00:00-04:00,99.77273868467749,100.75614346029782,96.42151834093795,97.86321258544922,14306300,0.0,0.0,0.0
2018-10-30 00:00:00-04:00,97.58632385870007,99.43856638124697,97.28079999475803,99.33354187011719,14443300,0.0,0.0,0.0
2018-10-31 00:00:00-04:00,100.70840479620082,101.66316779952965,100.36468953226135,100.61292266845703,9104300,0.0,0.0,0.0
2018-11-01 00:00:00-04:00,101.01393626147524,102.78024649359568,100.53655472391489,102.6656723022461,6905800,0.0,0.0,0.0
2018-11-02 00:00:00-04:00,103.59180058089956,104.34606433481694,101.99734788700232,103.08577728271484,7912600,0.0,0.0,0.0
2018-11-05 00:00:00-05:00,103.16216314651115,103.41994599662068,102.0737337184666,103.22899627685547,4697800,0.0,0.0,0.0
2018-11-06 00:00:00-05:00,103.08578057312802,103.92596953992602,102.98075604174517,103.6872787475586,4779400,0.0,0.0,0.0
2018-11-07 00:00:00-05:00,104.73751755087585,106.54201937176327,104.29832736378702,106.4942855834961,6408800,0.0,0.0,0.0
2018-11-08 00:00:00-05:00,106.05508682209289,107.07668304700825,105.74956292167703,106.52291870117188,4377000,0.0,0.0,0.0
2018-11-09 00:00:00-05:00,106.0741833535505,106.22694895233477,104.5370141160411,105.04303741455078,5257900,0.0,0.0,0.0
2018-11-12 00:00:00-05:00,104.81388296849057,105.13850618248325,102.72294962774843,102.93299865722656,6023400,0.0,0.0,0.0
2018-11-13 00:00:00-05:00,103.09531820327186,103.89731567550898,102.44607903249054,102.88526916503906,7913000,0.0,0.0,0.0
2018-11-14 00:00:00-05:00,103.86867580482652,104.51791498720625,101.82548340703885,102.11190795898438,8291500,0.0,0.0,0.0
2018-11-15 00:00:00-05:00,101.26216437705583,102.20738501905691,99.47676217735919,101.95914459228516,10848500,0.0,0.0,0.0
2018-11-16 00:00:00-05:00,100.98528757081601,101.84457579800358,100.46017224839221,101.55815124511719,5730900,0.0,0.0,0.0
2018-11-19 00:00:00-05:00,101.31946671635366,101.61544095784605,98.78934294656113,99.07576751708984,6679700,0.0,0.0,0.0
2018-11-20 00:00:00-05:00,96.01097256906421,99.10441017924849,95.77228180012023,96.83206939697266,11993000,0.0,0.0,0.0
2018-11-21 00:00:00-05:00,97.77729071596814,98.66521338926093,97.5958833994386,97.84412384033203,8737300,0.0,0.0,0.0
2018-11-23 00:00:00-05:00,97.3285622247426,98.00644321765631,97.3285622247426,97.40493774414062,2728000,0.0,0.0,0.0
2018-11-26 00:00:00-05:00,98.63657598754044,99.75365437841309,98.47426800472003,99.59133911132812,5854000,0.0,0.0,0.0
2018-11-27 00:00:00-05:00,99.23808225116743,99.9923459994081,98.94210072700676,99.88732147216797,6026200,0.0,0.0,0.0
2018-11-28 00:00:00-05:00,100.45061685468606,102.85662375372523,99.9350439477491,102.8375244140625,6341500,0.0,0.0,0.0
2018-11-29 00:00:00-05:00,102.71341051917351,102.99983506320226,101.75864747054969,102.36014556884766,4974900,0.0,0.0,0.0
2018-11-30 00:00:00-05:00,102.32195299891828,103.20988291532235,102.04507084388219,103.1048583984375,5671500,0.0,0.0,0.0
2018-12-03 00:00:00-05:00,105.22443510933292,105.5967921169515,104.35560451964422,105.03348541259766,5994500,0.0,0.0,0.0
2018-12-04 00:00:00-05:00,104.71843543749024,105.0717004686886,100.98530756630416,101.25264739990234,9708700,0.0,0.0,0.0
2018-12-06 00:00:00-05:00,99.41947323910784,101.73954772949219,98.83706719900113,101.73954772949219,11161900,0.0,0.0,0.0
2018-12-07 00:00:00-05:00,101.28126217701194,102.32195036483553,98.4456148626468,98.69385528564453,9345700,0.0,0.0,0.0
2018-12-10 00:00:00-05:00,98.5888331307677,99.2667140121735,96.76523223567546,98.77023315429688,9898200,0.0,0.0,0.0
2018-12-11 00:00:00-05:00,100.24058595680022,100.50791848632676,98.09236876476395,98.80844116210938,7965000,0.0,0.0,0.0
2018-12-12 00:00:00-05:00,99.86820551873953,101.04256718060299,99.66770616852155,99.84911346435547,7186700,0.0,0.0,0.0
2018-12-13 00:00:00-05:00,100.25011012253367,100.51744258404497,98.82751536134096,99.35263061523438,6108300,0.0,0.0,0.0
2018-12-14 00:00:00-05:00,98.32149460890388,99.40037415093421,97.38582368605994,97.70089721679688,6138600,0.0,0.0,0.0
2018-12-17 00:00:00-05:00,97.00391556734544,97.4335632711799,94.51198365160086,95.21851348876953,11928700,0.0,0.0,0.0
2018-12-18 00:00:00-05:00,95.79137631140804,96.93708903087128,95.28535307224072,95.9632339477539,8688900,0.0,0.0,0.0
2018-12-19 00:00:00-05:00,96.00142269203639,97.700899668826,93.53813240052028,94.06324768066406,14030800,0.0,0.0,0.0
2018-12-20 00:00:00-05:00,93.4999584132736,93.93914860151324,90.73114373724856,91.95323944091797,17687600,0.0,0.0,0.0
2018-12-21 00:00:00-05:00,92.34239139384319,93.72264128077542,89.65858110713728,89.86945343017578,13368100,0.376,0.0,0.0
2018-12-24 00:00:00-05:00,89.04513788132459,90.24326942624873,87.92368851035111,88.16331481933594,8439000,0.0,0.0,0.0
2018-12-26 00:00:00-05:00,88.92053080943745,93.41592287236872,88.74799956807422,93.38716888427734,11744900,0.0,0.0,0.0
2018-12-27 00:00:00-05:00,92.13151551472335,93.88557434082031,90.15698997878539,93.88557434082031,10760000,0.0,0.0,0.0
2018-12-28 00:00:00-05:00,94.31690909976905,95.35209642647229,93.07084946805433,93.8951644897461,8328200,0.0,0.0,0.0
2018-12-31 00:00:00-05:00,94.68112905757027,95.28499192812714,93.9814244559836,94.9015884399414,6215300,0.0,0.0,0.0
2019-01-02 00:00:00-05:00,93.2817208639831,96.15723631270367,92.77371430475935,95.62047576904297,6840800,0.0,0.0,0.0
2019-01-03 00:00:00-05:00,94.89200318277084,95.12204235502008,93.3871504955162,93.55009460449219,6346000,0.0,0.0,0.0
2019-01-04 00:00:00-05:00,94.81532411003207,97.35536412437942,94.62362601238134,96.64607238769531,7269100,0.0,0.0,0.0
2019-01-07 00:00:00-05:00,97.10613948598522,99.46406091515156,97.05821862353666,98.83145141601562,6263100,0.0,0.0,0.0
2019-01-08 00:00:00-05:00,99.85705350053205,100.4609090318765,98.50555790914447,99.92414855957031,9391000,0.0,0.0,0.0
2019-01-09 00:00:00-05:00,100.16379439400413,100.87308620145498,99.54076454525845,100.43217468261719,5162600,0.0,0.0,0.0
2019-01-10 00:00:00-05:00,99.1861176382522,100.26922584150398,98.783539911431,100.14462280273438,4760000,0.0,0.0,0.0
2019-01-11 00:00:00-05:00,99.8187186805454,100.56635147465067,99.6366003748175,100.24046325683594,3032600,0.0,0.0,0.0
2019-01-14 00:00:00-05:00,99.44492632797265,100.3650905518792,98.95608657024208,99.62704467773438,2948100,0.0,0.0,0.0
2019-01-15 00:00:00-05:00,99.64618461204908,100.71971290595789,99.49282760595537,100.52800750732422,3766800,0.0,0.0,0.0
2019-01-16 00:00:00-05:00,100.5663538922443,101.11270150974865,100.24046566659528,100.2979736328125,4493900,0.0,0.0,0.0
2019-01-17 00:00:00-05:00,99.78997129206036,101.27565719284536,99.62702717238595,100.978515625,4396000,0.0,0.0,0.0
2019-01-18 00:00:00-05:00,101.98495399045612,102.8092690414022,101.63989153597569,102.37793731689453,5798100,0.0,0.0,0.0
2019-01-22 00:00:00-05:00,101.9178505652893,102.15747684388003,100.01042012248115,100.84432220458984,9243700,0.0,0.0,0.0
2019-01-23 00:00:00-05:00,101.28524244924066,101.64947910443605,99.8954128382042,101.04561614990234,6104300,0.0,0.0,0.0
2019-01-24 00:00:00-05:00,101.11271189220794,101.57279760762901,100.83474450559314,101.46736145019531,3965200,0.0,0.0,0.0
2019-01-25 00:00:00-05:00,102.50254419805447,102.96262257989206,102.33959276304022,102.58880615234375,4392800,0.0,0.0,0.0
2019-01-28 00:00:00-05:00,101.58237984314151,102.0041171398677,100.99769111184769,101.99453735351562,5901000,0.0,0.0,0.0
2019-01-29 00:00:00-05:00,101.71655624491302,101.89866722759346,100.71012303998272,101.3331527709961,2882300,0.0,0.0,0.0
2019-01-30 00:00:00-05:00,102.13830686438867,103.62399277813061,102.06163200981162,103.32685852050781,5900200,0.0,0.0,0.0
2019-01-31 00:00:00-05:00,103.48021564072587,104.6208391151051,103.01055016243431,104.26618957519531,5599000,0.0,0.0,0.0
2019-02-01 00:00:00-05:00,103.37478185523509,103.75818538851762,102.52171283290889,102.74217224121094,5636400,0.0,0.0,0.0
2019-02-04 00:00:00-05:00,102.59841127631285,103.46106753482974,102.45463401442414,103.41313934326172,3604800,0.0,0.0,0.0
2019-02-05 00:00:00-05:00,103.72943412669424,104.55374918540922,103.72943412669424,104.38121795654297,4162300,0.0,0.0,0.0
2019-02-06 00:00:00-05:00,104.40996820543799,104.67834848233183,103.53772499271896,103.94988250732422,2915900,0.0,0.0,0.0
2019-02-07 00:00:00-05:00,103.21183263535808,103.4610460166118,102.24374040699131,103.09680938720703,4521200,0.0,0.0,0.0
2019-02-08 00:00:00-05:00,102.45462265939686,102.69424896504852,101.94661606146566,102.68466186523438,3323300,0.0,0.0,0.0
2019-02-11 00:00:00-05:00,103.0297272795216,103.27894069212087,102.71342610474663,102.86678314208984,3057900,0.0,0.0,0.0
2019-02-12 00:00:00-05:00,103.52813163051037,104.56331151809744,103.34601333243633,104.44829559326172,3876700,0.0,0.0,0.0
2019-02-13 00:00:00-05:00,104.87963302842708,105.38763959403079,104.63042695163426,105.15760040283203,3480600,0.0,0.0,0.0
2019-02-14 00:00:00-05:00,104.32368663494145,105.33970696555409,103.81568012604176,104.77418518066406,4167300,0.0,0.0,0.0
2019-02-15 00:00:00-05:00,105.42597744302422,105.71353190780958,105.1384302910527,105.49307250976562,3610500,0.0,0.0,0.0
2019-02-19 00:00:00-05:00,105.16718800018704,106.24070910607566,105.16718800018704,105.92440795898438,4919400,0.0,0.0,0.0
2019-02-20 00:00:00-05:00,105.9914995616503,106.38448286425655,105.06174841084065,106.1352767944336,6601700,0.0,0.0,0.0
2019-02-21 00:00:00-05:00,105.88606687480062,106.24070910607566,105.52183023146208,105.92440795898438,2993400,0.0,0.0,0.0
2019-02-22 00:00:00-05:00,106.18319564580543,106.54743227031044,106.0202515310604,106.49950408935547,7108300,0.0,0.0,0.0
2019-02-25 00:00:00-05:00,107.13212615854181,107.26632361830458,106.08735896975715,106.14486694335938,3991400,0.0,0.0,0.0
2019-02-26 00:00:00-05:00,105.72311313805626,106.44199194730103,105.6464309766616,106.28862762451172,7175200,0.0,0.0,0.0
2019-02-27 00:00:00-05:00,106.17361875298042,106.51868121314705,105.50266803199771,106.21195983886719,3102200,0.0,0.0,0.0
2019-02-28 00:00:00-05:00,105.82854621824967,105.93397504609862,105.15758829468938,105.6368408203125,4053400,0.0,0.0,0.0
2019-03-01 00:00:00-05:00,106.49949340882742,106.92123795793192,105.79020174127137,106.48990631103516,4856000,0.0,0.0,0.0
2019-03-04 00:00:00-05:00,106.95001052319584,107.1321215360167,105.37806260150188,106.15444946289062,5658800,0.0,0.0,0.0
2019-03-05 00:00:00-05:00,106.52824955494683,106.87331195435365,106.25986931381111,106.42281341552734,5149300,0.0,0.0,0.0
2019-03-06 00:00:00-05:00,106.52826358104672,106.97876217918815,105.87647977555118,105.92440795898438,3769600,0.0,0.0,0.0
2019-03-07 00:00:00-05:00,105.69434582454724,105.82854325575322,104.30451646427144,104.6399917602539,7076300,0.0,0.0,0.0
2019-03-08 00:00:00-05:00,103.96905276758528,103.96905276758528,103.1926659512922,103.91154479980469,5806800,0.0,0.0,0.0
2019-03-11 00:00:00-04:00,104.26618568430187,105.43556309963898,104.22784460200073,105.33971405029297,4562200,0.0,0.0,0.0
2019-03-12 00:00:00-04:00,105.50265069816308,105.79020513866224,105.07132635022755,105.6368408203125,8634000,0.0,0.0,0.0
2019-03-13 00:00:00-04:00,105.9435708269811,106.63369569048885,105.81896779271979,106.01066589355469,4851900,0.0,0.0,0.0
2019-03-14 00:00:00-04:00,105.86688240196482,105.92439767906563,105.45472492800684,105.69435119628906,4901700,0.0,0.0,0.0
2019-03-15 00:00:00-04:00,106.21852568772128,106.45896964674797,105.63184184067474,106.37240600585938,5428000,0.375,0.0,0.0
2019-03-18 00:00:00-04:00,106.42051152404821,107.48808342749723,106.42051152404821,107.40151977539062,5485500,0.0,0.0,0.0
2019-03-19 00:00:00-04:00,107.77658654244796,108.8441581955811,107.50729051062456,107.94009399414062,7016700,0.0,0.0,0.0
2019-03-20 00:00:00-04:00,107.88238703706499,108.62295849376332,107.06487909498647,108.09397888183594,9949400,0.0,0.0,0.0
2019-03-21 00:00:00-04:00,107.94973057375299,109.66169059071528,107.94973057375299,109.57513427734375,5731500,0.0,0.0,0.0
2019-03-22 00:00:00-04:00,108.89227544965352,109.29621959210228,107.3726676706112,107.40151977539062,8758900,0.0,0.0,0.0
2019-03-25 00:00:00-04:00,107.17068564853733,108.52678581163451,107.06488971565706,108.03628540039062,7461600,0.0,0.0,0.0
2019-03-26 00:00:00-04:00,108.66143226611669,109.22887646156798,107.92086079673639,108.4979248046875,5440700,0.0,0.0,0.0
2019-03-27 00:00:00-04:00,108.58449374416394,109.08461395207277,107.63233771765957,108.27672576904297,4427700,0.0,0.0,0.0
2019-03-28 00:00:00-04:00,108.67105675461033,109.38277620293985,108.36328876049436,108.93074035644531,6928300,0.0,0.0,0.0
2019-03-29 00:00:00-04:00,109.47894428676032,109.70014861810009,109.20964822890294,109.49817657470703,4599900,0.0,0.0,0.0
2019-04-01 00:00:00-04:00,110.38302872263696,110.73888848562395,110.03679611203134,110.7004165649414,4977700,0.0,0.0,0.0
2019-04-02 00:00:00-04:00,110.6811752319336,110.777351356899,110.31569568418988,110.6811752319336,3631800,0.0,0.0,0.0
2019-04-03 00:00:00-04:00,111.32557228359254,111.87378431147832,110.98895215028874,111.46022033691406,4211300,0.0,0.0,0.0
2019-04-04 00:00:00-04:00,111.54678022317607,112.38352062085902,111.54678022317607,112.36428833007812,3073900,0.0,0.0,0.0
2019-04-05 00:00:00-04:00,112.64319620548264,113.12408415614813,112.35466049997622,113.02790069580078,2946700,0.0,0.0,0.0
2019-04-08 00:00:00-04:00,112.80669084572435,113.47031853336132,112.67204281312662,113.43184661865234,3231400,0.0,0.0,0.0
2019-04-09 00:00:00-04:00,113.0471367419184,113.0471367419184,112.2200089059537,112.41236114501953,4456400,0.0,0.0,0.0
2019-04-10 00:00:00-04:00,112.6816621878055,112.95095825195314,112.15268253482449,112.95095825195312,3406800,0.0,0.0,0.0
2019-04-11 00:00:00-04:00,113.07598255601992,113.14330656972594,112.78744687569863,113.09521484375,2165400,0.0,0.0,0.0
2019-04-12 00:00:00-04:00,113.48955713724638,113.99929719441319,113.28758507711053,113.79732513427734,4538800,0.0,0.0,0.0
2019-04-15 00:00:00-04:00,113.84542002791619,114.08586401158249,113.33567261881846,114.02815246582031,2432700,0.0,0.0,0.0
2019-04-16 00:00:00-04:00,114.37437163359492,114.69175939550183,114.28781533731124,114.52825927734375,3014500,0.0,0.0,0.0
2019-04-17 00:00:00-04:00,114.85526950161312,115.18227710413301,114.67253708097917,114.74947357177734,2781100,0.0,0.0,0.0
2019-04-18 00:00:00-04:00,114.98992205073411,115.01877415313795,114.3647735979369,114.71100616455078,3071300,0.0,0.0,0.0
2019-04-22 00:00:00-04:00,114.30705797295545,114.66291767801818,113.91273369123978,114.27820587158203,2764800,0.0,0.0,0.0
2019-04-23 00:00:00-04:00,114.63407582999392,115.87476766439521,114.54751218036367,115.64393615722656,4099700,0.0,0.0,0.0
2019-04-24 00:00:00-04:00,115.67278913488735,116.27871267357169,115.67278913488735,115.7497329711914,2181400,0.0,0.0,0.0
2019-04-25 00:00:00-04:00,115.65354648628531,115.71125068946107,114.66291853034163,115.14380645751953,2820100,0.0,0.0,0.0
2019-04-26 00:00:00-04:00,115.58624218154914,116.05751037597655,114.8552903530106,116.05751037597656,4236900,0.0,0.0,0.0
2019-04-29 00:00:00-04:00,116.10559268972474,116.11521250370303,115.46120457077329,115.65355682373047,3700000,0.0,0.0,0.0
2019-04-30 00:00:00-04:00,115.5381424414407,115.57661436004265,114.59560611788152,115.48043823242188,4339800,0.0,0.0,0.0
2019-05-01 00:00:00-04:00,115.67278472425888,115.6824045378721,114.0762405395508,114.07624053955078,4561500,0.0,0.0,0.0
2019-05-02 00:00:00-04:00,114.13392866271255,114.62443635911859,113.34527282621987,114.16278076171875,10408300,0.0,0.0,0.0
2019-05-03 00:00:00-04:00,115.23999650481159,115.73050430439712,114.89375656837103,115.50929260253906,3502900,0.0,0.0,0.0
2019-05-06 00:00:00-04:00,113.50879417060027,114.99954982532105,113.44147014774136,114.80719757080078,3814000,0.0,0.0,0.0
2019-05-07 00:00:00-04:00,114.10508779610245,114.34553176184572,112.23924027384912,113.06636810302734,6578500,0.0,0.0,0.0
2019-05-08 00:00:00-04:00,112.88363117973607,113.7780829901631,112.53739129584386,113.1048355102539,7152700,0.0,0.0,0.0
2019-05-09 00:00:00-04:00,112.2296245738558,113.02789294048446,111.35440504156851,112.6431884765625,6383000,0.0,0.0,0.0
2019-05-10 00:00:00-04:00,112.36428560524101,113.29720944750999,110.71002980300344,112.80670166015625,6820800,0.0,0.0,0.0
2019-05-13 00:00:00-04:00,110.52728040062077,110.77734417954336,109.09423641951075,109.4500961303711,7642100,0.0,0.0,0.0
2019-05-14 00:00:00-04:00,109.95985589792211,111.0947519133037,109.43087614329852,110.55615234375,4595900,0.0,0.0,0.0
2019-05-15 00:00:00-04:00,109.8732764496972,111.52753216704666,109.66168457825466,111.30632781982422,4156800,0.0,0.0,0.0
2019-05-16 00:00:00-04:00,111.7679747426385,112.9990467016966,111.57562250069856,112.3354263305664,3615900,0.0,0.0,0.0
2019-05-17 00:00:00-04:00,111.3832553295561,112.89324307294982,111.3832553295561,111.47943878173828,3674500,0.0,0.0,0.0
2019-05-20 00:00:00-04:00,111.07550010862253,111.07550010862253,110.33493587109048,110.69078826904297,3538400,0.0,0.0,0.0
2019-05-21 00:00:00-04:00,111.01780425631927,111.7487560727565,110.63309238778554,111.46022033691406,3660300,0.0,0.0,0.0
2019-05-22 00:00:00-04:00,110.57537268033543,111.44097242879407,110.2002806789646,110.31568908691406,3945400,0.0,0.0,0.0
2019-05-23 00:00:00-04:00,109.44048182940577,109.50780584968732,108.42100171149443,108.9499740600586,4956500,0.0,0.0,0.0
2019-05-24 00:00:00-04:00,109.5462817795658,109.72901421972792,108.64221004172327,109.09424591064453,2632500,0.0,0.0,0.0
2019-05-28 00:00:00-04:00,109.40200177152536,110.01753772194377,108.30557790123213,108.3729019165039,4118000,0.0,0.0,0.0
2019-05-29 00:00:00-04:00,107.77662032363529,107.87280379751957,106.7090483358855,107.41114807128906,4768700,0.0,0.0,0.0
2019-05-30 00:00:00-04:00,107.76701076282136,108.47872299465841,107.74777113241632,108.11325073242188,3897600,0.0,0.0,0.0
2019-05-31 00:00:00-04:00,106.7763612418688,107.21878462989577,106.39165673748234,106.69942474365234,4252200,0.0,0.0,0.0
2019-06-03 00:00:00-04:00,106.43973807180198,106.8148300892336,105.24713799939809,105.80496978759766,8065600,0.0,0.0,0.0
2019-06-04 00:00:00-04:00,106.75712663721549,108.70953057194332,105.83382263872306,108.67105865478516,5739500,0.0,0.0,0.0
2019-06-05 00:00:00-04:00,109.29622734098281,109.430875398012,108.13247922650551,109.20967102050781,5258600,0.0,0.0,0.0
2019-06-06 00:00:00-04:00,109.2096545071414,110.03678235397743,108.75761866785105,109.7674789428711,3659800,0.0,0.0,0.0
2019-06-07 00:00:00-04:00,110.24835700034292,111.69102069625941,110.07523706332226,111.35440063476562,4044900,0.0,0.0,0.0
2019-06-10 00:00:00-04:00,112.06612741842281,113.29720676467633,111.98919092121845,112.29695892333984,3729900,0.0,0.0,0.0
2019-06-11 00:00:00-04:00,113.19139958373344,113.70113959870329,112.25847585621479,112.72974395751953,5029500,0.0,0.0,0.0
2019-06-12 00:00:00-04:00,112.69127740348127,113.13369342502043,112.45083343496427,112.70089721679688,2792900,0.0,0.0,0.0
2019-06-13 00:00:00-04:00,113.11445076568263,113.87425451706869,113.04712675418092,113.71075439453125,3846200,0.0,0.0,0.0
2019-06-14 00:00:00-04:00,113.69152698414332,114.19165455568755,113.46070282530552,113.96082305908203,2547200,0.0,0.0,0.0
2019-06-17 00:00:00-04:00,114.17240362733693,114.39361528857853,113.87425547927681,114.00890350341797,2682400,0.0,0.0,0.0
2019-06-18 00:00:00-04:00,114.81681542826365,115.62471107820284,114.50904740394598,114.87452697753906,4398800,0.0,0.0,0.0
2019-06-19 00:00:00-04:00,114.98990664240924,115.30729440185785,114.21087063082328,115.08609008789062,3065300,0.0,0.0,0.0
2019-06-20 00:00:00-04:00,116.02863674002471,116.17290458356506,114.98030459664838,115.88436889648438,4188600,0.0,0.0,0.0
2019-06-21 00:00:00-04:00,115.75313781847275,116.0619669665708,115.3381479604284,115.34779357910156,5221200,0.414,0.0,0.0
2019-06-24 00:00:00-04:00,115.3960335381976,115.54079878997716,114.69151323983925,114.73011779785156,2890200,0.0,0.0,0.0
2019-06-25 00:00:00-04:00,114.96175252565892,115.1258163854431,113.4562041187991,113.62992095947266,3197100,0.0,0.0,0.0
2019-06-26 00:00:00-04:00,114.04490850254419,114.45024533499571,113.87119166534112,113.99665832519531,2438100,0.0,0.0,0.0
2019-06-27 00:00:00-04:00,114.39234096706704,114.8362823545424,114.19932553357926,114.71082305908203,1954500,0.0,0.0,0.0
2019-06-28 00:00:00-04:00,114.88452956938806,115.28021338139663,114.84592501354666,115.0389404296875,6663700,0.0,0.0,0.0
2019-07-01 00:00:00-04:00,116.49624088429944,117.02704436777755,115.56010057511082,116.05229949951172,4144700,0.0,0.0,0.0
2019-07-02 00:00:00-04:00,115.90753145752046,116.36112581194054,115.45393710310039,116.30322265625,9008500,0.0,0.0,0.0
2019-07-03 00:00:00-04:00,116.65066566367993,117.31657409667969,116.4286912773019,117.31657409667969,1809600,0.0,0.0,0.0
2019-07-05 00:00:00-04:00,116.75682305099937,117.55784374406944,116.43834095209183,117.4516830444336,3377500,0.0,0.0,0.0
2019-07-08 00:00:00-04:00,117.08496085442093,117.69296616220517,116.96914716400448,117.5964584350586,5074600,0.0,0.0,0.0
2019-07-09 00:00:00-04:00,117.14285515353515,117.8763270778667,117.01739585404526,117.72191619873047,1933300,0.0,0.0,0.0
2019-07-10 00:00:00-04:00,118.23341514258684,118.32026988255576,117.51924180852903,118.14655303955078,2385000,0.0,0.0,0.0
2019-07-11 00:00:00-04:00,118.5422585336139,118.76422558229199,118.12726865666356,118.3878402709961,1976200,0.0,0.0,0.0
2019-07-12 00:00:00-04:00,118.71596335367292,119.77756303073197,118.71596335367292,119.74861145019531,2487600,0.0,0.0,0.0
2019-07-15 00:00:00-04:00,120.00918451612152,120.1925543458685,119.52663853305464,120.13465118408203,1996600,0.0,0.0,0.0
2019-07-16 00:00:00-04:00,119.96093363930852,120.25045680962762,119.60384696320759,119.98023223876953,2051700,0.0,0.0,0.0
2019-07-17 00:00:00-04:00,119.83546069110533,120.00917752941865,118.83176422119139,118.8317642211914,2299600,0.0,0.0,0.0
2019-07-18 00:00:00-04:00,118.59049080490472,118.90897290114519,117.88597783656697,118.67735290527344,2317200,0.0,0.0,0.0
2019-07-19 00:00:00-04:00,119.04408423541265,119.20814809106027,117.82806638135739,117.8956298828125,2064100,0.0,0.0,0.0
2019-07-22 00:00:00-04:00,118.09829281249291,118.29130823804638,117.50958619256836,117.96318054199219,2017000,0.0,0.0,0.0
2019-07-23 00:00:00-04:00,118.64840723983728,118.76421356201172,117.77982300819268,118.76421356201172,2429100,0.0,0.0,0.0
2019-07-24 00:00:00-04:00,118.26236749114928,119.37222469739025,118.24306152898595,119.3625717163086,2116700,0.0,0.0,0.0
2019-07-25 00:00:00-04:00,118.97654046612779,119.32397417483509,118.50364744824691,118.69666290283203,2399500,0.0,0.0,0.0
2019-07-26 00:00:00-04:00,118.87037429747467,119.33362167549667,118.47469042482862,119.23711395263672,2140200,0.0,0.0,0.0
2019-07-29 00:00:00-04:00,118.93794337678199,119.14061182575254,118.2334302965131,118.65806579589844,2205400,0.0,0.0,0.0
2019-07-30 00:00:00-04:00,117.84737216585287,118.20445881855038,117.66400234918837,117.85702514648438,2164500,0.0,0.0,0.0
2019-07-31 00:00:00-04:00,117.81842311953095,117.87632627843095,115.43464490392044,116.50589752197266,4301700,0.0,0.0,0.0
2019-08-01 00:00:00-04:00,116.72785081219904,117.87631241576621,114.50814407962882,114.92313385009766,6631800,0.0,0.0,0.0
2019-08-02 00:00:00-04:00,114.52745039878842,114.69151424948514,113.5334069511868,113.97734832763672,5550200,0.0,0.0,0.0
2019-08-05 00:00:00-04:00,112.04716259720696,112.05681557739013,110.10732591211735,110.91800689697266,6890800,0.0,0.0,0.0
2019-08-06 00:00:00-04:00,111.68044616769127,112.75169886474269,111.05313490210126,112.60693359375,4447800,0.0,0.0,0.0
2019-08-07 00:00:00-04:00,111.42952374622064,113.20529689182527,110.84081702497211,113.06053161621094,5844900,0.0,0.0,0.0
2019-08-08 00:00:00-04:00,113.79400773059926,115.26094441433688,113.68784701551196,115.24164581298828,4669200,0.0,0.0,0.0
2019-08-09 00:00:00-04:00,114.89420040342407,115.15477199201308,113.51411861066349,114.16072845458984,3976400,0.0,0.0,0.0
2019-08-12 00:00:00-04:00,113.37900779519917,113.44656393852871,112.02787756554083,112.50077056884766,3201300,0.0,0.0,0.0
2019-08-13 00:00:00-04:00,112.33669085103944,115.32847406118493,111.96030562515702,114.35372924804688,4631300,0.0,0.0,0.0
2019-08-14 00:00:00-04:00,112.39460918776456,112.57797901701457,110.7153512329017,110.77325439453125,6406200,0.0,0.0,0.0
2019-08-15 00:00:00-04:00,111.4488204978014,111.61288436050482,109.66339451791751,110.58988189697266,5052000,0.0,0.0,0.0
2019-08-16 00:00:00-04:00,111.3909185146767,112.06648734247462,111.06279076411282,111.84451293945312,3980300,0.0,0.0,0.0
2019-08-19 00:00:00-04:00,113.37899906838521,113.66852221905542,112.90609873841026,113.25353240966797,3112200,0.0,0.0,0.0
2019-08-20 00:00:00-04:00,113.23423578416188,113.99665927808915,113.03156736624202,113.28248596191406,3267100,0.0,0.0,0.0
2019-08-21 00:00:00-04:00,115.17404679805094,115.46357727050781,114.90382228405959,115.46357727050781,4669000,0.0,0.0,0.0
2019-08-22 00:00:00-04:00,115.75310972504023,116.06193879818505,114.70115586262868,115.4925308227539,2952100,0.0,0.0,0.0
2019-08-23 00:00:00-04:00,114.60466322434631,115.1837168922349,111.95066049704566,112.42355346679688,7634900,0.0,0.0,0.0
2019-08-26 00:00:00-04:00,113.27284516051822,113.54306972923453,112.46216409130197,113.53341674804688,3452400,0.0,0.0,0.0
2019-08-27 00:00:00-04:00,113.97736755676266,114.1414314351386,112.80960708109673,112.97367095947266,3348100,0.0,0.0,0.0
2019-08-28 00:00:00-04:00,112.81926129129123,114.46956780113572,112.52973073318464,114.38270568847656,3891200,0.0,0.0,0.0
2019-08-29 00:00:00-04:00,115.6952264423135,116.3321906973183,115.33814711426623,116.10057067871094,2937300,0.0,0.0,0.0
2019-08-30 00:00:00-04:00,116.35147900833046,116.59275198727147,115.15476709444181,115.40569305419922,3407400,0.0,0.0,0.0
2019-09-03 00:00:00-04:00,114.85558328200814,115.64695830553175,114.44059349143683,114.93278503417969,4322500,0.0,0.0,0.0
2019-09-04 00:00:00-04:00,115.5215073615607,116.17777020419213,115.01966277040371,116.07160949707031,4172500,0.0,0.0,0.0
2019-09-05 00:00:00-04:00,117.16214986580005,118.4071192125246,117.16214986580005,118.29130554199219,3671600,0.0,0.0,0.0
2019-09-06 00:00:00-04:00,118.4360834309968,118.88002483749017,118.18515746625982,118.58084869384766,3493400,0.0,0.0,0.0
2019-09-09 00:00:00-04:00,118.9861736540391,119.34326028499343,118.59048246597624,119.034423828125,3259300,0.0,0.0,0.0
2019-09-10 00:00:00-04:00,118.50363553834647,118.65804641388237,117.3744797800644,118.56153869628906,3650600,0.0,0.0,0.0
2019-09-11 00:00:00-04:00,118.53260519450052,119.02480420127763,118.01145460433675,118.78353118896484,3408900,0.0,0.0,0.0
2019-09-12 00:00:00-04:00,119.35291290283202,120.0477802454119,119.06338975213497,119.35291290283203,3343200,0.0,0.0,0.0
2019-09-13 00:00:00-04:00,119.65209740287308,119.81616125928704,119.01513321246561,119.11164093017578,2014700,0.0,0.0,0.0
2019-09-16 00:00:00-04:00,118.3299322238073,118.42643995242919,117.46134794007489,117.58680725097656,3401300,0.0,0.0,0.0
2019-09-17 00:00:00-04:00,117.38412265210975,118.3395689142165,117.07529354519446,118.30096435546875,2244200,0.0,0.0,0.0
2019-09-18 00:00:00-04:00,118.1079525936671,118.39748312978563,117.094610443387,118.2430648803711,2969600,0.0,0.0,0.0
2019-09-19 00:00:00-04:00,118.49398413056414,118.63874939040916,117.87632589408793,117.9245834350586,2259600,0.0,0.0,0.0
2019-09-20 00:00:00-04:00,118.1511533578621,118.45132932504295,116.56315282742474,116.57283782958984,3770300,0.404,0.0,0.0
2019-09-23 00:00:00-04:00,116.26301040914537,117.31845425787178,116.10808727710383,116.97954559326172,2237500,0.0,0.0,0.0
2019-09-24 00:00:00-04:00,117.57985914722852,117.91876033462437,115.45929439432159,115.73041534423828,5354400,0.0,0.0,0.0
2019-09-25 00:00:00-04:00,116.19520622770122,116.96015888853266,115.2850080815867,116.7858657836914,3254400,0.0,0.0,0.0
2019-09-26 00:00:00-04:00,116.77618798764713,117.05699397319181,115.74979929996111,116.28235626220703,3020400,0.0,0.0,0.0
2019-09-27 00:00:00-04:00,116.65998639659183,116.72776663578858,115.25595660252759,115.87566375732422,3557000,0.0,0.0,0.0
2019-09-30 00:00:00-04:00,116.11774864908364,117.02794685528242,116.06933840912178,116.87301635742188,2494200,0.0,0.0,0.0
2019-10-01 00:00:00-04:00,117.14412640112191,117.57985543007123,115.85629454223923,115.89502716064453,3635800,0.0,0.0,0.0
2019-10-02 00:00:00-04:00,115.22691704114246,115.22691704114246,113.24191257409214,113.8132095336914,5504500,0.0,0.0,0.0
2019-10-03 00:00:00-04:00,113.66795517311121,114.37481256542384,112.2832953943278,114.36512756347656,7231600,0.0,0.0,0.0
2019-10-04 00:00:00-04:00,114.63624852747984,115.51739901745619,114.50068805017455,115.43993377685547,3187000,0.0,0.0,0.0
2019-10-07 00:00:00-04:00,115.12039472477083,115.67232163366167,114.62656305234474,114.93641662597656,2760600,0.0,0.0,0.0
2019-10-08 00:00:00-04:00,114.06495991403763,114.97515064216869,113.70668871400702,113.7260513305664,2943100,0.0,0.0,0.0
2019-10-09 00:00:00-04:00,114.52974308996501,115.10104004205,114.19084187474125,114.69435119628906,3047300,0.0,0.0,0.0
2019-10-10 00:00:00-04:00,114.80084981968021,115.85629334471332,114.72339197116183,115.45928955078125,3274300,0.0,0.0,0.0
2019-10-11 00:00:00-04:00,116.65031189556963,117.78321344734003,116.63094188977426,116.7665023803711,5315400,0.0,0.0,0.0
2019-10-14 00:00:00-04:00,116.64063192218907,116.94080053752631,116.39855855175763,116.70841217041016,1575500,0.0,0.0,0.0
2019-10-15 00:00:00-04:00,117.08603220419364,118.00591533564965,117.00856696180936,117.73478698730469,2555500,0.0,0.0,0.0
2019-10-16 00:00:00-04:00,117.76384143049533,118.33513096848934,117.71542380736373,118.21893310546875,3072800,0.0,0.0,0.0
2019-10-17 00:00:00-04:00,118.8483321781273,119.01294767384962,118.30609022749145,118.52880096435547,2306000,0.0,0.0,0.0
2019-10-18 00:00:00-04:00,118.2286369856164,118.68373612074934,117.8122704776749,118.29641723632812,2034800,0.0,0.0,0.0
2019-10-21 00:00:00-04:00,118.89676958708826,119.24535586692407,118.38357517163378,118.7127914428711,2253100,0.0,0.0,0.0
2019-10-22 00:00:00-04:00,118.58690414382855,118.61595176634388,117.90909427266793,117.95751190185547,2601800,0.0,0.0,0.0
2019-10-23 00:00:00-04:00,117.82194177189133,117.82194177189133,116.54379477326843,117.4152603149414,1886900,0.0,0.0,0.0
2019-10-24 00:00:00-04:00,117.6282984924615,117.73480398174827,117.02795385856473,117.35717010498047,2202600,0.0,0.0,0.0
2019-10-25 00:00:00-04:00,115.92408616385107,117.58955198140602,115.65296519587558,117.22159576416016,2736300,0.0,0.0,0.0
2019-10-28 00:00:00-04:00,117.5217812149435,117.88973007436398,117.34748809469318,117.58956146240234,1911700,0.0,0.0,0.0
2019-10-29 00:00:00-04:00,117.6089122745003,117.67669251515466,116.88269224427842,116.92142486572266,2170700,0.0,0.0,0.0
2019-10-30 00:00:00-04:00,116.85363619994524,117.65732141511003,116.36948954803752,117.64763641357422,2807700,0.0,0.0,0.0
2019-10-31 00:00:00-04:00,117.63796433262038,117.79289482424339,116.47601519541766,117.01825714111328,3037000,0.0,0.0,0.0
2019-11-01 00:00:00-04:00,117.61860696833479,117.83163271008496,117.35716359891676,117.79290008544922,3214800,0.0,0.0,0.0
2019-11-04 00:00:00-05:00,118.14148127402535,118.29640437845897,117.6476495653765,117.85099029541016,4765900,0.0,0.0,0.0
2019-11-05 00:00:00-05:00,117.95751119491055,118.28673481892815,117.55082970714732,118.0252914428711,2154500,0.0,0.0,0.0
2019-11-06 00:00:00-05:00,118.16083856663515,118.1802085709992,117.60891164213385,118.15115356445312,3594300,0.0,0.0,0.0
2019-11-07 00:00:00-05:00,118.41258341923023,118.54814388436456,117.3087296959985,117.44429016113281,3832700,0.0,0.0,0.0
2019-11-08 00:00:00-05:00,117.64764441336405,117.6863770346494,117.02793724778273,117.49271392822266,2073000,0.0,0.0,0.0
2019-11-11 00:00:00-05:00,116.96985751450099,117.28938875434923,116.824612012301,117.25065612792969,1862700,0.0,0.0,0.0
2019-11-12 00:00:00-05:00,117.33780300217254,117.7735321087202,116.931121517729,117.1731948852539,2194500,0.0,0.0,0.0
2019-11-13 00:00:00-05:00,116.87302469657786,117.08605045258959,116.50507581914421,116.80524444580078,2346300,0.0,0.0,0.0
2019-11-14 00:00:00-05:00,116.89239508697237,117.49273234225271,116.72778696133057,117.30876159667969,1980100,0.0,0.0,0.0
2019-11-15 00:00:00-05:00,117.87037581600715,117.97688130886016,117.2603461581151,117.52178955078125,2120000,0.0,0.0,0.0
2019-11-18 00:00:00-05:00,117.55081010623763,117.93812891035455,117.21190892294472,117.9284439086914,2343700,0.0,0.0,0.0
2019-11-19 00:00:00-05:00,117.51210157238854,117.57988182293938,116.34046730572788,116.63095092773438,3016900,0.0,0.0,0.0
2019-11-20 00:00:00-05:00,116.95049241323314,117.13447054956994,115.80790574215487,116.35983276367188,4281300,0.0,0.0,0.0
2019-11-21 00:00:00-05:00,116.45663786971244,116.66966358855697,115.65296000428805,115.70137023925781,2438700,0.0,0.0,0.0
2019-11-22 00:00:00-05:00,116.15648298162108,116.53411684134328,115.92409461890577,116.4953842163086,2238000,0.0,0.0,0.0
2019-11-25 00:00:00-05:00,117.02795777712898,117.5411521710745,116.94080751707578,117.52178955078125,3667000,0.0,0.0,0.0
2019-11-26 00:00:00-05:00,117.48304415210075,118.40291995965333,117.386216286173,118.32545471191406,3626100,0.0,0.0,0.0
2019-11-27 00:00:00-05:00,118.69340827258617,119.39058071155758,118.54816278321837,119.3421630859375,4213000,0.0,0.0,0.0
2019-11-29 00:00:00-05:00,119.41963071899033,119.47772596090172,118.44165228435723,118.5675277709961,1755100,0.0,0.0,0.0
2019-12-02 00:00:00-05:00,118.6546828028241,118.77088067882195,117.34748809469318,117.58956146240234,3541700,0.0,0.0,0.0
2019-12-03 00:00:00-05:00,116.54379412747693,116.60188936743575,115.75947883806349,116.40823364257812,4473100,0.0,0.0,0.0
2019-12-04 00:00:00-05:00,116.86332823033987,117.47335038893698,116.80522560512199,117.0569839477539,2829100,0.0,0.0,0.0
2019-12-05 00:00:00-05:00,117.49271520022323,117.49271520022323,116.6890373092009,116.94078826904297,2352300,0.0,0.0,0.0
2019-12-06 00:00:00-05:00,117.80259279233553,118.17054166919837,117.79290778867004,117.88005065917969,2515500,0.0,0.0,0.0
2019-12-09 00:00:00-05:00,117.79290307664824,118.45134293719047,117.6476575774491,118.0252914428711,1788800,0.0,0.0,0.0
2019-12-10 00:00:00-05:00,118.06402619368254,118.28673694812916,117.65734469859889,117.82195281982422,2180000,0.0,0.0,0.0
2019-12-11 00:00:00-05:00,117.73478962636155,118.18988870120519,117.51208628387995,118.12210845947266,2049700,0.0,0.0,0.0
2019-12-12 00:00:00-05:00,118.33513992313678,119.44867885199838,118.18989443024306,119.15818786621094,4613100,0.0,0.0,0.0
2019-12-13 00:00:00-05:00,119.14851897982312,119.46805022260739,118.65468722280279,119.26470947265625,3562400,0.0,0.0,0.0
2019-12-16 00:00:00-05:00,119.88441026543482,120.06838838583016,119.59392666151317,119.78758239746094,3646800,0.0,0.0,0.0
2019-12-17 00:00:00-05:00,119.99091343444302,120.47506012265896,119.94250319811673,120.32013702392578,3409500,0.0,0.0,0.0
2019-12-18 00:00:00-05:00,120.64935843665089,120.75587130365795,120.21362935343467,120.43633270263672,2639100,0.0,0.0,0.0
2019-12-19 00:00:00-05:00,120.34918054648496,120.9107924586961,120.18457245109299,120.81395721435547,3246500,0.0,0.0,0.0
2019-12-20 00:00:00-05:00,121.27055758650008,121.27055758650008,120.8528184532298,120.99854278564453,3336800,0.41,0.0,0.0
2019-12-23 00:00:00-05:00,121.2608494041494,121.28027585767762,120.71681976318358,120.7168197631836,3164200,0.0,0.0,0.0
2019-12-24 00:00:00-05:00,120.88196654592937,121.13455490449722,120.7168157549552,120.98883056640625,1648100,0.0,0.0,0.0
2019-12-26 00:00:00-05:00,121.3482895566161,122.46549224853514,121.22199166452748,122.46549224853516,2517900,0.0,0.0,0.0
2019-12-27 00:00:00-05:00,122.86380225971251,123.11639062647608,122.30033875379685,122.45578002929688,2958700,0.0,0.0,0.0
2019-12-30 00:00:00-05:00,122.5626491958805,122.69865661172581,121.40657874934705,121.66887664794922,3338700,0.0,0.0,0.0
2019-12-31 00:00:00-05:00,121.4648635167483,121.90203655632452,121.28999578328744,121.84374237060547,1783700,0.0,0.0,0.0
2020-01-02 00:00:00-05:00,122.61122288261903,123.29126739501955,122.13519691223263,123.29126739501953,6295500,0.0,0.0,0.0
2020-01-03 00:00:00-05:00,121.72717152142378,122.6015027962629,121.64945087997417,122.24205780029297,5596400,0.0,0.0,0.0
2020-01-06 00:00:00-05:00,121.34829333681994,122.61122041411147,121.19285205305265,122.58207702636719,6411600,0.0,0.0,0.0
2020-01-07 00:00:00-05:00,122.50434514672871,122.66949593669531,121.87287796008548,122.38777160644531,9150800,0.0,0.0,0.0
2020-01-08 00:00:00-05:00,122.2809243958464,123.42727797458416,122.16434342768963,122.75695037841797,4725900,0.0,0.0,0.0
2020-01-09 00:00:00-05:00,123.40784454345703,123.85472713853099,123.09696937245563,123.40784454345703,3821500,0.0,0.0,0.0
2020-01-10 00:00:00-05:00,123.56327184824602,123.56327184824602,122.61121257565685,122.73750305175781,3703500,0.0,0.0,0.0
2020-01-13 00:00:00-05:00,122.99010646628082,123.32041550766606,122.64037096921354,123.12611389160156,3224600,0.0,0.0,0.0
2020-01-14 00:00:00-05:00,122.93182349943119,123.48557015165096,122.73752187734152,123.0872573852539,4340600,0.0,0.0,0.0
2020-01-15 00:00:00-05:00,122.74721729227768,123.23296014457149,122.50434586613076,122.80551147460938,3261900,0.0,0.0,0.0
2020-01-16 00:00:00-05:00,123.51470162946472,123.92272387872725,123.4078376005843,123.9032974243164,4349500,0.0,0.0,0.0
2020-01-17 00:00:00-05:00,124.23359008038234,124.51532182605295,124.0878731531801,124.3404541015625,6736600,0.0,0.0,0.0
2020-01-21 00:00:00-05:00,123.70899761643832,124.14617067143459,123.30097536125389,123.96158599853516,4001900,0.0,0.0,0.0
2020-01-22 00:00:00-05:00,124.41819111430767,124.8650662723919,123.79643339543598,123.9032974243164,3965100,0.0,0.0,0.0
2020-01-23 00:00:00-05:00,123.2718310793063,124.24331686756585,122.64036383456792,124.08788299560547,3995900,0.0,0.0,0.0
2020-01-24 00:00:00-05:00,124.33074961894192,124.39875332500777,121.82431460363222,122.35862731933594,5690900,0.0,0.0,0.0
2020-01-27 00:00:00-05:00,119.71618973660314,121.15398446597787,119.48302782493596,120.53223419189453,7877100,0.0,0.0,0.0
2020-01-28 00:00:00-05:00,121.11512625589312,122.16433264111762,120.64881724813648,121.70773315429688,5907700,0.0,0.0,0.0
2020-01-29 00:00:00-05:00,122.10604113296674,122.58206705504755,121.55229457532441,121.63972473144531,2930000,0.0,0.0,0.0
2020-01-30 00:00:00-05:00,120.6876739802072,121.56200519672502,120.44480255076382,121.43571472167969,5230500,0.0,0.0,0.0
2020-01-31 00:00:00-05:00,123.92271558966759,124.08787379442991,121.49400129910906,121.74658966064453,8422000,0.0,0.0,0.0
2020-02-03 00:00:00-05:00,122.42662902270219,124.12672905838582,122.41691950188594,122.61121368408203,8009500,0.0,0.0,0.0
2020-02-04 00:00:00-05:00,124.40846881645275,125.26338106156359,124.12673704584564,124.84563446044922,8348600,0.0,0.0,0.0
2020-02-05 00:00:00-05:00,125.67140601527585,125.8268473038504,124.60276568594725,125.47711181640625,6677000,0.0,0.0,0.0
2020-02-06 00:00:00-05:00,125.75883709254938,125.78798048140615,125.19537353515625,125.19537353515625,5519900,0.0,0.0,0.0
2020-02-07 00:00:00-05:00,124.63189517569849,125.24393591639556,124.14615973269348,124.65132904052734,3633800,0.0,0.0,0.0
2020-02-10 00:00:00-05:00,124.55420636200738,126.06972190418306,124.55420636200738,126.05999755859375,2933600,0.0,0.0,0.0
2020-02-11 00:00:00-05:00,126.57487757413011,127.59494062253962,126.26400982838155,127.05091094970703,5507900,0.0,0.0,0.0
2020-02-12 00:00:00-05:00,127.6823641157788,128.42070276779,127.66294507397558,128.35269165039062,3905300,0.0,0.0,0.0
2020-02-13 00:00:00-05:00,127.8475328521768,128.60529056445515,127.48807303831403,128.12925720214844,3553400,0.0,0.0,0.0
2020-02-14 00:00:00-05:00,128.37213268513912,128.52757397042205,127.58523156097745,127.93496704101562,2479800,0.0,0.0,0.0
2020-02-18 00:00:00-05:00,127.75040209599783,128.34300911691963,127.21608186013405,127.92526245117188,3370100,0.0,0.0,0.0
2020-02-19 00:00:00-05:00,128.38182472600164,128.94528819065795,128.31382843775933,128.4984130859375,2318100,0.0,0.0,0.0
2020-02-20 00:00:00-05:00,128.39158627872456,128.8967482979655,126.9635007511222,128.54702758789062,5416400,0.0,0.0,0.0
2020-02-21 00:00:00-05:00,127.98355970331463,128.11956713838663,126.25431596152816,126.5846176147461,6161300,0.0,0.0,0.0
2020-02-24 00:00:00-05:00,122.29062472543295,123.41755176402799,121.63001411256472,122.23233795166016,8753600,0.0,0.0,0.0
2020-02-25 00:00:00-05:00,123.3009887652798,123.56329410916238,118.68643073593385,118.9681625366211,14609800,0.0,0.0,0.0
2020-02-26 00:00:00-05:00,119.67733284728875,120.78482601797486,117.72464439924825,118.02580261230469,12360400,0.0,0.0,0.0
2020-02-27 00:00:00-05:00,115.60679182328914,118.01607948552511,113.19750416105317,113.25579833984375,17716900,0.0,0.0,0.0
2020-02-28 00:00:00-05:00,109.58359808714356,112.69234959396182,109.32129277797087,112.5271987915039,20616100,0.0,0.0,0.0
2020-03-02 00:00:00-05:00,112.867209214148,116.40341657833855,111.28369018732101,116.3936996459961,9511200,0.0,0.0,0.0
2020-03-03 00:00:00-05:00,116.73372155188501,118.26866327599508,112.49804344183748,113.5763931274414,14774300,0.0,0.0,0.0
2020-03-04 00:00:00-05:00,115.35422269932984,117.59835995455809,114.10100511831888,117.50120544433594,7342200,0.0,0.0,0.0
2020-03-05 00:00:00-05:00,114.69359110047706,115.4416391861754,112.2454505742079,113.11978912353516,7299800,0.0,0.0,0.0
2020-03-06 00:00:00-05:00,109.67102709945813,111.9831605451792,108.97155616479341,111.38084411621094,8327500,0.0,0.0,0.0
2020-03-09 00:00:00-04:00,103.05520266315152,107.5434617589875,100.54876783112641,104.36670684814453,8414900,0.0,0.0,0.0
2020-03-10 00:00:00-04:00,108.03894650853874,110.13735961914064,104.3084441943788,110.13735961914062,10969600,0.0,0.0,0.0
2020-03-11 00:00:00-04:00,107.12572466504821,107.66004476372619,103.11349140028119,104.11412048339844,7627300,0.0,0.0,0.0
2020-03-12 00:00:00-04:00,96.24509301512691,99.74244023490489,92.53401774432199,93.59293365478516,9980800,0.0,0.0,0.0
2020-03-13 00:00:00-04:00,98.7029662848935,99.45101458100932,93.23350331802446,99.38301086425781,8036900,0.0,0.0,0.0
2020-03-16 00:00:00-04:00,88.45378103952883,93.11690822074495,86.11249681012023,86.79253387451172,8408900,0.0,0.0,0.0
2020-03-17 00:00:00-04:00,88.73551087303552,92.02885460807536,83.79065162743424,90.13445281982422,13567000,0.0,0.0,0.0
2020-03-18 00:00:00-04:00,84.34439515446998,86.57881541403965,79.4092456113924,84.95642852783203,13828800,0.0,0.0,0.0
2020-03-19 00:00:00-04:00,84.59698448397569,90.40646536522725,81.78939114010878,87.91946411132812,7442100,0.0,0.0,0.0
2020-03-20 00:00:00-04:00,88.94924738788359,91.77627493858844,85.160458275175,85.3061752319336,12891600,0.0,0.0,0.0
2020-03-23 00:00:00-04:00,84.79269490438196,87.18438086212082,82.64505883815978,85.44674682617188,7654200,0.424,0.0,0.0
2020-03-24 00:00:00-04:00,90.14225457447394,93.61752971708738,89.7615373808438,93.46133422851562,10373700,0.0,0.0,0.0
2020-03-25 00:00:00-04:00,95.12089229869986,98.6644941986955,92.76824766570297,95.10136413574219,9998900,0.0,0.0,0.0
2020-03-26 00:00:00-04:00,96.1361322131316,99.66996971652286,95.6773172460963,99.03543853759766,6495500,0.0,0.0,0.0
2020-03-27 00:00:00-04:00,96.01897380151658,98.24470724700576,94.5839594885537,95.71635437011719,5131100,0.0,0.0,0.0
2020-03-30 00:00:00-04:00,96.29232460052908,98.09829230818143,94.6230242363005,97.71757507324219,6660300,0.0,0.0,0.0
2020-03-31 00:00:00-04:00,96.86826675126414,98.29351693756696,95.49182206476976,95.74563598632812,5152200,0.0,0.0,0.0
2020-04-01 00:00:00-04:00,92.10442560314324,93.66634338595328,90.65965444697326,91.46989440917969,6758200,0.0,0.0,0.0
2020-04-02 00:00:00-04:00,90.9329881431112,93.207534846343,89.79083647503411,91.81156921386719,5998800,0.0,0.0,0.0
2020-04-03 00:00:00-04:00,91.25513500194221,91.71394252317378,89.05868606761362,90.21060180664062,5179700,0.0,0.0,0.0
2020-04-06 00:00:00-04:00,93.51015732681476,98.23495965160518,93.51015732681476,97.71757507324219,5303900,0.0,0.0,0.0
2020-04-07 00:00:00-04:00,102.23738503681314,102.99881951567434,98.95735386032509,99.17211151123047,7009100,0.0,0.0,0.0
2020-04-08 00:00:00-04:00,100.38257915695321,102.70593088728849,99.66018628841893,102.29592895507812,4165500,0.0,0.0,0.0
2020-04-09 00:00:00-04:00,103.7700151748562,105.85908161664996,103.13548397760599,104.1409683227539,5322900,0.0,0.0,0.0
2020-04-13 00:00:00-04:00,103.7309694661314,104.50216802814275,102.1592875463558,104.11168670654297,3411700,0.0,0.0,0.0
2020-04-14 00:00:00-04:00,106.28859707153838,108.38742745041371,105.79074069742757,108.18242645263672,5744600,0.0,0.0,0.0
2020-04-15 00:00:00-04:00,105.49787343437556,106.54240653975312,104.53143807185874,105.81025695800781,3808800,0.0,0.0,0.0
2020-04-16 00:00:00-04:00,106.24954730279627,108.35814174411753,105.23430640269078,107.0793228149414,4609200,0.0,0.0,0.0
2020-04-17 00:00:00-04:00,109.68577696829337,110.50578097747425,108.3288602522837,110.2422103881836,4383500,0.0,0.0,0.0
2020-04-20 00:00:00-04:00,109.04146963567416,110.49601209922606,108.13360389880236,108.31908416748047,3413100,0.0,0.0,0.0
2020-04-21 00:00:00-04:00,106.51313665740561,107.21600154591496,104.68764076351668,105.50765228271484,4327900,0.0,0.0,0.0
2020-04-22 00:00:00-04:00,107.46979743129326,108.53385873986035,106.86455851886723,107.78218841552734,3385600,0.0,0.0,0.0
2020-04-23 00:00:00-04:00,108.3190813338995,109.35385028406543,107.3624101209035,107.75288391113281,4129600,0.0,0.0,0.0
2020-04-24 00:00:00-04:00,108.86575554900043,110.06648410720656,107.87003542214035,109.57838439941406,2914500,0.0,0.0,0.0
2020-04-27 00:00:00-04:00,110.70101623574413,112.35078819875542,110.59363370321664,111.62840270996094,4119700,0.0,0.0,0.0
2020-04-28 00:00:00-04:00,113.71749078664497,114.11773620276163,111.5015209430752,112.06771850585938,4729400,0.0,0.0,0.0
2020-04-29 00:00:00-04:00,114.24461279142484,115.3965283631989,113.61008170185426,114.5374755859375,4998800,0.0,0.0,0.0
2020-04-30 00:00:00-04:00,113.70771282480527,114.50819605908009,112.65341565347435,113.8248519897461,5053200,0.0,0.0,0.0
2020-05-01 00:00:00-04:00,110.3300531161807,111.22816222618708,108.719330061433,109.56861877441406,6276600,0.0,0.0,0.0
2020-05-04 00:00:00-04:00,108.12384747876382,110.2129135960288,107.49908045945898,110.16410064697266,4606800,0.0,0.0,0.0
2020-05-05 00:00:00-04:00,111.62841549193648,111.96032720715705,110.33006832111768,110.56436157226562,4546800,0.0,0.0,0.0
2020-05-06 00:00:00-04:00,111.28674403454977,111.75532307594268,110.38864227367546,110.54483032226562,3905000,0.0,0.0,0.0
2020-05-07 00:00:00-04:00,111.92128163062985,112.83890415733124,111.87246867324917,112.282470703125,5333600,0.0,0.0,0.0
2020-05-08 00:00:00-04:00,113.71746900004763,114.57652926115392,113.09270196350336,114.46914672851562,3936200,0.0,0.0,0.0
2020-05-11 00:00:00-04:00,113.4734259672054,115.15249027181505,113.31723792258248,114.21533966064453,4043300,0.0,0.0,0.0
2020-05-12 00:00:00-04:00,114.70344629423703,114.967016893791,111.65770103908432,111.71627807617188,5972400,0.0,0.0,0.0
2020-05-13 00:00:00-04:00,111.55030637313315,112.1848374966553,108.69980580497197,109.79315185546875,6681100,0.0,0.0,0.0
2020-05-14 00:00:00-04:00,108.44600603120325,111.48198727222699,107.44052167154932,111.43318176269531,5718200,0.0,0.0,0.0
2020-05-15 00:00:00-04:00,110.52530864969984,112.75104231942043,110.15434807287232,112.73152160644531,6278300,0.0,0.0,0.0
2020-05-18 00:00:00-04:00,115.8162971686575,117.53441021211495,115.69915055848638,116.99749755859375,5116800,0.0,0.0,0.0
2020-05-19 00:00:00-04:00,116.74368801900657,118.5203781582936,116.29463716817308,116.5777359008789,5256800,0.0,0.0,0.0
2020-05-20 00:00:00-04:00,118.50086202456365,118.53014681922744,117.36847442663188,118.10062408447266,3854100,0.0,0.0,0.0
2020-05-21 00:00:00-04:00,118.39348266087943,119.16468121493591,117.08537881199666,118.52039337158203,4558600,0.0,0.0,0.0
2020-05-22 00:00:00-04:00,118.47157641534604,118.66681334363663,117.43680728934532,118.34467315673828,3821000,0.0,0.0,0.0
2020-05-26 00:00:00-04:00,121.47826951519306,121.78088898026127,120.04325504257346,120.2189712524414,4564200,0.0,0.0,0.0
2020-05-27 00:00:00-04:00,121.65398049432878,122.29826827093476,119.19395366195097,122.27874755859375,5765600,0.0,0.0,0.0
2020-05-28 00:00:00-04:00,122.63993055511096,123.07922476316165,120.47277409707426,120.79491424560547,3646600,0.0,0.0,0.0
2020-05-29 00:00:00-04:00,120.75586407983062,121.67349390884877,119.82847761913258,121.23420715332031,6508000,0.0,0.0,0.0
2020-06-01 00:00:00-04:00,121.38063956772102,122.82541807277097,121.28302110944449,122.3861312866211,3331300,0.0,0.0,0.0
2020-06-02 00:00:00-04:00,122.9328078432411,123.43067169189453,122.29827665539831,123.43067169189453,4226700,0.0,0.0,0.0
2020-06-03 00:00:00-04:00,124.03592403885108,126.15427547297277,124.03592403885108,125.76380157470703,5530800,0.0,0.0,0.0
2020-06-04 00:00:00-04:00,125.47091771891694,126.23235212012676,124.46543344820083,125.12924194335938,4985700,0.0,0.0,0.0
2020-06-05 00:00:00-04:00,128.10666202388703,128.84858321073153,127.47213827836016,128.12619018554688,5844600,0.0,0.0,0.0
2020-06-08 00:00:00-04:00,128.86807491014386,130.1273804530519,128.86807491014386,130.0785675048828,3502500,0.0,0.0,0.0
2020-06-09 00:00:00-04:00,128.9364132911766,129.78570196800803,128.11640940350344,129.06332397460938,4344800,0.0,0.0,0.0
2020-06-10 00:00:00-04:00,129.57094992237248,129.59047808231148,127.71617690995151,127.85284423828125,3891900,0.0,0.0,0.0
2020-06-11 00:00:00-04:00,123.75279929936391,125.59782308650311,120.86324986079745,121.15611267089844,6867600,0.0,0.0,0.0
2020-06-12 00:00:00-04:00,124.40685919683467,124.83638188654466,119.87729438450822,122.3568344116211,5994700,0.0,0.0,0.0
2020-06-15 00:00:00-04:00,119.67228089118636,123.9089901607606,119.0182290805508,123.51850891113281,4996500,0.0,0.0,0.0
2020-06-16 00:00:00-04:00,127.27689893516474,127.4330795386131,123.57709439098633,126.11521911621094,5083400,0.0,0.0,0.0
2020-06-17 00:00:00-04:00,126.64235535659537,127.07188551444237,125.47091895059033,125.78330993652344,3174900,0.0,0.0,0.0
2020-06-18 00:00:00-04:00,125.29521624320502,125.99808109987369,124.75830351996885,125.32450103759766,2766800,0.0,0.0,0.0
2020-06-19 00:00:00-04:00,126.89619379697385,127.14024370164834,123.94806677773124,124.34830474853516,6692000,0.0,0.0,0.0
2020-06-22 00:00:00-04:00,124.13890647020825,125.7338152130805,123.5811770048344,125.62618255615234,2837900,0.296,0.0,0.0
2020-06-23 00:00:00-04:00,126.97647089451168,127.40700148983656,126.23282170974467,126.61442565917969,3673600,0.0,0.0,0.0
2020-06-24 00:00:00-04:00,125.86101651798576,126.31110584339989,122.28958773076116,123.82579040527344,5981300,0.0,0.0,0.0
2020-06-25 00:00:00-04:00,123.30719073820076,124.1291121171407,122.08409922472205,123.99212646484375,4884600,0.0,0.0,0.0
2020-06-26 00:00:00-04:00,123.95299418029433,124.21717867860572,120.88058870876294,121.08606719970703,5748200,0.0,0.0,0.0
2020-06-29 00:00:00-04:00,121.62421274928013,123.4833057196329,120.28370187698346,123.38545989990234,3911300,0.0,0.0,0.0
2020-06-30 00:00:00-04:00,123.287619573331,125.52831656607881,122.90601563376903,124.96080780029297,3364900,0.0,0.0,0.0
2020-07-01 00:00:00-04:00,125.13695460546656,126.74165028264896,125.03910876469381,126.22306060791016,5586300,0.0,0.0,0.0
2020-07-02 00:00:00-04:00,128.1213010507643,128.8160087585959,126.39917842338131,126.72207641601562,3664300,0.0,0.0,0.0
2020-07-06 00:00:00-04:00,128.61052378067595,129.7846886709835,128.28762582303597,129.72598266601562,3557900,0.0,0.0,0.0
2020-07-07 00:00:00-04:00,129.11934296518805,129.53029995868374,127.47550006088768,127.69076538085938,3446600,0.0,0.0,0.0
2020-07-08 00:00:00-04:00,127.91577943046882,129.0801647650625,127.31891026442979,129.05081176757812,2739900,0.0,0.0,0.0
2020-07-09 00:00:00-04:00,129.50095258686886,129.5890116042372,126.82970961748363,128.90408325195312,3112400,0.0,0.0,0.0
2020-07-10 00:00:00-04:00,128.98236139480892,130.53813040463623,128.13107944596604,130.44027709960938,6456200,0.0,0.0,0.0
2020-07-13 00:00:00-04:00,131.614423271406,133.56159029233996,128.42460605032687,128.78663635253906,6641300,0.0,0.0,0.0
2020-07-14 00:00:00-04:00,128.1506215188165,130.14670004882728,126.64376460244938,130.06842041015625,5736900,0.0,0.0,0.0
2020-07-15 00:00:00-04:00,131.89821352158808,132.31894990496292,130.05867880466658,131.9275665283203,3752900,0.0,0.0,0.0
2020-07-16 00:00:00-04:00,130.860990463807,131.9470961413895,130.41088629359493,131.5752716064453,3024700,0.0,0.0,0.0
2020-07-17 00:00:00-04:00,132.08411555285983,132.08411555285983,130.489199303271,130.9588623046875,3094600,0.0,0.0,0.0
2020-07-20 00:00:00-04:00,131.05667135402285,133.39522114375052,130.73377348385387,133.05274963378906,2735800,0.0,0.0,0.0
2020-07-21 00:00:00-04:00,134.08997889677292,134.27589121877153,132.76904885628278,133.25828552246094,2657900,0.0,0.0,0.0
2020-07-22 00:00:00-04:00,133.03318948984702,134.48132528231008,132.90598322803655,134.40304565429688,2660500,0.0,0.0,0.0
2020-07-23 00:00:00-04:00,134.54985347057632,134.54985347057632,131.47744801168517,132.38743591308594,3433800,0.0,0.0,0.0
2020-07-24 00:00:00-04:00,131.64378019982422,133.1995639637145,130.98820493530536,132.62225341796875,3143600,0.0,0.0,0.0
2020-07-27 00:00:00-04:00,133.1897402960316,133.74747707389565,132.4852385399471,133.44415283203125,2449700,0.0,0.0,0.0
2020-07-28 00:00:00-04:00,133.1799827879467,133.718146013558,131.9275383339689,132.12322998046875,2559800,0.0,0.0,0.0
2020-07-29 00:00:00-04:00,132.99405172823182,133.7474801377536,132.7885807540163,133.46371459960938,2247500,0.0,0.0,0.0
2020-07-30 00:00:00-04:00,132.5048426888371,134.00190553262715,131.73185540837892,133.35610961914062,3970400,0.0,0.0,0.0
2020-07-31 00:00:00-04:00,134.99994721506675,135.23478615557414,132.573337884421,134.0508270263672,3835500,0.0,0.0,0.0
2020-08-03 00:00:00-04:00,134.4813865041522,134.52051887081737,133.60075148583428,133.76710510253906,2794400,0.0,0.0,0.0
2020-08-04 00:00:00-04:00,133.5028954446788,134.88254633965767,133.48332179877576,134.84339904785156,2670100,0.0,0.0,0.0
2020-08-05 00:00:00-04:00,135.37176957259217,136.55571375195913,135.1565042799226,136.4872283935547,3268400,0.0,0.0,0.0
2020-08-06 00:00:00-04:00,135.99801180108872,137.4461481307856,135.80230519329572,137.15260314941406,2156100,0.0,0.0,0.0
2020-08-07 00:00:00-04:00,137.16237141096974,137.76903497147543,136.3600311191376,137.3580780029297,2976500,0.0,0.0,0.0
2020-08-10 00:00:00-04:00,137.84731608149332,139.15846665173146,137.6320507723119,139.0019073486328,2280200,0.0,0.0,0.0
2020-08-11 00:00:00-04:00,139.79445267107005,140.57723416878017,138.40502260453434,138.72792053222656,3546800,0.0,0.0,0.0
2020-08-12 00:00:00-04:00,140.09778123528207,140.8610040433434,139.55963293633718,140.5674591064453,3815400,0.0,0.0,0.0
2020-08-13 00:00:00-04:00,140.44027350520702,141.3502614506114,140.21522882357021,140.50877380371094,2371400,0.0,0.0,0.0
2020-08-14 00:00:00-04:00,140.50878720939568,140.81211157669745,139.89234418531828,140.49899291992188,1687000,0.0,0.0,0.0
2020-08-17 00:00:00-04:00,141.65359819808737,142.48529162930635,141.03715517882213,142.30917358398438,1609000,0.0,0.0,0.0
2020-08-18 00:00:00-04:00,142.85709623380876,143.50289216992263,141.7905639616407,143.1897735595703,2587700,0.0,0.0,0.0
2020-08-19 00:00:00-04:00,143.74748833653365,143.78662069163954,142.30913166877588,142.5146026611328,2655200,0.0,0.0,0.0
2020-08-20 00:00:00-04:00,141.65356597423298,142.71031879672842,141.29152074623187,142.29934692382812,1663300,0.0,0.0,0.0
2020-08-21 00:00:00-04:00,142.15261355964887,143.11151330577704,142.12326055223917,143.03323364257812,1823800,0.0,0.0,0.0
2020-08-24 00:00:00-04:00,144.0117056120252,145.26416528049495,144.00192625309177,145.2054443359375,2642200,0.0,0.0,0.0
2020-08-25 00:00:00-04:00,145.54785934735344,145.69462432583055,144.50088606650618,145.68484497070312,2598900,0.0,0.0,0.0
2020-08-26 00:00:00-04:00,145.6946525485362,147.35806892183624,145.55766689865084,147.12322998046875,2791900,0.0,0.0,0.0
2020-08-27 00:00:00-04:00,147.6711767531276,147.76903004737503,145.7827306027474,146.33067321777344,3085400,0.0,0.0,0.0
2020-08-28 00:00:00-04:00,147.08411027148736,147.55377326429792,146.51659397877913,147.28958129882812,2137800,0.0,0.0,0.0
2020-08-31 00:00:00-04:00,147.26999625984755,147.7103211450057,146.66334765230155,146.85903930664062,3512500,0.0,0.0,0.0
2020-09-01 00:00:00-04:00,146.99602397975394,148.48330741740526,146.79055296967556,148.39524841308594,4952200,0.0,0.0,0.0
2020-09-02 00:00:00-04:00,149.42265774830827,150.8218673402259,148.57137586151873,150.45004272460938,4077100,0.0,0.0,0.0
2020-09-03 00:00:00-04:00,150.01951799570006,150.12713571445676,144.27587016654516,145.6750946044922,7571000,0.0,0.0,0.0
2020-09-04 00:00:00-04:00,146.14476461998348,146.97647285121144,140.5283228130213,143.99212646484375,6669900,0.0,0.0,0.0
2020-09-08 00:00:00-04:00,141.62421066073986,144.09974656299238,140.94906179097725,142.10365295410156,7606300,0.0,0.0,0.0
2020-09-09 00:00:00-04:00,143.43440052579996,145.86102511143292,142.60270716123534,144.78469848632812,3712900,0.0,0.0,0.0
2020-09-10 00:00:00-04:00,145.508776752841,147.04497213068058,142.24066445486847,142.71034240722656,6276900,0.0,0.0,0.0
2020-09-11 00:00:00-04:00,143.67902715408846,144.33460252530796,141.57531536480676,142.9256134033203,3798200,0.0,0.0,0.0
2020-09-14 00:00:00-04:00,144.5107305252237,145.5576892392557,143.87471389360428,144.44223022460938,2778300,0.0,0.0,0.0
2020-09-15 00:00:00-04:00,145.35218838234712,146.12517559599772,144.87273116735162,145.62615966796875,2706000,0.0,0.0,0.0
2020-09-16 00:00:00-04:00,146.23282436548095,146.8003406426586,144.74554084357803,144.8140411376953,2607900,0.0,0.0,0.0
2020-09-17 00:00:00-04:00,142.7005289455411,143.7083551544666,141.58507008661792,142.77880859375,4424600,0.0,0.0,0.0
2020-09-18 00:00:00-04:00,143.22891467831076,143.2876206826425,139.61834610874385,140.79251098632812,5423600,0.0,0.0,0.0
2020-09-21 00:00:00-04:00,138.54309552611764,138.91571252152838,136.32703883613686,138.75881958007812,4217900,0.306,0.0,0.0
2020-09-22 00:00:00-04:00,139.6119401324347,141.81819701208943,139.1510763872692,141.6907196044922,3819000,0.0,0.0,0.0
2020-09-23 00:00:00-04:00,143.16154755228118,143.42630254879649,139.0824204146734,139.36679077148438,3965300,0.0,0.0,0.0
2020-09-24 00:00:00-04:00,138.7293968008611,141.25923924202584,137.67039194441074,139.3079376220703,4498500,0.0,0.0,0.0
2020-09-25 00:00:00-04:00,139.26872377702972,141.6024578153399,138.2979654671641,141.12197875976562,2514000,0.0,0.0,0.0
2020-09-28 00:00:00-04:00,142.97521991623083,144.40684178365765,142.3966940430253,144.0734405517578,2662400,0.0,0.0,0.0
2020-09-29 00:00:00-04:00,144.0048322938983,144.1028941358245,142.85758056161646,142.95562744140625,3027700,0.0,0.0,0.0
2020-09-30 00:00:00-04:00,143.38706343419778,145.82865945438132,143.210570088277,144.1224822998047,4474400,0.0,0.0,0.0
2020-10-01 00:00:00-04:00,145.5442937698766,146.13263486603594,144.6225813303591,146.00515747070312,3879400,0.0,0.0,0.0
2020-10-02 00:00:00-04:00,143.27919575327033,145.87768461991635,143.22036464028284,145.3874053955078,4090800,0.0,0.0,0.0
2020-10-05 00:00:00-04:00,146.16204403287813,147.47598879975413,146.03456664311994,147.30929565429688,2320400,0.0,0.0,0.0
2020-10-06 00:00:00-04:00,147.4465724447199,148.11335998507636,144.34801904866816,144.58334350585938,3977200,0.0,0.0,0.0
2020-10-07 00:00:00-04:00,146.338548494823,148.24081932002585,146.338548494823,147.88783264160156,2502900,0.0,0.0,0.0
2020-10-08 00:00:00-04:00,148.84878134446572,148.95664337653955,147.77016102372733,148.85858154296875,2532900,0.0,0.0,0.0
2020-10-09 00:00:00-04:00,149.63321762124448,150.76085379485656,149.4469091315566,150.40785217285156,3681300,0.0,0.0,0.0
2020-10-12 00:00:00-04:00,151.45707512861534,153.1044062554531,151.24135105789102,152.408203125,3197200,0.0,0.0,0.0
2020-10-13 00:00:00-04:00,152.09442879939948,153.06518709608284,151.58453419246263,152.3787841796875,3413100,0.0,0.0,0.0
2020-10-14 00:00:00-04:00,152.702378237099,152.85927119543115,150.015657395807,150.69223022460938,3805400,0.0,0.0,0.0
2020-10-15 00:00:00-04:00,148.75071731144698,151.53549978291431,148.30946899117296,151.2511444091797,2379000,0.0,0.0,0.0
2020-10-16 00:00:00-04:00,151.9277358593947,152.65333957112287,149.41750850200316,149.8783721923828,2105500,0.0,0.0,0.0
2020-10-19 00:00:00-04:00,150.8589252659918,151.45706652591034,147.67211026655272,148.034912109375,2577000,0.0,0.0,0.0
2020-10-20 00:00:00-04:00,148.8978186225975,151.06484459302382,148.49578603477036,149.2213897705078,4257100,0.0,0.0,0.0
2020-10-21 00:00:00-04:00,149.0546889630102,150.09409351864085,147.96626845315177,148.40753173828125,2769900,0.0,0.0,0.0
2020-10-22 00:00:00-04:00,148.38791598262839,148.87819522067494,146.78960087871343,148.7115020751953,2067800,0.0,0.0,0.0
2020-10-23 00:00:00-04:00,149.31943718705583,150.0352406547395,148.17218561431318,150.01564025878906,1957500,0.0,0.0,0.0
2020-10-26 00:00:00-04:00,148.48595771716495,149.0939141255666,145.04420297148914,147.13279724121094,3150000,0.0,0.0,0.0
2020-10-27 00:00:00-04:00,147.5250116045516,147.96625990204595,146.65231520741509,147.06414794921875,3120500,0.0,0.0,0.0
2020-10-28 00:00:00-04:00,144.42646921434493,145.15208796272304,142.259443093088,142.4163360595703,4586300,0.0,0.0,0.0
2020-10-29 00:00:00-04:00,142.8281564130681,144.96576678686776,141.80836718204756,143.3184356689453,3033900,0.0,0.0,0.0
2020-10-30 00:00:00-04:00,142.21039299036664,142.72028758159445,138.98436222366567,140.19044494628906,4991600,0.0,0.0,0.0
2020-11-02 00:00:00-05:00,142.0241091734308,142.5242036532985,139.6413588710165,141.19064331054688,3990900,0.0,0.0,0.0
2020-11-03 00:00:00-05:00,142.69088059092851,145.11286134199352,141.96526189685534,144.2989959716797,2837700,0.0,0.0,0.0
2020-11-04 00:00:00-05:00,146.00515779915096,149.12334167639324,145.71100221254517,147.36813354492188,4270600,0.0,0.0,0.0
2020-11-05 00:00:00-05:00,149.95681006504788,151.15309267862233,149.2998376399104,150.24118041992188,3240000,0.0,0.0,0.0
2020-11-06 00:00:00-05:00,149.79993051749253,150.0548703484131,148.5154012397068,149.7901153564453,2423500,0.0,0.0,0.0
2020-11-09 00:00:00-05:00,154.967446428438,154.967446428438,149.11352641430307,149.29981994628906,4891100,0.0,0.0,0.0
2020-11-10 00:00:00-05:00,149.1527265944049,149.5057281879499,147.19160995518433,148.7703094482422,8882600,0.0,0.0,0.0
2020-11-11 00:00:00-05:00,149.7214764986156,150.780481451011,149.1527507855439,150.07447814941406,3703400,0.0,0.0,0.0
2020-11-12 00:00:00-05:00,150.07447893891654,150.0940942979905,147.22105016012904,148.0643310546875,2964900,0.0,0.0,0.0
2020-11-13 00:00:00-05:00,148.91740592831155,150.7216448343846,148.70168187391297,150.46669006347656,2231500,0.0,0.0,0.0
2020-11-16 00:00:00-05:00,151.98655860337624,152.48663802273506,150.83930702098752,152.4376220703125,3932300,0.0,0.0,0.0
2020-11-17 00:00:00-05:00,151.89831307778823,152.48663917049734,150.64319945878066,151.7904510498047,2919800,0.0,0.0,0.0
2020-11-18 00:00:00-05:00,151.71202660512665,152.92792464600797,150.71185265153292,150.75108337402344,2707500,0.0,0.0,0.0
2020-11-19 00:00:00-05:00,150.72164228207112,151.64335463455242,150.39805620595283,151.49627685546875,2107200,0.0,0.0,0.0
2020-11-20 00:00:00-05:00,151.64336942821225,151.75123146410755,150.65301070745406,150.70204162597656,2066400,0.0,0.0,0.0
2020-11-23 00:00:00-05:00,151.53551134342896,152.76120952777256,151.13349371018765,152.35919189453125,2305600,0.0,0.0,0.0
2020-11-24 00:00:00-05:00,153.80060205397166,155.13416217208726,153.3593387726214,154.624267578125,2732800,0.0,0.0,0.0
2020-11-25 00:00:00-05:00,154.5066066581472,155.06551721065102,154.07515853361232,154.81057739257812,2312200,0.0,0.0,0.0
2020-11-27 00:00:00-05:00,155.51658369174612,155.70287723808156,154.6733027853923,155.1439666748047,1108300,0.0,0.0,0.0
2020-11-30 00:00:00-05:00,154.9086400924708,154.98708657423273,152.1925036018797,154.20263671875,3288000,0.0,0.0,0.0
2020-12-01 00:00:00-05:00,155.40871484988085,156.06568721898117,154.42815639531898,155.34986877441406,4368700,0.0,0.0,0.0
2020-12-02 00:00:00-05:00,154.74193699482288,154.74193699482288,153.7221627216622,154.37913513183594,2154400,0.0,0.0,0.0
2020-12-03 00:00:00-05:00,154.4183450238487,155.66365848109527,154.4183450238487,154.81057739257812,3005700,0.0,0.0,0.0
2020-12-04 00:00:00-05:00,155.1243652832725,155.3498895686114,154.6537013514803,154.95767211914062,2089100,0.0,0.0,0.0
2020-12-07 00:00:00-05:00,154.61446023300968,154.68310651122644,153.82021022584777,154.6046600341797,4215300,0.0,0.0,0.0
2020-12-08 00:00:00-05:00,153.85944914911542,154.37914399539125,153.0847994983097,154.2810821533203,2478400,0.0,0.0,0.0
2020-12-09 00:00:00-05:00,155.2910546063622,155.36950108674333,153.47703024475808,154.13400268554688,6030400,0.0,0.0,0.0
2020-12-10 00:00:00-05:00,153.5358556565808,154.6536917767164,152.89848363798038,153.99671936035156,2903000,0.0,0.0,0.0
2020-12-11 00:00:00-05:00,153.42801519874018,153.97712565608586,152.21211707023346,153.26132202148438,2067100,0.0,0.0,0.0
2020-12-14 00:00:00-05:00,154.65368338172757,155.53618002156475,153.43778549022906,153.48681640625,3407500,0.0,0.0,0.0
2020-12-15 00:00:00-05:00,154.840013057441,155.58523221159837,154.13400966418166,155.55581665039062,2325900,0.0,0.0,0.0
2020-12-16 00:00:00-05:00,155.84018826886015,156.96783976025822,155.78135714032675,156.5756072998047,2221500,0.0,0.0,0.0
2020-12-17 00:00:00-05:00,157.37965417018984,157.67382474050538,156.92859063408775,157.6444091796875,1988700,0.0,0.0,0.0
2020-12-18 00:00:00-05:00,157.90912149120103,157.99738312028873,156.18334405708254,156.87954711914062,4946400,0.0,0.0,0.0
2020-12-21 00:00:00-05:00,154.62599115756174,156.01114504729338,153.51591636475524,155.10736083984375,3952200,0.296,0.0,0.0
2020-12-22 00:00:00-05:00,154.85191185898177,154.92067037456263,153.08363231014891,154.43931579589844,3726600,0.0,0.0,0.0
2020-12-23 00:00:00-05:00,154.46881177748034,155.2645339604338,153.8106216386192,154.77334594726562,2173000,0.0,0.0,0.0
2020-12-24 00:00:00-05:00,154.9206986975417,155.33329483605684,154.43934403087508,155.0975341796875,1048800,0.0,0.0,0.0
2020-12-28 00:00:00-05:00,156.6103713420765,157.49451868643456,155.80483086196426,156.86578369140625,2912400,0.0,0.0,0.0
2020-12-29 00:00:00-05:00,157.41593835435395,157.70082080373083,156.17813497946594,156.9149169921875,2431200,0.0,0.0,0.0
2020-12-30 00:00:00-05:00,157.47487566889313,158.0937623552755,157.3078735478142,157.85800170898438,2440700,0.0,0.0,0.0
2020-12-31 00:00:00-05:00,157.87766786010314,158.1428986114294,157.1114007199965,157.94642639160156,2929600,0.0,0.0,0.0
2021-01-04 00:00:00-05:00,158.92880555334628,159.03686752482128,154.6652968421871,156.6103973388672,9060200,0.0,0.0,0.0
2021-01-05 00:00:00-05:00,155.70658980934064,158.22146987097392,155.65746801332003,157.77940368652344,3131200,0.0,0.0,0.0
2021-01-06 00:00:00-05:00,157.95624252325655,161.11949468433758,157.3275224347735,159.39051818847656,4416000,0.0,0.0,0.0
2021-01-07 00:00:00-05:00,160.8345995363524,163.10388569257188,160.77565937487162,162.46534729003906,3362800,0.0,0.0,0.0
2021-01-08 00:00:00-05:00,164.3907891823909,165.98224842715334,163.3592914287167,165.8152313232422,4641900,0.0,0.0,0.0
2021-01-11 00:00:00-05:00,163.8799756642365,164.54798416601236,162.27869794693768,162.72076416015625,3710500,0.0,0.0,0.0
2021-01-12 00:00:00-05:00,163.5754289347344,165.82507845943258,163.37895672481542,165.2061767578125,5697600,0.0,0.0,0.0
2021-01-13 00:00:00-05:00,165.38303448621932,165.83491913083154,164.37118822865233,165.19638061523438,2827200,0.0,0.0,0.0
2021-01-14 00:00:00-05:00,165.38300599320766,166.1885465204112,163.94873043422047,164.14520263671875,3014900,0.0,0.0,0.0
2021-01-15 00:00:00-05:00,163.87998802317796,164.39081280192954,162.22958838219765,162.87796020507812,3635700,0.0,0.0,0.0
2021-01-19 00:00:00-05:00,164.26309425267905,164.52832497464095,163.16282296169203,163.80137634277344,3174300,0.0,0.0,0.0
2021-01-20 00:00:00-05:00,165.34370287912867,167.36739504953155,164.8328631597488,166.89585876464844,3434300,0.0,0.0,0.0
2021-01-21 00:00:00-05:00,167.7799827309939,168.76235868583046,167.48528193643693,167.6719207763672,3344000,0.0,0.0,0.0
2021-01-22 00:00:00-05:00,166.78779008893042,167.40669174345408,166.12959999136018,167.10215759277344,2228200,0.0,0.0,0.0
2021-01-25 00:00:00-05:00,167.53441547635472,168.92940274590913,164.39081491721555,167.7210693359375,5880300,0.0,0.0,0.0
2021-01-26 00:00:00-05:00,168.3006665372507,168.4578353077731,166.98427128131286,167.6129913330078,3729000,0.0,0.0,0.0
2021-01-27 00:00:00-05:00,165.7170233745079,165.81525198861053,161.6303352831299,162.44570922851562,5620700,0.0,0.0,0.0
2021-01-28 00:00:00-05:00,161.67942083521734,164.56760826195364,160.726515051842,162.95651245117188,3921600,0.0,0.0,0.0
2021-01-29 00:00:00-05:00,162.0134572993997,162.37693164323298,158.25095520746694,159.1547393798828,5416500,0.0,0.0,0.0
2021-02-01 00:00:00-05:00,161.00160468614084,163.46736309030806,160.0192286699975,163.29054260253906,3251300,0.0,0.0,0.0
2021-02-02 00:00:00-05:00,164.5577734776818,167.85855693810117,164.53813675335653,166.75830078125,2700600,0.0,0.0,0.0
2021-02-03 00:00:00-05:00,167.29862186063858,167.46562396794175,165.70716268010972,165.82505798339844,2031400,0.0,0.0,0.0
2021-02-04 00:00:00-05:00,166.59132554430337,167.59335327148435,166.0804858220331,167.59335327148438,2571200,0.0,0.0,0.0
2021-02-05 00:00:00-05:00,168.18279487201477,169.76442108241966,167.8487905766176,169.19464111328125,2232100,0.0,0.0,0.0
2021-02-08 00:00:00-05:00,170.29488066923892,170.40294262570737,169.11601751144946,170.1573486328125,2360200,0.0,0.0,0.0
2021-02-09 00:00:00-05:00,169.6170569637328,170.02965311707283,169.0079736032,169.2142791748047,1807700,0.0,0.0,0.0
2021-02-10 00:00:00-05:00,169.76439966511384,169.76439966511384,166.26714339011724,167.5442352294922,2441600,0.0,0.0,0.0
2021-02-11 00:00:00-05:00,167.98628835253254,168.56588656857835,166.27694879399658,167.08250427246094,1955800,0.0,0.0,0.0
2021-02-12 00:00:00-05:00,166.35555900485394,167.3968752338433,165.88402269151086,167.31829833984375,1997200,0.0,0.0,0.0
2021-02-16 00:00:00-05:00,167.64247373270885,167.85859767165994,166.12962114992075,166.59133911132812,2258100,0.0,0.0,0.0
2021-02-17 00:00:00-05:00,165.57947628525145,167.72104875054947,164.74445069693292,167.55404663085938,3220600,0.0,0.0,0.0
2021-02-18 00:00:00-05:00,165.79561158166237,168.1434897617616,165.6777162615375,167.60317993164062,2580000,0.0,0.0,0.0
2021-02-19 00:00:00-05:00,168.3595912009799,168.3595912009799,166.4046577094918,166.63059997558594,2511400,0.0,0.0,0.0
2021-02-22 00:00:00-05:00,165.03917209946297,165.61877035629146,162.96635808838093,163.11370849609375,2847000,0.0,0.0,0.0
2021-02-23 00:00:00-05:00,160.22553631403792,162.86811524036352,156.25672876284403,162.0429229736328,5384300,0.0,0.0,0.0
2021-02-24 00:00:00-05:00,161.8366347088284,163.95855556925935,160.10764327975355,163.742431640625,3986800,0.0,0.0,0.0
2021-02-25 00:00:00-05:00,162.58325054051846,163.4870347870348,156.86581423271718,157.65171813964844,7320900,0.0,0.0,0.0
2021-02-26 00:00:00-05:00,159.67540821534004,160.40237194170464,156.20762170515093,158.30990600585938,6127600,0.0,0.0,0.0
2021-03-01 00:00:00-05:00,160.2746566324237,162.30818237883753,159.9701224361673,162.02328491210938,4348800,0.0,0.0,0.0
2021-03-02 00:00:00-05:00,162.24918824117756,162.60284412335693,160.07813116088056,160.15672302246094,3311200,0.0,0.0,0.0
2021-03-03 00:00:00-05:00,159.84240595390605,160.4809443595502,156.39425659179685,156.39425659179688,5562800,0.0,0.0,0.0
2021-03-04 00:00:00-05:00,156.45320664676103,157.47488614823857,150.1463541110182,153.0836639404297,9234800,0.0,0.0,0.0
2021-03-05 00:00:00-05:00,154.24285222967492,154.50809795004696,147.0125641826083,154.05621337890625,10313400,0.0,0.0,0.0
2021-03-08 00:00:00-05:00,154.67510674898259,157.39629261651154,153.97762814476786,154.24285888671875,6268100,0.0,0.0,0.0
2021-03-09 00:00:00-05:00,157.30787001878087,161.10966025361768,156.50231452237622,160.06834411621094,9307200,0.0,0.0,0.0
2021-03-10 00:00:00-05:00,162.17063823944002,163.06460403207151,159.7441682250796,160.88372802734375,7122900,0.0,0.0,0.0
2021-03-11 00:00:00-05:00,163.07440797861787,163.97819205537795,162.1116837431359,163.34947204589844,4229200,0.0,0.0,0.0
2021-03-12 00:00:00-05:00,161.62049518119233,163.840659427582,161.16859564951736,163.83084106445312,4171700,0.0,0.0,0.0
2021-03-15 00:00:00-04:00,164.05681666854605,166.08050913446144,163.48703670408642,166.03138732910156,4428500,0.0,0.0,0.0
2021-03-16 00:00:00-04:00,166.03138356128608,166.3457511165589,163.5558065179281,164.31222534179688,3436800,0.0,0.0,0.0
2021-03-17 00:00:00-04:00,163.08421415765895,167.20037148604965,162.9073936947036,166.6207733154297,4355700,0.0,0.0,0.0
2021-03-18 00:00:00-04:00,165.05882556319276,165.7857742354241,162.26886623207858,162.5439453125,5075700,0.0,0.0,0.0
2021-03-19 00:00:00-04:00,162.35728302653473,163.86031708243658,160.65776178199457,163.5164794921875,6060500,0.0,0.0,0.0
2021-03-22 00:00:00-04:00,164.6716427611437,165.9999632797428,163.98289009040727,164.59292602539062,3612100,0.264,0.0,0.0
2021-03-23 00:00:00-04:00,164.6027481039146,165.3111836608651,162.6250409320751,163.0481414794922,3995100,0.0,0.0,0.0
2021-03-24 00:00:00-04:00,163.80575869873022,164.681461660072,160.63748168945312,160.63748168945312,4676000,0.0,0.0,0.0
2021-03-25 00:00:00-04:00,159.09273025280967,162.58570860262833,158.75819537214767,162.04454040527344,5659900,0.0,0.0,0.0
2021-03-26 00:00:00-04:00,162.6840663107507,163.5105694132119,160.54892578921917,163.3925018310547,4271300,0.0,0.0,0.0
2021-03-29 00:00:00-04:00,162.96944705149986,163.79595030982057,161.30659155870114,162.4971466064453,4679100,0.0,0.0,0.0
2021-03-30 00:00:00-04:00,161.78868718570706,164.33709437835836,161.13930044309782,164.0911102294922,3660900,0.0,0.0,0.0
2021-03-31 00:00:00-04:00,164.78970522642175,166.26561019504712,164.34693673857046,165.3702392578125,3968900,0.0,0.0,0.0
2021-04-01 00:00:00-04:00,166.86581479406792,166.97404842736304,166.13771127342972,166.69854736328125,4070000,0.0,0.0,0.0
2021-04-05 00:00:00-04:00,169.355173425442,171.11642845773426,169.04032150077913,170.48670959472656,4314200,0.0,0.0,0.0
2021-04-06 00:00:00-04:00,170.32926922213113,171.8937248477097,170.21120163187808,171.2246551513672,3150700,0.0,0.0,0.0
2021-04-07 00:00:00-04:00,171.12626429616074,171.73630022879166,170.41782869079745,170.7130126953125,2524700,0.0,0.0,0.0
2021-04-08 00:00:00-04:00,171.66742091126156,171.91340506284948,170.41781721736427,171.51983642578125,3212400,0.0,0.0,0.0
2021-04-09 00:00:00-04:00,171.362395725038,173.19251833607248,171.17544537554127,173.1531524658203,3046900,0.0,0.0,0.0
2021-04-12 00:00:00-04:00,173.14334266739436,174.4322973449395,172.9957581675543,174.26502990722656,3142800,0.0,0.0,0.0
2021-04-13 00:00:00-04:00,174.56019258362062,176.44934901906956,174.32404239905924,176.10496520996094,2675600,0.0,0.0,0.0
2021-04-14 00:00:00-04:00,176.49856734070212,177.26603675382503,174.00920872901438,174.37326049804688,3338200,0.0,0.0,0.0
2021-04-15 00:00:00-04:00,175.59333161394224,175.73108213690227,174.6389119142616,175.6228485107422,2515600,0.0,0.0,0.0
2021-04-16 00:00:00-04:00,176.04594554802682,177.2168325765635,175.57366015467557,176.98068237304688,2638000,0.0,0.0,0.0
2021-04-19 00:00:00-04:00,176.00657171337173,176.17383912223175,174.44210121651864,174.9931182861328,3515400,0.0,0.0,0.0
2021-04-20 00:00:00-04:00,174.37324681528966,174.77666442772457,171.5001537224869,172.7891082763672,4231000,0.0,0.0,0.0
2021-04-21 00:00:00-04:00,172.1396972930332,175.27845730564508,171.7953285069944,175.0915069580078,2770000,0.0,0.0,0.0
2021-04-22 00:00:00-04:00,175.30797594487322,175.56379404679055,172.51359970418673,173.1531524658203,2980000,0.0,0.0,0.0
2021-04-23 00:00:00-04:00,173.7140192922782,175.68189260057093,173.15316819284746,174.963623046875,1911900,0.0,0.0,0.0
2021-04-26 00:00:00-04:00,175.55396271014115,176.2919151447552,174.58970906607607,175.7310791015625,2230300,0.0,0.0,0.0
2021-04-27 00:00:00-04:00,175.81965912348534,176.23291075417276,175.13090640567293,175.52447509765625,2219300,0.0,0.0,0.0
2021-04-28 00:00:00-04:00,175.30799135579554,176.26241110862557,174.91442270075876,175.3178253173828,2380700,0.0,0.0,0.0
2021-04-29 00:00:00-04:00,176.42967300501383,176.5379066338071,173.81239799141767,175.3670196533203,3222300,0.0,0.0,0.0
2021-04-30 00:00:00-04:00,175.16040723133435,176.60679531283802,175.0226567004141,176.0459442138672,2825500,0.0,0.0,0.0
2021-05-03 00:00:00-04:00,177.0003669171451,177.08891761413707,174.97345977969084,175.20960998535156,3685700,0.0,0.0,0.0
2021-05-04 00:00:00-04:00,173.90097131455272,174.17647237924234,171.21481341330593,173.37948608398438,4603600,0.0,0.0,0.0
2021-05-05 00:00:00-04:00,174.59957330658224,174.59957330658224,172.54314910210925,172.8383331298828,3162500,0.0,0.0,0.0
2021-05-06 00:00:00-04:00,173.21221923828128,173.46805240259144,171.5592127012772,173.21221923828125,3925300,0.0,0.0,0.0
2021-05-07 00:00:00-04:00,173.89111220659274,175.23911556636432,172.98589233054767,174.76681518554688,3375100,0.0,0.0,0.0
2021-05-10 00:00:00-04:00,174.82585494078324,174.82585494078324,171.637909836812,171.6575927734375,3488000,0.0,0.0,0.0
2021-05-11 00:00:00-04:00,168.77465249057425,170.36862506030266,167.08228025030482,169.71923828125,7110400,0.0,0.0,0.0
2021-05-12 00:00:00-04:00,167.78085156154617,168.57783770240087,163.60895551155534,163.97300720214844,7062000,0.0,0.0,0.0
2021-05-13 00:00:00-04:00,165.11441130091788,166.72806685002257,163.35317125579354,165.13409423828125,7041200,0.0,0.0,0.0
2021-05-14 00:00:00-04:00,166.69852627666526,168.36138142618225,166.226240942793,167.99732971191406,4105900,0.0,0.0,0.0
2021-05-17 00:00:00-04:00,167.4955222024795,168.08589016438603,166.19673370543845,167.6923065185547,5222500,0.0,0.0,0.0
2021-05-18 00:00:00-04:00,168.06620540085413,168.82384077386888,166.36399931547882,166.38368225097656,3878400,0.0,0.0,0.0
2021-05-19 00:00:00-04:00,163.66800928151235,165.0750464166609,162.83167218564444,164.98648071289062,7060200,0.0,0.0,0.0
2021-05-20 00:00:00-04:00,165.80316050207446,167.04293029742405,165.5866932366541,166.67886352539062,4534000,0.0,0.0,0.0
2021-05-21 00:00:00-04:00,167.79071970628868,167.79071970628868,165.77364652317263,165.842529296875,3885300,0.0,0.0,0.0
2021-05-24 00:00:00-04:00,166.73791604436371,168.27285485971152,166.167230969535,167.48570251464844,3363400,0.0,0.0,0.0
2021-05-25 00:00:00-04:00,168.24331450523442,168.78446759169466,166.96419399954266,168.01699829101562,3566900,0.0,0.0,0.0
2021-05-26 00:00:00-04:00,168.81401412440408,170.33910388371393,168.64673168594936,169.62083435058594,3736800,0.0,0.0,0.0
2021-05-27 00:00:00-04:00,170.25055907539738,170.68349360797808,169.72907384670205,170.2997589111328,3891800,0.0,0.0,0.0
2021-05-28 00:00:00-04:00,171.00818437645455,171.00818437645455,169.66018102283616,170.0635986328125,3225600,0.0,0.0,0.0
2021-06-01 00:00:00-04:00,171.07707669008232,171.19515930853933,169.43390413101946,169.73892211914062,4680600,0.0,0.0,0.0
2021-06-02 00:00:00-04:00,169.89632238989628,169.91600532473868,168.32203291714967,168.95175170898438,3531600,0.0,0.0,0.0
2021-06-03 00:00:00-04:00,167.8694218376486,168.32203927403606,166.659184038539,166.94451904296875,4351400,0.0,0.0,0.0
2021-06-04 00:00:00-04:00,167.86944795544963,168.4302840906138,167.3971625236772,168.28269958496094,3216600,0.0,0.0,0.0
2021-06-07 00:00:00-04:00,168.15478300427296,168.3810992645183,167.00357881913084,168.28269958496094,3194900,0.0,0.0,0.0
2021-06-08 00:00:00-04:00,169.40438322961108,170.18170164583879,168.48932928685514,169.64053344726562,3062400,0.0,0.0,0.0
2021-06-09 00:00:00-04:00,170.11280219398424,170.22103582308952,168.63689725910194,168.70578002929688,3565800,0.0,0.0,0.0
2021-06-10 00:00:00-04:00,169.01080875661356,169.80779507007762,168.49915747606684,169.50277709960938,2612500,0.0,0.0,0.0
2021-06-11 00:00:00-04:00,169.78809030915627,170.44732600239527,169.51258927358418,170.4276580810547,2734200,0.0,0.0,0.0
2021-06-14 00:00:00-04:00,170.4375015584334,170.80155330140684,169.48308184130946,170.4768524169922,2885000,0.0,0.0,0.0
2021-06-15 00:00:00-04:00,170.4965275332229,170.4965275332229,168.98127182246688,169.57162475585938,2829800,0.0,0.0,0.0
2021-06-16 00:00:00-04:00,169.71924288140397,170.05377774841998,168.1842890532415,169.65036010742188,4707100,0.0,0.0,0.0
2021-06-17 00:00:00-04:00,169.2371279375394,170.89998351539418,168.84355922687917,170.28994750976562,4633500,0.0,0.0,0.0
2021-06-18 00:00:00-04:00,169.04031346803538,170.05376698044063,168.62706189135685,169.39453125,6995600,0.0,0.0,0.0
2021-06-21 00:00:00-04:00,169.9414206122412,171.1337414912831,169.47828323530547,170.70016479492188,4803700,0.255,0.0,0.0
2021-06-22 00:00:00-04:00,170.82827178832247,172.99614024289465,170.710029065549,172.30636596679688,3370200,0.0,0.0,0.0
2021-06-23 00:00:00-04:00,172.6414131774126,173.98155262594582,172.55273112704236,173.6366729736328,2658900,0.0,0.0,0.0
2021-06-24 00:00:00-04:00,174.95708857498715,175.3413924701497,173.88301038542414,174.22789001464844,3979500,0.0,0.0,0.0
2021-06-25 00:00:00-04:00,176.04101413257294,176.13955976080587,174.95708740176983,175.33152770996094,4974600,0.0,0.0,0.0
2021-06-28 00:00:00-04:00,175.3512290304879,175.52860814317947,174.44466644326133,175.37094116210938,2792100,0.0,0.0,0.0
2021-06-29 00:00:00-04:00,175.47936760112495,176.16914197521098,175.29213990616867,175.80455017089844,2314600,0.0,0.0,0.0
2021-06-30 00:00:00-04:00,175.60744330423657,176.74064279006197,175.60744330423657,175.94247436523438,2899300,0.0,0.0,0.0
2021-07-01 00:00:00-04:00,176.37606089949546,176.97715314765568,176.22824245659922,176.93772888183594,3105300,0.0,0.0,0.0
2021-07-02 00:00:00-04:00,177.37132356812387,178.52423536700226,177.20380801129062,178.4946746826172,2901700,0.0,0.0,0.0
2021-07-06 00:00:00-04:00,178.7607204847729,179.22385788152917,177.08555002473744,178.70159912109375,3896000,0.0,0.0,0.0
2021-07-07 00:00:00-04:00,179.18443799966883,179.62786327406508,177.34175195213535,178.60305786132812,3347100,0.0,0.0,0.0
2021-07-08 00:00:00-04:00,175.82425327204106,178.75088146395072,175.04579681670387,178.15965270996094,5641700,0.0,0.0,0.0
2021-07-09 00:00:00-04:00,178.92822187235114,179.9431786310902,178.72128207989275,179.82493591308594,2816400,0.0,0.0,0.0
2021-07-12 00:00:00-04:00,180.03186602832292,181.10594417803455,179.89391117456134,181.0566864013672,5407300,0.0,0.0,0.0
2021-07-13 00:00:00-04:00,180.70193412129908,180.99754091025554,178.74099055083425,178.8887939453125,6196200,0.0,0.0,0.0
2021-07-14 00:00:00-04:00,179.87420806769785,180.0811478766993,178.46509877899766,178.5636444091797,3742000,0.0,0.0,0.0
2021-07-15 00:00:00-04:00,178.24832655757302,179.05635869754832,176.3563675672316,177.59796142578125,3333800,0.0,0.0,0.0
2021-07-16 00:00:00-04:00,178.13007297276752,178.33699775194907,175.27241500827498,175.41036987304688,4212100,0.0,0.0,0.0
2021-07-19 00:00:00-04:00,172.58228113423291,173.4395709733508,171.23229322004457,173.40016174316406,8044200,0.0,0.0,0.0
2021-07-20 00:00:00-04:00,173.9125795124045,177.0658443227576,173.05527460006203,176.6027069091797,4919000,0.0,0.0,0.0
2021-07-21 00:00:00-04:00,177.25307455565465,178.32715281283163,177.20380173810602,178.22860717773438,4092700,0.0,0.0,0.0
2021-07-22 00:00:00-04:00,178.080796423956,179.20414745239856,177.18408230375607,178.99720764160156,4030800,0.0,0.0,0.0
2021-07-23 00:00:00-04:00,179.60817068847206,180.88918876353958,179.18444250117113,180.59356689453125,3504300,0.0,0.0,0.0
2021-07-26 00:00:00-04:00,180.69209175828848,181.95339765913337,180.2289543532647,181.93370056152344,3447500,0.0,0.0,0.0
2021-07-27 00:00:00-04:00,181.81546216634513,181.81546216634513,178.15965038855427,180.0910186767578,3679900,0.0,0.0,0.0
2021-07-28 00:00:00-04:00,179.88405309123198,180.52455451346984,178.65230802081263,179.5095977783203,2986900,0.0,0.0,0.0
2021-07-29 00:00:00-04:00,180.3176453010504,181.9928157339922,180.19938753965263,181.52967834472656,3653700,0.0,0.0,0.0
2021-07-30 00:00:00-04:00,177.79501342773438,179.44063816786323,177.4599823579872,177.79501342773438,4663500,0.0,0.0,0.0
2021-08-02 00:00:00-04:00,179.24355743701133,179.7165584248358,178.12020640384478,178.30743408203125,3651500,0.0,0.0,0.0
2021-08-03 00:00:00-04:00,179.03662473886465,179.6771262071001,177.45998492112122,179.6278533935547,4222900,0.0,0.0,0.0
2021-08-04 00:00:00-04:00,179.2435645726046,179.5194743085099,177.88372802734375,177.88372802734375,3956500,0.0,0.0,0.0
2021-08-05 00:00:00-04:00,178.42569491601915,179.7165615160953,178.28772501523295,179.5884552001953,2700600,0.0,0.0,0.0
2021-08-06 00:00:00-04:00,179.8347922655867,179.94318644044515,178.16947041364904,178.36654663085938,2911100,0.0,0.0,0.0
2021-08-09 00:00:00-04:00,178.40599733689086,178.5538007627162,177.68666227128446,178.12022399902344,2780300,0.0,0.0,0.0
2021-08-10 00:00:00-04:00,178.31729285697713,179.48990163828825,177.92312537775533,178.81983947753906,2600500,0.0,0.0,0.0
2021-08-11 00:00:00-04:00,179.2139957378117,179.6081632254287,178.55378211149946,179.34210205078125,2750300,0.0,0.0,0.0
2021-08-12 00:00:00-04:00,179.22386797851652,179.50962626438204,177.98225912749677,179.4209442138672,2614700,0.0,0.0,0.0
2021-08-13 00:00:00-04:00,179.53916118497983,179.63770680649088,178.54391656590187,178.90850830078125,2468200,0.0,0.0,0.0
2021-08-16 00:00:00-04:00,177.86402217016254,178.21876541969627,176.19870011085,178.080810546875,3328800,0.0,0.0,0.0
2021-08-17 00:00:00-04:00,175.8341106915271,175.8341106915271,172.39507233800234,173.85345458984375,5532600,0.0,0.0,0.0
2021-08-18 00:00:00-04:00,173.80419618702302,176.26768682336953,173.59725635775035,174.47425842285156,4999100,0.0,0.0,0.0
2021-08-19 00:00:00-04:00,172.9764139199993,174.6121749519466,172.31620037875678,173.3607177734375,5667300,0.0,0.0,0.0
2021-08-20 00:00:00-04:00,173.63666484642482,175.22315327347596,173.47899785139995,175.02606201171875,3309200,0.0,0.0,0.0
2021-08-23 00:00:00-04:00,175.962211216178,177.6866546109146,175.7848320768809,177.2826385498047,3445100,0.0,0.0,0.0
2021-08-24 00:00:00-04:00,178.03155666822985,179.04651370538622,177.7162376550716,178.5341033935547,2895800,0.0,0.0,0.0
2021-08-25 00:00:00-04:00,178.53405714080384,179.4504833271604,178.19902607738365,179.22384643554688,3633300,0.0,0.0,0.0
2021-08-26 00:00:00-04:00,178.61290744505962,178.70160452921476,177.20379811488806,177.56838989257812,3697100,0.0,0.0,0.0
2021-08-27 00:00:00-04:00,177.9625513757978,179.4997669698451,177.66692952249207,179.18443298339844,3982400,0.0,0.0,0.0
2021-08-30 00:00:00-04:00,179.69684632726577,181.14537990136904,179.5884521470284,180.53443908691406,3683300,0.0,0.0,0.0
2021-08-31 00:00:00-04:00,180.70194094044624,181.05668413653157,179.95303028429322,180.96798706054688,4777900,0.0,0.0,0.0
2021-09-01 00:00:00-04:00,181.58878275289442,181.92381380101125,180.83002358490586,180.9581298828125,4099200,0.0,0.0,0.0
2021-09-02 00:00:00-04:00,181.44100130687764,182.00266930419485,180.67239349836845,180.94830322265625,3357500,0.0,0.0,0.0
2021-09-03 00:00:00-04:00,180.47531321499335,180.88919286255538,179.69685681038575,180.8399200439453,3444800,0.0,0.0,0.0
2021-09-07 00:00:00-04:00,180.9187506983437,181.80560127555057,180.8399171969993,181.3720245361328,4375300,0.0,0.0,0.0
2021-09-08 00:00:00-04:00,181.3227363579563,182.01252567729767,180.09099119620626,181.57894897460938,3692800,0.0,0.0,0.0
2021-09-09 00:00:00-04:00,181.71690835292378,182.85010791555038,181.27348309085042,181.3424530029297,4357400,0.0,0.0,0.0
2021-09-10 00:00:00-04:00,182.30816013849955,182.47567570159086,180.15015491800273,180.22897338867188,4813600,0.0,0.0,0.0
2021-09-13 00:00:00-04:00,181.03698557025353,181.18478898138486,178.89867768549092,180.67239379882812,5767300,0.0,0.0,0.0
2021-09-14 00:00:00-04:00,181.01727623907843,181.25377673650206,179.32239359742388,180.07130432128906,4230900,0.0,0.0,0.0
2021-09-15 00:00:00-04:00,179.6574449038285,181.5296916955272,178.33700255011107,181.23406982421875,5147300,0.0,0.0,0.0
2021-09-16 00:00:00-04:00,180.859613518284,182.5150869674976,180.5245824159745,182.06179809570312,6085700,0.0,0.0,0.0
2021-09-17 00:00:00-04:00,181.8450083151847,182.8895409184362,181.00743056591347,181.42129516601562,7462500,0.0,0.0,0.0
2021-09-20 00:00:00-04:00,177.98205657733305,178.89983868676308,175.05105071424188,177.2813720703125,8096000,0.275,0.0,0.0
2021-09-21 00:00:00-04:00,178.347198823928,178.98865848477135,176.98531301410898,177.54783630371094,6251800,0.0,0.0,0.0
2021-09-22 00:00:00-04:00,178.65311327682392,180.7946198298882,178.24849287587014,179.9656524658203,6183700,0.0,0.0,0.0
2021-09-23 00:00:00-04:00,180.73540823271696,182.57098741118884,180.73540823271696,181.79136657714844,4137500,0.0,0.0,0.0
2021-09-24 00:00:00-04:00,180.6268778323222,182.63022342568564,180.40976515199694,182.47232055664062,4016500,0.0,0.0,0.0
2021-09-27 00:00:00-04:00,181.74202898536518,183.94274542809097,181.67294083976168,183.44931030273438,4744000,0.0,0.0,0.0
2021-09-28 00:00:00-04:00,182.36373944596855,182.64007695848554,178.94917695273807,179.9163055419922,7470900,0.0,0.0,0.0
2021-09-29 00:00:00-04:00,180.5281586035148,181.89992263872736,179.6597230665566,180.0939483642578,6096100,0.0,0.0,0.0
2021-09-30 00:00:00-04:00,180.12357111503817,180.26173235450298,177.0938720703125,177.0938720703125,8244800,0.0,0.0,0.0
2021-10-01 00:00:00-04:00,177.99193735533345,179.26499348417101,176.1563578975921,178.42616271972656,7759800,0.0,0.0,0.0
2021-10-04 00:00:00-04:00,178.9689371561068,179.4919772169417,176.41293160287196,177.01492309570312,9247000,0.0,0.0,0.0
2021-10-05 00:00:00-04:00,177.62678587494545,179.36367213454778,177.21230216726008,177.7254638671875,5484300,0.0,0.0,0.0
2021-10-06 00:00:00-04:00,176.62018114621827,178.49522871779396,175.8997700339955,178.28799438476562,5136300,0.0,0.0,0.0
2021-10-07 00:00:00-04:00,179.8275083092816,181.74203911169042,179.64000054184731,181.06109619140625,3768900,0.0,0.0,0.0
2021-10-08 00:00:00-04:00,181.13014183812928,181.29792301610888,180.06433532089363,180.2321014404297,3699800,0.0,0.0,0.0
2021-10-11 00:00:00-04:00,180.1630323221158,181.58412790638658,179.49196777312414,179.5018310546875,3318500,0.0,0.0,0.0
2021-10-12 00:00:00-04:00,180.5972588613213,181.6532172750669,180.10382372782044,180.9229278564453,5140900,0.0,0.0,0.0
2021-10-13 00:00:00-04:00,181.47557916167312,182.3045466010029,180.3801525245425,181.8111114501953,5416000,0.0,0.0,0.0
2021-10-14 00:00:00-04:00,182.86706549485532,184.01183863117296,182.66969445097703,183.7157745361328,3757300,0.0,0.0,0.0
2021-10-15 00:00:00-04:00,184.8605526645893,186.6073022614506,184.58421512556276,186.52835083007812,4358700,0.0,0.0,0.0
2021-10-18 00:00:00-04:00,186.13360409061235,188.93631207144628,186.09413590513313,188.8080291748047,3933500,0.0,0.0,0.0
2021-10-19 00:00:00-04:00,189.25210765380706,189.25210765380706,188.07772967429085,188.2751007080078,2904400,0.0,0.0,0.0
2021-10-20 00:00:00-04:00,188.27510886726978,188.97579338454184,187.8112786357894,188.13694763183594,4803400,0.0,0.0,0.0
2021-10-21 00:00:00-04:00,187.82114674658112,191.00873332805634,187.81126840701617,190.90017700195312,3565100,0.0,0.0,0.0
2021-10-22 00:00:00-04:00,190.78177684860063,191.26533366636832,189.3804077474828,190.21925354003906,3688300,0.0,0.0,0.0
2021-10-25 00:00:00-04:00,191.87717388812695,195.76544505023105,191.10741630418647,194.9364776611328,5538400,0.0,0.0,0.0
2021-10-26 00:00:00-04:00,195.78516848475783,198.96289157289743,194.19630694068803,194.966064453125,7515700,0.0,0.0,0.0
2021-10-27 00:00:00-04:00,195.86412926968848,197.24574152257935,195.34108926977663,195.40029907226562,4915500,0.0,0.0,0.0
2021-10-28 00:00:00-04:00,197.03852320046144,198.57803842386005,196.48587825446663,197.99578857421875,4500500,0.0,0.0,0.0
2021-10-29 00:00:00-04:00,195.73583870073958,198.61749797852565,195.19305706006446,198.50894165039062,4254200,0.0,0.0,0.0
2021-11-01 00:00:00-04:00,199.969522627104,202.18998067906523,198.77540300455576,202.15049743652344,5617100,0.0,0.0,0.0
2021-11-02 00:00:00-04:00,200.413619726078,202.01234477259544,199.77214500434832,200.78863525390625,6779400,0.0,0.0,0.0
2021-11-03 00:00:00-04:00,200.73927832866852,204.52885642106833,200.55177057446812,204.4005584716797,6408200,0.0,0.0,0.0
2021-11-04 00:00:00-04:00,205.38743967328247,207.9533084473774,205.1308588192512,207.15394592285156,5800000,0.0,0.0,0.0
2021-11-05 00:00:00-04:00,208.46649474888034,209.90731700360854,208.2888502583907,208.48622131347656,4815600,0.0,0.0,0.0
2021-11-08 00:00:00-05:00,206.26575105170974,208.05199890110853,205.45652525544398,205.5354766845703,5857700,0.0,0.0,0.0
2021-11-09 00:00:00-05:00,206.2756323082719,206.53221316272615,201.15377309193084,201.73602294921875,16551100,0.0,0.0,0.0
2021-11-10 00:00:00-05:00,200.42346917871228,203.8183051416949,198.4300021782529,200.98599243164062,11344800,0.0,0.0,0.0
2021-11-11 00:00:00-05:00,203.12752586020954,203.14726748356608,200.35442258725286,200.4432373046875,6206700,0.0,0.0,0.0
2021-11-12 00:00:00-05:00,200.50243357337172,201.37088424104184,199.20963591210082,201.11428833007812,5167500,0.0,0.0,0.0
2021-11-15 00:00:00-05:00,201.26232365625256,201.6472024561227,199.79188154472547,200.94651794433594,5306000,0.0,0.0,0.0
2021-11-16 00:00:00-05:00,201.20310055496876,204.5781948212242,201.16361731436555,204.11436462402344,5650600,0.0,0.0,0.0
2021-11-17 00:00:00-05:00,204.9828276998965,206.66050412504782,204.58807056204347,205.4170379638672,8273700,0.0,0.0,0.0
2021-11-18 00:00:00-05:00,206.48285527614138,208.09145857963455,205.39730705153346,207.7460479736328,7402000,0.0,0.0,0.0
2021-11-19 00:00:00-05:00,207.74606366601085,209.2066425677985,207.3217166605015,208.6441192626953,7494400,0.0,0.0,0.0
2021-11-22 00:00:00-05:00,209.98624737401548,212.2363103048762,207.2624909467748,208.12106323242188,9215400,0.0,0.0,0.0
2021-11-23 00:00:00-05:00,208.30857834697517,209.45335147391825,203.77884742282492,206.6111602783203,11481400,0.0,0.0,0.0
2021-11-24 00:00:00-05:00,204.4301552263666,207.66708826691993,203.34460704504536,207.03549194335938,8170600,0.0,0.0,0.0
2021-11-26 00:00:00-05:00,203.61108312704894,204.31175259218827,201.0550776608274,201.390625,7664600,0.0,0.0,0.0
2021-11-29 00:00:00-05:00,204.03544056880733,206.14734247102692,203.52226378124155,204.51901245117188,8383800,0.0,0.0,0.0
2021-11-30 00:00:00-05:00,204.05516201018426,205.3479596042664,200.68006762502824,201.75575256347656,13217700,0.0,0.0,0.0
2021-12-01 00:00:00-05:00,204.03541810070146,206.0091585418207,197.97603554880317,198.11419677734375,12970500,0.0,0.0,0.0
2021-12-02 00:00:00-05:00,199.18003285142854,201.88406287268546,197.9365817044862,200.93666076660156,16643900,0.0,0.0,0.0
2021-12-03 00:00:00-05:00,201.6866539443218,202.27878207592374,195.0055536652698,197.02862548828125,14271600,0.0,0.0,0.0
2021-12-06 00:00:00-05:00,197.81813803278507,201.07481286012268,195.06477666890703,199.27870178222656,11663000,0.0,0.0,0.0
2021-12-07 00:00:00-05:00,202.5945837842712,204.57820259272205,202.10114866709554,203.92686462402344,6937800,0.0,0.0,0.0
2021-12-08 00:00:00-05:00,204.0748807475411,204.7854284917434,202.84129300530708,204.44003295898438,5994000,0.0,0.0,0.0
2021-12-09 00:00:00-05:00,203.61109496222792,203.9268856393724,200.8281133865081,200.89720153808594,5878600,0.0,0.0,0.0
2021-12-10 00:00:00-05:00,201.8642976621059,202.36759603119916,199.44646874080263,202.29852294921875,7186400,0.0,0.0,0.0
2021-12-13 00:00:00-05:00,201.1241713022747,201.45970359216724,196.5648202504486,197.08787536621094,7497800,0.0,0.0,0.0
2021-12-14 00:00:00-05:00,194.90686797662465,196.50559291043953,193.77197324975882,195.94308471679688,7685900,0.0,0.0,0.0
2021-12-15 00:00:00-05:00,195.25228453227706,198.5286859242741,192.63706934078564,198.4300079345703,9521100,0.0,0.0,0.0
2021-12-16 00:00:00-05:00,199.39711311522152,199.75238696495973,193.79168293695645,194.04827880859375,9184300,0.0,0.0,0.0
2021-12-17 00:00:00-05:00,192.42982683952374,195.04502686137388,191.10740931940595,192.7258758544922,11740200,0.0,0.0,0.0
2021-12-20 00:00:00-05:00,189.64424274308163,190.03957596004167,187.6873026004414,189.61459350585938,11163400,0.292,0.0,0.0
2021-12-21 00:00:00-05:00,191.64069778988093,194.57609296413867,190.1581755839324,194.5266876220703,6765300,0.0,0.0,0.0
2021-12-22 00:00:00-05:00,195.15922051069714,198.28238901391953,194.8132926467572,198.07484436035156,5745500,0.0,0.0,0.0
2021-12-23 00:00:00-05:00,198.32192929526667,201.35615005787767,198.02542185515287,200.82244873046875,5294300,0.0,0.0,0.0
2021-12-27 00:00:00-05:00,201.19802529418175,203.39214415082915,201.10906250568667,202.7793731689453,4214000,0.0,0.0,0.0
2021-12-28 00:00:00-05:00,203.23401568637613,203.94562749354395,202.5224038792083,202.86831665039062,4153100,0.0,0.0,0.0
2021-12-29 00:00:00-05:00,203.3624920177565,203.7775963945054,201.98868881339902,203.27354431152344,3792300,0.0,0.0,0.0
2021-12-30 00:00:00-05:00,202.58170240180723,204.32118955255737,202.36426462283916,202.5421600341797,3570100,0.0,0.0,0.0
2021-12-31 00:00:00-05:00,202.7002967833026,203.4119085816685,201.9195084639537,202.05787658691406,3442800,0.0,0.0,0.0
2022-01-03 00:00:00-05:00,205.8630144718583,207.87925299575633,204.68689292741175,207.85948181152344,7232700,0.0,0.0,0.0
2022-01-04 00:00:00-05:00,208.20540301019668,209.34199723081028,205.46767469983,206.59439086914062,6584600,0.0,0.0,0.0
2022-01-05 00:00:00-05:00,206.31767294350888,206.95021514594015,200.92128549698904,201.02012634277344,8637800,0.0,0.0,0.0
2022-01-06 00:00:00-05:00,200.74336385666692,201.90960726344522,197.33356625633115,200.49627685546875,8622500,0.0,0.0,0.0
2022-01-07 00:00:00-05:00,200.79279893128512,201.30672907297946,196.51324994840027,197.15567016601562,7502600,0.0,0.0,0.0
2022-01-10 00:00:00-05:00,194.56617851813914,196.04870044678057,190.3360504882284,195.94985961914062,10635700,0.0,0.0,0.0
2022-01-11 00:00:00-05:00,195.663253398201,198.2329642126284,194.16096022602835,197.83761596679688,8443700,0.0,0.0,0.0
2022-01-12 00:00:00-05:00,199.2312053971288,200.16025499419436,197.44229780664907,199.1422576904297,6578400,0.0,0.0,0.0
2022-01-13 00:00:00-05:00,199.7945455273777,200.76313744198112,194.6650319891537,195.13943481445312,8246900,0.0,0.0,0.0
2022-01-14 00:00:00-05:00,193.58772829125152,195.12954884078172,191.4331367748553,194.23016357421875,10357600,0.0,0.0,0.0
2022-01-18 00:00:00-05:00,191.48256218009982,192.4017186543346,189.85177880178753,190.5535125732422,9093300,0.0,0.0,0.0
2022-01-19 00:00:00-05:00,191.38371516805444,192.00637926342065,186.96579819263414,187.1140594482422,8702200,0.0,0.0,0.0
2022-01-20 00:00:00-05:00,188.2605394358319,190.61281270939443,183.37809747188024,183.70425415039062,9046900,0.0,0.0,0.0
2022-01-21 00:00:00-05:00,183.0914874655415,183.86239778523256,178.2386946236691,178.31776428222656,18697200,0.0,0.0,0.0
2022-01-24 00:00:00-05:00,174.62132289567327,180.640373866621,170.04528176676146,180.46246337890625,26616900,0.0,0.0,0.0
2022-01-25 00:00:00-05:00,177.38870659921176,180.13631301522412,174.91783643510027,177.40847778320312,17945100,0.0,0.0,0.0
2022-01-26 00:00:00-05:00,181.15432054514807,182.77521086108817,174.2853041172615,176.5486297607422,21692000,0.0,0.0,0.0
2022-01-27 00:00:00-05:00,178.18925305485368,178.4857604690065,171.8934811642126,172.26905822753906,16861500,0.0,0.0,0.0
2022-01-28 00:00:00-05:00,172.8719777931041,176.02481079101562,169.4819358110533,176.02481079101562,15842900,0.0,0.0,0.0
2022-01-31 00:00:00-05:00,176.9143293438275,182.9333663149129,176.22248861398955,182.7949981689453,11097400,0.0,0.0,0.0
2022-02-01 00:00:00-05:00,183.15077758117582,184.23796648548318,180.2252757530309,183.9019317626953,11183000,0.0,0.0,0.0
2022-02-02 00:00:00-05:00,185.1077083995569,185.3449173719286,181.0653683033999,182.80487060546875,9647100,0.0,0.0,0.0
2022-02-03 00:00:00-05:00,178.54509167533652,181.371768057398,176.83525355628075,177.21083068847656,9583300,0.0,0.0,0.0
2022-02-04 00:00:00-05:00,181.13456542159597,184.42576649356454,178.56485425951374,182.2513885498047,10010800,0.0,0.0,0.0
2022-02-07 00:00:00-05:00,182.8839281915398,184.91004483936294,181.2037394156604,181.87582397460938,9382300,0.0,0.0,0.0
2022-02-08 00:00:00-05:00,181.34208906468928,184.8309563414472,180.4031614692519,184.4356231689453,9159100,0.0,0.0,0.0
2022-02-09 00:00:00-05:00,186.7483714926496,187.9541573876754,186.10595125656002,186.87686157226562,8459400,0.0,0.0,0.0
2022-02-10 00:00:00-05:00,183.575776535835,187.26231062600183,182.47870957139992,183.65484619140625,12973200,0.0,0.0,0.0
2022-02-11 00:00:00-05:00,183.84262369458497,184.5245862929933,177.57650039265113,178.37705993652344,12659600,0.0,0.0,0.0
2022-02-14 00:00:00-05:00,178.14973692858248,181.73744519444944,177.69509018760704,179.39505004882812,15427400,0.0,0.0,0.0
2022-02-15 00:00:00-05:00,182.23160882989245,183.57576271139126,181.85603176446094,183.40774536132812,10361200,0.0,0.0,0.0
2022-02-16 00:00:00-05:00,182.3008113693702,184.44552502301033,181.48048060361913,183.9315948486328,8698800,0.0,0.0,0.0
2022-02-17 00:00:00-05:00,182.75546099053295,183.62519711199863,178.7526479459257,179.00961303710938,9068200,0.0,0.0,0.0
2022-02-18 00:00:00-05:00,179.48401183751932,180.05724043500507,176.13351255265687,177.90264892578125,9495200,0.0,0.0,0.0
2022-02-22 00:00:00-05:00,175.4120228570221,177.1317540418639,170.63829955307816,172.71383666992188,13672800,0.0,0.0,0.0
2022-02-23 00:00:00-05:00,174.0678764563506,174.52252325432062,166.63550900872508,166.94189453125,13567200,0.0,0.0,0.0
2022-02-24 00:00:00-05:00,160.08273500698837,171.023740088077,159.60833216524597,170.75689697265625,20868000,0.0,0.0,0.0
2022-02-25 00:00:00-05:00,171.27085090760215,174.16671894131647,168.9680129002378,174.13706970214844,13669000,0.0,0.0,0.0
2022-02-28 00:00:00-05:00,172.42719964440602,176.1236115324806,172.12079909472095,175.36257934570312,16160900,0.0,0.0,0.0
2022-03-01 00:00:00-05:00,175.10561209979218,175.63932846133716,171.5080260087235,172.7039337158203,13498800,0.0,0.0,0.0
2022-03-02 00:00:00-05:00,173.32659028240892,177.10208701956867,172.9016078657203,176.3311767578125,10131400,0.0,0.0,0.0
2022-03-03 00:00:00-05:00,177.2305764021386,177.53696187921196,171.50803284940244,172.33824157714844,11202000,0.0,0.0,0.0
2022-03-04 00:00:00-05:00,171.35979857440347,171.77490296709703,167.84128174786213,169.6005401611328,10829600,0.0,0.0,0.0
2022-03-07 00:00:00-05:00,170.0156439529406,170.40109910772196,161.21933683668084,161.2885284423828,16073100,0.0,0.0,0.0
2022-03-08 00:00:00-05:00,161.10071901900346,166.75407061068967,159.8257567740606,161.62454223632812,25444200,0.0,0.0,0.0
2022-03-09 00:00:00-05:00,165.9238873765402,167.77209353685978,165.17273315275602,166.82327270507812,15969100,0.0,0.0,0.0
2022-03-10 00:00:00-05:00,166.7837204281868,168.55285666405467,165.37039006580542,168.00927734375,12927400,0.0,0.0,0.0
2022-03-11 00:00:00-05:00,169.34356841253341,169.81798638288123,164.64891469972923,164.77740478515625,12078200,0.0,0.0,0.0
2022-03-14 00:00:00-04:00,164.5896030404414,165.9139858360082,161.0216659012538,162.02978515625,15174600,0.0,0.0,0.0
2022-03-15 00:00:00-04:00,163.2158187261335,167.9302437929515,162.81059235069915,167.45582580566406,13560200,0.0,0.0,0.0
2022-03-16 00:00:00-04:00,169.39296049089924,173.16845703125,167.77207039926537,173.16845703125,16889400,0.0,0.0,0.0
2022-03-17 00:00:00-04:00,171.64640441104888,176.10384869718806,171.1818796200483,176.054443359375,13042800,0.0,0.0,0.0
2022-03-18 00:00:00-04:00,175.5602631145578,179.97817995775532,174.7201612675718,179.7607421875,15064600,0.0,0.0,0.0
2022-03-21 00:00:00-04:00,179.94782069259978,181.03667986189762,176.61197548945873,178.25515747070312,12824000,0.279,0.0,0.0
2022-03-22 00:00:00-04:00,179.4231862860614,183.27376615086015,179.30440714605797,182.6798553466797,8210800,0.0,0.0,0.0
2022-03-23 00:00:00-04:00,181.175256822687,183.47175425807566,180.02700810499266,180.41305541992188,7879000,0.0,0.0,0.0
2022-03-24 00:00:00-04:00,181.2346469630058,182.0265431537025,179.20541769439652,181.81866455078125,7567000,0.0,0.0,0.0
2022-03-25 00:00:00-04:00,182.05624543247583,182.43239953697568,179.83893902809578,181.50192260742188,8203900,0.0,0.0,0.0
2022-03-28 00:00:00-04:00,183.41236509604113,186.39187305696444,183.16489846030544,186.34237670898438,11532800,0.0,0.0,0.0
2022-03-29 00:00:00-04:00,188.80713870991295,190.24244209174873,187.1342619342744,189.58912658691406,9686700,0.0,0.0,0.0
2022-03-30 00:00:00-04:00,188.0746387949585,189.06450531493198,185.77814121862116,186.7086181640625,8148000,0.0,0.0,0.0
2022-03-31 00:00:00-04:00,186.66904466412836,186.66904466412836,182.95704492558977,183.1253204345703,8389000,0.0,0.0,0.0
2022-04-01 00:00:00-04:00,184.12506096496642,184.58040619767635,182.34331336051505,183.35296630859375,4989400,0.0,0.0,0.0
2022-04-04 00:00:00-04:00,183.43216786107516,187.53021477161283,182.2047430064283,187.4708251953125,7712100,0.0,0.0,0.0
2022-04-05 00:00:00-04:00,186.5205368456748,187.4807085564375,182.54128440132564,183.0758056640625,8109900,0.0,0.0,0.0
2022-04-06 00:00:00-04:00,180.5912524275667,180.5912524275667,176.75056545192808,178.4036407470703,13922400,0.0,0.0,0.0
2022-04-07 00:00:00-04:00,178.0175779103408,180.28438052856956,175.6122096980901,179.31430053710938,11269200,0.0,0.0,0.0
2022-04-08 00:00:00-04:00,178.21556246118922,179.79935494237532,177.0772219994498,177.66123962402344,9297500,0.0,0.0,0.0
2022-04-11 00:00:00-04:00,174.98859569334002,177.72062174949764,174.1769130312739,174.36497497558594,9296900,0.0,0.0,0.0
2022-04-12 00:00:00-04:00,176.8000532095656,178.6412054729116,174.0581188212991,174.7510223388672,11648700,0.0,0.0,0.0
2022-04-13 00:00:00-04:00,174.39467638459703,179.40341366734464,174.2165076608519,179.09654235839844,8410100,0.0,0.0,0.0
2022-04-14 00:00:00-04:00,178.76000385214928,179.74987044208865,176.46352121765602,176.59219360351562,8919700,0.0,0.0,0.0
2022-04-18 00:00:00-04:00,176.00815503725303,178.1462702425935,175.31525152741963,177.126708984375,7692800,0.0,0.0,0.0
2022-04-19 00:00:00-04:00,177.22568266723175,182.52147421953657,177.07720874130908,182.2641143798828,8735000,0.0,0.0,0.0
2022-04-20 00:00:00-04:00,182.62046763375545,183.1054925298106,179.6310667119088,179.91812133789062,6938300,0.0,0.0,0.0
2022-04-21 00:00:00-04:00,184.8377614602602,185.9761169616961,177.61173321834457,178.17596435546875,11723300,0.0,0.0,0.0
2022-04-22 00:00:00-04:00,177.78993294286968,178.45314172369393,173.86016150245226,174.03834533691406,11153700,0.0,0.0,0.0
2022-04-25 00:00:00-04:00,172.51393346726354,175.44394497102422,171.48447894679663,175.2954559326172,12904800,0.0,0.0,0.0
2022-04-26 00:00:00-04:00,173.9987267189257,174.26599489473142,166.3569563696298,166.42625427246094,14598300,0.0,0.0,0.0
2022-04-27 00:00:00-04:00,167.48540776139183,169.9897687828402,165.40669718652222,166.446044921875,12551500,0.0,0.0,0.0
2022-04-28 00:00:00-04:00,168.72274369359252,171.57356407716003,164.515811023975,169.86109924316406,6992800,0.0,0.0,0.0
2022-04-29 00:00:00-04:00,166.15900837633103,167.64380827897756,160.91271236614682,161.22947692871094,9418300,0.0,0.0,0.0
2022-05-02 00:00:00-04:00,160.73452198996043,163.70412139548995,158.51721566299946,163.5853271484375,16774100,0.0,0.0,0.0
2022-05-03 00:00:00-04:00,163.5061470595327,164.2287605053386,161.77388062266576,163.17950439453125,12034400,0.0,0.0,0.0
2022-05-04 00:00:00-04:00,162.92213348666965,168.1387344870765,160.23960356738118,167.970458984375,9348300,0.0,0.0,0.0
2022-05-05 00:00:00-04:00,165.7234314094809,165.83231731799825,156.67605308849568,158.55679321289062,11388400,0.0,0.0,0.0
2022-05-06 00:00:00-04:00,157.6758257286208,159.22992335986052,153.7955509204421,156.54737854003906,12772700,0.0,0.0,0.0
2022-05-09 00:00:00-04:00,153.1323407033114,155.27045591489215,149.04420243128098,149.8756866455078,11047700,0.0,0.0,0.0
2022-05-10 00:00:00-04:00,153.03336549701498,153.93413252434692,147.331724844174,149.4302520751953,12723500,0.0,0.0,0.0
2022-05-11 00:00:00-04:00,149.09368858295352,150.6081831316707,143.66922434895892,144.0750732421875,12856800,0.0,0.0,0.0
2022-05-12 00:00:00-04:00,141.56080547003066,148.47008464888583,140.59074051040307,145.06494140625,11800600,0.0,0.0,0.0
2022-05-13 00:00:00-04:00,148.35127395370642,151.47925543262585,147.2129336244828,150.77645874023438,6286700,0.0,0.0,0.0
2022-05-16 00:00:00-04:00,150.1726560295116,150.28154195061313,147.1535601300272,147.51980590820312,5865100,0.0,0.0,0.0
2022-05-17 00:00:00-04:00,150.45969613247252,151.31098185949384,147.44060052477124,151.24168395996094,5605000,0.0,0.0,0.0
2022-05-18 00:00:00-04:00,147.12387504023806,147.12387504023806,140.27400009951322,141.3529510498047,7380800,0.0,0.0,0.0
2022-05-19 00:00:00-04:00,140.471961368296,143.79791347706038,139.62067555759546,141.45191955566406,7706900,0.0,0.0,0.0
2022-05-20 00:00:00-04:00,142.61008259413975,142.80805288536914,134.94850997982596,138.98716735839844,7812300,0.0,0.0,0.0
2022-05-23 00:00:00-04:00,139.54149496561624,140.3927808406296,136.43331446459828,140.0265350341797,6803500,0.0,0.0,0.0
2022-05-24 00:00:00-04:00,137.73003213878823,138.0962779315507,134.6218517539303,136.4234161376953,7436000,0.0,0.0,0.0
2022-05-25 00:00:00-04:00,135.5424111026702,141.47171680988725,135.47312830259835,140.27398681640625,6477500,0.0,0.0,0.0
2022-05-26 00:00:00-04:00,142.24381973580384,148.1830190158304,142.14484214363563,147.153564453125,8023000,0.0,0.0,0.0
2022-05-27 00:00:00-04:00,148.79673065119206,152.24146163647657,148.79673065119206,152.2018585205078,7624400,0.0,0.0,0.0
2022-05-31 00:00:00-04:00,152.36025608415102,154.508264664295,150.03407877673607,152.97396850585938,7072700,0.0,0.0,0.0
2022-06-01 00:00:00-04:00,153.79554076244216,154.854705081292,150.41019942029442,151.38026428222656,6116400,0.0,0.0,0.0
2022-06-02 00:00:00-04:00,151.52876902220348,156.10194752117312,150.90514827992052,156.0128631591797,5812800,0.0,0.0,0.0
2022-06-03 00:00:00-04:00,152.82549888680816,153.92425138186786,150.93485011621775,151.4495849609375,5357100,0.0,0.0,0.0
2022-06-06 00:00:00-04:00,154.14200907658756,154.92399694793966,152.03358864629018,152.9640655517578,5117400,0.0,0.0,0.0
2022-06-07 00:00:00-04:00,149.84597173180532,153.03334256236764,148.98477774316802,152.587890625,4818600,0.0,0.0,0.0
2022-06-08 00:00:00-04:00,151.80592819541982,153.914348689742,151.2911933823503,151.68714904785156,4405100,0.0,0.0,0.0
2022-06-09 00:00:00-04:00,151.77622433486553,153.40949793294394,148.93531246149206,148.94520568847656,3864200,0.0,0.0,0.0
2022-06-10 00:00:00-04:00,145.86672549370485,146.78729407261002,142.56057506651186,143.00601196289062,6719500,0.0,0.0,0.0
2022-06-13 00:00:00-04:00,138.03688395483863,139.5216837430316,135.37414058467962,136.4036102294922,10085900,0.0,0.0,0.0
2022-06-14 00:00:00-04:00,137.09651297501279,138.10618105424751,135.08708514840532,136.2947235107422,6677700,0.0,0.0,0.0
2022-06-15 00:00:00-04:00,137.25489664532142,141.69938769740156,137.0173232406732,140.12550354003906,9060400,0.0,0.0,0.0
2022-06-16 00:00:00-04:00,136.16604899920577,136.32443128243864,131.6918476749554,133.2657470703125,12009700,0.0,0.0,0.0
2022-06-17 00:00:00-04:00,133.2855219056852,135.88887570672324,132.81039020158184,134.72084045410156,11195000,0.0,0.0,0.0
2022-06-21 00:00:00-04:00,137.38377251370045,140.12211622803213,137.13573364011307,138.57435607910156,6428300,0.314,0.0,0.0
2022-06-22 00:00:00-04:00,136.60991039664734,141.1142902718958,136.60991039664734,138.30648803710938,6010900,0.0,0.0,0.0
2022-06-23 00:00:00-04:00,139.28871024926693,140.85631775831942,137.38377350308824,140.4792938232422,5888700,0.0,0.0,0.0
2022-06-24 00:00:00-04:00,141.4813824753845,145.886540244548,140.81662495802422,145.83694458007812,6702300,0.0,0.0,0.0
2022-06-27 00:00:00-04:00,146.55130221686963,147.3053349810156,143.84270667880455,144.30902099609375,7287100,0.0,0.0,0.0
2022-06-28 00:00:00-04:00,144.6463520632721,146.36279207785265,138.49499063473738,138.5446014404297,5683900,0.0,0.0,0.0
2022-06-29 00:00:00-04:00,138.47515002004744,139.38793126084033,136.94722207636806,138.43545532226562,5959600,0.0,0.0,0.0
2022-06-30 00:00:00-04:00,136.62972641690357,138.117959512783,133.7028558837354,136.40151977539062,6284600,0.0,0.0,0.0
2022-07-01 00:00:00-04:00,136.61980541176047,139.09027798612192,136.09396422293875,138.91168212890625,5667700,0.0,0.0,0.0
2022-07-05 00:00:00-04:00,136.91747173995287,142.1064412488326,135.9550796042765,142.01715087890625,5757900,0.0,0.0,0.0
2022-07-06 00:00:00-04:00,141.76910245313536,143.01921296536867,139.9435399193398,141.5508270263672,7944900,0.0,0.0,0.0
2022-07-07 00:00:00-04:00,141.9179327820007,145.47978295242842,141.8981005698096,145.2019805908203,4279500,0.0,0.0,0.0
2022-07-08 00:00:00-04:00,144.00145468077238,146.29333155927165,143.33671228469063,145.2218017578125,3098300,0.0,0.0,0.0
2022-07-11 00:00:00-04:00,144.29909632929667,144.69595246812398,140.89599513944202,141.24325561523438,3807600,0.0,0.0,0.0
2022-07-12 00:00:00-04:00,141.24325370174986,143.45575616696632,139.48713427609286,140.38999938964844,7437200,0.0,0.0,0.0
2022-07-13 00:00:00-04:00,137.61196632924825,142.7910193070943,137.05636166541814,141.54090881347656,7118100,0.0,0.0,0.0
2022-07-14 00:00:00-04:00,139.98322197243863,141.65996726288984,138.27671322681547,141.42184448242188,5257600,0.0,0.0,0.0
2022-07-15 00:00:00-04:00,143.19780254094616,144.35862263825354,142.31478476748543,143.70379638671875,3759800,0.0,0.0,0.0
2022-07-18 00:00:00-04:00,145.66827391300973,147.40454599195627,143.56489401421825,144.12049865722656,4021300,0.0,0.0,0.0
2022-07-19 00:00:00-04:00,146.2338058714969,148.76380555116762,144.99361143431443,148.53561401367188,4420000,0.0,0.0,0.0
2022-07-20 00:00:00-04:00,148.82332744687878,151.26403667820796,148.44630350617066,150.97630310058594,4670200,0.0,0.0,0.0
2022-07-21 00:00:00-04:00,151.52199244347486,154.52822246227163,150.65882198434267,154.4290008544922,5381600,0.0,0.0,0.0
2022-07-22 00:00:00-04:00,155.41122972119828,156.56213368131043,152.59351186499885,153.5360565185547,3897300,0.0,0.0,0.0
2022-07-25 00:00:00-04:00,153.66504535907112,153.74441961404438,151.283863127147,152.21649169921875,4561700,0.0,0.0,0.0
2022-07-26 00:00:00-04:00,148.74395294543766,149.41862656775365,147.04737549321135,147.31524658203125,4098200,0.0,0.0,0.0
2022-07-27 00:00:00-04:00,149.5475998619353,153.68488663477967,148.83324666412557,152.89117431640625,5201300,0.0,0.0,0.0
2022-07-28 00:00:00-04:00,153.78411349307217,155.77834074055417,151.37318272249362,155.5203857421875,5537300,0.0,0.0,0.0
2022-07-29 00:00:00-04:00,159.0722997455047,162.1975836448093,158.0007699442623,161.5526885986328,6802700,0.0,0.0,0.0
2022-08-01 00:00:00-04:00,161.5824583597262,164.6879101695467,160.7887308679304,162.35633850097656,8960900,0.0,0.0,0.0
2022-08-02 00:00:00-04:00,161.34433892289192,164.0826980695306,160.70935994408018,161.24513244628906,6907700,0.0,0.0,0.0
2022-08-03 00:00:00-04:00,163.0111500464563,165.92808960951916,162.38608724320244,165.17404174804688,6013800,0.0,0.0,0.0
2022-08-04 00:00:00-04:00,165.5808381294137,166.54323021820258,164.62836214599145,165.84872436523438,4913800,0.0,0.0,0.0
2022-08-05 00:00:00-04:00,163.99339591601225,165.43203367758008,162.1777644521823,163.02108764648438,4394100,0.0,0.0,0.0
2022-08-08 00:00:00-04:00,164.7176563047248,167.25757190010904,163.13020148806413,163.75526428222656,3647000,0.0,0.0,0.0
2022-08-09 00:00:00-04:00,162.76310753943875,163.28894872630696,160.19342851091815,161.14588928222656,3319700,0.0,0.0,0.0
2022-08-10 00:00:00-04:00,165.84873571389906,166.3844930831089,163.8445771389716,165.6899871826172,3623400,0.0,0.0,0.0
2022-08-11 00:00:00-04:00,167.14844198874795,167.92232208471708,164.33072393988127,164.8466339111328,3911000,0.0,0.0,0.0
2022-08-12 00:00:00-04:00,166.03723272251415,168.62675924143636,164.60852634806164,168.5771484375,2948900,0.0,0.0,0.0
2022-08-15 00:00:00-04:00,168.15050599665327,170.2737181117893,167.9421618243822,169.7379608154297,3857400,0.0,0.0,0.0
2022-08-16 00:00:00-04:00,170.00585680038603,173.3890956654937,169.49984778904545,171.61314392089844,3612300,0.0,0.0,0.0
2022-08-17 00:00:00-04:00,169.72806640872864,171.53378173531516,168.6565365399341,169.7677459716797,3747700,0.0,0.0,0.0
2022-08-18 00:00:00-04:00,169.56930711416294,170.1050644450028,168.62676237820662,169.71812438964844,2834500,0.0,0.0,0.0
2022-08-19 00:00:00-04:00,168.22987945123657,168.44815486625728,165.66020041150955,166.21580505371094,3574800,0.0,0.0,0.0
2022-08-22 00:00:00-04:00,163.6957591178786,163.6957591178786,161.2550496624307,161.60231018066406,4184700,0.0,0.0,0.0
2022-08-23 00:00:00-04:00,161.73125692375547,163.2591848179748,161.20541573835413,162.0586700439453,4393500,0.0,0.0,0.0
2022-08-24 00:00:00-04:00,161.7312700857727,164.38032357661314,161.3344139230528,162.75318908691406,3332000,0.0,0.0,0.0
2022-08-25 00:00:00-04:00,163.76520151054171,164.8962582930998,162.53493825107788,164.6978302001953,3045000,0.0,0.0,0.0
2022-08-26 00:00:00-04:00,164.99546314607392,165.54115170044088,158.38770386393918,158.42738342285156,3946900,0.0,0.0,0.0
2022-08-29 00:00:00-04:00,156.2248124716641,158.90362930722856,156.2248124716641,157.5840606689453,3525700,0.0,0.0,0.0
2022-08-30 00:00:00-04:00,158.9135461345353,159.27072272350685,154.26033437288342,155.82794189453125,3667200,0.0,0.0,0.0
2022-08-31 00:00:00-04:00,156.63158774001909,157.1078332917176,154.25042053789394,154.29010009765625,4431400,0.0,0.0,0.0
2022-09-01 00:00:00-04:00,153.2781276067348,155.82795968484072,151.73035211842642,155.698974609375,5971900,0.0,0.0,0.0
2022-09-02 00:00:00-04:00,157.25664626764186,157.94123598279663,153.38724588514717,154.270263671875,8241300,0.0,0.0,0.0
2022-09-06 00:00:00-04:00,154.9449295925093,155.31202229952316,151.65098105657353,153.95277404785156,8961000,0.0,0.0,0.0
2022-09-07 00:00:00-04:00,153.7840959007256,158.89369045082304,153.7840959007256,158.6754150390625,6316600,0.0,0.0,0.0
2022-09-08 00:00:00-04:00,157.04828087008542,160.27278611031966,156.55220314081862,160.1537322998047,4695700,0.0,0.0,0.0
2022-09-09 00:00:00-04:00,160.91771346004265,163.45762928340557,160.91771346004265,163.1897430419922,4475400,0.0,0.0,0.0
2022-09-12 00:00:00-04:00,164.09259130848744,165.87847416849192,164.09259130848744,165.29310607910156,4395800,0.0,0.0,0.0
2022-09-13 00:00:00-04:00,160.02476153720679,160.80857289733999,156.33395682980628,156.77049255371094,6675400,0.0,0.0,0.0
2022-09-14 00:00:00-04:00,157.31617524139045,159.44931867131893,156.52244780558198,158.78456115722656,7462400,0.0,0.0,0.0
2022-09-15 00:00:00-04:00,158.5762237934489,161.16575039137533,157.1971281808577,157.97100830078125,5682000,0.0,0.0,0.0
2022-09-16 00:00:00-04:00,155.58984043450582,156.96893604181778,154.4686998198168,156.7010498046875,8682100,0.0,0.0,0.0
2022-09-19 00:00:00-04:00,155.35881186969044,158.94799288459532,155.25939769216157,158.9181671142578,5014300,0.33,0.0,0.0
2022-09-20 00:00:00-04:00,157.27770033419304,157.87423095448378,154.91142124590775,156.22381591796875,4571000,0.0,0.0,0.0
2022-09-21 00:00:00-04:00,156.6612809437442,158.11285244141402,152.49544278218673,152.5252685546875,5111200,0.0,0.0,0.0
2022-09-22 00:00:00-04:00,151.74976871656102,152.29658466172214,148.2401278779898,149.00567626953125,5669400,0.0,0.0,0.0
2022-09-23 00:00:00-04:00,147.02716346529633,147.26576964770408,143.7163661472803,145.57557678222656,5606500,0.0,0.0,0.0
2022-09-26 00:00:00-04:00,144.97903510626466,148.40913525406953,144.95914620231653,145.24746704101562,6419800,0.0,0.0,0.0
2022-09-27 00:00:00-04:00,147.385090006419,148.87643935084293,144.13394418775366,145.704833984375,7281700,0.0,0.0,0.0
2022-09-28 00:00:00-04:00,146.32124890450305,150.4274354911272,145.58551112300455,149.64198303222656,6930700,0.0,0.0,0.0
2022-09-29 00:00:00-04:00,147.2757134574552,147.47455698861546,143.08004971558154,144.4719696044922,6156800,0.0,0.0,0.0
2022-09-30 00:00:00-04:00,142.78177747009366,145.6948723830133,141.21088777658207,141.6284637451172,6116200,0.0,0.0,0.0
2022-10-03 00:00:00-04:00,141.49922248002832,143.0800490256951,139.3914385816837,141.7676544189453,8645800,0.0,0.0,0.0
2022-10-04 00:00:00-04:00,145.28725063871047,148.1506309190159,144.86967466389072,146.7189483642578,9831900,0.0,0.0,0.0
2022-10-05 00:00:00-04:00,144.39243460598695,146.81836522172676,142.851370632468,145.8539581298828,6270600,0.0,0.0,0.0
2022-10-06 00:00:00-04:00,145.5457472854212,146.97744502639495,144.19358999347818,144.81996154785156,7214500,0.0,0.0,0.0
2022-10-07 00:00:00-04:00,142.67242177442856,142.99058358580027,139.02358883595366,139.83885192871094,5597700,0.0,0.0,0.0
2022-10-10 00:00:00-04:00,140.0476349552415,140.4453220130041,137.601815554714,138.97386169433594,4864200,0.0,0.0,0.0
2022-10-11 00:00:00-04:00,138.28785589010184,140.6541351403548,136.92576161787588,137.8404541015625,6001700,0.0,0.0,0.0
2022-10-12 00:00:00-04:00,137.85037669676134,139.26220067472553,136.73684077466027,138.1983642578125,9720000,0.0,0.0,0.0
2022-10-13 00:00:00-04:00,134.06235927993694,140.49504729349923,132.77980552666568,139.70960998535156,9782100,0.0,0.0,0.0
2022-10-14 00:00:00-04:00,141.1015258835071,141.8372636625009,134.27115097965853,134.48988342285156,6710700,0.0,0.0,0.0
2022-10-17 00:00:00-04:00,137.36321534086915,140.32602501072066,137.3035637966987,139.94821166992188,6565500,0.0,0.0,0.0
2022-10-18 00:00:00-04:00,144.31288142821353,144.73047254460113,140.49503120777197,141.87701416015625,5184000,0.0,0.0,0.0
2022-10-19 00:00:00-04:00,140.72371988001044,141.6384275105853,138.80485763922977,140.28627014160156,3572400,0.0,0.0,0.0
2022-10-20 00:00:00-04:00,138.37731712670325,140.96232853675306,137.11465236351648,137.57199096679688,5097600,0.0,0.0,0.0
2022-10-21 00:00:00-04:00,137.41292774648574,141.7080057344439,136.65730107737875,141.57875061035156,7787900,0.0,0.0,0.0
2022-10-24 00:00:00-04:00,140.93250531187036,142.77184213734273,138.41709743601652,142.1653594970703,4540600,0.0,0.0,0.0
2022-10-25 00:00:00-04:00,142.2349491718014,146.12240325842615,142.2349491718014,145.72471618652344,3727500,0.0,0.0,0.0
2022-10-26 00:00:00-04:00,143.9649351273515,147.46463938185835,143.56723284229903,144.55152893066406,3432300,0.0,0.0,0.0
2022-10-27 00:00:00-04:00,145.25743099202992,146.18206029580747,143.48769766521255,143.9947509765625,6361100,0.0,0.0,0.0
2022-10-28 00:00:00-04:00,140.12718766402764,144.32285172499382,139.12300272349543,144.12400817871094,7041300,0.0,0.0,0.0
2022-10-31 00:00:00-04:00,143.35843697598798,144.28306624391033,141.98639078922395,143.19935607910156,4683700,0.0,0.0,0.0
2022-11-01 00:00:00-04:00,145.6352264652289,146.05280244989171,141.4693883150211,141.74778747558594,6257300,0.0,0.0,0.0
2022-11-02 00:00:00-04:00,141.60857743912052,142.43379252450686,136.34909234164536,136.38885498046875,9926600,0.0,0.0,0.0
2022-11-03 00:00:00-04:00,135.41451224136028,137.13453083808142,134.67878963565906,135.57359313964844,5558700,0.0,0.0,0.0
2022-11-04 00:00:00-04:00,138.78495899328794,140.14706830511886,134.13195656734774,136.70701599121094,6314400,0.0,0.0,0.0
2022-11-07 00:00:00-05:00,137.53223353528702,137.65153662400004,134.42027982451276,135.75254821777344,3712300,0.0,0.0,0.0
2022-11-08 00:00:00-05:00,135.9116367221808,137.03512477306387,133.54537269581576,135.41452026367188,4767800,0.0,0.0,0.0
2022-11-09 00:00:00-05:00,134.69866696859353,135.32503854059453,131.13931142094518,131.27850341796875,5077700,0.0,0.0,0.0
2022-11-10 00:00:00-05:00,137.8603243264749,141.03192940046705,136.4087377566156,140.8728485107422,7758000,0.0,0.0,0.0
2022-11-11 00:00:00-05:00,141.0816297698263,145.04862414599793,140.65411694320446,144.25323486328125,5675200,0.0,0.0,0.0
2022-11-14 00:00:00-05:00,143.00050228400744,144.26318215992146,141.8173628508301,141.96649169921875,7920500,0.0,0.0,0.0
2022-11-15 00:00:00-05:00,145.33695605043735,146.11247165894787,142.31449475096085,143.9052734375,4369700,0.0,0.0,0.0
2022-11-16 00:00:00-05:00,141.2606060612669,142.88121047189122,140.674012316966,141.7080078125,4786800,0.0,0.0,0.0
2022-11-17 00:00:00-05:00,139.65989266493764,140.58452195339845,138.67559666072705,139.9879913330078,3782500,0.0,0.0,0.0
2022-11-18 00:00:00-05:00,141.7974843727986,141.8471990495127,138.55629073961518,140.17689514160156,3707000,0.0,0.0,0.0
2022-11-21 00:00:00-05:00,139.3914421823956,139.78914442386076,137.40297648743763,138.14865112304688,3376400,0.0,0.0,0.0
2022-11-22 00:00:00-05:00,138.69548818947825,139.77919839885809,137.74101793969342,139.70960998535156,2760400,0.0,0.0,0.0
2022-11-23 00:00:00-05:00,140.20671502992394,142.02616289162725,139.9183790195552,141.72789001464844,3088500,0.0,0.0,0.0
2022-11-25 00:00:00-05:00,141.79748204437823,142.2051211476352,141.06175945593202,141.80743408203125,1364200,0.0,0.0,0.0
2022-11-28 00:00:00-05:00,141.04187659932566,142.5133370101038,140.62430061129902,140.93251037597656,3020500,0.0,0.0,0.0
2022-11-29 00:00:00-05:00,141.06176430638163,141.5787544752858,139.9482131769804,140.485107421875,5211500,0.0,0.0,0.0
2022-11-30 00:00:00-05:00,140.55469048473057,145.37672578411366,139.64995013818563,145.32701110839844,8204300,0.0,0.0,0.0
2022-12-01 00:00:00-05:00,145.86389674358009,146.4703793416988,144.20351466304123,145.30711364746094,4827000,0.0,0.0,0.0
2022-12-02 00:00:00-05:00,143.2589994591709,145.555674782982,143.22917368905297,145.11822509765625,5986200,0.0,0.0,0.0
2022-12-05 00:00:00-05:00,143.1894232555682,143.63682501625462,140.55469702789972,140.93251037597656,5790000,0.0,0.0,0.0
2022-12-06 00:00:00-05:00,140.52486690916353,141.13134955247165,137.53223150213233,138.73524475097656,3949900,0.0,0.0,0.0
2022-12-07 00:00:00-05:00,137.79073448177002,139.37156115765166,137.36322161516148,137.9001007080078,5426300,0.0,0.0,0.0
2022-12-08 00:00:00-05:00,138.12876177584536,139.7593182044459,137.47257962841087,139.23236083984375,3203500,0.0,0.0,0.0
2022-12-09 00:00:00-05:00,138.3872788247155,140.00788329520094,138.16854637455955,138.62588500976562,3609200,0.0,0.0,0.0
2022-12-12 00:00:00-05:00,138.3375532994425,138.97386169433594,137.43279779662547,138.97386169433594,3272800,0.0,0.0,0.0
2022-12-13 00:00:00-05:00,143.58710135001058,144.48191998615962,137.472575604875,138.97386169433594,5372000,0.0,0.0,0.0
2022-12-14 00:00:00-05:00,138.68555505887093,139.82891684514647,136.3888642770533,137.93988037109375,5451900,0.0,0.0,0.0
2022-12-15 00:00:00-05:00,135.8022593616597,136.45845667408733,134.66883453600707,135.6730194091797,5973900,0.0,0.0,0.0
2022-12-16 00:00:00-05:00,134.8975070680737,135.42446444062992,132.44176586272485,133.13772583007812,6685900,0.0,0.0,0.0
2022-12-19 00:00:00-05:00,133.11380494529578,133.39295190230297,130.48183705610776,131.000244140625,4337900,0.366,0.0,0.0
2022-12-20 00:00:00-05:00,130.19271009545398,131.27939040178404,129.2954541973108,129.4748992919922,3855100,0.0,0.0,0.0
2022-12-21 00:00:00-05:00,131.05008997438122,132.2663796164795,130.55161111163167,131.53860473632812,5335100,0.0,0.0,0.0
2022-12-22 00:00:00-05:00,130.05313390571882,130.14285645118855,126.24475565004212,128.15892028808594,6447100,0.0,0.0,0.0
2022-12-23 00:00:00-05:00,127.81994999907322,129.3951297361503,126.95258647881242,129.03622436523438,3275400,0.0,0.0,0.0
2022-12-27 00:00:00-05:00,128.4380635171041,128.67733884379302,126.86286851089535,126.942626953125,4268000,0.0,0.0,0.0
2022-12-28 00:00:00-05:00,127.00244450545706,128.2386775660314,125.61667387046019,125.87588500976562,5036900,0.0,0.0,0.0
2022-12-29 00:00:00-05:00,127.68037579269433,129.4051082981962,127.18188935270618,129.11598205566406,3746100,0.0,0.0,0.0
2022-12-30 00:00:00-05:00,127.83988076091022,128.7969668399835,127.29155859326885,128.76705932617188,3765500,0.0,0.0,0.0
2023-01-03 00:00:00-05:00,129.53470542779687,129.90359011770022,126.44414571459393,127.99939727783203,4783500,0.0,0.0,0.0
2023-01-04 00:00:00-05:00,129.1957487531843,130.81083062236266,127.57071038932877,129.85374450683594,4039800,0.0,0.0,0.0
2023-01-05 00:00:00-05:00,128.94650551417953,129.50479939327084,127.78006682842792,128.6474151611328,3888100,0.0,0.0,0.0
2023-01-06 00:00:00-05:00,128.28851162857356,132.17665584947392,127.38128406197713,131.668212890625,4619700,0.0,0.0,0.0
2023-01-09 00:00:00-05:00,133.26334379764216,134.61920697849757,132.36608788617437,132.4657745361328,4693900,0.0,0.0,0.0
2023-01-10 00:00:00-05:00,132.53556822557317,134.15063494316053,131.81775741500803,134.1306915283203,4415400,0.0,0.0,0.0
2023-01-11 00:00:00-05:00,135.27719811323573,137.7596131487946,135.1575680524477,137.74964904785156,6354000,0.0,0.0,0.0
2023-01-12 00:00:00-05:00,138.607031104964,138.76654799171956,135.76569550755514,137.97894287109375,4786100,0.0,0.0,0.0
2023-01-13 00:00:00-05:00,135.84545682062995,139.40460327125717,135.65604762752005,139.27499389648438,3984700,0.0,0.0,0.0
2023-01-17 00:00:00-05:00,139.68374928904063,140.49128262289594,138.97590260157133,139.37469482421875,3749900,0.0,0.0,0.0
2023-01-18 00:00:00-05:00,140.79037503521565,141.59790838082014,137.50041140925424,137.5602264404297,4798400,0.0,0.0,0.0
2023-01-19 00:00:00-05:00,136.5532957861695,136.98198029021088,134.57932382275882,135.27719116210938,6478600,0.0,0.0,0.0
2023-01-20 00:00:00-05:00,135.57628094294694,138.6369331228326,134.90832112005575,138.5571746826172,3751300,0.0,0.0,0.0
2023-01-23 00:00:00-05:00,138.92606926530928,141.24896744792835,138.11852070524736,140.7205810546875,4584000,0.0,0.0,0.0
2023-01-24 00:00:00-05:00,140.2320830442879,141.22904081048523,139.32484782607992,140.5610809326172,3186500,0.0,0.0,0.0
2023-01-25 00:00:00-05:00,138.42758520619543,141.46829407569504,137.38077655999624,141.2788848876953,3770200,0.0,0.0,0.0
2023-01-26 00:00:00-05:00,143.78124629449735,144.5887796288778,142.3555888177033,144.17005920410156,4820600,0.0,0.0,0.0
2023-01-27 00:00:00-05:00,144.289688643606,148.57660994409932,144.25978112856274,147.44007873535156,5472600,0.0,0.0,0.0
2023-01-30 00:00:00-05:00,146.33344836739047,147.3004985426633,144.8081043202832,144.927734375,4789200,0.0,0.0,0.0
2023-01-31 00:00:00-05:00,145.08725034154665,148.24760437011716,145.08725034154665,148.2476043701172,3487800,0.0,0.0,0.0
2023-02-01 00:00:00-05:00,147.85879531708204,152.2454183620041,146.33345124003108,151.0590362548828,6956900,0.0,0.0,0.0
2023-02-02 00:00:00-05:00,154.33902225719586,157.54922733379112,153.63119079465582,155.68492126464844,7019800,0.0,0.0,0.0
2023-02-03 00:00:00-05:00,151.01915104385074,154.4785955464389,150.22158182602305,150.88955688476562,6796900,0.0,0.0,0.0
2023-02-06 00:00:00-05:00,150.3212857592968,151.58742633962385,149.41405057133147,150.67022705078125,4385000,0.0,0.0,0.0
2023-02-07 00:00:00-05:00,150.012227968766,151.39799857835445,147.21077923525297,151.01914978027344,4916600,0.0,0.0,0.0
2023-02-08 00:00:00-05:00,150.52066788515546,150.8895525751308,148.6962334856573,149.7330780029297,5564000,0.0,0.0,0.0
2023-02-09 00:00:00-05:00,151.72699607396174,152.72395378235248,148.71617953515891,149.4539337158203,4158100,0.0,0.0,0.0
2023-02-10 00:00:00-05:00,148.14792292799353,148.85575438860045,146.5029335664477,147.69927978515625,3216500,0.0,0.0,0.0
2023-02-13 00:00:00-05:00,147.68931049862826,149.93246528458093,146.69235281598264,149.86268615722656,3360700,0.0,0.0,0.0
2023-02-14 00:00:00-05:00,148.80589649736046,152.0659523410009,147.87873316526432,151.65719604492188,4361300,0.0,0.0,0.0
2023-02-15 00:00:00-05:00,151.2285250817309,153.46170072870777,150.64032365416955,153.43179321289062,3410100,0.0,0.0,0.0
2023-02-16 00:00:00-05:00,151.0789737611369,153.22244209389868,150.0521084751026,150.08201599121094,5628800,0.0,0.0,0.0
2023-02-17 00:00:00-05:00,149.22463145889193,150.18171760991277,147.58962132735618,150.1119384765625,3740100,0.0,0.0,0.0
2023-02-21 00:00:00-05:00,147.86877008499928,148.26754707120426,145.05734213144345,145.0972137451172,4418600,0.0,0.0,0.0
2023-02-22 00:00:00-05:00,145.42621987414603,146.79206231492057,144.77820343162097,145.83497619628906,4964200,0.0,0.0,0.0
2023-02-23 00:00:00-05:00,146.34342032338353,146.53284472843123,143.25286044915455,145.71534729003906,5284300,0.0,0.0,0.0
2023-02-24 00:00:00-05:00,143.01357646301923,143.7014796976866,142.2459147882952,143.42233276367188,5957300,0.0,0.0,0.0
2023-02-27 00:00:00-05:00,145.04737710706908,146.2835948838491,144.598733984988,145.19691467285156,5622200,0.0,0.0,0.0
2023-02-28 00:00:00-05:00,145.1071930578108,146.16396576238418,144.52895577915675,145.0972137451172,5592500,0.0,0.0,0.0
2023-03-01 00:00:00-05:00,144.57880877358383,145.05734420634818,142.4353406080629,143.27279663085938,6344400,0.0,0.0,0.0
2023-03-02 00:00:00-05:00,140.97979534180467,143.0135824044573,140.60094653888828,142.79425048828125,5491400,0.0,0.0,0.0
2023-03-03 00:00:00-05:00,144.04044894670787,146.11412285600176,143.71145106946545,145.86488342285156,5017600,0.0,0.0,0.0
2023-03-06 00:00:00-05:00,146.2337477856836,146.7422059473873,144.7482905521375,144.7981414794922,4927200,0.0,0.0,0.0
2023-03-07 00:00:00-05:00,144.57881304071208,145.29662381722775,142.7543785847654,142.82415771484375,5970900,0.0,0.0,0.0
2023-03-08 00:00:00-05:00,142.56495666503906,142.86404702918753,141.0994275718426,142.56495666503906,5408300,0.0,0.0,0.0
2023-03-09 00:00:00-05:00,142.31571912743203,143.79121234123411,139.0456989171852,139.1653289794922,6668700,0.0,0.0,0.0
2023-03-10 00:00:00-05:00,139.62393417366107,141.0695198505036,137.31098492081873,137.77955627441406,14529300,0.0,0.0,0.0
2023-03-13 00:00:00-04:00,135.7457665016964,139.83328401710776,135.29713857117616,138.0686798095703,11814100,0.0,0.0,0.0
2023-03-14 00:00:00-04:00,139.94294296137042,140.81030647676732,138.6568742633476,140.41151428222656,7519100,0.0,0.0,0.0
2023-03-15 00:00:00-04:00,138.32787838605572,140.28192213633804,137.57019602414096,140.20216369628906,9001400,0.0,0.0,0.0
2023-03-16 00:00:00-04:00,139.32484243224482,143.3425808574876,139.215176473714,142.73443603515625,10747800,0.0,0.0,0.0
2023-03-17 00:00:00-04:00,142.69456653996002,142.78428908580918,139.76350834327812,140.91000366210938,8440000,0.0,0.0,0.0
2023-03-20 00:00:00-04:00,140.74000549316406,142.38999938964844,139.75,141.52000427246094,5864800,0.43,0.0,0.0
2023-03-21 00:00:00-04:00,143.35000610351562,145.64999389648438,143.2899932861328,145.42999267578125,6388400,0.0,0.0,0.0
2023-03-22 00:00:00-04:00,145.5,146.55999755859375,142.1300048828125,142.19000244140625,5491800,0.0,0.0,0.0
2023-03-23 00:00:00-04:00,143.91000366210938,144.9600067138672,140.6300048828125,142.0399932861328,6127800,0.0,0.0,0.0
2023-03-24 00:00:00-04:00,141.7100067138672,141.8300018310547,139.77999877929688,141.5800018310547,4717300,0.0,0.0,0.0
2023-03-27 00:00:00-04:00,142.94000244140625,143.47000122070312,141.27999877929688,141.8699951171875,4207200,0.0,0.0,0.0
2023-03-28 00:00:00-04:00,141.8300018310547,142.2100067138672,140.74000549316406,141.6999969482422,2859800,0.0,0.0,0.0
2023-03-29 00:00:00-04:00,143.24000549316406,144.44000244140625,142.74000549316406,144.38999938964844,3862700,0.0,0.0,0.0
2023-03-30 00:00:00-04:00,145.77000427246094,146.3800048828125,145.07000732421875,145.64999389648438,3239200,0.0,0.0,0.0
2023-03-31 00:00:00-04:00,146.5800018310547,149.6300048828125,146.3699951171875,149.5399932861328,5226900,0.0,0.0,0.0
2023-04-03 00:00:00-04:00,148.19000244140625,148.88999938964844,147.13999938964844,148.1699981689453,5669200,0.0,0.0,0.0
2023-04-04 00:00:00-04:00,148.66000366210938,149.0,146.63999938964844,147.92999267578125,4691500,0.0,0.0,0.0
2023-04-05 00:00:00-04:00,147.30999755859375,147.36000061035156,144.58999633789062,144.89999389648438,4430800,0.0,0.0,0.0
2023-04-06 00:00:00-04:00,144.22999572753906,145.19000244140625,142.88999938964844,144.92999267578125,3818100,0.0,0.0,0.0
2023-04-10 00:00:00-04:00,143.4499969482422,145.6199951171875,142.58999633789062,145.57000732421875,3638400,0.0,0.0,0.0
2023-04-11 00:00:00-04:00,145.64999389648438,146.6199951171875,145.13999938964844,145.8000030517578,4404000,0.0,0.0,0.0
2023-04-12 00:00:00-04:00,147.00999450683594,147.05999755859375,143.3800048828125,143.5399932861328,4531300,0.0,0.0,0.0
2023-04-13 00:00:00-04:00,144.5800018310547,146.83999633789062,144.11000061035156,146.7100067138672,6570000,0.0,0.0,0.0
2023-04-14 00:00:00-04:00,146.3800048828125,147.8000030517578,145.67999267578125,146.89999389648438,5400800,0.0,0.0,0.0
2023-04-17 00:00:00-04:00,147.27000427246094,148.25999450683594,146.52999877929688,147.94000244140625,4551200,0.0,0.0,0.0
2023-04-18 00:00:00-04:00,148.67999267578125,149.02000427246094,147.5399932861328,148.17999267578125,4529400,0.0,0.0,0.0
2023-04-19 00:00:00-04:00,146.8000030517578,148.88999938964844,146.66000366210938,148.0399932861328,3800200,0.0,0.0,0.0
2023-04-20 00:00:00-04:00,145.61000061035156,147.00999450683594,144.94000244140625,145.75999450683594,4143500,0.0,0.0,0.0
2023-04-21 00:00:00-04:00,146.9499969482422,147.9600067138672,145.82000732421875,147.3699951171875,4435100,0.0,0.0,0.0
2023-04-24 00:00:00-04:00,147.58999633789062,148.4600067138672,146.0,147.35000610351562,3875000,0.0,0.0,0.0
2023-04-25 00:00:00-04:00,146.3800048828125,146.63999938964844,144.41000366210938,144.42999267578125,4247200,0.0,0.0,0.0
2023-04-26 00:00:00-04:00,145.16000366210938,145.6300048828125,143.39999389648438,143.69000244140625,3853000,0.0,0.0,0.0
2023-04-27 00:00:00-04:00,144.6999969482422,147.64999389648438,144.60000610351562,147.47999572753906,4815400,0.0,0.0,0.0
2023-04-28 00:00:00-04:00,146.7899932861328,148.05999755859375,145.4199981689453,147.86000061035156,4135500,0.0,0.0,0.0
2023-05-01 00:00:00-04:00,147.5,147.82000732421875,146.19000244140625,146.39999389648438,4273900,0.0,0.0,0.0
2023-05-02 00:00:00-04:00,146.17999267578125,146.8699951171875,144.77000427246094,146.5500030517578,4608600,0.0,0.0,0.0
2023-05-03 00:00:00-04:00,145.94000244140625,147.88999938964844,145.27999877929688,145.38999938964844,4256000,0.0,0.0,0.0
2023-05-04 00:00:00-04:00,145.41000366210938,146.0399932861328,144.0399932861328,144.27000427246094,5331500,0.0,0.0,0.0
2023-05-05 00:00:00-04:00,145.6300048828125,147.47000122070312,145.3699951171875,147.19000244140625,3685900,0.0,0.0,0.0
