time,open,high,low,close,Commercials long,Commercials short,Commercials net,Large Speculators long,Large Speculators short,Large Speculators net,Small Speculators long,Small Speculators short,Small Speculators net,MA,Smoothing Line,Volume,Volume MA,OI,Commercials long,Commercials short,Commercials net,Large Speculators long,Large Speculators short,Large Speculators net,Small Speculators long,Small Speculators short,Small Speculators net
1998-07-12T22:00:00Z,0.7205,0.753,0.719,0.743,35301,-29311,5990,7136,-19139,-12003,25401,-19388,6013,NaN,NaN,NaN,NaN,69236,35301,-29311,5990,7136,-19139,-12003,25401,-19388,6013
1998-07-13T22:00:00Z,0.746,0.7625,0.744,0.7495,30641,-29716,925,6754,-14977,-8223,26115,-18817,7298,NaN,NaN,NaN,NaN,64407,30641,-29716,925,6754,-14977,-8223,26115,-18817,7298
1998-07-14T22:00:00Z,0.751,0.7685,0.7495,0.7655,30641,-29716,925,6754,-14977,-8223,26115,-18817,7298,NaN,NaN,NaN,NaN,64407,30641,-29716,925,6754,-14977,-8223,26115,-18817,7298
1998-07-15T22:00:00Z,0.775,0.781,0.7655,0.766,30641,-29716,925,6754,-14977,-8223,26115,-18817,7298,NaN,NaN,NaN,NaN,64407,30641,-29716,925,6754,-14977,-8223,26115,-18817,7298
1998-07-16T22:00:00Z,0.766,0.779,0.761,0.7705,30641,-29716,925,6754,-14977,-8223,26115,-18817,7298,NaN,NaN,NaN,NaN,64407,30641,-29716,925,6754,-14977,-8223,26115,-18817,7298
1998-07-19T22:00:00Z,0.78,0.793,0.778,0.7905,30641,-29716,925,6754,-14977,-8223,26115,-18817,7298,NaN,NaN,NaN,NaN,64407,30641,-29716,925,6754,-14977,-8223,26115,-18817,7298
1998-07-20T22:00:00Z,0.786,0.7885,0.769,0.7725,25837,-32897,-7060,5962,-7552,-1590,25849,-17199,8650,NaN,NaN,NaN,NaN,59100,25837,-32897,-7060,5962,-7552,-1590,25849,-17199,8650
1998-07-21T22:00:00Z,0.7705,0.7835,0.769,0.782,25837,-32897,-7060,5962,-7552,-1590,25849,-17199,8650,NaN,NaN,NaN,NaN,59100,25837,-32897,-7060,5962,-7552,-1590,25849,-17199,8650
1998-07-22T22:00:00Z,0.78,0.781,0.771,0.778,25837,-32897,-7060,5962,-7552,-1590,25849,-17199,8650,NaN,NaN,NaN,NaN,59100,25837,-32897,-7060,5962,-7552,-1590,25849,-17199,8650
1998-07-23T22:00:00Z,0.808,0.809,0.799,0.807,25837,-32897,-7060,5962,-7552,-1590,25849,-17199,8650,NaN,NaN,NaN,NaN,59100,25837,-32897,-7060,5962,-7552,-1590,25849,-17199,8650
1998-07-26T22:00:00Z,0.801,0.803,0.789,0.7915,25837,-32897,-7060,5962,-7552,-1590,25849,-17199,8650,NaN,NaN,NaN,NaN,59100,25837,-32897,-7060,5962,-7552,-1590,25849,-17199,8650
1998-07-27T22:00:00Z,0.795,0.796,0.784,0.7885,23308,-37670,-14362,10270,-6492,3778,26437,-15853,10584,NaN,NaN,NaN,NaN,60981,23308,-37670,-14362,10270,-6492,3778,26437,-15853,10584
1998-07-28T22:00:00Z,0.778,0.7825,0.773,0.7795,23308,-37670,-14362,10270,-6492,3778,26437,-15853,10584,NaN,NaN,NaN,NaN,60981,23308,-37670,-14362,10270,-6492,3778,26437,-15853,10584
1998-07-29T22:00:00Z,0.7795,0.795,0.779,0.7835,23308,-37670,-14362,10270,-6492,3778,26437,-15853,10584,NaN,NaN,NaN,NaN,60981,23308,-37670,-14362,10270,-6492,3778,26437,-15853,10584
1998-07-30T22:00:00Z,0.7775,0.779,0.767,0.7695,23308,-37670,-14362,10270,-6492,3778,26437,-15853,10584,NaN,NaN,NaN,NaN,60981,23308,-37670,-14362,10270,-6492,3778,26437,-15853,10584
1998-08-02T22:00:00Z,0.758,0.761,0.745,0.75,23308,-37670,-14362,10270,-6492,3778,26437,-15853,10584,NaN,NaN,NaN,NaN,60981,23308,-37670,-14362,10270,-6492,3778,26437,-15853,10584
1998-08-03T22:00:00Z,0.748,0.75,0.736,0.739,24270,-33996,-9726,8285,-6751,1534,23034,-14842,8192,NaN,NaN,NaN,NaN,56559,24270,-33996,-9726,8285,-6751,1534,23034,-14842,8192
1998-08-04T22:00:00Z,0.74,0.752,0.7385,0.74,24270,-33996,-9726,8285,-6751,1534,23034,-14842,8192,NaN,NaN,NaN,NaN,56559,24270,-33996,-9726,8285,-6751,1534,23034,-14842,8192
1998-08-05T22:00:00Z,0.731,0.74,0.728,0.739,24270,-33996,-9726,8285,-6751,1534,23034,-14842,8192,NaN,NaN,NaN,NaN,56559,24270,-33996,-9726,8285,-6751,1534,23034,-14842,8192
1998-08-06T22:00:00Z,0.737,0.748,0.736,0.745,24270,-33996,-9726,8285,-6751,1534,23034,-14842,8192,NaN,NaN,NaN,NaN,56559,24270,-33996,-9726,8285,-6751,1534,23034,-14842,8192
1998-08-09T22:00:00Z,0.737,0.74,0.731,0.7315,24270,-33996,-9726,8285,-6751,1534,23034,-14842,8192,NaN,NaN,NaN,NaN,56559,24270,-33996,-9726,8285,-6751,1534,23034,-14842,8192
1998-08-10T22:00:00Z,0.726,0.728,0.717,0.7185,27360,-31352,-3992,8040,-10058,-2018,23375,-17365,6010,NaN,NaN,NaN,NaN,59946,27360,-31352,-3992,8040,-10058,-2018,23375,-17365,6010
1998-08-11T22:00:00Z,0.728,0.732,0.7215,0.7275,27360,-31352,-3992,8040,-10058,-2018,23375,-17365,6010,NaN,NaN,NaN,NaN,59946,27360,-31352,-3992,8040,-10058,-2018,23375,-17365,6010
1998-08-12T22:00:00Z,0.728,0.738,0.7235,0.7265,27360,-31352,-3992,8040,-10058,-2018,23375,-17365,6010,NaN,NaN,NaN,NaN,59946,27360,-31352,-3992,8040,-10058,-2018,23375,-17365,6010
1998-08-13T22:00:00Z,0.728,0.74,0.725,0.7275,27360,-31352,-3992,8040,-10058,-2018,23375,-17365,6010,NaN,NaN,NaN,NaN,59946,27360,-31352,-3992,8040,-10058,-2018,23375,-17365,6010
1998-08-16T22:00:00Z,0.728,0.736,0.725,0.734,27360,-31352,-3992,8040,-10058,-2018,23375,-17365,6010,NaN,NaN,NaN,NaN,59946,27360,-31352,-3992,8040,-10058,-2018,23375,-17365,6010
1998-08-17T22:00:00Z,0.729,0.7325,0.722,0.729,28150,-30551,-2401,8332,-11801,-3469,25611,-19741,5870,NaN,NaN,NaN,NaN,63564,28150,-30551,-2401,8332,-11801,-3469,25611,-19741,5870
1998-08-18T22:00:00Z,0.729,0.738,0.726,0.7315,28150,-30551,-2401,8332,-11801,-3469,25611,-19741,5870,NaN,NaN,NaN,NaN,63564,28150,-30551,-2401,8332,-11801,-3469,25611,-19741,5870
1998-08-19T22:00:00Z,0.744,0.756,0.742,0.746,28150,-30551,-2401,8332,-11801,-3469,25611,-19741,5870,NaN,NaN,NaN,NaN,63564,28150,-30551,-2401,8332,-11801,-3469,25611,-19741,5870
1998-08-23T22:00:00Z,0.7325,0.7455,0.731,0.744,28150,-30551,-2401,8332,-11801,-3469,25611,-19741,5870,NaN,NaN,NaN,NaN,63564,28150,-30551,-2401,8332,-11801,-3469,25611,-19741,5870
1998-08-24T22:00:00Z,0.742,0.745,0.734,0.7395,28512,-29163,-651,8713,-13023,-4310,24852,-19891,4961,NaN,NaN,NaN,NaN,63346,28512,-29163,-651,8713,-13023,-4310,24852,-19891,4961
1998-08-25T22:00:00Z,0.7395,0.7395,0.733,0.734,28512,-29163,-651,8713,-13023,-4310,24852,-19891,4961,NaN,NaN,NaN,NaN,63346,28512,-29163,-651,8713,-13023,-4310,24852,-19891,4961
1998-08-26T22:00:00Z,0.737,0.742,0.727,0.7395,28512,-29163,-651,8713,-13023,-4310,24852,-19891,4961,NaN,NaN,NaN,NaN,63346,28512,-29163,-651,8713,-13023,-4310,24852,-19891,4961
1998-08-27T22:00:00Z,0.742,0.744,0.721,0.7215,28512,-29163,-651,8713,-13023,-4310,24852,-19891,4961,NaN,NaN,NaN,NaN,63346,28512,-29163,-651,8713,-13023,-4310,24852,-19891,4961
1998-08-30T22:00:00Z,0.721,0.722,0.708,0.7135,28512,-29163,-651,8713,-13023,-4310,24852,-19891,4961,NaN,NaN,NaN,NaN,63346,28512,-29163,-651,8713,-13023,-4310,24852,-19891,4961
1998-08-31T22:00:00Z,0.722,0.76,0.722,0.759,29729,-29971,-242,9774,-14529,-4755,23082,-18085,4997,NaN,NaN,NaN,NaN,63652,29729,-29971,-242,9774,-14529,-4755,23082,-18085,4997
1998-09-01T22:00:00Z,0.7515,0.752,0.738,0.744,29729,-29971,-242,9774,-14529,-4755,23082,-18085,4997,NaN,NaN,NaN,NaN,63652,29729,-29971,-242,9774,-14529,-4755,23082,-18085,4997
1998-09-02T22:00:00Z,0.745,0.768,0.739,0.7515,29729,-29971,-242,9774,-14529,-4755,23082,-18085,4997,NaN,NaN,NaN,NaN,63652,29729,-29971,-242,9774,-14529,-4755,23082,-18085,4997
1998-09-03T22:00:00Z,0.76,0.7615,0.752,0.755,29729,-29971,-242,9774,-14529,-4755,23082,-18085,4997,NaN,NaN,NaN,NaN,63652,29729,-29971,-242,9774,-14529,-4755,23082,-18085,4997
1998-09-07T22:00:00Z,0.7715,0.781,0.765,0.7735,27294,-32433,-5139,8930,-10223,-1293,23400,-16968,6432,NaN,NaN,NaN,NaN,60667,27294,-32433,-5139,8930,-10223,-1293,23400,-16968,6432
1998-09-08T22:00:00Z,0.7715,0.783,0.7615,0.7815,27294,-32433,-5139,8930,-10223,-1293,23400,-16968,6432,NaN,NaN,NaN,NaN,60667,27294,-32433,-5139,8930,-10223,-1293,23400,-16968,6432
1998-09-09T22:00:00Z,0.774,0.778,0.766,0.7725,27294,-32433,-5139,8930,-10223,-1293,23400,-16968,6432,NaN,NaN,NaN,NaN,60667,27294,-32433,-5139,8930,-10223,-1293,23400,-16968,6432
1998-09-10T22:00:00Z,0.766,0.777,0.76,0.7665,27294,-32433,-5139,8930,-10223,-1293,23400,-16968,6432,NaN,NaN,NaN,NaN,60667,27294,-32433,-5139,8930,-10223,-1293,23400,-16968,6432
1998-09-13T22:00:00Z,0.7625,0.767,0.754,0.7575,27294,-32433,-5139,8930,-10223,-1293,23400,-16968,6432,NaN,NaN,NaN,NaN,60667,27294,-32433,-5139,8930,-10223,-1293,23400,-16968,6432
1998-09-15T22:00:00Z,0.77,0.771,0.754,0.7615,25789,-36124,-10335,10092,-8662,1430,24027,-15122,8905,NaN,NaN,NaN,NaN,60934,25789,-36124,-10335,10092,-8662,1430,24027,-15122,8905
1998-09-16T22:00:00Z,0.749,0.757,0.7415,0.748,25789,-36124,-10335,10092,-8662,1430,24027,-15122,8905,NaN,NaN,NaN,NaN,60934,25789,-36124,-10335,10092,-8662,1430,24027,-15122,8905
1998-09-17T22:00:00Z,0.745,0.758,0.743,0.748,25789,-36124,-10335,10092,-8662,1430,24027,-15122,8905,NaN,NaN,NaN,NaN,60934,25789,-36124,-10335,10092,-8662,1430,24027,-15122,8905
1998-09-20T22:00:00Z,0.743,0.748,0.737,0.7465,25789,-36124,-10335,10092,-8662,1430,24027,-15122,8905,NaN,NaN,NaN,NaN,60934,25789,-36124,-10335,10092,-8662,1430,24027,-15122,8905
1998-09-21T22:00:00Z,0.744,0.752,0.734,0.7365,27726,-33371,-5645,8284,-9272,-988,23524,-16891,6633,NaN,NaN,NaN,NaN,60485,27726,-33371,-5645,8284,-9272,-988,23524,-16891,6633
1998-09-22T22:00:00Z,0.743,0.751,0.738,0.7505,27726,-33371,-5645,8284,-9272,-988,23524,-16891,6633,NaN,NaN,NaN,NaN,60485,27726,-33371,-5645,8284,-9272,-988,23524,-16891,6633
1998-09-23T22:00:00Z,0.75,0.754,0.741,0.751,27726,-33371,-5645,8284,-9272,-988,23524,-16891,6633,NaN,NaN,NaN,NaN,60485,27726,-33371,-5645,8284,-9272,-988,23524,-16891,6633
1998-09-24T22:00:00Z,0.764,0.766,0.752,0.756,27726,-33371,-5645,8284,-9272,-988,23524,-16891,6633,NaN,NaN,NaN,NaN,60485,27726,-33371,-5645,8284,-9272,-988,23524,-16891,6633
1998-09-27T22:00:00Z,0.7525,0.756,0.748,0.7535,27726,-33371,-5645,8284,-9272,-988,23524,-16891,6633,NaN,NaN,NaN,NaN,60485,27726,-33371,-5645,8284,-9272,-988,23524,-16891,6633
1998-09-28T22:00:00Z,0.75,0.756,0.7485,0.753,26041,-34342,-8301,8228,-7857,371,22506,-14576,7930,NaN,NaN,NaN,NaN,57427,26041,-34342,-8301,8228,-7857,371,22506,-14576,7930
1998-09-29T22:00:00Z,0.749,0.75,0.729,0.7375,26041,-34342,-8301,8228,-7857,371,22506,-14576,7930,NaN,NaN,NaN,NaN,57427,26041,-34342,-8301,8228,-7857,371,22506,-14576,7930
1998-09-30T22:00:00Z,0.73,0.738,0.728,0.735,26041,-34342,-8301,8228,-7857,371,22506,-14576,7930,NaN,NaN,NaN,NaN,57427,26041,-34342,-8301,8228,-7857,371,22506,-14576,7930
1998-10-01T22:00:00Z,0.732,0.736,0.723,0.727,26041,-34342,-8301,8228,-7857,371,22506,-14576,7930,NaN,NaN,NaN,NaN,57427,26041,-34342,-8301,8228,-7857,371,22506,-14576,7930
1998-10-04T22:00:00Z,0.723,0.729,0.71,0.715,26041,-34342,-8301,8228,-7857,371,22506,-14576,7930,NaN,NaN,NaN,NaN,57427,26041,-34342,-8301,8228,-7857,371,22506,-14576,7930
1998-10-05T22:00:00Z,0.719,0.725,0.716,0.7215,27785,-29163,-1378,10123,-14123,-4000,23122,-17744,5378,NaN,NaN,NaN,NaN,61933,27785,-29163,-1378,10123,-14123,-4000,23122,-17744,5378
1998-10-06T22:00:00Z,0.731,0.734,0.725,0.731,27785,-29163,-1378,10123,-14123,-4000,23122,-17744,5378,NaN,NaN,NaN,NaN,61933,27785,-29163,-1378,10123,-14123,-4000,23122,-17744,5378
1998-10-07T22:00:00Z,0.739,0.74,0.722,0.723,27785,-29163,-1378,10123,-14123,-4000,23122,-17744,5378,NaN,NaN,NaN,NaN,61933,27785,-29163,-1378,10123,-14123,-4000,23122,-17744,5378
1998-10-11T22:00:00Z,0.729,0.736,0.726,0.7275,27785,-29163,-1378,10123,-14123,-4000,23122,-17744,5378,NaN,NaN,NaN,NaN,61933,27785,-29163,-1378,10123,-14123,-4000,23122,-17744,5378
1998-10-13T22:00:00Z,0.73,0.731,0.7225,0.727,26898,-27964,-1066,10891,-16303,-5412,23721,-17243,6478,NaN,NaN,NaN,NaN,62350,26898,-27964,-1066,10891,-16303,-5412,23721,-17243,6478
1998-10-14T22:00:00Z,0.719,0.727,0.717,0.726,26898,-27964,-1066,10891,-16303,-5412,23721,-17243,6478,NaN,NaN,NaN,NaN,62350,26898,-27964,-1066,10891,-16303,-5412,23721,-17243,6478
1998-10-15T22:00:00Z,0.73,0.754,0.726,0.7455,26898,-27964,-1066,10891,-16303,-5412,23721,-17243,6478,NaN,NaN,NaN,NaN,62350,26898,-27964,-1066,10891,-16303,-5412,23721,-17243,6478
1998-10-18T22:00:00Z,0.743,0.748,0.738,0.7385,26898,-27964,-1066,10891,-16303,-5412,23721,-17243,6478,NaN,NaN,NaN,NaN,62350,26898,-27964,-1066,10891,-16303,-5412,23721,-17243,6478
1998-10-19T22:00:00Z,0.736,0.741,0.733,0.735,24340,-30995,-6655,11255,-11719,-464,23788,-16669,7119,NaN,NaN,NaN,NaN,60666,24340,-30995,-6655,11255,-11719,-464,23788,-16669,7119
1998-10-20T22:00:00Z,0.732,0.7325,0.716,0.7305,24340,-30995,-6655,11255,-11719,-464,23788,-16669,7119,NaN,NaN,NaN,NaN,60666,24340,-30995,-6655,11255,-11719,-464,23788,-16669,7119
1998-10-21T22:00:00Z,0.724,0.73,0.7205,0.728,24340,-30995,-6655,11255,-11719,-464,23788,-16669,7119,NaN,NaN,NaN,NaN,60666,24340,-30995,-6655,11255,-11719,-464,23788,-16669,7119
1998-10-25T23:00:00Z,0.713,0.719,0.708,0.7185,24340,-30995,-6655,11255,-11719,-464,23788,-16669,7119,NaN,NaN,NaN,NaN,60666,24340,-30995,-6655,11255,-11719,-464,23788,-16669,7119
1998-10-26T23:00:00Z,0.7135,0.718,0.71,0.7135,26506,-29155,-2649,12146,-16975,-4829,26041,-18563,7478,NaN,NaN,NaN,NaN,65667,26506,-29155,-2649,12146,-16975,-4829,26041,-18563,7478
1998-10-27T23:00:00Z,0.7165,0.7195,0.705,0.7075,26506,-29155,-2649,12146,-16975,-4829,26041,-18563,7478,NaN,NaN,NaN,NaN,65667,26506,-29155,-2649,12146,-16975,-4829,26041,-18563,7478
1998-10-28T23:00:00Z,0.708,0.716,0.705,0.7145,26506,-29155,-2649,12146,-16975,-4829,26041,-18563,7478,NaN,NaN,NaN,NaN,65667,26506,-29155,-2649,12146,-16975,-4829,26041,-18563,7478
1998-10-29T23:00:00Z,0.715,0.73,0.715,0.724,26506,-29155,-2649,12146,-16975,-4829,26041,-18563,7478,NaN,NaN,NaN,NaN,65667,26506,-29155,-2649,12146,-16975,-4829,26041,-18563,7478
1998-11-01T23:00:00Z,0.727,0.736,0.727,0.728,26506,-29155,-2649,12146,-16975,-4829,26041,-18563,7478,NaN,NaN,NaN,NaN,65667,26506,-29155,-2649,12146,-16975,-4829,26041,-18563,7478
1998-11-02T23:00:00Z,0.725,0.7285,0.7215,0.7255,29667,-30287,-620,12327,-18087,-5760,26057,-19677,6380,NaN,NaN,NaN,NaN,69099,29667,-30287,-620,12327,-18087,-5760,26057,-19677,6380
1998-11-03T23:00:00Z,0.727,0.74,0.727,0.731,29667,-30287,-620,12327,-18087,-5760,26057,-19677,6380,NaN,NaN,NaN,NaN,69099,29667,-30287,-620,12327,-18087,-5760,26057,-19677,6380
1998-11-04T23:00:00Z,0.732,0.741,0.728,0.732,29667,-30287,-620,12327,-18087,-5760,26057,-19677,6380,NaN,NaN,NaN,NaN,69099,29667,-30287,-620,12327,-18087,-5760,26057,-19677,6380
1998-11-05T23:00:00Z,0.743,0.748,0.7275,0.731,29667,-30287,-620,12327,-18087,-5760,26057,-19677,6380,NaN,NaN,NaN,NaN,69099,29667,-30287,-620,12327,-18087,-5760,26057,-19677,6380
1998-11-08T23:00:00Z,0.729,0.73,0.723,0.7245,29667,-30287,-620,12327,-18087,-5760,26057,-19677,6380,NaN,NaN,NaN,NaN,69099,29667,-30287,-620,12327,-18087,-5760,26057,-19677,6380
1998-11-09T23:00:00Z,0.72,0.7235,0.713,0.714,26518,-29907,-3389,10801,-15380,-4579,25269,-17301,7968,NaN,NaN,NaN,NaN,64107,26518,-29907,-3389,10801,-15380,-4579,25269,-17301,7968
1998-11-10T23:00:00Z,0.7155,0.722,0.7125,0.7185,26518,-29907,-3389,10801,-15380,-4579,25269,-17301,7968,NaN,NaN,NaN,NaN,64107,26518,-29907,-3389,10801,-15380,-4579,25269,-17301,7968
1998-11-11T23:00:00Z,0.719,0.724,0.718,0.72,26518,-29907,-3389,10801,-15380,-4579,25269,-17301,7968,NaN,NaN,NaN,NaN,64107,26518,-29907,-3389,10801,-15380,-4579,25269,-17301,7968
1998-11-12T23:00:00Z,0.718,0.719,0.7,0.7105,26518,-29907,-3389,10801,-15380,-4579,25269,-17301,7968,NaN,NaN,NaN,NaN,64107,26518,-29907,-3389,10801,-15380,-4579,25269,-17301,7968
1998-11-15T23:00:00Z,0.708,0.711,0.701,0.704,26518,-29907,-3389,10801,-15380,-4579,25269,-17301,7968,NaN,NaN,NaN,NaN,64107,26518,-29907,-3389,10801,-15380,-4579,25269,-17301,7968
1998-11-16T23:00:00Z,0.705,0.717,0.705,0.7155,30247,-26939,3308,11349,-21665,-10316,27051,-20043,7008,NaN,NaN,NaN,NaN,70507,30247,-26939,3308,11349,-21665,-10316,27051,-20043,7008
1998-11-17T23:00:00Z,0.7115,0.721,0.711,0.7175,30247,-26939,3308,11349,-21665,-10316,27051,-20043,7008,NaN,NaN,NaN,NaN,70507,30247,-26939,3308,11349,-21665,-10316,27051,-20043,7008
1998-11-18T23:00:00Z,0.717,0.7175,0.709,0.7115,30247,-26939,3308,11349,-21665,-10316,27051,-20043,7008,NaN,NaN,NaN,NaN,70507,30247,-26939,3308,11349,-21665,-10316,27051,-20043,7008
1998-11-19T23:00:00Z,0.712,0.727,0.712,0.722,30247,-26939,3308,11349,-21665,-10316,27051,-20043,7008,NaN,NaN,NaN,NaN,70507,30247,-26939,3308,11349,-21665,-10316,27051,-20043,7008
1998-11-22T23:00:00Z,0.721,0.722,0.71,0.711,30247,-26939,3308,11349,-21665,-10316,27051,-20043,7008,NaN,NaN,NaN,NaN,70507,30247,-26939,3308,11349,-21665,-10316,27051,-20043,7008
1998-11-24T23:00:00Z,0.708,0.713,0.7,0.704,33701,-30139,3562,11343,-20980,-9637,24989,-18914,6075,NaN,NaN,NaN,NaN,71034,33701,-30139,3562,11343,-20980,-9637,24989,-18914,6075
1998-11-29T23:00:00Z,0.721,0.7215,0.71,0.7145,33701,-30139,3562,11343,-20980,-9637,24989,-18914,6075,NaN,NaN,NaN,NaN,71034,33701,-30139,3562,11343,-20980,-9637,24989,-18914,6075
1998-11-30T23:00:00Z,0.713,0.719,0.712,0.713,34868,-27662,7206,12362,-23468,-11106,21104,-17204,3900,NaN,NaN,NaN,NaN,69175,34868,-27662,7206,12362,-23468,-11106,21104,-17204,3900
1998-12-01T23:00:00Z,0.705,0.7085,0.702,0.7025,34868,-27662,7206,12362,-23468,-11106,21104,-17204,3900,NaN,NaN,NaN,NaN,69175,34868,-27662,7206,12362,-23468,-11106,21104,-17204,3900
1998-12-02T23:00:00Z,0.698,0.701,0.687,0.688,34868,-27662,7206,12362,-23468,-11106,21104,-17204,3900,NaN,NaN,NaN,NaN,69175,34868,-27662,7206,12362,-23468,-11106,21104,-17204,3900
1998-12-03T23:00:00Z,0.686,0.692,0.6835,0.6865,34868,-27662,7206,12362,-23468,-11106,21104,-17204,3900,NaN,NaN,NaN,NaN,69175,34868,-27662,7206,12362,-23468,-11106,21104,-17204,3900
1998-12-06T23:00:00Z,0.691,0.6945,0.68,0.6805,34868,-27662,7206,12362,-23468,-11106,21104,-17204,3900,NaN,NaN,NaN,NaN,69175,34868,-27662,7206,12362,-23468,-11106,21104,-17204,3900
1998-12-07T23:00:00Z,0.6835,0.687,0.676,0.6805,39394,-25076,14318,13622,-29405,-15783,21641,-20176,1465,NaN,NaN,NaN,NaN,75970,39394,-25076,14318,13622,-29405,-15783,21641,-20176,1465
1998-12-08T23:00:00Z,0.682,0.689,0.679,0.685,39394,-25076,14318,13622,-29405,-15783,21641,-20176,1465,NaN,NaN,NaN,NaN,75970,39394,-25076,14318,13622,-29405,-15783,21641,-20176,1465
1998-12-09T23:00:00Z,0.688,0.69,0.68,0.681,39394,-25076,14318,13622,-29405,-15783,21641,-20176,1465,NaN,NaN,NaN,NaN,75970,39394,-25076,14318,13622,-29405,-15783,21641,-20176,1465
1998-12-10T23:00:00Z,0.676,0.677,0.6585,0.666,39394,-25076,14318,13622,-29405,-15783,21641,-20176,1465,NaN,NaN,NaN,NaN,75970,39394,-25076,14318,13622,-29405,-15783,21641,-20176,1465
1998-12-13T23:00:00Z,0.667,0.6685,0.6625,0.664,39394,-25076,14318,13622,-29405,-15783,21641,-20176,1465,NaN,NaN,NaN,NaN,75970,39394,-25076,14318,13622,-29405,-15783,21641,-20176,1465
1998-12-14T23:00:00Z,0.6625,0.674,0.66,0.67,42281,-25953,16328,13024,-31643,-18619,23299,-21008,2291,NaN,NaN,NaN,NaN,79708,42281,-25953,16328,13024,-31643,-18619,23299,-21008,2291
1998-12-15T23:00:00Z,0.67,0.689,0.67,0.681,42281,-25953,16328,13024,-31643,-18619,23299,-21008,2291,NaN,NaN,NaN,NaN,79708,42281,-25953,16328,13024,-31643,-18619,23299,-21008,2291
1998-12-16T23:00:00Z,0.678,0.679,0.6625,0.6665,42281,-25953,16328,13024,-31643,-18619,23299,-21008,2291,NaN,NaN,NaN,NaN,79708,42281,-25953,16328,13024,-31643,-18619,23299,-21008,2291
1998-12-17T23:00:00Z,0.665,0.668,0.658,0.6635,42281,-25953,16328,13024,-31643,-18619,23299,-21008,2291,NaN,NaN,NaN,NaN,79708,42281,-25953,16328,13024,-31643,-18619,23299,-21008,2291
1998-12-20T23:00:00Z,0.664,0.669,0.663,0.6645,42281,-25953,16328,13024,-31643,-18619,23299,-21008,2291,NaN,NaN,NaN,NaN,79708,42281,-25953,16328,13024,-31643,-18619,23299,-21008,2291
1998-12-21T23:00:00Z,0.665,0.671,0.663,0.668,40267,-25611,14656,13018,-30231,-17213,23783,-21226,2557,NaN,NaN,NaN,NaN,78468,40267,-25611,14656,13018,-30231,-17213,23783,-21226,2557
1998-12-22T23:00:00Z,0.666,0.6675,0.659,0.661,40267,-25611,14656,13018,-30231,-17213,23783,-21226,2557,NaN,NaN,NaN,NaN,78468,40267,-25611,14656,13018,-30231,-17213,23783,-21226,2557
1998-12-23T23:00:00Z,0.663,0.665,0.6595,0.661,40267,-25611,14656,13018,-30231,-17213,23783,-21226,2557,NaN,NaN,NaN,NaN,78468,40267,-25611,14656,13018,-30231,-17213,23783,-21226,2557
1998-12-27T23:00:00Z,0.661,0.67,0.657,0.666,40267,-25611,14656,13018,-30231,-17213,23783,-21226,2557,NaN,NaN,NaN,NaN,78468,40267,-25611,14656,13018,-30231,-17213,23783,-21226,2557
1998-12-28T23:00:00Z,0.672,0.696,0.671,0.677,36584,-26787,9797,11854,-26476,-14622,24682,-19857,4825,NaN,NaN,NaN,NaN,74905,36584,-26787,9797,11854,-26476,-14622,24682,-19857,4825
1998-12-29T23:00:00Z,0.679,0.68,0.667,0.669,36584,-26787,9797,11854,-26476,-14622,24682,-19857,4825,NaN,NaN,NaN,NaN,74905,36584,-26787,9797,11854,-26476,-14622,24682,-19857,4825
1998-12-30T23:00:00Z,0.67,0.676,0.669,0.672,36584,-26787,9797,11854,-26476,-14622,24682,-19857,4825,NaN,NaN,NaN,NaN,74905,36584,-26787,9797,11854,-26476,-14622,24682,-19857,4825
1999-01-03T23:00:00Z,0.662,0.664,0.652,0.654,36584,-26787,9797,11854,-26476,-14622,24682,-19857,4825,NaN,NaN,NaN,NaN,74905,36584,-26787,9797,11854,-26476,-14622,24682,-19857,4825
1999-01-04T23:00:00Z,0.646,0.6505,0.642,0.647,40333,-28712,11621,13350,-28944,-15594,24109,-20136,3973,NaN,NaN,NaN,NaN,79276,40333,-28712,11621,13350,-28944,-15594,24109,-20136,3973
1999-01-05T23:00:00Z,0.6465,0.655,0.646,0.653,40333,-28712,11621,13350,-28944,-15594,24109,-20136,3973,NaN,NaN,NaN,NaN,79276,40333,-28712,11621,13350,-28944,-15594,24109,-20136,3973
1999-01-06T23:00:00Z,0.6555,0.659,0.646,0.6525,40333,-28712,11621,13350,-28944,-15594,24109,-20136,3973,NaN,NaN,NaN,NaN,79276,40333,-28712,11621,13350,-28944,-15594,24109,-20136,3973
1999-01-07T23:00:00Z,0.6575,0.6655,0.655,0.659,40333,-28712,11621,13350,-28944,-15594,24109,-20136,3973,NaN,NaN,NaN,NaN,79276,40333,-28712,11621,13350,-28944,-15594,24109,-20136,3973
1999-01-10T23:00:00Z,0.6615,0.6725,0.657,0.672,40333,-28712,11621,13350,-28944,-15594,24109,-20136,3973,NaN,NaN,NaN,NaN,79276,40333,-28712,11621,13350,-28944,-15594,24109,-20136,3973
1999-01-11T23:00:00Z,0.6765,0.679,0.665,0.6695,37356,-28722,8634,12111,-26337,-14226,24786,-19194,5592,NaN,NaN,NaN,NaN,75416,37356,-28722,8634,12111,-26337,-14226,24786,-19194,5592
1999-01-12T23:00:00Z,0.662,0.6655,0.656,0.6645,37356,-28722,8634,12111,-26337,-14226,24786,-19194,5592,NaN,NaN,NaN,NaN,75416,37356,-28722,8634,12111,-26337,-14226,24786,-19194,5592
1999-01-13T23:00:00Z,0.659,0.662,0.654,0.658,37356,-28722,8634,12111,-26337,-14226,24786,-19194,5592,NaN,NaN,NaN,NaN,75416,37356,-28722,8634,12111,-26337,-14226,24786,-19194,5592
1999-01-14T23:00:00Z,0.656,0.665,0.655,0.663,37356,-28722,8634,12111,-26337,-14226,24786,-19194,5592,NaN,NaN,NaN,NaN,75416,37356,-28722,8634,12111,-26337,-14226,24786,-19194,5592
1999-01-18T23:00:00Z,0.66,0.671,0.659,0.669,37654,-29733,7921,11956,-25547,-13591,24727,-19057,5670,NaN,NaN,NaN,NaN,75867,37654,-29733,7921,11956,-25547,-13591,24727,-19057,5670
1999-01-19T23:00:00Z,0.6595,0.6625,0.6555,0.66,37654,-29733,7921,11956,-25547,-13591,24727,-19057,5670,NaN,NaN,NaN,NaN,75867,37654,-29733,7921,11956,-25547,-13591,24727,-19057,5670
1999-01-20T23:00:00Z,0.664,0.668,0.6555,0.6585,37654,-29733,7921,11956,-25547,-13591,24727,-19057,5670,NaN,NaN,NaN,NaN,75867,37654,-29733,7921,11956,-25547,-13591,24727,-19057,5670
1999-01-21T23:00:00Z,0.6585,0.6605,0.653,0.657,37654,-29733,7921,11956,-25547,-13591,24727,-19057,5670,NaN,NaN,NaN,NaN,75867,37654,-29733,7921,11956,-25547,-13591,24727,-19057,5670
1999-01-24T23:00:00Z,0.652,0.655,0.647,0.6535,37654,-29733,7921,11956,-25547,-13591,24727,-19057,5670,NaN,NaN,NaN,NaN,75867,37654,-29733,7921,11956,-25547,-13591,24727,-19057,5670
1999-01-25T23:00:00Z,0.654,0.6565,0.648,0.6495,37175,-29048,8127,12192,-26755,-14563,26113,-19677,6436,NaN,NaN,NaN,NaN,77101,37175,-29048,8127,12192,-26755,-14563,26113,-19677,6436
1999-01-26T23:00:00Z,0.643,0.65,0.642,0.644,37175,-29048,8127,12192,-26755,-14563,26113,-19677,6436,NaN,NaN,NaN,NaN,77101,37175,-29048,8127,12192,-26755,-14563,26113,-19677,6436
1999-01-27T23:00:00Z,0.644,0.648,0.643,0.6435,37175,-29048,8127,12192,-26755,-14563,26113,-19677,6436,NaN,NaN,NaN,NaN,77101,37175,-29048,8127,12192,-26755,-14563,26113,-19677,6436
1999-01-28T23:00:00Z,0.6375,0.646,0.637,0.645,37175,-29048,8127,12192,-26755,-14563,26113,-19677,6436,NaN,NaN,NaN,NaN,77101,37175,-29048,8127,12192,-26755,-14563,26113,-19677,6436
1999-01-31T23:00:00Z,0.645,0.647,0.637,0.646,37175,-29048,8127,12192,-26755,-14563,26113,-19677,6436,NaN,NaN,NaN,NaN,77101,37175,-29048,8127,12192,-26755,-14563,26113,-19677,6436
1999-02-01T23:00:00Z,0.648,0.6505,0.645,0.6485,36928,-26178,10750,11868,-26755,-14887,24029,-19892,4137,NaN,NaN,NaN,NaN,75541,36928,-26178,10750,11868,-26755,-14887,24029,-19892,4137
1999-02-02T23:00:00Z,0.655,0.658,0.648,0.648,36928,-26178,10750,11868,-26755,-14887,24029,-19892,4137,NaN,NaN,NaN,NaN,75541,36928,-26178,10750,11868,-26755,-14887,24029,-19892,4137
1999-02-03T23:00:00Z,0.659,0.663,0.6555,0.658,36928,-26178,10750,11868,-26755,-14887,24029,-19892,4137,NaN,NaN,NaN,NaN,75541,36928,-26178,10750,11868,-26755,-14887,24029,-19892,4137
1999-02-04T23:00:00Z,0.667,0.668,0.661,0.666,36928,-26178,10750,11868,-26755,-14887,24029,-19892,4137,NaN,NaN,NaN,NaN,75541,36928,-26178,10750,11868,-26755,-14887,24029,-19892,4137
1999-02-07T23:00:00Z,0.6675,0.685,0.667,0.6845,36928,-26178,10750,11868,-26755,-14887,24029,-19892,4137,NaN,NaN,NaN,NaN,75541,36928,-26178,10750,11868,-26755,-14887,24029,-19892,4137
1999-02-08T23:00:00Z,0.677,0.678,0.664,0.6675,28416,-29273,-857,10401,-14746,-4345,25804,-20602,5202,NaN,NaN,NaN,NaN,65546,28416,-29273,-857,10401,-14746,-4345,25804,-20602,5202
1999-02-09T23:00:00Z,0.667,0.669,0.658,0.6625,28416,-29273,-857,10401,-14746,-4345,25804,-20602,5202,NaN,NaN,NaN,NaN,65546,28416,-29273,-857,10401,-14746,-4345,25804,-20602,5202
1999-02-10T23:00:00Z,0.661,0.665,0.659,0.6625,28416,-29273,-857,10401,-14746,-4345,25804,-20602,5202,NaN,NaN,NaN,NaN,65546,28416,-29273,-857,10401,-14746,-4345,25804,-20602,5202
1999-02-11T23:00:00Z,0.661,0.663,0.654,0.655,28416,-29273,-857,10401,-14746,-4345,25804,-20602,5202,NaN,NaN,NaN,NaN,65546,28416,-29273,-857,10401,-14746,-4345,25804,-20602,5202
1999-02-15T23:00:00Z,0.636,0.639,0.625,0.6255,31464,-29447,2017,12157,-19341,-7184,25471,-20304,5167,NaN,NaN,NaN,NaN,70946,31464,-29447,2017,12157,-19341,-7184,25471,-20304,5167
1999-02-16T23:00:00Z,0.631,0.6335,0.627,0.6275,31464,-29447,2017,12157,-19341,-7184,25471,-20304,5167,NaN,NaN,NaN,NaN,70946,31464,-29447,2017,12157,-19341,-7184,25471,-20304,5167
1999-02-17T23:00:00Z,0.625,0.627,0.617,0.6175,31464,-29447,2017,12157,-19341,-7184,25471,-20304,5167,NaN,NaN,NaN,NaN,70946,31464,-29447,2017,12157,-19341,-7184,25471,-20304,5167
1999-02-18T23:00:00Z,0.625,0.627,0.618,0.619,31464,-29447,2017,12157,-19341,-7184,25471,-20304,5167,NaN,NaN,NaN,NaN,70946,31464,-29447,2017,12157,-19341,-7184,25471,-20304,5167
1999-02-21T23:00:00Z,0.616,0.6175,0.6115,0.6135,31464,-29447,2017,12157,-19341,-7184,25471,-20304,5167,NaN,NaN,NaN,NaN,70946,31464,-29447,2017,12157,-19341,-7184,25471,-20304,5167
1999-02-22T23:00:00Z,0.616,0.623,0.615,0.6185,37171,-28876,8295,12210,-27744,-15534,28391,-21152,7239,NaN,NaN,NaN,NaN,80183,37171,-28876,8295,12210,-27744,-15534,28391,-21152,7239
1999-02-23T23:00:00Z,0.619,0.626,0.614,0.6195,37171,-28876,8295,12210,-27744,-15534,28391,-21152,7239,NaN,NaN,NaN,NaN,80183,37171,-28876,8295,12210,-27744,-15534,28391,-21152,7239
1999-02-24T23:00:00Z,0.627,0.6345,0.6265,0.634,37171,-28876,8295,12210,-27744,-15534,28391,-21152,7239,NaN,NaN,NaN,NaN,80183,37171,-28876,8295,12210,-27744,-15534,28391,-21152,7239
1999-02-25T23:00:00Z,0.6305,0.634,0.629,0.6325,37171,-28876,8295,12210,-27744,-15534,28391,-21152,7239,NaN,NaN,NaN,NaN,80183,37171,-28876,8295,12210,-27744,-15534,28391,-21152,7239
1999-02-28T23:00:00Z,0.6255,0.6295,0.624,0.624,37171,-28876,8295,12210,-27744,-15534,28391,-21152,7239,NaN,NaN,NaN,NaN,80183,37171,-28876,8295,12210,-27744,-15534,28391,-21152,7239
1999-03-02T23:00:00Z,0.634,0.639,0.632,0.634,38858,-27405,11453,12110,-28750,-16640,24538,-19351,5187,NaN,NaN,NaN,NaN,77708,38858,-27405,11453,12110,-28750,-16640,24538,-19351,5187
1999-03-03T23:00:00Z,0.6235,0.6475,0.6215,0.633,38858,-27405,11453,12110,-28750,-16640,24538,-19351,5187,NaN,NaN,NaN,NaN,77708,38858,-27405,11453,12110,-28750,-16640,24538,-19351,5187
1999-03-04T23:00:00Z,0.635,0.641,0.63,0.634,38858,-27405,11453,12110,-28750,-16640,24538,-19351,5187,NaN,NaN,NaN,NaN,77708,38858,-27405,11453,12110,-28750,-16640,24538,-19351,5187
1999-03-07T23:00:00Z,0.6275,0.63,0.6225,0.6265,38858,-27405,11453,12110,-28750,-16640,24538,-19351,5187,NaN,NaN,NaN,NaN,77708,38858,-27405,11453,12110,-28750,-16640,24538,-19351,5187
1999-03-08T23:00:00Z,0.63,0.637,0.629,0.631,36713,-27174,9539,11584,-27066,-15482,24735,-18792,5943,NaN,NaN,NaN,NaN,74967,36713,-27174,9539,11584,-27066,-15482,24735,-18792,5943
1999-03-09T23:00:00Z,0.6285,0.638,0.628,0.634,36713,-27174,9539,11584,-27066,-15482,24735,-18792,5943,NaN,NaN,NaN,NaN,74967,36713,-27174,9539,11584,-27066,-15482,24735,-18792,5943
1999-03-10T23:00:00Z,0.638,0.64,0.631,0.631,36713,-27174,9539,11584,-27066,-15482,24735,-18792,5943,NaN,NaN,NaN,NaN,74967,36713,-27174,9539,11584,-27066,-15482,24735,-18792,5943
1999-03-11T23:00:00Z,0.6265,0.6325,0.624,0.6245,36713,-27174,9539,11584,-27066,-15482,24735,-18792,5943,NaN,NaN,NaN,NaN,74967,36713,-27174,9539,11584,-27066,-15482,24735,-18792,5943
1999-03-14T23:00:00Z,0.621,0.625,0.616,0.6175,36713,-27174,9539,11584,-27066,-15482,24735,-18792,5943,NaN,NaN,NaN,NaN,74967,36713,-27174,9539,11584,-27066,-15482,24735,-18792,5943
1999-03-15T23:00:00Z,0.619,0.6225,0.616,0.6185,36250,-28418,7832,12766,-27135,-14369,25219,-18682,6537,NaN,NaN,NaN,NaN,76416,36250,-28418,7832,12766,-27135,-14369,25219,-18682,6537
1999-03-16T23:00:00Z,0.623,0.632,0.6225,0.623,36250,-28418,7832,12766,-27135,-14369,25219,-18682,6537,NaN,NaN,NaN,NaN,76416,36250,-28418,7832,12766,-27135,-14369,25219,-18682,6537
1999-03-17T23:00:00Z,0.629,0.631,0.616,0.6165,36250,-28418,7832,12766,-27135,-14369,25219,-18682,6537,NaN,NaN,NaN,NaN,76416,36250,-28418,7832,12766,-27135,-14369,25219,-18682,6537
1999-03-18T23:00:00Z,0.6215,0.626,0.616,0.6175,36250,-28418,7832,12766,-27135,-14369,25219,-18682,6537,NaN,NaN,NaN,NaN,76416,36250,-28418,7832,12766,-27135,-14369,25219,-18682,6537
1999-03-21T23:00:00Z,0.6205,0.6455,0.618,0.645,36250,-28418,7832,12766,-27135,-14369,25219,-18682,6537,NaN,NaN,NaN,NaN,76416,36250,-28418,7832,12766,-27135,-14369,25219,-18682,6537
1999-03-22T23:00:00Z,0.655,0.659,0.6495,0.656,33395,-34246,-851,12533,-21203,-8670,27083,-17562,9521,NaN,NaN,NaN,NaN,75171,33395,-34246,-851,12533,-21203,-8670,27083,-17562,9521
1999-03-23T23:00:00Z,0.649,0.657,0.646,0.652,33395,-34246,-851,12533,-21203,-8670,27083,-17562,9521,NaN,NaN,NaN,NaN,75171,33395,-34246,-851,12533,-21203,-8670,27083,-17562,9521
1999-03-24T23:00:00Z,0.6525,0.661,0.651,0.6585,33395,-34246,-851,12533,-21203,-8670,27083,-17562,9521,NaN,NaN,NaN,NaN,75171,33395,-34246,-851,12533,-21203,-8670,27083,-17562,9521
1999-03-25T23:00:00Z,0.6565,0.657,0.65,0.6515,33395,-34246,-851,12533,-21203,-8670,27083,-17562,9521,NaN,NaN,NaN,NaN,75171,33395,-34246,-851,12533,-21203,-8670,27083,-17562,9521
1999-03-28T23:00:00Z,0.638,0.64,0.6235,0.6245,33395,-34246,-851,12533,-21203,-8670,27083,-17562,9521,NaN,NaN,NaN,NaN,75171,33395,-34246,-851,12533,-21203,-8670,27083,-17562,9521
1999-03-29T23:00:00Z,0.6245,0.629,0.618,0.622,32116,-34994,-2878,13855,-19551,-5696,24930,-16356,8574,NaN,NaN,NaN,NaN,72540,32116,-34994,-2878,13855,-19551,-5696,24930,-16356,8574
1999-03-30T23:00:00Z,0.626,0.63,0.622,0.6275,32116,-34994,-2878,13855,-19551,-5696,24930,-16356,8574,NaN,NaN,NaN,NaN,72540,32116,-34994,-2878,13855,-19551,-5696,24930,-16356,8574
1999-03-31T23:00:00Z,0.624,0.632,0.624,0.6285,32116,-34994,-2878,13855,-19551,-5696,24930,-16356,8574,NaN,NaN,NaN,NaN,72540,32116,-34994,-2878,13855,-19551,-5696,24930,-16356,8574
1999-04-04T22:00:00Z,0.63,0.631,0.624,0.63,32116,-34994,-2878,13855,-19551,-5696,24930,-16356,8574,NaN,NaN,NaN,NaN,72540,32116,-34994,-2878,13855,-19551,-5696,24930,-16356,8574
1999-04-05T22:00:00Z,0.6265,0.632,0.625,0.6275,29512,-31420,-1908,13091,-20016,-6925,24985,-16152,8833,NaN,NaN,NaN,NaN,69139,29512,-31420,-1908,13091,-20016,-6925,24985,-16152,8833
1999-04-06T22:00:00Z,0.6335,0.647,0.633,0.6465,29512,-31420,-1908,13091,-20016,-6925,24985,-16152,8833,NaN,NaN,NaN,NaN,69139,29512,-31420,-1908,13091,-20016,-6925,24985,-16152,8833
1999-04-07T22:00:00Z,0.6475,0.654,0.642,0.6445,29512,-31420,-1908,13091,-20016,-6925,24985,-16152,8833,NaN,NaN,NaN,NaN,69139,29512,-31420,-1908,13091,-20016,-6925,24985,-16152,8833
1999-04-08T22:00:00Z,0.639,0.6465,0.628,0.6455,29512,-31420,-1908,13091,-20016,-6925,24985,-16152,8833,NaN,NaN,NaN,NaN,69139,29512,-31420,-1908,13091,-20016,-6925,24985,-16152,8833
1999-04-11T22:00:00Z,0.6425,0.643,0.6335,0.6355,29512,-31420,-1908,13091,-20016,-6925,24985,-16152,8833,NaN,NaN,NaN,NaN,69139,29512,-31420,-1908,13091,-20016,-6925,24985,-16152,8833
1999-04-12T22:00:00Z,0.6425,0.66,0.642,0.6565,26961,-32810,-5849,12712,-16221,-3509,24091,-14733,9358,NaN,NaN,NaN,NaN,65487,26961,-32810,-5849,12712,-16221,-3509,24091,-14733,9358
1999-04-13T22:00:00Z,0.6515,0.6565,0.646,0.6505,26961,-32810,-5849,12712,-16221,-3509,24091,-14733,9358,NaN,NaN,NaN,NaN,65487,26961,-32810,-5849,12712,-16221,-3509,24091,-14733,9358
1999-04-14T22:00:00Z,0.677,0.677,0.665,0.6715,26961,-32810,-5849,12712,-16221,-3509,24091,-14733,9358,NaN,NaN,NaN,NaN,65487,26961,-32810,-5849,12712,-16221,-3509,24091,-14733,9358
1999-04-15T22:00:00Z,0.69,0.692,0.687,0.6895,26961,-32810,-5849,12712,-16221,-3509,24091,-14733,9358,NaN,NaN,NaN,NaN,65487,26961,-32810,-5849,12712,-16221,-3509,24091,-14733,9358
1999-04-18T22:00:00Z,0.685,0.705,0.681,0.704,26961,-32810,-5849,12712,-16221,-3509,24091,-14733,9358,NaN,NaN,NaN,NaN,65487,26961,-32810,-5849,12712,-16221,-3509,24091,-14733,9358
1999-04-19T22:00:00Z,0.696,0.6995,0.684,0.6865,22187,-46055,-23868,18493,-7069,11424,27309,-14865,12444,NaN,NaN,NaN,NaN,69906,22187,-46055,-23868,18493,-7069,11424,27309,-14865,12444
1999-04-20T22:00:00Z,0.683,0.694,0.6805,0.691,22187,-46055,-23868,18493,-7069,11424,27309,-14865,12444,NaN,NaN,NaN,NaN,69906,22187,-46055,-23868,18493,-7069,11424,27309,-14865,12444
1999-04-21T22:00:00Z,0.694,0.708,0.69,0.7055,22187,-46055,-23868,18493,-7069,11424,27309,-14865,12444,NaN,NaN,NaN,NaN,69906,22187,-46055,-23868,18493,-7069,11424,27309,-14865,12444
1999-04-22T22:00:00Z,0.7,0.703,0.6965,0.697,22187,-46055,-23868,18493,-7069,11424,27309,-14865,12444,NaN,NaN,NaN,NaN,69906,22187,-46055,-23868,18493,-7069,11424,27309,-14865,12444
1999-04-25T22:00:00Z,0.6885,0.6935,0.684,0.6935,22187,-46055,-23868,18493,-7069,11424,27309,-14865,12444,NaN,NaN,NaN,NaN,69906,22187,-46055,-23868,18493,-7069,11424,27309,-14865,12444
1999-04-26T22:00:00Z,0.689,0.7,0.687,0.696,22834,-51219,-28385,22805,-7127,15678,28060,-15353,12707,NaN,NaN,NaN,NaN,75024,22834,-51219,-28385,22805,-7127,15678,28060,-15353,12707
1999-04-27T22:00:00Z,0.6975,0.7065,0.694,0.699,22834,-51219,-28385,22805,-7127,15678,28060,-15353,12707,NaN,NaN,NaN,NaN,75024,22834,-51219,-28385,22805,-7127,15678,28060,-15353,12707
1999-04-28T22:00:00Z,0.72,0.729,0.715,0.7255,22834,-51219,-28385,22805,-7127,15678,28060,-15353,12707,NaN,NaN,NaN,NaN,75024,22834,-51219,-28385,22805,-7127,15678,28060,-15353,12707
1999-04-29T22:00:00Z,0.7255,0.728,0.719,0.7275,22834,-51219,-28385,22805,-7127,15678,28060,-15353,12707,NaN,NaN,NaN,NaN,75024,22834,-51219,-28385,22805,-7127,15678,28060,-15353,12707
1999-05-02T22:00:00Z,0.727,0.734,0.7235,0.733,22834,-51219,-28385,22805,-7127,15678,28060,-15353,12707,NaN,NaN,NaN,NaN,75024,22834,-51219,-28385,22805,-7127,15678,28060,-15353,12707
1999-05-03T22:00:00Z,0.7275,0.7325,0.724,0.727,20440,-55423,-34983,27656,-7207,20449,29111,-14577,14534,NaN,NaN,NaN,NaN,78396,20440,-55423,-34983,27656,-7207,20449,29111,-14577,14534
1999-05-04T22:00:00Z,0.7225,0.7255,0.717,0.722,20440,-55423,-34983,27656,-7207,20449,29111,-14577,14534,NaN,NaN,NaN,NaN,78396,20440,-55423,-34983,27656,-7207,20449,29111,-14577,14534
1999-05-05T22:00:00Z,0.73,0.737,0.728,0.7285,20440,-55423,-34983,27656,-7207,20449,29111,-14577,14534,NaN,NaN,NaN,NaN,78396,20440,-55423,-34983,27656,-7207,20449,29111,-14577,14534
1999-05-06T22:00:00Z,0.722,0.728,0.7185,0.7225,20440,-55423,-34983,27656,-7207,20449,29111,-14577,14534,NaN,NaN,NaN,NaN,78396,20440,-55423,-34983,27656,-7207,20449,29111,-14577,14534
1999-05-09T22:00:00Z,0.725,0.7255,0.717,0.7225,20440,-55423,-34983,27656,-7207,20449,29111,-14577,14534,NaN,NaN,NaN,NaN,78396,20440,-55423,-34983,27656,-7207,20449,29111,-14577,14534
1999-05-10T22:00:00Z,0.712,0.7235,0.7075,0.722,21043,-60387,-39344,29951,-5875,24076,29359,-14091,15268,NaN,NaN,NaN,NaN,81621,21043,-60387,-39344,29951,-5875,24076,29359,-14091,15268
1999-05-11T22:00:00Z,0.7175,0.7185,0.709,0.71,21043,-60387,-39344,29951,-5875,24076,29359,-14091,15268,NaN,NaN,NaN,NaN,81621,21043,-60387,-39344,29951,-5875,24076,29359,-14091,15268
1999-05-12T22:00:00Z,0.715,0.717,0.709,0.716,21043,-60387,-39344,29951,-5875,24076,29359,-14091,15268,NaN,NaN,NaN,NaN,81621,21043,-60387,-39344,29951,-5875,24076,29359,-14091,15268
1999-05-13T22:00:00Z,0.707,0.72,0.7025,0.719,21043,-60387,-39344,29951,-5875,24076,29359,-14091,15268,NaN,NaN,NaN,NaN,81621,21043,-60387,-39344,29951,-5875,24076,29359,-14091,15268
1999-05-16T22:00:00Z,0.714,0.715,0.7085,0.713,21043,-60387,-39344,29951,-5875,24076,29359,-14091,15268,NaN,NaN,NaN,NaN,81621,21043,-60387,-39344,29951,-5875,24076,29359,-14091,15268
1999-05-17T22:00:00Z,0.7155,0.717,0.6985,0.7075,20626,-59090,-38464,29560,-5144,24416,27864,-13816,14048,NaN,NaN,NaN,NaN,79155,20626,-59090,-38464,29560,-5144,24416,27864,-13816,14048
1999-05-18T22:00:00Z,0.698,0.7025,0.6855,0.687,20626,-59090,-38464,29560,-5144,24416,27864,-13816,14048,NaN,NaN,NaN,NaN,79155,20626,-59090,-38464,29560,-5144,24416,27864,-13816,14048
1999-05-19T22:00:00Z,0.6865,0.6915,0.678,0.679,20626,-59090,-38464,29560,-5144,24416,27864,-13816,14048,NaN,NaN,NaN,NaN,79155,20626,-59090,-38464,29560,-5144,24416,27864,-13816,14048
1999-05-20T22:00:00Z,0.678,0.684,0.668,0.671,20626,-59090,-38464,29560,-5144,24416,27864,-13816,14048,NaN,NaN,NaN,NaN,79155,20626,-59090,-38464,29560,-5144,24416,27864,-13816,14048
1999-05-23T22:00:00Z,0.672,0.676,0.6655,0.6715,20626,-59090,-38464,29560,-5144,24416,27864,-13816,14048,NaN,NaN,NaN,NaN,79155,20626,-59090,-38464,29560,-5144,24416,27864,-13816,14048
1999-05-24T22:00:00Z,0.674,0.6785,0.6705,0.6735,23774,-49018,-25244,18926,-3719,15207,25229,-15192,10037,NaN,NaN,NaN,NaN,69010,23774,-49018,-25244,18926,-3719,15207,25229,-15192,10037
1999-05-25T22:00:00Z,0.6705,0.6725,0.6625,0.6645,23774,-49018,-25244,18926,-3719,15207,25229,-15192,10037,NaN,NaN,NaN,NaN,69010,23774,-49018,-25244,18926,-3719,15207,25229,-15192,10037
1999-05-26T22:00:00Z,0.6555,0.657,0.63,0.6315,23774,-49018,-25244,18926,-3719,15207,25229,-15192,10037,NaN,NaN,NaN,NaN,69010,23774,-49018,-25244,18926,-3719,15207,25229,-15192,10037
1999-05-27T22:00:00Z,0.621,0.63,0.611,0.628,23774,-49018,-25244,18926,-3719,15207,25229,-15192,10037,NaN,NaN,NaN,NaN,69010,23774,-49018,-25244,18926,-3719,15207,25229,-15192,10037
1999-05-31T22:00:00Z,0.628,0.637,0.626,0.635,28398,-39788,-11390,14416,-10714,3702,25044,-17356,7688,NaN,NaN,NaN,NaN,69114,28398,-39788,-11390,14416,-10714,3702,25044,-17356,7688
1999-06-01T22:00:00Z,0.6355,0.639,0.622,0.623,28398,-39788,-11390,14416,-10714,3702,25044,-17356,7688,NaN,NaN,NaN,NaN,69114,28398,-39788,-11390,14416,-10714,3702,25044,-17356,7688
1999-06-02T22:00:00Z,0.6235,0.626,0.617,0.624,28398,-39788,-11390,14416,-10714,3702,25044,-17356,7688,NaN,NaN,NaN,NaN,69114,28398,-39788,-11390,14416,-10714,3702,25044,-17356,7688
1999-06-03T22:00:00Z,0.6325,0.636,0.62,0.62,28398,-39788,-11390,14416,-10714,3702,25044,-17356,7688,NaN,NaN,NaN,NaN,69114,28398,-39788,-11390,14416,-10714,3702,25044,-17356,7688
1999-06-06T22:00:00Z,0.6225,0.631,0.62,0.63,28398,-39788,-11390,14416,-10714,3702,25044,-17356,7688,NaN,NaN,NaN,NaN,69114,28398,-39788,-11390,14416,-10714,3702,25044,-17356,7688
1999-06-07T22:00:00Z,0.633,0.6385,0.626,0.636,30107,-36884,-6777,15007,-14558,449,25170,-18842,6328,NaN,NaN,NaN,NaN,71812,30107,-36884,-6777,15007,-14558,449,25170,-18842,6328
1999-06-08T22:00:00Z,0.635,0.642,0.635,0.6385,30107,-36884,-6777,15007,-14558,449,25170,-18842,6328,NaN,NaN,NaN,NaN,71812,30107,-36884,-6777,15007,-14558,449,25170,-18842,6328
1999-06-09T22:00:00Z,0.641,0.6485,0.639,0.64,30107,-36884,-6777,15007,-14558,449,25170,-18842,6328,NaN,NaN,NaN,NaN,71812,30107,-36884,-6777,15007,-14558,449,25170,-18842,6328
1999-06-10T22:00:00Z,0.64,0.652,0.636,0.6455,30107,-36884,-6777,15007,-14558,449,25170,-18842,6328,NaN,NaN,NaN,NaN,71812,30107,-36884,-6777,15007,-14558,449,25170,-18842,6328
1999-06-13T22:00:00Z,0.648,0.65,0.6405,0.649,30107,-36884,-6777,15007,-14558,449,25170,-18842,6328,NaN,NaN,NaN,NaN,71812,30107,-36884,-6777,15007,-14558,449,25170,-18842,6328
1999-06-14T22:00:00Z,0.6415,0.643,0.63,0.6325,31801,-36345,-4544,12822,-15987,-3165,25498,-17789,7709,NaN,NaN,NaN,NaN,71993,31801,-36345,-4544,12822,-15987,-3165,25498,-17789,7709
1999-06-15T22:00:00Z,0.632,0.634,0.628,0.6295,31801,-36345,-4544,12822,-15987,-3165,25498,-17789,7709,NaN,NaN,NaN,NaN,71993,31801,-36345,-4544,12822,-15987,-3165,25498,-17789,7709
1999-06-16T22:00:00Z,0.631,0.634,0.6265,0.6325,31801,-36345,-4544,12822,-15987,-3165,25498,-17789,7709,NaN,NaN,NaN,NaN,71993,31801,-36345,-4544,12822,-15987,-3165,25498,-17789,7709
1999-06-17T22:00:00Z,0.642,0.658,0.637,0.654,31801,-36345,-4544,12822,-15987,-3165,25498,-17789,7709,NaN,NaN,NaN,NaN,71993,31801,-36345,-4544,12822,-15987,-3165,25498,-17789,7709
1999-06-20T22:00:00Z,0.656,0.661,0.6535,0.66,31801,-36345,-4544,12822,-15987,-3165,25498,-17789,7709,NaN,NaN,NaN,NaN,71993,31801,-36345,-4544,12822,-15987,-3165,25498,-17789,7709
1999-06-21T22:00:00Z,0.657,0.6705,0.6515,0.664,29428,-38937,-9509,13169,-13795,-626,27030,-16895,10135,NaN,NaN,NaN,NaN,70839,29428,-38937,-9509,13169,-13795,-626,27030,-16895,10135
1999-06-22T22:00:00Z,0.663,0.664,0.655,0.66,29428,-38937,-9509,13169,-13795,-626,27030,-16895,10135,NaN,NaN,NaN,NaN,70839,29428,-38937,-9509,13169,-13795,-626,27030,-16895,10135
1999-06-23T22:00:00Z,0.661,0.67,0.656,0.6635,29428,-38937,-9509,13169,-13795,-626,27030,-16895,10135,NaN,NaN,NaN,NaN,70839,29428,-38937,-9509,13169,-13795,-626,27030,-16895,10135
1999-06-24T22:00:00Z,0.672,0.6915,0.6715,0.69,29428,-38937,-9509,13169,-13795,-626,27030,-16895,10135,NaN,NaN,NaN,NaN,70839,29428,-38937,-9509,13169,-13795,-626,27030,-16895,10135
1999-06-27T22:00:00Z,0.7,0.705,0.695,0.697,29428,-38937,-9509,13169,-13795,-626,27030,-16895,10135,NaN,NaN,NaN,NaN,70839,29428,-38937,-9509,13169,-13795,-626,27030,-16895,10135
1999-06-28T22:00:00Z,0.718,0.72,0.707,0.716,30215,-44439,-14224,12010,-8318,3692,24793,-14261,10532,NaN,NaN,NaN,NaN,69011,30215,-44439,-14224,12010,-8318,3692,24793,-14261,10532
1999-06-29T22:00:00Z,0.714,0.769,0.7125,0.7665,30215,-44439,-14224,12010,-8318,3692,24793,-14261,10532,NaN,NaN,NaN,NaN,69011,30215,-44439,-14224,12010,-8318,3692,24793,-14261,10532
1999-06-30T22:00:00Z,0.764,0.775,0.757,0.76,30215,-44439,-14224,12010,-8318,3692,24793,-14261,10532,NaN,NaN,NaN,NaN,69011,30215,-44439,-14224,12010,-8318,3692,24793,-14261,10532
1999-07-01T22:00:00Z,0.764,0.766,0.757,0.765,30215,-44439,-14224,12010,-8318,3692,24793,-14261,10532,NaN,NaN,NaN,NaN,69011,30215,-44439,-14224,12010,-8318,3692,24793,-14261,10532
1999-07-05T22:00:00Z,0.759,0.771,0.755,0.762,24661,-51345,-26684,20340,-8458,11882,27077,-12275,14802,NaN,NaN,NaN,NaN,73755,24661,-51345,-26684,20340,-8458,11882,27077,-12275,14802
1999-07-06T22:00:00Z,0.761,0.787,0.759,0.786,24661,-51345,-26684,20340,-8458,11882,27077,-12275,14802,NaN,NaN,NaN,NaN,73755,24661,-51345,-26684,20340,-8458,11882,27077,-12275,14802
1999-07-07T22:00:00Z,0.7955,0.803,0.779,0.7815,24661,-51345,-26684,20340,-8458,11882,27077,-12275,14802,NaN,NaN,NaN,NaN,73755,24661,-51345,-26684,20340,-8458,11882,27077,-12275,14802
1999-07-08T22:00:00Z,0.779,0.787,0.769,0.781,24661,-51345,-26684,20340,-8458,11882,27077,-12275,14802,NaN,NaN,NaN,NaN,73755,24661,-51345,-26684,20340,-8458,11882,27077,-12275,14802
1999-07-11T22:00:00Z,0.777,0.782,0.772,0.779,24661,-51345,-26684,20340,-8458,11882,27077,-12275,14802,NaN,NaN,NaN,NaN,73755,24661,-51345,-26684,20340,-8458,11882,27077,-12275,14802
1999-07-12T22:00:00Z,0.771,0.772,0.755,0.762,25906,-54030,-28124,22854,-7993,14861,26764,-13501,13263,NaN,NaN,NaN,NaN,76969,25906,-54030,-28124,22854,-7993,14861,26764,-13501,13263
1999-07-13T22:00:00Z,0.763,0.7835,0.7625,0.777,25906,-54030,-28124,22854,-7993,14861,26764,-13501,13263,NaN,NaN,NaN,NaN,76969,25906,-54030,-28124,22854,-7993,14861,26764,-13501,13263
1999-07-14T22:00:00Z,0.788,0.8015,0.78,0.799,25906,-54030,-28124,22854,-7993,14861,26764,-13501,13263,NaN,NaN,NaN,NaN,76969,25906,-54030,-28124,22854,-7993,14861,26764,-13501,13263
1999-07-15T22:00:00Z,0.774,0.791,0.763,0.783,25906,-54030,-28124,22854,-7993,14861,26764,-13501,13263,NaN,NaN,NaN,NaN,76969,25906,-54030,-28124,22854,-7993,14861,26764,-13501,13263
1999-07-18T22:00:00Z,0.779,0.78,0.772,0.779,25906,-54030,-28124,22854,-7993,14861,26764,-13501,13263,NaN,NaN,NaN,NaN,76969,25906,-54030,-28124,22854,-7993,14861,26764,-13501,13263
1999-07-19T22:00:00Z,0.781,0.784,0.765,0.7695,27089,-55925,-28836,23036,-7489,15547,26399,-13110,13289,NaN,NaN,NaN,NaN,77903,27089,-55925,-28836,23036,-7489,15547,26399,-13110,13289
1999-07-20T22:00:00Z,0.764,0.772,0.74,0.7475,27089,-55925,-28836,23036,-7489,15547,26399,-13110,13289,NaN,NaN,NaN,NaN,77903,27089,-55925,-28836,23036,-7489,15547,26399,-13110,13289
1999-07-21T22:00:00Z,0.746,0.755,0.739,0.754,27089,-55925,-28836,23036,-7489,15547,26399,-13110,13289,NaN,NaN,NaN,NaN,77903,27089,-55925,-28836,23036,-7489,15547,26399,-13110,13289
1999-07-22T22:00:00Z,0.7515,0.763,0.742,0.746,27089,-55925,-28836,23036,-7489,15547,26399,-13110,13289,NaN,NaN,NaN,NaN,77903,27089,-55925,-28836,23036,-7489,15547,26399,-13110,13289
1999-07-25T22:00:00Z,0.741,0.75,0.731,0.747,27089,-55925,-28836,23036,-7489,15547,26399,-13110,13289,NaN,NaN,NaN,NaN,77903,27089,-55925,-28836,23036,-7489,15547,26399,-13110,13289
1999-07-26T22:00:00Z,0.75,0.762,0.749,0.754,27517,-53842,-26325,21021,-6154,14867,24258,-12800,11458,NaN,NaN,NaN,NaN,74155,27517,-53842,-26325,21021,-6154,14867,24258,-12800,11458
1999-07-27T22:00:00Z,0.742,0.748,0.737,0.745,27517,-53842,-26325,21021,-6154,14867,24258,-12800,11458,NaN,NaN,NaN,NaN,74155,27517,-53842,-26325,21021,-6154,14867,24258,-12800,11458
1999-07-28T22:00:00Z,0.741,0.7475,0.7315,0.7335,27517,-53842,-26325,21021,-6154,14867,24258,-12800,11458,NaN,NaN,NaN,NaN,74155,27517,-53842,-26325,21021,-6154,14867,24258,-12800,11458
1999-07-29T22:00:00Z,0.737,0.764,0.736,0.7625,27517,-53842,-26325,21021,-6154,14867,24258,-12800,11458,NaN,NaN,NaN,NaN,74155,27517,-53842,-26325,21021,-6154,14867,24258,-12800,11458
1999-08-01T22:00:00Z,0.756,0.759,0.745,0.748,27517,-53842,-26325,21021,-6154,14867,24258,-12800,11458,NaN,NaN,NaN,NaN,74155,27517,-53842,-26325,21021,-6154,14867,24258,-12800,11458
1999-08-02T22:00:00Z,0.7545,0.763,0.751,0.756,25269,-50734,-25465,18876,-6859,12017,25328,-11880,13448,NaN,NaN,NaN,NaN,70577,25269,-50734,-25465,18876,-6859,12017,25328,-11880,13448
1999-08-03T22:00:00Z,0.755,0.7645,0.7525,0.7615,25269,-50734,-25465,18876,-6859,12017,25328,-11880,13448,NaN,NaN,NaN,NaN,70577,25269,-50734,-25465,18876,-6859,12017,25328,-11880,13448
1999-08-04T22:00:00Z,0.776,0.781,0.7645,0.774,25269,-50734,-25465,18876,-6859,12017,25328,-11880,13448,NaN,NaN,NaN,NaN,70577,25269,-50734,-25465,18876,-6859,12017,25328,-11880,13448
1999-08-05T22:00:00Z,0.775,0.78,0.77,0.777,25269,-50734,-25465,18876,-6859,12017,25328,-11880,13448,NaN,NaN,NaN,NaN,70577,25269,-50734,-25465,18876,-6859,12017,25328,-11880,13448
1999-08-08T22:00:00Z,0.778,0.783,0.774,0.7775,25269,-50734,-25465,18876,-6859,12017,25328,-11880,13448,NaN,NaN,NaN,NaN,70577,25269,-50734,-25465,18876,-6859,12017,25328,-11880,13448
1999-08-09T22:00:00Z,0.77,0.779,0.765,0.7675,24477,-51399,-26922,20040,-7997,12043,26727,-11848,14879,NaN,NaN,NaN,NaN,72457,24477,-51399,-26922,20040,-7997,12043,26727,-11848,14879
1999-08-10T22:00:00Z,0.7675,0.778,0.758,0.7775,24477,-51399,-26922,20040,-7997,12043,26727,-11848,14879,NaN,NaN,NaN,NaN,72457,24477,-51399,-26922,20040,-7997,12043,26727,-11848,14879
1999-08-11T22:00:00Z,0.7805,0.788,0.77,0.771,24477,-51399,-26922,20040,-7997,12043,26727,-11848,14879,NaN,NaN,NaN,NaN,72457,24477,-51399,-26922,20040,-7997,12043,26727,-11848,14879
1999-08-12T22:00:00Z,0.772,0.779,0.756,0.776,24477,-51399,-26922,20040,-7997,12043,26727,-11848,14879,NaN,NaN,NaN,NaN,72457,24477,-51399,-26922,20040,-7997,12043,26727,-11848,14879
1999-08-16T22:00:00Z,0.771,0.7775,0.7675,0.7705,23576,-50922,-27346,21526,-7718,13808,24649,-11111,13538,NaN,NaN,NaN,NaN,71744,23576,-50922,-27346,21526,-7718,13808,24649,-11111,13538
1999-08-17T22:00:00Z,0.7675,0.7735,0.743,0.7455,23576,-50922,-27346,21526,-7718,13808,24649,-11111,13538,NaN,NaN,NaN,NaN,71744,23576,-50922,-27346,21526,-7718,13808,24649,-11111,13538
1999-08-18T22:00:00Z,0.746,0.751,0.74,0.7475,23576,-50922,-27346,21526,-7718,13808,24649,-11111,13538,NaN,NaN,NaN,NaN,71744,23576,-50922,-27346,21526,-7718,13808,24649,-11111,13538
1999-08-19T22:00:00Z,0.749,0.754,0.735,0.7405,23576,-50922,-27346,21526,-7718,13808,24649,-11111,13538,NaN,NaN,NaN,NaN,71744,23576,-50922,-27346,21526,-7718,13808,24649,-11111,13538
1999-08-22T22:00:00Z,0.74,0.743,0.733,0.739,23576,-50922,-27346,21526,-7718,13808,24649,-11111,13538,NaN,NaN,NaN,NaN,71744,23576,-50922,-27346,21526,-7718,13808,24649,-11111,13538
1999-08-23T22:00:00Z,0.7485,0.756,0.7465,0.7555,23990,-44531,-20541,17542,-6212,11330,22817,-13606,9211,NaN,NaN,NaN,NaN,66274,23990,-44531,-20541,17542,-6212,11330,22817,-13606,9211
1999-08-24T22:00:00Z,0.763,0.7675,0.749,0.7525,23990,-44531,-20541,17542,-6212,11330,22817,-13606,9211,NaN,NaN,NaN,NaN,66274,23990,-44531,-20541,17542,-6212,11330,22817,-13606,9211
1999-08-25T22:00:00Z,0.75,0.7595,0.744,0.7485,23990,-44531,-20541,17542,-6212,11330,22817,-13606,9211,NaN,NaN,NaN,NaN,66274,23990,-44531,-20541,17542,-6212,11330,22817,-13606,9211
1999-08-26T22:00:00Z,0.748,0.755,0.747,0.7535,23990,-44531,-20541,17542,-6212,11330,22817,-13606,9211,NaN,NaN,NaN,NaN,66274,23990,-44531,-20541,17542,-6212,11330,22817,-13606,9211
1999-08-29T22:00:00Z,0.763,0.765,0.7535,0.761,23990,-44531,-20541,17542,-6212,11330,22817,-13606,9211,NaN,NaN,NaN,NaN,66274,23990,-44531,-20541,17542,-6212,11330,22817,-13606,9211
1999-08-30T22:00:00Z,0.7695,0.794,0.769,0.792,27193,-53544,-26351,17765,-2593,15172,22364,-11185,11179,NaN,NaN,NaN,NaN,69482,27193,-53544,-26351,17765,-2593,15172,22364,-11185,11179
1999-08-31T22:00:00Z,0.7995,0.808,0.797,0.807,27193,-53544,-26351,17765,-2593,15172,22364,-11185,11179,NaN,NaN,NaN,NaN,69482,27193,-53544,-26351,17765,-2593,15172,22364,-11185,11179
1999-09-01T22:00:00Z,0.802,0.8155,0.798,0.8105,27193,-53544,-26351,17765,-2593,15172,22364,-11185,11179,NaN,NaN,NaN,NaN,69482,27193,-53544,-26351,17765,-2593,15172,22364,-11185,11179
1999-09-02T22:00:00Z,0.8105,0.817,0.805,0.808,27193,-53544,-26351,17765,-2593,15172,22364,-11185,11179,NaN,NaN,NaN,NaN,69482,27193,-53544,-26351,17765,-2593,15172,22364,-11185,11179
1999-09-06T22:00:00Z,0.82,0.8275,0.817,0.8265,27131,-63154,-36023,25178,-3079,22099,24251,-10327,13924,NaN,NaN,NaN,NaN,78846,27131,-63154,-36023,25178,-3079,22099,24251,-10327,13924
1999-09-07T22:00:00Z,0.819,0.823,0.814,0.822,27131,-63154,-36023,25178,-3079,22099,24251,-10327,13924,NaN,NaN,NaN,NaN,78846,27131,-63154,-36023,25178,-3079,22099,24251,-10327,13924
1999-09-08T22:00:00Z,0.823,0.836,0.818,0.8335,27131,-63154,-36023,25178,-3079,22099,24251,-10327,13924,NaN,NaN,NaN,NaN,78846,27131,-63154,-36023,25178,-3079,22099,24251,-10327,13924
1999-09-09T22:00:00Z,0.8215,0.831,0.821,0.8285,27131,-63154,-36023,25178,-3079,22099,24251,-10327,13924,NaN,NaN,NaN,NaN,78846,27131,-63154,-36023,25178,-3079,22099,24251,-10327,13924
1999-09-12T22:00:00Z,0.825,0.825,0.818,0.8215,27131,-63154,-36023,25178,-3079,22099,24251,-10327,13924,NaN,NaN,NaN,NaN,78846,27131,-63154,-36023,25178,-3079,22099,24251,-10327,13924
1999-09-13T22:00:00Z,0.817,0.818,0.804,0.8085,26174,-64436,-38262,27234,-4270,22964,26094,-10796,15298,NaN,NaN,NaN,NaN,82506,26174,-64436,-38262,27234,-4270,22964,26094,-10796,15298
1999-09-14T22:00:00Z,0.803,0.836,0.8,0.829,26174,-64436,-38262,27234,-4270,22964,26094,-10796,15298,NaN,NaN,NaN,NaN,82506,26174,-64436,-38262,27234,-4270,22964,26094,-10796,15298
1999-09-15T22:00:00Z,0.834,0.835,0.822,0.823,26174,-64436,-38262,27234,-4270,22964,26094,-10796,15298,NaN,NaN,NaN,NaN,82506,26174,-64436,-38262,27234,-4270,22964,26094,-10796,15298
1999-09-16T22:00:00Z,0.8325,0.844,0.832,0.8435,26174,-64436,-38262,27234,-4270,22964,26094,-10796,15298,NaN,NaN,NaN,NaN,82506,26174,-64436,-38262,27234,-4270,22964,26094,-10796,15298
1999-09-19T22:00:00Z,0.839,0.84,0.827,0.8295,26174,-64436,-38262,27234,-4270,22964,26094,-10796,15298,NaN,NaN,NaN,NaN,82506,26174,-64436,-38262,27234,-4270,22964,26094,-10796,15298
1999-09-20T22:00:00Z,0.839,0.84,0.829,0.8365,24233,-64242,-40009,29983,-4406,25577,25416,-10984,14432,NaN,NaN,NaN,NaN,83069,24233,-64242,-40009,29983,-4406,25577,25416,-10984,14432
1999-09-21T22:00:00Z,0.832,0.836,0.815,0.822,24233,-64242,-40009,29983,-4406,25577,25416,-10984,14432,NaN,NaN,NaN,NaN,83069,24233,-64242,-40009,29983,-4406,25577,25416,-10984,14432
1999-09-22T22:00:00Z,0.821,0.825,0.809,0.815,24233,-64242,-40009,29983,-4406,25577,25416,-10984,14432,NaN,NaN,NaN,NaN,83069,24233,-64242,-40009,29983,-4406,25577,25416,-10984,14432
1999-09-23T22:00:00Z,0.814,0.8175,0.796,0.8015,24233,-64242,-40009,29983,-4406,25577,25416,-10984,14432,NaN,NaN,NaN,NaN,83069,24233,-64242,-40009,29983,-4406,25577,25416,-10984,14432
1999-09-26T22:00:00Z,0.807,0.813,0.795,0.797,24233,-64242,-40009,29983,-4406,25577,25416,-10984,14432,NaN,NaN,NaN,NaN,83069,24233,-64242,-40009,29983,-4406,25577,25416,-10984,14432
1999-09-27T22:00:00Z,0.808,0.83,0.802,0.817,27338,-63563,-36225,24872,-2987,21885,23907,-9567,14340,NaN,NaN,NaN,NaN,78359,27338,-63563,-36225,24872,-2987,21885,23907,-9567,14340
1999-09-28T22:00:00Z,0.83,0.833,0.81,0.8105,27338,-63563,-36225,24872,-2987,21885,23907,-9567,14340,NaN,NaN,NaN,NaN,78359,27338,-63563,-36225,24872,-2987,21885,23907,-9567,14340
1999-09-29T22:00:00Z,0.815,0.827,0.8115,0.8265,27338,-63563,-36225,24872,-2987,21885,23907,-9567,14340,NaN,NaN,NaN,NaN,78359,27338,-63563,-36225,24872,-2987,21885,23907,-9567,14340
1999-09-30T22:00:00Z,0.818,0.8275,0.806,0.815,27338,-63563,-36225,24872,-2987,21885,23907,-9567,14340,NaN,NaN,NaN,NaN,78359,27338,-63563,-36225,24872,-2987,21885,23907,-9567,14340
1999-10-03T22:00:00Z,0.813,0.816,0.803,0.8065,27338,-63563,-36225,24872,-2987,21885,23907,-9567,14340,NaN,NaN,NaN,NaN,78359,27338,-63563,-36225,24872,-2987,21885,23907,-9567,14340
1999-10-04T22:00:00Z,0.8135,0.816,0.799,0.81,29163,-62692,-33529,22744,-1904,20840,23166,-10477,12689,NaN,NaN,NaN,NaN,77477,29163,-62692,-33529,22744,-1904,20840,23166,-10477,12689
1999-10-05T22:00:00Z,0.815,0.818,0.8,0.8055,29163,-62692,-33529,22744,-1904,20840,23166,-10477,12689,NaN,NaN,NaN,NaN,77477,29163,-62692,-33529,22744,-1904,20840,23166,-10477,12689
1999-10-06T22:00:00Z,0.804,0.811,0.795,0.805,29163,-62692,-33529,22744,-1904,20840,23166,-10477,12689,NaN,NaN,NaN,NaN,77477,29163,-62692,-33529,22744,-1904,20840,23166,-10477,12689
1999-10-07T22:00:00Z,0.785,0.785,0.763,0.7675,29163,-62692,-33529,22744,-1904,20840,23166,-10477,12689,NaN,NaN,NaN,NaN,77477,29163,-62692,-33529,22744,-1904,20840,23166,-10477,12689
1999-10-10T22:00:00Z,0.76,0.767,0.752,0.759,29163,-62692,-33529,22744,-1904,20840,23166,-10477,12689,NaN,NaN,NaN,NaN,77477,29163,-62692,-33529,22744,-1904,20840,23166,-10477,12689
1999-10-11T22:00:00Z,0.777,0.7935,0.769,0.787,33410,-54814,-21404,16826,-3865,12961,20809,-12366,8443,NaN,NaN,NaN,NaN,72542,33410,-54814,-21404,16826,-3865,12961,20809,-12366,8443
1999-10-12T22:00:00Z,0.7865,0.801,0.7855,0.7955,33410,-54814,-21404,16826,-3865,12961,20809,-12366,8443,NaN,NaN,NaN,NaN,72542,33410,-54814,-21404,16826,-3865,12961,20809,-12366,8443
1999-10-13T22:00:00Z,0.795,0.7965,0.783,0.79,33410,-54814,-21404,16826,-3865,12961,20809,-12366,8443,NaN,NaN,NaN,NaN,72542,33410,-54814,-21404,16826,-3865,12961,20809,-12366,8443
1999-10-14T22:00:00Z,0.7865,0.791,0.778,0.7895,33410,-54814,-21404,16826,-3865,12961,20809,-12366,8443,NaN,NaN,NaN,NaN,72542,33410,-54814,-21404,16826,-3865,12961,20809,-12366,8443
1999-10-17T22:00:00Z,0.783,0.797,0.778,0.796,33410,-54814,-21404,16826,-3865,12961,20809,-12366,8443,NaN,NaN,NaN,NaN,72542,33410,-54814,-21404,16826,-3865,12961,20809,-12366,8443
1999-10-18T22:00:00Z,0.794,0.8015,0.7895,0.791,32400,-53810,-21410,15329,-2982,12347,20225,-11162,9063,NaN,NaN,NaN,NaN,69354,32400,-53810,-21410,15329,-2982,12347,20225,-11162,9063
1999-10-19T22:00:00Z,0.804,0.815,0.803,0.813,32400,-53810,-21410,15329,-2982,12347,20225,-11162,9063,NaN,NaN,NaN,NaN,69354,32400,-53810,-21410,15329,-2982,12347,20225,-11162,9063
1999-10-20T22:00:00Z,0.8185,0.82,0.807,0.8125,32400,-53810,-21410,15329,-2982,12347,20225,-11162,9063,NaN,NaN,NaN,NaN,69354,32400,-53810,-21410,15329,-2982,12347,20225,-11162,9063
1999-10-21T22:00:00Z,0.8125,0.822,0.811,0.8175,32400,-53810,-21410,15329,-2982,12347,20225,-11162,9063,NaN,NaN,NaN,NaN,69354,32400,-53810,-21410,15329,-2982,12347,20225,-11162,9063
1999-10-24T22:00:00Z,0.815,0.8165,0.806,0.8095,32400,-53810,-21410,15329,-2982,12347,20225,-11162,9063,NaN,NaN,NaN,NaN,69354,32400,-53810,-21410,15329,-2982,12347,20225,-11162,9063
1999-10-25T22:00:00Z,0.801,0.809,0.795,0.798,31989,-56046,-24057,15922,-1635,14287,20920,-11150,9770,NaN,NaN,NaN,NaN,70550,31989,-56046,-24057,15922,-1635,14287,20920,-11150,9770
1999-10-26T22:00:00Z,0.7995,0.802,0.785,0.7975,31989,-56046,-24057,15922,-1635,14287,20920,-11150,9770,NaN,NaN,NaN,NaN,70550,31989,-56046,-24057,15922,-1635,14287,20920,-11150,9770
1999-10-27T22:00:00Z,0.796,0.8085,0.791,0.807,31989,-56046,-24057,15922,-1635,14287,20920,-11150,9770,NaN,NaN,NaN,NaN,70550,31989,-56046,-24057,15922,-1635,14287,20920,-11150,9770
1999-10-28T22:00:00Z,0.813,0.814,0.804,0.8055,31989,-56046,-24057,15922,-1635,14287,20920,-11150,9770,NaN,NaN,NaN,NaN,70550,31989,-56046,-24057,15922,-1635,14287,20920,-11150,9770
1999-10-31T23:00:00Z,0.809,0.8125,0.802,0.805,31989,-56046,-24057,15922,-1635,14287,20920,-11150,9770,NaN,NaN,NaN,NaN,70550,31989,-56046,-24057,15922,-1635,14287,20920,-11150,9770
1999-11-01T23:00:00Z,0.8035,0.819,0.802,0.814,31069,-56187,-25118,15368,-2400,12968,21048,-8898,12150,NaN,NaN,NaN,NaN,69037,31069,-56187,-25118,15368,-2400,12968,21048,-8898,12150
1999-11-02T23:00:00Z,0.818,0.824,0.81,0.8115,31069,-56187,-25118,15368,-2400,12968,21048,-8898,12150,NaN,NaN,NaN,NaN,69037,31069,-56187,-25118,15368,-2400,12968,21048,-8898,12150
1999-11-03T23:00:00Z,0.815,0.824,0.8065,0.809,31069,-56187,-25118,15368,-2400,12968,21048,-8898,12150,NaN,NaN,NaN,NaN,69037,31069,-56187,-25118,15368,-2400,12968,21048,-8898,12150
1999-11-04T23:00:00Z,0.8045,0.811,0.797,0.8005,31069,-56187,-25118,15368,-2400,12968,21048,-8898,12150,NaN,NaN,NaN,NaN,69037,31069,-56187,-25118,15368,-2400,12968,21048,-8898,12150
1999-11-07T23:00:00Z,0.7995,0.8095,0.793,0.7985,31069,-56187,-25118,15368,-2400,12968,21048,-8898,12150,NaN,NaN,NaN,NaN,69037,31069,-56187,-25118,15368,-2400,12968,21048,-8898,12150
1999-11-08T23:00:00Z,0.799,0.807,0.7985,0.8045,29915,-53380,-23465,15039,-2453,12586,22365,-11486,10879,NaN,NaN,NaN,NaN,69255,29915,-53380,-23465,15039,-2453,12586,22365,-11486,10879
1999-11-09T23:00:00Z,0.8,0.803,0.788,0.7905,29915,-53380,-23465,15039,-2453,12586,22365,-11486,10879,NaN,NaN,NaN,NaN,69255,29915,-53380,-23465,15039,-2453,12586,22365,-11486,10879
1999-11-10T23:00:00Z,0.7935,0.7955,0.776,0.7805,29915,-53380,-23465,15039,-2453,12586,22365,-11486,10879,NaN,NaN,NaN,NaN,69255,29915,-53380,-23465,15039,-2453,12586,22365,-11486,10879
1999-11-11T23:00:00Z,0.783,0.783,0.765,0.7725,29915,-53380,-23465,15039,-2453,12586,22365,-11486,10879,NaN,NaN,NaN,NaN,69255,29915,-53380,-23465,15039,-2453,12586,22365,-11486,10879
1999-11-14T23:00:00Z,0.774,0.7825,0.766,0.782,29915,-53380,-23465,15039,-2453,12586,22365,-11486,10879,NaN,NaN,NaN,NaN,69255,29915,-53380,-23465,15039,-2453,12586,22365,-11486,10879
1999-11-15T23:00:00Z,0.785,0.791,0.78,0.7835,32979,-49041,-16062,12368,-4524,7844,21011,-12793,8218,NaN,NaN,NaN,NaN,67482,32979,-49041,-16062,12368,-4524,7844,21011,-12793,8218
1999-11-16T23:00:00Z,0.785,0.7895,0.781,0.783,32979,-49041,-16062,12368,-4524,7844,21011,-12793,8218,NaN,NaN,NaN,NaN,67482,32979,-49041,-16062,12368,-4524,7844,21011,-12793,8218
1999-11-17T23:00:00Z,0.785,0.7855,0.774,0.7825,32979,-49041,-16062,12368,-4524,7844,21011,-12793,8218,NaN,NaN,NaN,NaN,67482,32979,-49041,-16062,12368,-4524,7844,21011,-12793,8218
1999-11-18T23:00:00Z,0.777,0.7875,0.772,0.7855,32979,-49041,-16062,12368,-4524,7844,21011,-12793,8218,NaN,NaN,NaN,NaN,67482,32979,-49041,-16062,12368,-4524,7844,21011,-12793,8218
1999-11-21T23:00:00Z,0.788,0.793,0.7845,0.79,32979,-49041,-16062,12368,-4524,7844,21011,-12793,8218,NaN,NaN,NaN,NaN,67482,32979,-49041,-16062,12368,-4524,7844,21011,-12793,8218
1999-11-23T23:00:00Z,0.787,0.794,0.786,0.7895,36084,-50839,-14755,11859,-5120,6739,20306,-12290,8016,NaN,NaN,NaN,NaN,69384,36084,-50839,-14755,11859,-5120,6739,20306,-12290,8016
1999-11-28T23:00:00Z,0.807,0.819,0.807,0.814,36084,-50839,-14755,11859,-5120,6739,20306,-12290,8016,NaN,NaN,NaN,NaN,69384,36084,-50839,-14755,11859,-5120,6739,20306,-12290,8016
1999-11-29T23:00:00Z,0.814,0.819,0.811,0.818,34972,-53895,-18923,12447,-2325,10122,19448,-10647,8801,NaN,NaN,NaN,NaN,68060,34972,-53895,-18923,12447,-2325,10122,19448,-10647,8801
1999-11-30T23:00:00Z,0.8145,0.822,0.801,0.8065,34972,-53895,-18923,12447,-2325,10122,19448,-10647,8801,NaN,NaN,NaN,NaN,68060,34972,-53895,-18923,12447,-2325,10122,19448,-10647,8801
1999-12-01T23:00:00Z,0.8065,0.8075,0.79,0.7995,34972,-53895,-18923,12447,-2325,10122,19448,-10647,8801,NaN,NaN,NaN,NaN,68060,34972,-53895,-18923,12447,-2325,10122,19448,-10647,8801
1999-12-02T23:00:00Z,0.8005,0.815,0.796,0.813,34972,-53895,-18923,12447,-2325,10122,19448,-10647,8801,NaN,NaN,NaN,NaN,68060,34972,-53895,-18923,12447,-2325,10122,19448,-10647,8801
1999-12-05T23:00:00Z,0.813,0.817,0.8075,0.815,34972,-53895,-18923,12447,-2325,10122,19448,-10647,8801,NaN,NaN,NaN,NaN,68060,34972,-53895,-18923,12447,-2325,10122,19448,-10647,8801
1999-12-06T23:00:00Z,0.815,0.815,0.796,0.8025,34589,-50395,-15806,11939,-4246,7693,18422,-10309,8113,NaN,NaN,NaN,NaN,66056,34589,-50395,-15806,11939,-4246,7693,18422,-10309,8113
1999-12-07T23:00:00Z,0.802,0.8065,0.798,0.7995,34589,-50395,-15806,11939,-4246,7693,18422,-10309,8113,NaN,NaN,NaN,NaN,66056,34589,-50395,-15806,11939,-4246,7693,18422,-10309,8113
1999-12-08T23:00:00Z,0.8,0.8065,0.797,0.804,34589,-50395,-15806,11939,-4246,7693,18422,-10309,8113,NaN,NaN,NaN,NaN,66056,34589,-50395,-15806,11939,-4246,7693,18422,-10309,8113
1999-12-09T23:00:00Z,0.8035,0.8055,0.794,0.796,34589,-50395,-15806,11939,-4246,7693,18422,-10309,8113,NaN,NaN,NaN,NaN,66056,34589,-50395,-15806,11939,-4246,7693,18422,-10309,8113
1999-12-12T23:00:00Z,0.795,0.803,0.7945,0.8015,34589,-50395,-15806,11939,-4246,7693,18422,-10309,8113,NaN,NaN,NaN,NaN,66056,34589,-50395,-15806,11939,-4246,7693,18422,-10309,8113
1999-12-13T23:00:00Z,0.802,0.811,0.799,0.8085,34400,-49344,-14944,11135,-4924,6211,19357,-10624,8733,NaN,NaN,NaN,NaN,65756,34400,-49344,-14944,11135,-4924,6211,19357,-10624,8733
1999-12-14T23:00:00Z,0.809,0.84,0.806,0.8395,34400,-49344,-14944,11135,-4924,6211,19357,-10624,8733,NaN,NaN,NaN,NaN,65756,34400,-49344,-14944,11135,-4924,6211,19357,-10624,8733
1999-12-15T23:00:00Z,0.838,0.843,0.833,0.8405,34400,-49344,-14944,11135,-4924,6211,19357,-10624,8733,NaN,NaN,NaN,NaN,65756,34400,-49344,-14944,11135,-4924,6211,19357,-10624,8733
1999-12-16T23:00:00Z,0.8405,0.85,0.8345,0.845,34400,-49344,-14944,11135,-4924,6211,19357,-10624,8733,NaN,NaN,NaN,NaN,65756,34400,-49344,-14944,11135,-4924,6211,19357,-10624,8733
1999-12-19T23:00:00Z,0.8425,0.848,0.8365,0.8465,34400,-49344,-14944,11135,-4924,6211,19357,-10624,8733,NaN,NaN,NaN,NaN,65756,34400,-49344,-14944,11135,-4924,6211,19357,-10624,8733
1999-12-20T23:00:00Z,0.8465,0.8475,0.8325,0.833,35656,-65574,-29918,20272,-2230,18042,16227,-4351,11876,NaN,NaN,NaN,NaN,74084,35656,-65574,-29918,20272,-2230,18042,16227,-4351,11876
1999-12-21T23:00:00Z,0.8335,0.8555,0.8325,0.8535,35656,-65574,-29918,20272,-2230,18042,16227,-4351,11876,NaN,NaN,NaN,NaN,74084,35656,-65574,-29918,20272,-2230,18042,16227,-4351,11876
1999-12-22T23:00:00Z,0.853,0.8585,0.8495,0.8525,35656,-65574,-29918,20272,-2230,18042,16227,-4351,11876,NaN,NaN,NaN,NaN,74084,35656,-65574,-29918,20272,-2230,18042,16227,-4351,11876
1999-12-26T23:00:00Z,0.8525,0.858,0.8505,0.8515,35656,-65574,-29918,20272,-2230,18042,16227,-4351,11876,NaN,NaN,NaN,NaN,74084,35656,-65574,-29918,20272,-2230,18042,16227,-4351,11876
1999-12-27T23:00:00Z,0.85,0.856,0.85,0.852,34928,-66936,-32008,21019,-1432,19587,16911,-4490,12421,NaN,NaN,NaN,NaN,74642,34928,-66936,-32008,21019,-1432,19587,16911,-4490,12421
1999-12-28T23:00:00Z,0.852,0.862,0.848,0.8585,34928,-66936,-32008,21019,-1432,19587,16911,-4490,12421,NaN,NaN,NaN,NaN,74642,34928,-66936,-32008,21019,-1432,19587,16911,-4490,12421
1999-12-29T23:00:00Z,0.858,0.864,0.8555,0.863,34928,-66936,-32008,21019,-1432,19587,16911,-4490,12421,NaN,NaN,NaN,NaN,74642,34928,-66936,-32008,21019,-1432,19587,16911,-4490,12421
2000-01-03T23:00:00Z,0.8615,0.862,0.845,0.848,32679,-67212,-34533,22558,-1184,21374,18049,-4890,13159,NaN,NaN,NaN,NaN,75564,32679,-67212,-34533,22558,-1184,21374,18049,-4890,13159
2000-01-04T23:00:00Z,0.845,0.859,0.838,0.8565,32679,-67212,-34533,22558,-1184,21374,18049,-4890,13159,NaN,NaN,NaN,NaN,75564,32679,-67212,-34533,22558,-1184,21374,18049,-4890,13159
2000-01-05T23:00:00Z,0.856,0.8565,0.848,0.853,32679,-67212,-34533,22558,-1184,21374,18049,-4890,13159,NaN,NaN,NaN,NaN,75564,32679,-67212,-34533,22558,-1184,21374,18049,-4890,13159
2000-01-06T23:00:00Z,0.853,0.8625,0.8495,0.854,32679,-67212,-34533,22558,-1184,21374,18049,-4890,13159,NaN,NaN,NaN,NaN,75564,32679,-67212,-34533,22558,-1184,21374,18049,-4890,13159
2000-01-09T23:00:00Z,0.853,0.8545,0.84,0.8465,32679,-67212,-34533,22558,-1184,21374,18049,-4890,13159,NaN,NaN,NaN,NaN,75564,32679,-67212,-34533,22558,-1184,21374,18049,-4890,13159
2000-01-10T23:00:00Z,0.8455,0.851,0.842,0.8435,33005,-68123,-35118,23589,-1261,22328,18488,-5698,12790,NaN,NaN,NaN,NaN,77456,33005,-68123,-35118,23589,-1261,22328,18488,-5698,12790
2000-01-11T23:00:00Z,0.844,0.8695,0.843,0.866,33005,-68123,-35118,23589,-1261,22328,18488,-5698,12790,NaN,NaN,NaN,NaN,77456,33005,-68123,-35118,23589,-1261,22328,18488,-5698,12790
2000-01-12T23:00:00Z,0.865,0.867,0.855,0.8565,33005,-68123,-35118,23589,-1261,22328,18488,-5698,12790,NaN,NaN,NaN,NaN,77456,33005,-68123,-35118,23589,-1261,22328,18488,-5698,12790
2000-01-13T23:00:00Z,0.856,0.863,0.855,0.8625,33005,-68123,-35118,23589,-1261,22328,18488,-5698,12790,NaN,NaN,NaN,NaN,77456,33005,-68123,-35118,23589,-1261,22328,18488,-5698,12790
2000-01-17T23:00:00Z,0.867,0.8695,0.851,0.866,31754,-74061,-42307,30633,-3014,27619,20023,-5335,14688,NaN,NaN,NaN,NaN,86337,31754,-74061,-42307,30633,-3014,27619,20023,-5335,14688
2000-01-18T23:00:00Z,0.865,0.883,0.865,0.8825,31754,-74061,-42307,30633,-3014,27619,20023,-5335,14688,NaN,NaN,NaN,NaN,86337,31754,-74061,-42307,30633,-3014,27619,20023,-5335,14688
2000-01-19T23:00:00Z,0.881,0.885,0.8675,0.873,31754,-74061,-42307,30633,-3014,27619,20023,-5335,14688,NaN,NaN,NaN,NaN,86337,31754,-74061,-42307,30633,-3014,27619,20023,-5335,14688
2000-01-20T23:00:00Z,0.8725,0.881,0.868,0.873,31754,-74061,-42307,30633,-3014,27619,20023,-5335,14688,NaN,NaN,NaN,NaN,86337,31754,-74061,-42307,30633,-3014,27619,20023,-5335,14688
2000-01-23T23:00:00Z,0.87,0.87,0.856,0.8565,31754,-74061,-42307,30633,-3014,27619,20023,-5335,14688,NaN,NaN,NaN,NaN,86337,31754,-74061,-42307,30633,-3014,27619,20023,-5335,14688
2000-01-24T23:00:00Z,0.8555,0.862,0.841,0.8425,31943,-71196,-39253,28684,-2616,26068,19434,-6249,13185,NaN,NaN,NaN,NaN,83678,31943,-71196,-39253,28684,-2616,26068,19434,-6249,13185
2000-01-25T23:00:00Z,0.842,0.853,0.835,0.8415,31943,-71196,-39253,28684,-2616,26068,19434,-6249,13185,NaN,NaN,NaN,NaN,83678,31943,-71196,-39253,28684,-2616,26068,19434,-6249,13185
2000-01-26T23:00:00Z,0.842,0.848,0.831,0.8445,31943,-71196,-39253,28684,-2616,26068,19434,-6249,13185,NaN,NaN,NaN,NaN,83678,31943,-71196,-39253,28684,-2616,26068,19434,-6249,13185
2000-01-27T23:00:00Z,0.8445,0.852,0.8335,0.835,31943,-71196,-39253,28684,-2616,26068,19434,-6249,13185,NaN,NaN,NaN,NaN,83678,31943,-71196,-39253,28684,-2616,26068,19434,-6249,13185
2000-01-30T23:00:00Z,0.834,0.85,0.8325,0.8495,31943,-71196,-39253,28684,-2616,26068,19434,-6249,13185,NaN,NaN,NaN,NaN,83678,31943,-71196,-39253,28684,-2616,26068,19434,-6249,13185
2000-01-31T23:00:00Z,0.85,0.854,0.8355,0.843,34185,-67098,-32913,22806,-1859,20947,17105,-5139,11966,NaN,NaN,NaN,NaN,77450,34185,-67098,-32913,22806,-1859,20947,17105,-5139,11966
2000-02-01T23:00:00Z,0.841,0.843,0.818,0.8225,34185,-67098,-32913,22806,-1859,20947,17105,-5139,11966,NaN,NaN,NaN,NaN,77450,34185,-67098,-32913,22806,-1859,20947,17105,-5139,11966
2000-02-02T23:00:00Z,0.826,0.827,0.8155,0.826,34185,-67098,-32913,22806,-1859,20947,17105,-5139,11966,NaN,NaN,NaN,NaN,77450,34185,-67098,-32913,22806,-1859,20947,17105,-5139,11966
2000-02-03T23:00:00Z,0.825,0.8285,0.8125,0.8275,34185,-67098,-32913,22806,-1859,20947,17105,-5139,11966,NaN,NaN,NaN,NaN,77450,34185,-67098,-32913,22806,-1859,20947,17105,-5139,11966
2000-02-06T23:00:00Z,0.8275,0.8325,0.819,0.827,34185,-67098,-32913,22806,-1859,20947,17105,-5139,11966,NaN,NaN,NaN,NaN,77450,34185,-67098,-32913,22806,-1859,20947,17105,-5139,11966
2000-02-07T23:00:00Z,0.8265,0.8275,0.817,0.82,36630,-63044,-26414,18024,-3099,14925,17559,-6070,11489,NaN,NaN,NaN,NaN,75047,36630,-63044,-26414,18024,-3099,14925,17559,-6070,11489
2000-02-08T23:00:00Z,0.82,0.825,0.817,0.822,36630,-63044,-26414,18024,-3099,14925,17559,-6070,11489,NaN,NaN,NaN,NaN,75047,36630,-63044,-26414,18024,-3099,14925,17559,-6070,11489
2000-02-09T23:00:00Z,0.825,0.852,0.822,0.8495,36630,-63044,-26414,18024,-3099,14925,17559,-6070,11489,NaN,NaN,NaN,NaN,75047,36630,-63044,-26414,18024,-3099,14925,17559,-6070,11489
2000-02-10T23:00:00Z,0.849,0.853,0.8445,0.845,36630,-63044,-26414,18024,-3099,14925,17559,-6070,11489,NaN,NaN,NaN,NaN,75047,36630,-63044,-26414,18024,-3099,14925,17559,-6070,11489
2000-02-13T23:00:00Z,0.845,0.845,0.8355,0.844,36630,-63044,-26414,18024,-3099,14925,17559,-6070,11489,NaN,NaN,NaN,NaN,75047,36630,-63044,-26414,18024,-3099,14925,17559,-6070,11489
2000-02-14T23:00:00Z,0.844,0.851,0.821,0.827,35080,-61988,-26908,18000,-2529,15471,16791,-5354,11437,NaN,NaN,NaN,NaN,72991,35080,-61988,-26908,18000,-2529,15471,16791,-5354,11437
2000-02-15T23:00:00Z,0.831,0.831,0.82,0.828,35080,-61988,-26908,18000,-2529,15471,16791,-5354,11437,NaN,NaN,NaN,NaN,72991,35080,-61988,-26908,18000,-2529,15471,16791,-5354,11437
2000-02-16T23:00:00Z,0.8285,0.836,0.8225,0.836,35080,-61988,-26908,18000,-2529,15471,16791,-5354,11437,NaN,NaN,NaN,NaN,72991,35080,-61988,-26908,18000,-2529,15471,16791,-5354,11437
2000-02-17T23:00:00Z,0.835,0.841,0.831,0.832,35080,-61988,-26908,18000,-2529,15471,16791,-5354,11437,NaN,NaN,NaN,NaN,72991,35080,-61988,-26908,18000,-2529,15471,16791,-5354,11437
2000-02-21T23:00:00Z,0.825,0.828,0.818,0.8275,35308,-60421,-25113,16915,-3154,13761,16915,-5563,11352,NaN,NaN,NaN,NaN,72525,35308,-60421,-25113,16915,-3154,13761,16915,-5563,11352
2000-02-22T23:00:00Z,0.828,0.84,0.8275,0.839,35308,-60421,-25113,16915,-3154,13761,16915,-5563,11352,NaN,NaN,NaN,NaN,72525,35308,-60421,-25113,16915,-3154,13761,16915,-5563,11352
2000-02-23T23:00:00Z,0.833,0.847,0.833,0.834,35308,-60421,-25113,16915,-3154,13761,16915,-5563,11352,NaN,NaN,NaN,NaN,72525,35308,-60421,-25113,16915,-3154,13761,16915,-5563,11352
2000-02-24T23:00:00Z,0.834,0.834,0.8145,0.815,35308,-60421,-25113,16915,-3154,13761,16915,-5563,11352,NaN,NaN,NaN,NaN,72525,35308,-60421,-25113,16915,-3154,13761,16915,-5563,11352
2000-02-27T23:00:00Z,0.825,0.827,0.7915,0.794,35308,-60421,-25113,16915,-3154,13761,16915,-5563,11352,NaN,NaN,NaN,NaN,72525,35308,-60421,-25113,16915,-3154,13761,16915,-5563,11352
2000-02-28T23:00:00Z,0.795,0.8035,0.781,0.798,41379,-52534,-11155,11987,-6551,5436,12540,-6821,5719,NaN,NaN,NaN,NaN,68347,41379,-52534,-11155,11987,-6551,5436,12540,-6821,5719
2000-02-29T23:00:00Z,0.7985,0.81,0.793,0.803,41379,-52534,-11155,11987,-6551,5436,12540,-6821,5719,NaN,NaN,NaN,NaN,68347,41379,-52534,-11155,11987,-6551,5436,12540,-6821,5719
2000-03-01T23:00:00Z,0.803,0.8055,0.791,0.797,41379,-52534,-11155,11987,-6551,5436,12540,-6821,5719,NaN,NaN,NaN,NaN,68347,41379,-52534,-11155,11987,-6551,5436,12540,-6821,5719
2000-03-02T23:00:00Z,0.797,0.8055,0.788,0.803,41379,-52534,-11155,11987,-6551,5436,12540,-6821,5719,NaN,NaN,NaN,NaN,68347,41379,-52534,-11155,11987,-6551,5436,12540,-6821,5719
2000-03-05T23:00:00Z,0.806,0.808,0.797,0.8045,41379,-52534,-11155,11987,-6551,5436,12540,-6821,5719,NaN,NaN,NaN,NaN,68347,41379,-52534,-11155,11987,-6551,5436,12540,-6821,5719
2000-03-06T23:00:00Z,0.804,0.81,0.7915,0.7945,39588,-48079,-8491,12943,-8389,4554,12019,-8082,3937,NaN,NaN,NaN,NaN,66752,39588,-48079,-8491,12943,-8389,4554,12019,-8082,3937
2000-03-07T23:00:00Z,0.7945,0.7945,0.7815,0.7895,39588,-48079,-8491,12943,-8389,4554,12019,-8082,3937,NaN,NaN,NaN,NaN,66752,39588,-48079,-8491,12943,-8389,4554,12019,-8082,3937
2000-03-08T23:00:00Z,0.7895,0.7995,0.787,0.799,39588,-48079,-8491,12943,-8389,4554,12019,-8082,3937,NaN,NaN,NaN,NaN,66752,39588,-48079,-8491,12943,-8389,4554,12019,-8082,3937
2000-03-09T23:00:00Z,0.8,0.803,0.789,0.7915,39588,-48079,-8491,12943,-8389,4554,12019,-8082,3937,NaN,NaN,NaN,NaN,66752,39588,-48079,-8491,12943,-8389,4554,12019,-8082,3937
2000-03-12T23:00:00Z,0.7895,0.7935,0.782,0.79,39588,-48079,-8491,12943,-8389,4554,12019,-8082,3937,NaN,NaN,NaN,NaN,66752,39588,-48079,-8491,12943,-8389,4554,12019,-8082,3937
2000-03-13T23:00:00Z,0.787,0.81,0.787,0.803,39928,-46972,-7044,12289,-10072,2217,12763,-7936,4827,NaN,NaN,NaN,NaN,67287,39928,-46972,-7044,12289,-10072,2217,12763,-7936,4827
2000-03-14T23:00:00Z,0.8025,0.814,0.8015,0.811,39928,-46972,-7044,12289,-10072,2217,12763,-7936,4827,NaN,NaN,NaN,NaN,67287,39928,-46972,-7044,12289,-10072,2217,12763,-7936,4827
2000-03-15T23:00:00Z,0.8085,0.8225,0.806,0.8195,39928,-46972,-7044,12289,-10072,2217,12763,-7936,4827,NaN,NaN,NaN,NaN,67287,39928,-46972,-7044,12289,-10072,2217,12763,-7936,4827
2000-03-16T23:00:00Z,0.819,0.821,0.8125,0.8145,39928,-46972,-7044,12289,-10072,2217,12763,-7936,4827,NaN,NaN,NaN,NaN,67287,39928,-46972,-7044,12289,-10072,2217,12763,-7936,4827
2000-03-19T23:00:00Z,0.8175,0.819,0.806,0.8075,39928,-46972,-7044,12289,-10072,2217,12763,-7936,4827,NaN,NaN,NaN,NaN,67287,39928,-46972,-7044,12289,-10072,2217,12763,-7936,4827
2000-03-20T23:00:00Z,0.806,0.822,0.805,0.8185,40197,-50489,-10292,12834,-7826,5008,13853,-8569,5284,NaN,NaN,NaN,NaN,69324,40197,-50489,-10292,12834,-7826,5008,13853,-8569,5284
2000-03-21T23:00:00Z,0.8175,0.826,0.8135,0.817,40197,-50489,-10292,12834,-7826,5008,13853,-8569,5284,NaN,NaN,NaN,NaN,69324,40197,-50489,-10292,12834,-7826,5008,13853,-8569,5284
2000-03-22T23:00:00Z,0.815,0.8185,0.81,0.818,40197,-50489,-10292,12834,-7826,5008,13853,-8569,5284,NaN,NaN,NaN,NaN,69324,40197,-50489,-10292,12834,-7826,5008,13853,-8569,5284
2000-03-23T23:00:00Z,0.816,0.82,0.809,0.811,40197,-50489,-10292,12834,-7826,5008,13853,-8569,5284,NaN,NaN,NaN,NaN,69324,40197,-50489,-10292,12834,-7826,5008,13853,-8569,5284
2000-03-26T23:00:00Z,0.809,0.8115,0.795,0.8025,40197,-50489,-10292,12834,-7826,5008,13853,-8569,5284,NaN,NaN,NaN,NaN,69324,40197,-50489,-10292,12834,-7826,5008,13853,-8569,5284
2000-03-27T23:00:00Z,0.802,0.8065,0.799,0.804,41170,-49695,-8525,12027,-8093,3934,13278,-8687,4591,NaN,NaN,NaN,NaN,68722,41170,-49695,-8525,12027,-8093,3934,13278,-8687,4591
2000-03-28T23:00:00Z,0.8035,0.8085,0.8,0.807,41170,-49695,-8525,12027,-8093,3934,13278,-8687,4591,NaN,NaN,NaN,NaN,68722,41170,-49695,-8525,12027,-8093,3934,13278,-8687,4591
2000-03-29T23:00:00Z,0.8065,0.814,0.804,0.8075,41170,-49695,-8525,12027,-8093,3934,13278,-8687,4591,NaN,NaN,NaN,NaN,68722,41170,-49695,-8525,12027,-8093,3934,13278,-8687,4591
2000-03-30T23:00:00Z,0.809,0.809,0.798,0.805,41170,-49695,-8525,12027,-8093,3934,13278,-8687,4591,NaN,NaN,NaN,NaN,68722,41170,-49695,-8525,12027,-8093,3934,13278,-8687,4591
2000-04-02T22:00:00Z,0.8035,0.8035,0.788,0.8025,41170,-49695,-8525,12027,-8093,3934,13278,-8687,4591,NaN,NaN,NaN,NaN,68722,41170,-49695,-8525,12027,-8093,3934,13278,-8687,4591
2000-04-03T22:00:00Z,0.797,0.802,0.792,0.793,44251,-50855,-6604,13099,-10549,2550,12194,-8140,4054,NaN,NaN,NaN,NaN,71752,44251,-50855,-6604,13099,-10549,2550,12194,-8140,4054
2000-04-04T22:00:00Z,0.795,0.798,0.789,0.791,44251,-50855,-6604,13099,-10549,2550,12194,-8140,4054,NaN,NaN,NaN,NaN,71752,44251,-50855,-6604,13099,-10549,2550,12194,-8140,4054
2000-04-05T22:00:00Z,0.79,0.791,0.762,0.7635,44251,-50855,-6604,13099,-10549,2550,12194,-8140,4054,NaN,NaN,NaN,NaN,71752,44251,-50855,-6604,13099,-10549,2550,12194,-8140,4054
2000-04-06T22:00:00Z,0.7645,0.7695,0.7585,0.7685,44251,-50855,-6604,13099,-10549,2550,12194,-8140,4054,NaN,NaN,NaN,NaN,71752,44251,-50855,-6604,13099,-10549,2550,12194,-8140,4054
2000-04-09T22:00:00Z,0.7675,0.777,0.766,0.7755,44251,-50855,-6604,13099,-10549,2550,12194,-8140,4054,NaN,NaN,NaN,NaN,71752,44251,-50855,-6604,13099,-10549,2550,12194,-8140,4054
2000-04-10T22:00:00Z,0.777,0.784,0.774,0.78,47914,-49603,-1689,11846,-14772,-2926,14827,-10212,4615,NaN,NaN,NaN,NaN,77069,47914,-49603,-1689,11846,-14772,-2926,14827,-10212,4615
2000-04-11T22:00:00Z,0.779,0.781,0.773,0.7775,47914,-49603,-1689,11846,-14772,-2926,14827,-10212,4615,NaN,NaN,NaN,NaN,77069,47914,-49603,-1689,11846,-14772,-2926,14827,-10212,4615
2000-04-12T22:00:00Z,0.777,0.778,0.7675,0.77,47914,-49603,-1689,11846,-14772,-2926,14827,-10212,4615,NaN,NaN,NaN,NaN,77069,47914,-49603,-1689,11846,-14772,-2926,14827,-10212,4615
2000-04-13T22:00:00Z,0.7705,0.7705,0.7515,0.7535,47914,-49603,-1689,11846,-14772,-2926,14827,-10212,4615,NaN,NaN,NaN,NaN,77069,47914,-49603,-1689,11846,-14772,-2926,14827,-10212,4615
2000-04-16T22:00:00Z,0.753,0.756,0.741,0.7435,47914,-49603,-1689,11846,-14772,-2926,14827,-10212,4615,NaN,NaN,NaN,NaN,77069,47914,-49603,-1689,11846,-14772,-2926,14827,-10212,4615
2000-04-17T22:00:00Z,0.748,0.767,0.747,0.7645,51162,-50399,763,11367,-18245,-6878,13371,-7256,6115,NaN,NaN,NaN,NaN,78910,51162,-50399,763,11367,-18245,-6878,13371,-7256,6115
2000-04-18T22:00:00Z,0.766,0.774,0.7655,0.769,51162,-50399,763,11367,-18245,-6878,13371,-7256,6115,NaN,NaN,NaN,NaN,78910,51162,-50399,763,11367,-18245,-6878,13371,-7256,6115
2000-04-19T22:00:00Z,0.77,0.772,0.763,0.766,51162,-50399,763,11367,-18245,-6878,13371,-7256,6115,NaN,NaN,NaN,NaN,78910,51162,-50399,763,11367,-18245,-6878,13371,-7256,6115
2000-04-23T22:00:00Z,0.764,0.766,0.757,0.766,51162,-50399,763,11367,-18245,-6878,13371,-7256,6115,NaN,NaN,NaN,NaN,78910,51162,-50399,763,11367,-18245,-6878,13371,-7256,6115
2000-04-24T22:00:00Z,0.7655,0.79,0.764,0.7895,47014,-49728,-2714,10890,-14523,-3633,11990,-5643,6347,NaN,NaN,NaN,NaN,72733,47014,-49728,-2714,10890,-14523,-3633,11990,-5643,6347
2000-04-25T22:00:00Z,0.79,0.792,0.781,0.783,47014,-49728,-2714,10890,-14523,-3633,11990,-5643,6347,NaN,NaN,NaN,NaN,72733,47014,-49728,-2714,10890,-14523,-3633,11990,-5643,6347
2000-04-26T22:00:00Z,0.7905,0.798,0.787,0.7965,47014,-49728,-2714,10890,-14523,-3633,11990,-5643,6347,NaN,NaN,NaN,NaN,72733,47014,-49728,-2714,10890,-14523,-3633,11990,-5643,6347
2000-04-27T22:00:00Z,0.7965,0.808,0.795,0.796,47014,-49728,-2714,10890,-14523,-3633,11990,-5643,6347,NaN,NaN,NaN,NaN,72733,47014,-49728,-2714,10890,-14523,-3633,11990,-5643,6347
2000-04-30T22:00:00Z,0.795,0.8,0.795,0.8,47014,-49728,-2714,10890,-14523,-3633,11990,-5643,6347,NaN,NaN,NaN,NaN,72733,47014,-49728,-2714,10890,-14523,-3633,11990,-5643,6347
2000-05-01T22:00:00Z,0.801,0.8255,0.798,0.8215,44299,-50499,-6200,9833,-10155,-322,13211,-6689,6522,NaN,NaN,NaN,NaN,69211,44299,-50499,-6200,9833,-10155,-322,13211,-6689,6522
2000-05-02T22:00:00Z,0.8195,0.824,0.8135,0.8185,44299,-50499,-6200,9833,-10155,-322,13211,-6689,6522,NaN,NaN,NaN,NaN,69211,44299,-50499,-6200,9833,-10155,-322,13211,-6689,6522
2000-05-03T22:00:00Z,0.8165,0.824,0.814,0.8195,44299,-50499,-6200,9833,-10155,-322,13211,-6689,6522,NaN,NaN,NaN,NaN,69211,44299,-50499,-6200,9833,-10155,-322,13211,-6689,6522
2000-05-04T22:00:00Z,0.832,0.843,0.831,0.8405,44299,-50499,-6200,9833,-10155,-322,13211,-6689,6522,NaN,NaN,NaN,NaN,69211,44299,-50499,-6200,9833,-10155,-322,13211,-6689,6522
2000-05-07T22:00:00Z,0.839,0.847,0.8335,0.8355,44299,-50499,-6200,9833,-10155,-322,13211,-6689,6522,NaN,NaN,NaN,NaN,69211,44299,-50499,-6200,9833,-10155,-322,13211,-6689,6522
2000-05-08T22:00:00Z,0.8325,0.8365,0.827,0.8305,39738,-55837,-16099,12487,-4737,7750,14728,-6379,8349,NaN,NaN,NaN,NaN,69266,39738,-55837,-16099,12487,-4737,7750,14728,-6379,8349
2000-05-09T22:00:00Z,0.839,0.8445,0.826,0.8285,39738,-55837,-16099,12487,-4737,7750,14728,-6379,8349,NaN,NaN,NaN,NaN,69266,39738,-55837,-16099,12487,-4737,7750,14728,-6379,8349
2000-05-10T22:00:00Z,0.828,0.835,0.8275,0.83,39738,-55837,-16099,12487,-4737,7750,14728,-6379,8349,NaN,NaN,NaN,NaN,69266,39738,-55837,-16099,12487,-4737,7750,14728,-6379,8349
2000-05-11T22:00:00Z,0.847,0.849,0.841,0.8445,39738,-55837,-16099,12487,-4737,7750,14728,-6379,8349,NaN,NaN,NaN,NaN,69266,39738,-55837,-16099,12487,-4737,7750,14728,-6379,8349
2000-05-14T22:00:00Z,0.8445,0.847,0.839,0.8405,39738,-55837,-16099,12487,-4737,7750,14728,-6379,8349,NaN,NaN,NaN,NaN,69266,39738,-55837,-16099,12487,-4737,7750,14728,-6379,8349
2000-05-15T22:00:00Z,0.8465,0.855,0.846,0.851,39137,-58714,-19577,14845,-3776,11069,13826,-5318,8508,NaN,NaN,NaN,NaN,70496,39137,-58714,-19577,14845,-3776,11069,13826,-5318,8508
2000-05-16T22:00:00Z,0.851,0.854,0.8425,0.843,39137,-58714,-19577,14845,-3776,11069,13826,-5318,8508,NaN,NaN,NaN,NaN,70496,39137,-58714,-19577,14845,-3776,11069,13826,-5318,8508
2000-05-17T22:00:00Z,0.85,0.855,0.8445,0.845,39137,-58714,-19577,14845,-3776,11069,13826,-5318,8508,NaN,NaN,NaN,NaN,70496,39137,-58714,-19577,14845,-3776,11069,13826,-5318,8508
2000-05-18T22:00:00Z,0.845,0.846,0.836,0.8425,39137,-58714,-19577,14845,-3776,11069,13826,-5318,8508,NaN,NaN,NaN,NaN,70496,39137,-58714,-19577,14845,-3776,11069,13826,-5318,8508
2000-05-21T22:00:00Z,0.843,0.8445,0.828,0.831,39137,-58714,-19577,14845,-3776,11069,13826,-5318,8508,NaN,NaN,NaN,NaN,70496,39137,-58714,-19577,14845,-3776,11069,13826,-5318,8508
2000-05-22T22:00:00Z,0.836,0.838,0.83,0.8345,39320,-57134,-17814,15134,-4837,10297,12630,-5113,7517,NaN,NaN,NaN,NaN,70869,39320,-57134,-17814,15134,-4837,10297,12630,-5113,7517
2000-05-23T22:00:00Z,0.832,0.846,0.831,0.8385,39320,-57134,-17814,15134,-4837,10297,12630,-5113,7517,NaN,NaN,NaN,NaN,70869,39320,-57134,-17814,15134,-4837,10297,12630,-5113,7517
2000-05-24T22:00:00Z,0.8335,0.836,0.827,0.8325,39320,-57134,-17814,15134,-4837,10297,12630,-5113,7517,NaN,NaN,NaN,NaN,70869,39320,-57134,-17814,15134,-4837,10297,12630,-5113,7517
2000-05-25T22:00:00Z,0.834,0.8375,0.831,0.8355,39320,-57134,-17814,15134,-4837,10297,12630,-5113,7517,NaN,NaN,NaN,NaN,70869,39320,-57134,-17814,15134,-4837,10297,12630,-5113,7517
2000-05-29T22:00:00Z,0.828,0.828,0.806,0.8115,38611,-53615,-15004,13263,-5234,8029,11116,-4141,6975,NaN,NaN,NaN,NaN,66299,38611,-53615,-15004,13263,-5234,8029,11116,-4141,6975
2000-05-30T22:00:00Z,0.806,0.815,0.799,0.8145,38611,-53615,-15004,13263,-5234,8029,11116,-4141,6975,NaN,NaN,NaN,NaN,66299,38611,-53615,-15004,13263,-5234,8029,11116,-4141,6975
2000-05-31T22:00:00Z,0.807,0.816,0.8045,0.8115,38611,-53615,-15004,13263,-5234,8029,11116,-4141,6975,NaN,NaN,NaN,NaN,66299,38611,-53615,-15004,13263,-5234,8029,11116,-4141,6975
2000-06-01T22:00:00Z,0.821,0.8235,0.79,0.793,38611,-53615,-15004,13263,-5234,8029,11116,-4141,6975,NaN,NaN,NaN,NaN,66299,38611,-53615,-15004,13263,-5234,8029,11116,-4141,6975
2000-06-04T22:00:00Z,0.794,0.8055,0.793,0.802,38611,-53615,-15004,13263,-5234,8029,11116,-4141,6975,NaN,NaN,NaN,NaN,66299,38611,-53615,-15004,13263,-5234,8029,11116,-4141,6975
2000-06-05T22:00:00Z,0.805,0.8115,0.802,0.8045,41821,-50396,-8575,7711,-4331,3380,11452,-6257,5195,NaN,NaN,NaN,NaN,63966,41821,-50396,-8575,7711,-4331,3380,11452,-6257,5195
2000-06-06T22:00:00Z,0.801,0.803,0.7845,0.7945,41821,-50396,-8575,7711,-4331,3380,11452,-6257,5195,NaN,NaN,NaN,NaN,63966,41821,-50396,-8575,7711,-4331,3380,11452,-6257,5195
2000-06-07T22:00:00Z,0.791,0.799,0.787,0.7975,41821,-50396,-8575,7711,-4331,3380,11452,-6257,5195,NaN,NaN,NaN,NaN,63966,41821,-50396,-8575,7711,-4331,3380,11452,-6257,5195
2000-06-08T22:00:00Z,0.792,0.8015,0.792,0.798,41821,-50396,-8575,7711,-4331,3380,11452,-6257,5195,NaN,NaN,NaN,NaN,63966,41821,-50396,-8575,7711,-4331,3380,11452,-6257,5195
2000-06-11T22:00:00Z,0.797,0.801,0.787,0.7945,41821,-50396,-8575,7711,-4331,3380,11452,-6257,5195,NaN,NaN,NaN,NaN,63966,41821,-50396,-8575,7711,-4331,3380,11452,-6257,5195
2000-06-12T22:00:00Z,0.797,0.806,0.796,0.8015,43129,-48692,-5563,6974,-6474,500,12453,-7390,5063,NaN,NaN,NaN,NaN,65462,43129,-48692,-5563,6974,-6474,500,12453,-7390,5063
2000-06-13T22:00:00Z,0.806,0.81,0.802,0.809,43129,-48692,-5563,6974,-6474,500,12453,-7390,5063,NaN,NaN,NaN,NaN,65462,43129,-48692,-5563,6974,-6474,500,12453,-7390,5063
2000-06-14T22:00:00Z,0.813,0.819,0.799,0.818,43129,-48692,-5563,6974,-6474,500,12453,-7390,5063,NaN,NaN,NaN,NaN,65462,43129,-48692,-5563,6974,-6474,500,12453,-7390,5063
2000-06-15T22:00:00Z,0.818,0.827,0.8135,0.824,43129,-48692,-5563,6974,-6474,500,12453,-7390,5063,NaN,NaN,NaN,NaN,65462,43129,-48692,-5563,6974,-6474,500,12453,-7390,5063
2000-06-18T22:00:00Z,0.8195,0.831,0.816,0.828,43129,-48692,-5563,6974,-6474,500,12453,-7390,5063,NaN,NaN,NaN,NaN,65462,43129,-48692,-5563,6974,-6474,500,12453,-7390,5063
2000-06-19T22:00:00Z,0.828,0.828,0.81,0.813,39367,-49397,-10030,8638,-3716,4922,10887,-5779,5108,NaN,NaN,NaN,NaN,61468,39367,-49397,-10030,8638,-3716,4922,10887,-5779,5108
2000-06-20T22:00:00Z,0.8135,0.827,0.811,0.8245,39367,-49397,-10030,8638,-3716,4922,10887,-5779,5108,NaN,NaN,NaN,NaN,61468,39367,-49397,-10030,8638,-3716,4922,10887,-5779,5108
2000-06-21T22:00:00Z,0.821,0.829,0.816,0.8175,39367,-49397,-10030,8638,-3716,4922,10887,-5779,5108,NaN,NaN,NaN,NaN,61468,39367,-49397,-10030,8638,-3716,4922,10887,-5779,5108
2000-06-22T22:00:00Z,0.82,0.82,0.804,0.8105,39367,-49397,-10030,8638,-3716,4922,10887,-5779,5108,NaN,NaN,NaN,NaN,61468,39367,-49397,-10030,8638,-3716,4922,10887,-5779,5108
2000-06-25T22:00:00Z,0.81,0.8255,0.81,0.823,39367,-49397,-10030,8638,-3716,4922,10887,-5779,5108,NaN,NaN,NaN,NaN,61468,39367,-49397,-10030,8638,-3716,4922,10887,-5779,5108
2000-06-26T22:00:00Z,0.823,0.832,0.816,0.8175,39306,-50506,-11200,7774,-2997,4777,12486,-6063,6423,NaN,NaN,NaN,NaN,62156,39306,-50506,-11200,7774,-2997,4777,12486,-6063,6423
2000-06-27T22:00:00Z,0.8165,0.825,0.816,0.8185,39306,-50506,-11200,7774,-2997,4777,12486,-6063,6423,NaN,NaN,NaN,NaN,62156,39306,-50506,-11200,7774,-2997,4777,12486,-6063,6423
2000-06-28T22:00:00Z,0.8305,0.8305,0.8145,0.8185,39306,-50506,-11200,7774,-2997,4777,12486,-6063,6423,NaN,NaN,NaN,NaN,62156,39306,-50506,-11200,7774,-2997,4777,12486,-6063,6423
2000-06-29T22:00:00Z,0.819,0.827,0.819,0.824,39306,-50506,-11200,7774,-2997,4777,12486,-6063,6423,NaN,NaN,NaN,NaN,62156,39306,-50506,-11200,7774,-2997,4777,12486,-6063,6423
2000-07-04T22:00:00Z,0.824,0.826,0.818,0.8225,43147,-53094,-9947,6627,-3059,3568,12916,-6537,6379,NaN,NaN,NaN,NaN,65260,43147,-53094,-9947,6627,-3059,3568,12916,-6537,6379
2000-07-05T22:00:00Z,0.8215,0.823,0.808,0.8115,43147,-53094,-9947,6627,-3059,3568,12916,-6537,6379,NaN,NaN,NaN,NaN,65260,43147,-53094,-9947,6627,-3059,3568,12916,-6537,6379
2000-07-06T22:00:00Z,0.8115,0.8145,0.808,0.8135,43147,-53094,-9947,6627,-3059,3568,12916,-6537,6379,NaN,NaN,NaN,NaN,65260,43147,-53094,-9947,6627,-3059,3568,12916,-6537,6379
2000-07-09T22:00:00Z,0.8115,0.8235,0.8095,0.821,43147,-53094,-9947,6627,-3059,3568,12916,-6537,6379,NaN,NaN,NaN,NaN,65260,43147,-53094,-9947,6627,-3059,3568,12916,-6537,6379
2000-07-10T22:00:00Z,0.821,0.829,0.821,0.826,40975,-51706,-10731,8018,-3470,4548,13499,-7316,6183,NaN,NaN,NaN,NaN,64754,40975,-51706,-10731,8018,-3470,4548,13499,-7316,6183
2000-07-11T22:00:00Z,0.824,0.836,0.821,0.832,40975,-51706,-10731,8018,-3470,4548,13499,-7316,6183,NaN,NaN,NaN,NaN,64754,40975,-51706,-10731,8018,-3470,4548,13499,-7316,6183
2000-07-12T22:00:00Z,0.832,0.836,0.828,0.8295,40975,-51706,-10731,8018,-3470,4548,13499,-7316,6183,NaN,NaN,NaN,NaN,64754,40975,-51706,-10731,8018,-3470,4548,13499,-7316,6183
2000-07-13T22:00:00Z,0.8295,0.8325,0.8225,0.829,40975,-51706,-10731,8018,-3470,4548,13499,-7316,6183,NaN,NaN,NaN,NaN,64754,40975,-51706,-10731,8018,-3470,4548,13499,-7316,6183
2000-07-16T22:00:00Z,0.832,0.85,0.8285,0.846,40975,-51706,-10731,8018,-3470,4548,13499,-7316,6183,NaN,NaN,NaN,NaN,64754,40975,-51706,-10731,8018,-3470,4548,13499,-7316,6183
2000-07-17T22:00:00Z,0.8475,0.852,0.845,0.847,38065,-57252,-19187,13606,-3092,10514,15295,-6622,8673,NaN,NaN,NaN,NaN,69081,38065,-57252,-19187,13606,-3092,10514,15295,-6622,8673
2000-07-18T22:00:00Z,0.849,0.853,0.8435,0.847,38065,-57252,-19187,13606,-3092,10514,15295,-6622,8673,NaN,NaN,NaN,NaN,69081,38065,-57252,-19187,13606,-3092,10514,15295,-6622,8673
2000-07-19T22:00:00Z,0.844,0.8495,0.8425,0.848,38065,-57252,-19187,13606,-3092,10514,15295,-6622,8673,NaN,NaN,NaN,NaN,69081,38065,-57252,-19187,13606,-3092,10514,15295,-6622,8673
2000-07-20T22:00:00Z,0.865,0.868,0.861,0.867,38065,-57252,-19187,13606,-3092,10514,15295,-6622,8673,NaN,NaN,NaN,NaN,69081,38065,-57252,-19187,13606,-3092,10514,15295,-6622,8673
2000-07-23T22:00:00Z,0.871,0.8725,0.863,0.8685,38065,-57252,-19187,13606,-3092,10514,15295,-6622,8673,NaN,NaN,NaN,NaN,69081,38065,-57252,-19187,13606,-3092,10514,15295,-6622,8673
2000-07-24T22:00:00Z,0.865,0.871,0.864,0.87,35748,-62955,-27207,21038,-4993,16045,17052,-5890,11162,NaN,NaN,NaN,NaN,76965,35748,-62955,-27207,21038,-4993,16045,17052,-5890,11162
2000-07-25T22:00:00Z,0.866,0.868,0.8575,0.861,35748,-62955,-27207,21038,-4993,16045,17052,-5890,11162,NaN,NaN,NaN,NaN,76965,35748,-62955,-27207,21038,-4993,16045,17052,-5890,11162
2000-07-26T22:00:00Z,0.8605,0.874,0.859,0.8715,35748,-62955,-27207,21038,-4993,16045,17052,-5890,11162,NaN,NaN,NaN,NaN,76965,35748,-62955,-27207,21038,-4993,16045,17052,-5890,11162
2000-07-27T22:00:00Z,0.873,0.8755,0.8645,0.8685,35748,-62955,-27207,21038,-4993,16045,17052,-5890,11162,NaN,NaN,NaN,NaN,76965,35748,-62955,-27207,21038,-4993,16045,17052,-5890,11162
2000-07-30T22:00:00Z,0.865,0.875,0.8605,0.8745,35748,-62955,-27207,21038,-4993,16045,17052,-5890,11162,NaN,NaN,NaN,NaN,76965,35748,-62955,-27207,21038,-4993,16045,17052,-5890,11162
2000-07-31T22:00:00Z,0.866,0.878,0.8645,0.8735,36250,-64500,-28250,23977,-6307,17670,17162,-6582,10580,NaN,NaN,NaN,NaN,82064,36250,-64500,-28250,23977,-6307,17670,17162,-6582,10580
2000-08-01T22:00:00Z,0.8725,0.882,0.869,0.87,36250,-64500,-28250,23977,-6307,17670,17162,-6582,10580,NaN,NaN,NaN,NaN,82064,36250,-64500,-28250,23977,-6307,17670,17162,-6582,10580
2000-08-02T22:00:00Z,0.868,0.872,0.865,0.869,36250,-64500,-28250,23977,-6307,17670,17162,-6582,10580,NaN,NaN,NaN,NaN,82064,36250,-64500,-28250,23977,-6307,17670,17162,-6582,10580
2000-08-03T22:00:00Z,0.8645,0.8735,0.862,0.873,36250,-64500,-28250,23977,-6307,17670,17162,-6582,10580,NaN,NaN,NaN,NaN,82064,36250,-64500,-28250,23977,-6307,17670,17162,-6582,10580
2000-08-06T22:00:00Z,0.872,0.873,0.867,0.871,36250,-64500,-28250,23977,-6307,17670,17162,-6582,10580,NaN,NaN,NaN,NaN,82064,36250,-64500,-28250,23977,-6307,17670,17162,-6582,10580
2000-08-07T22:00:00Z,0.872,0.873,0.858,0.8615,36721,-64371,-27650,24752,-6947,17805,15945,-6100,9845,NaN,NaN,NaN,NaN,82125,36721,-64371,-27650,24752,-6947,17805,15945,-6100,9845
2000-08-08T22:00:00Z,0.8645,0.877,0.863,0.8735,36721,-64371,-27650,24752,-6947,17805,15945,-6100,9845,NaN,NaN,NaN,NaN,82125,36721,-64371,-27650,24752,-6947,17805,15945,-6100,9845
2000-08-09T22:00:00Z,0.872,0.873,0.86,0.8645,36721,-64371,-27650,24752,-6947,17805,15945,-6100,9845,NaN,NaN,NaN,NaN,82125,36721,-64371,-27650,24752,-6947,17805,15945,-6100,9845
2000-08-10T22:00:00Z,0.8645,0.8685,0.856,0.8595,36721,-64371,-27650,24752,-6947,17805,15945,-6100,9845,NaN,NaN,NaN,NaN,82125,36721,-64371,-27650,24752,-6947,17805,15945,-6100,9845
2000-08-13T22:00:00Z,0.86,0.868,0.857,0.867,36721,-64371,-27650,24752,-6947,17805,15945,-6100,9845,NaN,NaN,NaN,NaN,82125,36721,-64371,-27650,24752,-6947,17805,15945,-6100,9845
2000-08-14T22:00:00Z,0.868,0.8755,0.8675,0.8705,34544,-61581,-27037,23983,-6622,17361,15384,-5708,9676,NaN,NaN,NaN,NaN,78950,34544,-61581,-27037,23983,-6622,17361,15384,-5708,9676
2000-08-15T22:00:00Z,0.8705,0.872,0.8635,0.8665,34544,-61581,-27037,23983,-6622,17361,15384,-5708,9676,NaN,NaN,NaN,NaN,78950,34544,-61581,-27037,23983,-6622,17361,15384,-5708,9676
2000-08-16T22:00:00Z,0.868,0.871,0.8635,0.869,34544,-61581,-27037,23983,-6622,17361,15384,-5708,9676,NaN,NaN,NaN,NaN,78950,34544,-61581,-27037,23983,-6622,17361,15384,-5708,9676
2000-08-17T22:00:00Z,0.869,0.8725,0.864,0.865,34544,-61581,-27037,23983,-6622,17361,15384,-5708,9676,NaN,NaN,NaN,NaN,78950,34544,-61581,-27037,23983,-6622,17361,15384,-5708,9676
2000-08-20T22:00:00Z,0.865,0.865,0.852,0.854,34544,-61581,-27037,23983,-6622,17361,15384,-5708,9676,NaN,NaN,NaN,NaN,78950,34544,-61581,-27037,23983,-6622,17361,15384,-5708,9676
2000-08-21T22:00:00Z,0.854,0.859,0.852,0.8575,35280,-57125,-21845,21011,-6457,14554,14784,-7493,7291,NaN,NaN,NaN,NaN,75325,35280,-57125,-21845,21011,-6457,14554,14784,-7493,7291
2000-08-22T22:00:00Z,0.8585,0.866,0.8535,0.8565,35280,-57125,-21845,21011,-6457,14554,14784,-7493,7291,NaN,NaN,NaN,NaN,75325,35280,-57125,-21845,21011,-6457,14554,14784,-7493,7291
2000-08-23T22:00:00Z,0.8565,0.865,0.855,0.862,35280,-57125,-21845,21011,-6457,14554,14784,-7493,7291,NaN,NaN,NaN,NaN,75325,35280,-57125,-21845,21011,-6457,14554,14784,-7493,7291
2000-08-24T22:00:00Z,0.862,0.864,0.855,0.8625,35280,-57125,-21845,21011,-6457,14554,14784,-7493,7291,NaN,NaN,NaN,NaN,75325,35280,-57125,-21845,21011,-6457,14554,14784,-7493,7291
2000-08-27T22:00:00Z,0.863,0.865,0.858,0.86,35280,-57125,-21845,21011,-6457,14554,14784,-7493,7291,NaN,NaN,NaN,NaN,75325,35280,-57125,-21845,21011,-6457,14554,14784,-7493,7291
2000-08-28T22:00:00Z,0.864,0.879,0.86,0.879,37703,-65382,-27679,23948,-5770,18178,15905,-6404,9501,NaN,NaN,NaN,NaN,79865,37703,-65382,-27679,23948,-5770,18178,15905,-6404,9501
2000-08-29T22:00:00Z,0.8885,0.898,0.887,0.897,37703,-65382,-27679,23948,-5770,18178,15905,-6404,9501,NaN,NaN,NaN,NaN,79865,37703,-65382,-27679,23948,-5770,18178,15905,-6404,9501
2000-08-30T22:00:00Z,0.897,0.901,0.889,0.895,37703,-65382,-27679,23948,-5770,18178,15905,-6404,9501,NaN,NaN,NaN,NaN,79865,37703,-65382,-27679,23948,-5770,18178,15905,-6404,9501
2000-08-31T22:00:00Z,0.894,0.8995,0.893,0.8975,37703,-65382,-27679,23948,-5770,18178,15905,-6404,9501,NaN,NaN,NaN,NaN,79865,37703,-65382,-27679,23948,-5770,18178,15905,-6404,9501
2000-09-04T22:00:00Z,0.901,0.914,0.9005,0.9125,33669,-65819,-32150,28434,-5795,22639,16680,-7169,9511,NaN,NaN,NaN,NaN,80980,33669,-65819,-32150,28434,-5795,22639,16680,-7169,9511
2000-09-05T22:00:00Z,0.9125,0.9125,0.905,0.908,33669,-65819,-32150,28434,-5795,22639,16680,-7169,9511,NaN,NaN,NaN,NaN,80980,33669,-65819,-32150,28434,-5795,22639,16680,-7169,9511
2000-09-06T22:00:00Z,0.908,0.915,0.904,0.912,33669,-65819,-32150,28434,-5795,22639,16680,-7169,9511,NaN,NaN,NaN,NaN,80980,33669,-65819,-32150,28434,-5795,22639,16680,-7169,9511
2000-09-07T22:00:00Z,0.911,0.927,0.91,0.918,33669,-65819,-32150,28434,-5795,22639,16680,-7169,9511,NaN,NaN,NaN,NaN,80980,33669,-65819,-32150,28434,-5795,22639,16680,-7169,9511
2000-09-10T22:00:00Z,0.919,0.922,0.913,0.9205,33669,-65819,-32150,28434,-5795,22639,16680,-7169,9511,NaN,NaN,NaN,NaN,80980,33669,-65819,-32150,28434,-5795,22639,16680,-7169,9511
2000-09-11T22:00:00Z,0.9175,0.936,0.917,0.936,32677,-68062,-35385,31743,-6206,25537,16774,-6926,9848,NaN,NaN,NaN,NaN,84066,32677,-68062,-35385,31743,-6206,25537,16774,-6926,9848
2000-09-12T22:00:00Z,0.934,0.944,0.933,0.9355,32677,-68062,-35385,31743,-6206,25537,16774,-6926,9848,NaN,NaN,NaN,NaN,84066,32677,-68062,-35385,31743,-6206,25537,16774,-6926,9848
2000-09-13T22:00:00Z,0.9355,0.944,0.9315,0.935,32677,-68062,-35385,31743,-6206,25537,16774,-6926,9848,NaN,NaN,NaN,NaN,84066,32677,-68062,-35385,31743,-6206,25537,16774,-6926,9848
2000-09-14T22:00:00Z,0.935,0.935,0.923,0.9295,32677,-68062,-35385,31743,-6206,25537,16774,-6926,9848,NaN,NaN,NaN,NaN,84066,32677,-68062,-35385,31743,-6206,25537,16774,-6926,9848
2000-09-17T22:00:00Z,0.93,0.9335,0.923,0.9275,32677,-68062,-35385,31743,-6206,25537,16774,-6926,9848,NaN,NaN,NaN,NaN,84066,32677,-68062,-35385,31743,-6206,25537,16774,-6926,9848
2000-09-18T22:00:00Z,0.9275,0.931,0.9185,0.9305,31952,-70364,-38412,35285,-6449,28836,16279,-6703,9576,NaN,NaN,NaN,NaN,86436,31952,-70364,-38412,35285,-6449,28836,16279,-6703,9576
2000-09-19T22:00:00Z,0.928,0.9305,0.907,0.9105,31952,-70364,-38412,35285,-6449,28836,16279,-6703,9576,NaN,NaN,NaN,NaN,86436,31952,-70364,-38412,35285,-6449,28836,16279,-6703,9576
2000-09-20T22:00:00Z,0.91,0.934,0.906,0.934,31952,-70364,-38412,35285,-6449,28836,16279,-6703,9576,NaN,NaN,NaN,NaN,86436,31952,-70364,-38412,35285,-6449,28836,16279,-6703,9576
2000-09-21T22:00:00Z,0.9305,0.9355,0.9255,0.928,31952,-70364,-38412,35285,-6449,28836,16279,-6703,9576,NaN,NaN,NaN,NaN,86436,31952,-70364,-38412,35285,-6449,28836,16279,-6703,9576
2000-09-24T22:00:00Z,0.9335,0.9365,0.928,0.935,31952,-70364,-38412,35285,-6449,28836,16279,-6703,9576,NaN,NaN,NaN,NaN,86436,31952,-70364,-38412,35285,-6449,28836,16279,-6703,9576
2000-09-25T22:00:00Z,0.9335,0.9355,0.918,0.9235,32272,-67868,-35596,34361,-6359,28002,14411,-6817,7594,NaN,NaN,NaN,NaN,83849,32272,-67868,-35596,34361,-6359,28002,14411,-6817,7594
2000-09-26T22:00:00Z,0.924,0.925,0.913,0.9215,32272,-67868,-35596,34361,-6359,28002,14411,-6817,7594,NaN,NaN,NaN,NaN,83849,32272,-67868,-35596,34361,-6359,28002,14411,-6817,7594
2000-09-27T22:00:00Z,0.915,0.921,0.913,0.919,32272,-67868,-35596,34361,-6359,28002,14411,-6817,7594,NaN,NaN,NaN,NaN,83849,32272,-67868,-35596,34361,-6359,28002,14411,-6817,7594
2000-09-28T22:00:00Z,0.9185,0.927,0.916,0.9205,32272,-67868,-35596,34361,-6359,28002,14411,-6817,7594,NaN,NaN,NaN,NaN,83849,32272,-67868,-35596,34361,-6359,28002,14411,-6817,7594
2000-10-01T22:00:00Z,0.917,0.92,0.8985,0.899,32272,-67868,-35596,34361,-6359,28002,14411,-6817,7594,NaN,NaN,NaN,NaN,83849,32272,-67868,-35596,34361,-6359,28002,14411,-6817,7594
2000-10-02T22:00:00Z,0.901,0.903,0.889,0.9025,35618,-59728,-24110,23990,-5554,18436,12905,-7231,5674,NaN,NaN,NaN,NaN,76591,35618,-59728,-24110,23990,-5554,18436,12905,-7231,5674
2000-10-03T22:00:00Z,0.9015,0.9015,0.893,0.899,35618,-59728,-24110,23990,-5554,18436,12905,-7231,5674,NaN,NaN,NaN,NaN,76591,35618,-59728,-24110,23990,-5554,18436,12905,-7231,5674
2000-10-04T22:00:00Z,0.8995,0.916,0.8945,0.911,35618,-59728,-24110,23990,-5554,18436,12905,-7231,5674,NaN,NaN,NaN,NaN,76591,35618,-59728,-24110,23990,-5554,18436,12905,-7231,5674
2000-10-05T22:00:00Z,0.9125,0.9125,0.902,0.906,35618,-59728,-24110,23990,-5554,18436,12905,-7231,5674,NaN,NaN,NaN,NaN,76591,35618,-59728,-24110,23990,-5554,18436,12905,-7231,5674
2000-10-08T22:00:00Z,0.905,0.906,0.89,0.8965,35618,-59728,-24110,23990,-5554,18436,12905,-7231,5674,NaN,NaN,NaN,NaN,76591,35618,-59728,-24110,23990,-5554,18436,12905,-7231,5674
2000-10-09T22:00:00Z,0.896,0.906,0.896,0.9055,37556,-57493,-19937,19448,-5478,13970,12861,-6894,5967,NaN,NaN,NaN,NaN,73934,37556,-57493,-19937,19448,-5478,13970,12861,-6894,5967
2000-10-10T22:00:00Z,0.904,0.9055,0.8925,0.902,37556,-57493,-19937,19448,-5478,13970,12861,-6894,5967,NaN,NaN,NaN,NaN,73934,37556,-57493,-19937,19448,-5478,13970,12861,-6894,5967
2000-10-11T22:00:00Z,0.9,0.904,0.881,0.882,37556,-57493,-19937,19448,-5478,13970,12861,-6894,5967,NaN,NaN,NaN,NaN,73934,37556,-57493,-19937,19448,-5478,13970,12861,-6894,5967
2000-10-12T22:00:00Z,0.881,0.895,0.878,0.8925,37556,-57493,-19937,19448,-5478,13970,12861,-6894,5967,NaN,NaN,NaN,NaN,73934,37556,-57493,-19937,19448,-5478,13970,12861,-6894,5967
2000-10-15T22:00:00Z,0.892,0.896,0.8865,0.894,37556,-57493,-19937,19448,-5478,13970,12861,-6894,5967,NaN,NaN,NaN,NaN,73934,37556,-57493,-19937,19448,-5478,13970,12861,-6894,5967
2000-10-16T22:00:00Z,0.8935,0.894,0.8755,0.883,42218,-55093,-12875,16149,-7273,8876,11245,-7246,3999,NaN,NaN,NaN,NaN,73377,42218,-55093,-12875,16149,-7273,8876,11245,-7246,3999
2000-10-17T22:00:00Z,0.883,0.8855,0.865,0.872,42218,-55093,-12875,16149,-7273,8876,11245,-7246,3999,NaN,NaN,NaN,NaN,73377,42218,-55093,-12875,16149,-7273,8876,11245,-7246,3999
2000-10-18T22:00:00Z,0.871,0.876,0.869,0.873,42218,-55093,-12875,16149,-7273,8876,11245,-7246,3999,NaN,NaN,NaN,NaN,73377,42218,-55093,-12875,16149,-7273,8876,11245,-7246,3999
2000-10-19T22:00:00Z,0.873,0.8755,0.861,0.862,42218,-55093,-12875,16149,-7273,8876,11245,-7246,3999,NaN,NaN,NaN,NaN,73377,42218,-55093,-12875,16149,-7273,8876,11245,-7246,3999
2000-10-22T22:00:00Z,0.863,0.869,0.859,0.8675,42218,-55093,-12875,16149,-7273,8876,11245,-7246,3999,NaN,NaN,NaN,NaN,73377,42218,-55093,-12875,16149,-7273,8876,11245,-7246,3999
2000-10-23T22:00:00Z,0.868,0.8735,0.865,0.8655,46491,-51924,-5433,12019,-9920,2099,11249,-7915,3334,NaN,NaN,NaN,NaN,73429,46491,-51924,-5433,12019,-9920,2099,11249,-7915,3334
2000-10-24T22:00:00Z,0.866,0.866,0.851,0.8525,46491,-51924,-5433,12019,-9920,2099,11249,-7915,3334,NaN,NaN,NaN,NaN,73429,46491,-51924,-5433,12019,-9920,2099,11249,-7915,3334
2000-10-25T22:00:00Z,0.853,0.8545,0.8285,0.8315,46491,-51924,-5433,12019,-9920,2099,11249,-7915,3334,NaN,NaN,NaN,NaN,73429,46491,-51924,-5433,12019,-9920,2099,11249,-7915,3334
2000-10-26T22:00:00Z,0.8315,0.8485,0.831,0.844,46491,-51924,-5433,12019,-9920,2099,11249,-7915,3334,NaN,NaN,NaN,NaN,73429,46491,-51924,-5433,12019,-9920,2099,11249,-7915,3334
2000-10-29T23:00:00Z,0.8475,0.8475,0.8385,0.8445,46491,-51924,-5433,12019,-9920,2099,11249,-7915,3334,NaN,NaN,NaN,NaN,73429,46491,-51924,-5433,12019,-9920,2099,11249,-7915,3334
2000-10-30T23:00:00Z,0.844,0.8585,0.844,0.8485,47381,-43541,3840,9716,-15254,-5538,9952,-8254,1698,NaN,NaN,NaN,NaN,70240,47381,-43541,3840,9716,-15254,-5538,9952,-8254,1698
2000-10-31T23:00:00Z,0.85,0.8515,0.834,0.836,47381,-43541,3840,9716,-15254,-5538,9952,-8254,1698,NaN,NaN,NaN,NaN,70240,47381,-43541,3840,9716,-15254,-5538,9952,-8254,1698
2000-11-01T23:00:00Z,0.8355,0.8415,0.834,0.838,47381,-43541,3840,9716,-15254,-5538,9952,-8254,1698,NaN,NaN,NaN,NaN,70240,47381,-43541,3840,9716,-15254,-5538,9952,-8254,1698
2000-11-02T23:00:00Z,0.835,0.849,0.835,0.8385,47381,-43541,3840,9716,-15254,-5538,9952,-8254,1698,NaN,NaN,NaN,NaN,70240,47381,-43541,3840,9716,-15254,-5538,9952,-8254,1698
2000-11-05T23:00:00Z,0.839,0.8405,0.826,0.8275,47381,-43541,3840,9716,-15254,-5538,9952,-8254,1698,NaN,NaN,NaN,NaN,70240,47381,-43541,3840,9716,-15254,-5538,9952,-8254,1698
2000-11-06T23:00:00Z,0.828,0.836,0.8275,0.8305,48451,-42568,5883,11229,-17706,-6477,10019,-9425,594,NaN,NaN,NaN,NaN,72662,48451,-42568,5883,11229,-17706,-6477,10019,-9425,594
2000-11-07T23:00:00Z,0.8305,0.836,0.827,0.836,48451,-42568,5883,11229,-17706,-6477,10019,-9425,594,NaN,NaN,NaN,NaN,72662,48451,-42568,5883,11229,-17706,-6477,10019,-9425,594
2000-11-08T23:00:00Z,0.834,0.846,0.8315,0.8405,48451,-42568,5883,11229,-17706,-6477,10019,-9425,594,NaN,NaN,NaN,NaN,72662,48451,-42568,5883,11229,-17706,-6477,10019,-9425,594
2000-11-09T23:00:00Z,0.841,0.843,0.83,0.8385,48451,-42568,5883,11229,-17706,-6477,10019,-9425,594,NaN,NaN,NaN,NaN,72662,48451,-42568,5883,11229,-17706,-6477,10019,-9425,594
2000-11-12T23:00:00Z,0.835,0.835,0.816,0.821,48451,-42568,5883,11229,-17706,-6477,10019,-9425,594,NaN,NaN,NaN,NaN,72662,48451,-42568,5883,11229,-17706,-6477,10019,-9425,594
2000-11-13T23:00:00Z,0.821,0.829,0.821,0.8275,50515,-41230,9285,10792,-21694,-10902,10805,-9188,1617,NaN,NaN,NaN,NaN,75391,50515,-41230,9285,10792,-21694,-10902,10805,-9188,1617
2000-11-14T23:00:00Z,0.8285,0.832,0.821,0.827,50515,-41230,9285,10792,-21694,-10902,10805,-9188,1617,NaN,NaN,NaN,NaN,75391,50515,-41230,9285,10792,-21694,-10902,10805,-9188,1617
2000-11-15T23:00:00Z,0.827,0.827,0.8175,0.82,50515,-41230,9285,10792,-21694,-10902,10805,-9188,1617,NaN,NaN,NaN,NaN,75391,50515,-41230,9285,10792,-21694,-10902,10805,-9188,1617
2000-11-16T23:00:00Z,0.819,0.8265,0.8155,0.8245,50515,-41230,9285,10792,-21694,-10902,10805,-9188,1617,NaN,NaN,NaN,NaN,75391,50515,-41230,9285,10792,-21694,-10902,10805,-9188,1617
2000-11-19T23:00:00Z,0.8275,0.8325,0.8165,0.825,50515,-41230,9285,10792,-21694,-10902,10805,-9188,1617,NaN,NaN,NaN,NaN,75391,50515,-41230,9285,10792,-21694,-10902,10805,-9188,1617
2000-11-21T23:00:00Z,0.83,0.83,0.813,0.821,52121,-41009,11112,10339,-24001,-13662,11441,-8891,2550,NaN,NaN,NaN,NaN,76579,52121,-41009,11112,10339,-24001,-13662,11441,-8891,2550
2000-11-26T23:00:00Z,0.82,0.844,0.82,0.842,52121,-41009,11112,10339,-24001,-13662,11441,-8891,2550,NaN,NaN,NaN,NaN,76579,52121,-41009,11112,10339,-24001,-13662,11441,-8891,2550
2000-11-27T23:00:00Z,0.842,0.852,0.8405,0.852,50936,-43159,7777,10018,-21080,-11062,10956,-7671,3285,NaN,NaN,NaN,NaN,74806,50936,-43159,7777,10018,-21080,-11062,10956,-7671,3285
2000-11-28T23:00:00Z,0.8555,0.8645,0.854,0.858,50936,-43159,7777,10018,-21080,-11062,10956,-7671,3285,NaN,NaN,NaN,NaN,74806,50936,-43159,7777,10018,-21080,-11062,10956,-7671,3285
2000-11-29T23:00:00Z,0.8575,0.86,0.843,0.8455,50936,-43159,7777,10018,-21080,-11062,10956,-7671,3285,NaN,NaN,NaN,NaN,74806,50936,-43159,7777,10018,-21080,-11062,10956,-7671,3285
2000-11-30T23:00:00Z,0.843,0.859,0.843,0.8585,50936,-43159,7777,10018,-21080,-11062,10956,-7671,3285,NaN,NaN,NaN,NaN,74806,50936,-43159,7777,10018,-21080,-11062,10956,-7671,3285
2000-12-03T23:00:00Z,0.856,0.864,0.855,0.862,50936,-43159,7777,10018,-21080,-11062,10956,-7671,3285,NaN,NaN,NaN,NaN,74806,50936,-43159,7777,10018,-21080,-11062,10956,-7671,3285
2000-12-04T23:00:00Z,0.8625,0.872,0.8575,0.869,48122,-46844,1278,10784,-16106,-5322,11224,-7180,4044,NaN,NaN,NaN,NaN,73783,48122,-46844,1278,10784,-16106,-5322,11224,-7180,4044
2000-12-05T23:00:00Z,0.869,0.878,0.868,0.8775,48122,-46844,1278,10784,-16106,-5322,11224,-7180,4044,NaN,NaN,NaN,NaN,73783,48122,-46844,1278,10784,-16106,-5322,11224,-7180,4044
2000-12-06T23:00:00Z,0.875,0.8825,0.875,0.881,48122,-46844,1278,10784,-16106,-5322,11224,-7180,4044,NaN,NaN,NaN,NaN,73783,48122,-46844,1278,10784,-16106,-5322,11224,-7180,4044
2000-12-07T23:00:00Z,0.879,0.892,0.8755,0.891,48122,-46844,1278,10784,-16106,-5322,11224,-7180,4044,NaN,NaN,NaN,NaN,73783,48122,-46844,1278,10784,-16106,-5322,11224,-7180,4044
2000-12-10T23:00:00Z,0.8905,0.901,0.8905,0.8915,48122,-46844,1278,10784,-16106,-5322,11224,-7180,4044,NaN,NaN,NaN,NaN,73783,48122,-46844,1278,10784,-16106,-5322,11224,-7180,4044
2000-12-11T23:00:00Z,0.89,0.8915,0.879,0.885,43511,-49815,-6304,11264,-9949,1315,10827,-5838,4989,NaN,NaN,NaN,NaN,68665,43511,-49815,-6304,11264,-9949,1315,10827,-5838,4989
2000-12-12T23:00:00Z,0.8825,0.885,0.8785,0.883,43511,-49815,-6304,11264,-9949,1315,10827,-5838,4989,NaN,NaN,NaN,NaN,68665,43511,-49815,-6304,11264,-9949,1315,10827,-5838,4989
2000-12-13T23:00:00Z,0.8845,0.8915,0.88,0.8915,43511,-49815,-6304,11264,-9949,1315,10827,-5838,4989,NaN,NaN,NaN,NaN,68665,43511,-49815,-6304,11264,-9949,1315,10827,-5838,4989
2000-12-14T23:00:00Z,0.8915,0.8945,0.865,0.872,43511,-49815,-6304,11264,-9949,1315,10827,-5838,4989,NaN,NaN,NaN,NaN,68665,43511,-49815,-6304,11264,-9949,1315,10827,-5838,4989
2000-12-17T23:00:00Z,0.87,0.8765,0.865,0.8735,43511,-49815,-6304,11264,-9949,1315,10827,-5838,4989,NaN,NaN,NaN,NaN,68665,43511,-49815,-6304,11264,-9949,1315,10827,-5838,4989
2000-12-18T23:00:00Z,0.8735,0.8735,0.8635,0.8695,44029,-49805,-5776,12355,-9596,2759,9334,-6317,3017,NaN,NaN,NaN,NaN,68522,44029,-49805,-5776,12355,-9596,2759,9334,-6317,3017
2000-12-19T23:00:00Z,0.8685,0.8695,0.8505,0.859,44029,-49805,-5776,12355,-9596,2759,9334,-6317,3017,NaN,NaN,NaN,NaN,68522,44029,-49805,-5776,12355,-9596,2759,9334,-6317,3017
2000-12-20T23:00:00Z,0.859,0.8595,0.842,0.8535,44029,-49805,-5776,12355,-9596,2759,9334,-6317,3017,NaN,NaN,NaN,NaN,68522,44029,-49805,-5776,12355,-9596,2759,9334,-6317,3017
2000-12-21T23:00:00Z,0.853,0.86,0.848,0.8565,44029,-49805,-5776,12355,-9596,2759,9334,-6317,3017,NaN,NaN,NaN,NaN,68522,44029,-49805,-5776,12355,-9596,2759,9334,-6317,3017
2000-12-25T23:00:00Z,0.856,0.864,0.8555,0.8625,43241,-46756,-3515,12805,-11741,1064,10308,-7857,2451,NaN,NaN,NaN,NaN,69156,43241,-46756,-3515,12805,-11741,1064,10308,-7857,2451
2000-12-26T23:00:00Z,0.8625,0.8635,0.843,0.8475,43241,-46756,-3515,12805,-11741,1064,10308,-7857,2451,NaN,NaN,NaN,NaN,69156,43241,-46756,-3515,12805,-11741,1064,10308,-7857,2451
2000-12-27T23:00:00Z,0.8475,0.852,0.843,0.8495,43241,-46756,-3515,12805,-11741,1064,10308,-7857,2451,NaN,NaN,NaN,NaN,69156,43241,-46756,-3515,12805,-11741,1064,10308,-7857,2451
2000-12-28T23:00:00Z,0.8485,0.8495,0.841,0.843,43241,-46756,-3515,12805,-11741,1064,10308,-7857,2451,NaN,NaN,NaN,NaN,69156,43241,-46756,-3515,12805,-11741,1064,10308,-7857,2451
2001-01-01T23:00:00Z,0.8405,0.8405,0.809,0.8115,44221,-43186,1035,13520,-15671,-2151,10958,-9842,1116,NaN,NaN,NaN,NaN,71735,44221,-43186,1035,13520,-15671,-2151,10958,-9842,1116
2001-01-02T23:00:00Z,0.812,0.822,0.802,0.817,44221,-43186,1035,13520,-15671,-2151,10958,-9842,1116,NaN,NaN,NaN,NaN,71735,44221,-43186,1035,13520,-15671,-2151,10958,-9842,1116
2001-01-03T23:00:00Z,0.8185,0.8235,0.809,0.811,44221,-43186,1035,13520,-15671,-2151,10958,-9842,1116,NaN,NaN,NaN,NaN,71735,44221,-43186,1035,13520,-15671,-2151,10958,-9842,1116
2001-01-04T23:00:00Z,0.81,0.825,0.809,0.8245,44221,-43186,1035,13520,-15671,-2151,10958,-9842,1116,NaN,NaN,NaN,NaN,71735,44221,-43186,1035,13520,-15671,-2151,10958,-9842,1116
2001-01-07T23:00:00Z,0.824,0.835,0.8155,0.8285,44221,-43186,1035,13520,-15671,-2151,10958,-9842,1116,NaN,NaN,NaN,NaN,71735,44221,-43186,1035,13520,-15671,-2151,10958,-9842,1116
2001-01-08T23:00:00Z,0.8285,0.837,0.8245,0.825,48863,-43565,5298,15768,-21469,-5701,10319,-9916,403,NaN,NaN,NaN,NaN,79511,48863,-43565,5298,15768,-21469,-5701,10319,-9916,403
2001-01-09T23:00:00Z,0.825,0.834,0.824,0.826,48863,-43565,5298,15768,-21469,-5701,10319,-9916,403,NaN,NaN,NaN,NaN,79511,48863,-43565,5298,15768,-21469,-5701,10319,-9916,403
2001-01-10T23:00:00Z,0.8255,0.8385,0.8255,0.8305,48863,-43565,5298,15768,-21469,-5701,10319,-9916,403,NaN,NaN,NaN,NaN,79511,48863,-43565,5298,15768,-21469,-5701,10319,-9916,403
2001-01-11T23:00:00Z,0.829,0.844,0.829,0.8415,48863,-43565,5298,15768,-21469,-5701,10319,-9916,403,NaN,NaN,NaN,NaN,79511,48863,-43565,5298,15768,-21469,-5701,10319,-9916,403
2001-01-15T23:00:00Z,0.841,0.841,0.816,0.823,51139,-45198,5941,16395,-21705,-5310,9862,-10493,-631,NaN,NaN,NaN,NaN,82086,51139,-45198,5941,16395,-21705,-5310,9862,-10493,-631
2001-01-16T23:00:00Z,0.824,0.831,0.8195,0.8275,51139,-45198,5941,16395,-21705,-5310,9862,-10493,-631,NaN,NaN,NaN,NaN,82086,51139,-45198,5941,16395,-21705,-5310,9862,-10493,-631
2001-01-17T23:00:00Z,0.828,0.864,0.828,0.8615,51139,-45198,5941,16395,-21705,-5310,9862,-10493,-631,NaN,NaN,NaN,NaN,82086,51139,-45198,5941,16395,-21705,-5310,9862,-10493,-631
2001-01-18T23:00:00Z,0.861,0.861,0.8465,0.8475,51139,-45198,5941,16395,-21705,-5310,9862,-10493,-631,NaN,NaN,NaN,NaN,82086,51139,-45198,5941,16395,-21705,-5310,9862,-10493,-631
2001-01-21T23:00:00Z,0.845,0.855,0.845,0.8475,51139,-45198,5941,16395,-21705,-5310,9862,-10493,-631,NaN,NaN,NaN,NaN,82086,51139,-45198,5941,16395,-21705,-5310,9862,-10493,-631
2001-01-22T23:00:00Z,0.847,0.8585,0.845,0.8485,46391,-45949,442,12091,-16609,-4518,12882,-8806,4076,NaN,NaN,NaN,NaN,77340,46391,-45949,442,12091,-16609,-4518,12882,-8806,4076
2001-01-23T23:00:00Z,0.8465,0.8485,0.825,0.835,46391,-45949,442,12091,-16609,-4518,12882,-8806,4076,NaN,NaN,NaN,NaN,77340,46391,-45949,442,12091,-16609,-4518,12882,-8806,4076
2001-01-24T23:00:00Z,0.833,0.841,0.8265,0.837,46391,-45949,442,12091,-16609,-4518,12882,-8806,4076,NaN,NaN,NaN,NaN,77340,46391,-45949,442,12091,-16609,-4518,12882,-8806,4076
2001-01-25T23:00:00Z,0.837,0.842,0.8345,0.84,46391,-45949,442,12091,-16609,-4518,12882,-8806,4076,NaN,NaN,NaN,NaN,77340,46391,-45949,442,12091,-16609,-4518,12882,-8806,4076
2001-01-28T23:00:00Z,0.84,0.84,0.83,0.8325,46391,-45949,442,12091,-16609,-4518,12882,-8806,4076,NaN,NaN,NaN,NaN,77340,46391,-45949,442,12091,-16609,-4518,12882,-8806,4076
2001-01-29T23:00:00Z,0.832,0.8445,0.827,0.841,48534,-46390,2144,12302,-17203,-4901,12102,-9345,2757,NaN,NaN,NaN,NaN,77620,48534,-46390,2144,12302,-17203,-4901,12102,-9345,2757
2001-01-30T23:00:00Z,0.842,0.85,0.839,0.8455,48534,-46390,2144,12302,-17203,-4901,12102,-9345,2757,NaN,NaN,NaN,NaN,77620,48534,-46390,2144,12302,-17203,-4901,12102,-9345,2757
2001-01-31T23:00:00Z,0.844,0.851,0.841,0.847,48534,-46390,2144,12302,-17203,-4901,12102,-9345,2757,NaN,NaN,NaN,NaN,77620,48534,-46390,2144,12302,-17203,-4901,12102,-9345,2757
2001-02-01T23:00:00Z,0.847,0.847,0.8335,0.8415,48534,-46390,2144,12302,-17203,-4901,12102,-9345,2757,NaN,NaN,NaN,NaN,77620,48534,-46390,2144,12302,-17203,-4901,12102,-9345,2757
2001-02-04T23:00:00Z,0.8365,0.841,0.822,0.825,48534,-46390,2144,12302,-17203,-4901,12102,-9345,2757,NaN,NaN,NaN,NaN,77620,48534,-46390,2144,12302,-17203,-4901,12102,-9345,2757
2001-02-05T23:00:00Z,0.825,0.833,0.822,0.8305,47783,-42364,5419,11908,-18451,-6543,11592,-10468,1124,NaN,NaN,NaN,NaN,75733,47783,-42364,5419,11908,-18451,-6543,11592,-10468,1124
2001-02-06T23:00:00Z,0.828,0.8335,0.8275,0.8285,47783,-42364,5419,11908,-18451,-6543,11592,-10468,1124,NaN,NaN,NaN,NaN,75733,47783,-42364,5419,11908,-18451,-6543,11592,-10468,1124
2001-02-07T23:00:00Z,0.8285,0.833,0.8255,0.8295,47783,-42364,5419,11908,-18451,-6543,11592,-10468,1124,NaN,NaN,NaN,NaN,75733,47783,-42364,5419,11908,-18451,-6543,11592,-10468,1124
2001-02-12T23:00:00Z,0.8115,0.832,0.8115,0.8245,46321,-39974,6347,12032,-20490,-8458,12523,-10412,2111,NaN,NaN,NaN,NaN,75140,46321,-39974,6347,12032,-20490,-8458,12523,-10412,2111
2001-02-13T23:00:00Z,0.825,0.827,0.8165,0.822,46321,-39974,6347,12032,-20490,-8458,12523,-10412,2111,NaN,NaN,NaN,NaN,75140,46321,-39974,6347,12032,-20490,-8458,12523,-10412,2111
2001-02-14T23:00:00Z,0.8225,0.834,0.8225,0.828,46321,-39974,6347,12032,-20490,-8458,12523,-10412,2111,NaN,NaN,NaN,NaN,75140,46321,-39974,6347,12032,-20490,-8458,12523,-10412,2111
2001-02-15T23:00:00Z,0.828,0.833,0.823,0.825,46321,-39974,6347,12032,-20490,-8458,12523,-10412,2111,NaN,NaN,NaN,NaN,75140,46321,-39974,6347,12032,-20490,-8458,12523,-10412,2111
2001-02-19T23:00:00Z,0.824,0.824,0.815,0.8205,45280,-40174,5106,12631,-20800,-8169,12539,-9476,3063,NaN,NaN,NaN,NaN,74601,45280,-40174,5106,12631,-20800,-8169,12539,-9476,3063
2001-02-20T23:00:00Z,0.82,0.8205,0.8,0.8005,45280,-40174,5106,12631,-20800,-8169,12539,-9476,3063,NaN,NaN,NaN,NaN,74601,45280,-40174,5106,12631,-20800,-8169,12539,-9476,3063
2001-02-21T23:00:00Z,0.802,0.806,0.797,0.801,45280,-40174,5106,12631,-20800,-8169,12539,-9476,3063,NaN,NaN,NaN,NaN,74601,45280,-40174,5106,12631,-20800,-8169,12539,-9476,3063
2001-02-22T23:00:00Z,0.801,0.805,0.792,0.796,45280,-40174,5106,12631,-20800,-8169,12539,-9476,3063,NaN,NaN,NaN,NaN,74601,45280,-40174,5106,12631,-20800,-8169,12539,-9476,3063
2001-02-25T23:00:00Z,0.8,0.8085,0.797,0.8045,45280,-40174,5106,12631,-20800,-8169,12539,-9476,3063,NaN,NaN,NaN,NaN,74601,45280,-40174,5106,12631,-20800,-8169,12539,-9476,3063
2001-02-26T23:00:00Z,0.812,0.813,0.804,0.8095,49915,-35886,14029,16451,-29197,-12746,9561,-10844,-1283,NaN,NaN,NaN,NaN,80196,49915,-35886,14029,16451,-29197,-12746,9561,-10844,-1283
2001-02-27T23:00:00Z,0.8095,0.82,0.806,0.816,49915,-35886,14029,16451,-29197,-12746,9561,-10844,-1283,NaN,NaN,NaN,NaN,80196,49915,-35886,14029,16451,-29197,-12746,9561,-10844,-1283
2001-02-28T23:00:00Z,0.816,0.83,0.816,0.824,49915,-35886,14029,16451,-29197,-12746,9561,-10844,-1283,NaN,NaN,NaN,NaN,80196,49915,-35886,14029,16451,-29197,-12746,9561,-10844,-1283
2001-03-01T23:00:00Z,0.8235,0.829,0.8215,0.828,49915,-35886,14029,16451,-29197,-12746,9561,-10844,-1283,NaN,NaN,NaN,NaN,80196,49915,-35886,14029,16451,-29197,-12746,9561,-10844,-1283
2001-03-04T23:00:00Z,0.827,0.844,0.825,0.838,49915,-35886,14029,16451,-29197,-12746,9561,-10844,-1283,NaN,NaN,NaN,NaN,80196,49915,-35886,14029,16451,-29197,-12746,9561,-10844,-1283
2001-03-05T23:00:00Z,0.838,0.853,0.8375,0.8485,42830,-39615,3215,12629,-18719,-6090,12884,-10009,2875,NaN,NaN,NaN,NaN,71973,42830,-39615,3215,12629,-18719,-6090,12884,-10009,2875
2001-03-06T23:00:00Z,0.8485,0.849,0.8385,0.84,42830,-39615,3215,12629,-18719,-6090,12884,-10009,2875,NaN,NaN,NaN,NaN,71973,42830,-39615,3215,12629,-18719,-6090,12884,-10009,2875
2001-03-07T23:00:00Z,0.84,0.84,0.8255,0.8265,42830,-39615,3215,12629,-18719,-6090,12884,-10009,2875,NaN,NaN,NaN,NaN,71973,42830,-39615,3215,12629,-18719,-6090,12884,-10009,2875
2001-03-08T23:00:00Z,0.8255,0.834,0.825,0.8325,42830,-39615,3215,12629,-18719,-6090,12884,-10009,2875,NaN,NaN,NaN,NaN,71973,42830,-39615,3215,12629,-18719,-6090,12884,-10009,2875
2001-03-11T23:00:00Z,0.83,0.8305,0.821,0.8285,42830,-39615,3215,12629,-18719,-6090,12884,-10009,2875,NaN,NaN,NaN,NaN,71973,42830,-39615,3215,12629,-18719,-6090,12884,-10009,2875
2001-03-12T23:00:00Z,0.825,0.825,0.815,0.8195,45991,-40967,5024,10453,-18072,-7619,10090,-7495,2595,NaN,NaN,NaN,NaN,69879,45991,-40967,5024,10453,-18072,-7619,10090,-7495,2595
2001-03-13T23:00:00Z,0.819,0.8225,0.8085,0.813,45991,-40967,5024,10453,-18072,-7619,10090,-7495,2595,NaN,NaN,NaN,NaN,69879,45991,-40967,5024,10453,-18072,-7619,10090,-7495,2595
2001-03-14T23:00:00Z,0.814,0.815,0.8075,0.8105,45991,-40967,5024,10453,-18072,-7619,10090,-7495,2595,NaN,NaN,NaN,NaN,69879,45991,-40967,5024,10453,-18072,-7619,10090,-7495,2595
2001-03-15T23:00:00Z,0.8105,0.8105,0.791,0.792,45991,-40967,5024,10453,-18072,-7619,10090,-7495,2595,NaN,NaN,NaN,NaN,69879,45991,-40967,5024,10453,-18072,-7619,10090,-7495,2595
2001-03-18T23:00:00Z,0.793,0.799,0.791,0.798,45991,-40967,5024,10453,-18072,-7619,10090,-7495,2595,NaN,NaN,NaN,NaN,69879,45991,-40967,5024,10453,-18072,-7619,10090,-7495,2595
2001-03-19T23:00:00Z,0.798,0.804,0.798,0.801,53379,-39739,13640,14348,-27535,-13187,8931,-9384,-453,NaN,NaN,NaN,NaN,80458,53379,-39739,13640,14348,-27535,-13187,8931,-9384,-453
2001-03-20T23:00:00Z,0.797,0.799,0.79,0.7925,53379,-39739,13640,14348,-27535,-13187,8931,-9384,-453,NaN,NaN,NaN,NaN,80458,53379,-39739,13640,14348,-27535,-13187,8931,-9384,-453
2001-03-21T23:00:00Z,0.79,0.793,0.7805,0.784,53379,-39739,13640,14348,-27535,-13187,8931,-9384,-453,NaN,NaN,NaN,NaN,80458,53379,-39739,13640,14348,-27535,-13187,8931,-9384,-453
2001-03-22T23:00:00Z,0.789,0.79,0.785,0.786,53379,-39739,13640,14348,-27535,-13187,8931,-9384,-453,NaN,NaN,NaN,NaN,80458,53379,-39739,13640,14348,-27535,-13187,8931,-9384,-453
2001-03-25T23:00:00Z,0.787,0.7975,0.781,0.7845,53379,-39739,13640,14348,-27535,-13187,8931,-9384,-453,NaN,NaN,NaN,NaN,80458,53379,-39739,13640,14348,-27535,-13187,8931,-9384,-453
2001-03-26T23:00:00Z,0.785,0.794,0.7815,0.792,54409,-39765,14644,14579,-30196,-15617,11861,-10888,973,NaN,NaN,NaN,NaN,84833,54409,-39765,14644,14579,-30196,-15617,11861,-10888,973
2001-03-27T23:00:00Z,0.7925,0.796,0.773,0.773,54409,-39765,14644,14579,-30196,-15617,11861,-10888,973,NaN,NaN,NaN,NaN,84833,54409,-39765,14644,14579,-30196,-15617,11861,-10888,973
2001-03-28T23:00:00Z,0.775,0.777,0.7665,0.7755,54409,-39765,14644,14579,-30196,-15617,11861,-10888,973,NaN,NaN,NaN,NaN,84833,54409,-39765,14644,14579,-30196,-15617,11861,-10888,973
2001-03-29T23:00:00Z,0.776,0.776,0.763,0.764,54409,-39765,14644,14579,-30196,-15617,11861,-10888,973,NaN,NaN,NaN,NaN,84833,54409,-39765,14644,14579,-30196,-15617,11861,-10888,973
2001-04-01T22:00:00Z,0.7645,0.766,0.76,0.7605,54409,-39765,14644,14579,-30196,-15617,11861,-10888,973,NaN,NaN,NaN,NaN,84833,54409,-39765,14644,14579,-30196,-15617,11861,-10888,973
2001-04-02T22:00:00Z,0.7605,0.768,0.757,0.766,54324,-35758,18566,16051,-34432,-18381,10714,-10899,-185,NaN,NaN,NaN,NaN,85987,54324,-35758,18566,16051,-34432,-18381,10714,-10899,-185
2001-04-03T22:00:00Z,0.763,0.773,0.763,0.766,54324,-35758,18566,16051,-34432,-18381,10714,-10899,-185,NaN,NaN,NaN,NaN,85987,54324,-35758,18566,16051,-34432,-18381,10714,-10899,-185
2001-04-04T22:00:00Z,0.766,0.774,0.766,0.7685,54324,-35758,18566,16051,-34432,-18381,10714,-10899,-185,NaN,NaN,NaN,NaN,85987,54324,-35758,18566,16051,-34432,-18381,10714,-10899,-185
2001-04-05T22:00:00Z,0.7685,0.77,0.748,0.7505,54324,-35758,18566,16051,-34432,-18381,10714,-10899,-185,NaN,NaN,NaN,NaN,85987,54324,-35758,18566,16051,-34432,-18381,10714,-10899,-185
2001-04-08T22:00:00Z,0.751,0.7625,0.749,0.76,54324,-35758,18566,16051,-34432,-18381,10714,-10899,-185,NaN,NaN,NaN,NaN,85987,54324,-35758,18566,16051,-34432,-18381,10714,-10899,-185
2001-04-09T22:00:00Z,0.76,0.777,0.7575,0.7695,55736,-34562,21174,15799,-37043,-21244,11484,-11414,70,NaN,NaN,NaN,NaN,87851,55736,-34562,21174,15799,-37043,-21244,11484,-11414,70
2001-04-10T22:00:00Z,0.7685,0.779,0.764,0.7655,55736,-34562,21174,15799,-37043,-21244,11484,-11414,70,NaN,NaN,NaN,NaN,87851,55736,-34562,21174,15799,-37043,-21244,11484,-11414,70
2001-04-11T22:00:00Z,0.7655,0.771,0.761,0.767,55736,-34562,21174,15799,-37043,-21244,11484,-11414,70,NaN,NaN,NaN,NaN,87851,55736,-34562,21174,15799,-37043,-21244,11484,-11414,70
2001-04-15T22:00:00Z,0.767,0.772,0.767,0.769,55736,-34562,21174,15799,-37043,-21244,11484,-11414,70,NaN,NaN,NaN,NaN,87851,55736,-34562,21174,15799,-37043,-21244,11484,-11414,70
2001-04-16T22:00:00Z,0.768,0.772,0.7625,0.7645,52734,-31088,21646,15938,-38111,-22173,11362,-10835,527,NaN,NaN,NaN,NaN,84566,52734,-31088,21646,15938,-38111,-22173,11362,-10835,527
2001-04-18T22:00:00Z,0.7845,0.787,0.771,0.773,52734,-31088,21646,15938,-38111,-22173,11362,-10835,527,NaN,NaN,NaN,NaN,84566,52734,-31088,21646,15938,-38111,-22173,11362,-10835,527
2001-04-19T22:00:00Z,0.7765,0.783,0.772,0.775,52734,-31088,21646,15938,-38111,-22173,11362,-10835,527,NaN,NaN,NaN,NaN,84566,52734,-31088,21646,15938,-38111,-22173,11362,-10835,527
2001-04-22T22:00:00Z,0.775,0.777,0.755,0.758,52734,-31088,21646,15938,-38111,-22173,11362,-10835,527,NaN,NaN,NaN,NaN,84566,52734,-31088,21646,15938,-38111,-22173,11362,-10835,527
2001-04-23T22:00:00Z,0.7625,0.7635,0.7555,0.7615,50716,-31379,19337,15335,-34652,-19317,10342,-10362,-20,NaN,NaN,NaN,NaN,80539,50716,-31379,19337,15335,-34652,-19317,10342,-10362,-20
2001-04-24T22:00:00Z,0.7605,0.771,0.7605,0.765,50716,-31379,19337,15335,-34652,-19317,10342,-10362,-20,NaN,NaN,NaN,NaN,80539,50716,-31379,19337,15335,-34652,-19317,10342,-10362,-20
2001-04-25T22:00:00Z,0.765,0.772,0.758,0.76,50716,-31379,19337,15335,-34652,-19317,10342,-10362,-20,NaN,NaN,NaN,NaN,80539,50716,-31379,19337,15335,-34652,-19317,10342,-10362,-20
2001-04-26T22:00:00Z,0.7675,0.775,0.765,0.7695,50716,-31379,19337,15335,-34652,-19317,10342,-10362,-20,NaN,NaN,NaN,NaN,80539,50716,-31379,19337,15335,-34652,-19317,10342,-10362,-20
2001-04-29T22:00:00Z,0.77,0.777,0.761,0.777,50716,-31379,19337,15335,-34652,-19317,10342,-10362,-20,NaN,NaN,NaN,NaN,80539,50716,-31379,19337,15335,-34652,-19317,10342,-10362,-20
2001-04-30T22:00:00Z,0.7765,0.7855,0.774,0.784,45586,-30399,15187,14687,-31553,-16866,10835,-9156,1679,NaN,NaN,NaN,NaN,75177,45586,-30399,15187,14687,-31553,-16866,10835,-9156,1679
2001-05-01T22:00:00Z,0.7825,0.798,0.782,0.7965,45586,-30399,15187,14687,-31553,-16866,10835,-9156,1679,NaN,NaN,NaN,NaN,75177,45586,-30399,15187,14687,-31553,-16866,10835,-9156,1679
2001-05-02T22:00:00Z,0.796,0.7995,0.788,0.7915,45586,-30399,15187,14687,-31553,-16866,10835,-9156,1679,NaN,NaN,NaN,NaN,75177,45586,-30399,15187,14687,-31553,-16866,10835,-9156,1679
2001-05-03T22:00:00Z,0.7915,0.7915,0.78,0.7855,45586,-30399,15187,14687,-31553,-16866,10835,-9156,1679,NaN,NaN,NaN,NaN,75177,45586,-30399,15187,14687,-31553,-16866,10835,-9156,1679
2001-05-06T22:00:00Z,0.785,0.79,0.785,0.7865,45586,-30399,15187,14687,-31553,-16866,10835,-9156,1679,NaN,NaN,NaN,NaN,75177,45586,-30399,15187,14687,-31553,-16866,10835,-9156,1679
2001-05-07T22:00:00Z,0.7865,0.7865,0.7665,0.7685,44392,-31408,12984,13435,-28166,-14731,10509,-8762,1747,NaN,NaN,NaN,NaN,71209,44392,-31408,12984,13435,-28166,-14731,10509,-8762,1747
2001-05-08T22:00:00Z,0.77,0.771,0.7575,0.7635,44392,-31408,12984,13435,-28166,-14731,10509,-8762,1747,NaN,NaN,NaN,NaN,71209,44392,-31408,12984,13435,-28166,-14731,10509,-8762,1747
2001-05-09T22:00:00Z,0.7625,0.771,0.756,0.7595,44392,-31408,12984,13435,-28166,-14731,10509,-8762,1747,NaN,NaN,NaN,NaN,71209,44392,-31408,12984,13435,-28166,-14731,10509,-8762,1747
2001-05-10T22:00:00Z,0.759,0.7665,0.758,0.7635,44392,-31408,12984,13435,-28166,-14731,10509,-8762,1747,NaN,NaN,NaN,NaN,71209,44392,-31408,12984,13435,-28166,-14731,10509,-8762,1747
2001-05-13T22:00:00Z,0.7635,0.7635,0.751,0.755,44392,-31408,12984,13435,-28166,-14731,10509,-8762,1747,NaN,NaN,NaN,NaN,71209,44392,-31408,12984,13435,-28166,-14731,10509,-8762,1747
2001-05-14T22:00:00Z,0.756,0.762,0.7525,0.755,47659,-29713,17946,15031,-33403,-18372,11165,-10739,426,NaN,NaN,NaN,NaN,77317,47659,-29713,17946,15031,-33403,-18372,11165,-10739,426
2001-05-15T22:00:00Z,0.756,0.762,0.7475,0.7565,47659,-29713,17946,15031,-33403,-18372,11165,-10739,426,NaN,NaN,NaN,NaN,77317,47659,-29713,17946,15031,-33403,-18372,11165,-10739,426
2001-05-16T22:00:00Z,0.766,0.773,0.7575,0.7685,47659,-29713,17946,15031,-33403,-18372,11165,-10739,426,NaN,NaN,NaN,NaN,77317,47659,-29713,17946,15031,-33403,-18372,11165,-10739,426
2001-05-17T22:00:00Z,0.7685,0.7885,0.768,0.7875,47659,-29713,17946,15031,-33403,-18372,11165,-10739,426,NaN,NaN,NaN,NaN,77317,47659,-29713,17946,15031,-33403,-18372,11165,-10739,426
2001-05-20T22:00:00Z,0.787,0.805,0.786,0.803,47659,-29713,17946,15031,-33403,-18372,11165,-10739,426,NaN,NaN,NaN,NaN,77317,47659,-29713,17946,15031,-33403,-18372,11165,-10739,426
2001-05-21T22:00:00Z,0.8025,0.8025,0.7905,0.7915,41730,-37691,4039,14066,-21547,-7481,12270,-8828,3442,NaN,NaN,NaN,NaN,70667,41730,-37691,4039,14066,-21547,-7481,12270,-8828,3442
2001-05-22T22:00:00Z,0.79,0.793,0.786,0.7905,41730,-37691,4039,14066,-21547,-7481,12270,-8828,3442,NaN,NaN,NaN,NaN,70667,41730,-37691,4039,14066,-21547,-7481,12270,-8828,3442
2001-05-23T22:00:00Z,0.79,0.803,0.7895,0.7935,41730,-37691,4039,14066,-21547,-7481,12270,-8828,3442,NaN,NaN,NaN,NaN,70667,41730,-37691,4039,14066,-21547,-7481,12270,-8828,3442
2001-05-24T22:00:00Z,0.7935,0.7955,0.7885,0.7925,41730,-37691,4039,14066,-21547,-7481,12270,-8828,3442,NaN,NaN,NaN,NaN,70667,41730,-37691,4039,14066,-21547,-7481,12270,-8828,3442
2001-05-28T22:00:00Z,0.794,0.794,0.766,0.767,41394,-39178,2216,14165,-21575,-7410,13993,-8799,5194,NaN,NaN,NaN,NaN,72650,41394,-39178,2216,14165,-21575,-7410,13993,-8799,5194
2001-05-29T22:00:00Z,0.767,0.772,0.762,0.7625,41394,-39178,2216,14165,-21575,-7410,13993,-8799,5194,NaN,NaN,NaN,NaN,72650,41394,-39178,2216,14165,-21575,-7410,13993,-8799,5194
2001-05-30T22:00:00Z,0.763,0.766,0.751,0.7575,41394,-39178,2216,14165,-21575,-7410,13993,-8799,5194,NaN,NaN,NaN,NaN,72650,41394,-39178,2216,14165,-21575,-7410,13993,-8799,5194
2001-05-31T22:00:00Z,0.7575,0.76,0.751,0.752,41394,-39178,2216,14165,-21575,-7410,13993,-8799,5194,NaN,NaN,NaN,NaN,72650,41394,-39178,2216,14165,-21575,-7410,13993,-8799,5194
2001-06-03T22:00:00Z,0.752,0.755,0.7455,0.752,41394,-39178,2216,14165,-21575,-7410,13993,-8799,5194,NaN,NaN,NaN,NaN,72650,41394,-39178,2216,14165,-21575,-7410,13993,-8799,5194
2001-06-04T22:00:00Z,0.752,0.7625,0.752,0.7615,43489,-32326,11163,13450,-28440,-14990,15038,-11211,3827,NaN,NaN,NaN,NaN,76275,43489,-32326,11163,13450,-28440,-14990,15038,-11211,3827
2001-06-05T22:00:00Z,0.7615,0.764,0.7535,0.7535,43489,-32326,11163,13450,-28440,-14990,15038,-11211,3827,NaN,NaN,NaN,NaN,76275,43489,-32326,11163,13450,-28440,-14990,15038,-11211,3827
2001-06-06T22:00:00Z,0.7525,0.756,0.748,0.75,43489,-32326,11163,13450,-28440,-14990,15038,-11211,3827,NaN,NaN,NaN,NaN,76275,43489,-32326,11163,13450,-28440,-14990,15038,-11211,3827
2001-06-07T22:00:00Z,0.7505,0.754,0.73,0.7305,43489,-32326,11163,13450,-28440,-14990,15038,-11211,3827,NaN,NaN,NaN,NaN,76275,43489,-32326,11163,13450,-28440,-14990,15038,-11211,3827
2001-06-10T22:00:00Z,0.7305,0.736,0.7295,0.7315,43489,-32326,11163,13450,-28440,-14990,15038,-11211,3827,NaN,NaN,NaN,NaN,76275,43489,-32326,11163,13450,-28440,-14990,15038,-11211,3827
2001-06-11T22:00:00Z,0.735,0.735,0.72,0.728,52460,-33267,19193,16020,-35948,-19928,11836,-11101,735,NaN,NaN,NaN,NaN,85167,52460,-33267,19193,16020,-35948,-19928,11836,-11101,735
2001-06-12T22:00:00Z,0.725,0.729,0.721,0.7245,52460,-33267,19193,16020,-35948,-19928,11836,-11101,735,NaN,NaN,NaN,NaN,85167,52460,-33267,19193,16020,-35948,-19928,11836,-11101,735
2001-06-13T22:00:00Z,0.7245,0.732,0.723,0.727,52460,-33267,19193,16020,-35948,-19928,11836,-11101,735,NaN,NaN,NaN,NaN,85167,52460,-33267,19193,16020,-35948,-19928,11836,-11101,735
2001-06-14T22:00:00Z,0.7265,0.727,0.716,0.7195,52460,-33267,19193,16020,-35948,-19928,11836,-11101,735,NaN,NaN,NaN,NaN,85167,52460,-33267,19193,16020,-35948,-19928,11836,-11101,735
2001-06-17T22:00:00Z,0.7155,0.7225,0.713,0.7205,52460,-33267,19193,16020,-35948,-19928,11836,-11101,735,NaN,NaN,NaN,NaN,85167,52460,-33267,19193,16020,-35948,-19928,11836,-11101,735
2001-06-18T22:00:00Z,0.7205,0.729,0.7205,0.7255,52552,-32020,20532,17513,-38959,-21446,12949,-12035,914,NaN,NaN,NaN,NaN,88398,52552,-32020,20532,17513,-38959,-21446,12949,-12035,914
2001-06-19T22:00:00Z,0.726,0.726,0.714,0.7155,52552,-32020,20532,17513,-38959,-21446,12949,-12035,914,NaN,NaN,NaN,NaN,88398,52552,-32020,20532,17513,-38959,-21446,12949,-12035,914
2001-06-20T22:00:00Z,0.714,0.722,0.709,0.7215,52552,-32020,20532,17513,-38959,-21446,12949,-12035,914,NaN,NaN,NaN,NaN,88398,52552,-32020,20532,17513,-38959,-21446,12949,-12035,914
2001-06-21T22:00:00Z,0.7215,0.7245,0.7145,0.7145,52552,-32020,20532,17513,-38959,-21446,12949,-12035,914,NaN,NaN,NaN,NaN,88398,52552,-32020,20532,17513,-38959,-21446,12949,-12035,914
2001-06-24T22:00:00Z,0.713,0.716,0.7115,0.714,52552,-32020,20532,17513,-38959,-21446,12949,-12035,914,NaN,NaN,NaN,NaN,88398,52552,-32020,20532,17513,-38959,-21446,12949,-12035,914
2001-06-25T22:00:00Z,0.714,0.719,0.7105,0.718,57678,-35514,22164,17836,-40854,-23018,9882,-9028,854,NaN,NaN,NaN,NaN,89548,57678,-35514,22164,17836,-40854,-23018,9882,-9028,854
2001-06-26T22:00:00Z,0.718,0.7255,0.7165,0.7215,57678,-35514,22164,17836,-40854,-23018,9882,-9028,854,NaN,NaN,NaN,NaN,89548,57678,-35514,22164,17836,-40854,-23018,9882,-9028,854
2001-06-27T22:00:00Z,0.7305,0.731,0.714,0.717,57678,-35514,22164,17836,-40854,-23018,9882,-9028,854,NaN,NaN,NaN,NaN,89548,57678,-35514,22164,17836,-40854,-23018,9882,-9028,854
2001-06-28T22:00:00Z,0.7165,0.7185,0.71,0.7135,57678,-35514,22164,17836,-40854,-23018,9882,-9028,854,NaN,NaN,NaN,NaN,89548,57678,-35514,22164,17836,-40854,-23018,9882,-9028,854
2001-07-01T22:00:00Z,0.712,0.722,0.709,0.721,57678,-35514,22164,17836,-40854,-23018,9882,-9028,854,NaN,NaN,NaN,NaN,89548,57678,-35514,22164,17836,-40854,-23018,9882,-9028,854
2001-07-02T22:00:00Z,0.72,0.721,0.7135,0.714,51939,-32440,19499,17218,-37254,-20036,10885,-10348,537,NaN,NaN,NaN,NaN,83400,51939,-32440,19499,17218,-37254,-20036,10885,-10348,537
2001-07-04T22:00:00Z,0.714,0.714,0.705,0.706,51939,-32440,19499,17218,-37254,-20036,10885,-10348,537,NaN,NaN,NaN,NaN,83400,51939,-32440,19499,17218,-37254,-20036,10885,-10348,537
2001-07-05T22:00:00Z,0.707,0.714,0.705,0.711,51939,-32440,19499,17218,-37254,-20036,10885,-10348,537,NaN,NaN,NaN,NaN,83400,51939,-32440,19499,17218,-37254,-20036,10885,-10348,537
2001-07-08T22:00:00Z,0.7085,0.711,0.7065,0.7095,51939,-32440,19499,17218,-37254,-20036,10885,-10348,537,NaN,NaN,NaN,NaN,83400,51939,-32440,19499,17218,-37254,-20036,10885,-10348,537
2001-07-09T22:00:00Z,0.71,0.7195,0.7095,0.718,52157,-33108,19049,16126,-36606,-20480,10632,-9201,1431,NaN,NaN,NaN,NaN,82215,52157,-33108,19049,16126,-36606,-20480,10632,-9201,1431
2001-07-10T22:00:00Z,0.717,0.718,0.7095,0.7135,52157,-33108,19049,16126,-36606,-20480,10632,-9201,1431,NaN,NaN,NaN,NaN,82215,52157,-33108,19049,16126,-36606,-20480,10632,-9201,1431
2001-07-11T22:00:00Z,0.7135,0.717,0.705,0.7055,52157,-33108,19049,16126,-36606,-20480,10632,-9201,1431,NaN,NaN,NaN,NaN,82215,52157,-33108,19049,16126,-36606,-20480,10632,-9201,1431
2001-07-12T22:00:00Z,0.7035,0.709,0.702,0.707,52157,-33108,19049,16126,-36606,-20480,10632,-9201,1431,NaN,NaN,NaN,NaN,82215,52157,-33108,19049,16126,-36606,-20480,10632,-9201,1431
2001-07-15T22:00:00Z,0.709,0.711,0.705,0.7095,52157,-33108,19049,16126,-36606,-20480,10632,-9201,1431,NaN,NaN,NaN,NaN,82215,52157,-33108,19049,16126,-36606,-20480,10632,-9201,1431
2001-07-16T22:00:00Z,0.7095,0.722,0.7035,0.719,50563,-32973,17590,14969,-35405,-20436,12351,-9505,2846,NaN,NaN,NaN,NaN,81306,50563,-32973,17590,14969,-35405,-20436,12351,-9505,2846
2001-07-17T22:00:00Z,0.7205,0.723,0.704,0.7065,50563,-32973,17590,14969,-35405,-20436,12351,-9505,2846,NaN,NaN,NaN,NaN,81306,50563,-32973,17590,14969,-35405,-20436,12351,-9505,2846
2001-07-18T22:00:00Z,0.706,0.715,0.6945,0.696,50563,-32973,17590,14969,-35405,-20436,12351,-9505,2846,NaN,NaN,NaN,NaN,81306,50563,-32973,17590,14969,-35405,-20436,12351,-9505,2846
2001-07-19T22:00:00Z,0.695,0.703,0.694,0.7,50563,-32973,17590,14969,-35405,-20436,12351,-9505,2846,NaN,NaN,NaN,NaN,81306,50563,-32973,17590,14969,-35405,-20436,12351,-9505,2846
2001-07-22T22:00:00Z,0.699,0.699,0.684,0.688,50563,-32973,17590,14969,-35405,-20436,12351,-9505,2846,NaN,NaN,NaN,NaN,81306,50563,-32973,17590,14969,-35405,-20436,12351,-9505,2846
2001-07-23T22:00:00Z,0.6855,0.694,0.685,0.6855,57299,-35192,22107,15045,-36629,-21584,11016,-11539,-523,NaN,NaN,NaN,NaN,87232,57299,-35192,22107,15045,-36629,-21584,11016,-11539,-523
2001-07-24T22:00:00Z,0.6855,0.69,0.677,0.6875,57299,-35192,22107,15045,-36629,-21584,11016,-11539,-523,NaN,NaN,NaN,NaN,87232,57299,-35192,22107,15045,-36629,-21584,11016,-11539,-523
2001-07-25T22:00:00Z,0.6875,0.69,0.681,0.6855,57299,-35192,22107,15045,-36629,-21584,11016,-11539,-523,NaN,NaN,NaN,NaN,87232,57299,-35192,22107,15045,-36629,-21584,11016,-11539,-523
2001-07-26T22:00:00Z,0.686,0.691,0.676,0.6785,57299,-35192,22107,15045,-36629,-21584,11016,-11539,-523,NaN,NaN,NaN,NaN,87232,57299,-35192,22107,15045,-36629,-21584,11016,-11539,-523
2001-07-29T22:00:00Z,0.68,0.6845,0.677,0.6785,57299,-35192,22107,15045,-36629,-21584,11016,-11539,-523,NaN,NaN,NaN,NaN,87232,57299,-35192,22107,15045,-36629,-21584,11016,-11539,-523
2001-07-30T22:00:00Z,0.6775,0.686,0.675,0.6825,53551,-34586,18965,13972,-31852,-17880,11277,-12362,-1085,NaN,NaN,NaN,NaN,82429,53551,-34586,18965,13972,-31852,-17880,11277,-12362,-1085
2001-07-31T22:00:00Z,0.6825,0.688,0.671,0.6875,53551,-34586,18965,13972,-31852,-17880,11277,-12362,-1085,NaN,NaN,NaN,NaN,82429,53551,-34586,18965,13972,-31852,-17880,11277,-12362,-1085
2001-08-01T22:00:00Z,0.6875,0.6925,0.681,0.6815,53551,-34586,18965,13972,-31852,-17880,11277,-12362,-1085,NaN,NaN,NaN,NaN,82429,53551,-34586,18965,13972,-31852,-17880,11277,-12362,-1085
2001-08-02T22:00:00Z,0.6805,0.681,0.674,0.677,53551,-34586,18965,13972,-31852,-17880,11277,-12362,-1085,NaN,NaN,NaN,NaN,82429,53551,-34586,18965,13972,-31852,-17880,11277,-12362,-1085
2001-08-05T22:00:00Z,0.674,0.6765,0.67,0.671,53551,-34586,18965,13972,-31852,-17880,11277,-12362,-1085,NaN,NaN,NaN,NaN,82429,53551,-34586,18965,13972,-31852,-17880,11277,-12362,-1085
2001-08-06T22:00:00Z,0.671,0.672,0.6665,0.669,54978,-36366,18612,13578,-32471,-18893,12645,-12364,281,NaN,NaN,NaN,NaN,85544,54978,-36366,18612,13578,-32471,-18893,12645,-12364,281
2001-08-07T22:00:00Z,0.669,0.669,0.659,0.6615,54978,-36366,18612,13578,-32471,-18893,12645,-12364,281,NaN,NaN,NaN,NaN,85544,54978,-36366,18612,13578,-32471,-18893,12645,-12364,281
2001-08-08T22:00:00Z,0.659,0.669,0.6575,0.6665,54978,-36366,18612,13578,-32471,-18893,12645,-12364,281,NaN,NaN,NaN,NaN,85544,54978,-36366,18612,13578,-32471,-18893,12645,-12364,281
2001-08-09T22:00:00Z,0.6665,0.6695,0.6605,0.662,54978,-36366,18612,13578,-32471,-18893,12645,-12364,281,NaN,NaN,NaN,NaN,85544,54978,-36366,18612,13578,-32471,-18893,12645,-12364,281
2001-08-12T22:00:00Z,0.6625,0.666,0.656,0.657,54978,-36366,18612,13578,-32471,-18893,12645,-12364,281,NaN,NaN,NaN,NaN,85544,54978,-36366,18612,13578,-32471,-18893,12645,-12364,281
2001-08-13T22:00:00Z,0.6575,0.668,0.654,0.6655,56009,-37909,18100,14227,-31665,-17438,12940,-13602,-662,NaN,NaN,NaN,NaN,87461,56009,-37909,18100,14227,-31665,-17438,12940,-13602,-662
2001-08-14T22:00:00Z,0.6645,0.669,0.657,0.6585,56009,-37909,18100,14227,-31665,-17438,12940,-13602,-662,NaN,NaN,NaN,NaN,87461,56009,-37909,18100,14227,-31665,-17438,12940,-13602,-662
2001-08-15T22:00:00Z,0.6585,0.671,0.6585,0.668,56009,-37909,18100,14227,-31665,-17438,12940,-13602,-662,NaN,NaN,NaN,NaN,87461,56009,-37909,18100,14227,-31665,-17438,12940,-13602,-662
2001-08-16T22:00:00Z,0.67,0.691,0.6685,0.686,56009,-37909,18100,14227,-31665,-17438,12940,-13602,-662,NaN,NaN,NaN,NaN,87461,56009,-37909,18100,14227,-31665,-17438,12940,-13602,-662
2001-08-19T22:00:00Z,0.687,0.689,0.676,0.6765,56009,-37909,18100,14227,-31665,-17438,12940,-13602,-662,NaN,NaN,NaN,NaN,87461,56009,-37909,18100,14227,-31665,-17438,12940,-13602,-662
2001-08-20T22:00:00Z,0.6775,0.6775,0.6685,0.6715,56755,-41086,15669,12856,-30617,-17761,14176,-12084,2092,NaN,NaN,NaN,NaN,89888,56755,-41086,15669,12856,-30617,-17761,14176,-12084,2092
2001-08-21T22:00:00Z,0.6705,0.6825,0.67,0.6775,56755,-41086,15669,12856,-30617,-17761,14176,-12084,2092,NaN,NaN,NaN,NaN,89888,56755,-41086,15669,12856,-30617,-17761,14176,-12084,2092
2001-08-22T22:00:00Z,0.678,0.6885,0.678,0.6845,56755,-41086,15669,12856,-30617,-17761,14176,-12084,2092,NaN,NaN,NaN,NaN,89888,56755,-41086,15669,12856,-30617,-17761,14176,-12084,2092
2001-08-23T22:00:00Z,0.685,0.691,0.68,0.683,56755,-41086,15669,12856,-30617,-17761,14176,-12084,2092,NaN,NaN,NaN,NaN,89888,56755,-41086,15669,12856,-30617,-17761,14176,-12084,2092
2001-08-26T22:00:00Z,0.6845,0.6945,0.6845,0.6945,56755,-41086,15669,12856,-30617,-17761,14176,-12084,2092,NaN,NaN,NaN,NaN,89888,56755,-41086,15669,12856,-30617,-17761,14176,-12084,2092
2001-08-27T22:00:00Z,0.693,0.697,0.6855,0.691,57409,-46442,10967,11412,-26183,-14771,15230,-11426,3804,NaN,NaN,NaN,NaN,92904,57409,-46442,10967,11412,-26183,-14771,15230,-11426,3804
2001-08-28T22:00:00Z,0.691,0.698,0.688,0.6955,57409,-46442,10967,11412,-26183,-14771,15230,-11426,3804,NaN,NaN,NaN,NaN,92904,57409,-46442,10967,11412,-26183,-14771,15230,-11426,3804
2001-08-29T22:00:00Z,0.702,0.705,0.686,0.6895,57409,-46442,10967,11412,-26183,-14771,15230,-11426,3804,NaN,NaN,NaN,NaN,92904,57409,-46442,10967,11412,-26183,-14771,15230,-11426,3804
2001-08-30T22:00:00Z,0.69,0.6945,0.686,0.687,57409,-46442,10967,11412,-26183,-14771,15230,-11426,3804,NaN,NaN,NaN,NaN,92904,57409,-46442,10967,11412,-26183,-14771,15230,-11426,3804
2001-09-03T22:00:00Z,0.682,0.6825,0.6725,0.679,58977,-46149,12828,13232,-27318,-14086,13289,-12031,1258,NaN,NaN,NaN,NaN,92144,58977,-46149,12828,13232,-27318,-14086,13289,-12031,1258
2001-09-04T22:00:00Z,0.6785,0.6815,0.675,0.6775,58977,-46149,12828,13232,-27318,-14086,13289,-12031,1258,NaN,NaN,NaN,NaN,92144,58977,-46149,12828,13232,-27318,-14086,13289,-12031,1258
2001-09-05T22:00:00Z,0.6795,0.6795,0.6625,0.666,58977,-46149,12828,13232,-27318,-14086,13289,-12031,1258,NaN,NaN,NaN,NaN,92144,58977,-46149,12828,13232,-27318,-14086,13289,-12031,1258
2001-09-06T22:00:00Z,0.666,0.667,0.6565,0.658,58977,-46149,12828,13232,-27318,-14086,13289,-12031,1258,NaN,NaN,NaN,NaN,92144,58977,-46149,12828,13232,-27318,-14086,13289,-12031,1258
2001-09-10T22:00:00Z,0.658,0.6615,0.657,0.6615,58080,-40150,17930,14023,-32145,-18122,10752,-10560,192,NaN,NaN,NaN,NaN,88352,58080,-40150,17930,14023,-32145,-18122,10752,-10560,192
2001-09-13T22:00:00Z,0.666,0.6665,0.6615,0.663,58080,-40150,17930,14023,-32145,-18122,10752,-10560,192,NaN,NaN,NaN,NaN,88352,58080,-40150,17930,14023,-32145,-18122,10752,-10560,192
2001-09-16T22:00:00Z,0.6555,0.66,0.654,0.6565,58080,-40150,17930,14023,-32145,-18122,10752,-10560,192,NaN,NaN,NaN,NaN,88352,58080,-40150,17930,14023,-32145,-18122,10752,-10560,192
2001-09-17T22:00:00Z,0.655,0.666,0.655,0.657,56723,-38326,18397,14332,-32405,-18073,11120,-11444,-324,NaN,NaN,NaN,NaN,87219,56723,-38326,18397,14332,-32405,-18073,11120,-11444,-324
2001-09-18T22:00:00Z,0.657,0.658,0.651,0.654,56723,-38326,18397,14332,-32405,-18073,11120,-11444,-324,NaN,NaN,NaN,NaN,87219,56723,-38326,18397,14332,-32405,-18073,11120,-11444,-324
2001-09-19T22:00:00Z,0.655,0.6575,0.649,0.6525,56723,-38326,18397,14332,-32405,-18073,11120,-11444,-324,NaN,NaN,NaN,NaN,87219,56723,-38326,18397,14332,-32405,-18073,11120,-11444,-324
2001-09-20T22:00:00Z,0.651,0.664,0.648,0.661,56723,-38326,18397,14332,-32405,-18073,11120,-11444,-324,NaN,NaN,NaN,NaN,87219,56723,-38326,18397,14332,-32405,-18073,11120,-11444,-324
2001-09-23T22:00:00Z,0.661,0.6625,0.655,0.659,56723,-38326,18397,14332,-32405,-18073,11120,-11444,-324,NaN,NaN,NaN,NaN,87219,56723,-38326,18397,14332,-32405,-18073,11120,-11444,-324
2001-09-24T22:00:00Z,0.665,0.665,0.6525,0.6535,56711,-36803,19908,14110,-33743,-19633,9036,-9311,-275,NaN,NaN,NaN,NaN,84591,56711,-36803,19908,14110,-33743,-19633,9036,-9311,-275
2001-09-25T22:00:00Z,0.6545,0.659,0.653,0.6575,56711,-36803,19908,14110,-33743,-19633,9036,-9311,-275,NaN,NaN,NaN,NaN,84591,56711,-36803,19908,14110,-33743,-19633,9036,-9311,-275
2001-09-26T22:00:00Z,0.6575,0.662,0.656,0.6565,56711,-36803,19908,14110,-33743,-19633,9036,-9311,-275,NaN,NaN,NaN,NaN,84591,56711,-36803,19908,14110,-33743,-19633,9036,-9311,-275
2001-09-27T22:00:00Z,0.657,0.6615,0.651,0.652,56711,-36803,19908,14110,-33743,-19633,9036,-9311,-275,NaN,NaN,NaN,NaN,84591,56711,-36803,19908,14110,-33743,-19633,9036,-9311,-275
2001-09-30T22:00:00Z,0.654,0.654,0.645,0.6505,56711,-36803,19908,14110,-33743,-19633,9036,-9311,-275,NaN,NaN,NaN,NaN,84591,56711,-36803,19908,14110,-33743,-19633,9036,-9311,-275
2001-10-01T22:00:00Z,0.6505,0.654,0.645,0.65,53285,-31790,21495,14549,-35912,-21363,10632,-10764,-132,NaN,NaN,NaN,NaN,82976,53285,-31790,21495,14549,-35912,-21363,10632,-10764,-132
2001-10-02T22:00:00Z,0.645,0.6495,0.637,0.6415,53285,-31790,21495,14549,-35912,-21363,10632,-10764,-132,NaN,NaN,NaN,NaN,82976,53285,-31790,21495,14549,-35912,-21363,10632,-10764,-132
2001-10-03T22:00:00Z,0.6425,0.646,0.642,0.6445,53285,-31790,21495,14549,-35912,-21363,10632,-10764,-132,NaN,NaN,NaN,NaN,82976,53285,-31790,21495,14549,-35912,-21363,10632,-10764,-132
2001-10-04T22:00:00Z,0.645,0.646,0.636,0.6405,53285,-31790,21495,14549,-35912,-21363,10632,-10764,-132,NaN,NaN,NaN,NaN,82976,53285,-31790,21495,14549,-35912,-21363,10632,-10764,-132
2001-10-07T22:00:00Z,0.64,0.6475,0.64,0.6435,53285,-31790,21495,14549,-35912,-21363,10632,-10764,-132,NaN,NaN,NaN,NaN,82976,53285,-31790,21495,14549,-35912,-21363,10632,-10764,-132
2001-10-08T22:00:00Z,0.6435,0.6435,0.635,0.6415,55373,-32577,22796,13634,-35555,-21921,10649,-11524,-875,NaN,NaN,NaN,NaN,84437,55373,-32577,22796,13634,-35555,-21921,10649,-11524,-875
2001-10-09T22:00:00Z,0.6415,0.642,0.6365,0.64,55373,-32577,22796,13634,-35555,-21921,10649,-11524,-875,NaN,NaN,NaN,NaN,84437,55373,-32577,22796,13634,-35555,-21921,10649,-11524,-875
2001-10-10T22:00:00Z,0.639,0.644,0.638,0.6415,55373,-32577,22796,13634,-35555,-21921,10649,-11524,-875,NaN,NaN,NaN,NaN,84437,55373,-32577,22796,13634,-35555,-21921,10649,-11524,-875
2001-10-11T22:00:00Z,0.64,0.651,0.638,0.6405,55373,-32577,22796,13634,-35555,-21921,10649,-11524,-875,NaN,NaN,NaN,NaN,84437,55373,-32577,22796,13634,-35555,-21921,10649,-11524,-875
2001-10-14T22:00:00Z,0.641,0.642,0.638,0.6395,55373,-32577,22796,13634,-35555,-21921,10649,-11524,-875,NaN,NaN,NaN,NaN,84437,55373,-32577,22796,13634,-35555,-21921,10649,-11524,-875
2001-10-15T22:00:00Z,0.638,0.65,0.635,0.644,58660,-33504,25156,13715,-38988,-25273,11264,-11147,117,NaN,NaN,NaN,NaN,88101,58660,-33504,25156,13715,-38988,-25273,11264,-11147,117
2001-10-16T22:00:00Z,0.6435,0.652,0.639,0.639,58660,-33504,25156,13715,-38988,-25273,11264,-11147,117,NaN,NaN,NaN,NaN,88101,58660,-33504,25156,13715,-38988,-25273,11264,-11147,117
2001-10-17T22:00:00Z,0.636,0.639,0.63,0.632,58660,-33504,25156,13715,-38988,-25273,11264,-11147,117,NaN,NaN,NaN,NaN,88101,58660,-33504,25156,13715,-38988,-25273,11264,-11147,117
2001-10-18T22:00:00Z,0.632,0.6335,0.6225,0.6235,58660,-33504,25156,13715,-38988,-25273,11264,-11147,117,NaN,NaN,NaN,NaN,88101,58660,-33504,25156,13715,-38988,-25273,11264,-11147,117
2001-10-21T22:00:00Z,0.6235,0.6275,0.62,0.625,58660,-33504,25156,13715,-38988,-25273,11264,-11147,117,NaN,NaN,NaN,NaN,88101,58660,-33504,25156,13715,-38988,-25273,11264,-11147,117
2001-10-22T22:00:00Z,0.626,0.647,0.624,0.63,60987,-36550,24437,13229,-38366,-25137,12084,-11384,700,NaN,NaN,NaN,NaN,91054,60987,-36550,24437,13229,-38366,-25137,12084,-11384,700
2001-10-23T22:00:00Z,0.63,0.632,0.6205,0.6225,60987,-36550,24437,13229,-38366,-25137,12084,-11384,700,NaN,NaN,NaN,NaN,91054,60987,-36550,24437,13229,-38366,-25137,12084,-11384,700
2001-10-24T22:00:00Z,0.6225,0.63,0.6225,0.626,60987,-36550,24437,13229,-38366,-25137,12084,-11384,700,NaN,NaN,NaN,NaN,91054,60987,-36550,24437,13229,-38366,-25137,12084,-11384,700
2001-10-25T22:00:00Z,0.626,0.639,0.6245,0.635,60987,-36550,24437,13229,-38366,-25137,12084,-11384,700,NaN,NaN,NaN,NaN,91054,60987,-36550,24437,13229,-38366,-25137,12084,-11384,700
2001-10-28T23:00:00Z,0.6355,0.6355,0.6245,0.631,60987,-36550,24437,13229,-38366,-25137,12084,-11384,700,NaN,NaN,NaN,NaN,91054,60987,-36550,24437,13229,-38366,-25137,12084,-11384,700
2001-10-29T23:00:00Z,0.631,0.639,0.627,0.6375,61952,-36923,25029,13306,-38684,-25378,12062,-11713,349,NaN,NaN,NaN,NaN,92381,61952,-36923,25029,13306,-38684,-25378,12062,-11713,349
2001-10-30T23:00:00Z,0.6375,0.6385,0.621,0.625,61952,-36923,25029,13306,-38684,-25378,12062,-11713,349,NaN,NaN,NaN,NaN,92381,61952,-36923,25029,13306,-38684,-25378,12062,-11713,349
2001-10-31T23:00:00Z,0.6255,0.6285,0.617,0.6205,61952,-36923,25029,13306,-38684,-25378,12062,-11713,349,NaN,NaN,NaN,NaN,92381,61952,-36923,25029,13306,-38684,-25378,12062,-11713,349
2001-11-01T23:00:00Z,0.623,0.623,0.6135,0.614,61952,-36923,25029,13306,-38684,-25378,12062,-11713,349,NaN,NaN,NaN,NaN,92381,61952,-36923,25029,13306,-38684,-25378,12062,-11713,349
2001-11-04T23:00:00Z,0.615,0.62,0.6125,0.616,61952,-36923,25029,13306,-38684,-25378,12062,-11713,349,NaN,NaN,NaN,NaN,92381,61952,-36923,25029,13306,-38684,-25378,12062,-11713,349
2001-11-05T23:00:00Z,0.616,0.624,0.615,0.616,64386,-38604,25782,13037,-39806,-26769,11892,-10905,987,NaN,NaN,NaN,NaN,94528,64386,-38604,25782,13037,-39806,-26769,11892,-10905,987
2001-11-06T23:00:00Z,0.616,0.616,0.605,0.606,64386,-38604,25782,13037,-39806,-26769,11892,-10905,987,NaN,NaN,NaN,NaN,94528,64386,-38604,25782,13037,-39806,-26769,11892,-10905,987
2001-11-07T23:00:00Z,0.606,0.624,0.6035,0.615,64386,-38604,25782,13037,-39806,-26769,11892,-10905,987,NaN,NaN,NaN,NaN,94528,64386,-38604,25782,13037,-39806,-26769,11892,-10905,987
2001-11-08T23:00:00Z,0.619,0.644,0.6185,0.641,64386,-38604,25782,13037,-39806,-26769,11892,-10905,987,NaN,NaN,NaN,NaN,94528,64386,-38604,25782,13037,-39806,-26769,11892,-10905,987
2001-11-11T23:00:00Z,0.638,0.659,0.633,0.658,64386,-38604,25782,13037,-39806,-26769,11892,-10905,987,NaN,NaN,NaN,NaN,94528,64386,-38604,25782,13037,-39806,-26769,11892,-10905,987
2001-11-12T23:00:00Z,0.6575,0.685,0.651,0.677,57829,-47545,10284,9545,-22245,-12700,12477,-10061,2416,NaN,NaN,NaN,NaN,85025,57829,-47545,10284,9545,-22245,-12700,12477,-10061,2416
2001-11-13T23:00:00Z,0.675,0.696,0.672,0.677,57829,-47545,10284,9545,-22245,-12700,12477,-10061,2416,NaN,NaN,NaN,NaN,85025,57829,-47545,10284,9545,-22245,-12700,12477,-10061,2416
2001-11-14T23:00:00Z,0.673,0.675,0.667,0.6725,57829,-47545,10284,9545,-22245,-12700,12477,-10061,2416,NaN,NaN,NaN,NaN,85025,57829,-47545,10284,9545,-22245,-12700,12477,-10061,2416
2001-11-15T23:00:00Z,0.6715,0.686,0.667,0.682,57829,-47545,10284,9545,-22245,-12700,12477,-10061,2416,NaN,NaN,NaN,NaN,85025,57829,-47545,10284,9545,-22245,-12700,12477,-10061,2416
2001-11-18T23:00:00Z,0.682,0.692,0.68,0.683,57829,-47545,10284,9545,-22245,-12700,12477,-10061,2416,NaN,NaN,NaN,NaN,85025,57829,-47545,10284,9545,-22245,-12700,12477,-10061,2416
2001-11-19T23:00:00Z,0.678,0.6825,0.672,0.673,55668,-55335,333,9592,-12792,-3200,12847,-9980,2867,NaN,NaN,NaN,NaN,83020,55668,-55335,333,9592,-12792,-3200,12847,-9980,2867
2001-11-20T23:00:00Z,0.6715,0.683,0.6685,0.677,55668,-55335,333,9592,-12792,-3200,12847,-9980,2867,NaN,NaN,NaN,NaN,83020,55668,-55335,333,9592,-12792,-3200,12847,-9980,2867
2001-11-25T23:00:00Z,0.6785,0.692,0.6775,0.683,55668,-55335,333,9592,-12792,-3200,12847,-9980,2867,NaN,NaN,NaN,NaN,83020,55668,-55335,333,9592,-12792,-3200,12847,-9980,2867
2001-11-26T23:00:00Z,0.683,0.71,0.6815,0.7035,53147,-56654,-3507,10422,-9727,695,12780,-9968,2812,NaN,NaN,NaN,NaN,79747,53147,-56654,-3507,10422,-9727,695,12780,-9968,2812
2001-11-27T23:00:00Z,0.7035,0.707,0.695,0.705,53147,-56654,-3507,10422,-9727,695,12780,-9968,2812,NaN,NaN,NaN,NaN,79747,53147,-56654,-3507,10422,-9727,695,12780,-9968,2812
2001-11-28T23:00:00Z,0.713,0.7285,0.711,0.724,53147,-56654,-3507,10422,-9727,695,12780,-9968,2812,NaN,NaN,NaN,NaN,79747,53147,-56654,-3507,10422,-9727,695,12780,-9968,2812
2001-11-29T23:00:00Z,0.724,0.737,0.716,0.732,53147,-56654,-3507,10422,-9727,695,12780,-9968,2812,NaN,NaN,NaN,NaN,79747,53147,-56654,-3507,10422,-9727,695,12780,-9968,2812
2001-12-02T23:00:00Z,0.73,0.73,0.711,0.714,53147,-56654,-3507,10422,-9727,695,12780,-9968,2812,NaN,NaN,NaN,NaN,79747,53147,-56654,-3507,10422,-9727,695,12780,-9968,2812
2001-12-03T23:00:00Z,0.7145,0.718,0.705,0.709,34727,-46190,-11463,15150,-8015,7135,11290,-6962,4328,NaN,NaN,NaN,NaN,65314,34727,-46190,-11463,15150,-8015,7135,11290,-6962,4328
2001-12-04T23:00:00Z,0.7065,0.709,0.6915,0.703,34727,-46190,-11463,15150,-8015,7135,11290,-6962,4328,NaN,NaN,NaN,NaN,65314,34727,-46190,-11463,15150,-8015,7135,11290,-6962,4328
2001-12-05T23:00:00Z,0.7035,0.714,0.695,0.6965,34727,-46190,-11463,15150,-8015,7135,11290,-6962,4328,NaN,NaN,NaN,NaN,65314,34727,-46190,-11463,15150,-8015,7135,11290,-6962,4328
2001-12-06T23:00:00Z,0.6965,0.701,0.682,0.6855,34727,-46190,-11463,15150,-8015,7135,11290,-6962,4328,NaN,NaN,NaN,NaN,65314,34727,-46190,-11463,15150,-8015,7135,11290,-6962,4328
2001-12-09T23:00:00Z,0.6875,0.6875,0.6785,0.685,34727,-46190,-11463,15150,-8015,7135,11290,-6962,4328,NaN,NaN,NaN,NaN,65314,34727,-46190,-11463,15150,-8015,7135,11290,-6962,4328
2001-12-10T23:00:00Z,0.684,0.6945,0.684,0.689,42012,-51640,-9628,11560,-5601,5959,11562,-7893,3669,NaN,NaN,NaN,NaN,68574,42012,-51640,-9628,11560,-5601,5959,11562,-7893,3669
2001-12-11T23:00:00Z,0.6875,0.6935,0.676,0.679,42012,-51640,-9628,11560,-5601,5959,11562,-7893,3669,NaN,NaN,NaN,NaN,68574,42012,-51640,-9628,11560,-5601,5959,11562,-7893,3669
2001-12-12T23:00:00Z,0.6785,0.6805,0.6725,0.678,42012,-51640,-9628,11560,-5601,5959,11562,-7893,3669,NaN,NaN,NaN,NaN,68574,42012,-51640,-9628,11560,-5601,5959,11562,-7893,3669
2001-12-13T23:00:00Z,0.679,0.682,0.673,0.679,42012,-51640,-9628,11560,-5601,5959,11562,-7893,3669,NaN,NaN,NaN,NaN,68574,42012,-51640,-9628,11560,-5601,5959,11562,-7893,3669
2001-12-16T23:00:00Z,0.679,0.684,0.675,0.682,42012,-51640,-9628,11560,-5601,5959,11562,-7893,3669,NaN,NaN,NaN,NaN,68574,42012,-51640,-9628,11560,-5601,5959,11562,-7893,3669
2001-12-17T23:00:00Z,0.681,0.693,0.681,0.69,45066,-51480,-6414,10516,-7183,3333,11345,-8264,3081,NaN,NaN,NaN,NaN,70148,45066,-51480,-6414,10516,-7183,3333,11345,-8264,3081
2001-12-18T23:00:00Z,0.69,0.6925,0.675,0.679,45066,-51480,-6414,10516,-7183,3333,11345,-8264,3081,NaN,NaN,NaN,NaN,70148,45066,-51480,-6414,10516,-7183,3333,11345,-8264,3081
2001-12-19T23:00:00Z,0.682,0.6885,0.676,0.6795,45066,-51480,-6414,10516,-7183,3333,11345,-8264,3081,NaN,NaN,NaN,NaN,70148,45066,-51480,-6414,10516,-7183,3333,11345,-8264,3081
2001-12-20T23:00:00Z,0.6805,0.688,0.675,0.6855,46404,-51512,-5108,10180,-8273,1907,11629,-8428,3201,NaN,NaN,NaN,NaN,71175,46404,-51512,-5108,10180,-8273,1907,11629,-8428,3201
2001-12-25T23:00:00Z,0.686,0.695,0.684,0.6925,46404,-51512,-5108,10180,-8273,1907,11629,-8428,3201,NaN,NaN,NaN,NaN,71175,46404,-51512,-5108,10180,-8273,1907,11629,-8428,3201
2001-12-26T23:00:00Z,0.687,0.6925,0.6855,0.687,46404,-51512,-5108,10180,-8273,1907,11629,-8428,3201,NaN,NaN,NaN,NaN,71175,46404,-51512,-5108,10180,-8273,1907,11629,-8428,3201
2001-12-27T23:00:00Z,0.686,0.6865,0.676,0.6775,47221,-51208,-3987,9938,-8251,1687,11212,-8912,2300,NaN,NaN,NaN,NaN,71408,47221,-51208,-3987,9938,-8251,1687,11212,-8912,2300
2001-12-30T23:00:00Z,0.676,0.6775,0.659,0.659,47221,-51208,-3987,9938,-8251,1687,11212,-8912,2300,NaN,NaN,NaN,NaN,71408,47221,-51208,-3987,9938,-8251,1687,11212,-8912,2300
2002-01-01T23:00:00Z,0.66,0.667,0.6565,0.658,47221,-51208,-3987,9938,-8251,1687,11212,-8912,2300,NaN,NaN,NaN,NaN,71408,47221,-51208,-3987,9938,-8251,1687,11212,-8912,2300
2002-01-02T23:00:00Z,0.659,0.667,0.6565,0.664,47221,-51208,-3987,9938,-8251,1687,11212,-8912,2300,NaN,NaN,NaN,NaN,71408,47221,-51208,-3987,9938,-8251,1687,11212,-8912,2300
2002-01-03T23:00:00Z,0.664,0.676,0.664,0.6745,47221,-51208,-3987,9938,-8251,1687,11212,-8912,2300,NaN,NaN,NaN,NaN,71408,47221,-51208,-3987,9938,-8251,1687,11212,-8912,2300
2002-01-06T23:00:00Z,0.6725,0.715,0.6725,0.715,47221,-51208,-3987,9938,-8251,1687,11212,-8912,2300,NaN,NaN,NaN,NaN,71408,47221,-51208,-3987,9938,-8251,1687,11212,-8912,2300
2002-01-07T23:00:00Z,0.714,0.72,0.708,0.7085,44074,-52806,-8732,10988,-6116,4872,12718,-8858,3860,NaN,NaN,NaN,NaN,69948,44074,-52806,-8732,10988,-6116,4872,12718,-8858,3860
2002-01-08T23:00:00Z,0.709,0.724,0.707,0.7155,44074,-52806,-8732,10988,-6116,4872,12718,-8858,3860,NaN,NaN,NaN,NaN,69948,44074,-52806,-8732,10988,-6116,4872,12718,-8858,3860
2002-01-09T23:00:00Z,0.715,0.718,0.702,0.7055,44074,-52806,-8732,10988,-6116,4872,12718,-8858,3860,NaN,NaN,NaN,NaN,69948,44074,-52806,-8732,10988,-6116,4872,12718,-8858,3860
2002-01-10T23:00:00Z,0.7055,0.7115,0.699,0.7085,44074,-52806,-8732,10988,-6116,4872,12718,-8858,3860,NaN,NaN,NaN,NaN,69948,44074,-52806,-8732,10988,-6116,4872,12718,-8858,3860
2002-01-13T23:00:00Z,0.7075,0.714,0.702,0.708,44074,-52806,-8732,10988,-6116,4872,12718,-8858,3860,NaN,NaN,NaN,NaN,69948,44074,-52806,-8732,10988,-6116,4872,12718,-8858,3860
2002-01-14T23:00:00Z,0.708,0.712,0.697,0.7015,42795,-54607,-11812,12673,-4886,7787,13723,-9698,4025,NaN,NaN,NaN,NaN,71302,42795,-54607,-11812,12673,-4886,7787,13723,-9698,4025
2002-01-15T23:00:00Z,0.702,0.714,0.6975,0.7085,42795,-54607,-11812,12673,-4886,7787,13723,-9698,4025,NaN,NaN,NaN,NaN,71302,42795,-54607,-11812,12673,-4886,7787,13723,-9698,4025
2002-01-16T23:00:00Z,0.7085,0.712,0.703,0.708,42795,-54607,-11812,12673,-4886,7787,13723,-9698,4025,NaN,NaN,NaN,NaN,71302,42795,-54607,-11812,12673,-4886,7787,13723,-9698,4025
2002-01-17T23:00:00Z,0.7055,0.708,0.697,0.6985,42795,-54607,-11812,12673,-4886,7787,13723,-9698,4025,NaN,NaN,NaN,NaN,71302,42795,-54607,-11812,12673,-4886,7787,13723,-9698,4025
2002-01-21T23:00:00Z,0.6985,0.703,0.692,0.7025,43375,-58722,-15347,13873,-6055,7818,13135,-5606,7529,NaN,NaN,NaN,NaN,72878,43375,-58722,-15347,13873,-6055,7818,13135,-5606,7529
2002-01-22T23:00:00Z,0.7025,0.712,0.697,0.7085,43375,-58722,-15347,13873,-6055,7818,13135,-5606,7529,NaN,NaN,NaN,NaN,72878,43375,-58722,-15347,13873,-6055,7818,13135,-5606,7529
2002-01-23T23:00:00Z,0.7075,0.718,0.706,0.7155,43375,-58722,-15347,13873,-6055,7818,13135,-5606,7529,NaN,NaN,NaN,NaN,72878,43375,-58722,-15347,13873,-6055,7818,13135,-5606,7529
2002-01-24T23:00:00Z,0.715,0.721,0.707,0.7115,43375,-58722,-15347,13873,-6055,7818,13135,-5606,7529,NaN,NaN,NaN,NaN,72878,43375,-58722,-15347,13873,-6055,7818,13135,-5606,7529
2002-01-27T23:00:00Z,0.7115,0.7115,0.699,0.7005,43375,-58722,-15347,13873,-6055,7818,13135,-5606,7529,NaN,NaN,NaN,NaN,72878,43375,-58722,-15347,13873,-6055,7818,13135,-5606,7529
2002-01-28T23:00:00Z,0.7,0.703,0.6955,0.699,45759,-60297,-14538,13529,-5830,7699,13045,-6206,6839,NaN,NaN,NaN,NaN,74988,45759,-60297,-14538,13529,-5830,7699,13045,-6206,6839
2002-01-29T23:00:00Z,0.6965,0.701,0.694,0.697,45759,-60297,-14538,13529,-5830,7699,13045,-6206,6839,NaN,NaN,NaN,NaN,74988,45759,-60297,-14538,13529,-5830,7699,13045,-6206,6839
2002-01-30T23:00:00Z,0.6975,0.74,0.6975,0.7335,45759,-60297,-14538,13529,-5830,7699,13045,-6206,6839,NaN,NaN,NaN,NaN,74988,45759,-60297,-14538,13529,-5830,7699,13045,-6206,6839
2002-01-31T23:00:00Z,0.7325,0.7435,0.7285,0.7365,45759,-60297,-14538,13529,-5830,7699,13045,-6206,6839,NaN,NaN,NaN,NaN,74988,45759,-60297,-14538,13529,-5830,7699,13045,-6206,6839
2002-02-03T23:00:00Z,0.735,0.741,0.728,0.7285,45759,-60297,-14538,13529,-5830,7699,13045,-6206,6839,NaN,NaN,NaN,NaN,74988,45759,-60297,-14538,13529,-5830,7699,13045,-6206,6839
2002-02-04T23:00:00Z,0.73,0.736,0.726,0.7325,40164,-62319,-22155,20516,-7425,13091,13720,-4656,9064,NaN,NaN,NaN,NaN,78088,40164,-62319,-22155,20516,-7425,13091,13720,-4656,9064
2002-02-05T23:00:00Z,0.7325,0.7355,0.7245,0.729,40164,-62319,-22155,20516,-7425,13091,13720,-4656,9064,NaN,NaN,NaN,NaN,78088,40164,-62319,-22155,20516,-7425,13091,13720,-4656,9064
2002-02-06T23:00:00Z,0.7285,0.737,0.727,0.737,40164,-62319,-22155,20516,-7425,13091,13720,-4656,9064,NaN,NaN,NaN,NaN,78088,40164,-62319,-22155,20516,-7425,13091,13720,-4656,9064
2002-02-07T23:00:00Z,0.737,0.741,0.7295,0.7335,40164,-62319,-22155,20516,-7425,13091,13720,-4656,9064,NaN,NaN,NaN,NaN,78088,40164,-62319,-22155,20516,-7425,13091,13720,-4656,9064
2002-02-10T23:00:00Z,0.731,0.735,0.726,0.7275,40164,-62319,-22155,20516,-7425,13091,13720,-4656,9064,NaN,NaN,NaN,NaN,78088,40164,-62319,-22155,20516,-7425,13091,13720,-4656,9064
2002-02-11T23:00:00Z,0.7265,0.734,0.725,0.7325,39821,-64550,-24729,22544,-7463,15081,14635,-4987,9648,NaN,NaN,NaN,NaN,81644,39821,-64550,-24729,22544,-7463,15081,14635,-4987,9648
2002-02-12T23:00:00Z,0.7325,0.753,0.7325,0.7515,39821,-64550,-24729,22544,-7463,15081,14635,-4987,9648,NaN,NaN,NaN,NaN,81644,39821,-64550,-24729,22544,-7463,15081,14635,-4987,9648
2002-02-13T23:00:00Z,0.7505,0.754,0.743,0.7445,39821,-64550,-24729,22544,-7463,15081,14635,-4987,9648,NaN,NaN,NaN,NaN,81644,39821,-64550,-24729,22544,-7463,15081,14635,-4987,9648
2002-02-14T23:00:00Z,0.743,0.745,0.732,0.734,39821,-64550,-24729,22544,-7463,15081,14635,-4987,9648,NaN,NaN,NaN,NaN,81644,39821,-64550,-24729,22544,-7463,15081,14635,-4987,9648
2002-02-18T23:00:00Z,0.7315,0.7315,0.705,0.7075,42445,-64336,-21891,21408,-6525,14883,13308,-6300,7008,NaN,NaN,NaN,NaN,81693,42445,-64336,-21891,21408,-6525,14883,13308,-6300,7008
2002-02-19T23:00:00Z,0.709,0.711,0.702,0.709,42445,-64336,-21891,21408,-6525,14883,13308,-6300,7008,NaN,NaN,NaN,NaN,81693,42445,-64336,-21891,21408,-6525,14883,13308,-6300,7008
2002-02-20T23:00:00Z,0.7115,0.715,0.707,0.7145,42445,-64336,-21891,21408,-6525,14883,13308,-6300,7008,NaN,NaN,NaN,NaN,81693,42445,-64336,-21891,21408,-6525,14883,13308,-6300,7008
2002-02-21T23:00:00Z,0.7145,0.7145,0.6985,0.7,42445,-64336,-21891,21408,-6525,14883,13308,-6300,7008,NaN,NaN,NaN,NaN,81693,42445,-64336,-21891,21408,-6525,14883,13308,-6300,7008
2002-02-24T23:00:00Z,0.7005,0.7075,0.699,0.706,42445,-64336,-21891,21408,-6525,14883,13308,-6300,7008,NaN,NaN,NaN,NaN,81693,42445,-64336,-21891,21408,-6525,14883,13308,-6300,7008
2002-02-25T23:00:00Z,0.7065,0.711,0.7,0.7015,46393,-59642,-13249,13078,-6083,6995,13686,-7432,6254,NaN,NaN,NaN,NaN,76182,46393,-59642,-13249,13078,-6083,6995,13686,-7432,6254
2002-02-26T23:00:00Z,0.7085,0.7255,0.7075,0.7205,46393,-59642,-13249,13078,-6083,6995,13686,-7432,6254,NaN,NaN,NaN,NaN,76182,46393,-59642,-13249,13078,-6083,6995,13686,-7432,6254
2002-02-27T23:00:00Z,0.7205,0.725,0.7145,0.7205,46393,-59642,-13249,13078,-6083,6995,13686,-7432,6254,NaN,NaN,NaN,NaN,76182,46393,-59642,-13249,13078,-6083,6995,13686,-7432,6254
2002-02-28T23:00:00Z,0.7205,0.738,0.713,0.7325,46393,-59642,-13249,13078,-6083,6995,13686,-7432,6254,NaN,NaN,NaN,NaN,76182,46393,-59642,-13249,13078,-6083,6995,13686,-7432,6254
2002-03-03T23:00:00Z,0.733,0.747,0.7315,0.7415,46393,-59642,-13249,13078,-6083,6995,13686,-7432,6254,NaN,NaN,NaN,NaN,76182,46393,-59642,-13249,13078,-6083,6995,13686,-7432,6254
2002-03-04T23:00:00Z,0.7415,0.745,0.7365,0.7405,43269,-61067,-17798,15424,-4984,10440,13062,-5704,7358,NaN,NaN,NaN,NaN,74046,43269,-61067,-17798,15424,-4984,10440,13062,-5704,7358
2002-03-05T23:00:00Z,0.736,0.754,0.735,0.7505,43269,-61067,-17798,15424,-4984,10440,13062,-5704,7358,NaN,NaN,NaN,NaN,74046,43269,-61067,-17798,15424,-4984,10440,13062,-5704,7358
2002-03-06T23:00:00Z,0.75,0.759,0.746,0.748,43269,-61067,-17798,15424,-4984,10440,13062,-5704,7358,NaN,NaN,NaN,NaN,74046,43269,-61067,-17798,15424,-4984,10440,13062,-5704,7358
2002-03-07T23:00:00Z,0.748,0.755,0.745,0.7525,43269,-61067,-17798,15424,-4984,10440,13062,-5704,7358,NaN,NaN,NaN,NaN,74046,43269,-61067,-17798,15424,-4984,10440,13062,-5704,7358
2002-03-10T23:00:00Z,0.752,0.753,0.7455,0.746,43269,-61067,-17798,15424,-4984,10440,13062,-5704,7358,NaN,NaN,NaN,NaN,74046,43269,-61067,-17798,15424,-4984,10440,13062,-5704,7358
2002-03-11T23:00:00Z,0.746,0.7485,0.739,0.7415,42042,-64290,-22248,20241,-5524,14717,12459,-4928,7531,NaN,NaN,NaN,NaN,77432,42042,-64290,-22248,20241,-5524,14717,12459,-4928,7531
2002-03-12T23:00:00Z,0.7405,0.748,0.739,0.7405,42042,-64290,-22248,20241,-5524,14717,12459,-4928,7531,NaN,NaN,NaN,NaN,77432,42042,-64290,-22248,20241,-5524,14717,12459,-4928,7531
2002-03-13T23:00:00Z,0.7395,0.7485,0.738,0.745,42042,-64290,-22248,20241,-5524,14717,12459,-4928,7531,NaN,NaN,NaN,NaN,77432,42042,-64290,-22248,20241,-5524,14717,12459,-4928,7531
2002-03-14T23:00:00Z,0.746,0.755,0.745,0.7505,42042,-64290,-22248,20241,-5524,14717,12459,-4928,7531,NaN,NaN,NaN,NaN,77432,42042,-64290,-22248,20241,-5524,14717,12459,-4928,7531
2002-03-17T23:00:00Z,0.751,0.7695,0.751,0.7645,42042,-64290,-22248,20241,-5524,14717,12459,-4928,7531,NaN,NaN,NaN,NaN,77432,42042,-64290,-22248,20241,-5524,14717,12459,-4928,7531
2002-03-18T23:00:00Z,0.7645,0.773,0.764,0.7705,38848,-68679,-29831,26702,-5492,21210,13771,-5150,8621,NaN,NaN,NaN,NaN,82980,38848,-68679,-29831,26702,-5492,21210,13771,-5150,8621
2002-03-19T23:00:00Z,0.7695,0.7715,0.764,0.766,38848,-68679,-29831,26702,-5492,21210,13771,-5150,8621,NaN,NaN,NaN,NaN,82980,38848,-68679,-29831,26702,-5492,21210,13771,-5150,8621
2002-03-20T23:00:00Z,0.766,0.766,0.76,0.7625,38848,-68679,-29831,26702,-5492,21210,13771,-5150,8621,NaN,NaN,NaN,NaN,82980,38848,-68679,-29831,26702,-5492,21210,13771,-5150,8621
2002-03-21T23:00:00Z,0.762,0.7625,0.748,0.7485,38848,-68679,-29831,26702,-5492,21210,13771,-5150,8621,NaN,NaN,NaN,NaN,82980,38848,-68679,-29831,26702,-5492,21210,13771,-5150,8621
2002-03-24T23:00:00Z,0.748,0.749,0.736,0.7375,38848,-68679,-29831,26702,-5492,21210,13771,-5150,8621,NaN,NaN,NaN,NaN,82980,38848,-68679,-29831,26702,-5492,21210,13771,-5150,8621
2002-03-25T23:00:00Z,0.7475,0.748,0.736,0.7455,41354,-67447,-26093,24000,-5604,18396,12684,-4987,7697,NaN,NaN,NaN,NaN,81357,41354,-67447,-26093,24000,-5604,18396,12684,-4987,7697
2002-03-26T23:00:00Z,0.7455,0.7545,0.7435,0.7515,41354,-67447,-26093,24000,-5604,18396,12684,-4987,7697,NaN,NaN,NaN,NaN,81357,41354,-67447,-26093,24000,-5604,18396,12684,-4987,7697
2002-03-27T23:00:00Z,0.75,0.7645,0.75,0.7635,41354,-67447,-26093,24000,-5604,18396,12684,-4987,7697,NaN,NaN,NaN,NaN,81357,41354,-67447,-26093,24000,-5604,18396,12684,-4987,7697
2002-03-31T23:00:00Z,0.762,0.765,0.7605,0.7645,41354,-67447,-26093,24000,-5604,18396,12684,-4987,7697,NaN,NaN,NaN,NaN,81357,41354,-67447,-26093,24000,-5604,18396,12684,-4987,7697
2002-04-01T23:00:00Z,0.764,0.772,0.763,0.7635,35763,-66418,-30655,27768,-6331,21437,13817,-4599,9218,NaN,NaN,NaN,NaN,80802,35763,-66418,-30655,27768,-6331,21437,13817,-4599,9218
2002-04-02T23:00:00Z,0.7635,0.7645,0.739,0.7425,35763,-66418,-30655,27768,-6331,21437,13817,-4599,9218,NaN,NaN,NaN,NaN,80802,35763,-66418,-30655,27768,-6331,21437,13817,-4599,9218
2002-04-03T23:00:00Z,0.7395,0.742,0.73,0.7325,35763,-66418,-30655,27768,-6331,21437,13817,-4599,9218,NaN,NaN,NaN,NaN,80802,35763,-66418,-30655,27768,-6331,21437,13817,-4599,9218
2002-04-04T23:00:00Z,0.73,0.737,0.719,0.723,35763,-66418,-30655,27768,-6331,21437,13817,-4599,9218,NaN,NaN,NaN,NaN,80802,35763,-66418,-30655,27768,-6331,21437,13817,-4599,9218
2002-04-07T22:00:00Z,0.724,0.7265,0.715,0.723,35763,-66418,-30655,27768,-6331,21437,13817,-4599,9218,NaN,NaN,NaN,NaN,80802,35763,-66418,-30655,27768,-6331,21437,13817,-4599,9218
2002-04-08T22:00:00Z,0.723,0.729,0.7215,0.727,43187,-60057,-16870,15406,-5538,9868,12320,-5318,7002,NaN,NaN,NaN,NaN,74042,43187,-60057,-16870,15406,-5538,9868,12320,-5318,7002
2002-04-09T22:00:00Z,0.726,0.726,0.7175,0.7245,43187,-60057,-16870,15406,-5538,9868,12320,-5318,7002,NaN,NaN,NaN,NaN,74042,43187,-60057,-16870,15406,-5538,9868,12320,-5318,7002
2002-04-10T22:00:00Z,0.7265,0.731,0.722,0.723,43187,-60057,-16870,15406,-5538,9868,12320,-5318,7002,NaN,NaN,NaN,NaN,74042,43187,-60057,-16870,15406,-5538,9868,12320,-5318,7002
2002-04-11T22:00:00Z,0.7225,0.724,0.712,0.717,43187,-60057,-16870,15406,-5538,9868,12320,-5318,7002,NaN,NaN,NaN,NaN,74042,43187,-60057,-16870,15406,-5538,9868,12320,-5318,7002
2002-04-14T22:00:00Z,0.7175,0.719,0.709,0.716,43187,-60057,-16870,15406,-5538,9868,12320,-5318,7002,NaN,NaN,NaN,NaN,74042,43187,-60057,-16870,15406,-5538,9868,12320,-5318,7002
2002-04-15T22:00:00Z,0.7155,0.731,0.715,0.726,45491,-60743,-15252,16250,-8002,8248,11230,-4226,7004,NaN,NaN,NaN,NaN,75582,45491,-60743,-15252,16250,-8002,8248,11230,-4226,7004
2002-04-16T22:00:00Z,0.7275,0.739,0.7255,0.7365,45491,-60743,-15252,16250,-8002,8248,11230,-4226,7004,NaN,NaN,NaN,NaN,75582,45491,-60743,-15252,16250,-8002,8248,11230,-4226,7004
2002-04-17T22:00:00Z,0.736,0.74,0.724,0.727,45491,-60743,-15252,16250,-8002,8248,11230,-4226,7004,NaN,NaN,NaN,NaN,75582,45491,-60743,-15252,16250,-8002,8248,11230,-4226,7004
2002-04-18T22:00:00Z,0.732,0.7375,0.7265,0.733,45491,-60743,-15252,16250,-8002,8248,11230,-4226,7004,NaN,NaN,NaN,NaN,75582,45491,-60743,-15252,16250,-8002,8248,11230,-4226,7004
2002-04-21T22:00:00Z,0.733,0.7495,0.733,0.7435,45491,-60743,-15252,16250,-8002,8248,11230,-4226,7004,NaN,NaN,NaN,NaN,75582,45491,-60743,-15252,16250,-8002,8248,11230,-4226,7004
2002-04-22T22:00:00Z,0.7435,0.745,0.73,0.7315,43313,-62429,-19116,16931,-5685,11246,11975,-4105,7870,NaN,NaN,NaN,NaN,74624,43313,-62429,-19116,16931,-5685,11246,11975,-4105,7870
2002-04-23T22:00:00Z,0.732,0.736,0.729,0.7355,43313,-62429,-19116,16931,-5685,11246,11975,-4105,7870,NaN,NaN,NaN,NaN,74624,43313,-62429,-19116,16931,-5685,11246,11975,-4105,7870
2002-04-24T22:00:00Z,0.735,0.7355,0.726,0.7295,43313,-62429,-19116,16931,-5685,11246,11975,-4105,7870,NaN,NaN,NaN,NaN,74624,43313,-62429,-19116,16931,-5685,11246,11975,-4105,7870
2002-04-25T22:00:00Z,0.734,0.741,0.7315,0.736,43313,-62429,-19116,16931,-5685,11246,11975,-4105,7870,NaN,NaN,NaN,NaN,74624,43313,-62429,-19116,16931,-5685,11246,11975,-4105,7870
2002-04-28T22:00:00Z,0.74,0.7535,0.7375,0.7405,43313,-62429,-19116,16931,-5685,11246,11975,-4105,7870,NaN,NaN,NaN,NaN,74624,43313,-62429,-19116,16931,-5685,11246,11975,-4105,7870
2002-04-29T22:00:00Z,0.74,0.7405,0.735,0.739,42152,-59039,-16887,15110,-4835,10275,10509,-3897,6612,NaN,NaN,NaN,NaN,69769,42152,-59039,-16887,15110,-4835,10275,10509,-3897,6612
2002-04-30T22:00:00Z,0.74,0.74,0.724,0.729,42152,-59039,-16887,15110,-4835,10275,10509,-3897,6612,NaN,NaN,NaN,NaN,69769,42152,-59039,-16887,15110,-4835,10275,10509,-3897,6612
2002-05-01T22:00:00Z,0.7265,0.736,0.724,0.7355,42152,-59039,-16887,15110,-4835,10275,10509,-3897,6612,NaN,NaN,NaN,NaN,69769,42152,-59039,-16887,15110,-4835,10275,10509,-3897,6612
2002-05-02T22:00:00Z,0.7355,0.7365,0.7185,0.724,42152,-59039,-16887,15110,-4835,10275,10509,-3897,6612,NaN,NaN,NaN,NaN,69769,42152,-59039,-16887,15110,-4835,10275,10509,-3897,6612
2002-05-05T22:00:00Z,0.725,0.725,0.7125,0.715,42152,-59039,-16887,15110,-4835,10275,10509,-3897,6612,NaN,NaN,NaN,NaN,69769,42152,-59039,-16887,15110,-4835,10275,10509,-3897,6612
2002-05-06T22:00:00Z,0.715,0.727,0.712,0.726,46492,-56109,-9617,14418,-10072,4346,11001,-5730,5271,NaN,NaN,NaN,NaN,73731,46492,-56109,-9617,14418,-10072,4346,11001,-5730,5271
2002-05-07T22:00:00Z,0.725,0.735,0.7245,0.733,46492,-56109,-9617,14418,-10072,4346,11001,-5730,5271,NaN,NaN,NaN,NaN,73731,46492,-56109,-9617,14418,-10072,4346,11001,-5730,5271
2002-05-08T22:00:00Z,0.732,0.741,0.7285,0.73,46492,-56109,-9617,14418,-10072,4346,11001,-5730,5271,NaN,NaN,NaN,NaN,73731,46492,-56109,-9617,14418,-10072,4346,11001,-5730,5271
2002-05-09T22:00:00Z,0.73,0.739,0.73,0.7385,46492,-56109,-9617,14418,-10072,4346,11001,-5730,5271,NaN,NaN,NaN,NaN,73731,46492,-56109,-9617,14418,-10072,4346,11001,-5730,5271
2002-05-12T22:00:00Z,0.7395,0.7405,0.732,0.7375,46492,-56109,-9617,14418,-10072,4346,11001,-5730,5271,NaN,NaN,NaN,NaN,73731,46492,-56109,-9617,14418,-10072,4346,11001,-5730,5271
2002-05-13T22:00:00Z,0.7385,0.75,0.734,0.745,44796,-63550,-18754,15529,-3824,11705,11983,-4934,7049,NaN,NaN,NaN,NaN,74175,44796,-63550,-18754,15529,-3824,11705,11983,-4934,7049
2002-05-14T22:00:00Z,0.7455,0.748,0.7405,0.7475,44796,-63550,-18754,15529,-3824,11705,11983,-4934,7049,NaN,NaN,NaN,NaN,74175,44796,-63550,-18754,15529,-3824,11705,11983,-4934,7049
2002-05-15T22:00:00Z,0.7475,0.7475,0.737,0.7385,44796,-63550,-18754,15529,-3824,11705,11983,-4934,7049,NaN,NaN,NaN,NaN,74175,44796,-63550,-18754,15529,-3824,11705,11983,-4934,7049
2002-05-16T22:00:00Z,0.7385,0.74,0.724,0.7285,44796,-63550,-18754,15529,-3824,11705,11983,-4934,7049,NaN,NaN,NaN,NaN,74175,44796,-63550,-18754,15529,-3824,11705,11983,-4934,7049
2002-05-19T22:00:00Z,0.7285,0.729,0.7225,0.726,44796,-63550,-18754,15529,-3824,11705,11983,-4934,7049,NaN,NaN,NaN,NaN,74175,44796,-63550,-18754,15529,-3824,11705,11983,-4934,7049
2002-05-20T22:00:00Z,0.726,0.73,0.7225,0.7275,47647,-61995,-14348,13578,-5179,8399,10468,-4519,5949,NaN,NaN,NaN,NaN,73118,47647,-61995,-14348,13578,-5179,8399,10468,-4519,5949
2002-05-21T22:00:00Z,0.7275,0.732,0.723,0.728,47647,-61995,-14348,13578,-5179,8399,10468,-4519,5949,NaN,NaN,NaN,NaN,73118,47647,-61995,-14348,13578,-5179,8399,10468,-4519,5949
2002-05-22T22:00:00Z,0.7285,0.739,0.725,0.736,47647,-61995,-14348,13578,-5179,8399,10468,-4519,5949,NaN,NaN,NaN,NaN,73118,47647,-61995,-14348,13578,-5179,8399,10468,-4519,5949
2002-05-23T22:00:00Z,0.736,0.744,0.735,0.739,47647,-61995,-14348,13578,-5179,8399,10468,-4519,5949,NaN,NaN,NaN,NaN,73118,47647,-61995,-14348,13578,-5179,8399,10468,-4519,5949
2002-05-27T22:00:00Z,0.739,0.76,0.739,0.757,44498,-68502,-24004,19731,-3600,16131,10775,-2902,7873,NaN,NaN,NaN,NaN,76389,44498,-68502,-24004,19731,-3600,16131,10775,-2902,7873
2002-05-28T22:00:00Z,0.7575,0.7655,0.7505,0.751,44498,-68502,-24004,19731,-3600,16131,10775,-2902,7873,NaN,NaN,NaN,NaN,76389,44498,-68502,-24004,19731,-3600,16131,10775,-2902,7873
2002-05-29T22:00:00Z,0.75,0.7645,0.75,0.752,44498,-68502,-24004,19731,-3600,16131,10775,-2902,7873,NaN,NaN,NaN,NaN,76389,44498,-68502,-24004,19731,-3600,16131,10775,-2902,7873
2002-05-30T22:00:00Z,0.751,0.764,0.751,0.764,44498,-68502,-24004,19731,-3600,16131,10775,-2902,7873,NaN,NaN,NaN,NaN,76389,44498,-68502,-24004,19731,-3600,16131,10775,-2902,7873
2002-06-02T22:00:00Z,0.764,0.7765,0.764,0.7755,44498,-68502,-24004,19731,-3600,16131,10775,-2902,7873,NaN,NaN,NaN,NaN,76389,44498,-68502,-24004,19731,-3600,16131,10775,-2902,7873
2002-06-03T22:00:00Z,0.775,0.7945,0.768,0.786,34533,-71128,-36595,31086,-4576,26510,13984,-3899,10085,NaN,NaN,NaN,NaN,81994,34533,-71128,-36595,31086,-4576,26510,13984,-3899,10085
2002-06-04T22:00:00Z,0.786,0.7875,0.775,0.7835,34533,-71128,-36595,31086,-4576,26510,13984,-3899,10085,NaN,NaN,NaN,NaN,81994,34533,-71128,-36595,31086,-4576,26510,13984,-3899,10085
2002-06-05T22:00:00Z,0.7815,0.7905,0.7775,0.779,34533,-71128,-36595,31086,-4576,26510,13984,-3899,10085,NaN,NaN,NaN,NaN,81994,34533,-71128,-36595,31086,-4576,26510,13984,-3899,10085
2002-06-06T22:00:00Z,0.779,0.7805,0.773,0.78,34533,-71128,-36595,31086,-4576,26510,13984,-3899,10085,NaN,NaN,NaN,NaN,81994,34533,-71128,-36595,31086,-4576,26510,13984,-3899,10085
2002-06-09T22:00:00Z,0.78,0.7815,0.7725,0.7805,34533,-71128,-36595,31086,-4576,26510,13984,-3899,10085,NaN,NaN,NaN,NaN,81994,34533,-71128,-36595,31086,-4576,26510,13984,-3899,10085
2002-06-10T22:00:00Z,0.78,0.78,0.762,0.765,31893,-74853,-42960,37824,-4548,33276,14006,-4322,9684,NaN,NaN,NaN,NaN,86641,31893,-74853,-42960,37824,-4548,33276,14006,-4322,9684
2002-06-11T22:00:00Z,0.765,0.7675,0.76,0.764,31893,-74853,-42960,37824,-4548,33276,14006,-4322,9684,NaN,NaN,NaN,NaN,86641,31893,-74853,-42960,37824,-4548,33276,14006,-4322,9684
2002-06-12T22:00:00Z,0.7625,0.768,0.758,0.766,31893,-74853,-42960,37824,-4548,33276,14006,-4322,9684,NaN,NaN,NaN,NaN,86641,31893,-74853,-42960,37824,-4548,33276,14006,-4322,9684
2002-06-13T22:00:00Z,0.766,0.767,0.752,0.765,31893,-74853,-42960,37824,-4548,33276,14006,-4322,9684,NaN,NaN,NaN,NaN,86641,31893,-74853,-42960,37824,-4548,33276,14006,-4322,9684
2002-06-16T22:00:00Z,0.766,0.766,0.758,0.761,31893,-74853,-42960,37824,-4548,33276,14006,-4322,9684,NaN,NaN,NaN,NaN,86641,31893,-74853,-42960,37824,-4548,33276,14006,-4322,9684
2002-06-17T22:00:00Z,0.761,0.7665,0.756,0.76,35342,-73547,-38205,32743,-4542,28201,13790,-3786,10004,NaN,NaN,NaN,NaN,84625,35342,-73547,-38205,32743,-4542,28201,13790,-3786,10004
2002-06-18T22:00:00Z,0.76,0.761,0.752,0.7575,35342,-73547,-38205,32743,-4542,28201,13790,-3786,10004,NaN,NaN,NaN,NaN,84625,35342,-73547,-38205,32743,-4542,28201,13790,-3786,10004
2002-06-19T22:00:00Z,0.756,0.7575,0.7475,0.7515,35342,-73547,-38205,32743,-4542,28201,13790,-3786,10004,NaN,NaN,NaN,NaN,84625,35342,-73547,-38205,32743,-4542,28201,13790,-3786,10004
2002-06-20T22:00:00Z,0.751,0.7515,0.739,0.743,35342,-73547,-38205,32743,-4542,28201,13790,-3786,10004,NaN,NaN,NaN,NaN,84625,35342,-73547,-38205,32743,-4542,28201,13790,-3786,10004
2002-06-23T22:00:00Z,0.7425,0.7475,0.7375,0.7405,35342,-73547,-38205,32743,-4542,28201,13790,-3786,10004,NaN,NaN,NaN,NaN,84625,35342,-73547,-38205,32743,-4542,28201,13790,-3786,10004
2002-06-24T22:00:00Z,0.742,0.755,0.739,0.7495,38772,-64881,-26109,21024,-2969,18055,11953,-3899,8054,NaN,NaN,NaN,NaN,73382,38772,-64881,-26109,21024,-2969,18055,11953,-3899,8054
2002-06-25T22:00:00Z,0.7495,0.7535,0.741,0.751,38772,-64881,-26109,21024,-2969,18055,11953,-3899,8054,NaN,NaN,NaN,NaN,73382,38772,-64881,-26109,21024,-2969,18055,11953,-3899,8054
2002-06-26T22:00:00Z,0.758,0.768,0.758,0.76,38772,-64881,-26109,21024,-2969,18055,11953,-3899,8054,NaN,NaN,NaN,NaN,73382,38772,-64881,-26109,21024,-2969,18055,11953,-3899,8054
2002-06-27T22:00:00Z,0.761,0.7785,0.76,0.7745,38772,-64881,-26109,21024,-2969,18055,11953,-3899,8054,NaN,NaN,NaN,NaN,73382,38772,-64881,-26109,21024,-2969,18055,11953,-3899,8054
2002-06-30T22:00:00Z,0.7745,0.779,0.7715,0.7745,38772,-64881,-26109,21024,-2969,18055,11953,-3899,8054,NaN,NaN,NaN,NaN,73382,38772,-64881,-26109,21024,-2969,18055,11953,-3899,8054
2002-07-02T22:00:00Z,0.761,0.763,0.7535,0.755,33157,-64810,-31653,26678,-3569,23109,12242,-3698,8544,NaN,NaN,NaN,NaN,73330,33157,-64810,-31653,26678,-3569,23109,12242,-3698,8544
2002-07-07T22:00:00Z,0.763,0.769,0.753,0.762,33157,-64810,-31653,26678,-3569,23109,12242,-3698,8544,NaN,NaN,NaN,NaN,73330,33157,-64810,-31653,26678,-3569,23109,12242,-3698,8544
2002-07-08T22:00:00Z,0.7615,0.765,0.756,0.7615,36684,-68037,-31353,25326,-2555,22771,12234,-3652,8582,NaN,NaN,NaN,NaN,75801,36684,-68037,-31353,25326,-2555,22771,12234,-3652,8582
2002-07-09T22:00:00Z,0.761,0.766,0.7565,0.7585,36684,-68037,-31353,25326,-2555,22771,12234,-3652,8582,NaN,NaN,NaN,NaN,75801,36684,-68037,-31353,25326,-2555,22771,12234,-3652,8582
2002-07-10T22:00:00Z,0.751,0.753,0.751,0.753,36684,-68037,-31353,25326,-2555,22771,12234,-3652,8582,NaN,NaN,NaN,NaN,75801,36684,-68037,-31353,25326,-2555,22771,12234,-3652,8582
2002-07-11T22:00:00Z,0.751,0.754,0.742,0.745,36684,-68037,-31353,25326,-2555,22771,12234,-3652,8582,NaN,NaN,NaN,NaN,75801,36684,-68037,-31353,25326,-2555,22771,12234,-3652,8582
2002-07-14T22:00:00Z,0.744,0.746,0.738,0.739,36684,-68037,-31353,25326,-2555,22771,12234,-3652,8582,NaN,NaN,NaN,NaN,75801,36684,-68037,-31353,25326,-2555,22771,12234,-3652,8582
2002-07-15T22:00:00Z,0.74,0.747,0.739,0.7435,42639,-60969,-18330,18428,-6838,11590,11901,-5161,6740,NaN,NaN,NaN,NaN,74251,42639,-60969,-18330,18428,-6838,11590,11901,-5161,6740
2002-07-16T22:00:00Z,0.741,0.752,0.735,0.7355,42639,-60969,-18330,18428,-6838,11590,11901,-5161,6740,NaN,NaN,NaN,NaN,74251,42639,-60969,-18330,18428,-6838,11590,11901,-5161,6740
2002-07-17T22:00:00Z,0.7355,0.7385,0.729,0.7325,42639,-60969,-18330,18428,-6838,11590,11901,-5161,6740,NaN,NaN,NaN,NaN,74251,42639,-60969,-18330,18428,-6838,11590,11901,-5161,6740
2002-07-18T22:00:00Z,0.7325,0.7325,0.716,0.719,42639,-60969,-18330,18428,-6838,11590,11901,-5161,6740,NaN,NaN,NaN,NaN,74251,42639,-60969,-18330,18428,-6838,11590,11901,-5161,6740
2002-07-21T22:00:00Z,0.719,0.72,0.7025,0.7055,42639,-60969,-18330,18428,-6838,11590,11901,-5161,6740,NaN,NaN,NaN,NaN,74251,42639,-60969,-18330,18428,-6838,11590,11901,-5161,6740
2002-07-22T22:00:00Z,0.7055,0.711,0.6955,0.698,59664,-60334,-670,19593,-21866,-2273,11055,-8112,2943,NaN,NaN,NaN,NaN,91727,59664,-60334,-670,19593,-21866,-2273,11055,-8112,2943
2002-07-23T22:00:00Z,0.698,0.702,0.6795,0.6965,59664,-60334,-670,19593,-21866,-2273,11055,-8112,2943,NaN,NaN,NaN,NaN,91727,59664,-60334,-670,19593,-21866,-2273,11055,-8112,2943
2002-07-24T22:00:00Z,0.6985,0.706,0.686,0.69,59664,-60334,-670,19593,-21866,-2273,11055,-8112,2943,NaN,NaN,NaN,NaN,91727,59664,-60334,-670,19593,-21866,-2273,11055,-8112,2943
2002-07-25T22:00:00Z,0.6895,0.7,0.688,0.6905,59664,-60334,-670,19593,-21866,-2273,11055,-8112,2943,NaN,NaN,NaN,NaN,91727,59664,-60334,-670,19593,-21866,-2273,11055,-8112,2943
2002-07-28T22:00:00Z,0.69,0.701,0.69,0.6985,59664,-60334,-670,19593,-21866,-2273,11055,-8112,2943,NaN,NaN,NaN,NaN,91727,59664,-60334,-670,19593,-21866,-2273,11055,-8112,2943
2002-07-29T22:00:00Z,0.699,0.703,0.689,0.6925,62520,-58549,3971,18738,-26892,-8154,12097,-7914,4183,NaN,NaN,NaN,NaN,95907,62520,-58549,3971,18738,-26892,-8154,12097,-7914,4183
2002-07-30T22:00:00Z,0.6925,0.6965,0.68,0.681,62520,-58549,3971,18738,-26892,-8154,12097,-7914,4183,NaN,NaN,NaN,NaN,95907,62520,-58549,3971,18738,-26892,-8154,12097,-7914,4183
2002-07-31T22:00:00Z,0.682,0.6875,0.674,0.685,62520,-58549,3971,18738,-26892,-8154,12097,-7914,4183,NaN,NaN,NaN,NaN,95907,62520,-58549,3971,18738,-26892,-8154,12097,-7914,4183
2002-08-01T22:00:00Z,0.682,0.685,0.678,0.682,62520,-58549,3971,18738,-26892,-8154,12097,-7914,4183,NaN,NaN,NaN,NaN,95907,62520,-58549,3971,18738,-26892,-8154,12097,-7914,4183
2002-08-04T22:00:00Z,0.682,0.682,0.6675,0.672,62520,-58549,3971,18738,-26892,-8154,12097,-7914,4183,NaN,NaN,NaN,NaN,95907,62520,-58549,3971,18738,-26892,-8154,12097,-7914,4183
2002-08-05T22:00:00Z,0.672,0.682,0.6675,0.6755,61714,-53530,8184,18345,-30124,-11779,11893,-8298,3595,NaN,NaN,NaN,NaN,95720,61714,-53530,8184,18345,-30124,-11779,11893,-8298,3595
2002-08-06T22:00:00Z,0.675,0.683,0.671,0.6715,61714,-53530,8184,18345,-30124,-11779,11893,-8298,3595,NaN,NaN,NaN,NaN,95720,61714,-53530,8184,18345,-30124,-11779,11893,-8298,3595
2002-08-07T22:00:00Z,0.673,0.6815,0.671,0.675,61714,-53530,8184,18345,-30124,-11779,11893,-8298,3595,NaN,NaN,NaN,NaN,95720,61714,-53530,8184,18345,-30124,-11779,11893,-8298,3595
2002-08-08T22:00:00Z,0.6795,0.6825,0.674,0.678,61714,-53530,8184,18345,-30124,-11779,11893,-8298,3595,NaN,NaN,NaN,NaN,95720,61714,-53530,8184,18345,-30124,-11779,11893,-8298,3595
2002-08-11T22:00:00Z,0.678,0.681,0.668,0.6785,61714,-53530,8184,18345,-30124,-11779,11893,-8298,3595,NaN,NaN,NaN,NaN,95720,61714,-53530,8184,18345,-30124,-11779,11893,-8298,3595
2002-08-12T22:00:00Z,0.68,0.683,0.6715,0.676,69687,-57233,12454,18437,-34377,-15940,12541,-9055,3486,NaN,NaN,NaN,NaN,105236,69687,-57233,12454,18437,-34377,-15940,12541,-9055,3486
2002-08-13T22:00:00Z,0.675,0.675,0.6655,0.67,69687,-57233,12454,18437,-34377,-15940,12541,-9055,3486,NaN,NaN,NaN,NaN,105236,69687,-57233,12454,18437,-34377,-15940,12541,-9055,3486
2002-08-14T22:00:00Z,0.673,0.692,0.671,0.6825,69687,-57233,12454,18437,-34377,-15940,12541,-9055,3486,NaN,NaN,NaN,NaN,105236,69687,-57233,12454,18437,-34377,-15940,12541,-9055,3486
2002-08-15T22:00:00Z,0.6825,0.686,0.669,0.675,69687,-57233,12454,18437,-34377,-15940,12541,-9055,3486,NaN,NaN,NaN,NaN,105236,69687,-57233,12454,18437,-34377,-15940,12541,-9055,3486
2002-08-18T22:00:00Z,0.6725,0.6775,0.6715,0.6745,69687,-57233,12454,18437,-34377,-15940,12541,-9055,3486,NaN,NaN,NaN,NaN,105236,69687,-57233,12454,18437,-34377,-15940,12541,-9055,3486
2002-08-19T22:00:00Z,0.6755,0.689,0.6755,0.6825,69791,-57610,12181,18309,-35704,-17395,13704,-8490,5214,NaN,NaN,NaN,NaN,106340,69791,-57610,12181,18309,-35704,-17395,13704,-8490,5214
2002-08-20T22:00:00Z,0.682,0.688,0.6755,0.676,69791,-57610,12181,18309,-35704,-17395,13704,-8490,5214,NaN,NaN,NaN,NaN,106340,69791,-57610,12181,18309,-35704,-17395,13704,-8490,5214
2002-08-21T22:00:00Z,0.6795,0.6875,0.6765,0.685,69791,-57610,12181,18309,-35704,-17395,13704,-8490,5214,NaN,NaN,NaN,NaN,106340,69791,-57610,12181,18309,-35704,-17395,13704,-8490,5214
2002-08-22T22:00:00Z,0.685,0.691,0.6825,0.6855,69791,-57610,12181,18309,-35704,-17395,13704,-8490,5214,NaN,NaN,NaN,NaN,106340,69791,-57610,12181,18309,-35704,-17395,13704,-8490,5214
2002-08-25T22:00:00Z,0.6865,0.695,0.6865,0.6885,69791,-57610,12181,18309,-35704,-17395,13704,-8490,5214,NaN,NaN,NaN,NaN,106340,69791,-57610,12181,18309,-35704,-17395,13704,-8490,5214
2002-08-26T22:00:00Z,0.6905,0.691,0.6835,0.689,69657,-57675,11982,16598,-34522,-17924,14412,-8470,5942,NaN,NaN,NaN,NaN,104704,69657,-57675,11982,16598,-34522,-17924,14412,-8470,5942
2002-08-27T22:00:00Z,0.688,0.694,0.681,0.6835,69657,-57675,11982,16598,-34522,-17924,14412,-8470,5942,NaN,NaN,NaN,NaN,104704,69657,-57675,11982,16598,-34522,-17924,14412,-8470,5942
2002-08-28T22:00:00Z,0.694,0.6945,0.685,0.6935,69657,-57675,11982,16598,-34522,-17924,14412,-8470,5942,NaN,NaN,NaN,NaN,104704,69657,-57675,11982,16598,-34522,-17924,14412,-8470,5942
2002-08-29T22:00:00Z,0.692,0.6975,0.691,0.6955,69657,-57675,11982,16598,-34522,-17924,14412,-8470,5942,NaN,NaN,NaN,NaN,104704,69657,-57675,11982,16598,-34522,-17924,14412,-8470,5942
2002-09-02T22:00:00Z,0.6955,0.6955,0.6775,0.6835,63883,-48746,15137,16813,-36108,-19295,13731,-9573,4158,NaN,NaN,NaN,NaN,97873,63883,-48746,15137,16813,-36108,-19295,13731,-9573,4158
2002-09-03T22:00:00Z,0.6815,0.6855,0.6775,0.682,63883,-48746,15137,16813,-36108,-19295,13731,-9573,4158,NaN,NaN,NaN,NaN,97873,63883,-48746,15137,16813,-36108,-19295,13731,-9573,4158
2002-09-04T22:00:00Z,0.685,0.6865,0.671,0.6765,63883,-48746,15137,16813,-36108,-19295,13731,-9573,4158,NaN,NaN,NaN,NaN,97873,63883,-48746,15137,16813,-36108,-19295,13731,-9573,4158
2002-09-05T22:00:00Z,0.6765,0.6845,0.6675,0.6825,63883,-48746,15137,16813,-36108,-19295,13731,-9573,4158,NaN,NaN,NaN,NaN,97873,63883,-48746,15137,16813,-36108,-19295,13731,-9573,4158
2002-09-08T22:00:00Z,0.6835,0.7,0.6835,0.6975,63883,-48746,15137,16813,-36108,-19295,13731,-9573,4158,NaN,NaN,NaN,NaN,97873,63883,-48746,15137,16813,-36108,-19295,13731,-9573,4158
2002-09-09T22:00:00Z,0.6985,0.713,0.695,0.709,65161,-56654,8507,14717,-29154,-14437,12826,-6896,5930,NaN,NaN,NaN,NaN,96861,65161,-56654,8507,14717,-29154,-14437,12826,-6896,5930
2002-09-10T22:00:00Z,0.709,0.714,0.701,0.707,65161,-56654,8507,14717,-29154,-14437,12826,-6896,5930,NaN,NaN,NaN,NaN,96861,65161,-56654,8507,14717,-29154,-14437,12826,-6896,5930
2002-09-11T22:00:00Z,0.7025,0.708,0.6965,0.705,65161,-56654,8507,14717,-29154,-14437,12826,-6896,5930,NaN,NaN,NaN,NaN,96861,65161,-56654,8507,14717,-29154,-14437,12826,-6896,5930
2002-09-12T22:00:00Z,0.703,0.7035,0.693,0.7,65161,-56654,8507,14717,-29154,-14437,12826,-6896,5930,NaN,NaN,NaN,NaN,96861,65161,-56654,8507,14717,-29154,-14437,12826,-6896,5930
2002-09-15T22:00:00Z,0.7,0.701,0.686,0.689,65161,-56654,8507,14717,-29154,-14437,12826,-6896,5930,NaN,NaN,NaN,NaN,96861,65161,-56654,8507,14717,-29154,-14437,12826,-6896,5930
2002-09-16T22:00:00Z,0.689,0.6985,0.684,0.6885,63996,-58375,5621,13052,-24417,-11365,12852,-7108,5744,NaN,NaN,NaN,NaN,94279,63996,-58375,5621,13052,-24417,-11365,12852,-7108,5744
2002-09-17T22:00:00Z,0.6885,0.6885,0.677,0.678,63996,-58375,5621,13052,-24417,-11365,12852,-7108,5744,NaN,NaN,NaN,NaN,94279,63996,-58375,5621,13052,-24417,-11365,12852,-7108,5744
2002-09-18T22:00:00Z,0.681,0.6825,0.675,0.677,63996,-58375,5621,13052,-24417,-11365,12852,-7108,5744,NaN,NaN,NaN,NaN,94279,63996,-58375,5621,13052,-24417,-11365,12852,-7108,5744
2002-09-19T22:00:00Z,0.676,0.6835,0.6735,0.6825,63996,-58375,5621,13052,-24417,-11365,12852,-7108,5744,NaN,NaN,NaN,NaN,94279,63996,-58375,5621,13052,-24417,-11365,12852,-7108,5744
2002-09-22T22:00:00Z,0.685,0.686,0.673,0.6775,63996,-58375,5621,13052,-24417,-11365,12852,-7108,5744,NaN,NaN,NaN,NaN,94279,63996,-58375,5621,13052,-24417,-11365,12852,-7108,5744
2002-09-23T22:00:00Z,0.677,0.68,0.67,0.6725,70406,-58215,12191,12968,-29665,-16697,12909,-8403,4506,NaN,NaN,NaN,NaN,100388,70406,-58215,12191,12968,-29665,-16697,12909,-8403,4506
2002-09-24T22:00:00Z,0.673,0.6795,0.6705,0.677,70406,-58215,12191,12968,-29665,-16697,12909,-8403,4506,NaN,NaN,NaN,NaN,100388,70406,-58215,12191,12968,-29665,-16697,12909,-8403,4506
2002-09-25T22:00:00Z,0.679,0.682,0.677,0.679,70406,-58215,12191,12968,-29665,-16697,12909,-8403,4506,NaN,NaN,NaN,NaN,100388,70406,-58215,12191,12968,-29665,-16697,12909,-8403,4506
2002-09-26T22:00:00Z,0.68,0.6815,0.667,0.667,70406,-58215,12191,12968,-29665,-16697,12909,-8403,4506,NaN,NaN,NaN,NaN,100388,70406,-58215,12191,12968,-29665,-16697,12909,-8403,4506
2002-09-29T22:00:00Z,0.665,0.6665,0.6595,0.666,70406,-58215,12191,12968,-29665,-16697,12909,-8403,4506,NaN,NaN,NaN,NaN,100388,70406,-58215,12191,12968,-29665,-16697,12909,-8403,4506
2002-09-30T22:00:00Z,0.666,0.671,0.6615,0.6705,71956,-55970,15986,14261,-34869,-20608,13497,-8875,4622,NaN,NaN,NaN,NaN,104452,71956,-55970,15986,14261,-34869,-20608,13497,-8875,4622
2002-10-01T22:00:00Z,0.6715,0.679,0.6715,0.676,71956,-55970,15986,14261,-34869,-20608,13497,-8875,4622,NaN,NaN,NaN,NaN,104452,71956,-55970,15986,14261,-34869,-20608,13497,-8875,4622
2002-10-02T22:00:00Z,0.676,0.676,0.6675,0.668,71956,-55970,15986,14261,-34869,-20608,13497,-8875,4622,NaN,NaN,NaN,NaN,104452,71956,-55970,15986,14261,-34869,-20608,13497,-8875,4622
2002-10-03T22:00:00Z,0.668,0.671,0.6615,0.662,71956,-55970,15986,14261,-34869,-20608,13497,-8875,4622,NaN,NaN,NaN,NaN,104452,71956,-55970,15986,14261,-34869,-20608,13497,-8875,4622
2002-10-06T22:00:00Z,0.6635,0.667,0.657,0.665,71956,-55970,15986,14261,-34869,-20608,13497,-8875,4622,NaN,NaN,NaN,NaN,104452,71956,-55970,15986,14261,-34869,-20608,13497,-8875,4622
2002-10-07T22:00:00Z,0.664,0.668,0.663,0.6645,72194,-55391,16803,14981,-36280,-21299,13992,-9496,4496,NaN,NaN,NaN,NaN,106244,72194,-55391,16803,14981,-36280,-21299,13992,-9496,4496
2002-10-08T22:00:00Z,0.6645,0.6675,0.661,0.664,72194,-55391,16803,14981,-36280,-21299,13992,-9496,4496,NaN,NaN,NaN,NaN,106244,72194,-55391,16803,14981,-36280,-21299,13992,-9496,4496
2002-10-09T22:00:00Z,0.6645,0.674,0.6645,0.671,72194,-55391,16803,14981,-36280,-21299,13992,-9496,4496,NaN,NaN,NaN,NaN,106244,72194,-55391,16803,14981,-36280,-21299,13992,-9496,4496
2002-10-10T22:00:00Z,0.6745,0.686,0.6715,0.6835,72194,-55391,16803,14981,-36280,-21299,13992,-9496,4496,NaN,NaN,NaN,NaN,106244,72194,-55391,16803,14981,-36280,-21299,13992,-9496,4496
2002-10-13T22:00:00Z,0.6835,0.6835,0.668,0.671,72194,-55391,16803,14981,-36280,-21299,13992,-9496,4496,NaN,NaN,NaN,NaN,106244,72194,-55391,16803,14981,-36280,-21299,13992,-9496,4496
2002-10-14T22:00:00Z,0.672,0.682,0.67,0.6765,70980,-57115,13865,14731,-35019,-20288,14519,-8096,6423,NaN,NaN,NaN,NaN,105137,70980,-57115,13865,14731,-35019,-20288,14519,-8096,6423
2002-10-15T22:00:00Z,0.6765,0.685,0.671,0.675,70980,-57115,13865,14731,-35019,-20288,14519,-8096,6423,NaN,NaN,NaN,NaN,105137,70980,-57115,13865,14731,-35019,-20288,14519,-8096,6423
2002-10-16T22:00:00Z,0.6735,0.698,0.6735,0.697,70980,-57115,13865,14731,-35019,-20288,14519,-8096,6423,NaN,NaN,NaN,NaN,105137,70980,-57115,13865,14731,-35019,-20288,14519,-8096,6423
2002-10-17T22:00:00Z,0.694,0.698,0.6885,0.6925,70980,-57115,13865,14731,-35019,-20288,14519,-8096,6423,NaN,NaN,NaN,NaN,105137,70980,-57115,13865,14731,-35019,-20288,14519,-8096,6423
2002-10-20T22:00:00Z,0.691,0.705,0.6905,0.7035,70980,-57115,13865,14731,-35019,-20288,14519,-8096,6423,NaN,NaN,NaN,NaN,105137,70980,-57115,13865,14731,-35019,-20288,14519,-8096,6423
2002-10-21T22:00:00Z,0.7035,0.7045,0.6965,0.6975,62323,-64882,-2559,13410,-20313,-6903,15843,-6381,9462,NaN,NaN,NaN,NaN,94847,62323,-64882,-2559,13410,-20313,-6903,15843,-6381,9462
2002-10-22T22:00:00Z,0.697,0.707,0.6915,0.6945,62323,-64882,-2559,13410,-20313,-6903,15843,-6381,9462,NaN,NaN,NaN,NaN,94847,62323,-64882,-2559,13410,-20313,-6903,15843,-6381,9462
2002-10-23T22:00:00Z,0.6955,0.7045,0.695,0.703,62323,-64882,-2559,13410,-20313,-6903,15843,-6381,9462,NaN,NaN,NaN,NaN,94847,62323,-64882,-2559,13410,-20313,-6903,15843,-6381,9462
2002-10-24T22:00:00Z,0.699,0.715,0.696,0.7145,62323,-64882,-2559,13410,-20313,-6903,15843,-6381,9462,NaN,NaN,NaN,NaN,94847,62323,-64882,-2559,13410,-20313,-6903,15843,-6381,9462
2002-10-27T23:00:00Z,0.715,0.7205,0.7105,0.7135,62323,-64882,-2559,13410,-20313,-6903,15843,-6381,9462,NaN,NaN,NaN,NaN,94847,62323,-64882,-2559,13410,-20313,-6903,15843,-6381,9462
2002-10-28T23:00:00Z,0.713,0.7135,0.7,0.704,54929,-71681,-16752,15697,-10204,5493,16953,-5694,11259,NaN,NaN,NaN,NaN,90078,54929,-71681,-16752,15697,-10204,5493,16953,-5694,11259
2002-10-29T23:00:00Z,0.7035,0.708,0.703,0.7035,54929,-71681,-16752,15697,-10204,5493,16953,-5694,11259,NaN,NaN,NaN,NaN,90078,54929,-71681,-16752,15697,-10204,5493,16953,-5694,11259
2002-10-30T23:00:00Z,0.704,0.7195,0.7035,0.717,54929,-71681,-16752,15697,-10204,5493,16953,-5694,11259,NaN,NaN,NaN,NaN,90078,54929,-71681,-16752,15697,-10204,5493,16953,-5694,11259
2002-10-31T23:00:00Z,0.715,0.729,0.7145,0.726,54929,-71681,-16752,15697,-10204,5493,16953,-5694,11259,NaN,NaN,NaN,NaN,90078,54929,-71681,-16752,15697,-10204,5493,16953,-5694,11259
2002-11-03T23:00:00Z,0.724,0.733,0.724,0.7285,54929,-71681,-16752,15697,-10204,5493,16953,-5694,11259,NaN,NaN,NaN,NaN,90078,54929,-71681,-16752,15697,-10204,5493,16953,-5694,11259
2002-11-04T23:00:00Z,0.728,0.729,0.723,0.7255,45950,-73627,-27677,25876,-11024,14852,17081,-4256,12825,NaN,NaN,NaN,NaN,91462,45950,-73627,-27677,25876,-11024,14852,17081,-4256,12825
2002-11-05T23:00:00Z,0.724,0.7315,0.724,0.7305,45950,-73627,-27677,25876,-11024,14852,17081,-4256,12825,NaN,NaN,NaN,NaN,91462,45950,-73627,-27677,25876,-11024,14852,17081,-4256,12825
2002-11-06T23:00:00Z,0.73,0.7325,0.7135,0.7155,45950,-73627,-27677,25876,-11024,14852,17081,-4256,12825,NaN,NaN,NaN,NaN,91462,45950,-73627,-27677,25876,-11024,14852,17081,-4256,12825
2002-11-07T23:00:00Z,0.7155,0.7215,0.713,0.716,45950,-73627,-27677,25876,-11024,14852,17081,-4256,12825,NaN,NaN,NaN,NaN,91462,45950,-73627,-27677,25876,-11024,14852,17081,-4256,12825
2002-11-10T23:00:00Z,0.717,0.725,0.717,0.721,45950,-73627,-27677,25876,-11024,14852,17081,-4256,12825,NaN,NaN,NaN,NaN,91462,45950,-73627,-27677,25876,-11024,14852,17081,-4256,12825
2002-11-11T23:00:00Z,0.72,0.726,0.719,0.721,43591,-73546,-29955,27431,-9913,17518,17836,-5399,12437,NaN,NaN,NaN,NaN,91047,43591,-73546,-29955,27431,-9913,17518,17836,-5399,12437
2002-11-12T23:00:00Z,0.7195,0.722,0.7115,0.7175,43591,-73546,-29955,27431,-9913,17518,17836,-5399,12437,NaN,NaN,NaN,NaN,91047,43591,-73546,-29955,27431,-9913,17518,17836,-5399,12437
2002-11-13T23:00:00Z,0.715,0.7175,0.7115,0.712,43591,-73546,-29955,27431,-9913,17518,17836,-5399,12437,NaN,NaN,NaN,NaN,91047,43591,-73546,-29955,27431,-9913,17518,17836,-5399,12437
2002-11-14T23:00:00Z,0.712,0.724,0.709,0.7185,43591,-73546,-29955,27431,-9913,17518,17836,-5399,12437,NaN,NaN,NaN,NaN,91047,43591,-73546,-29955,27431,-9913,17518,17836,-5399,12437
2002-11-17T23:00:00Z,0.7185,0.732,0.7185,0.728,43591,-73546,-29955,27431,-9913,17518,17836,-5399,12437,NaN,NaN,NaN,NaN,91047,43591,-73546,-29955,27431,-9913,17518,17836,-5399,12437
2002-11-18T23:00:00Z,0.725,0.7305,0.725,0.727,41186,-71461,-30275,27956,-9453,18503,16403,-4631,11772,NaN,NaN,NaN,NaN,87840,41186,-71461,-30275,27956,-9453,18503,16403,-4631,11772
2002-11-19T23:00:00Z,0.7255,0.7455,0.7255,0.739,41186,-71461,-30275,27956,-9453,18503,16403,-4631,11772,NaN,NaN,NaN,NaN,87840,41186,-71461,-30275,27956,-9453,18503,16403,-4631,11772
2002-11-20T23:00:00Z,0.741,0.743,0.7355,0.7395,41186,-71461,-30275,27956,-9453,18503,16403,-4631,11772,NaN,NaN,NaN,NaN,87840,41186,-71461,-30275,27956,-9453,18503,16403,-4631,11772
2002-11-21T23:00:00Z,0.7395,0.742,0.733,0.7365,41186,-71461,-30275,27956,-9453,18503,16403,-4631,11772,NaN,NaN,NaN,NaN,87840,41186,-71461,-30275,27956,-9453,18503,16403,-4631,11772
2002-11-24T23:00:00Z,0.7375,0.74,0.7325,0.736,41186,-71461,-30275,27956,-9453,18503,16403,-4631,11772,NaN,NaN,NaN,NaN,87840,41186,-71461,-30275,27956,-9453,18503,16403,-4631,11772
2002-11-26T23:00:00Z,0.726,0.7495,0.724,0.7495,37372,-71638,-34266,29382,-7313,22069,16624,-4427,12197,NaN,NaN,NaN,NaN,86622,37372,-71638,-34266,29382,-7313,22069,16624,-4427,12197
2002-12-01T23:00:00Z,0.759,0.772,0.759,0.765,37372,-71638,-34266,29382,-7313,22069,16624,-4427,12197,NaN,NaN,NaN,NaN,86622,37372,-71638,-34266,29382,-7313,22069,16624,-4427,12197
2002-12-02T23:00:00Z,0.7625,0.765,0.758,0.7615,32926,-72811,-39885,33633,-6739,26894,16323,-3332,12991,NaN,NaN,NaN,NaN,85370,32926,-72811,-39885,33633,-6739,26894,16323,-3332,12991
2002-12-03T23:00:00Z,0.7625,0.773,0.755,0.7615,32926,-72811,-39885,33633,-6739,26894,16323,-3332,12991,NaN,NaN,NaN,NaN,85370,32926,-72811,-39885,33633,-6739,26894,16323,-3332,12991
2002-12-04T23:00:00Z,0.762,0.7635,0.747,0.748,32926,-72811,-39885,33633,-6739,26894,16323,-3332,12991,NaN,NaN,NaN,NaN,85370,32926,-72811,-39885,33633,-6739,26894,16323,-3332,12991
2002-12-05T23:00:00Z,0.748,0.7525,0.739,0.749,32926,-72811,-39885,33633,-6739,26894,16323,-3332,12991,NaN,NaN,NaN,NaN,85370,32926,-72811,-39885,33633,-6739,26894,16323,-3332,12991
2002-12-08T23:00:00Z,0.75,0.752,0.736,0.7385,32926,-72811,-39885,33633,-6739,26894,16323,-3332,12991,NaN,NaN,NaN,NaN,85370,32926,-72811,-39885,33633,-6739,26894,16323,-3332,12991
2002-12-09T23:00:00Z,0.7365,0.7465,0.7365,0.745,32696,-71387,-38691,31431,-4194,27237,14650,-3196,11454,NaN,NaN,NaN,NaN,81384,32696,-71387,-38691,31431,-4194,27237,14650,-3196,11454
2002-12-10T23:00:00Z,0.7465,0.749,0.738,0.744,32696,-71387,-38691,31431,-4194,27237,14650,-3196,11454,NaN,NaN,NaN,NaN,81384,32696,-71387,-38691,31431,-4194,27237,14650,-3196,11454
2002-12-11T23:00:00Z,0.7465,0.749,0.74,0.7405,32696,-71387,-38691,31431,-4194,27237,14650,-3196,11454,NaN,NaN,NaN,NaN,81384,32696,-71387,-38691,31431,-4194,27237,14650,-3196,11454
2002-12-12T23:00:00Z,0.741,0.745,0.731,0.7315,32696,-71387,-38691,31431,-4194,27237,14650,-3196,11454,NaN,NaN,NaN,NaN,81384,32696,-71387,-38691,31431,-4194,27237,14650,-3196,11454
2002-12-15T23:00:00Z,0.7315,0.734,0.726,0.73,32696,-71387,-38691,31431,-4194,27237,14650,-3196,11454,NaN,NaN,NaN,NaN,81384,32696,-71387,-38691,31431,-4194,27237,14650,-3196,11454
2002-12-16T23:00:00Z,0.73,0.7385,0.73,0.732,34316,-67628,-33312,25867,-2912,22955,13476,-3119,10357,NaN,NaN,NaN,NaN,76375,34316,-67628,-33312,25867,-2912,22955,13476,-3119,10357
2002-12-17T23:00:00Z,0.732,0.735,0.7225,0.7245,34316,-67628,-33312,25867,-2912,22955,13476,-3119,10357,NaN,NaN,NaN,NaN,76375,34316,-67628,-33312,25867,-2912,22955,13476,-3119,10357
2002-12-18T23:00:00Z,0.7245,0.7305,0.72,0.7205,34316,-67628,-33312,25867,-2912,22955,13476,-3119,10357,NaN,NaN,NaN,NaN,76375,34316,-67628,-33312,25867,-2912,22955,13476,-3119,10357
2002-12-19T23:00:00Z,0.7205,0.7235,0.7175,0.718,34316,-67628,-33312,25867,-2912,22955,13476,-3119,10357,NaN,NaN,NaN,NaN,76375,34316,-67628,-33312,25867,-2912,22955,13476,-3119,10357
2002-12-22T23:00:00Z,0.72,0.7235,0.718,0.7205,38441,-62512,-24071,19627,-4431,15196,12588,-3713,8875,NaN,NaN,NaN,NaN,72661,38441,-62512,-24071,19627,-4431,15196,12588,-3713,8875
2002-12-23T23:00:00Z,0.7205,0.7235,0.7075,0.709,38441,-62512,-24071,19627,-4431,15196,12588,-3713,8875,NaN,NaN,NaN,NaN,72661,38441,-62512,-24071,19627,-4431,15196,12588,-3713,8875
2002-12-25T23:00:00Z,0.71,0.71,0.699,0.703,38441,-62512,-24071,19627,-4431,15196,12588,-3713,8875,NaN,NaN,NaN,NaN,72661,38441,-62512,-24071,19627,-4431,15196,12588,-3713,8875
2002-12-26T23:00:00Z,0.702,0.7075,0.6975,0.7065,38441,-62512,-24071,19627,-4431,15196,12588,-3713,8875,NaN,NaN,NaN,NaN,72661,38441,-62512,-24071,19627,-4431,15196,12588,-3713,8875
2002-12-29T23:00:00Z,0.706,0.709,0.7,0.704,38441,-62512,-24071,19627,-4431,15196,12588,-3713,8875,NaN,NaN,NaN,NaN,72661,38441,-62512,-24071,19627,-4431,15196,12588,-3713,8875
2002-12-30T23:00:00Z,0.705,0.705,0.694,0.7025,49447,-56230,-6783,17089,-15929,1160,10961,-5338,5623,NaN,NaN,NaN,NaN,80174,49447,-56230,-6783,17089,-15929,1160,10961,-5338,5623
2003-01-01T23:00:00Z,0.7025,0.719,0.7,0.718,49447,-56230,-6783,17089,-15929,1160,10961,-5338,5623,NaN,NaN,NaN,NaN,80174,49447,-56230,-6783,17089,-15929,1160,10961,-5338,5623
2003-01-02T23:00:00Z,0.7175,0.733,0.7165,0.7315,49447,-56230,-6783,17089,-15929,1160,10961,-5338,5623,NaN,NaN,NaN,NaN,80174,49447,-56230,-6783,17089,-15929,1160,10961,-5338,5623
2003-01-05T23:00:00Z,0.7315,0.739,0.728,0.739,49447,-56230,-6783,17089,-15929,1160,10961,-5338,5623,NaN,NaN,NaN,NaN,80174,49447,-56230,-6783,17089,-15929,1160,10961,-5338,5623
2003-01-06T23:00:00Z,0.7385,0.7385,0.731,0.736,47859,-59014,-11155,14802,-10826,3976,12379,-5200,7179,NaN,NaN,NaN,NaN,77457,47859,-59014,-11155,14802,-10826,3976,12379,-5200,7179
2003-01-07T23:00:00Z,0.735,0.748,0.73,0.7465,47859,-59014,-11155,14802,-10826,3976,12379,-5200,7179,NaN,NaN,NaN,NaN,77457,47859,-59014,-11155,14802,-10826,3976,12379,-5200,7179
2003-01-08T23:00:00Z,0.7445,0.755,0.7435,0.7505,47859,-59014,-11155,14802,-10826,3976,12379,-5200,7179,NaN,NaN,NaN,NaN,77457,47859,-59014,-11155,14802,-10826,3976,12379,-5200,7179
2003-01-09T23:00:00Z,0.7505,0.757,0.741,0.7445,47859,-59014,-11155,14802,-10826,3976,12379,-5200,7179,NaN,NaN,NaN,NaN,77457,47859,-59014,-11155,14802,-10826,3976,12379,-5200,7179
2003-01-12T23:00:00Z,0.7435,0.755,0.7415,0.7525,47859,-59014,-11155,14802,-10826,3976,12379,-5200,7179,NaN,NaN,NaN,NaN,77457,47859,-59014,-11155,14802,-10826,3976,12379,-5200,7179
2003-01-13T23:00:00Z,0.751,0.762,0.749,0.76,41059,-65773,-24714,22746,-7118,15628,12067,-2981,9086,NaN,NaN,NaN,NaN,78117,41059,-65773,-24714,22746,-7118,15628,12067,-2981,9086
2003-01-14T23:00:00Z,0.7595,0.767,0.758,0.765,41059,-65773,-24714,22746,-7118,15628,12067,-2981,9086,NaN,NaN,NaN,NaN,78117,41059,-65773,-24714,22746,-7118,15628,12067,-2981,9086
2003-01-15T23:00:00Z,0.764,0.771,0.7605,0.761,41059,-65773,-24714,22746,-7118,15628,12067,-2981,9086,NaN,NaN,NaN,NaN,78117,41059,-65773,-24714,22746,-7118,15628,12067,-2981,9086
2003-01-16T23:00:00Z,0.7605,0.764,0.755,0.758,41059,-65773,-24714,22746,-7118,15628,12067,-2981,9086,NaN,NaN,NaN,NaN,78117,41059,-65773,-24714,22746,-7118,15628,12067,-2981,9086
2003-01-20T23:00:00Z,0.7655,0.778,0.764,0.769,38147,-68594,-30447,28894,-6959,21935,13589,-5077,8512,NaN,NaN,NaN,NaN,83902,38147,-68594,-30447,28894,-6959,21935,13589,-5077,8512
2003-01-21T23:00:00Z,0.7685,0.777,0.764,0.773,38147,-68594,-30447,28894,-6959,21935,13589,-5077,8512,NaN,NaN,NaN,NaN,83902,38147,-68594,-30447,28894,-6959,21935,13589,-5077,8512
2003-01-22T23:00:00Z,0.7715,0.78,0.7685,0.77,38147,-68594,-30447,28894,-6959,21935,13589,-5077,8512,NaN,NaN,NaN,NaN,83902,38147,-68594,-30447,28894,-6959,21935,13589,-5077,8512
2003-01-23T23:00:00Z,0.771,0.777,0.7665,0.7685,38147,-68594,-30447,28894,-6959,21935,13589,-5077,8512,NaN,NaN,NaN,NaN,83902,38147,-68594,-30447,28894,-6959,21935,13589,-5077,8512
2003-01-26T23:00:00Z,0.7675,0.7675,0.756,0.76,38147,-68594,-30447,28894,-6959,21935,13589,-5077,8512,NaN,NaN,NaN,NaN,83902,38147,-68594,-30447,28894,-6959,21935,13589,-5077,8512
2003-01-27T23:00:00Z,0.76,0.7635,0.755,0.757,37857,-69076,-31219,30367,-7005,23362,13302,-5445,7857,NaN,NaN,NaN,NaN,84623,37857,-69076,-31219,30367,-7005,23362,13302,-5445,7857
2003-01-28T23:00:00Z,0.7575,0.769,0.754,0.765,37857,-69076,-31219,30367,-7005,23362,13302,-5445,7857,NaN,NaN,NaN,NaN,84623,37857,-69076,-31219,30367,-7005,23362,13302,-5445,7857
2003-01-29T23:00:00Z,0.765,0.791,0.765,0.7905,37857,-69076,-31219,30367,-7005,23362,13302,-5445,7857,NaN,NaN,NaN,NaN,84623,37857,-69076,-31219,30367,-7005,23362,13302,-5445,7857
2003-01-30T23:00:00Z,0.7895,0.795,0.784,0.7945,37857,-69076,-31219,30367,-7005,23362,13302,-5445,7857,NaN,NaN,NaN,NaN,84623,37857,-69076,-31219,30367,-7005,23362,13302,-5445,7857
2003-02-02T23:00:00Z,0.7945,0.7985,0.787,0.789,37857,-69076,-31219,30367,-7005,23362,13302,-5445,7857,NaN,NaN,NaN,NaN,84623,37857,-69076,-31219,30367,-7005,23362,13302,-5445,7857
2003-02-03T23:00:00Z,0.789,0.7905,0.775,0.7795,34797,-72234,-37437,34774,-6394,28380,14421,-5364,9057,NaN,NaN,NaN,NaN,87596,34797,-72234,-37437,34774,-6394,28380,14421,-5364,9057
2003-02-04T23:00:00Z,0.778,0.7825,0.7745,0.779,34797,-72234,-37437,34774,-6394,28380,14421,-5364,9057,NaN,NaN,NaN,NaN,87596,34797,-72234,-37437,34774,-6394,28380,14421,-5364,9057
2003-02-05T23:00:00Z,0.7765,0.7775,0.763,0.768,34797,-72234,-37437,34774,-6394,28380,14421,-5364,9057,NaN,NaN,NaN,NaN,87596,34797,-72234,-37437,34774,-6394,28380,14421,-5364,9057
2003-02-06T23:00:00Z,0.7655,0.7725,0.761,0.7635,34797,-72234,-37437,34774,-6394,28380,14421,-5364,9057,NaN,NaN,NaN,NaN,87596,34797,-72234,-37437,34774,-6394,28380,14421,-5364,9057
2003-02-09T23:00:00Z,0.762,0.782,0.762,0.7755,34797,-72234,-37437,34774,-6394,28380,14421,-5364,9057,NaN,NaN,NaN,NaN,87596,34797,-72234,-37437,34774,-6394,28380,14421,-5364,9057
2003-02-10T23:00:00Z,0.775,0.787,0.771,0.7755,33183,-72410,-39227,35265,-5349,29916,14742,-5431,9311,NaN,NaN,NaN,NaN,86466,33183,-72410,-39227,35265,-5349,29916,14742,-5431,9311
2003-02-12T23:00:00Z,0.77,0.77,0.746,0.75,33183,-72410,-39227,35265,-5349,29916,14742,-5431,9311,NaN,NaN,NaN,NaN,86466,33183,-72410,-39227,35265,-5349,29916,14742,-5431,9311
2003-02-13T23:00:00Z,0.75,0.7555,0.7455,0.7555,33793,-68079,-34286,30054,-3527,26527,12864,-5105,7759,NaN,NaN,NaN,NaN,79835,33793,-68079,-34286,30054,-3527,26527,12864,-5105,7759
2003-02-17T23:00:00Z,0.7555,0.758,0.739,0.74,33793,-68079,-34286,30054,-3527,26527,12864,-5105,7759,NaN,NaN,NaN,NaN,79835,33793,-68079,-34286,30054,-3527,26527,12864,-5105,7759
2003-02-18T23:00:00Z,0.742,0.747,0.7385,0.746,33793,-68079,-34286,30054,-3527,26527,12864,-5105,7759,NaN,NaN,NaN,NaN,79835,33793,-68079,-34286,30054,-3527,26527,12864,-5105,7759
2003-02-19T23:00:00Z,0.746,0.7545,0.744,0.752,33793,-68079,-34286,30054,-3527,26527,12864,-5105,7759,NaN,NaN,NaN,NaN,79835,33793,-68079,-34286,30054,-3527,26527,12864,-5105,7759
2003-02-20T23:00:00Z,0.751,0.7785,0.751,0.7775,33793,-68079,-34286,30054,-3527,26527,12864,-5105,7759,NaN,NaN,NaN,NaN,79835,33793,-68079,-34286,30054,-3527,26527,12864,-5105,7759
2003-02-23T23:00:00Z,0.777,0.787,0.777,0.7865,33793,-68079,-34286,30054,-3527,26527,12864,-5105,7759,NaN,NaN,NaN,NaN,79835,33793,-68079,-34286,30054,-3527,26527,12864,-5105,7759
2003-02-24T23:00:00Z,0.7865,0.7865,0.7755,0.7795,34329,-65655,-31326,27250,-4085,23165,11895,-3734,8161,NaN,NaN,NaN,NaN,75828,34329,-65655,-31326,27250,-4085,23165,11895,-3734,8161
2003-02-25T23:00:00Z,0.7815,0.7975,0.7805,0.796,34329,-65655,-31326,27250,-4085,23165,11895,-3734,8161,NaN,NaN,NaN,NaN,75828,34329,-65655,-31326,27250,-4085,23165,11895,-3734,8161
2003-02-26T23:00:00Z,0.801,0.802,0.792,0.7945,34329,-65655,-31326,27250,-4085,23165,11895,-3734,8161,NaN,NaN,NaN,NaN,75828,34329,-65655,-31326,27250,-4085,23165,11895,-3734,8161
2003-02-27T23:00:00Z,0.792,0.794,0.7765,0.7805,34329,-65655,-31326,27250,-4085,23165,11895,-3734,8161,NaN,NaN,NaN,NaN,75828,34329,-65655,-31326,27250,-4085,23165,11895,-3734,8161
2003-03-02T23:00:00Z,0.783,0.794,0.7805,0.7925,34329,-65655,-31326,27250,-4085,23165,11895,-3734,8161,NaN,NaN,NaN,NaN,75828,34329,-65655,-31326,27250,-4085,23165,11895,-3734,8161
2003-03-03T23:00:00Z,0.793,0.795,0.779,0.7805,29191,-65948,-36757,35810,-8348,27462,14267,-4972,9295,NaN,NaN,NaN,NaN,82299,29191,-65948,-36757,35810,-8348,27462,14267,-4972,9295
2003-03-04T23:00:00Z,0.779,0.781,0.759,0.7645,29191,-65948,-36757,35810,-8348,27462,14267,-4972,9295,NaN,NaN,NaN,NaN,82299,29191,-65948,-36757,35810,-8348,27462,14267,-4972,9295
2003-03-05T23:00:00Z,0.763,0.768,0.754,0.755,29191,-65948,-36757,35810,-8348,27462,14267,-4972,9295,NaN,NaN,NaN,NaN,82299,29191,-65948,-36757,35810,-8348,27462,14267,-4972,9295
2003-03-06T23:00:00Z,0.757,0.7695,0.752,0.7695,29191,-65948,-36757,35810,-8348,27462,14267,-4972,9295,NaN,NaN,NaN,NaN,82299,29191,-65948,-36757,35810,-8348,27462,14267,-4972,9295
2003-03-09T23:00:00Z,0.7695,0.77,0.754,0.756,29191,-65948,-36757,35810,-8348,27462,14267,-4972,9295,NaN,NaN,NaN,NaN,82299,29191,-65948,-36757,35810,-8348,27462,14267,-4972,9295
2003-03-10T23:00:00Z,0.7545,0.768,0.7545,0.7655,32370,-57738,-25368,21629,-5235,16394,13263,-4289,8974,NaN,NaN,NaN,NaN,68832,32370,-57738,-25368,21629,-5235,16394,13263,-4289,8974
2003-03-11T23:00:00Z,0.7675,0.7675,0.7555,0.7575,32370,-57738,-25368,21629,-5235,16394,13263,-4289,8974,NaN,NaN,NaN,NaN,68832,32370,-57738,-25368,21629,-5235,16394,13263,-4289,8974
2003-03-12T23:00:00Z,0.757,0.765,0.748,0.7525,32370,-57738,-25368,21629,-5235,16394,13263,-4289,8974,NaN,NaN,NaN,NaN,68832,32370,-57738,-25368,21629,-5235,16394,13263,-4289,8974
2003-03-13T23:00:00Z,0.7525,0.758,0.746,0.7535,32370,-57738,-25368,21629,-5235,16394,13263,-4289,8974,NaN,NaN,NaN,NaN,68832,32370,-57738,-25368,21629,-5235,16394,13263,-4289,8974
2003-03-16T23:00:00Z,0.749,0.773,0.749,0.772,32370,-57738,-25368,21629,-5235,16394,13263,-4289,8974,NaN,NaN,NaN,NaN,68832,32370,-57738,-25368,21629,-5235,16394,13263,-4289,8974
2003-03-17T23:00:00Z,0.7725,0.7735,0.763,0.7645,33796,-55646,-21850,20692,-6817,13875,11660,-3685,7975,NaN,NaN,NaN,NaN,67739,33796,-55646,-21850,20692,-6817,13875,11660,-3685,7975
2003-03-18T23:00:00Z,0.7645,0.779,0.763,0.7775,33796,-55646,-21850,20692,-6817,13875,11660,-3685,7975,NaN,NaN,NaN,NaN,67739,33796,-55646,-21850,20692,-6817,13875,11660,-3685,7975
2003-03-19T23:00:00Z,0.7685,0.7805,0.7625,0.768,33796,-55646,-21850,20692,-6817,13875,11660,-3685,7975,NaN,NaN,NaN,NaN,67739,33796,-55646,-21850,20692,-6817,13875,11660,-3685,7975
2003-03-20T23:00:00Z,0.775,0.78,0.771,0.779,33796,-55646,-21850,20692,-6817,13875,11660,-3685,7975,NaN,NaN,NaN,NaN,67739,33796,-55646,-21850,20692,-6817,13875,11660,-3685,7975
2003-03-23T23:00:00Z,0.764,0.782,0.7635,0.7685,33796,-55646,-21850,20692,-6817,13875,11660,-3685,7975,NaN,NaN,NaN,NaN,67739,33796,-55646,-21850,20692,-6817,13875,11660,-3685,7975
2003-03-24T23:00:00Z,0.771,0.7725,0.761,0.771,34591,-59718,-25127,23457,-5666,17791,12271,-4935,7336,NaN,NaN,NaN,NaN,71939,34591,-59718,-25127,23457,-5666,17791,12271,-4935,7336
2003-03-25T23:00:00Z,0.7635,0.77,0.752,0.7525,34591,-59718,-25127,23457,-5666,17791,12271,-4935,7336,NaN,NaN,NaN,NaN,71939,34591,-59718,-25127,23457,-5666,17791,12271,-4935,7336
2003-03-26T23:00:00Z,0.745,0.754,0.7285,0.7315,34591,-59718,-25127,23457,-5666,17791,12271,-4935,7336,NaN,NaN,NaN,NaN,71939,34591,-59718,-25127,23457,-5666,17791,12271,-4935,7336
2003-03-27T23:00:00Z,0.736,0.736,0.718,0.728,34591,-59718,-25127,23457,-5666,17791,12271,-4935,7336,NaN,NaN,NaN,NaN,71939,34591,-59718,-25127,23457,-5666,17791,12271,-4935,7336
2003-03-30T23:00:00Z,0.724,0.728,0.7115,0.7145,34591,-59718,-25127,23457,-5666,17791,12271,-4935,7336,NaN,NaN,NaN,NaN,71939,34591,-59718,-25127,23457,-5666,17791,12271,-4935,7336
2003-03-31T23:00:00Z,0.72,0.7265,0.713,0.7245,47010,-52462,-5452,20296,-19403,893,10560,-6001,4559,NaN,NaN,NaN,NaN,80064,47010,-52462,-5452,20296,-19403,893,10560,-6001,4559
2003-04-01T23:00:00Z,0.72,0.7255,0.715,0.7185,47010,-52462,-5452,20296,-19403,893,10560,-6001,4559,NaN,NaN,NaN,NaN,80064,47010,-52462,-5452,20296,-19403,893,10560,-6001,4559
2003-04-02T23:00:00Z,0.7145,0.7195,0.709,0.711,47010,-52462,-5452,20296,-19403,893,10560,-6001,4559,NaN,NaN,NaN,NaN,80064,47010,-52462,-5452,20296,-19403,893,10560,-6001,4559
2003-04-03T23:00:00Z,0.7185,0.7215,0.713,0.718,47010,-52462,-5452,20296,-19403,893,10560,-6001,4559,NaN,NaN,NaN,NaN,80064,47010,-52462,-5452,20296,-19403,893,10560,-6001,4559
2003-04-06T22:00:00Z,0.73,0.735,0.719,0.7285,47010,-52462,-5452,20296,-19403,893,10560,-6001,4559,NaN,NaN,NaN,NaN,80064,47010,-52462,-5452,20296,-19403,893,10560,-6001,4559
2003-04-07T22:00:00Z,0.719,0.73,0.718,0.7225,52226,-51410,816,18534,-24152,-5618,10955,-6153,4802,NaN,NaN,NaN,NaN,83606,52226,-51410,816,18534,-24152,-5618,10955,-6153,4802
2003-04-08T22:00:00Z,0.7145,0.724,0.7135,0.719,52226,-51410,816,18534,-24152,-5618,10955,-6153,4802,NaN,NaN,NaN,NaN,83606,52226,-51410,816,18534,-24152,-5618,10955,-6153,4802
2003-04-09T22:00:00Z,0.719,0.7225,0.7115,0.7145,52226,-51410,816,18534,-24152,-5618,10955,-6153,4802,NaN,NaN,NaN,NaN,83606,52226,-51410,816,18534,-24152,-5618,10955,-6153,4802
2003-04-10T22:00:00Z,0.7145,0.7285,0.712,0.7255,52226,-51410,816,18534,-24152,-5618,10955,-6153,4802,NaN,NaN,NaN,NaN,83606,52226,-51410,816,18534,-24152,-5618,10955,-6153,4802
2003-04-13T22:00:00Z,0.7205,0.729,0.719,0.7245,52226,-51410,816,18534,-24152,-5618,10955,-6153,4802,NaN,NaN,NaN,NaN,83606,52226,-51410,816,18534,-24152,-5618,10955,-6153,4802
2003-04-14T22:00:00Z,0.735,0.739,0.7245,0.734,54243,-51679,2564,17636,-25744,-8108,11709,-6165,5544,NaN,NaN,NaN,NaN,85346,54243,-51679,2564,17636,-25744,-8108,11709,-6165,5544
2003-04-15T22:00:00Z,0.7365,0.742,0.7245,0.734,54243,-51679,2564,17636,-25744,-8108,11709,-6165,5544,NaN,NaN,NaN,NaN,85346,54243,-51679,2564,17636,-25744,-8108,11709,-6165,5544
2003-04-16T22:00:00Z,0.7345,0.738,0.726,0.7375,54243,-51679,2564,17636,-25744,-8108,11709,-6165,5544,NaN,NaN,NaN,NaN,85346,54243,-51679,2564,17636,-25744,-8108,11709,-6165,5544
2003-04-20T22:00:00Z,0.734,0.7385,0.7255,0.729,54243,-51679,2564,17636,-25744,-8108,11709,-6165,5544,NaN,NaN,NaN,NaN,85346,54243,-51679,2564,17636,-25744,-8108,11709,-6165,5544
2003-04-21T22:00:00Z,0.722,0.7295,0.717,0.7215,56630,-52451,4179,17230,-27051,-9821,12130,-6488,5642,NaN,NaN,NaN,NaN,87540,56630,-52451,4179,17230,-27051,-9821,12130,-6488,5642
2003-04-22T22:00:00Z,0.718,0.7255,0.714,0.7235,56630,-52451,4179,17230,-27051,-9821,12130,-6488,5642,NaN,NaN,NaN,NaN,87540,56630,-52451,4179,17230,-27051,-9821,12130,-6488,5642
2003-04-23T22:00:00Z,0.71,0.7235,0.707,0.7155,56630,-52451,4179,17230,-27051,-9821,12130,-6488,5642,NaN,NaN,NaN,NaN,87540,56630,-52451,4179,17230,-27051,-9821,12130,-6488,5642
2003-04-24T22:00:00Z,0.714,0.7175,0.7115,0.7155,56630,-52451,4179,17230,-27051,-9821,12130,-6488,5642,NaN,NaN,NaN,NaN,87540,56630,-52451,4179,17230,-27051,-9821,12130,-6488,5642
2003-04-27T22:00:00Z,0.7165,0.7225,0.714,0.714,56630,-52451,4179,17230,-27051,-9821,12130,-6488,5642,NaN,NaN,NaN,NaN,87540,56630,-52451,4179,17230,-27051,-9821,12130,-6488,5642
2003-04-28T22:00:00Z,0.7195,0.731,0.719,0.729,58562,-52569,5993,17490,-29167,-11677,12197,-6513,5684,NaN,NaN,NaN,NaN,89551,58562,-52569,5993,17490,-29167,-11677,12197,-6513,5684
2003-04-29T22:00:00Z,0.729,0.732,0.726,0.731,58562,-52569,5993,17490,-29167,-11677,12197,-6513,5684,NaN,NaN,NaN,NaN,89551,58562,-52569,5993,17490,-29167,-11677,12197,-6513,5684
2003-04-30T22:00:00Z,0.729,0.738,0.726,0.7295,58562,-52569,5993,17490,-29167,-11677,12197,-6513,5684,NaN,NaN,NaN,NaN,89551,58562,-52569,5993,17490,-29167,-11677,12197,-6513,5684
2003-05-01T22:00:00Z,0.7205,0.7315,0.717,0.719,58562,-52569,5993,17490,-29167,-11677,12197,-6513,5684,NaN,NaN,NaN,NaN,89551,58562,-52569,5993,17490,-29167,-11677,12197,-6513,5684
2003-05-04T22:00:00Z,0.717,0.7205,0.715,0.718,58562,-52569,5993,17490,-29167,-11677,12197,-6513,5684,NaN,NaN,NaN,NaN,89551,58562,-52569,5993,17490,-29167,-11677,12197,-6513,5684
2003-05-05T22:00:00Z,0.721,0.725,0.716,0.724,50651,-40805,9846,16713,-31831,-15118,12396,-7124,5272,NaN,NaN,NaN,NaN,81212,50651,-40805,9846,16713,-31831,-15118,12396,-7124,5272
2003-05-06T22:00:00Z,0.7305,0.737,0.718,0.735,50651,-40805,9846,16713,-31831,-15118,12396,-7124,5272,NaN,NaN,NaN,NaN,81212,50651,-40805,9846,16713,-31831,-15118,12396,-7124,5272
2003-05-07T22:00:00Z,0.7395,0.744,0.735,0.741,50651,-40805,9846,16713,-31831,-15118,12396,-7124,5272,NaN,NaN,NaN,NaN,81212,50651,-40805,9846,16713,-31831,-15118,12396,-7124,5272
2003-05-08T22:00:00Z,0.738,0.7445,0.736,0.7385,50651,-40805,9846,16713,-31831,-15118,12396,-7124,5272,NaN,NaN,NaN,NaN,81212,50651,-40805,9846,16713,-31831,-15118,12396,-7124,5272
2003-05-11T22:00:00Z,0.7365,0.753,0.73,0.752,50651,-40805,9846,16713,-31831,-15118,12396,-7124,5272,NaN,NaN,NaN,NaN,81212,50651,-40805,9846,16713,-31831,-15118,12396,-7124,5272
2003-05-12T22:00:00Z,0.7535,0.765,0.751,0.7645,42513,-47978,-5465,14272,-17190,-2918,13925,-5542,8383,NaN,NaN,NaN,NaN,73710,42513,-47978,-5465,14272,-17190,-2918,13925,-5542,8383
2003-05-13T22:00:00Z,0.7625,0.766,0.7575,0.761,42513,-47978,-5465,14272,-17190,-2918,13925,-5542,8383,NaN,NaN,NaN,NaN,73710,42513,-47978,-5465,14272,-17190,-2918,13925,-5542,8383
2003-05-14T22:00:00Z,0.759,0.768,0.758,0.761,42513,-47978,-5465,14272,-17190,-2918,13925,-5542,8383,NaN,NaN,NaN,NaN,73710,42513,-47978,-5465,14272,-17190,-2918,13925,-5542,8383
2003-05-15T22:00:00Z,0.763,0.7655,0.759,0.7615,42513,-47978,-5465,14272,-17190,-2918,13925,-5542,8383,NaN,NaN,NaN,NaN,73710,42513,-47978,-5465,14272,-17190,-2918,13925,-5542,8383
2003-05-18T22:00:00Z,0.7635,0.7645,0.758,0.7635,42513,-47978,-5465,14272,-17190,-2918,13925,-5542,8383,NaN,NaN,NaN,NaN,73710,42513,-47978,-5465,14272,-17190,-2918,13925,-5542,8383
2003-05-19T22:00:00Z,0.7615,0.7645,0.7555,0.7635,38046,-54382,-16336,22202,-14188,8014,13685,-5363,8322,NaN,NaN,NaN,NaN,77525,38046,-54382,-16336,22202,-14188,8014,13685,-5363,8322
2003-05-20T22:00:00Z,0.7605,0.774,0.7605,0.771,38046,-54382,-16336,22202,-14188,8014,13685,-5363,8322,NaN,NaN,NaN,NaN,77525,38046,-54382,-16336,22202,-14188,8014,13685,-5363,8322
2003-05-21T22:00:00Z,0.7755,0.779,0.7655,0.768,38046,-54382,-16336,22202,-14188,8014,13685,-5363,8322,NaN,NaN,NaN,NaN,77525,38046,-54382,-16336,22202,-14188,8014,13685,-5363,8322
2003-05-22T22:00:00Z,0.7665,0.7695,0.764,0.767,38046,-54382,-16336,22202,-14188,8014,13685,-5363,8322,NaN,NaN,NaN,NaN,77525,38046,-54382,-16336,22202,-14188,8014,13685,-5363,8322
2003-05-26T22:00:00Z,0.7745,0.782,0.7665,0.778,35524,-57792,-22268,26443,-13595,12848,14514,-5094,9420,NaN,NaN,NaN,NaN,80038,35524,-57792,-22268,26443,-13595,12848,14514,-5094,9420
2003-05-27T22:00:00Z,0.7775,0.781,0.765,0.77,35524,-57792,-22268,26443,-13595,12848,14514,-5094,9420,NaN,NaN,NaN,NaN,80038,35524,-57792,-22268,26443,-13595,12848,14514,-5094,9420
2003-05-28T22:00:00Z,0.77,0.778,0.766,0.7725,35524,-57792,-22268,26443,-13595,12848,14514,-5094,9420,NaN,NaN,NaN,NaN,80038,35524,-57792,-22268,26443,-13595,12848,14514,-5094,9420
2003-05-29T22:00:00Z,0.7725,0.784,0.7695,0.7825,35524,-57792,-22268,26443,-13595,12848,14514,-5094,9420,NaN,NaN,NaN,NaN,80038,35524,-57792,-22268,26443,-13595,12848,14514,-5094,9420
2003-06-01T22:00:00Z,0.7855,0.793,0.783,0.79,35524,-57792,-22268,26443,-13595,12848,14514,-5094,9420,NaN,NaN,NaN,NaN,80038,35524,-57792,-22268,26443,-13595,12848,14514,-5094,9420
2003-06-02T22:00:00Z,0.788,0.792,0.7835,0.784,33792,-62105,-28313,30717,-12937,17780,16592,-6059,10533,NaN,NaN,NaN,NaN,84207,33792,-62105,-28313,30717,-12937,17780,16592,-6059,10533
2003-06-03T22:00:00Z,0.7855,0.7895,0.778,0.7805,33792,-62105,-28313,30717,-12937,17780,16592,-6059,10533,NaN,NaN,NaN,NaN,84207,33792,-62105,-28313,30717,-12937,17780,16592,-6059,10533
2003-06-04T22:00:00Z,0.784,0.788,0.777,0.7825,33792,-62105,-28313,30717,-12937,17780,16592,-6059,10533,NaN,NaN,NaN,NaN,84207,33792,-62105,-28313,30717,-12937,17780,16592,-6059,10533
2003-06-05T22:00:00Z,0.7855,0.787,0.779,0.783,33792,-62105,-28313,30717,-12937,17780,16592,-6059,10533,NaN,NaN,NaN,NaN,84207,33792,-62105,-28313,30717,-12937,17780,16592,-6059,10533
2003-06-08T22:00:00Z,0.784,0.7865,0.768,0.77,33792,-62105,-28313,30717,-12937,17780,16592,-6059,10533,NaN,NaN,NaN,NaN,84207,33792,-62105,-28313,30717,-12937,17780,16592,-6059,10533
2003-06-09T22:00:00Z,0.772,0.7735,0.7645,0.767,34227,-62530,-28303,31408,-11623,19785,14324,-5806,8518,NaN,NaN,NaN,NaN,83001,34227,-62530,-28303,31408,-11623,19785,14324,-5806,8518
2003-06-10T22:00:00Z,0.769,0.77,0.762,0.7675,34227,-62530,-28303,31408,-11623,19785,14324,-5806,8518,NaN,NaN,NaN,NaN,83001,34227,-62530,-28303,31408,-11623,19785,14324,-5806,8518
2003-06-11T22:00:00Z,0.764,0.776,0.763,0.774,34227,-62530,-28303,31408,-11623,19785,14324,-5806,8518,NaN,NaN,NaN,NaN,83001,34227,-62530,-28303,31408,-11623,19785,14324,-5806,8518
2003-06-12T22:00:00Z,0.772,0.7745,0.758,0.761,34227,-62530,-28303,31408,-11623,19785,14324,-5806,8518,NaN,NaN,NaN,NaN,83001,34227,-62530,-28303,31408,-11623,19785,14324,-5806,8518
2003-06-15T22:00:00Z,0.761,0.764,0.7565,0.761,34227,-62530,-28303,31408,-11623,19785,14324,-5806,8518,NaN,NaN,NaN,NaN,83001,34227,-62530,-28303,31408,-11623,19785,14324,-5806,8518
2003-06-16T22:00:00Z,0.7675,0.784,0.76,0.781,32931,-60672,-27741,30095,-11552,18543,13903,-4705,9198,NaN,NaN,NaN,NaN,80520,32931,-60672,-27741,30095,-11552,18543,13903,-4705,9198
2003-06-17T22:00:00Z,0.781,0.787,0.7775,0.778,32931,-60672,-27741,30095,-11552,18543,13903,-4705,9198,NaN,NaN,NaN,NaN,80520,32931,-60672,-27741,30095,-11552,18543,13903,-4705,9198
2003-06-18T22:00:00Z,0.7795,0.7845,0.776,0.7815,32931,-60672,-27741,30095,-11552,18543,13903,-4705,9198,NaN,NaN,NaN,NaN,80520,32931,-60672,-27741,30095,-11552,18543,13903,-4705,9198
2003-06-19T22:00:00Z,0.7815,0.782,0.769,0.774,32931,-60672,-27741,30095,-11552,18543,13903,-4705,9198,NaN,NaN,NaN,NaN,80520,32931,-60672,-27741,30095,-11552,18543,13903,-4705,9198
2003-06-22T22:00:00Z,0.77,0.774,0.765,0.767,32931,-60672,-27741,30095,-11552,18543,13903,-4705,9198,NaN,NaN,NaN,NaN,80520,32931,-60672,-27741,30095,-11552,18543,13903,-4705,9198
2003-06-23T22:00:00Z,0.765,0.77,0.763,0.768,34670,-62385,-27715,30026,-11297,18729,13330,-4344,8986,NaN,NaN,NaN,NaN,80818,34670,-62385,-27715,30026,-11297,18729,13330,-4344,8986
2003-06-24T22:00:00Z,0.767,0.7705,0.753,0.7585,34670,-62385,-27715,30026,-11297,18729,13330,-4344,8986,NaN,NaN,NaN,NaN,80818,34670,-62385,-27715,30026,-11297,18729,13330,-4344,8986
2003-06-25T22:00:00Z,0.759,0.759,0.7515,0.7515,34670,-62385,-27715,30026,-11297,18729,13330,-4344,8986,NaN,NaN,NaN,NaN,80818,34670,-62385,-27715,30026,-11297,18729,13330,-4344,8986
2003-06-26T22:00:00Z,0.758,0.7645,0.755,0.762,34670,-62385,-27715,30026,-11297,18729,13330,-4344,8986,NaN,NaN,NaN,NaN,80818,34670,-62385,-27715,30026,-11297,18729,13330,-4344,8986
2003-06-29T22:00:00Z,0.751,0.764,0.748,0.753,34670,-62385,-27715,30026,-11297,18729,13330,-4344,8986,NaN,NaN,NaN,NaN,80818,34670,-62385,-27715,30026,-11297,18729,13330,-4344,8986
2003-06-30T22:00:00Z,0.753,0.754,0.7465,0.751,40656,-54442,-13786,19765,-11223,8542,10490,-5246,5244,NaN,NaN,NaN,NaN,72785,40656,-54442,-13786,19765,-11223,8542,10490,-5246,5244
2003-07-01T22:00:00Z,0.752,0.7625,0.7495,0.7615,40656,-54442,-13786,19765,-11223,8542,10490,-5246,5244,NaN,NaN,NaN,NaN,72785,40656,-54442,-13786,19765,-11223,8542,10490,-5246,5244
2003-07-02T22:00:00Z,0.7535,0.762,0.7505,0.751,40656,-54442,-13786,19765,-11223,8542,10490,-5246,5244,NaN,NaN,NaN,NaN,72785,40656,-54442,-13786,19765,-11223,8542,10490,-5246,5244
2003-07-06T22:00:00Z,0.761,0.772,0.751,0.771,40656,-54442,-13786,19765,-11223,8542,10490,-5246,5244,NaN,NaN,NaN,NaN,72785,40656,-54442,-13786,19765,-11223,8542,10490,-5246,5244
2003-07-07T22:00:00Z,0.767,0.774,0.7655,0.7685,37504,-55008,-17504,20777,-10992,9785,11432,-3713,7719,NaN,NaN,NaN,NaN,71369,37504,-55008,-17504,20777,-10992,9785,11432,-3713,7719
2003-07-08T22:00:00Z,0.768,0.782,0.768,0.781,37504,-55008,-17504,20777,-10992,9785,11432,-3713,7719,NaN,NaN,NaN,NaN,71369,37504,-55008,-17504,20777,-10992,9785,11432,-3713,7719
2003-07-09T22:00:00Z,0.78,0.788,0.7765,0.7815,37504,-55008,-17504,20777,-10992,9785,11432,-3713,7719,NaN,NaN,NaN,NaN,71369,37504,-55008,-17504,20777,-10992,9785,11432,-3713,7719
2003-07-10T22:00:00Z,0.7795,0.7845,0.777,0.78,37504,-55008,-17504,20777,-10992,9785,11432,-3713,7719,NaN,NaN,NaN,NaN,71369,37504,-55008,-17504,20777,-10992,9785,11432,-3713,7719
2003-07-13T22:00:00Z,0.789,0.7995,0.778,0.798,37504,-55008,-17504,20777,-10992,9785,11432,-3713,7719,NaN,NaN,NaN,NaN,71369,37504,-55008,-17504,20777,-10992,9785,11432,-3713,7719
2003-07-14T22:00:00Z,0.798,0.7995,0.791,0.794,31252,-64890,-33638,35422,-11299,24123,13895,-4380,9515,NaN,NaN,NaN,NaN,82166,31252,-64890,-33638,35422,-11299,24123,13895,-4380,9515
2003-07-15T22:00:00Z,0.7935,0.798,0.7895,0.793,31252,-64890,-33638,35422,-11299,24123,13895,-4380,9515,NaN,NaN,NaN,NaN,82166,31252,-64890,-33638,35422,-11299,24123,13895,-4380,9515
2003-07-16T22:00:00Z,0.793,0.799,0.781,0.782,31252,-64890,-33638,35422,-11299,24123,13895,-4380,9515,NaN,NaN,NaN,NaN,82166,31252,-64890,-33638,35422,-11299,24123,13895,-4380,9515
2003-07-17T22:00:00Z,0.7815,0.7895,0.7815,0.787,31252,-64890,-33638,35422,-11299,24123,13895,-4380,9515,NaN,NaN,NaN,NaN,82166,31252,-64890,-33638,35422,-11299,24123,13895,-4380,9515
2003-07-20T22:00:00Z,0.7835,0.789,0.773,0.7765,31252,-64890,-33638,35422,-11299,24123,13895,-4380,9515,NaN,NaN,NaN,NaN,82166,31252,-64890,-33638,35422,-11299,24123,13895,-4380,9515
2003-07-21T22:00:00Z,0.7775,0.779,0.77,0.7725,33092,-65209,-32117,34723,-11218,23505,12898,-4286,8612,NaN,NaN,NaN,NaN,83451,33092,-65209,-32117,34723,-11218,23505,12898,-4286,8612
2003-07-22T22:00:00Z,0.7725,0.782,0.7725,0.779,33092,-65209,-32117,34723,-11218,23505,12898,-4286,8612,NaN,NaN,NaN,NaN,83451,33092,-65209,-32117,34723,-11218,23505,12898,-4286,8612
2003-07-23T22:00:00Z,0.781,0.795,0.781,0.7935,33092,-65209,-32117,34723,-11218,23505,12898,-4286,8612,NaN,NaN,NaN,NaN,83451,33092,-65209,-32117,34723,-11218,23505,12898,-4286,8612
2003-07-24T22:00:00Z,0.7925,0.806,0.7905,0.798,33092,-65209,-32117,34723,-11218,23505,12898,-4286,8612,NaN,NaN,NaN,NaN,83451,33092,-65209,-32117,34723,-11218,23505,12898,-4286,8612
2003-07-27T22:00:00Z,0.804,0.815,0.804,0.8075,33092,-65209,-32117,34723,-11218,23505,12898,-4286,8612,NaN,NaN,NaN,NaN,83451,33092,-65209,-32117,34723,-11218,23505,12898,-4286,8612
2003-07-28T22:00:00Z,0.8065,0.811,0.8035,0.806,33535,-76528,-42993,44149,-13212,30937,15752,-3696,12056,NaN,NaN,NaN,NaN,98215,33535,-76528,-42993,44149,-13212,30937,15752,-3696,12056
2003-07-29T22:00:00Z,0.805,0.812,0.799,0.802,33535,-76528,-42993,44149,-13212,30937,15752,-3696,12056,NaN,NaN,NaN,NaN,98215,33535,-76528,-42993,44149,-13212,30937,15752,-3696,12056
2003-07-30T22:00:00Z,0.804,0.825,0.8,0.8205,33535,-76528,-42993,44149,-13212,30937,15752,-3696,12056,NaN,NaN,NaN,NaN,98215,33535,-76528,-42993,44149,-13212,30937,15752,-3696,12056
2003-07-31T22:00:00Z,0.82,0.8275,0.814,0.8185,33535,-76528,-42993,44149,-13212,30937,15752,-3696,12056,NaN,NaN,NaN,NaN,98215,33535,-76528,-42993,44149,-13212,30937,15752,-3696,12056
2003-08-03T22:00:00Z,0.814,0.818,0.803,0.8095,33535,-76528,-42993,44149,-13212,30937,15752,-3696,12056,NaN,NaN,NaN,NaN,98215,33535,-76528,-42993,44149,-13212,30937,15752,-3696,12056
2003-08-04T22:00:00Z,0.809,0.814,0.8045,0.8085,31092,-77704,-46612,48720,-14103,34617,15817,-3822,11995,NaN,NaN,NaN,NaN,101260,31092,-77704,-46612,48720,-14103,34617,15817,-3822,11995
2003-08-05T22:00:00Z,0.809,0.812,0.802,0.8045,31092,-77704,-46612,48720,-14103,34617,15817,-3822,11995,NaN,NaN,NaN,NaN,101260,31092,-77704,-46612,48720,-14103,34617,15817,-3822,11995
2003-08-06T22:00:00Z,0.8055,0.818,0.8015,0.815,31092,-77704,-46612,48720,-14103,34617,15817,-3822,11995,NaN,NaN,NaN,NaN,101260,31092,-77704,-46612,48720,-14103,34617,15817,-3822,11995
2003-08-07T22:00:00Z,0.819,0.824,0.794,0.8015,31092,-77704,-46612,48720,-14103,34617,15817,-3822,11995,NaN,NaN,NaN,NaN,101260,31092,-77704,-46612,48720,-14103,34617,15817,-3822,11995
2003-08-10T22:00:00Z,0.8,0.807,0.796,0.8065,31092,-77704,-46612,48720,-14103,34617,15817,-3822,11995,NaN,NaN,NaN,NaN,101260,31092,-77704,-46612,48720,-14103,34617,15817,-3822,11995
2003-08-11T22:00:00Z,0.806,0.807,0.786,0.789,31032,-70851,-39819,43450,-12883,30567,14309,-5057,9252,NaN,NaN,NaN,NaN,94633,31032,-70851,-39819,43450,-12883,30567,14309,-5057,9252
2003-08-12T22:00:00Z,0.79,0.793,0.7815,0.792,31032,-70851,-39819,43450,-12883,30567,14309,-5057,9252,NaN,NaN,NaN,NaN,94633,31032,-70851,-39819,43450,-12883,30567,14309,-5057,9252
2003-08-13T22:00:00Z,0.7925,0.804,0.784,0.7985,31032,-70851,-39819,43450,-12883,30567,14309,-5057,9252,NaN,NaN,NaN,NaN,94633,31032,-70851,-39819,43450,-12883,30567,14309,-5057,9252
2003-08-14T22:00:00Z,0.7935,0.802,0.784,0.7915,31032,-70851,-39819,43450,-12883,30567,14309,-5057,9252,NaN,NaN,NaN,NaN,94633,31032,-70851,-39819,43450,-12883,30567,14309,-5057,9252
2003-08-17T22:00:00Z,0.793,0.798,0.789,0.796,31032,-70851,-39819,43450,-12883,30567,14309,-5057,9252,NaN,NaN,NaN,NaN,94633,31032,-70851,-39819,43450,-12883,30567,14309,-5057,9252
2003-08-18T22:00:00Z,0.803,0.8075,0.7965,0.8025,30167,-70813,-40646,42072,-11748,30324,14922,-4600,10322,NaN,NaN,NaN,NaN,94011,30167,-70813,-40646,42072,-11748,30324,14922,-4600,10322
2003-08-19T22:00:00Z,0.803,0.806,0.798,0.805,30167,-70813,-40646,42072,-11748,30324,14922,-4600,10322,NaN,NaN,NaN,NaN,94011,30167,-70813,-40646,42072,-11748,30324,14922,-4600,10322
2003-08-20T22:00:00Z,0.8055,0.8065,0.796,0.8025,30167,-70813,-40646,42072,-11748,30324,14922,-4600,10322,NaN,NaN,NaN,NaN,94011,30167,-70813,-40646,42072,-11748,30324,14922,-4600,10322
2003-08-21T22:00:00Z,0.8025,0.812,0.7995,0.803,30167,-70813,-40646,42072,-11748,30324,14922,-4600,10322,NaN,NaN,NaN,NaN,94011,30167,-70813,-40646,42072,-11748,30324,14922,-4600,10322
2003-08-24T22:00:00Z,0.8015,0.807,0.8005,0.8045,30167,-70813,-40646,42072,-11748,30324,14922,-4600,10322,NaN,NaN,NaN,NaN,94011,30167,-70813,-40646,42072,-11748,30324,14922,-4600,10322
2003-08-25T22:00:00Z,0.804,0.8095,0.7915,0.794,32850,-70926,-38076,42156,-12845,29311,15242,-6477,8765,NaN,NaN,NaN,NaN,93229,32850,-70926,-38076,42156,-12845,29311,15242,-6477,8765
2003-08-26T22:00:00Z,0.7935,0.795,0.786,0.7925,32850,-70926,-38076,42156,-12845,29311,15242,-6477,8765,NaN,NaN,NaN,NaN,93229,32850,-70926,-38076,42156,-12845,29311,15242,-6477,8765
2003-08-27T22:00:00Z,0.8005,0.8015,0.789,0.7955,32850,-70926,-38076,42156,-12845,29311,15242,-6477,8765,NaN,NaN,NaN,NaN,93229,32850,-70926,-38076,42156,-12845,29311,15242,-6477,8765
2003-08-28T22:00:00Z,0.804,0.811,0.7955,0.8105,32850,-70926,-38076,42156,-12845,29311,15242,-6477,8765,NaN,NaN,NaN,NaN,93229,32850,-70926,-38076,42156,-12845,29311,15242,-6477,8765
2003-09-01T22:00:00Z,0.815,0.823,0.813,0.8175,25262,-66654,-41392,44686,-12893,31793,13021,-3422,9599,NaN,NaN,NaN,NaN,84781,25262,-66654,-41392,44686,-12893,31793,13021,-3422,9599
2003-09-02T22:00:00Z,0.82,0.834,0.8165,0.832,25262,-66654,-41392,44686,-12893,31793,13021,-3422,9599,NaN,NaN,NaN,NaN,84781,25262,-66654,-41392,44686,-12893,31793,13021,-3422,9599
2003-09-03T22:00:00Z,0.831,0.8315,0.82,0.8205,25262,-66654,-41392,44686,-12893,31793,13021,-3422,9599,NaN,NaN,NaN,NaN,84781,25262,-66654,-41392,44686,-12893,31793,13021,-3422,9599
2003-09-04T22:00:00Z,0.8225,0.8385,0.8175,0.8335,25262,-66654,-41392,44686,-12893,31793,13021,-3422,9599,NaN,NaN,NaN,NaN,84781,25262,-66654,-41392,44686,-12893,31793,13021,-3422,9599
2003-09-07T22:00:00Z,0.8335,0.834,0.8245,0.8305,25262,-66654,-41392,44686,-12893,31793,13021,-3422,9599,NaN,NaN,NaN,NaN,84781,25262,-66654,-41392,44686,-12893,31793,13021,-3422,9599
2003-09-08T22:00:00Z,0.83,0.8315,0.817,0.82,24788,-73333,-48545,52607,-15455,37152,15392,-3999,11393,NaN,NaN,NaN,NaN,94004,24788,-73333,-48545,52607,-15455,37152,15392,-3999,11393
2003-09-09T22:00:00Z,0.819,0.8215,0.807,0.81,24788,-73333,-48545,52607,-15455,37152,15392,-3999,11393,NaN,NaN,NaN,NaN,94004,24788,-73333,-48545,52607,-15455,37152,15392,-3999,11393
2003-09-10T22:00:00Z,0.8105,0.835,0.809,0.8285,24788,-73333,-48545,52607,-15455,37152,15392,-3999,11393,NaN,NaN,NaN,NaN,94004,24788,-73333,-48545,52607,-15455,37152,15392,-3999,11393
2003-09-11T22:00:00Z,0.829,0.831,0.8145,0.816,24788,-73333,-48545,52607,-15455,37152,15392,-3999,11393,NaN,NaN,NaN,NaN,94004,24788,-73333,-48545,52607,-15455,37152,15392,-3999,11393
2003-09-14T22:00:00Z,0.8145,0.827,0.8145,0.822,24788,-73333,-48545,52607,-15455,37152,15392,-3999,11393,NaN,NaN,NaN,NaN,94004,24788,-73333,-48545,52607,-15455,37152,15392,-3999,11393
2003-09-15T22:00:00Z,0.8225,0.8235,0.808,0.817,26185,-70650,-44465,49736,-14742,34994,14037,-4566,9471,NaN,NaN,NaN,NaN,91181,26185,-70650,-44465,49736,-14742,34994,14037,-4566,9471
2003-09-16T22:00:00Z,0.817,0.828,0.8165,0.8255,26185,-70650,-44465,49736,-14742,34994,14037,-4566,9471,NaN,NaN,NaN,NaN,91181,26185,-70650,-44465,49736,-14742,34994,14037,-4566,9471
2003-09-17T22:00:00Z,0.8245,0.8295,0.8155,0.829,26185,-70650,-44465,49736,-14742,34994,14037,-4566,9471,NaN,NaN,NaN,NaN,91181,26185,-70650,-44465,49736,-14742,34994,14037,-4566,9471
2003-09-18T22:00:00Z,0.829,0.835,0.8265,0.831,26185,-70650,-44465,49736,-14742,34994,14037,-4566,9471,NaN,NaN,NaN,NaN,91181,26185,-70650,-44465,49736,-14742,34994,14037,-4566,9471
2003-09-21T22:00:00Z,0.8315,0.837,0.8295,0.8315,26185,-70650,-44465,49736,-14742,34994,14037,-4566,9471,NaN,NaN,NaN,NaN,91181,26185,-70650,-44465,49736,-14742,34994,14037,-4566,9471
2003-09-22T22:00:00Z,0.831,0.832,0.824,0.826,26348,-71661,-45313,51711,-16560,35151,15100,-4938,10162,NaN,NaN,NaN,NaN,94529,26348,-71661,-45313,51711,-16560,35151,15100,-4938,10162
2003-09-23T22:00:00Z,0.833,0.836,0.8265,0.8295,26348,-71661,-45313,51711,-16560,35151,15100,-4938,10162,NaN,NaN,NaN,NaN,94529,26348,-71661,-45313,51711,-16560,35151,15100,-4938,10162
2003-09-24T22:00:00Z,0.829,0.8335,0.8225,0.8325,26348,-71661,-45313,51711,-16560,35151,15100,-4938,10162,NaN,NaN,NaN,NaN,94529,26348,-71661,-45313,51711,-16560,35151,15100,-4938,10162
2003-09-25T22:00:00Z,0.8315,0.8325,0.816,0.8215,26348,-71661,-45313,51711,-16560,35151,15100,-4938,10162,NaN,NaN,NaN,NaN,94529,26348,-71661,-45313,51711,-16560,35151,15100,-4938,10162
2003-09-28T22:00:00Z,0.8205,0.8275,0.815,0.824,26348,-71661,-45313,51711,-16560,35151,15100,-4938,10162,NaN,NaN,NaN,NaN,94529,26348,-71661,-45313,51711,-16560,35151,15100,-4938,10162
2003-09-29T22:00:00Z,0.8245,0.826,0.8145,0.8185,26376,-69024,-42648,48026,-14030,33996,13790,-5138,8652,NaN,NaN,NaN,NaN,90622,26376,-69024,-42648,48026,-14030,33996,13790,-5138,8652
2003-09-30T22:00:00Z,0.819,0.8275,0.8175,0.823,26376,-69024,-42648,48026,-14030,33996,13790,-5138,8652,NaN,NaN,NaN,NaN,90622,26376,-69024,-42648,48026,-14030,33996,13790,-5138,8652
2003-10-01T22:00:00Z,0.8235,0.837,0.823,0.8335,26376,-69024,-42648,48026,-14030,33996,13790,-5138,8652,NaN,NaN,NaN,NaN,90622,26376,-69024,-42648,48026,-14030,33996,13790,-5138,8652
2003-10-02T22:00:00Z,0.8335,0.8395,0.833,0.837,26376,-69024,-42648,48026,-14030,33996,13790,-5138,8652,NaN,NaN,NaN,NaN,90622,26376,-69024,-42648,48026,-14030,33996,13790,-5138,8652
2003-10-05T22:00:00Z,0.837,0.844,0.8325,0.8375,26376,-69024,-42648,48026,-14030,33996,13790,-5138,8652,NaN,NaN,NaN,NaN,90622,26376,-69024,-42648,48026,-14030,33996,13790,-5138,8652
2003-10-06T22:00:00Z,0.84,0.848,0.838,0.847,24624,-78519,-53895,58295,-18131,40164,16880,-3149,13731,NaN,NaN,NaN,NaN,101927,24624,-78519,-53895,58295,-18131,40164,16880,-3149,13731
2003-10-07T22:00:00Z,0.846,0.8545,0.846,0.8545,24624,-78519,-53895,58295,-18131,40164,16880,-3149,13731,NaN,NaN,NaN,NaN,101927,24624,-78519,-53895,58295,-18131,40164,16880,-3149,13731
2003-10-08T22:00:00Z,0.8545,0.8605,0.852,0.8535,24624,-78519,-53895,58295,-18131,40164,16880,-3149,13731,NaN,NaN,NaN,NaN,101927,24624,-78519,-53895,58295,-18131,40164,16880,-3149,13731
2003-10-09T22:00:00Z,0.853,0.8645,0.8505,0.8635,24624,-78519,-53895,58295,-18131,40164,16880,-3149,13731,NaN,NaN,NaN,NaN,101927,24624,-78519,-53895,58295,-18131,40164,16880,-3149,13731
2003-10-12T22:00:00Z,0.864,0.89,0.864,0.8875,24624,-78519,-53895,58295,-18131,40164,16880,-3149,13731,NaN,NaN,NaN,NaN,101927,24624,-78519,-53895,58295,-18131,40164,16880,-3149,13731
2003-10-13T22:00:00Z,0.8875,0.8985,0.869,0.874,24141,-85123,-60982,67564,-19182,48382,16626,-4026,12600,NaN,NaN,NaN,NaN,109627,24141,-85123,-60982,67564,-19182,48382,16626,-4026,12600
2003-10-14T22:00:00Z,0.874,0.902,0.874,0.898,24141,-85123,-60982,67564,-19182,48382,16626,-4026,12600,NaN,NaN,NaN,NaN,109627,24141,-85123,-60982,67564,-19182,48382,16626,-4026,12600
2003-10-15T22:00:00Z,0.896,0.902,0.888,0.894,24141,-85123,-60982,67564,-19182,48382,16626,-4026,12600,NaN,NaN,NaN,NaN,109627,24141,-85123,-60982,67564,-19182,48382,16626,-4026,12600
2003-10-16T22:00:00Z,0.893,0.8975,0.883,0.8945,24141,-85123,-60982,67564,-19182,48382,16626,-4026,12600,NaN,NaN,NaN,NaN,109627,24141,-85123,-60982,67564,-19182,48382,16626,-4026,12600
2003-10-19T22:00:00Z,0.8945,0.913,0.8945,0.9115,24141,-85123,-60982,67564,-19182,48382,16626,-4026,12600,NaN,NaN,NaN,NaN,109627,24141,-85123,-60982,67564,-19182,48382,16626,-4026,12600
2003-10-20T22:00:00Z,0.9105,0.913,0.901,0.906,25941,-85635,-59694,66810,-18782,48028,15861,-4195,11666,NaN,NaN,NaN,NaN,111559,25941,-85635,-59694,66810,-18782,48028,15861,-4195,11666
2003-10-21T22:00:00Z,0.906,0.917,0.902,0.9135,25941,-85635,-59694,66810,-18782,48028,15861,-4195,11666,NaN,NaN,NaN,NaN,111559,25941,-85635,-59694,66810,-18782,48028,15861,-4195,11666
2003-10-22T22:00:00Z,0.9125,0.9135,0.8955,0.9065,25941,-85635,-59694,66810,-18782,48028,15861,-4195,11666,NaN,NaN,NaN,NaN,111559,25941,-85635,-59694,66810,-18782,48028,15861,-4195,11666
2003-10-23T22:00:00Z,0.906,0.908,0.886,0.893,25941,-85635,-59694,66810,-18782,48028,15861,-4195,11666,NaN,NaN,NaN,NaN,111559,25941,-85635,-59694,66810,-18782,48028,15861,-4195,11666
2003-10-26T23:00:00Z,0.8925,0.908,0.892,0.9075,25941,-85635,-59694,66810,-18782,48028,15861,-4195,11666,NaN,NaN,NaN,NaN,111559,25941,-85635,-59694,66810,-18782,48028,15861,-4195,11666
2003-10-27T23:00:00Z,0.907,0.9135,0.901,0.904,26137,-83105,-56968,62701,-17523,45178,16193,-4403,11790,NaN,NaN,NaN,NaN,109796,26137,-83105,-56968,62701,-17523,45178,16193,-4403,11790
2003-10-28T23:00:00Z,0.904,0.9195,0.904,0.919,26137,-83105,-56968,62701,-17523,45178,16193,-4403,11790,NaN,NaN,NaN,NaN,109796,26137,-83105,-56968,62701,-17523,45178,16193,-4403,11790
2003-10-29T23:00:00Z,0.9185,0.935,0.917,0.9335,26137,-83105,-56968,62701,-17523,45178,16193,-4403,11790,NaN,NaN,NaN,NaN,109796,26137,-83105,-56968,62701,-17523,45178,16193,-4403,11790
2003-10-30T23:00:00Z,0.9325,0.943,0.9315,0.9385,26137,-83105,-56968,62701,-17523,45178,16193,-4403,11790,NaN,NaN,NaN,NaN,109796,26137,-83105,-56968,62701,-17523,45178,16193,-4403,11790
2003-11-02T23:00:00Z,0.9385,0.9445,0.9255,0.933,26137,-83105,-56968,62701,-17523,45178,16193,-4403,11790,NaN,NaN,NaN,NaN,109796,26137,-83105,-56968,62701,-17523,45178,16193,-4403,11790
2003-11-03T23:00:00Z,0.9325,0.958,0.9255,0.9575,25615,-81610,-55995,61294,-16887,44407,17512,-5924,11588,NaN,NaN,NaN,NaN,109436,25615,-81610,-55995,61294,-16887,44407,17512,-5924,11588
2003-11-04T23:00:00Z,0.9575,0.9625,0.9465,0.9565,25615,-81610,-55995,61294,-16887,44407,17512,-5924,11588,NaN,NaN,NaN,NaN,109436,25615,-81610,-55995,61294,-16887,44407,17512,-5924,11588
2003-11-05T23:00:00Z,0.955,0.9615,0.936,0.94,25615,-81610,-55995,61294,-16887,44407,17512,-5924,11588,NaN,NaN,NaN,NaN,109436,25615,-81610,-55995,61294,-16887,44407,17512,-5924,11588
2003-11-06T23:00:00Z,0.9415,0.955,0.933,0.9445,25615,-81610,-55995,61294,-16887,44407,17512,-5924,11588,NaN,NaN,NaN,NaN,109436,25615,-81610,-55995,61294,-16887,44407,17512,-5924,11588
2003-11-09T23:00:00Z,0.941,0.945,0.925,0.928,25615,-81610,-55995,61294,-16887,44407,17512,-5924,11588,NaN,NaN,NaN,NaN,109436,25615,-81610,-55995,61294,-16887,44407,17512,-5924,11588
2003-11-10T23:00:00Z,0.928,0.945,0.9245,0.9445,27028,-82116,-55088,60237,-15988,44249,15692,-4853,10839,NaN,NaN,NaN,NaN,108854,27028,-82116,-55088,60237,-15988,44249,15692,-4853,10839
2003-11-11T23:00:00Z,0.9445,0.955,0.939,0.9485,27028,-82116,-55088,60237,-15988,44249,15692,-4853,10839,NaN,NaN,NaN,NaN,108854,27028,-82116,-55088,60237,-15988,44249,15692,-4853,10839
2003-11-12T23:00:00Z,0.9485,0.956,0.9335,0.9425,27028,-82116,-55088,60237,-15988,44249,15692,-4853,10839,NaN,NaN,NaN,NaN,108854,27028,-82116,-55088,60237,-15988,44249,15692,-4853,10839
2003-11-13T23:00:00Z,0.9435,0.955,0.94,0.9515,27028,-82116,-55088,60237,-15988,44249,15692,-4853,10839,NaN,NaN,NaN,NaN,108854,27028,-82116,-55088,60237,-15988,44249,15692,-4853,10839
2003-11-16T23:00:00Z,0.951,0.951,0.917,0.918,27028,-82116,-55088,60237,-15988,44249,15692,-4853,10839,NaN,NaN,NaN,NaN,108854,27028,-82116,-55088,60237,-15988,44249,15692,-4853,10839
2003-11-17T23:00:00Z,0.917,0.9325,0.916,0.932,28995,-73915,-44920,51436,-16495,34941,16301,-6322,9979,NaN,NaN,NaN,NaN,102838,28995,-73915,-44920,51436,-16495,34941,16301,-6322,9979
2003-11-18T23:00:00Z,0.9315,0.9315,0.9135,0.9175,28995,-73915,-44920,51436,-16495,34941,16301,-6322,9979,NaN,NaN,NaN,NaN,102838,28995,-73915,-44920,51436,-16495,34941,16301,-6322,9979
2003-11-19T23:00:00Z,0.915,0.915,0.881,0.8835,28995,-73915,-44920,51436,-16495,34941,16301,-6322,9979,NaN,NaN,NaN,NaN,102838,28995,-73915,-44920,51436,-16495,34941,16301,-6322,9979
2003-11-20T23:00:00Z,0.884,0.896,0.879,0.8945,28995,-73915,-44920,51436,-16495,34941,16301,-6322,9979,NaN,NaN,NaN,NaN,102838,28995,-73915,-44920,51436,-16495,34941,16301,-6322,9979
2003-11-23T23:00:00Z,0.8945,0.906,0.89,0.9045,28995,-73915,-44920,51436,-16495,34941,16301,-6322,9979,NaN,NaN,NaN,NaN,102838,28995,-73915,-44920,51436,-16495,34941,16301,-6322,9979
2003-11-24T23:00:00Z,0.9045,0.9065,0.887,0.887,32845,-67196,-34351,41323,-15474,25849,14450,-5948,8502,NaN,NaN,NaN,NaN,90652,32845,-67196,-34351,41323,-15474,25849,14450,-5948,8502
2003-11-25T23:00:00Z,0.89,0.9075,0.888,0.907,32845,-67196,-34351,41323,-15474,25849,14450,-5948,8502,NaN,NaN,NaN,NaN,90652,32845,-67196,-34351,41323,-15474,25849,14450,-5948,8502
2003-11-30T23:00:00Z,0.9355,0.9625,0.935,0.961,32845,-67196,-34351,41323,-15474,25849,14450,-5948,8502,NaN,NaN,NaN,NaN,90652,32845,-67196,-34351,41323,-15474,25849,14450,-5948,8502
2003-12-01T23:00:00Z,0.96,0.977,0.952,0.974,30370,-69002,-38632,44855,-16190,28665,14502,-4535,9967,NaN,NaN,NaN,NaN,91716,30370,-69002,-38632,44855,-16190,28665,14502,-4535,9967
2003-12-02T23:00:00Z,0.974,0.9905,0.9715,0.979,30370,-69002,-38632,44855,-16190,28665,14502,-4535,9967,NaN,NaN,NaN,NaN,91716,30370,-69002,-38632,44855,-16190,28665,14502,-4535,9967
2003-12-03T23:00:00Z,0.9765,0.9835,0.963,0.965,30370,-69002,-38632,44855,-16190,28665,14502,-4535,9967,NaN,NaN,NaN,NaN,91716,30370,-69002,-38632,44855,-16190,28665,14502,-4535,9967
2003-12-04T23:00:00Z,0.964,0.979,0.9565,0.971,30370,-69002,-38632,44855,-16190,28665,14502,-4535,9967,NaN,NaN,NaN,NaN,91716,30370,-69002,-38632,44855,-16190,28665,14502,-4535,9967
2003-12-07T23:00:00Z,0.971,0.988,0.9655,0.968,30370,-69002,-38632,44855,-16190,28665,14502,-4535,9967,NaN,NaN,NaN,NaN,91716,30370,-69002,-38632,44855,-16190,28665,14502,-4535,9967
2003-12-08T23:00:00Z,0.9695,0.985,0.968,0.979,29528,-66184,-36656,41973,-15852,26121,15135,-4600,10535,NaN,NaN,NaN,NaN,88432,29528,-66184,-36656,41973,-15852,26121,15135,-4600,10535
2003-12-09T23:00:00Z,0.9765,0.9845,0.9685,0.9795,29528,-66184,-36656,41973,-15852,26121,15135,-4600,10535,NaN,NaN,NaN,NaN,88432,29528,-66184,-36656,41973,-15852,26121,15135,-4600,10535
2003-12-10T23:00:00Z,0.9785,0.9825,0.9665,0.9785,29528,-66184,-36656,41973,-15852,26121,15135,-4600,10535,NaN,NaN,NaN,NaN,88432,29528,-66184,-36656,41973,-15852,26121,15135,-4600,10535
2003-12-11T23:00:00Z,0.983,0.989,0.975,0.988,29528,-66184,-36656,41973,-15852,26121,15135,-4600,10535,NaN,NaN,NaN,NaN,88432,29528,-66184,-36656,41973,-15852,26121,15135,-4600,10535
2003-12-14T23:00:00Z,0.9855,0.9955,0.984,0.9945,29528,-66184,-36656,41973,-15852,26121,15135,-4600,10535,NaN,NaN,NaN,NaN,88432,29528,-66184,-36656,41973,-15852,26121,15135,-4600,10535
2003-12-15T23:00:00Z,0.9915,1.008,0.985,1.004,30039,-68718,-38679,43176,-15559,27617,15712,-4650,11062,NaN,NaN,NaN,NaN,90778,30039,-68718,-38679,43176,-15559,27617,15712,-4650,11062
2003-12-16T23:00:00Z,1.0065,1.0065,0.9935,0.9965,30039,-68718,-38679,43176,-15559,27617,15712,-4650,11062,NaN,NaN,NaN,NaN,90778,30039,-68718,-38679,43176,-15559,27617,15712,-4650,11062
2003-12-17T23:00:00Z,0.996,1.0185,0.994,1.015,30039,-68718,-38679,43176,-15559,27617,15712,-4650,11062,NaN,NaN,NaN,NaN,90778,30039,-68718,-38679,43176,-15559,27617,15712,-4650,11062
2003-12-18T23:00:00Z,1.0195,1.0255,1.014,1.024,30039,-68718,-38679,43176,-15559,27617,15712,-4650,11062,NaN,NaN,NaN,NaN,90778,30039,-68718,-38679,43176,-15559,27617,15712,-4650,11062
2003-12-21T23:00:00Z,1.021,1.0225,1.0065,1.0065,29842,-70171,-40329,43936,-15530,28406,16435,-4512,11923,NaN,NaN,NaN,NaN,91634,29842,-70171,-40329,43936,-15530,28406,16435,-4512,11923
2003-12-22T23:00:00Z,1.0065,1.025,1.006,1.018,29842,-70171,-40329,43936,-15530,28406,16435,-4512,11923,NaN,NaN,NaN,NaN,91634,29842,-70171,-40329,43936,-15530,28406,16435,-4512,11923
2003-12-23T23:00:00Z,1.0205,1.025,1.0145,1.023,29842,-70171,-40329,43936,-15530,28406,16435,-4512,11923,NaN,NaN,NaN,NaN,91634,29842,-70171,-40329,43936,-15530,28406,16435,-4512,11923
2003-12-28T23:00:00Z,1.025,1.045,1.025,1.0435,29842,-70171,-40329,43936,-15530,28406,16435,-4512,11923,NaN,NaN,NaN,NaN,91634,29842,-70171,-40329,43936,-15530,28406,16435,-4512,11923
2003-12-29T23:00:00Z,1.0425,1.045,1.0295,1.043,28511,-66937,-38426,43735,-17538,26197,15818,-3589,12229,NaN,NaN,NaN,NaN,89485,28511,-66937,-38426,43735,-17538,26197,15818,-3589,12229
2003-12-30T23:00:00Z,1.043,1.051,1.0425,1.0455,28511,-66937,-38426,43735,-17538,26197,15818,-3589,12229,NaN,NaN,NaN,NaN,89485,28511,-66937,-38426,43735,-17538,26197,15818,-3589,12229
2004-01-04T23:00:00Z,1.0625,1.091,1.0625,1.087,28511,-66937,-38426,43735,-17538,26197,15818,-3589,12229,NaN,NaN,NaN,NaN,89485,28511,-66937,-38426,43735,-17538,26197,15818,-3589,12229
2004-01-05T23:00:00Z,1.087,1.096,1.059,1.0705,28773,-71023,-42250,46107,-14838,31269,14809,-3828,10981,NaN,NaN,NaN,NaN,90562,28773,-71023,-42250,46107,-14838,31269,14809,-3828,10981
2004-01-06T23:00:00Z,1.0695,1.078,1.054,1.0665,28773,-71023,-42250,46107,-14838,31269,14809,-3828,10981,NaN,NaN,NaN,NaN,90562,28773,-71023,-42250,46107,-14838,31269,14809,-3828,10981
2004-01-07T23:00:00Z,1.0665,1.11,1.061,1.1085,28773,-71023,-42250,46107,-14838,31269,14809,-3828,10981,NaN,NaN,NaN,NaN,90562,28773,-71023,-42250,46107,-14838,31269,14809,-3828,10981
2004-01-08T23:00:00Z,1.107,1.108,1.092,1.1035,28773,-71023,-42250,46107,-14838,31269,14809,-3828,10981,NaN,NaN,NaN,NaN,90562,28773,-71023,-42250,46107,-14838,31269,14809,-3828,10981
2004-01-11T23:00:00Z,1.1065,1.11,1.08,1.0825,28773,-71023,-42250,46107,-14838,31269,14809,-3828,10981,NaN,NaN,NaN,NaN,90562,28773,-71023,-42250,46107,-14838,31269,14809,-3828,10981
2004-01-12T23:00:00Z,1.0825,1.104,1.082,1.0855,28214,-71480,-43266,45520,-15176,30344,16690,-3768,12922,NaN,NaN,NaN,NaN,91442,28214,-71480,-43266,45520,-15176,30344,16690,-3768,12922
2004-01-13T23:00:00Z,1.0855,1.103,1.0765,1.094,28214,-71480,-43266,45520,-15176,30344,16690,-3768,12922,NaN,NaN,NaN,NaN,91442,28214,-71480,-43266,45520,-15176,30344,16690,-3768,12922
2004-01-14T23:00:00Z,1.094,1.099,1.067,1.084,28214,-71480,-43266,45520,-15176,30344,16690,-3768,12922,NaN,NaN,NaN,NaN,91442,28214,-71480,-43266,45520,-15176,30344,16690,-3768,12922
2004-01-15T23:00:00Z,1.0815,1.097,1.078,1.094,28214,-71480,-43266,45520,-15176,30344,16690,-3768,12922,NaN,NaN,NaN,NaN,91442,28214,-71480,-43266,45520,-15176,30344,16690,-3768,12922
2004-01-19T23:00:00Z,1.1,1.1215,1.098,1.1175,26413,-69740,-43327,45097,-15258,29839,17052,-3564,13488,NaN,NaN,NaN,NaN,90133,26413,-69740,-43327,45097,-15258,29839,17052,-3564,13488
2004-01-20T23:00:00Z,1.1185,1.13,1.111,1.1175,26413,-69740,-43327,45097,-15258,29839,17052,-3564,13488,NaN,NaN,NaN,NaN,90133,26413,-69740,-43327,45097,-15258,29839,17052,-3564,13488
2004-01-21T23:00:00Z,1.1195,1.131,1.118,1.12,26413,-69740,-43327,45097,-15258,29839,17052,-3564,13488,NaN,NaN,NaN,NaN,90133,26413,-69740,-43327,45097,-15258,29839,17052,-3564,13488
2004-01-22T23:00:00Z,1.12,1.127,1.114,1.1245,26413,-69740,-43327,45097,-15258,29839,17052,-3564,13488,NaN,NaN,NaN,NaN,90133,26413,-69740,-43327,45097,-15258,29839,17052,-3564,13488
2004-01-25T23:00:00Z,1.1225,1.125,1.1125,1.1165,26413,-69740,-43327,45097,-15258,29839,17052,-3564,13488,NaN,NaN,NaN,NaN,90133,26413,-69740,-43327,45097,-15258,29839,17052,-3564,13488
2004-01-26T23:00:00Z,1.1165,1.124,1.111,1.114,31454,-73113,-41659,42449,-14469,27980,17821,-4142,13679,NaN,NaN,NaN,NaN,93722,31454,-73113,-41659,42449,-14469,27980,17821,-4142,13679
2004-01-27T23:00:00Z,1.113,1.134,1.1115,1.1325,31454,-73113,-41659,42449,-14469,27980,17821,-4142,13679,NaN,NaN,NaN,NaN,93722,31454,-73113,-41659,42449,-14469,27980,17821,-4142,13679
2004-01-28T23:00:00Z,1.129,1.1325,1.1185,1.122,31454,-73113,-41659,42449,-14469,27980,17821,-4142,13679,NaN,NaN,NaN,NaN,93722,31454,-73113,-41659,42449,-14469,27980,17821,-4142,13679
2004-01-29T23:00:00Z,1.12,1.147,1.119,1.1455,31454,-73113,-41659,42449,-14469,27980,17821,-4142,13679,NaN,NaN,NaN,NaN,93722,31454,-73113,-41659,42449,-14469,27980,17821,-4142,13679
2004-02-01T23:00:00Z,1.1455,1.1555,1.14,1.144,31454,-73113,-41659,42449,-14469,27980,17821,-4142,13679,NaN,NaN,NaN,NaN,93722,31454,-73113,-41659,42449,-14469,27980,17821,-4142,13679
2004-02-02T23:00:00Z,1.144,1.17,1.1435,1.1685,28056,-69792,-41736,43330,-15253,28077,17873,-4214,13659,NaN,NaN,NaN,NaN,91868,28056,-69792,-41736,43330,-15253,28077,17873,-4214,13659
2004-02-03T23:00:00Z,1.1685,1.1755,1.165,1.1745,28056,-69792,-41736,43330,-15253,28077,17873,-4214,13659,NaN,NaN,NaN,NaN,91868,28056,-69792,-41736,43330,-15253,28077,17873,-4214,13659
2004-02-04T23:00:00Z,1.173,1.186,1.169,1.173,28056,-69792,-41736,43330,-15253,28077,17873,-4214,13659,NaN,NaN,NaN,NaN,91868,28056,-69792,-41736,43330,-15253,28077,17873,-4214,13659
2004-02-05T23:00:00Z,1.171,1.182,1.1645,1.1805,28056,-69792,-41736,43330,-15253,28077,17873,-4214,13659,NaN,NaN,NaN,NaN,91868,28056,-69792,-41736,43330,-15253,28077,17873,-4214,13659
2004-02-08T23:00:00Z,1.18,1.1945,1.18,1.186,28056,-69792,-41736,43330,-15253,28077,17873,-4214,13659,NaN,NaN,NaN,NaN,91868,28056,-69792,-41736,43330,-15253,28077,17873,-4214,13659
2004-02-09T23:00:00Z,1.185,1.192,1.169,1.178,24506,-64482,-39976,39955,-13267,26688,18297,-5009,13288,NaN,NaN,NaN,NaN,85340,24506,-64482,-39976,39955,-13267,26688,18297,-5009,13288
2004-02-10T23:00:00Z,1.178,1.218,1.175,1.216,24506,-64482,-39976,39955,-13267,26688,18297,-5009,13288,NaN,NaN,NaN,NaN,85340,24506,-64482,-39976,39955,-13267,26688,18297,-5009,13288
2004-02-11T23:00:00Z,1.2155,1.25,1.2105,1.2415,24506,-64482,-39976,39955,-13267,26688,18297,-5009,13288,NaN,NaN,NaN,NaN,85340,24506,-64482,-39976,39955,-13267,26688,18297,-5009,13288
2004-02-12T23:00:00Z,1.242,1.259,1.233,1.2435,24506,-64482,-39976,39955,-13267,26688,18297,-5009,13288,NaN,NaN,NaN,NaN,85340,24506,-64482,-39976,39955,-13267,26688,18297,-5009,13288
2004-02-16T23:00:00Z,1.29,1.313,1.283,1.3,26195,-67300,-41105,39352,-10465,28887,18315,-6097,12218,NaN,NaN,NaN,NaN,87694,26195,-67300,-41105,39352,-10465,28887,18315,-6097,12218
2004-02-17T23:00:00Z,1.35,1.353,1.2755,1.3015,26195,-67300,-41105,39352,-10465,28887,18315,-6097,12218,NaN,NaN,NaN,NaN,87694,26195,-67300,-41105,39352,-10465,28887,18315,-6097,12218
2004-02-18T23:00:00Z,1.315,1.331,1.292,1.3295,26195,-67300,-41105,39352,-10465,28887,18315,-6097,12218,NaN,NaN,NaN,NaN,87694,26195,-67300,-41105,39352,-10465,28887,18315,-6097,12218
2004-02-19T23:00:00Z,1.331,1.339,1.297,1.3085,26195,-67300,-41105,39352,-10465,28887,18315,-6097,12218,NaN,NaN,NaN,NaN,87694,26195,-67300,-41105,39352,-10465,28887,18315,-6097,12218
2004-02-22T23:00:00Z,1.3055,1.325,1.302,1.3135,26195,-67300,-41105,39352,-10465,28887,18315,-6097,12218,NaN,NaN,NaN,NaN,87694,26195,-67300,-41105,39352,-10465,28887,18315,-6097,12218
2004-02-23T23:00:00Z,1.3135,1.33,1.302,1.326,32372,-68642,-36270,35775,-10242,25533,17171,-6434,10737,NaN,NaN,NaN,NaN,89394,32372,-68642,-36270,35775,-10242,25533,17171,-6434,10737
2004-02-24T23:00:00Z,1.3265,1.358,1.295,1.3085,32372,-68642,-36270,35775,-10242,25533,17171,-6434,10737,NaN,NaN,NaN,NaN,89394,32372,-68642,-36270,35775,-10242,25533,17171,-6434,10737
2004-02-25T23:00:00Z,1.31,1.355,1.3035,1.354,32372,-68642,-36270,35775,-10242,25533,17171,-6434,10737,NaN,NaN,NaN,NaN,89394,32372,-68642,-36270,35775,-10242,25533,17171,-6434,10737
2004-02-26T23:00:00Z,1.353,1.3555,1.3295,1.346,32372,-68642,-36270,35775,-10242,25533,17171,-6434,10737,NaN,NaN,NaN,NaN,89394,32372,-68642,-36270,35775,-10242,25533,17171,-6434,10737
2004-02-29T23:00:00Z,1.3485,1.399,1.3475,1.3985,32372,-68642,-36270,35775,-10242,25533,17171,-6434,10737,NaN,NaN,NaN,NaN,89394,32372,-68642,-36270,35775,-10242,25533,17171,-6434,10737
2004-03-01T23:00:00Z,1.3985,1.403,1.3655,1.376,28436,-64039,-35603,35198,-11563,23635,17452,-5484,11968,NaN,NaN,NaN,NaN,84146,28436,-64039,-35603,35198,-11563,23635,17452,-5484,11968
2004-03-02T23:00:00Z,1.374,1.376,1.275,1.3065,28436,-64039,-35603,35198,-11563,23635,17452,-5484,11968,NaN,NaN,NaN,NaN,84146,28436,-64039,-35603,35198,-11563,23635,17452,-5484,11968
2004-03-03T23:00:00Z,1.308,1.326,1.29,1.3225,28436,-64039,-35603,35198,-11563,23635,17452,-5484,11968,NaN,NaN,NaN,NaN,84146,28436,-64039,-35603,35198,-11563,23635,17452,-5484,11968
2004-03-04T23:00:00Z,1.3225,1.343,1.293,1.343,28436,-64039,-35603,35198,-11563,23635,17452,-5484,11968,NaN,NaN,NaN,NaN,84146,28436,-64039,-35603,35198,-11563,23635,17452,-5484,11968
2004-03-07T23:00:00Z,1.343,1.349,1.285,1.297,28436,-64039,-35603,35198,-11563,23635,17452,-5484,11968,NaN,NaN,NaN,NaN,84146,28436,-64039,-35603,35198,-11563,23635,17452,-5484,11968
2004-03-08T23:00:00Z,1.294,1.304,1.256,1.272,29074,-57772,-28698,28836,-9063,19773,14748,-5823,8925,NaN,NaN,NaN,NaN,74980,29074,-57772,-28698,28836,-9063,19773,14748,-5823,8925
2004-03-09T23:00:00Z,1.273,1.296,1.27,1.287,29074,-57772,-28698,28836,-9063,19773,14748,-5823,8925,NaN,NaN,NaN,NaN,74980,29074,-57772,-28698,28836,-9063,19773,14748,-5823,8925
2004-03-10T23:00:00Z,1.287,1.34,1.285,1.339,29074,-57772,-28698,28836,-9063,19773,14748,-5823,8925,NaN,NaN,NaN,NaN,74980,29074,-57772,-28698,28836,-9063,19773,14748,-5823,8925
2004-03-11T23:00:00Z,1.3385,1.344,1.3,1.3135,29074,-57772,-28698,28836,-9063,19773,14748,-5823,8925,NaN,NaN,NaN,NaN,74980,29074,-57772,-28698,28836,-9063,19773,14748,-5823,8925
2004-03-14T23:00:00Z,1.3135,1.3515,1.3135,1.349,29074,-57772,-28698,28836,-9063,19773,14748,-5823,8925,NaN,NaN,NaN,NaN,74980,29074,-57772,-28698,28836,-9063,19773,14748,-5823,8925
2004-03-15T23:00:00Z,1.351,1.373,1.348,1.366,29492,-58842,-29350,30131,-10339,19792,14855,-5297,9558,NaN,NaN,NaN,NaN,77104,29492,-58842,-29350,30131,-10339,19792,14855,-5297,9558
2004-03-16T23:00:00Z,1.366,1.3695,1.342,1.3505,29492,-58842,-29350,30131,-10339,19792,14855,-5297,9558,NaN,NaN,NaN,NaN,77104,29492,-58842,-29350,30131,-10339,19792,14855,-5297,9558
2004-03-17T23:00:00Z,1.3505,1.378,1.349,1.371,29492,-58842,-29350,30131,-10339,19792,14855,-5297,9558,NaN,NaN,NaN,NaN,77104,29492,-58842,-29350,30131,-10339,19792,14855,-5297,9558
2004-03-18T23:00:00Z,1.37,1.388,1.365,1.378,29492,-58842,-29350,30131,-10339,19792,14855,-5297,9558,NaN,NaN,NaN,NaN,77104,29492,-58842,-29350,30131,-10339,19792,14855,-5297,9558
2004-03-21T23:00:00Z,1.38,1.385,1.342,1.353,29492,-58842,-29350,30131,-10339,19792,14855,-5297,9558,NaN,NaN,NaN,NaN,77104,29492,-58842,-29350,30131,-10339,19792,14855,-5297,9558
2004-03-22T23:00:00Z,1.353,1.36,1.3165,1.359,27401,-54600,-27199,29704,-11122,18582,14182,-5565,8617,NaN,NaN,NaN,NaN,73595,27401,-54600,-27199,29704,-11122,18582,14182,-5565,8617
2004-03-23T23:00:00Z,1.356,1.368,1.342,1.3545,27401,-54600,-27199,29704,-11122,18582,14182,-5565,8617,NaN,NaN,NaN,NaN,73595,27401,-54600,-27199,29704,-11122,18582,14182,-5565,8617
2004-03-24T23:00:00Z,1.351,1.3525,1.319,1.3435,27401,-54600,-27199,29704,-11122,18582,14182,-5565,8617,NaN,NaN,NaN,NaN,73595,27401,-54600,-27199,29704,-11122,18582,14182,-5565,8617
2004-03-25T23:00:00Z,1.342,1.357,1.3345,1.3485,27401,-54600,-27199,29704,-11122,18582,14182,-5565,8617,NaN,NaN,NaN,NaN,73595,27401,-54600,-27199,29704,-11122,18582,14182,-5565,8617
2004-03-28T23:00:00Z,1.3485,1.367,1.343,1.358,27401,-54600,-27199,29704,-11122,18582,14182,-5565,8617,NaN,NaN,NaN,NaN,73595,27401,-54600,-27199,29704,-11122,18582,14182,-5565,8617
2004-03-29T23:00:00Z,1.36,1.3715,1.332,1.342,30626,-54119,-23493,28782,-14023,14759,21752,-13018,8734,NaN,NaN,NaN,NaN,82822,30626,-54119,-23493,28782,-14023,14759,21752,-13018,8734
2004-03-30T23:00:00Z,1.342,1.362,1.333,1.36,30626,-54119,-23493,28782,-14023,14759,21752,-13018,8734,NaN,NaN,NaN,NaN,82822,30626,-54119,-23493,28782,-14023,14759,21752,-13018,8734
2004-03-31T23:00:00Z,1.361,1.3755,1.355,1.371,30626,-54119,-23493,28782,-14023,14759,21752,-13018,8734,NaN,NaN,NaN,NaN,82822,30626,-54119,-23493,28782,-14023,14759,21752,-13018,8734
2004-04-01T23:00:00Z,1.37,1.377,1.331,1.347,30626,-54119,-23493,28782,-14023,14759,21752,-13018,8734,NaN,NaN,NaN,NaN,82822,30626,-54119,-23493,28782,-14023,14759,21752,-13018,8734
2004-04-04T22:00:00Z,1.354,1.354,1.288,1.3095,30626,-54119,-23493,28782,-14023,14759,21752,-13018,8734,NaN,NaN,NaN,NaN,82822,30626,-54119,-23493,28782,-14023,14759,21752,-13018,8734
2004-04-05T22:00:00Z,1.309,1.322,1.294,1.319,33285,-49612,-16327,25695,-16486,9209,15172,-8054,7118,NaN,NaN,NaN,NaN,76267,33285,-49612,-16327,25695,-16486,9209,15172,-8054,7118
2004-04-06T22:00:00Z,1.319,1.32,1.295,1.309,33285,-49612,-16327,25695,-16486,9209,15172,-8054,7118,NaN,NaN,NaN,NaN,76267,33285,-49612,-16327,25695,-16486,9209,15172,-8054,7118
2004-04-07T22:00:00Z,1.307,1.3095,1.292,1.305,33285,-49612,-16327,25695,-16486,9209,15172,-8054,7118,NaN,NaN,NaN,NaN,76267,33285,-49612,-16327,25695,-16486,9209,15172,-8054,7118
2004-04-11T22:00:00Z,1.3075,1.3075,1.261,1.2885,33051,-48222,-15171,23915,-16581,7334,14505,-6668,7837,NaN,NaN,NaN,NaN,74015,33051,-48222,-15171,23915,-16581,7334,14505,-6668,7837
2004-04-12T22:00:00Z,1.288,1.29,1.262,1.28,33051,-48222,-15171,23915,-16581,7334,14505,-6668,7837,NaN,NaN,NaN,NaN,74015,33051,-48222,-15171,23915,-16581,7334,14505,-6668,7837
2004-04-13T22:00:00Z,1.28,1.3,1.259,1.295,33051,-48222,-15171,23915,-16581,7334,14505,-6668,7837,NaN,NaN,NaN,NaN,74015,33051,-48222,-15171,23915,-16581,7334,14505,-6668,7837
2004-04-14T22:00:00Z,1.295,1.298,1.274,1.2885,33051,-48222,-15171,23915,-16581,7334,14505,-6668,7837,NaN,NaN,NaN,NaN,74015,33051,-48222,-15171,23915,-16581,7334,14505,-6668,7837
2004-04-15T22:00:00Z,1.2865,1.348,1.2785,1.3425,33051,-48222,-15171,23915,-16581,7334,14505,-6668,7837,NaN,NaN,NaN,NaN,74015,33051,-48222,-15171,23915,-16581,7334,14505,-6668,7837
2004-04-18T22:00:00Z,1.34,1.363,1.3355,1.359,33051,-48222,-15171,23915,-16581,7334,14505,-6668,7837,NaN,NaN,NaN,NaN,74015,33051,-48222,-15171,23915,-16581,7334,14505,-6668,7837
2004-04-19T22:00:00Z,1.3585,1.3585,1.303,1.31,31506,-46879,-15373,26130,-17356,8774,12539,-5940,6599,NaN,NaN,NaN,NaN,74361,31506,-46879,-15373,26130,-17356,8774,12539,-5940,6599
2004-04-20T22:00:00Z,1.308,1.3105,1.205,1.2275,31506,-46879,-15373,26130,-17356,8774,12539,-5940,6599,NaN,NaN,NaN,NaN,74361,31506,-46879,-15373,26130,-17356,8774,12539,-5940,6599
2004-04-21T22:00:00Z,1.2275,1.245,1.214,1.2255,31506,-46879,-15373,26130,-17356,8774,12539,-5940,6599,NaN,NaN,NaN,NaN,74361,31506,-46879,-15373,26130,-17356,8774,12539,-5940,6599
2004-04-22T22:00:00Z,1.226,1.25,1.2175,1.243,31506,-46879,-15373,26130,-17356,8774,12539,-5940,6599,NaN,NaN,NaN,NaN,74361,31506,-46879,-15373,26130,-17356,8774,12539,-5940,6599
2004-04-25T22:00:00Z,1.24,1.247,1.23,1.2415,31506,-46879,-15373,26130,-17356,8774,12539,-5940,6599,NaN,NaN,NaN,NaN,74361,31506,-46879,-15373,26130,-17356,8774,12539,-5940,6599
2004-04-26T22:00:00Z,1.24,1.2405,1.226,1.235,34146,-46644,-12498,19379,-11199,8180,11946,-7628,4318,NaN,NaN,NaN,NaN,69318,34146,-46644,-12498,19379,-11199,8180,11946,-7628,4318
2004-04-27T22:00:00Z,1.232,1.2425,1.163,1.1775,34146,-46644,-12498,19379,-11199,8180,11946,-7628,4318,NaN,NaN,NaN,NaN,69318,34146,-46644,-12498,19379,-11199,8180,11946,-7628,4318
2004-04-28T22:00:00Z,1.17,1.1955,1.1615,1.1925,34146,-46644,-12498,19379,-11199,8180,11946,-7628,4318,NaN,NaN,NaN,NaN,69318,34146,-46644,-12498,19379,-11199,8180,11946,-7628,4318
2004-04-29T22:00:00Z,1.192,1.214,1.18,1.2075,34146,-46644,-12498,19379,-11199,8180,11946,-7628,4318,NaN,NaN,NaN,NaN,69318,34146,-46644,-12498,19379,-11199,8180,11946,-7628,4318
2004-05-02T22:00:00Z,1.208,1.235,1.203,1.2255,34146,-46644,-12498,19379,-11199,8180,11946,-7628,4318,NaN,NaN,NaN,NaN,69318,34146,-46644,-12498,19379,-11199,8180,11946,-7628,4318
2004-05-03T22:00:00Z,1.2285,1.236,1.2165,1.2285,33866,-44616,-10750,17790,-10488,7302,10711,-7263,3448,NaN,NaN,NaN,NaN,65438,33866,-44616,-10750,17790,-10488,7302,10711,-7263,3448
2004-05-04T22:00:00Z,1.2285,1.244,1.225,1.242,33866,-44616,-10750,17790,-10488,7302,10711,-7263,3448,NaN,NaN,NaN,NaN,65438,33866,-44616,-10750,17790,-10488,7302,10711,-7263,3448
2004-05-05T22:00:00Z,1.242,1.254,1.226,1.237,33866,-44616,-10750,17790,-10488,7302,10711,-7263,3448,NaN,NaN,NaN,NaN,65438,33866,-44616,-10750,17790,-10488,7302,10711,-7263,3448
2004-05-06T22:00:00Z,1.235,1.235,1.182,1.1905,33866,-44616,-10750,17790,-10488,7302,10711,-7263,3448,NaN,NaN,NaN,NaN,65438,33866,-44616,-10750,17790,-10488,7302,10711,-7263,3448
2004-05-09T22:00:00Z,1.1895,1.19,1.148,1.1675,33866,-44616,-10750,17790,-10488,7302,10711,-7263,3448,NaN,NaN,NaN,NaN,65438,33866,-44616,-10750,17790,-10488,7302,10711,-7263,3448
2004-05-10T22:00:00Z,1.1665,1.195,1.165,1.194,32602,-42645,-10043,16246,-9323,6923,10722,-7602,3120,NaN,NaN,NaN,NaN,63658,32602,-42645,-10043,16246,-9323,6923,10722,-7602,3120
2004-05-11T22:00:00Z,1.1945,1.201,1.17,1.1875,32602,-42645,-10043,16246,-9323,6923,10722,-7602,3120,NaN,NaN,NaN,NaN,63658,32602,-42645,-10043,16246,-9323,6923,10722,-7602,3120
2004-05-12T22:00:00Z,1.184,1.192,1.168,1.179,32602,-42645,-10043,16246,-9323,6923,10722,-7602,3120,NaN,NaN,NaN,NaN,63658,32602,-42645,-10043,16246,-9323,6923,10722,-7602,3120
2004-05-13T22:00:00Z,1.1785,1.196,1.167,1.178,32602,-42645,-10043,16246,-9323,6923,10722,-7602,3120,NaN,NaN,NaN,NaN,63658,32602,-42645,-10043,16246,-9323,6923,10722,-7602,3120
2004-05-16T22:00:00Z,1.178,1.183,1.138,1.1445,32602,-42645,-10043,16246,-9323,6923,10722,-7602,3120,NaN,NaN,NaN,NaN,63658,32602,-42645,-10043,16246,-9323,6923,10722,-7602,3120
2004-05-17T22:00:00Z,1.1445,1.154,1.129,1.1535,34067,-42939,-8872,15654,-8562,7092,9906,-8126,1780,NaN,NaN,NaN,NaN,64357,34067,-42939,-8872,15654,-8562,7092,9906,-8126,1780
2004-05-18T22:00:00Z,1.15,1.198,1.149,1.1965,34067,-42939,-8872,15654,-8562,7092,9906,-8126,1780,NaN,NaN,NaN,NaN,64357,34067,-42939,-8872,15654,-8562,7092,9906,-8126,1780
2004-05-19T22:00:00Z,1.195,1.197,1.168,1.1865,34067,-42939,-8872,15654,-8562,7092,9906,-8126,1780,NaN,NaN,NaN,NaN,64357,34067,-42939,-8872,15654,-8562,7092,9906,-8126,1780
2004-05-20T22:00:00Z,1.1865,1.229,1.1815,1.222,34067,-42939,-8872,15654,-8562,7092,9906,-8126,1780,NaN,NaN,NaN,NaN,64357,34067,-42939,-8872,15654,-8562,7092,9906,-8126,1780
2004-05-23T22:00:00Z,1.2215,1.2495,1.207,1.234,34067,-42939,-8872,15654,-8562,7092,9906,-8126,1780,NaN,NaN,NaN,NaN,64357,34067,-42939,-8872,15654,-8562,7092,9906,-8126,1780
2004-05-24T22:00:00Z,1.2335,1.245,1.224,1.234,34897,-48448,-13551,16609,-8118,8491,11459,-6399,5060,NaN,NaN,NaN,NaN,68371,34897,-48448,-13551,16609,-8118,8491,11459,-6399,5060
2004-05-25T22:00:00Z,1.234,1.248,1.2145,1.2315,34897,-48448,-13551,16609,-8118,8491,11459,-6399,5060,NaN,NaN,NaN,NaN,68371,34897,-48448,-13551,16609,-8118,8491,11459,-6399,5060
2004-05-26T22:00:00Z,1.2315,1.282,1.23,1.273,34897,-48448,-13551,16609,-8118,8491,11459,-6399,5060,NaN,NaN,NaN,NaN,68371,34897,-48448,-13551,16609,-8118,8491,11459,-6399,5060
2004-05-27T22:00:00Z,1.267,1.285,1.266,1.2775,34897,-48448,-13551,16609,-8118,8491,11459,-6399,5060,NaN,NaN,NaN,NaN,68371,34897,-48448,-13551,16609,-8118,8491,11459,-6399,5060
2004-05-31T22:00:00Z,1.285,1.3,1.281,1.2915,34062,-51977,-17915,20476,-8370,12106,12120,-6311,5809,NaN,NaN,NaN,NaN,71536,34062,-51977,-17915,20476,-8370,12106,12120,-6311,5809
2004-06-01T22:00:00Z,1.29,1.308,1.2425,1.248,34062,-51977,-17915,20476,-8370,12106,12120,-6311,5809,NaN,NaN,NaN,NaN,71536,34062,-51977,-17915,20476,-8370,12106,12120,-6311,5809
2004-06-02T22:00:00Z,1.25,1.263,1.229,1.246,34062,-51977,-17915,20476,-8370,12106,12120,-6311,5809,NaN,NaN,NaN,NaN,71536,34062,-51977,-17915,20476,-8370,12106,12120,-6311,5809
2004-06-03T22:00:00Z,1.241,1.244,1.208,1.2315,34062,-51977,-17915,20476,-8370,12106,12120,-6311,5809,NaN,NaN,NaN,NaN,71536,34062,-51977,-17915,20476,-8370,12106,12120,-6311,5809
2004-06-06T22:00:00Z,1.2315,1.268,1.2285,1.2655,34062,-51977,-17915,20476,-8370,12106,12120,-6311,5809,NaN,NaN,NaN,NaN,71536,34062,-51977,-17915,20476,-8370,12106,12120,-6311,5809
2004-06-07T22:00:00Z,1.2655,1.2675,1.227,1.2375,33357,-48390,-15033,17890,-8085,9805,11652,-6424,5228,NaN,NaN,NaN,NaN,67204,33357,-48390,-15033,17890,-8085,9805,11652,-6424,5228
2004-06-08T22:00:00Z,1.235,1.235,1.161,1.1645,33357,-48390,-15033,17890,-8085,9805,11652,-6424,5228,NaN,NaN,NaN,NaN,67204,33357,-48390,-15033,17890,-8085,9805,11652,-6424,5228
2004-06-09T22:00:00Z,1.165,1.177,1.1215,1.173,33357,-48390,-15033,17890,-8085,9805,11652,-6424,5228,NaN,NaN,NaN,NaN,67204,33357,-48390,-15033,17890,-8085,9805,11652,-6424,5228
2004-06-13T22:00:00Z,1.159,1.1645,1.139,1.1525,33357,-48390,-15033,17890,-8085,9805,11652,-6424,5228,NaN,NaN,NaN,NaN,67204,33357,-48390,-15033,17890,-8085,9805,11652,-6424,5228
2004-06-14T22:00:00Z,1.132,1.197,1.128,1.191,35861,-42334,-6473,12012,-8149,3863,9889,-7279,2610,NaN,NaN,NaN,NaN,62719,35861,-42334,-6473,12012,-8149,3863,9889,-7279,2610
2004-06-15T22:00:00Z,1.17,1.195,1.158,1.179,35861,-42334,-6473,12012,-8149,3863,9889,-7279,2610,NaN,NaN,NaN,NaN,62719,35861,-42334,-6473,12012,-8149,3863,9889,-7279,2610
2004-06-16T22:00:00Z,1.189,1.201,1.176,1.199,35861,-42334,-6473,12012,-8149,3863,9889,-7279,2610,NaN,NaN,NaN,NaN,62719,35861,-42334,-6473,12012,-8149,3863,9889,-7279,2610
2004-06-17T22:00:00Z,1.19,1.202,1.182,1.1925,35861,-42334,-6473,12012,-8149,3863,9889,-7279,2610,NaN,NaN,NaN,NaN,62719,35861,-42334,-6473,12012,-8149,3863,9889,-7279,2610
2004-06-20T22:00:00Z,1.1965,1.2,1.183,1.195,35861,-42334,-6473,12012,-8149,3863,9889,-7279,2610,NaN,NaN,NaN,NaN,62719,35861,-42334,-6473,12012,-8149,3863,9889,-7279,2610
2004-06-21T22:00:00Z,1.168,1.173,1.148,1.1635,39304,-44193,-4889,12669,-9974,2695,10666,-8472,2194,NaN,NaN,NaN,NaN,66825,39304,-44193,-4889,12669,-9974,2695,10666,-8472,2194
2004-06-22T22:00:00Z,1.171,1.196,1.158,1.195,39304,-44193,-4889,12669,-9974,2695,10666,-8472,2194,NaN,NaN,NaN,NaN,66825,39304,-44193,-4889,12669,-9974,2695,10666,-8472,2194
2004-06-23T22:00:00Z,1.196,1.23,1.189,1.2235,39304,-44193,-4889,12669,-9974,2695,10666,-8472,2194,NaN,NaN,NaN,NaN,66825,39304,-44193,-4889,12669,-9974,2695,10666,-8472,2194
2004-06-24T22:00:00Z,1.2175,1.22,1.1935,1.2095,39304,-44193,-4889,12669,-9974,2695,10666,-8472,2194,NaN,NaN,NaN,NaN,66825,39304,-44193,-4889,12669,-9974,2695,10666,-8472,2194
2004-06-27T22:00:00Z,1.2215,1.222,1.201,1.2075,39304,-44193,-4889,12669,-9974,2695,10666,-8472,2194,NaN,NaN,NaN,NaN,66825,39304,-44193,-4889,12669,-9974,2695,10666,-8472,2194
2004-06-28T22:00:00Z,1.198,1.205,1.168,1.175,34296,-44230,-9934,11282,-4784,6498,9761,-6325,3436,NaN,NaN,NaN,NaN,57873,34296,-44230,-9934,11282,-4784,6498,9761,-6325,3436
2004-06-29T22:00:00Z,1.208,1.217,1.174,1.208,34296,-44230,-9934,11282,-4784,6498,9761,-6325,3436,NaN,NaN,NaN,NaN,57873,34296,-44230,-9934,11282,-4784,6498,9761,-6325,3436
2004-06-30T22:00:00Z,1.207,1.234,1.206,1.222,34296,-44230,-9934,11282,-4784,6498,9761,-6325,3436,NaN,NaN,NaN,NaN,57873,34296,-44230,-9934,11282,-4784,6498,9761,-6325,3436
2004-07-01T22:00:00Z,1.225,1.23,1.208,1.22,34296,-44230,-9934,11282,-4784,6498,9761,-6325,3436,NaN,NaN,NaN,NaN,57873,34296,-44230,-9934,11282,-4784,6498,9761,-6325,3436
2004-07-05T22:00:00Z,1.2355,1.2425,1.195,1.218,32310,-44345,-12035,12326,-4308,8018,10891,-6874,4017,NaN,NaN,NaN,NaN,58133,32310,-44345,-12035,12326,-4308,8018,10891,-6874,4017
2004-07-06T22:00:00Z,1.222,1.26,1.216,1.255,32310,-44345,-12035,12326,-4308,8018,10891,-6874,4017,NaN,NaN,NaN,NaN,58133,32310,-44345,-12035,12326,-4308,8018,10891,-6874,4017
2004-07-07T22:00:00Z,1.2545,1.2575,1.226,1.251,32310,-44345,-12035,12326,-4308,8018,10891,-6874,4017,NaN,NaN,NaN,NaN,58133,32310,-44345,-12035,12326,-4308,8018,10891,-6874,4017
2004-07-08T22:00:00Z,1.25,1.29,1.248,1.281,32310,-44345,-12035,12326,-4308,8018,10891,-6874,4017,NaN,NaN,NaN,NaN,58133,32310,-44345,-12035,12326,-4308,8018,10891,-6874,4017
2004-07-11T22:00:00Z,1.281,1.3,1.275,1.2775,32310,-44345,-12035,12326,-4308,8018,10891,-6874,4017,NaN,NaN,NaN,NaN,58133,32310,-44345,-12035,12326,-4308,8018,10891,-6874,4017
2004-07-12T22:00:00Z,1.2775,1.293,1.264,1.278,30237,-52590,-22353,21663,-5368,16295,12199,-6141,6058,NaN,NaN,NaN,NaN,66740,30237,-52590,-22353,21663,-5368,16295,12199,-6141,6058
2004-07-13T22:00:00Z,1.2775,1.289,1.2665,1.277,30237,-52590,-22353,21663,-5368,16295,12199,-6141,6058,NaN,NaN,NaN,NaN,66740,30237,-52590,-22353,21663,-5368,16295,12199,-6141,6058
2004-07-14T22:00:00Z,1.2875,1.293,1.276,1.2875,30237,-52590,-22353,21663,-5368,16295,12199,-6141,6058,NaN,NaN,NaN,NaN,66740,30237,-52590,-22353,21663,-5368,16295,12199,-6141,6058
2004-07-15T22:00:00Z,1.2875,1.315,1.285,1.3105,30237,-52590,-22353,21663,-5368,16295,12199,-6141,6058,NaN,NaN,NaN,NaN,66740,30237,-52590,-22353,21663,-5368,16295,12199,-6141,6058
2004-07-18T22:00:00Z,1.3115,1.317,1.298,1.305,30237,-52590,-22353,21663,-5368,16295,12199,-6141,6058,NaN,NaN,NaN,NaN,66740,30237,-52590,-22353,21663,-5368,16295,12199,-6141,6058
2004-07-19T22:00:00Z,1.305,1.307,1.271,1.2855,29332,-53903,-24571,23978,-5806,18172,12969,-6570,6399,NaN,NaN,NaN,NaN,69505,29332,-53903,-24571,23978,-5806,18172,12969,-6570,6399
2004-07-20T22:00:00Z,1.2855,1.2855,1.255,1.275,29332,-53903,-24571,23978,-5806,18172,12969,-6570,6399,NaN,NaN,NaN,NaN,69505,29332,-53903,-24571,23978,-5806,18172,12969,-6570,6399
2004-07-21T22:00:00Z,1.275,1.29,1.27,1.287,29332,-53903,-24571,23978,-5806,18172,12969,-6570,6399,NaN,NaN,NaN,NaN,69505,29332,-53903,-24571,23978,-5806,18172,12969,-6570,6399
2004-07-22T22:00:00Z,1.286,1.287,1.232,1.248,29332,-53903,-24571,23978,-5806,18172,12969,-6570,6399,NaN,NaN,NaN,NaN,69505,29332,-53903,-24571,23978,-5806,18172,12969,-6570,6399
2004-07-25T22:00:00Z,1.246,1.263,1.238,1.25,29332,-53903,-24571,23978,-5806,18172,12969,-6570,6399,NaN,NaN,NaN,NaN,69505,29332,-53903,-24571,23978,-5806,18172,12969,-6570,6399
2004-07-26T22:00:00Z,1.25,1.253,1.2165,1.221,29960,-49173,-19213,19618,-5028,14590,12300,-7677,4623,NaN,NaN,NaN,NaN,65605,29960,-49173,-19213,19618,-5028,14590,12300,-7677,4623
2004-07-27T22:00:00Z,1.221,1.28,1.221,1.271,29960,-49173,-19213,19618,-5028,14590,12300,-7677,4623,NaN,NaN,NaN,NaN,65605,29960,-49173,-19213,19618,-5028,14590,12300,-7677,4623
2004-07-28T22:00:00Z,1.272,1.295,1.267,1.2935,29960,-49173,-19213,19618,-5028,14590,12300,-7677,4623,NaN,NaN,NaN,NaN,65605,29960,-49173,-19213,19618,-5028,14590,12300,-7677,4623
2004-07-29T22:00:00Z,1.291,1.313,1.28,1.308,29960,-49173,-19213,19618,-5028,14590,12300,-7677,4623,NaN,NaN,NaN,NaN,65605,29960,-49173,-19213,19618,-5028,14590,12300,-7677,4623
2004-08-01T22:00:00Z,1.3075,1.325,1.295,1.3055,29960,-49173,-19213,19618,-5028,14590,12300,-7677,4623,NaN,NaN,NaN,NaN,65605,29960,-49173,-19213,19618,-5028,14590,12300,-7677,4623
2004-08-02T22:00:00Z,1.3025,1.309,1.2875,1.303,29441,-53097,-23656,25103,-8713,16390,13826,-6560,7266,NaN,NaN,NaN,NaN,71515,29441,-53097,-23656,25103,-8713,16390,13826,-6560,7266
2004-08-03T22:00:00Z,1.302,1.304,1.275,1.2945,29441,-53097,-23656,25103,-8713,16390,13826,-6560,7266,NaN,NaN,NaN,NaN,71515,29441,-53097,-23656,25103,-8713,16390,13826,-6560,7266
2004-08-04T22:00:00Z,1.2935,1.314,1.272,1.28,29441,-53097,-23656,25103,-8713,16390,13826,-6560,7266,NaN,NaN,NaN,NaN,71515,29441,-53097,-23656,25103,-8713,16390,13826,-6560,7266
2004-08-05T22:00:00Z,1.278,1.292,1.273,1.278,29441,-53097,-23656,25103,-8713,16390,13826,-6560,7266,NaN,NaN,NaN,NaN,71515,29441,-53097,-23656,25103,-8713,16390,13826,-6560,7266
2004-08-08T22:00:00Z,1.2755,1.284,1.231,1.2415,29441,-53097,-23656,25103,-8713,16390,13826,-6560,7266,NaN,NaN,NaN,NaN,71515,29441,-53097,-23656,25103,-8713,16390,13826,-6560,7266
2004-08-09T22:00:00Z,1.241,1.258,1.2405,1.257,29770,-48361,-18591,19835,-7447,12388,12742,-6539,6203,NaN,NaN,NaN,NaN,65598,29770,-48361,-18591,19835,-7447,12388,12742,-6539,6203
2004-08-10T22:00:00Z,1.256,1.275,1.249,1.2725,29770,-48361,-18591,19835,-7447,12388,12742,-6539,6203,NaN,NaN,NaN,NaN,65598,29770,-48361,-18591,19835,-7447,12388,12742,-6539,6203
2004-08-11T22:00:00Z,1.275,1.285,1.261,1.2675,29770,-48361,-18591,19835,-7447,12388,12742,-6539,6203,NaN,NaN,NaN,NaN,65598,29770,-48361,-18591,19835,-7447,12388,12742,-6539,6203
2004-08-12T22:00:00Z,1.267,1.335,1.262,1.318,29770,-48361,-18591,19835,-7447,12388,12742,-6539,6203,NaN,NaN,NaN,NaN,65598,29770,-48361,-18591,19835,-7447,12388,12742,-6539,6203
2004-08-15T22:00:00Z,1.318,1.33,1.302,1.3155,29770,-48361,-18591,19835,-7447,12388,12742,-6539,6203,NaN,NaN,NaN,NaN,65598,29770,-48361,-18591,19835,-7447,12388,12742,-6539,6203
2004-08-16T22:00:00Z,1.316,1.324,1.299,1.3075,29801,-57087,-27286,30518,-11146,19372,14678,-6764,7914,NaN,NaN,NaN,NaN,78129,29801,-57087,-27286,30518,-11146,19372,14678,-6764,7914
2004-08-17T22:00:00Z,1.308,1.308,1.25,1.2705,29801,-57087,-27286,30518,-11146,19372,14678,-6764,7914,NaN,NaN,NaN,NaN,78129,29801,-57087,-27286,30518,-11146,19372,14678,-6764,7914
2004-08-18T22:00:00Z,1.272,1.292,1.26,1.2915,29801,-57087,-27286,30518,-11146,19372,14678,-6764,7914,NaN,NaN,NaN,NaN,78129,29801,-57087,-27286,30518,-11146,19372,14678,-6764,7914
2004-08-19T22:00:00Z,1.2865,1.2915,1.257,1.2685,29801,-57087,-27286,30518,-11146,19372,14678,-6764,7914,NaN,NaN,NaN,NaN,78129,29801,-57087,-27286,30518,-11146,19372,14678,-6764,7914
2004-08-22T22:00:00Z,1.267,1.269,1.228,1.2415,29801,-57087,-27286,30518,-11146,19372,14678,-6764,7914,NaN,NaN,NaN,NaN,78129,29801,-57087,-27286,30518,-11146,19372,14678,-6764,7914
2004-08-23T22:00:00Z,1.243,1.255,1.2375,1.239,32210,-51697,-19487,22015,-8463,13552,12591,-6656,5935,NaN,NaN,NaN,NaN,69773,32210,-51697,-19487,22015,-8463,13552,12591,-6656,5935
2004-08-24T22:00:00Z,1.238,1.244,1.215,1.2395,32210,-51697,-19487,22015,-8463,13552,12591,-6656,5935,NaN,NaN,NaN,NaN,69773,32210,-51697,-19487,22015,-8463,13552,12591,-6656,5935
2004-08-25T22:00:00Z,1.241,1.26,1.233,1.2505,32210,-51697,-19487,22015,-8463,13552,12591,-6656,5935,NaN,NaN,NaN,NaN,69773,32210,-51697,-19487,22015,-8463,13552,12591,-6656,5935
2004-08-26T22:00:00Z,1.2505,1.277,1.243,1.259,32210,-51697,-19487,22015,-8463,13552,12591,-6656,5935,NaN,NaN,NaN,NaN,69773,32210,-51697,-19487,22015,-8463,13552,12591,-6656,5935
2004-08-29T22:00:00Z,1.27,1.273,1.255,1.2645,32210,-51697,-19487,22015,-8463,13552,12591,-6656,5935,NaN,NaN,NaN,NaN,69773,32210,-51697,-19487,22015,-8463,13552,12591,-6656,5935
2004-08-30T22:00:00Z,1.2635,1.285,1.261,1.281,33703,-55889,-22186,23031,-7553,15478,13511,-6803,6708,NaN,NaN,NaN,NaN,73755,33703,-55889,-22186,23031,-7553,15478,13511,-6803,6708
2004-08-31T22:00:00Z,1.281,1.285,1.2655,1.277,33703,-55889,-22186,23031,-7553,15478,13511,-6803,6708,NaN,NaN,NaN,NaN,73755,33703,-55889,-22186,23031,-7553,15478,13511,-6803,6708
2004-09-01T22:00:00Z,1.2765,1.277,1.238,1.248,33703,-55889,-22186,23031,-7553,15478,13511,-6803,6708,NaN,NaN,NaN,NaN,73755,33703,-55889,-22186,23031,-7553,15478,13511,-6803,6708
2004-09-02T22:00:00Z,1.251,1.2545,1.22,1.2395,33703,-55889,-22186,23031,-7553,15478,13511,-6803,6708,NaN,NaN,NaN,NaN,73755,33703,-55889,-22186,23031,-7553,15478,13511,-6803,6708
2004-09-06T22:00:00Z,1.241,1.2795,1.234,1.272,33281,-52119,-18838,21479,-8833,12646,13724,-7532,6192,NaN,NaN,NaN,NaN,72214,33281,-52119,-18838,21479,-8833,12646,13724,-7532,6192
2004-09-07T22:00:00Z,1.272,1.273,1.241,1.2565,33281,-52119,-18838,21479,-8833,12646,13724,-7532,6192,NaN,NaN,NaN,NaN,72214,33281,-52119,-18838,21479,-8833,12646,13724,-7532,6192
2004-09-08T22:00:00Z,1.2565,1.265,1.247,1.264,33281,-52119,-18838,21479,-8833,12646,13724,-7532,6192,NaN,NaN,NaN,NaN,72214,33281,-52119,-18838,21479,-8833,12646,13724,-7532,6192
2004-09-09T22:00:00Z,1.264,1.292,1.26,1.28,33281,-52119,-18838,21479,-8833,12646,13724,-7532,6192,NaN,NaN,NaN,NaN,72214,33281,-52119,-18838,21479,-8833,12646,13724,-7532,6192
2004-09-12T22:00:00Z,1.279,1.287,1.272,1.285,33281,-52119,-18838,21479,-8833,12646,13724,-7532,6192,NaN,NaN,NaN,NaN,72214,33281,-52119,-18838,21479,-8833,12646,13724,-7532,6192
2004-09-13T22:00:00Z,1.285,1.292,1.263,1.28,31713,-53405,-21692,26351,-11184,15167,13306,-6781,6525,NaN,NaN,NaN,NaN,75040,31713,-53405,-21692,26351,-11184,15167,13306,-6781,6525
2004-09-14T22:00:00Z,1.2765,1.286,1.266,1.2715,31713,-53405,-21692,26351,-11184,15167,13306,-6781,6525,NaN,NaN,NaN,NaN,75040,31713,-53405,-21692,26351,-11184,15167,13306,-6781,6525
2004-09-15T22:00:00Z,1.2705,1.309,1.268,1.3015,31713,-53405,-21692,26351,-11184,15167,13306,-6781,6525,NaN,NaN,NaN,NaN,75040,31713,-53405,-21692,26351,-11184,15167,13306,-6781,6525
2004-09-16T22:00:00Z,1.3,1.309,1.29,1.302,31713,-53405,-21692,26351,-11184,15167,13306,-6781,6525,NaN,NaN,NaN,NaN,75040,31713,-53405,-21692,26351,-11184,15167,13306,-6781,6525
2004-09-19T22:00:00Z,1.302,1.32,1.3,1.3195,31713,-53405,-21692,26351,-11184,15167,13306,-6781,6525,NaN,NaN,NaN,NaN,75040,31713,-53405,-21692,26351,-11184,15167,13306,-6781,6525
2004-09-20T22:00:00Z,1.3175,1.3495,1.312,1.3415,30637,-58288,-27651,34903,-15386,19517,14433,-6299,8134,NaN,NaN,NaN,NaN,85631,30637,-58288,-27651,34903,-15386,19517,14433,-6299,8134
2004-09-21T22:00:00Z,1.342,1.372,1.334,1.3695,30637,-58288,-27651,34903,-15386,19517,14433,-6299,8134,NaN,NaN,NaN,NaN,85631,30637,-58288,-27651,34903,-15386,19517,14433,-6299,8134
2004-09-22T22:00:00Z,1.365,1.37,1.347,1.358,30637,-58288,-27651,34903,-15386,19517,14433,-6299,8134,NaN,NaN,NaN,NaN,85631,30637,-58288,-27651,34903,-15386,19517,14433,-6299,8134
2004-09-23T22:00:00Z,1.354,1.363,1.345,1.3575,30637,-58288,-27651,34903,-15386,19517,14433,-6299,8134,NaN,NaN,NaN,NaN,85631,30637,-58288,-27651,34903,-15386,19517,14433,-6299,8134
2004-09-26T22:00:00Z,1.355,1.381,1.354,1.378,30637,-58288,-27651,34903,-15386,19517,14433,-6299,8134,NaN,NaN,NaN,NaN,85631,30637,-58288,-27651,34903,-15386,19517,14433,-6299,8134
2004-09-27T22:00:00Z,1.3775,1.382,1.3585,1.3695,30206,-63190,-32984,41210,-17175,24035,15401,-6452,8949,NaN,NaN,NaN,NaN,93997,30206,-63190,-32984,41210,-17175,24035,15401,-6452,8949
2004-09-28T22:00:00Z,1.37,1.396,1.362,1.393,30206,-63190,-32984,41210,-17175,24035,15401,-6452,8949,NaN,NaN,NaN,NaN,93997,30206,-63190,-32984,41210,-17175,24035,15401,-6452,8949
2004-09-29T22:00:00Z,1.392,1.408,1.3805,1.396,30206,-63190,-32984,41210,-17175,24035,15401,-6452,8949,NaN,NaN,NaN,NaN,93997,30206,-63190,-32984,41210,-17175,24035,15401,-6452,8949
2004-09-30T22:00:00Z,1.393,1.404,1.385,1.404,30206,-63190,-32984,41210,-17175,24035,15401,-6452,8949,NaN,NaN,NaN,NaN,93997,30206,-63190,-32984,41210,-17175,24035,15401,-6452,8949
2004-10-03T22:00:00Z,1.4035,1.408,1.381,1.397,30206,-63190,-32984,41210,-17175,24035,15401,-6452,8949,NaN,NaN,NaN,NaN,93997,30206,-63190,-32984,41210,-17175,24035,15401,-6452,8949
2004-10-04T22:00:00Z,1.397,1.405,1.389,1.4015,31222,-67041,-35819,45933,-17686,28247,15145,-7573,7572,NaN,NaN,NaN,NaN,100292,31222,-67041,-35819,45933,-17686,28247,15145,-7573,7572
2004-10-05T22:00:00Z,1.401,1.428,1.3955,1.423,31222,-67041,-35819,45933,-17686,28247,15145,-7573,7572,NaN,NaN,NaN,NaN,100292,31222,-67041,-35819,45933,-17686,28247,15145,-7573,7572
2004-10-06T22:00:00Z,1.422,1.4385,1.4195,1.4275,31222,-67041,-35819,45933,-17686,28247,15145,-7573,7572,NaN,NaN,NaN,NaN,100292,31222,-67041,-35819,45933,-17686,28247,15145,-7573,7572
2004-10-07T22:00:00Z,1.4275,1.482,1.4235,1.4695,31222,-67041,-35819,45933,-17686,28247,15145,-7573,7572,NaN,NaN,NaN,NaN,100292,31222,-67041,-35819,45933,-17686,28247,15145,-7573,7572
2004-10-10T22:00:00Z,1.469,1.48,1.46,1.4685,31222,-67041,-35819,45933,-17686,28247,15145,-7573,7572,NaN,NaN,NaN,NaN,100292,31222,-67041,-35819,45933,-17686,28247,15145,-7573,7572
2004-10-11T22:00:00Z,1.467,1.469,1.423,1.448,33281,-69614,-36333,47018,-17364,29654,15038,-8359,6679,NaN,NaN,NaN,NaN,103422,33281,-69614,-36333,47018,-17364,29654,15038,-8359,6679
2004-10-12T22:00:00Z,1.448,1.448,1.27,1.288,33281,-69614,-36333,47018,-17364,29654,15038,-8359,6679,NaN,NaN,NaN,NaN,103422,33281,-69614,-36333,47018,-17364,29654,15038,-8359,6679
2004-10-13T22:00:00Z,1.2895,1.303,1.248,1.2695,33281,-69614,-36333,47018,-17364,29654,15038,-8359,6679,NaN,NaN,NaN,NaN,103422,33281,-69614,-36333,47018,-17364,29654,15038,-8359,6679
2004-10-14T22:00:00Z,1.272,1.314,1.27,1.309,33281,-69614,-36333,47018,-17364,29654,15038,-8359,6679,NaN,NaN,NaN,NaN,103422,33281,-69614,-36333,47018,-17364,29654,15038,-8359,6679
2004-10-17T22:00:00Z,1.3075,1.3125,1.27,1.284,33281,-69614,-36333,47018,-17364,29654,15038,-8359,6679,NaN,NaN,NaN,NaN,103422,33281,-69614,-36333,47018,-17364,29654,15038,-8359,6679
2004-10-18T22:00:00Z,1.28,1.308,1.28,1.297,34250,-54007,-19757,20386,-7107,13279,13492,-7014,6478,NaN,NaN,NaN,NaN,74501,34250,-54007,-19757,20386,-7107,13279,13492,-7014,6478
2004-10-19T22:00:00Z,1.297,1.307,1.265,1.3015,34250,-54007,-19757,20386,-7107,13279,13492,-7014,6478,NaN,NaN,NaN,NaN,74501,34250,-54007,-19757,20386,-7107,13279,13492,-7014,6478
2004-10-20T22:00:00Z,1.3,1.321,1.293,1.3135,34250,-54007,-19757,20386,-7107,13279,13492,-7014,6478,NaN,NaN,NaN,NaN,74501,34250,-54007,-19757,20386,-7107,13279,13492,-7014,6478
2004-10-21T22:00:00Z,1.309,1.321,1.28,1.3055,34250,-54007,-19757,20386,-7107,13279,13492,-7014,6478,NaN,NaN,NaN,NaN,74501,34250,-54007,-19757,20386,-7107,13279,13492,-7014,6478
2004-10-24T22:00:00Z,1.3055,1.316,1.2565,1.2765,34250,-54007,-19757,20386,-7107,13279,13492,-7014,6478,NaN,NaN,NaN,NaN,74501,34250,-54007,-19757,20386,-7107,13279,13492,-7014,6478
2004-10-25T22:00:00Z,1.276,1.293,1.271,1.2815,35940,-52891,-16951,18391,-6753,11638,13143,-7830,5313,NaN,NaN,NaN,NaN,72971,35940,-52891,-16951,18391,-6753,11638,13143,-7830,5313
2004-10-26T22:00:00Z,1.277,1.295,1.275,1.288,35940,-52891,-16951,18391,-6753,11638,13143,-7830,5313,NaN,NaN,NaN,NaN,72971,35940,-52891,-16951,18391,-6753,11638,13143,-7830,5313
2004-10-27T22:00:00Z,1.291,1.293,1.248,1.2535,35940,-52891,-16951,18391,-6753,11638,13143,-7830,5313,NaN,NaN,NaN,NaN,72971,35940,-52891,-16951,18391,-6753,11638,13143,-7830,5313
2004-10-28T22:00:00Z,1.254,1.3385,1.254,1.3375,35940,-52891,-16951,18391,-6753,11638,13143,-7830,5313,NaN,NaN,NaN,NaN,72971,35940,-52891,-16951,18391,-6753,11638,13143,-7830,5313
2004-10-31T23:00:00Z,1.332,1.335,1.305,1.3075,35940,-52891,-16951,18391,-6753,11638,13143,-7830,5313,NaN,NaN,NaN,NaN,72971,35940,-52891,-16951,18391,-6753,11638,13143,-7830,5313
2004-11-01T23:00:00Z,1.3085,1.325,1.302,1.3205,32607,-49241,-16634,18988,-6827,12161,12364,-7891,4473,NaN,NaN,NaN,NaN,69692,32607,-49241,-16634,18988,-6827,12161,12364,-7891,4473
2004-11-02T23:00:00Z,1.317,1.3345,1.313,1.33,32607,-49241,-16634,18988,-6827,12161,12364,-7891,4473,NaN,NaN,NaN,NaN,69692,32607,-49241,-16634,18988,-6827,12161,12364,-7891,4473
2004-11-03T23:00:00Z,1.33,1.358,1.327,1.349,32607,-49241,-16634,18988,-6827,12161,12364,-7891,4473,NaN,NaN,NaN,NaN,69692,32607,-49241,-16634,18988,-6827,12161,12364,-7891,4473
2004-11-04T23:00:00Z,1.3475,1.375,1.341,1.363,32607,-49241,-16634,18988,-6827,12161,12364,-7891,4473,NaN,NaN,NaN,NaN,69692,32607,-49241,-16634,18988,-6827,12161,12364,-7891,4473
2004-11-07T23:00:00Z,1.366,1.378,1.355,1.3615,32607,-49241,-16634,18988,-6827,12161,12364,-7891,4473,NaN,NaN,NaN,NaN,69692,32607,-49241,-16634,18988,-6827,12161,12364,-7891,4473
2004-11-08T23:00:00Z,1.3615,1.3775,1.343,1.3755,33039,-54440,-21401,22239,-7630,14609,14039,-7247,6792,NaN,NaN,NaN,NaN,75539,33039,-54440,-21401,22239,-7630,14609,14039,-7247,6792
2004-11-09T23:00:00Z,1.372,1.384,1.351,1.363,33039,-54440,-21401,22239,-7630,14609,14039,-7247,6792,NaN,NaN,NaN,NaN,75539,33039,-54440,-21401,22239,-7630,14609,14039,-7247,6792
2004-11-10T23:00:00Z,1.3625,1.387,1.359,1.3725,33039,-54440,-21401,22239,-7630,14609,14039,-7247,6792,NaN,NaN,NaN,NaN,75539,33039,-54440,-21401,22239,-7630,14609,14039,-7247,6792
2004-11-11T23:00:00Z,1.373,1.396,1.37,1.3945,33039,-54440,-21401,22239,-7630,14609,14039,-7247,6792,NaN,NaN,NaN,NaN,75539,33039,-54440,-21401,22239,-7630,14609,14039,-7247,6792
2004-11-14T23:00:00Z,1.396,1.397,1.375,1.3875,33039,-54440,-21401,22239,-7630,14609,14039,-7247,6792,NaN,NaN,NaN,NaN,75539,33039,-54440,-21401,22239,-7630,14609,14039,-7247,6792
2004-11-15T23:00:00Z,1.3885,1.389,1.352,1.369,33666,-56454,-22788,25259,-9220,16039,14297,-7548,6749,NaN,NaN,NaN,NaN,80861,33666,-56454,-22788,25259,-9220,16039,14297,-7548,6749
2004-11-16T23:00:00Z,1.365,1.4115,1.364,1.4105,33666,-56454,-22788,25259,-9220,16039,14297,-7548,6749,NaN,NaN,NaN,NaN,80861,33666,-56454,-22788,25259,-9220,16039,14297,-7548,6749
2004-11-17T23:00:00Z,1.405,1.432,1.405,1.425,33666,-56454,-22788,25259,-9220,16039,14297,-7548,6749,NaN,NaN,NaN,NaN,80861,33666,-56454,-22788,25259,-9220,16039,14297,-7548,6749
2004-11-18T23:00:00Z,1.424,1.433,1.408,1.432,33666,-56454,-22788,25259,-9220,16039,14297,-7548,6749,NaN,NaN,NaN,NaN,80861,33666,-56454,-22788,25259,-9220,16039,14297,-7548,6749
2004-11-21T23:00:00Z,1.427,1.427,1.39,1.409,33666,-56454,-22788,25259,-9220,16039,14297,-7548,6749,NaN,NaN,NaN,NaN,80861,33666,-56454,-22788,25259,-9220,16039,14297,-7548,6749
2004-11-22T23:00:00Z,1.407,1.425,1.4,1.4175,35802,-67272,-31470,32589,-7683,24906,14280,-7716,6564,NaN,NaN,NaN,NaN,93862,35802,-67272,-31470,32589,-7683,24906,14280,-7716,6564
2004-11-23T23:00:00Z,1.4145,1.442,1.412,1.4385,35802,-67272,-31470,32589,-7683,24906,14280,-7716,6564,NaN,NaN,NaN,NaN,93862,35802,-67272,-31470,32589,-7683,24906,14280,-7716,6564
2004-11-28T23:00:00Z,1.4275,1.452,1.417,1.4405,35802,-67272,-31470,32589,-7683,24906,14280,-7716,6564,NaN,NaN,NaN,NaN,93862,35802,-67272,-31470,32589,-7683,24906,14280,-7716,6564
2004-11-29T23:00:00Z,1.439,1.448,1.424,1.434,34493,-69414,-34921,36871,-8609,28262,13701,-7042,6659,NaN,NaN,NaN,NaN,97637,34493,-69414,-34921,36871,-8609,28262,13701,-7042,6659
2004-11-30T23:00:00Z,1.439,1.445,1.418,1.4395,34493,-69414,-34921,36871,-8609,28262,13701,-7042,6659,NaN,NaN,NaN,NaN,97637,34493,-69414,-34921,36871,-8609,28262,13701,-7042,6659
2004-12-01T23:00:00Z,1.439,1.443,1.37,1.375,34493,-69414,-34921,36871,-8609,28262,13701,-7042,6659,NaN,NaN,NaN,NaN,97637,34493,-69414,-34921,36871,-8609,28262,13701,-7042,6659
2004-12-02T23:00:00Z,1.375,1.393,1.361,1.3915,34493,-69414,-34921,36871,-8609,28262,13701,-7042,6659,NaN,NaN,NaN,NaN,97637,34493,-69414,-34921,36871,-8609,28262,13701,-7042,6659
2004-12-05T23:00:00Z,1.39,1.39,1.365,1.3845,34493,-69414,-34921,36871,-8609,28262,13701,-7042,6659,NaN,NaN,NaN,NaN,97637,34493,-69414,-34921,36871,-8609,28262,13701,-7042,6659
2004-12-06T23:00:00Z,1.384,1.395,1.341,1.352,34918,-64879,-29961,30004,-6004,24000,13220,-7259,5961,NaN,NaN,NaN,NaN,90604,34918,-64879,-29961,30004,-6004,24000,13220,-7259,5961
2004-12-07T23:00:00Z,1.352,1.36,1.298,1.3155,34918,-64879,-29961,30004,-6004,24000,13220,-7259,5961,NaN,NaN,NaN,NaN,90604,34918,-64879,-29961,30004,-6004,24000,13220,-7259,5961
2004-12-08T23:00:00Z,1.3155,1.328,1.299,1.3185,34918,-64879,-29961,30004,-6004,24000,13220,-7259,5961,NaN,NaN,NaN,NaN,90604,34918,-64879,-29961,30004,-6004,24000,13220,-7259,5961
2004-12-09T23:00:00Z,1.32,1.333,1.3075,1.3275,34918,-64879,-29961,30004,-6004,24000,13220,-7259,5961,NaN,NaN,NaN,NaN,90604,34918,-64879,-29961,30004,-6004,24000,13220,-7259,5961
2004-12-12T23:00:00Z,1.335,1.364,1.332,1.3565,34918,-64879,-29961,30004,-6004,24000,13220,-7259,5961,NaN,NaN,NaN,NaN,90604,34918,-64879,-29961,30004,-6004,24000,13220,-7259,5961
2004-12-13T23:00:00Z,1.3565,1.372,1.3465,1.364,36117,-62708,-26591,25559,-4949,20610,12582,-6601,5981,NaN,NaN,NaN,NaN,83533,36117,-62708,-26591,25559,-4949,20610,12582,-6601,5981
2004-12-14T23:00:00Z,1.364,1.388,1.3575,1.3865,36117,-62708,-26591,25559,-4949,20610,12582,-6601,5981,NaN,NaN,NaN,NaN,83533,36117,-62708,-26591,25559,-4949,20610,12582,-6601,5981
2004-12-15T23:00:00Z,1.386,1.408,1.379,1.39,36117,-62708,-26591,25559,-4949,20610,12582,-6601,5981,NaN,NaN,NaN,NaN,83533,36117,-62708,-26591,25559,-4949,20610,12582,-6601,5981
2004-12-16T23:00:00Z,1.389,1.4,1.382,1.3995,36117,-62708,-26591,25559,-4949,20610,12582,-6601,5981,NaN,NaN,NaN,NaN,83533,36117,-62708,-26591,25559,-4949,20610,12582,-6601,5981
2004-12-19T23:00:00Z,1.3935,1.421,1.3935,1.4205,36117,-62708,-26591,25559,-4949,20610,12582,-6601,5981,NaN,NaN,NaN,NaN,83533,36117,-62708,-26591,25559,-4949,20610,12582,-6601,5981
2004-12-20T23:00:00Z,1.417,1.444,1.402,1.4425,34985,-64693,-29708,28721,-5504,23217,12939,-6448,6491,NaN,NaN,NaN,NaN,86174,34985,-64693,-29708,28721,-5504,23217,12939,-6448,6491
2004-12-21T23:00:00Z,1.4425,1.456,1.403,1.4095,34985,-64693,-29708,28721,-5504,23217,12939,-6448,6491,NaN,NaN,NaN,NaN,86174,34985,-64693,-29708,28721,-5504,23217,12939,-6448,6491
2004-12-22T23:00:00Z,1.405,1.425,1.396,1.4225,34985,-64693,-29708,28721,-5504,23217,12939,-6448,6491,NaN,NaN,NaN,NaN,86174,34985,-64693,-29708,28721,-5504,23217,12939,-6448,6491
2004-12-26T23:00:00Z,1.43,1.44,1.422,1.4395,34985,-64693,-29708,28721,-5504,23217,12939,-6448,6491,NaN,NaN,NaN,NaN,86174,34985,-64693,-29708,28721,-5504,23217,12939,-6448,6491
2004-12-27T23:00:00Z,1.4395,1.454,1.4315,1.453,34586,-68186,-33600,33281,-6758,26523,14454,-7377,7077,NaN,NaN,NaN,NaN,93230,34586,-68186,-33600,33281,-6758,26523,14454,-7377,7077
2004-12-28T23:00:00Z,1.451,1.453,1.433,1.445,34586,-68186,-33600,33281,-6758,26523,14454,-7377,7077,NaN,NaN,NaN,NaN,93230,34586,-68186,-33600,33281,-6758,26523,14454,-7377,7077
2004-12-29T23:00:00Z,1.445,1.455,1.44,1.4525,34586,-68186,-33600,33281,-6758,26523,14454,-7377,7077,NaN,NaN,NaN,NaN,93230,34586,-68186,-33600,33281,-6758,26523,14454,-7377,7077
2005-01-02T23:00:00Z,1.4565,1.4775,1.439,1.4735,34586,-68186,-33600,33281,-6758,26523,14454,-7377,7077,NaN,NaN,NaN,NaN,93230,34586,-68186,-33600,33281,-6758,26523,14454,-7377,7077
2005-01-03T23:00:00Z,1.4725,1.4725,1.3235,1.343,35911,-62023,-26112,26545,-6281,20264,13494,-7646,5848,NaN,NaN,NaN,NaN,87161,35911,-62023,-26112,26545,-6281,20264,13494,-7646,5848
2005-01-04T23:00:00Z,1.348,1.375,1.3375,1.375,35911,-62023,-26112,26545,-6281,20264,13494,-7646,5848,NaN,NaN,NaN,NaN,87161,35911,-62023,-26112,26545,-6281,20264,13494,-7646,5848
2005-01-05T23:00:00Z,1.375,1.389,1.361,1.375,35911,-62023,-26112,26545,-6281,20264,13494,-7646,5848,NaN,NaN,NaN,NaN,87161,35911,-62023,-26112,26545,-6281,20264,13494,-7646,5848
2005-01-06T23:00:00Z,1.375,1.388,1.3655,1.37,35911,-62023,-26112,26545,-6281,20264,13494,-7646,5848,NaN,NaN,NaN,NaN,87161,35911,-62023,-26112,26545,-6281,20264,13494,-7646,5848
2005-01-09T23:00:00Z,1.368,1.378,1.36,1.3695,35911,-62023,-26112,26545,-6281,20264,13494,-7646,5848,NaN,NaN,NaN,NaN,87161,35911,-62023,-26112,26545,-6281,20264,13494,-7646,5848
2005-01-10T23:00:00Z,1.37,1.405,1.369,1.397,34815,-59085,-24270,23188,-5116,18072,12710,-6512,6198,NaN,NaN,NaN,NaN,81259,34815,-59085,-24270,23188,-5116,18072,12710,-6512,6198
2005-01-11T23:00:00Z,1.4,1.414,1.3905,1.404,34815,-59085,-24270,23188,-5116,18072,12710,-6512,6198,NaN,NaN,NaN,NaN,81259,34815,-59085,-24270,23188,-5116,18072,12710,-6512,6198
2005-01-12T23:00:00Z,1.4025,1.404,1.376,1.381,34815,-59085,-24270,23188,-5116,18072,12710,-6512,6198,NaN,NaN,NaN,NaN,81259,34815,-59085,-24270,23188,-5116,18072,12710,-6512,6198
2005-01-13T23:00:00Z,1.381,1.4,1.375,1.399,34815,-59085,-24270,23188,-5116,18072,12710,-6512,6198,NaN,NaN,NaN,NaN,81259,34815,-59085,-24270,23188,-5116,18072,12710,-6512,6198
2005-01-17T23:00:00Z,1.399,1.405,1.372,1.4015,34140,-57434,-23294,23417,-5836,17581,13087,-7374,5713,NaN,NaN,NaN,NaN,81248,34140,-57434,-23294,23417,-5836,17581,13087,-7374,5713
2005-01-18T23:00:00Z,1.4,1.423,1.4,1.4095,34140,-57434,-23294,23417,-5836,17581,13087,-7374,5713,NaN,NaN,NaN,NaN,81248,34140,-57434,-23294,23417,-5836,17581,13087,-7374,5713
2005-01-19T23:00:00Z,1.4045,1.415,1.397,1.415,34140,-57434,-23294,23417,-5836,17581,13087,-7374,5713,NaN,NaN,NaN,NaN,81248,34140,-57434,-23294,23417,-5836,17581,13087,-7374,5713
2005-01-20T23:00:00Z,1.4135,1.44,1.411,1.4345,34140,-57434,-23294,23417,-5836,17581,13087,-7374,5713,NaN,NaN,NaN,NaN,81248,34140,-57434,-23294,23417,-5836,17581,13087,-7374,5713
2005-01-23T23:00:00Z,1.435,1.451,1.424,1.43,34140,-57434,-23294,23417,-5836,17581,13087,-7374,5713,NaN,NaN,NaN,NaN,81248,34140,-57434,-23294,23417,-5836,17581,13087,-7374,5713
2005-01-24T23:00:00Z,1.427,1.436,1.41,1.429,33376,-59393,-26017,27127,-7247,19880,13843,-7706,6137,NaN,NaN,NaN,NaN,87458,33376,-59393,-26017,27127,-7247,19880,13843,-7706,6137
2005-01-25T23:00:00Z,1.427,1.437,1.412,1.4355,33376,-59393,-26017,27127,-7247,19880,13843,-7706,6137,NaN,NaN,NaN,NaN,87458,33376,-59393,-26017,27127,-7247,19880,13843,-7706,6137
2005-01-26T23:00:00Z,1.433,1.438,1.413,1.427,33376,-59393,-26017,27127,-7247,19880,13843,-7706,6137,NaN,NaN,NaN,NaN,87458,33376,-59393,-26017,27127,-7247,19880,13843,-7706,6137
2005-01-27T23:00:00Z,1.427,1.445,1.426,1.4385,33376,-59393,-26017,27127,-7247,19880,13843,-7706,6137,NaN,NaN,NaN,NaN,87458,33376,-59393,-26017,27127,-7247,19880,13843,-7706,6137
2005-01-30T23:00:00Z,1.439,1.439,1.423,1.435,33376,-59393,-26017,27127,-7247,19880,13843,-7706,6137,NaN,NaN,NaN,NaN,87458,33376,-59393,-26017,27127,-7247,19880,13843,-7706,6137
2005-01-31T23:00:00Z,1.435,1.437,1.403,1.416,34894,-57507,-22613,26801,-9486,17315,13967,-8669,5298,NaN,NaN,NaN,NaN,88810,34894,-57507,-22613,26801,-9486,17315,13967,-8669,5298
2005-02-01T23:00:00Z,1.416,1.4215,1.386,1.3935,34894,-57507,-22613,26801,-9486,17315,13967,-8669,5298,NaN,NaN,NaN,NaN,88810,34894,-57507,-22613,26801,-9486,17315,13967,-8669,5298
2005-02-02T23:00:00Z,1.3965,1.397,1.356,1.3885,34894,-57507,-22613,26801,-9486,17315,13967,-8669,5298,NaN,NaN,NaN,NaN,88810,34894,-57507,-22613,26801,-9486,17315,13967,-8669,5298
2005-02-03T23:00:00Z,1.3885,1.3975,1.368,1.3755,34894,-57507,-22613,26801,-9486,17315,13967,-8669,5298,NaN,NaN,NaN,NaN,88810,34894,-57507,-22613,26801,-9486,17315,13967,-8669,5298
2005-02-06T23:00:00Z,1.3695,1.401,1.3695,1.3885,34894,-57507,-22613,26801,-9486,17315,13967,-8669,5298,NaN,NaN,NaN,NaN,88810,34894,-57507,-22613,26801,-9486,17315,13967,-8669,5298
2005-02-07T23:00:00Z,1.3895,1.394,1.373,1.388,36340,-55441,-19101,23230,-8412,14818,13690,-9407,4283,NaN,NaN,NaN,NaN,85163,36340,-55441,-19101,23230,-8412,14818,13690,-9407,4283
2005-02-08T23:00:00Z,1.388,1.393,1.371,1.387,36340,-55441,-19101,23230,-8412,14818,13690,-9407,4283,NaN,NaN,NaN,NaN,85163,36340,-55441,-19101,23230,-8412,14818,13690,-9407,4283
2005-02-09T23:00:00Z,1.387,1.428,1.382,1.425,36340,-55441,-19101,23230,-8412,14818,13690,-9407,4283,NaN,NaN,NaN,NaN,85163,36340,-55441,-19101,23230,-8412,14818,13690,-9407,4283
2005-02-10T23:00:00Z,1.425,1.425,1.408,1.4225,36340,-55441,-19101,23230,-8412,14818,13690,-9407,4283,NaN,NaN,NaN,NaN,85163,36340,-55441,-19101,23230,-8412,14818,13690,-9407,4283
2005-02-13T23:00:00Z,1.4215,1.448,1.42,1.4395,36340,-55441,-19101,23230,-8412,14818,13690,-9407,4283,NaN,NaN,NaN,NaN,85163,36340,-55441,-19101,23230,-8412,14818,13690,-9407,4283
2005-02-14T23:00:00Z,1.4395,1.4595,1.439,1.4585,35518,-64287,-28769,32781,-12154,20627,15899,-7757,8142,NaN,NaN,NaN,NaN,95044,35518,-64287,-28769,32781,-12154,20627,15899,-7757,8142
2005-02-15T23:00:00Z,1.4565,1.4565,1.425,1.448,35518,-64287,-28769,32781,-12154,20627,15899,-7757,8142,NaN,NaN,NaN,NaN,95044,35518,-64287,-28769,32781,-12154,20627,15899,-7757,8142
2005-02-16T23:00:00Z,1.448,1.5,1.434,1.4935,35518,-64287,-28769,32781,-12154,20627,15899,-7757,8142,NaN,NaN,NaN,NaN,95044,35518,-64287,-28769,32781,-12154,20627,15899,-7757,8142
2005-02-17T23:00:00Z,1.495,1.4965,1.476,1.492,35518,-64287,-28769,32781,-12154,20627,15899,-7757,8142,NaN,NaN,NaN,NaN,95044,35518,-64287,-28769,32781,-12154,20627,15899,-7757,8142
2005-02-21T23:00:00Z,1.49,1.505,1.48,1.4895,36408,-70565,-34157,44160,-16442,27718,15013,-8574,6439,NaN,NaN,NaN,NaN,108804,36408,-70565,-34157,44160,-16442,27718,15013,-8574,6439
2005-02-22T23:00:00Z,1.486,1.502,1.474,1.5,36408,-70565,-34157,44160,-16442,27718,15013,-8574,6439,NaN,NaN,NaN,NaN,108804,36408,-70565,-34157,44160,-16442,27718,15013,-8574,6439
2005-02-23T23:00:00Z,1.498,1.5,1.46,1.483,36408,-70565,-34157,44160,-16442,27718,15013,-8574,6439,NaN,NaN,NaN,NaN,108804,36408,-70565,-34157,44160,-16442,27718,15013,-8574,6439
2005-02-24T23:00:00Z,1.48,1.487,1.444,1.486,36408,-70565,-34157,44160,-16442,27718,15013,-8574,6439,NaN,NaN,NaN,NaN,108804,36408,-70565,-34157,44160,-16442,27718,15013,-8574,6439
2005-02-27T23:00:00Z,1.4825,1.508,1.481,1.4985,36408,-70565,-34157,44160,-16442,27718,15013,-8574,6439,NaN,NaN,NaN,NaN,108804,36408,-70565,-34157,44160,-16442,27718,15013,-8574,6439
2005-02-28T23:00:00Z,1.5,1.5,1.458,1.4645,34259,-73780,-39521,49255,-16029,33226,15283,-8988,6295,NaN,NaN,NaN,NaN,112973,34259,-73780,-39521,49255,-16029,33226,15283,-8988,6295
2005-03-01T23:00:00Z,1.464,1.483,1.442,1.477,34259,-73780,-39521,49255,-16029,33226,15283,-8988,6295,NaN,NaN,NaN,NaN,112973,34259,-73780,-39521,49255,-16029,33226,15283,-8988,6295
2005-03-02T23:00:00Z,1.476,1.486,1.464,1.476,34259,-73780,-39521,49255,-16029,33226,15283,-8988,6295,NaN,NaN,NaN,NaN,112973,34259,-73780,-39521,49255,-16029,33226,15283,-8988,6295
2005-03-03T23:00:00Z,1.474,1.507,1.465,1.494,34259,-73780,-39521,49255,-16029,33226,15283,-8988,6295,NaN,NaN,NaN,NaN,112973,34259,-73780,-39521,49255,-16029,33226,15283,-8988,6295
2005-03-06T23:00:00Z,1.494,1.504,1.482,1.4965,34259,-73780,-39521,49255,-16029,33226,15283,-8988,6295,NaN,NaN,NaN,NaN,112973,34259,-73780,-39521,49255,-16029,33226,15283,-8988,6295
2005-03-07T23:00:00Z,1.4935,1.521,1.4885,1.4995,33924,-76113,-42189,52332,-16243,36089,16180,-10080,6100,NaN,NaN,NaN,NaN,118035,33924,-76113,-42189,52332,-16243,36089,16180,-10080,6100
2005-03-08T23:00:00Z,1.498,1.51,1.477,1.5035,33924,-76113,-42189,52332,-16243,36089,16180,-10080,6100,NaN,NaN,NaN,NaN,118035,33924,-76113,-42189,52332,-16243,36089,16180,-10080,6100
2005-03-09T23:00:00Z,1.5035,1.508,1.475,1.496,33924,-76113,-42189,52332,-16243,36089,16180,-10080,6100,NaN,NaN,NaN,NaN,118035,33924,-76113,-42189,52332,-16243,36089,16180,-10080,6100
2005-03-10T23:00:00Z,1.495,1.495,1.456,1.479,33924,-76113,-42189,52332,-16243,36089,16180,-10080,6100,NaN,NaN,NaN,NaN,118035,33924,-76113,-42189,52332,-16243,36089,16180,-10080,6100
2005-03-13T23:00:00Z,1.476,1.486,1.455,1.4705,33924,-76113,-42189,52332,-16243,36089,16180,-10080,6100,NaN,NaN,NaN,NaN,118035,33924,-76113,-42189,52332,-16243,36089,16180,-10080,6100
2005-03-14T23:00:00Z,1.47,1.505,1.465,1.4905,34188,-69853,-35665,46771,-15983,30788,15700,-10823,4877,NaN,NaN,NaN,NaN,114956,34188,-69853,-35665,46771,-15983,30788,15700,-10823,4877
2005-03-15T23:00:00Z,1.489,1.514,1.483,1.506,34188,-69853,-35665,46771,-15983,30788,15700,-10823,4877,NaN,NaN,NaN,NaN,114956,34188,-69853,-35665,46771,-15983,30788,15700,-10823,4877
2005-03-16T23:00:00Z,1.506,1.51,1.4925,1.5045,34188,-69853,-35665,46771,-15983,30788,15700,-10823,4877,NaN,NaN,NaN,NaN,114956,34188,-69853,-35665,46771,-15983,30788,15700,-10823,4877
2005-03-17T23:00:00Z,1.502,1.519,1.487,1.507,34188,-69853,-35665,46771,-15983,30788,15700,-10823,4877,NaN,NaN,NaN,NaN,114956,34188,-69853,-35665,46771,-15983,30788,15700,-10823,4877
2005-03-20T23:00:00Z,1.507,1.5125,1.472,1.489,34188,-69853,-35665,46771,-15983,30788,15700,-10823,4877,NaN,NaN,NaN,NaN,114956,34188,-69853,-35665,46771,-15983,30788,15700,-10823,4877
2005-03-21T23:00:00Z,1.49,1.508,1.484,1.4975,34197,-68579,-34382,47101,-16870,30231,16377,-12226,4151,NaN,NaN,NaN,NaN,120517,34197,-68579,-34382,47101,-16870,30231,16377,-12226,4151
2005-03-22T23:00:00Z,1.496,1.5,1.443,1.4445,34197,-68579,-34382,47101,-16870,30231,16377,-12226,4151,NaN,NaN,NaN,NaN,120517,34197,-68579,-34382,47101,-16870,30231,16377,-12226,4151
2005-03-23T23:00:00Z,1.45,1.467,1.442,1.4535,34197,-68579,-34382,47101,-16870,30231,16377,-12226,4151,NaN,NaN,NaN,NaN,120517,34197,-68579,-34382,47101,-16870,30231,16377,-12226,4151
2005-03-27T23:00:00Z,1.46,1.4665,1.4485,1.4545,34197,-68579,-34382,47101,-16870,30231,16377,-12226,4151,NaN,NaN,NaN,NaN,120517,34197,-68579,-34382,47101,-16870,30231,16377,-12226,4151
2005-03-28T23:00:00Z,1.455,1.478,1.451,1.4705,34543,-63062,-28519,40691,-15086,25605,15345,-12431,2914,NaN,NaN,NaN,NaN,114349,34543,-63062,-28519,40691,-15086,25605,15345,-12431,2914
2005-03-29T23:00:00Z,1.468,1.493,1.46,1.492,34543,-63062,-28519,40691,-15086,25605,15345,-12431,2914,NaN,NaN,NaN,NaN,114349,34543,-63062,-28519,40691,-15086,25605,15345,-12431,2914
2005-03-30T23:00:00Z,1.488,1.516,1.488,1.5025,34543,-63062,-28519,40691,-15086,25605,15345,-12431,2914,NaN,NaN,NaN,NaN,114349,34543,-63062,-28519,40691,-15086,25605,15345,-12431,2914
2005-03-31T23:00:00Z,1.5,1.505,1.471,1.4845,34543,-63062,-28519,40691,-15086,25605,15345,-12431,2914,NaN,NaN,NaN,NaN,114349,34543,-63062,-28519,40691,-15086,25605,15345,-12431,2914
2005-04-03T22:00:00Z,1.48,1.496,1.47,1.495,34543,-63062,-28519,40691,-15086,25605,15345,-12431,2914,NaN,NaN,NaN,NaN,114349,34543,-63062,-28519,40691,-15086,25605,15345,-12431,2914
2005-04-04T22:00:00Z,1.494,1.494,1.4645,1.4845,35825,-66798,-30973,43081,-15554,27527,16255,-12809,3446,NaN,NaN,NaN,NaN,119690,35825,-66798,-30973,43081,-15554,27527,16255,-12809,3446
2005-04-05T22:00:00Z,1.4815,1.512,1.4765,1.5085,35825,-66798,-30973,43081,-15554,27527,16255,-12809,3446,NaN,NaN,NaN,NaN,119690,35825,-66798,-30973,43081,-15554,27527,16255,-12809,3446
2005-04-06T22:00:00Z,1.5075,1.514,1.5,1.5065,35825,-66798,-30973,43081,-15554,27527,16255,-12809,3446,NaN,NaN,NaN,NaN,119690,35825,-66798,-30973,43081,-15554,27527,16255,-12809,3446
2005-04-07T22:00:00Z,1.501,1.5135,1.494,1.5075,35825,-66798,-30973,43081,-15554,27527,16255,-12809,3446,NaN,NaN,NaN,NaN,119690,35825,-66798,-30973,43081,-15554,27527,16255,-12809,3446
2005-04-10T22:00:00Z,1.5065,1.5275,1.5035,1.525,35825,-66798,-30973,43081,-15554,27527,16255,-12809,3446,NaN,NaN,NaN,NaN,119690,35825,-66798,-30973,43081,-15554,27527,16255,-12809,3446
2005-04-11T22:00:00Z,1.525,1.536,1.493,1.496,41964,-74093,-32129,46134,-17988,28146,18521,-14538,3983,NaN,NaN,NaN,NaN,132104,41964,-74093,-32129,46134,-17988,28146,18521,-14538,3983
2005-04-12T22:00:00Z,1.495,1.5,1.443,1.4595,41964,-74093,-32129,46134,-17988,28146,18521,-14538,3983,NaN,NaN,NaN,NaN,132104,41964,-74093,-32129,46134,-17988,28146,18521,-14538,3983
2005-04-13T22:00:00Z,1.456,1.46,1.41,1.4285,41964,-74093,-32129,46134,-17988,28146,18521,-14538,3983,NaN,NaN,NaN,NaN,132104,41964,-74093,-32129,46134,-17988,28146,18521,-14538,3983
2005-04-14T22:00:00Z,1.426,1.456,1.425,1.445,41964,-74093,-32129,46134,-17988,28146,18521,-14538,3983,NaN,NaN,NaN,NaN,132104,41964,-74093,-32129,46134,-17988,28146,18521,-14538,3983
2005-04-17T22:00:00Z,1.4405,1.46,1.426,1.445,41964,-74093,-32129,46134,-17988,28146,18521,-14538,3983,NaN,NaN,NaN,NaN,132104,41964,-74093,-32129,46134,-17988,28146,18521,-14538,3983
2005-04-18T22:00:00Z,1.45,1.474,1.443,1.4715,48053,-69554,-21501,32513,-13873,18640,14514,-11653,2861,NaN,NaN,NaN,NaN,117163,48053,-69554,-21501,32513,-13873,18640,14514,-11653,2861
2005-04-19T22:00:00Z,1.471,1.511,1.471,1.5095,48053,-69554,-21501,32513,-13873,18640,14514,-11653,2861,NaN,NaN,NaN,NaN,117163,48053,-69554,-21501,32513,-13873,18640,14514,-11653,2861
2005-04-20T22:00:00Z,1.5095,1.51,1.4715,1.4835,48053,-69554,-21501,32513,-13873,18640,14514,-11653,2861,NaN,NaN,NaN,NaN,117163,48053,-69554,-21501,32513,-13873,18640,14514,-11653,2861
2005-04-21T22:00:00Z,1.483,1.497,1.48,1.488,48053,-69554,-21501,32513,-13873,18640,14514,-11653,2861,NaN,NaN,NaN,NaN,117163,48053,-69554,-21501,32513,-13873,18640,14514,-11653,2861
2005-04-24T22:00:00Z,1.486,1.491,1.458,1.4895,48053,-69554,-21501,32513,-13873,18640,14514,-11653,2861,NaN,NaN,NaN,NaN,117163,48053,-69554,-21501,32513,-13873,18640,14514,-11653,2861
2005-04-25T22:00:00Z,1.4895,1.496,1.46,1.4665,44690,-69374,-24684,35217,-12857,22360,14429,-12105,2324,NaN,NaN,NaN,NaN,116212,44690,-69374,-24684,35217,-12857,22360,14429,-12105,2324
2005-04-26T22:00:00Z,1.463,1.47,1.432,1.458,44690,-69374,-24684,35217,-12857,22360,14429,-12105,2324,NaN,NaN,NaN,NaN,116212,44690,-69374,-24684,35217,-12857,22360,14429,-12105,2324
2005-04-27T22:00:00Z,1.44,1.447,1.425,1.444,44690,-69374,-24684,35217,-12857,22360,14429,-12105,2324,NaN,NaN,NaN,NaN,116212,44690,-69374,-24684,35217,-12857,22360,14429,-12105,2324
2005-04-28T22:00:00Z,1.439,1.4685,1.43,1.464,44690,-69374,-24684,35217,-12857,22360,14429,-12105,2324,NaN,NaN,NaN,NaN,116212,44690,-69374,-24684,35217,-12857,22360,14429,-12105,2324
2005-05-01T22:00:00Z,1.4595,1.4625,1.438,1.455,44690,-69374,-24684,35217,-12857,22360,14429,-12105,2324,NaN,NaN,NaN,NaN,116212,44690,-69374,-24684,35217,-12857,22360,14429,-12105,2324
2005-05-02T22:00:00Z,1.452,1.455,1.432,1.4435,40641,-60388,-19747,34649,-15269,19380,12611,-12244,367,NaN,NaN,NaN,NaN,107401,40641,-60388,-19747,34649,-15269,19380,12611,-12244,367
2005-05-03T22:00:00Z,1.441,1.455,1.409,1.429,40641,-60388,-19747,34649,-15269,19380,12611,-12244,367,NaN,NaN,NaN,NaN,107401,40641,-60388,-19747,34649,-15269,19380,12611,-12244,367
2005-05-04T22:00:00Z,1.43,1.442,1.416,1.43,40641,-60388,-19747,34649,-15269,19380,12611,-12244,367,NaN,NaN,NaN,NaN,107401,40641,-60388,-19747,34649,-15269,19380,12611,-12244,367
2005-05-05T22:00:00Z,1.433,1.45,1.426,1.441,40641,-60388,-19747,34649,-15269,19380,12611,-12244,367,NaN,NaN,NaN,NaN,107401,40641,-60388,-19747,34649,-15269,19380,12611,-12244,367
2005-05-08T22:00:00Z,1.4365,1.462,1.435,1.4465,40641,-60388,-19747,34649,-15269,19380,12611,-12244,367,NaN,NaN,NaN,NaN,107401,40641,-60388,-19747,34649,-15269,19380,12611,-12244,367
2005-05-09T22:00:00Z,1.447,1.46,1.4425,1.457,40762,-57550,-16788,31653,-14769,16884,12093,-12189,-96,NaN,NaN,NaN,NaN,104321,40762,-57550,-16788,31653,-14769,16884,12093,-12189,-96
2005-05-10T22:00:00Z,1.456,1.458,1.433,1.4425,40762,-57550,-16788,31653,-14769,16884,12093,-12189,-96,NaN,NaN,NaN,NaN,104321,40762,-57550,-16788,31653,-14769,16884,12093,-12189,-96
2005-05-11T22:00:00Z,1.442,1.442,1.37,1.376,40762,-57550,-16788,31653,-14769,16884,12093,-12189,-96,NaN,NaN,NaN,NaN,104321,40762,-57550,-16788,31653,-14769,16884,12093,-12189,-96
2005-05-12T22:00:00Z,1.381,1.385,1.344,1.3525,40762,-57550,-16788,31653,-14769,16884,12093,-12189,-96,NaN,NaN,NaN,NaN,104321,40762,-57550,-16788,31653,-14769,16884,12093,-12189,-96
2005-05-15T22:00:00Z,1.3585,1.3605,1.33,1.346,40762,-57550,-16788,31653,-14769,16884,12093,-12189,-96,NaN,NaN,NaN,NaN,104321,40762,-57550,-16788,31653,-14769,16884,12093,-12189,-96
2005-05-16T22:00:00Z,1.351,1.362,1.331,1.3485,45046,-48735,-3689,20525,-17204,3321,12864,-12496,368,NaN,NaN,NaN,NaN,94172,45046,-48735,-3689,20525,-17204,3321,12864,-12496,368
2005-05-17T22:00:00Z,1.3485,1.378,1.346,1.376,45046,-48735,-3689,20525,-17204,3321,12864,-12496,368,NaN,NaN,NaN,NaN,94172,45046,-48735,-3689,20525,-17204,3321,12864,-12496,368
2005-05-18T22:00:00Z,1.374,1.381,1.361,1.363,45046,-48735,-3689,20525,-17204,3321,12864,-12496,368,NaN,NaN,NaN,NaN,94172,45046,-48735,-3689,20525,-17204,3321,12864,-12496,368
2005-05-19T22:00:00Z,1.36,1.379,1.353,1.375,45046,-48735,-3689,20525,-17204,3321,12864,-12496,368,NaN,NaN,NaN,NaN,94172,45046,-48735,-3689,20525,-17204,3321,12864,-12496,368
2005-05-22T22:00:00Z,1.37,1.395,1.358,1.3885,45046,-48735,-3689,20525,-17204,3321,12864,-12496,368,NaN,NaN,NaN,NaN,94172,45046,-48735,-3689,20525,-17204,3321,12864,-12496,368
2005-05-23T22:00:00Z,1.389,1.416,1.386,1.405,44147,-47335,-3188,20094,-16541,3553,12734,-13099,-365,NaN,NaN,NaN,NaN,91941,44147,-47335,-3188,20094,-16541,3553,12734,-13099,-365
2005-05-24T22:00:00Z,1.4065,1.42,1.402,1.4195,44147,-47335,-3188,20094,-16541,3553,12734,-13099,-365,NaN,NaN,NaN,NaN,91941,44147,-47335,-3188,20094,-16541,3553,12734,-13099,-365
2005-05-25T22:00:00Z,1.4175,1.455,1.408,1.4495,44147,-47335,-3188,20094,-16541,3553,12734,-13099,-365,NaN,NaN,NaN,NaN,91941,44147,-47335,-3188,20094,-16541,3553,12734,-13099,-365
2005-05-26T22:00:00Z,1.45,1.45,1.4425,1.444,44147,-47335,-3188,20094,-16541,3553,12734,-13099,-365,NaN,NaN,NaN,NaN,91941,44147,-47335,-3188,20094,-16541,3553,12734,-13099,-365
2005-05-30T22:00:00Z,1.44,1.458,1.4235,1.4565,43076,-52349,-9273,23327,-13835,9492,11469,-11688,-219,NaN,NaN,NaN,NaN,92253,43076,-52349,-9273,23327,-13835,9492,11469,-11688,-219
2005-05-31T22:00:00Z,1.453,1.488,1.44,1.4855,43076,-52349,-9273,23327,-13835,9492,11469,-11688,-219,NaN,NaN,NaN,NaN,92253,43076,-52349,-9273,23327,-13835,9492,11469,-11688,-219
2005-06-01T22:00:00Z,1.484,1.522,1.478,1.5165,43076,-52349,-9273,23327,-13835,9492,11469,-11688,-219,NaN,NaN,NaN,NaN,92253,43076,-52349,-9273,23327,-13835,9492,11469,-11688,-219
2005-06-02T22:00:00Z,1.5165,1.568,1.51,1.5575,43076,-52349,-9273,23327,-13835,9492,11469,-11688,-219,NaN,NaN,NaN,NaN,92253,43076,-52349,-9273,23327,-13835,9492,11469,-11688,-219
2005-06-05T22:00:00Z,1.555,1.58,1.553,1.564,43076,-52349,-9273,23327,-13835,9492,11469,-11688,-219,NaN,NaN,NaN,NaN,92253,43076,-52349,-9273,23327,-13835,9492,11469,-11688,-219
2005-06-06T22:00:00Z,1.5635,1.579,1.5395,1.543,40542,-59079,-18537,31621,-13609,18012,13700,-13175,525,NaN,NaN,NaN,NaN,99573,40542,-59079,-18537,31621,-13609,18012,13700,-13175,525
2005-06-07T22:00:00Z,1.543,1.552,1.529,1.546,40542,-59079,-18537,31621,-13609,18012,13700,-13175,525,NaN,NaN,NaN,NaN,99573,40542,-59079,-18537,31621,-13609,18012,13700,-13175,525
2005-06-08T22:00:00Z,1.5405,1.551,1.531,1.547,40542,-59079,-18537,31621,-13609,18012,13700,-13175,525,NaN,NaN,NaN,NaN,99573,40542,-59079,-18537,31621,-13609,18012,13700,-13175,525
2005-06-09T22:00:00Z,1.545,1.5625,1.5385,1.5625,40542,-59079,-18537,31621,-13609,18012,13700,-13175,525,NaN,NaN,NaN,NaN,99573,40542,-59079,-18537,31621,-13609,18012,13700,-13175,525
2005-06-12T22:00:00Z,1.5625,1.5675,1.533,1.5395,40542,-59079,-18537,31621,-13609,18012,13700,-13175,525,NaN,NaN,NaN,NaN,99573,40542,-59079,-18537,31621,-13609,18012,13700,-13175,525
2005-06-13T22:00:00Z,1.5395,1.5535,1.52,1.5265,41424,-62980,-21556,36892,-16080,20812,13923,-13179,744,NaN,NaN,NaN,NaN,104947,41424,-62980,-21556,36892,-16080,20812,13923,-13179,744
2005-06-14T22:00:00Z,1.526,1.554,1.5255,1.549,41424,-62980,-21556,36892,-16080,20812,13923,-13179,744,NaN,NaN,NaN,NaN,104947,41424,-62980,-21556,36892,-16080,20812,13923,-13179,744
2005-06-15T22:00:00Z,1.5515,1.585,1.547,1.5695,41424,-62980,-21556,36892,-16080,20812,13923,-13179,744,NaN,NaN,NaN,NaN,104947,41424,-62980,-21556,36892,-16080,20812,13923,-13179,744
2005-06-16T22:00:00Z,1.57,1.61,1.57,1.604,41424,-62980,-21556,36892,-16080,20812,13923,-13179,744,NaN,NaN,NaN,NaN,104947,41424,-62980,-21556,36892,-16080,20812,13923,-13179,744
2005-06-19T22:00:00Z,1.6,1.625,1.582,1.5875,41424,-62980,-21556,36892,-16080,20812,13923,-13179,744,NaN,NaN,NaN,NaN,104947,41424,-62980,-21556,36892,-16080,20812,13923,-13179,744
2005-06-20T22:00:00Z,1.583,1.6,1.571,1.5925,38069,-63875,-25806,42701,-19918,22783,15833,-12810,3023,NaN,NaN,NaN,NaN,112051,38069,-63875,-25806,42701,-19918,22783,15833,-12810,3023
2005-06-21T22:00:00Z,1.5935,1.5935,1.563,1.5845,38069,-63875,-25806,42701,-19918,22783,15833,-12810,3023,NaN,NaN,NaN,NaN,112051,38069,-63875,-25806,42701,-19918,22783,15833,-12810,3023
2005-06-22T22:00:00Z,1.581,1.586,1.538,1.5825,38069,-63875,-25806,42701,-19918,22783,15833,-12810,3023,NaN,NaN,NaN,NaN,112051,38069,-63875,-25806,42701,-19918,22783,15833,-12810,3023
2005-06-23T22:00:00Z,1.582,1.61,1.576,1.593,38069,-63875,-25806,42701,-19918,22783,15833,-12810,3023,NaN,NaN,NaN,NaN,112051,38069,-63875,-25806,42701,-19918,22783,15833,-12810,3023
2005-06-26T22:00:00Z,1.593,1.6,1.5845,1.598,38069,-63875,-25806,42701,-19918,22783,15833,-12810,3023,NaN,NaN,NaN,NaN,112051,38069,-63875,-25806,42701,-19918,22783,15833,-12810,3023
2005-06-27T22:00:00Z,1.599,1.601,1.5775,1.589,39069,-62180,-23111,41847,-21136,20711,15689,-13289,2400,NaN,NaN,NaN,NaN,112939,39069,-62180,-23111,41847,-21136,20711,15689,-13289,2400
2005-06-28T22:00:00Z,1.5445,1.564,1.526,1.562,39069,-62180,-23111,41847,-21136,20711,15689,-13289,2400,NaN,NaN,NaN,NaN,112939,39069,-62180,-23111,41847,-21136,20711,15689,-13289,2400
2005-06-29T22:00:00Z,1.558,1.574,1.505,1.51,39069,-62180,-23111,41847,-21136,20711,15689,-13289,2400,NaN,NaN,NaN,NaN,112939,39069,-62180,-23111,41847,-21136,20711,15689,-13289,2400
2005-06-30T22:00:00Z,1.515,1.526,1.46,1.4735,39069,-62180,-23111,41847,-21136,20711,15689,-13289,2400,NaN,NaN,NaN,NaN,112939,39069,-62180,-23111,41847,-21136,20711,15689,-13289,2400
2005-07-04T22:00:00Z,1.4785,1.512,1.4735,1.509,39755,-54135,-14380,33523,-20166,13357,13965,-12942,1023,NaN,NaN,NaN,NaN,102082,39755,-54135,-14380,33523,-20166,13357,13965,-12942,1023
2005-07-05T22:00:00Z,1.513,1.5385,1.506,1.53,39755,-54135,-14380,33523,-20166,13357,13965,-12942,1023,NaN,NaN,NaN,NaN,102082,39755,-54135,-14380,33523,-20166,13357,13965,-12942,1023
2005-07-06T22:00:00Z,1.528,1.5425,1.506,1.5355,39755,-54135,-14380,33523,-20166,13357,13965,-12942,1023,NaN,NaN,NaN,NaN,102082,39755,-54135,-14380,33523,-20166,13357,13965,-12942,1023
2005-07-07T22:00:00Z,1.535,1.566,1.528,1.556,39755,-54135,-14380,33523,-20166,13357,13965,-12942,1023,NaN,NaN,NaN,NaN,102082,39755,-54135,-14380,33523,-20166,13357,13965,-12942,1023
2005-07-10T22:00:00Z,1.558,1.582,1.547,1.561,39755,-54135,-14380,33523,-20166,13357,13965,-12942,1023,NaN,NaN,NaN,NaN,102082,39755,-54135,-14380,33523,-20166,13357,13965,-12942,1023
2005-07-11T22:00:00Z,1.562,1.568,1.525,1.539,39043,-55654,-16611,36722,-21641,15081,14535,-13005,1530,NaN,NaN,NaN,NaN,106406,39043,-55654,-16611,36722,-21641,15081,14535,-13005,1530
2005-07-12T22:00:00Z,1.539,1.5695,1.534,1.5495,39043,-55654,-16611,36722,-21641,15081,14535,-13005,1530,NaN,NaN,NaN,NaN,106406,39043,-55654,-16611,36722,-21641,15081,14535,-13005,1530
2005-07-13T22:00:00Z,1.5495,1.575,1.543,1.547,39043,-55654,-16611,36722,-21641,15081,14535,-13005,1530,NaN,NaN,NaN,NaN,106406,39043,-55654,-16611,36722,-21641,15081,14535,-13005,1530
2005-07-14T22:00:00Z,1.547,1.567,1.543,1.562,39043,-55654,-16611,36722,-21641,15081,14535,-13005,1530,NaN,NaN,NaN,NaN,106406,39043,-55654,-16611,36722,-21641,15081,14535,-13005,1530
2005-07-17T22:00:00Z,1.561,1.589,1.5585,1.5665,39043,-55654,-16611,36722,-21641,15081,14535,-13005,1530,NaN,NaN,NaN,NaN,106406,39043,-55654,-16611,36722,-21641,15081,14535,-13005,1530
2005-07-18T22:00:00Z,1.569,1.5875,1.557,1.5865,38690,-57185,-18495,39644,-22767,16877,15730,-14112,1618,NaN,NaN,NaN,NaN,111141,38690,-57185,-18495,39644,-22767,16877,15730,-14112,1618
2005-07-19T22:00:00Z,1.585,1.597,1.576,1.5915,38690,-57185,-18495,39644,-22767,16877,15730,-14112,1618,NaN,NaN,NaN,NaN,111141,38690,-57185,-18495,39644,-22767,16877,15730,-14112,1618
2005-07-20T22:00:00Z,1.591,1.606,1.567,1.57,38690,-57185,-18495,39644,-22767,16877,15730,-14112,1618,NaN,NaN,NaN,NaN,111141,38690,-57185,-18495,39644,-22767,16877,15730,-14112,1618
2005-07-21T22:00:00Z,1.575,1.6115,1.57,1.6035,38690,-57185,-18495,39644,-22767,16877,15730,-14112,1618,NaN,NaN,NaN,NaN,111141,38690,-57185,-18495,39644,-22767,16877,15730,-14112,1618
2005-07-24T22:00:00Z,1.6015,1.6195,1.601,1.618,38690,-57185,-18495,39644,-22767,16877,15730,-14112,1618,NaN,NaN,NaN,NaN,111141,38690,-57185,-18495,39644,-22767,16877,15730,-14112,1618
2005-07-25T22:00:00Z,1.6155,1.6205,1.602,1.606,38700,-56846,-18146,42350,-25531,16819,15832,-14505,1327,NaN,NaN,NaN,NaN,114252,38700,-56846,-18146,42350,-25531,16819,15832,-14505,1327
2005-07-26T22:00:00Z,1.606,1.635,1.601,1.627,38700,-56846,-18146,42350,-25531,16819,15832,-14505,1327,NaN,NaN,NaN,NaN,114252,38700,-56846,-18146,42350,-25531,16819,15832,-14505,1327
2005-07-27T22:00:00Z,1.626,1.654,1.616,1.649,38700,-56846,-18146,42350,-25531,16819,15832,-14505,1327,NaN,NaN,NaN,NaN,114252,38700,-56846,-18146,42350,-25531,16819,15832,-14505,1327
2005-07-28T22:00:00Z,1.649,1.654,1.636,1.6445,38700,-56846,-18146,42350,-25531,16819,15832,-14505,1327,NaN,NaN,NaN,NaN,114252,38700,-56846,-18146,42350,-25531,16819,15832,-14505,1327
2005-07-31T22:00:00Z,1.643,1.664,1.629,1.663,38700,-56846,-18146,42350,-25531,16819,15832,-14505,1327,NaN,NaN,NaN,NaN,114252,38700,-56846,-18146,42350,-25531,16819,15832,-14505,1327
2005-08-01T22:00:00Z,1.66,1.6675,1.646,1.6625,38363,-56950,-18587,46210,-28016,18194,15273,-14880,393,NaN,NaN,NaN,NaN,117895,38363,-56950,-18587,46210,-28016,18194,15273,-14880,393
2005-08-02T22:00:00Z,1.661,1.672,1.653,1.6715,38363,-56950,-18587,46210,-28016,18194,15273,-14880,393,NaN,NaN,NaN,NaN,117895,38363,-56950,-18587,46210,-28016,18194,15273,-14880,393
2005-08-03T22:00:00Z,1.672,1.674,1.646,1.6545,38363,-56950,-18587,46210,-28016,18194,15273,-14880,393,NaN,NaN,NaN,NaN,117895,38363,-56950,-18587,46210,-28016,18194,15273,-14880,393
2005-08-04T22:00:00Z,1.6545,1.665,1.645,1.649,38363,-56950,-18587,46210,-28016,18194,15273,-14880,393,NaN,NaN,NaN,NaN,117895,38363,-56950,-18587,46210,-28016,18194,15273,-14880,393
2005-08-07T22:00:00Z,1.6455,1.654,1.634,1.6465,38363,-56950,-18587,46210,-28016,18194,15273,-14880,393,NaN,NaN,NaN,NaN,117895,38363,-56950,-18587,46210,-28016,18194,15273,-14880,393
2005-08-08T22:00:00Z,1.645,1.652,1.5985,1.6075,38976,-54672,-15696,44439,-28075,16364,14942,-15610,-668,NaN,NaN,NaN,NaN,113439,38976,-54672,-15696,44439,-28075,16364,14942,-15610,-668
2005-08-09T22:00:00Z,1.605,1.645,1.597,1.6345,38976,-54672,-15696,44439,-28075,16364,14942,-15610,-668,NaN,NaN,NaN,NaN,113439,38976,-54672,-15696,44439,-28075,16364,14942,-15610,-668
2005-08-10T22:00:00Z,1.6345,1.649,1.615,1.647,38976,-54672,-15696,44439,-28075,16364,14942,-15610,-668,NaN,NaN,NaN,NaN,113439,38976,-54672,-15696,44439,-28075,16364,14942,-15610,-668
2005-08-11T22:00:00Z,1.644,1.689,1.639,1.676,38976,-54672,-15696,44439,-28075,16364,14942,-15610,-668,NaN,NaN,NaN,NaN,113439,38976,-54672,-15696,44439,-28075,16364,14942,-15610,-668
2005-08-14T22:00:00Z,1.678,1.708,1.676,1.7075,38976,-54672,-15696,44439,-28075,16364,14942,-15610,-668,NaN,NaN,NaN,NaN,113439,38976,-54672,-15696,44439,-28075,16364,14942,-15610,-668
2005-08-15T22:00:00Z,1.707,1.738,1.6995,1.7145,39324,-55100,-15776,41269,-26506,14763,13306,-12293,1013,NaN,NaN,NaN,NaN,105061,39324,-55100,-15776,41269,-26506,14763,13306,-12293,1013
2005-08-16T22:00:00Z,1.713,1.7135,1.6325,1.657,39324,-55100,-15776,41269,-26506,14763,13306,-12293,1013,NaN,NaN,NaN,NaN,105061,39324,-55100,-15776,41269,-26506,14763,13306,-12293,1013
2005-08-17T22:00:00Z,1.654,1.685,1.648,1.659,39324,-55100,-15776,41269,-26506,14763,13306,-12293,1013,NaN,NaN,NaN,NaN,105061,39324,-55100,-15776,41269,-26506,14763,13306,-12293,1013
2005-08-18T22:00:00Z,1.657,1.667,1.6355,1.659,39324,-55100,-15776,41269,-26506,14763,13306,-12293,1013,NaN,NaN,NaN,NaN,105061,39324,-55100,-15776,41269,-26506,14763,13306,-12293,1013
2005-08-21T22:00:00Z,1.659,1.6885,1.6525,1.685,39324,-55100,-15776,41269,-26506,14763,13306,-12293,1013,NaN,NaN,NaN,NaN,105061,39324,-55100,-15776,41269,-26506,14763,13306,-12293,1013
2005-08-22T22:00:00Z,1.683,1.695,1.6715,1.692,38837,-50548,-11711,38358,-27496,10862,14615,-13766,849,NaN,NaN,NaN,NaN,102608,38837,-50548,-11711,38358,-27496,10862,14615,-13766,849
2005-08-23T22:00:00Z,1.6915,1.6915,1.66,1.667,38837,-50548,-11711,38358,-27496,10862,14615,-13766,849,NaN,NaN,NaN,NaN,102608,38837,-50548,-11711,38358,-27496,10862,14615,-13766,849
2005-08-24T22:00:00Z,1.674,1.674,1.645,1.649,38837,-50548,-11711,38358,-27496,10862,14615,-13766,849,NaN,NaN,NaN,NaN,102608,38837,-50548,-11711,38358,-27496,10862,14615,-13766,849
2005-08-25T22:00:00Z,1.649,1.694,1.6485,1.693,38837,-50548,-11711,38358,-27496,10862,14615,-13766,849,NaN,NaN,NaN,NaN,102608,38837,-50548,-11711,38358,-27496,10862,14615,-13766,849
2005-08-28T22:00:00Z,1.693,1.71,1.67,1.6765,38837,-50548,-11711,38358,-27496,10862,14615,-13766,849,NaN,NaN,NaN,NaN,102608,38837,-50548,-11711,38358,-27496,10862,14615,-13766,849
2005-08-29T22:00:00Z,1.622,1.654,1.622,1.647,40412,-50927,-10515,37291,-27936,9355,14107,-12947,1160,NaN,NaN,NaN,NaN,104766,40412,-50927,-10515,37291,-27936,9355,14107,-12947,1160
2005-08-30T22:00:00Z,1.6525,1.653,1.611,1.619,40412,-50927,-10515,37291,-27936,9355,14107,-12947,1160,NaN,NaN,NaN,NaN,104766,40412,-50927,-10515,37291,-27936,9355,14107,-12947,1160
2005-08-31T22:00:00Z,1.6205,1.65,1.613,1.648,40412,-50927,-10515,37291,-27936,9355,14107,-12947,1160,NaN,NaN,NaN,NaN,104766,40412,-50927,-10515,37291,-27936,9355,14107,-12947,1160
2005-09-01T22:00:00Z,1.6475,1.691,1.64,1.673,40412,-50927,-10515,37291,-27936,9355,14107,-12947,1160,NaN,NaN,NaN,NaN,104766,40412,-50927,-10515,37291,-27936,9355,14107,-12947,1160
2005-09-05T22:00:00Z,1.67,1.682,1.65,1.661,40126,-51435,-11309,38826,-29059,9767,14350,-12808,1542,NaN,NaN,NaN,NaN,105839,40126,-51435,-11309,38826,-29059,9767,14350,-12808,1542
2005-09-06T22:00:00Z,1.661,1.665,1.6405,1.647,40126,-51435,-11309,38826,-29059,9767,14350,-12808,1542,NaN,NaN,NaN,NaN,105839,40126,-51435,-11309,38826,-29059,9767,14350,-12808,1542
2005-09-07T22:00:00Z,1.6495,1.6575,1.611,1.6185,40126,-51435,-11309,38826,-29059,9767,14350,-12808,1542,NaN,NaN,NaN,NaN,105839,40126,-51435,-11309,38826,-29059,9767,14350,-12808,1542
2005-09-08T22:00:00Z,1.6175,1.6275,1.585,1.604,40126,-51435,-11309,38826,-29059,9767,14350,-12808,1542,NaN,NaN,NaN,NaN,105839,40126,-51435,-11309,38826,-29059,9767,14350,-12808,1542
2005-09-11T22:00:00Z,1.6095,1.647,1.604,1.644,40126,-51435,-11309,38826,-29059,9767,14350,-12808,1542,NaN,NaN,NaN,NaN,105839,40126,-51435,-11309,38826,-29059,9767,14350,-12808,1542
2005-09-12T22:00:00Z,1.6415,1.6445,1.61,1.6255,40935,-48211,-7276,33734,-27483,6251,13645,-12620,1025,NaN,NaN,NaN,NaN,99329,40935,-48211,-7276,33734,-27483,6251,13645,-12620,1025
2005-09-13T22:00:00Z,1.625,1.628,1.6,1.611,40935,-48211,-7276,33734,-27483,6251,13645,-12620,1025,NaN,NaN,NaN,NaN,99329,40935,-48211,-7276,33734,-27483,6251,13645,-12620,1025
2005-09-14T22:00:00Z,1.61,1.619,1.589,1.6045,40935,-48211,-7276,33734,-27483,6251,13645,-12620,1025,NaN,NaN,NaN,NaN,99329,40935,-48211,-7276,33734,-27483,6251,13645,-12620,1025
2005-09-15T22:00:00Z,1.602,1.6075,1.5775,1.593,40935,-48211,-7276,33734,-27483,6251,13645,-12620,1025,NaN,NaN,NaN,NaN,99329,40935,-48211,-7276,33734,-27483,6251,13645,-12620,1025
2005-09-18T22:00:00Z,1.593,1.6575,1.585,1.6545,40935,-48211,-7276,33734,-27483,6251,13645,-12620,1025,NaN,NaN,NaN,NaN,99329,40935,-48211,-7276,33734,-27483,6251,13645,-12620,1025
2005-09-19T22:00:00Z,1.656,1.698,1.65,1.666,40430,-48667,-8237,34780,-27885,6895,13872,-12530,1342,NaN,NaN,NaN,NaN,100852,40430,-48667,-8237,34780,-27885,6895,13872,-12530,1342
2005-09-20T22:00:00Z,1.666,1.709,1.663,1.7065,40430,-48667,-8237,34780,-27885,6895,13872,-12530,1342,NaN,NaN,NaN,NaN,100852,40430,-48667,-8237,34780,-27885,6895,13872,-12530,1342
2005-09-21T22:00:00Z,1.704,1.725,1.703,1.71,40430,-48667,-8237,34780,-27885,6895,13872,-12530,1342,NaN,NaN,NaN,NaN,100852,40430,-48667,-8237,34780,-27885,6895,13872,-12530,1342
2005-09-22T22:00:00Z,1.71,1.728,1.692,1.6985,40430,-48667,-8237,34780,-27885,6895,13872,-12530,1342,NaN,NaN,NaN,NaN,100852,40430,-48667,-8237,34780,-27885,6895,13872,-12530,1342
2005-09-25T22:00:00Z,1.7025,1.74,1.695,1.7365,40430,-48667,-8237,34780,-27885,6895,13872,-12530,1342,NaN,NaN,NaN,NaN,100852,40430,-48667,-8237,34780,-27885,6895,13872,-12530,1342
2005-09-26T22:00:00Z,1.7365,1.74,1.715,1.728,41364,-51799,-10435,37483,-28266,9217,13646,-12428,1218,NaN,NaN,NaN,NaN,104395,41364,-51799,-10435,37483,-28266,9217,13646,-12428,1218
2005-09-27T22:00:00Z,1.723,1.75,1.722,1.748,41364,-51799,-10435,37483,-28266,9217,13646,-12428,1218,NaN,NaN,NaN,NaN,104395,41364,-51799,-10435,37483,-28266,9217,13646,-12428,1218
2005-09-28T22:00:00Z,1.75,1.7535,1.733,1.7395,41364,-51799,-10435,37483,-28266,9217,13646,-12428,1218,NaN,NaN,NaN,NaN,104395,41364,-51799,-10435,37483,-28266,9217,13646,-12428,1218
2005-09-29T22:00:00Z,1.738,1.747,1.72,1.7275,41364,-51799,-10435,37483,-28266,9217,13646,-12428,1218,NaN,NaN,NaN,NaN,104395,41364,-51799,-10435,37483,-28266,9217,13646,-12428,1218
2005-10-02T22:00:00Z,1.7345,1.76,1.7225,1.759,41364,-51799,-10435,37483,-28266,9217,13646,-12428,1218,NaN,NaN,NaN,NaN,104395,41364,-51799,-10435,37483,-28266,9217,13646,-12428,1218
2005-10-03T22:00:00Z,1.759,1.768,1.75,1.766,42715,-53881,-11166,40996,-31475,9521,13223,-11578,1645,NaN,NaN,NaN,NaN,107932,42715,-53881,-11166,40996,-31475,9521,13223,-11578,1645
2005-10-04T22:00:00Z,1.766,1.789,1.756,1.7865,42715,-53881,-11166,40996,-31475,9521,13223,-11578,1645,NaN,NaN,NaN,NaN,107932,42715,-53881,-11166,40996,-31475,9521,13223,-11578,1645
2005-10-05T22:00:00Z,1.7865,1.791,1.772,1.783,42715,-53881,-11166,40996,-31475,9521,13223,-11578,1645,NaN,NaN,NaN,NaN,107932,42715,-53881,-11166,40996,-31475,9521,13223,-11578,1645
2005-10-06T22:00:00Z,1.783,1.8085,1.776,1.8085,42715,-53881,-11166,40996,-31475,9521,13223,-11578,1645,NaN,NaN,NaN,NaN,107932,42715,-53881,-11166,40996,-31475,9521,13223,-11578,1645
2005-10-09T22:00:00Z,1.808,1.823,1.805,1.806,42715,-53881,-11166,40996,-31475,9521,13223,-11578,1645,NaN,NaN,NaN,NaN,107932,42715,-53881,-11166,40996,-31475,9521,13223,-11578,1645
2005-10-10T22:00:00Z,1.805,1.8365,1.803,1.835,42854,-54438,-11584,43167,-32056,11111,14248,-13775,473,NaN,NaN,NaN,NaN,111629,42854,-54438,-11584,43167,-32056,11111,14248,-13775,473
2005-10-11T22:00:00Z,1.8335,1.838,1.793,1.7935,42854,-54438,-11584,43167,-32056,11111,14248,-13775,473,NaN,NaN,NaN,NaN,111629,42854,-54438,-11584,43167,-32056,11111,14248,-13775,473
2005-10-12T22:00:00Z,1.794,1.81,1.761,1.765,42854,-54438,-11584,43167,-32056,11111,14248,-13775,473,NaN,NaN,NaN,NaN,111629,42854,-54438,-11584,43167,-32056,11111,14248,-13775,473
2005-10-13T22:00:00Z,1.7705,1.778,1.737,1.7565,42854,-54438,-11584,43167,-32056,11111,14248,-13775,473,NaN,NaN,NaN,NaN,111629,42854,-54438,-11584,43167,-32056,11111,14248,-13775,473
2005-10-16T22:00:00Z,1.76,1.832,1.7565,1.821,42854,-54438,-11584,43167,-32056,11111,14248,-13775,473,NaN,NaN,NaN,NaN,111629,42854,-54438,-11584,43167,-32056,11111,14248,-13775,473
2005-10-17T22:00:00Z,1.82,1.835,1.809,1.8255,43435,-52248,-8813,38505,-31179,7326,14233,-12746,1487,NaN,NaN,NaN,NaN,107427,43435,-52248,-8813,38505,-31179,7326,14233,-12746,1487
2005-10-18T22:00:00Z,1.825,1.8255,1.7885,1.806,43435,-52248,-8813,38505,-31179,7326,14233,-12746,1487,NaN,NaN,NaN,NaN,107427,43435,-52248,-8813,38505,-31179,7326,14233,-12746,1487
2005-10-19T22:00:00Z,1.8065,1.858,1.79,1.793,43435,-52248,-8813,38505,-31179,7326,14233,-12746,1487,NaN,NaN,NaN,NaN,107427,43435,-52248,-8813,38505,-31179,7326,14233,-12746,1487
2005-10-20T22:00:00Z,1.794,1.798,1.7225,1.793,43435,-52248,-8813,38505,-31179,7326,14233,-12746,1487,NaN,NaN,NaN,NaN,107427,43435,-52248,-8813,38505,-31179,7326,14233,-12746,1487
2005-10-23T22:00:00Z,1.7945,1.805,1.75,1.7845,43435,-52248,-8813,38505,-31179,7326,14233,-12746,1487,NaN,NaN,NaN,NaN,107427,43435,-52248,-8813,38505,-31179,7326,14233,-12746,1487
2005-10-24T22:00:00Z,1.7845,1.825,1.77,1.8245,44683,-46877,-2194,31662,-30431,1231,15088,-14125,963,NaN,NaN,NaN,NaN,102512,44683,-46877,-2194,31662,-30431,1231,15088,-14125,963
2005-10-25T22:00:00Z,1.824,1.845,1.782,1.818,44683,-46877,-2194,31662,-30431,1231,15088,-14125,963,NaN,NaN,NaN,NaN,102512,44683,-46877,-2194,31662,-30431,1231,15088,-14125,963
2005-10-26T22:00:00Z,1.8165,1.8285,1.795,1.804,44683,-46877,-2194,31662,-30431,1231,15088,-14125,963,NaN,NaN,NaN,NaN,102512,44683,-46877,-2194,31662,-30431,1231,15088,-14125,963
2005-10-27T22:00:00Z,1.802,1.82,1.772,1.82,44683,-46877,-2194,31662,-30431,1231,15088,-14125,963,NaN,NaN,NaN,NaN,102512,44683,-46877,-2194,31662,-30431,1231,15088,-14125,963
2005-10-30T23:00:00Z,1.8135,1.828,1.8,1.811,44683,-46877,-2194,31662,-30431,1231,15088,-14125,963,NaN,NaN,NaN,NaN,102512,44683,-46877,-2194,31662,-30431,1231,15088,-14125,963
2005-10-31T23:00:00Z,1.811,1.835,1.783,1.816,45842,-48892,-3050,31733,-28506,3227,13815,-13992,-177,NaN,NaN,NaN,NaN,105650,45842,-48892,-3050,31733,-28506,3227,13815,-13992,-177
2005-11-01T23:00:00Z,1.812,1.833,1.809,1.8305,45842,-48892,-3050,31733,-28506,3227,13815,-13992,-177,NaN,NaN,NaN,NaN,105650,45842,-48892,-3050,31733,-28506,3227,13815,-13992,-177
2005-11-02T23:00:00Z,1.8265,1.842,1.82,1.827,45842,-48892,-3050,31733,-28506,3227,13815,-13992,-177,NaN,NaN,NaN,NaN,105650,45842,-48892,-3050,31733,-28506,3227,13815,-13992,-177
2005-11-03T23:00:00Z,1.826,1.854,1.818,1.846,45842,-48892,-3050,31733,-28506,3227,13815,-13992,-177,NaN,NaN,NaN,NaN,105650,45842,-48892,-3050,31733,-28506,3227,13815,-13992,-177
2005-11-06T23:00:00Z,1.846,1.8555,1.828,1.8475,45842,-48892,-3050,31733,-28506,3227,13815,-13992,-177,NaN,NaN,NaN,NaN,105650,45842,-48892,-3050,31733,-28506,3227,13815,-13992,-177
2005-11-07T23:00:00Z,1.847,1.85,1.823,1.838,46361,-51941,-5580,34052,-28313,5739,13827,-13986,-159,NaN,NaN,NaN,NaN,109378,46361,-51941,-5580,34052,-28313,5739,13827,-13986,-159
2005-11-08T23:00:00Z,1.835,1.848,1.823,1.8315,46361,-51941,-5580,34052,-28313,5739,13827,-13986,-159,NaN,NaN,NaN,NaN,109378,46361,-51941,-5580,34052,-28313,5739,13827,-13986,-159
2005-11-09T23:00:00Z,1.8315,1.875,1.8295,1.8715,46361,-51941,-5580,34052,-28313,5739,13827,-13986,-159,NaN,NaN,NaN,NaN,109378,46361,-51941,-5580,34052,-28313,5739,13827,-13986,-159
2005-11-10T23:00:00Z,1.87,1.906,1.87,1.9055,46361,-51941,-5580,34052,-28313,5739,13827,-13986,-159,NaN,NaN,NaN,NaN,109378,46361,-51941,-5580,34052,-28313,5739,13827,-13986,-159
2005-11-13T23:00:00Z,1.9055,1.9215,1.896,1.9135,46361,-51941,-5580,34052,-28313,5739,13827,-13986,-159,NaN,NaN,NaN,NaN,109378,46361,-51941,-5580,34052,-28313,5739,13827,-13986,-159
2005-11-14T23:00:00Z,1.908,1.9405,1.901,1.932,46031,-54360,-8329,36580,-29053,7527,14777,-13975,802,NaN,NaN,NaN,NaN,114189,46031,-54360,-8329,36580,-29053,7527,14777,-13975,802
2005-11-15T23:00:00Z,1.932,1.938,1.895,1.935,46031,-54360,-8329,36580,-29053,7527,14777,-13975,802,NaN,NaN,NaN,NaN,114189,46031,-54360,-8329,36580,-29053,7527,14777,-13975,802
2005-11-16T23:00:00Z,1.9345,1.95,1.915,1.946,46031,-54360,-8329,36580,-29053,7527,14777,-13975,802,NaN,NaN,NaN,NaN,114189,46031,-54360,-8329,36580,-29053,7527,14777,-13975,802
2005-11-17T23:00:00Z,1.932,1.98,1.932,1.978,46031,-54360,-8329,36580,-29053,7527,14777,-13975,802,NaN,NaN,NaN,NaN,114189,46031,-54360,-8329,36580,-29053,7527,14777,-13975,802
2005-11-20T23:00:00Z,1.9825,1.989,1.948,1.9735,46031,-54360,-8329,36580,-29053,7527,14777,-13975,802,NaN,NaN,NaN,NaN,114189,46031,-54360,-8329,36580,-29053,7527,14777,-13975,802
2005-11-21T23:00:00Z,1.973,1.9765,1.905,1.9175,45917,-51581,-5664,34901,-28448,6453,14433,-15222,-789,NaN,NaN,NaN,NaN,113630,45917,-51581,-5664,34901,-28448,6453,14433,-15222,-789
2005-11-22T23:00:00Z,1.92,1.97,1.894,1.9685,45917,-51581,-5664,34901,-28448,6453,14433,-15222,-789,NaN,NaN,NaN,NaN,113630,45917,-51581,-5664,34901,-28448,6453,14433,-15222,-789
2005-11-27T23:00:00Z,1.954,2.017,1.954,2.016,45917,-51581,-5664,34901,-28448,6453,14433,-15222,-789,NaN,NaN,NaN,NaN,113630,45917,-51581,-5664,34901,-28448,6453,14433,-15222,-789
2005-11-28T23:00:00Z,1.896,1.927,1.895,1.9115,44190,-48645,-4455,33228,-28016,5212,13361,-14118,-757,NaN,NaN,NaN,NaN,108347,44190,-48645,-4455,33228,-28016,5212,13361,-14118,-757
2005-11-29T23:00:00Z,1.9075,1.93,1.9075,1.926,44190,-48645,-4455,33228,-28016,5212,13361,-14118,-757,NaN,NaN,NaN,NaN,108347,44190,-48645,-4455,33228,-28016,5212,13361,-14118,-757
2005-11-30T23:00:00Z,1.9235,2,1.914,1.9995,44190,-48645,-4455,33228,-28016,5212,13361,-14118,-757,NaN,NaN,NaN,NaN,108347,44190,-48645,-4455,33228,-28016,5212,13361,-14118,-757
2005-12-01T23:00:00Z,1.9975,2.03,1.977,1.981,44190,-48645,-4455,33228,-28016,5212,13361,-14118,-757,NaN,NaN,NaN,NaN,108347,44190,-48645,-4455,33228,-28016,5212,13361,-14118,-757
2005-12-04T23:00:00Z,1.978,2.008,1.97,2.0075,44190,-48645,-4455,33228,-28016,5212,13361,-14118,-757,NaN,NaN,NaN,NaN,108347,44190,-48645,-4455,33228,-28016,5212,13361,-14118,-757
2005-12-05T23:00:00Z,2.007,2.0095,1.974,1.987,44015,-50023,-6008,33206,-27847,5359,12711,-12062,649,NaN,NaN,NaN,NaN,105746,44015,-50023,-6008,33206,-27847,5359,12711,-12062,649
2005-12-06T23:00:00Z,1.986,2.032,1.986,2.0315,44015,-50023,-6008,33206,-27847,5359,12711,-12062,649,NaN,NaN,NaN,NaN,105746,44015,-50023,-6008,33206,-27847,5359,12711,-12062,649
2005-12-07T23:00:00Z,2.031,2.036,2.012,2.03,44015,-50023,-6008,33206,-27847,5359,12711,-12062,649,NaN,NaN,NaN,NaN,105746,44015,-50023,-6008,33206,-27847,5359,12711,-12062,649
2005-12-08T23:00:00Z,2.028,2.036,2.024,2.03,44015,-50023,-6008,33206,-27847,5359,12711,-12062,649,NaN,NaN,NaN,NaN,105746,44015,-50023,-6008,33206,-27847,5359,12711,-12062,649
2005-12-11T23:00:00Z,2.03,2.046,1.9805,1.986,44015,-50023,-6008,33206,-27847,5359,12711,-12062,649,NaN,NaN,NaN,NaN,105746,44015,-50023,-6008,33206,-27847,5359,12711,-12062,649
2005-12-12T23:00:00Z,1.99,2.036,1.9865,2.0265,43510,-49305,-5795,32890,-28231,4659,13531,-12395,1136,NaN,NaN,NaN,NaN,104891,43510,-49305,-5795,32890,-28231,4659,13531,-12395,1136
2005-12-13T23:00:00Z,2.024,2.035,1.9605,1.9695,43510,-49305,-5795,32890,-28231,4659,13531,-12395,1136,NaN,NaN,NaN,NaN,104891,43510,-49305,-5795,32890,-28231,4659,13531,-12395,1136
2005-12-14T23:00:00Z,1.97,2.0105,1.9635,2.001,43510,-49305,-5795,32890,-28231,4659,13531,-12395,1136,NaN,NaN,NaN,NaN,104891,43510,-49305,-5795,32890,-28231,4659,13531,-12395,1136
2005-12-15T23:00:00Z,2,2.032,1.985,2.029,43510,-49305,-5795,32890,-28231,4659,13531,-12395,1136,NaN,NaN,NaN,NaN,104891,43510,-49305,-5795,32890,-28231,4659,13531,-12395,1136
2005-12-18T23:00:00Z,2.029,2.032,2.01,2.013,43510,-49305,-5795,32890,-28231,4659,13531,-12395,1136,NaN,NaN,NaN,NaN,104891,43510,-49305,-5795,32890,-28231,4659,13531,-12395,1136
2005-12-19T23:00:00Z,2.013,2.026,2.0045,2.02,43971,-47154,-3183,30868,-28647,2221,12955,-11993,962,NaN,NaN,NaN,NaN,101998,43971,-47154,-3183,30868,-28647,2221,12955,-11993,962
2005-12-20T23:00:00Z,2.02,2.024,1.993,2.0175,43971,-47154,-3183,30868,-28647,2221,12955,-11993,962,NaN,NaN,NaN,NaN,101998,43971,-47154,-3183,30868,-28647,2221,12955,-11993,962
2005-12-21T23:00:00Z,2.015,2.0335,2.01,2.0255,43971,-47154,-3183,30868,-28647,2221,12955,-11993,962,NaN,NaN,NaN,NaN,101998,43971,-47154,-3183,30868,-28647,2221,12955,-11993,962
2005-12-22T23:00:00Z,2.034,2.0385,2.034,2.0375,43971,-47154,-3183,30868,-28647,2221,12955,-11993,962,NaN,NaN,NaN,NaN,101998,43971,-47154,-3183,30868,-28647,2221,12955,-11993,962
2005-12-26T23:00:00Z,2.034,2.07,2.034,2.0675,43652,-47654,-4002,32404,-29643,2761,13306,-12065,1241,NaN,NaN,NaN,NaN,103119,43652,-47654,-4002,32404,-29643,2761,13306,-12065,1241
2005-12-27T23:00:00Z,2.065,2.0725,2.054,2.069,43652,-47654,-4002,32404,-29643,2761,13306,-12065,1241,NaN,NaN,NaN,NaN,103119,43652,-47654,-4002,32404,-29643,2761,13306,-12065,1241
2005-12-28T23:00:00Z,2.0675,2.069,2.026,2.0455,43652,-47654,-4002,32404,-29643,2761,13306,-12065,1241,NaN,NaN,NaN,NaN,103119,43652,-47654,-4002,32404,-29643,2761,13306,-12065,1241
2005-12-29T23:00:00Z,2.0445,2.0465,2.03,2.033,43652,-47654,-4002,32404,-29643,2761,13306,-12065,1241,NaN,NaN,NaN,NaN,103119,43652,-47654,-4002,32404,-29643,2761,13306,-12065,1241
2006-01-02T23:00:00Z,2.0345,2.053,2.0025,2.0485,44126,-48300,-4174,33082,-30378,2704,13356,-11886,1470,NaN,NaN,NaN,NaN,103466,44126,-48300,-4174,33082,-30378,2704,13356,-11886,1470
2006-01-03T23:00:00Z,2.048,2.11,2.045,2.0975,44126,-48300,-4174,33082,-30378,2704,13356,-11886,1470,NaN,NaN,NaN,NaN,103466,44126,-48300,-4174,33082,-30378,2704,13356,-11886,1470
2006-01-04T23:00:00Z,2.0975,2.0985,2.059,2.0605,44126,-48300,-4174,33082,-30378,2704,13356,-11886,1470,NaN,NaN,NaN,NaN,103466,44126,-48300,-4174,33082,-30378,2704,13356,-11886,1470
2006-01-05T23:00:00Z,2.0625,2.095,2.04,2.086,44126,-48300,-4174,33082,-30378,2704,13356,-11886,1470,NaN,NaN,NaN,NaN,103466,44126,-48300,-4174,33082,-30378,2704,13356,-11886,1470
2006-01-08T23:00:00Z,2.0805,2.12,2.08,2.099,44126,-48300,-4174,33082,-30378,2704,13356,-11886,1470,NaN,NaN,NaN,NaN,103466,44126,-48300,-4174,33082,-30378,2704,13356,-11886,1470
2006-01-09T23:00:00Z,2.0805,2.122,2.0805,2.107,41484,-45538,-4054,32890,-31780,1110,13797,-10853,2944,NaN,NaN,NaN,NaN,101982,41484,-45538,-4054,32890,-31780,1110,13797,-10853,2944
2006-01-10T23:00:00Z,2.106,2.1125,2.094,2.095,41484,-45538,-4054,32890,-31780,1110,13797,-10853,2944,NaN,NaN,NaN,NaN,101982,41484,-45538,-4054,32890,-31780,1110,13797,-10853,2944
2006-01-11T23:00:00Z,2.095,2.103,2.08,2.0875,41484,-45538,-4054,32890,-31780,1110,13797,-10853,2944,NaN,NaN,NaN,NaN,101982,41484,-45538,-4054,32890,-31780,1110,13797,-10853,2944
2006-01-12T23:00:00Z,2.115,2.125,2.1125,2.1125,41484,-45538,-4054,32890,-31780,1110,13797,-10853,2944,NaN,NaN,NaN,NaN,101982,41484,-45538,-4054,32890,-31780,1110,13797,-10853,2944
2006-01-16T23:00:00Z,2.11,2.125,2.0915,2.111,39656,-45227,-5571,32186,-29930,2256,14628,-11313,3315,NaN,NaN,NaN,NaN,100702,39656,-45227,-5571,32186,-29930,2256,14628,-11313,3315
2006-01-17T23:00:00Z,2.108,2.1295,2.08,2.12,39656,-45227,-5571,32186,-29930,2256,14628,-11313,3315,NaN,NaN,NaN,NaN,100702,39656,-45227,-5571,32186,-29930,2256,14628,-11313,3315
2006-01-18T23:00:00Z,2.117,2.13,2.105,2.111,39656,-45227,-5571,32186,-29930,2256,14628,-11313,3315,NaN,NaN,NaN,NaN,100702,39656,-45227,-5571,32186,-29930,2256,14628,-11313,3315
2006-01-19T23:00:00Z,2.11,2.122,2.0825,2.09,39656,-45227,-5571,32186,-29930,2256,14628,-11313,3315,NaN,NaN,NaN,NaN,100702,39656,-45227,-5571,32186,-29930,2256,14628,-11313,3315
2006-01-22T23:00:00Z,2.09,2.125,2.083,2.1195,39656,-45227,-5571,32186,-29930,2256,14628,-11313,3315,NaN,NaN,NaN,NaN,100702,39656,-45227,-5571,32186,-29930,2256,14628,-11313,3315
2006-01-23T23:00:00Z,2.1205,2.153,2.101,2.1525,39962,-45796,-5834,33342,-30596,2746,15187,-12099,3088,NaN,NaN,NaN,NaN,102580,39962,-45796,-5834,33342,-30596,2746,15187,-12099,3088
2006-01-24T23:00:00Z,2.153,2.204,2.1475,2.2035,39962,-45796,-5834,33342,-30596,2746,15187,-12099,3088,NaN,NaN,NaN,NaN,102580,39962,-45796,-5834,33342,-30596,2746,15187,-12099,3088
2006-01-25T23:00:00Z,2.2025,2.2175,2.191,2.2015,39962,-45796,-5834,33342,-30596,2746,15187,-12099,3088,NaN,NaN,NaN,NaN,102580,39962,-45796,-5834,33342,-30596,2746,15187,-12099,3088
2006-01-26T23:00:00Z,2.2005,2.2375,2.196,2.233,39962,-45796,-5834,33342,-30596,2746,15187,-12099,3088,NaN,NaN,NaN,NaN,102580,39962,-45796,-5834,33342,-30596,2746,15187,-12099,3088
2006-01-29T23:00:00Z,2.234,2.24,2.223,2.2295,39962,-45796,-5834,33342,-30596,2746,15187,-12099,3088,NaN,NaN,NaN,NaN,102580,39962,-45796,-5834,33342,-30596,2746,15187,-12099,3088
2006-01-30T23:00:00Z,2.228,2.233,2.206,2.2285,39529,-45680,-6151,32581,-31408,1173,15671,-10693,4978,NaN,NaN,NaN,NaN,101294,39529,-45680,-6151,32581,-31408,1173,15671,-10693,4978
2006-01-31T23:00:00Z,2.225,2.25,2.212,2.249,39529,-45680,-6151,32581,-31408,1173,15671,-10693,4978,NaN,NaN,NaN,NaN,101294,39529,-45680,-6151,32581,-31408,1173,15671,-10693,4978
2006-02-01T23:00:00Z,2.249,2.315,2.249,2.309,39529,-45680,-6151,32581,-31408,1173,15671,-10693,4978,NaN,NaN,NaN,NaN,101294,39529,-45680,-6151,32581,-31408,1173,15671,-10693,4978
2006-02-02T23:00:00Z,2.305,2.325,2.292,2.308,39529,-45680,-6151,32581,-31408,1173,15671,-10693,4978,NaN,NaN,NaN,NaN,101294,39529,-45680,-6151,32581,-31408,1173,15671,-10693,4978
2006-02-05T23:00:00Z,2.305,2.335,2.286,2.33,39529,-45680,-6151,32581,-31408,1173,15671,-10693,4978,NaN,NaN,NaN,NaN,101294,39529,-45680,-6151,32581,-31408,1173,15671,-10693,4978
2006-02-06T23:00:00Z,2.3295,2.339,2.276,2.278,40482,-47378,-6896,33321,-29569,3752,14437,-11293,3144,NaN,NaN,NaN,NaN,99049,40482,-47378,-6896,33321,-29569,3752,14437,-11293,3144
2006-02-07T23:00:00Z,2.278,2.302,2.238,2.2745,40482,-47378,-6896,33321,-29569,3752,14437,-11293,3144,NaN,NaN,NaN,NaN,99049,40482,-47378,-6896,33321,-29569,3752,14437,-11293,3144
2006-02-08T23:00:00Z,2.275,2.318,2.265,2.305,40482,-47378,-6896,33321,-29569,3752,14437,-11293,3144,NaN,NaN,NaN,NaN,99049,40482,-47378,-6896,33321,-29569,3752,14437,-11293,3144
2006-02-09T23:00:00Z,2.3,2.305,2.1855,2.2245,40482,-47378,-6896,33321,-29569,3752,14437,-11293,3144,NaN,NaN,NaN,NaN,99049,40482,-47378,-6896,33321,-29569,3752,14437,-11293,3144
2006-02-12T23:00:00Z,2.227,2.246,2.185,2.234,40482,-47378,-6896,33321,-29569,3752,14437,-11293,3144,NaN,NaN,NaN,NaN,99049,40482,-47378,-6896,33321,-29569,3752,14437,-11293,3144
2006-02-13T23:00:00Z,2.23,2.276,2.215,2.2665,42499,-46215,-3716,28653,-28050,603,14033,-10920,3113,NaN,NaN,NaN,NaN,92717,42499,-46215,-3716,28653,-28050,603,14033,-10920,3113
2006-02-14T23:00:00Z,2.265,2.27,2.175,2.191,42499,-46215,-3716,28653,-28050,603,14033,-10920,3113,NaN,NaN,NaN,NaN,92717,42499,-46215,-3716,28653,-28050,603,14033,-10920,3113
2006-02-15T23:00:00Z,2.19,2.229,2.14,2.2225,42499,-46215,-3716,28653,-28050,603,14033,-10920,3113,NaN,NaN,NaN,NaN,92717,42499,-46215,-3716,28653,-28050,603,14033,-10920,3113
2006-02-16T23:00:00Z,2.225,2.247,2.1955,2.201,42499,-46215,-3716,28653,-28050,603,14033,-10920,3113,NaN,NaN,NaN,NaN,92717,42499,-46215,-3716,28653,-28050,603,14033,-10920,3113
2006-02-20T23:00:00Z,2.235,2.286,2.192,2.2735,43499,-44265,-766,23242,-25672,-2430,13814,-10618,3196,NaN,NaN,NaN,NaN,89954,43499,-44265,-766,23242,-25672,-2430,13814,-10618,3196
2006-02-21T23:00:00Z,2.27,2.275,2.235,2.2645,43499,-44265,-766,23242,-25672,-2430,13814,-10618,3196,NaN,NaN,NaN,NaN,89954,43499,-44265,-766,23242,-25672,-2430,13814,-10618,3196
2006-02-22T23:00:00Z,2.265,2.265,2.2,2.205,43499,-44265,-766,23242,-25672,-2430,13814,-10618,3196,NaN,NaN,NaN,NaN,89954,43499,-44265,-766,23242,-25672,-2430,13814,-10618,3196
2006-02-23T23:00:00Z,2.205,2.235,2.192,2.2075,43499,-44265,-766,23242,-25672,-2430,13814,-10618,3196,NaN,NaN,NaN,NaN,89954,43499,-44265,-766,23242,-25672,-2430,13814,-10618,3196
2006-02-26T23:00:00Z,2.209,2.215,2.117,2.1305,43499,-44265,-766,23242,-25672,-2430,13814,-10618,3196,NaN,NaN,NaN,NaN,89954,43499,-44265,-766,23242,-25672,-2430,13814,-10618,3196
2006-02-27T23:00:00Z,2.13,2.192,2.118,2.1785,44281,-42203,2078,18584,-23143,-4559,12247,-9766,2481,NaN,NaN,NaN,NaN,85356,44281,-42203,2078,18584,-23143,-4559,12247,-9766,2481
2006-02-28T23:00:00Z,2.1775,2.24,2.167,2.2355,44281,-42203,2078,18584,-23143,-4559,12247,-9766,2481,NaN,NaN,NaN,NaN,85356,44281,-42203,2078,18584,-23143,-4559,12247,-9766,2481
2006-03-01T23:00:00Z,2.235,2.273,2.218,2.2675,44281,-42203,2078,18584,-23143,-4559,12247,-9766,2481,NaN,NaN,NaN,NaN,85356,44281,-42203,2078,18584,-23143,-4559,12247,-9766,2481
2006-03-02T23:00:00Z,2.2695,2.28,2.259,2.264,44281,-42203,2078,18584,-23143,-4559,12247,-9766,2481,NaN,NaN,NaN,NaN,85356,44281,-42203,2078,18584,-23143,-4559,12247,-9766,2481
2006-03-05T23:00:00Z,2.262,2.265,2.186,2.1965,44281,-42203,2078,18584,-23143,-4559,12247,-9766,2481,NaN,NaN,NaN,NaN,85356,44281,-42203,2078,18584,-23143,-4559,12247,-9766,2481
2006-03-06T23:00:00Z,2.198,2.208,2.156,2.177,44178,-42923,1255,18392,-21099,-2707,12355,-10903,1452,NaN,NaN,NaN,NaN,85611,44178,-42923,1255,18392,-21099,-2707,12355,-10903,1452
2006-03-07T23:00:00Z,2.172,2.18,2.138,2.1635,44178,-42923,1255,18392,-21099,-2707,12355,-10903,1452,NaN,NaN,NaN,NaN,85611,44178,-42923,1255,18392,-21099,-2707,12355,-10903,1452
2006-03-08T23:00:00Z,2.16,2.208,2.16,2.1955,44178,-42923,1255,18392,-21099,-2707,12355,-10903,1452,NaN,NaN,NaN,NaN,85611,44178,-42923,1255,18392,-21099,-2707,12355,-10903,1452
2006-03-09T23:00:00Z,2.196,2.213,2.155,2.21,44178,-42923,1255,18392,-21099,-2707,12355,-10903,1452,NaN,NaN,NaN,NaN,85611,44178,-42923,1255,18392,-21099,-2707,12355,-10903,1452
2006-03-12T23:00:00Z,2.2075,2.25,2.205,2.2455,44178,-42923,1255,18392,-21099,-2707,12355,-10903,1452,NaN,NaN,NaN,NaN,85611,44178,-42923,1255,18392,-21099,-2707,12355,-10903,1452
2006-03-13T23:00:00Z,2.245,2.261,2.215,2.254,44496,-46536,-2040,20042,-19331,711,12699,-11370,1329,NaN,NaN,NaN,NaN,91472,44496,-46536,-2040,20042,-19331,711,12699,-11370,1329
2006-03-14T23:00:00Z,2.2525,2.284,2.2445,2.2505,44496,-46536,-2040,20042,-19331,711,12699,-11370,1329,NaN,NaN,NaN,NaN,91472,44496,-46536,-2040,20042,-19331,711,12699,-11370,1329
2006-03-15T23:00:00Z,2.249,2.272,2.2325,2.2655,44496,-46536,-2040,20042,-19331,711,12699,-11370,1329,NaN,NaN,NaN,NaN,91472,44496,-46536,-2040,20042,-19331,711,12699,-11370,1329
2006-03-16T23:00:00Z,2.265,2.363,2.2625,2.36,44496,-46536,-2040,20042,-19331,711,12699,-11370,1329,NaN,NaN,NaN,NaN,91472,44496,-46536,-2040,20042,-19331,711,12699,-11370,1329
2006-03-19T23:00:00Z,2.4,2.4,2.333,2.334,44496,-46536,-2040,20042,-19331,711,12699,-11370,1329,NaN,NaN,NaN,NaN,91472,44496,-46536,-2040,20042,-19331,711,12699,-11370,1329
2006-03-20T23:00:00Z,2.334,2.375,2.323,2.324,44190,-49810,-5620,22278,-19268,3010,14167,-11557,2610,NaN,NaN,NaN,NaN,97150,44190,-49810,-5620,22278,-19268,3010,14167,-11557,2610
2006-03-21T23:00:00Z,2.326,2.351,2.316,2.339,44190,-49810,-5620,22278,-19268,3010,14167,-11557,2610,NaN,NaN,NaN,NaN,97150,44190,-49810,-5620,22278,-19268,3010,14167,-11557,2610
2006-03-22T23:00:00Z,2.337,2.399,2.335,2.398,44190,-49810,-5620,22278,-19268,3010,14167,-11557,2610,NaN,NaN,NaN,NaN,97150,44190,-49810,-5620,22278,-19268,3010,14167,-11557,2610
2006-03-23T23:00:00Z,2.397,2.412,2.381,2.3945,44190,-49810,-5620,22278,-19268,3010,14167,-11557,2610,NaN,NaN,NaN,NaN,97150,44190,-49810,-5620,22278,-19268,3010,14167,-11557,2610
2006-03-26T23:00:00Z,2.401,2.438,2.389,2.43,44190,-49810,-5620,22278,-19268,3010,14167,-11557,2610,NaN,NaN,NaN,NaN,97150,44190,-49810,-5620,22278,-19268,3010,14167,-11557,2610
2006-03-27T23:00:00Z,2.428,2.437,2.4165,2.4285,44304,-48725,-4421,22521,-20979,1542,14101,-11222,2879,NaN,NaN,NaN,NaN,97486,44304,-48725,-4421,22521,-20979,1542,14101,-11222,2879
2006-03-28T23:00:00Z,2.436,2.452,2.407,2.4385,44304,-48725,-4421,22521,-20979,1542,14101,-11222,2879,NaN,NaN,NaN,NaN,97486,44304,-48725,-4421,22521,-20979,1542,14101,-11222,2879
2006-03-29T23:00:00Z,2.435,2.494,2.435,2.4845,44304,-48725,-4421,22521,-20979,1542,14101,-11222,2879,NaN,NaN,NaN,NaN,97486,44304,-48725,-4421,22521,-20979,1542,14101,-11222,2879
2006-03-30T23:00:00Z,2.484,2.511,2.447,2.463,44304,-48725,-4421,22521,-20979,1542,14101,-11222,2879,NaN,NaN,NaN,NaN,97486,44304,-48725,-4421,22521,-20979,1542,14101,-11222,2879
2006-04-02T22:00:00Z,2.4595,2.5605,2.453,2.5475,44304,-48725,-4421,22521,-20979,1542,14101,-11222,2879,NaN,NaN,NaN,NaN,97486,44304,-48725,-4421,22521,-20979,1542,14101,-11222,2879
2006-04-03T22:00:00Z,2.547,2.565,2.526,2.5355,46714,-49108,-2394,23570,-23958,-388,13603,-10821,2782,NaN,NaN,NaN,NaN,100249,46714,-49108,-2394,23570,-23958,-388,13603,-10821,2782
2006-04-04T22:00:00Z,2.532,2.597,2.531,2.596,46714,-49108,-2394,23570,-23958,-388,13603,-10821,2782,NaN,NaN,NaN,NaN,100249,46714,-49108,-2394,23570,-23958,-388,13603,-10821,2782
2006-04-05T22:00:00Z,2.597,2.648,2.597,2.6465,46714,-49108,-2394,23570,-23958,-388,13603,-10821,2782,NaN,NaN,NaN,NaN,100249,46714,-49108,-2394,23570,-23958,-388,13603,-10821,2782
2006-04-06T22:00:00Z,2.6465,2.657,2.5865,2.6405,46714,-49108,-2394,23570,-23958,-388,13603,-10821,2782,NaN,NaN,NaN,NaN,100249,46714,-49108,-2394,23570,-23958,-388,13603,-10821,2782
2006-04-09T22:00:00Z,2.6505,2.712,2.643,2.709,46714,-49108,-2394,23570,-23958,-388,13603,-10821,2782,NaN,NaN,NaN,NaN,100249,46714,-49108,-2394,23570,-23958,-388,13603,-10821,2782
2006-04-10T22:00:00Z,2.7195,2.738,2.683,2.7215,47250,-50306,-3056,22134,-23562,-1428,15095,-10611,4484,NaN,NaN,NaN,NaN,97705,47250,-50306,-3056,22134,-23562,-1428,15095,-10611,4484
2006-04-11T22:00:00Z,2.7215,2.8,2.7015,2.7715,47250,-50306,-3056,22134,-23562,-1428,15095,-10611,4484,NaN,NaN,NaN,NaN,97705,47250,-50306,-3056,22134,-23562,-1428,15095,-10611,4484
2006-04-12T22:00:00Z,2.772,2.819,2.7615,2.8155,47250,-50306,-3056,22134,-23562,-1428,15095,-10611,4484,NaN,NaN,NaN,NaN,97705,47250,-50306,-3056,22134,-23562,-1428,15095,-10611,4484
2006-04-16T22:00:00Z,2.825,2.935,2.805,2.895,47250,-50306,-3056,22134,-23562,-1428,15095,-10611,4484,NaN,NaN,NaN,NaN,97705,47250,-50306,-3056,22134,-23562,-1428,15095,-10611,4484
2006-04-17T22:00:00Z,2.8965,2.975,2.8925,2.971,49989,-53357,-3368,20225,-21789,-1564,15679,-10747,4932,NaN,NaN,NaN,NaN,99934,49989,-53357,-3368,20225,-21789,-1564,15679,-10747,4932
2006-04-18T22:00:00Z,2.9755,2.995,2.916,2.9595,49989,-53357,-3368,20225,-21789,-1564,15679,-10747,4932,NaN,NaN,NaN,NaN,99934,49989,-53357,-3368,20225,-21789,-1564,15679,-10747,4932
2006-04-19T22:00:00Z,2.966,2.9765,2.83,2.962,49989,-53357,-3368,20225,-21789,-1564,15679,-10747,4932,NaN,NaN,NaN,NaN,99934,49989,-53357,-3368,20225,-21789,-1564,15679,-10747,4932
2006-04-20T22:00:00Z,2.958,3.142,2.8985,3.1405,49989,-53357,-3368,20225,-21789,-1564,15679,-10747,4932,NaN,NaN,NaN,NaN,99934,49989,-53357,-3368,20225,-21789,-1564,15679,-10747,4932
2006-04-23T22:00:00Z,3.145,3.1825,3.08,3.111,49989,-53357,-3368,20225,-21789,-1564,15679,-10747,4932,NaN,NaN,NaN,NaN,99934,49989,-53357,-3368,20225,-21789,-1564,15679,-10747,4932
2006-04-24T22:00:00Z,3.095,3.325,3.066,3.3205,49802,-51022,-1220,16532,-19161,-2629,17668,-13819,3849,NaN,NaN,NaN,NaN,96336,49802,-51022,-1220,16532,-19161,-2629,17668,-13819,3849
2006-04-25T22:00:00Z,3.319,3.4975,3.295,3.395,49802,-51022,-1220,16532,-19161,-2629,17668,-13819,3849,NaN,NaN,NaN,NaN,96336,49802,-51022,-1220,16532,-19161,-2629,17668,-13819,3849
2006-04-26T22:00:00Z,3.314,3.3455,3.16,3.181,49802,-51022,-1220,16532,-19161,-2629,17668,-13819,3849,NaN,NaN,NaN,NaN,96336,49802,-51022,-1220,16532,-19161,-2629,17668,-13819,3849
2006-04-27T22:00:00Z,3.182,3.29,3.171,3.2205,49802,-51022,-1220,16532,-19161,-2629,17668,-13819,3849,NaN,NaN,NaN,NaN,96336,49802,-51022,-1220,16532,-19161,-2629,17668,-13819,3849
2006-04-30T22:00:00Z,3.249,3.325,3.2,3.3205,49802,-51022,-1220,16532,-19161,-2629,17668,-13819,3849,NaN,NaN,NaN,NaN,96336,49802,-51022,-1220,16532,-19161,-2629,17668,-13819,3849
2006-05-01T22:00:00Z,3.33,3.34,3.23,3.2765,45755,-47489,-1734,15054,-17058,-2004,15176,-11438,3738,NaN,NaN,NaN,NaN,85352,45755,-47489,-1734,15054,-17058,-2004,15176,-11438,3738
2006-05-02T22:00:00Z,3.2705,3.31,3.215,3.305,45755,-47489,-1734,15054,-17058,-2004,15176,-11438,3738,NaN,NaN,NaN,NaN,85352,45755,-47489,-1734,15054,-17058,-2004,15176,-11438,3738
2006-05-03T22:00:00Z,3.2985,3.505,3.2735,3.4795,45755,-47489,-1734,15054,-17058,-2004,15176,-11438,3738,NaN,NaN,NaN,NaN,85352,45755,-47489,-1734,15054,-17058,-2004,15176,-11438,3738
2006-05-04T22:00:00Z,3.477,3.555,3.45,3.4935,45755,-47489,-1734,15054,-17058,-2004,15176,-11438,3738,NaN,NaN,NaN,NaN,85352,45755,-47489,-1734,15054,-17058,-2004,15176,-11438,3738
2006-05-07T22:00:00Z,3.495,3.552,3.4115,3.5015,45755,-47489,-1734,15054,-17058,-2004,15176,-11438,3738,NaN,NaN,NaN,NaN,85352,45755,-47489,-1734,15054,-17058,-2004,15176,-11438,3738
2006-05-08T22:00:00Z,3.4895,3.6,3.487,3.596,48326,-51305,-2979,14392,-15307,-915,13678,-9784,3894,NaN,NaN,NaN,NaN,86434,48326,-51305,-2979,14392,-15307,-915,13678,-9784,3894
2006-05-09T22:00:00Z,3.596,3.704,3.595,3.688,48326,-51305,-2979,14392,-15307,-915,13678,-9784,3894,NaN,NaN,NaN,NaN,86434,48326,-51305,-2979,14392,-15307,-915,13678,-9784,3894
2006-05-10T22:00:00Z,3.688,4.04,3.678,3.923,48326,-51305,-2979,14392,-15307,-915,13678,-9784,3894,NaN,NaN,NaN,NaN,86434,48326,-51305,-2979,14392,-15307,-915,13678,-9784,3894
2006-05-11T22:00:00Z,3.93,3.99,3.808,3.864,48326,-51305,-2979,14392,-15307,-915,13678,-9784,3894,NaN,NaN,NaN,NaN,86434,48326,-51305,-2979,14392,-15307,-915,13678,-9784,3894
2006-05-14T22:00:00Z,3.864,3.92,3.464,3.7465,48326,-51305,-2979,14392,-15307,-915,13678,-9784,3894,NaN,NaN,NaN,NaN,86434,48326,-51305,-2979,14392,-15307,-915,13678,-9784,3894
2006-05-15T22:00:00Z,3.729,3.871,3.55,3.842,49045,-49662,-617,12894,-15376,-2482,13539,-10440,3099,NaN,NaN,NaN,NaN,85375,49045,-49662,-617,12894,-15376,-2482,13539,-10440,3099
2006-05-16T22:00:00Z,3.839,3.896,3.642,3.6715,49045,-49662,-617,12894,-15376,-2482,13539,-10440,3099,NaN,NaN,NaN,NaN,85375,49045,-49662,-617,12894,-15376,-2482,13539,-10440,3099
2006-05-17T22:00:00Z,3.66,3.845,3.565,3.711,49045,-49662,-617,12894,-15376,-2482,13539,-10440,3099,NaN,NaN,NaN,NaN,85375,49045,-49662,-617,12894,-15376,-2482,13539,-10440,3099
2006-05-18T22:00:00Z,3.655,3.718,3.43,3.469,49045,-49662,-617,12894,-15376,-2482,13539,-10440,3099,NaN,NaN,NaN,NaN,85375,49045,-49662,-617,12894,-15376,-2482,13539,-10440,3099
2006-05-21T22:00:00Z,3.45,3.555,3.276,3.4615,49045,-49662,-617,12894,-15376,-2482,13539,-10440,3099,NaN,NaN,NaN,NaN,85375,49045,-49662,-617,12894,-15376,-2482,13539,-10440,3099
2006-05-22T22:00:00Z,3.45,3.92,3.39,3.8855,49802,-45002,4800,10904,-17415,-6511,12443,-10732,1711,NaN,NaN,NaN,NaN,81363,49802,-45002,4800,10904,-17415,-6511,12443,-10732,1711
2006-05-23T22:00:00Z,3.86,3.875,3.535,3.639,49802,-45002,4800,10904,-17415,-6511,12443,-10732,1711,NaN,NaN,NaN,NaN,81363,49802,-45002,4800,10904,-17415,-6511,12443,-10732,1711
2006-05-24T22:00:00Z,3.634,3.78,3.52,3.7075,49802,-45002,4800,10904,-17415,-6511,12443,-10732,1711,NaN,NaN,NaN,NaN,81363,49802,-45002,4800,10904,-17415,-6511,12443,-10732,1711
2006-05-25T22:00:00Z,3.7,3.82,3.66,3.815,49802,-45002,4800,10904,-17415,-6511,12443,-10732,1711,NaN,NaN,NaN,NaN,81363,49802,-45002,4800,10904,-17415,-6511,12443,-10732,1711
2006-05-29T22:00:00Z,3.7565,3.875,3.615,3.674,48536,-42617,5919,10356,-16728,-6372,11440,-10987,453,NaN,NaN,NaN,NaN,79541,48536,-42617,5919,10356,-16728,-6372,11440,-10987,453
2006-05-30T22:00:00Z,3.67,3.76,3.594,3.624,48536,-42617,5919,10356,-16728,-6372,11440,-10987,453,NaN,NaN,NaN,NaN,79541,48536,-42617,5919,10356,-16728,-6372,11440,-10987,453
2006-05-31T22:00:00Z,3.63,3.64,3.34,3.471,48536,-42617,5919,10356,-16728,-6372,11440,-10987,453,NaN,NaN,NaN,NaN,79541,48536,-42617,5919,10356,-16728,-6372,11440,-10987,453
2006-06-01T22:00:00Z,3.4685,3.62,3.4685,3.5865,48536,-42617,5919,10356,-16728,-6372,11440,-10987,453,NaN,NaN,NaN,NaN,79541,48536,-42617,5919,10356,-16728,-6372,11440,-10987,453
2006-06-04T22:00:00Z,3.5865,3.685,3.505,3.601,48536,-42617,5919,10356,-16728,-6372,11440,-10987,453,NaN,NaN,NaN,NaN,79541,48536,-42617,5919,10356,-16728,-6372,11440,-10987,453
2006-06-05T22:00:00Z,3.5755,3.589,3.44,3.4895,48327,-40942,7385,8775,-16077,-7302,11647,-11730,-83,NaN,NaN,NaN,NaN,76869,48327,-40942,7385,8775,-16077,-7302,11647,-11730,-83
2006-06-06T22:00:00Z,3.485,3.685,3.355,3.584,48327,-40942,7385,8775,-16077,-7302,11647,-11730,-83,NaN,NaN,NaN,NaN,76869,48327,-40942,7385,8775,-16077,-7302,11647,-11730,-83
2006-06-07T22:00:00Z,3.58,3.5855,3.34,3.357,48327,-40942,7385,8775,-16077,-7302,11647,-11730,-83,NaN,NaN,NaN,NaN,76869,48327,-40942,7385,8775,-16077,-7302,11647,-11730,-83
2006-06-08T22:00:00Z,3.37,3.495,3.2415,3.2675,48327,-40942,7385,8775,-16077,-7302,11647,-11730,-83,NaN,NaN,NaN,NaN,76869,48327,-40942,7385,8775,-16077,-7302,11647,-11730,-83
2006-06-11T22:00:00Z,3.2585,3.395,3.17,3.2285,48327,-40942,7385,8775,-16077,-7302,11647,-11730,-83,NaN,NaN,NaN,NaN,76869,48327,-40942,7385,8775,-16077,-7302,11647,-11730,-83
2006-06-12T22:00:00Z,3.2285,3.2285,3,3.0105,48871,-42115,6756,8380,-14036,-5656,9688,-10788,-1100,NaN,NaN,NaN,NaN,78658,48871,-42115,6756,8380,-14036,-5656,9688,-10788,-1100
2006-06-13T22:00:00Z,3.0485,3.145,2.97,3.056,48871,-42115,6756,8380,-14036,-5656,9688,-10788,-1100,NaN,NaN,NaN,NaN,78658,48871,-42115,6756,8380,-14036,-5656,9688,-10788,-1100
2006-06-14T22:00:00Z,3.05,3.365,2.985,3.215,48871,-42115,6756,8380,-14036,-5656,9688,-10788,-1100,NaN,NaN,NaN,NaN,78658,48871,-42115,6756,8380,-14036,-5656,9688,-10788,-1100
2006-06-15T22:00:00Z,3.23,3.301,3.21,3.2915,48871,-42115,6756,8380,-14036,-5656,9688,-10788,-1100,NaN,NaN,NaN,NaN,78658,48871,-42115,6756,8380,-14036,-5656,9688,-10788,-1100
2006-06-18T22:00:00Z,3.28,3.301,3.115,3.1525,48871,-42115,6756,8380,-14036,-5656,9688,-10788,-1100,NaN,NaN,NaN,NaN,78658,48871,-42115,6756,8380,-14036,-5656,9688,-10788,-1100
2006-06-19T22:00:00Z,3.125,3.189,3.033,3.1715,46803,-42171,4632,8447,-11699,-3252,10207,-11587,-1380,NaN,NaN,NaN,NaN,76311,46803,-42171,4632,8447,-11699,-3252,10207,-11587,-1380
2006-06-20T22:00:00Z,3.175,3.205,3.119,3.1905,46803,-42171,4632,8447,-11699,-3252,10207,-11587,-1380,NaN,NaN,NaN,NaN,76311,46803,-42171,4632,8447,-11699,-3252,10207,-11587,-1380
2006-06-21T22:00:00Z,3.21,3.335,3.125,3.1355,46803,-42171,4632,8447,-11699,-3252,10207,-11587,-1380,NaN,NaN,NaN,NaN,76311,46803,-42171,4632,8447,-11699,-3252,10207,-11587,-1380
2006-06-22T22:00:00Z,3.128,3.3,3.04,3.2405,46803,-42171,4632,8447,-11699,-3252,10207,-11587,-1380,NaN,NaN,NaN,NaN,76311,46803,-42171,4632,8447,-11699,-3252,10207,-11587,-1380
2006-06-25T22:00:00Z,3.227,3.35,3.18,3.324,46803,-42171,4632,8447,-11699,-3252,10207,-11587,-1380,NaN,NaN,NaN,NaN,76311,46803,-42171,4632,8447,-11699,-3252,10207,-11587,-1380
2006-06-26T22:00:00Z,3.345,3.35,3.15,3.187,45691,-40892,4799,8197,-11907,-3710,9626,-10715,-1089,NaN,NaN,NaN,NaN,73323,45691,-40892,4799,8197,-11907,-3710,9626,-10715,-1089
2006-06-27T22:00:00Z,3.175,3.3,3.135,3.293,45691,-40892,4799,8197,-11907,-3710,9626,-10715,-1089,NaN,NaN,NaN,NaN,73323,45691,-40892,4799,8197,-11907,-3710,9626,-10715,-1089
2006-06-28T22:00:00Z,3.172,3.345,3.1355,3.321,45691,-40892,4799,8197,-11907,-3710,9626,-10715,-1089,NaN,NaN,NaN,NaN,73323,45691,-40892,4799,8197,-11907,-3710,9626,-10715,-1089
2006-06-29T22:00:00Z,3.306,3.455,3.305,3.355,45691,-40892,4799,8197,-11907,-3710,9626,-10715,-1089,NaN,NaN,NaN,NaN,73323,45691,-40892,4799,8197,-11907,-3710,9626,-10715,-1089
2006-07-04T22:00:00Z,3.36,3.4395,3.345,3.404,44973,-41681,3292,8460,-10899,-2439,9902,-10755,-853,NaN,NaN,NaN,NaN,72880,44973,-41681,3292,8460,-10899,-2439,9902,-10755,-853
2006-07-05T22:00:00Z,3.395,3.635,3.37,3.617,44973,-41681,3292,8460,-10899,-2439,9902,-10755,-853,NaN,NaN,NaN,NaN,72880,44973,-41681,3292,8460,-10899,-2439,9902,-10755,-853
2006-07-06T22:00:00Z,3.617,3.6195,3.536,3.5475,44973,-41681,3292,8460,-10899,-2439,9902,-10755,-853,NaN,NaN,NaN,NaN,72880,44973,-41681,3292,8460,-10899,-2439,9902,-10755,-853
2006-07-09T22:00:00Z,3.5445,3.595,3.48,3.5825,44973,-41681,3292,8460,-10899,-2439,9902,-10755,-853,NaN,NaN,NaN,NaN,72880,44973,-41681,3292,8460,-10899,-2439,9902,-10755,-853
2006-07-10T22:00:00Z,3.5825,3.655,3.545,3.635,44222,-41917,2305,10614,-12828,-2214,10285,-10376,-91,NaN,NaN,NaN,NaN,74754,44222,-41917,2305,10614,-12828,-2214,10285,-10376,-91
2006-07-11T22:00:00Z,3.6105,3.77,3.61,3.665,44222,-41917,2305,10614,-12828,-2214,10285,-10376,-91,NaN,NaN,NaN,NaN,74754,44222,-41917,2305,10614,-12828,-2214,10285,-10376,-91
2006-07-12T22:00:00Z,3.66,3.688,3.525,3.6765,44222,-41917,2305,10614,-12828,-2214,10285,-10376,-91,NaN,NaN,NaN,NaN,74754,44222,-41917,2305,10614,-12828,-2214,10285,-10376,-91
2006-07-13T22:00:00Z,3.673,3.7275,3.6455,3.7125,44222,-41917,2305,10614,-12828,-2214,10285,-10376,-91,NaN,NaN,NaN,NaN,74754,44222,-41917,2305,10614,-12828,-2214,10285,-10376,-91
2006-07-16T22:00:00Z,3.7125,3.735,3.51,3.5995,44222,-41917,2305,10614,-12828,-2214,10285,-10376,-91,NaN,NaN,NaN,NaN,74754,44222,-41917,2305,10614,-12828,-2214,10285,-10376,-91
2006-07-17T22:00:00Z,3.59,3.68,3.531,3.5745,45418,-40889,4529,10848,-14197,-3349,9799,-10979,-1180,NaN,NaN,NaN,NaN,76332,45418,-40889,4529,10848,-14197,-3349,9799,-10979,-1180
2006-07-18T22:00:00Z,3.57,3.69,3.45,3.5935,45418,-40889,4529,10848,-14197,-3349,9799,-10979,-1180,NaN,NaN,NaN,NaN,76332,45418,-40889,4529,10848,-14197,-3349,9799,-10979,-1180
2006-07-19T22:00:00Z,3.595,3.619,3.38,3.4,45418,-40889,4529,10848,-14197,-3349,9799,-10979,-1180,NaN,NaN,NaN,NaN,76332,45418,-40889,4529,10848,-14197,-3349,9799,-10979,-1180
2006-07-20T22:00:00Z,3.405,3.46,3.241,3.323,45418,-40889,4529,10848,-14197,-3349,9799,-10979,-1180,NaN,NaN,NaN,NaN,76332,45418,-40889,4529,10848,-14197,-3349,9799,-10979,-1180
2006-07-23T22:00:00Z,3.305,3.385,3.21,3.382,45418,-40889,4529,10848,-14197,-3349,9799,-10979,-1180,NaN,NaN,NaN,NaN,76332,45418,-40889,4529,10848,-14197,-3349,9799,-10979,-1180
2006-07-24T22:00:00Z,3.375,3.475,3.335,3.461,45378,-38435,6943,8471,-14165,-5694,8907,-10156,-1249,NaN,NaN,NaN,NaN,73348,45378,-38435,6943,8471,-14165,-5694,8907,-10156,-1249
2006-07-25T22:00:00Z,3.461,3.462,3.38,3.4495,45378,-38435,6943,8471,-14165,-5694,8907,-10156,-1249,NaN,NaN,NaN,NaN,73348,45378,-38435,6943,8471,-14165,-5694,8907,-10156,-1249
2006-07-26T22:00:00Z,3.445,3.51,3.429,3.4785,45378,-38435,6943,8471,-14165,-5694,8907,-10156,-1249,NaN,NaN,NaN,NaN,73348,45378,-38435,6943,8471,-14165,-5694,8907,-10156,-1249
2006-07-27T22:00:00Z,3.465,3.56,3.44,3.549,45378,-38435,6943,8471,-14165,-5694,8907,-10156,-1249,NaN,NaN,NaN,NaN,73348,45378,-38435,6943,8471,-14165,-5694,8907,-10156,-1249
2006-07-30T22:00:00Z,3.553,3.655,3.553,3.57,45378,-38435,6943,8471,-14165,-5694,8907,-10156,-1249,NaN,NaN,NaN,NaN,73348,45378,-38435,6943,8471,-14165,-5694,8907,-10156,-1249
2006-07-31T22:00:00Z,3.569,3.605,3.565,3.593,44007,-37256,6751,8643,-14950,-6307,9600,-10044,-444,NaN,NaN,NaN,NaN,71537,44007,-37256,6751,8643,-14950,-6307,9600,-10044,-444
2006-08-01T22:00:00Z,3.593,3.62,3.56,3.591,44007,-37256,6751,8643,-14950,-6307,9600,-10044,-444,NaN,NaN,NaN,NaN,71537,44007,-37256,6751,8643,-14950,-6307,9600,-10044,-444
2006-08-02T22:00:00Z,3.595,3.6285,3.43,3.4895,44007,-37256,6751,8643,-14950,-6307,9600,-10044,-444,NaN,NaN,NaN,NaN,71537,44007,-37256,6751,8643,-14950,-6307,9600,-10044,-444
2006-08-03T22:00:00Z,3.476,3.685,3.476,3.6325,44007,-37256,6751,8643,-14950,-6307,9600,-10044,-444,NaN,NaN,NaN,NaN,71537,44007,-37256,6751,8643,-14950,-6307,9600,-10044,-444
2006-08-06T22:00:00Z,3.635,3.6845,3.553,3.6105,44007,-37256,6751,8643,-14950,-6307,9600,-10044,-444,NaN,NaN,NaN,NaN,71537,44007,-37256,6751,8643,-14950,-6307,9600,-10044,-444
2006-08-07T22:00:00Z,3.6105,3.64,3.57,3.602,45271,-38274,6997,9387,-15981,-6594,10479,-10882,-403,NaN,NaN,NaN,NaN,72385,45271,-38274,6997,9387,-15981,-6594,10479,-10882,-403
2006-08-08T22:00:00Z,3.61,3.735,3.558,3.71,45271,-38274,6997,9387,-15981,-6594,10479,-10882,-403,NaN,NaN,NaN,NaN,72385,45271,-38274,6997,9387,-15981,-6594,10479,-10882,-403
2006-08-09T22:00:00Z,3.7175,3.7435,3.595,3.6245,45271,-38274,6997,9387,-15981,-6594,10479,-10882,-403,NaN,NaN,NaN,NaN,72385,45271,-38274,6997,9387,-15981,-6594,10479,-10882,-403
2006-08-10T22:00:00Z,3.613,3.678,3.4,3.4765,45271,-38274,6997,9387,-15981,-6594,10479,-10882,-403,NaN,NaN,NaN,NaN,72385,45271,-38274,6997,9387,-15981,-6594,10479,-10882,-403
2006-08-13T22:00:00Z,3.479,3.539,3.45,3.537,45271,-38274,6997,9387,-15981,-6594,10479,-10882,-403,NaN,NaN,NaN,NaN,72385,45271,-38274,6997,9387,-15981,-6594,10479,-10882,-403
2006-08-14T22:00:00Z,3.53,3.575,3.46,3.5275,46678,-37981,8697,9324,-17348,-8024,9939,-10612,-673,NaN,NaN,NaN,NaN,74277,46678,-37981,8697,9324,-17348,-8024,9939,-10612,-673
2006-08-15T22:00:00Z,3.525,3.585,3.448,3.47,46678,-37981,8697,9324,-17348,-8024,9939,-10612,-673,NaN,NaN,NaN,NaN,74277,46678,-37981,8697,9324,-17348,-8024,9939,-10612,-673
2006-08-16T22:00:00Z,3.4795,3.545,3.29,3.3575,46678,-37981,8697,9324,-17348,-8024,9939,-10612,-673,NaN,NaN,NaN,NaN,74277,46678,-37981,8697,9324,-17348,-8024,9939,-10612,-673
2006-08-17T22:00:00Z,3.36,3.47,3.351,3.4345,46678,-37981,8697,9324,-17348,-8024,9939,-10612,-673,NaN,NaN,NaN,NaN,74277,46678,-37981,8697,9324,-17348,-8024,9939,-10612,-673
2006-08-20T22:00:00Z,3.4345,3.545,3.395,3.5195,46678,-37981,8697,9324,-17348,-8024,9939,-10612,-673,NaN,NaN,NaN,NaN,74277,46678,-37981,8697,9324,-17348,-8024,9939,-10612,-673
2006-08-21T22:00:00Z,3.5165,3.5295,3.42,3.493,46774,-36079,10695,8211,-17929,-9718,9797,-10774,-977,NaN,NaN,NaN,NaN,72057,46774,-36079,10695,8211,-17929,-9718,9797,-10774,-977
2006-08-22T22:00:00Z,3.49,3.535,3.4275,3.465,46774,-36079,10695,8211,-17929,-9718,9797,-10774,-977,NaN,NaN,NaN,NaN,72057,46774,-36079,10695,8211,-17929,-9718,9797,-10774,-977
2006-08-23T22:00:00Z,3.458,3.495,3.312,3.4285,46774,-36079,10695,8211,-17929,-9718,9797,-10774,-977,NaN,NaN,NaN,NaN,72057,46774,-36079,10695,8211,-17929,-9718,9797,-10774,-977
2006-08-24T22:00:00Z,3.42,3.454,3.41,3.4425,46774,-36079,10695,8211,-17929,-9718,9797,-10774,-977,NaN,NaN,NaN,NaN,72057,46774,-36079,10695,8211,-17929,-9718,9797,-10774,-977
2006-08-27T22:00:00Z,3.4355,3.465,3.416,3.4545,46774,-36079,10695,8211,-17929,-9718,9797,-10774,-977,NaN,NaN,NaN,NaN,72057,46774,-36079,10695,8211,-17929,-9718,9797,-10774,-977
2006-08-28T22:00:00Z,3.458,3.458,3.353,3.3905,44990,-33146,11844,8156,-19336,-11180,9440,-10104,-664,NaN,NaN,NaN,NaN,69311,44990,-33146,11844,8156,-19336,-11180,9440,-10104,-664
2006-08-29T22:00:00Z,3.395,3.43,3.335,3.3525,44990,-33146,11844,8156,-19336,-11180,9440,-10104,-664,NaN,NaN,NaN,NaN,69311,44990,-33146,11844,8156,-19336,-11180,9440,-10104,-664
2006-08-30T22:00:00Z,3.358,3.51,3.32,3.456,44990,-33146,11844,8156,-19336,-11180,9440,-10104,-664,NaN,NaN,NaN,NaN,69311,44990,-33146,11844,8156,-19336,-11180,9440,-10104,-664
2006-08-31T22:00:00Z,3.469,3.47,3.4555,3.462,44990,-33146,11844,8156,-19336,-11180,9440,-10104,-664,NaN,NaN,NaN,NaN,69311,44990,-33146,11844,8156,-19336,-11180,9440,-10104,-664
2006-09-04T22:00:00Z,3.469,3.657,3.4555,3.6245,44553,-34451,10102,9376,-18099,-8723,9307,-10686,-1379,NaN,NaN,NaN,NaN,69247,44553,-34451,10102,9376,-18099,-8723,9307,-10686,-1379
2006-09-05T22:00:00Z,3.62,3.685,3.6,3.6795,44553,-34451,10102,9376,-18099,-8723,9307,-10686,-1379,NaN,NaN,NaN,NaN,69247,44553,-34451,10102,9376,-18099,-8723,9307,-10686,-1379
2006-09-06T22:00:00Z,3.6725,3.6945,3.561,3.648,44553,-34451,10102,9376,-18099,-8723,9307,-10686,-1379,NaN,NaN,NaN,NaN,69247,44553,-34451,10102,9376,-18099,-8723,9307,-10686,-1379
2006-09-07T22:00:00Z,3.6405,3.66,3.535,3.568,44553,-34451,10102,9376,-18099,-8723,9307,-10686,-1379,NaN,NaN,NaN,NaN,69247,44553,-34451,10102,9376,-18099,-8723,9307,-10686,-1379
2006-09-10T22:00:00Z,3.57,3.5775,3.385,3.4175,44553,-34451,10102,9376,-18099,-8723,9307,-10686,-1379,NaN,NaN,NaN,NaN,69247,44553,-34451,10102,9376,-18099,-8723,9307,-10686,-1379
2006-09-11T22:00:00Z,3.41,3.455,3.345,3.373,45033,-34870,10163,7881,-17275,-9394,10181,-10950,-769,NaN,NaN,NaN,NaN,68944,45033,-34870,10163,7881,-17275,-9394,10181,-10950,-769
2006-09-12T22:00:00Z,3.374,3.43,3.33,3.385,45033,-34870,10163,7881,-17275,-9394,10181,-10950,-769,NaN,NaN,NaN,NaN,68944,45033,-34870,10163,7881,-17275,-9394,10181,-10950,-769
2006-09-13T22:00:00Z,3.385,3.45,3.355,3.3745,45033,-34870,10163,7881,-17275,-9394,10181,-10950,-769,NaN,NaN,NaN,NaN,68944,45033,-34870,10163,7881,-17275,-9394,10181,-10950,-769
2006-09-14T22:00:00Z,3.368,3.373,3.275,3.3115,45033,-34870,10163,7881,-17275,-9394,10181,-10950,-769,NaN,NaN,NaN,NaN,68944,45033,-34870,10163,7881,-17275,-9394,10181,-10950,-769
2006-09-17T22:00:00Z,3.321,3.42,3.31,3.4145,45033,-34870,10163,7881,-17275,-9394,10181,-10950,-769,NaN,NaN,NaN,NaN,68944,45033,-34870,10163,7881,-17275,-9394,10181,-10950,-769
2006-09-18T22:00:00Z,3.42,3.425,3.365,3.3755,45531,-34371,11160,9170,-20212,-11042,8408,-8526,-118,NaN,NaN,NaN,NaN,68168,45531,-34371,11160,9170,-20212,-11042,8408,-8526,-118
2006-09-19T22:00:00Z,3.3755,3.386,3.255,3.376,45531,-34371,11160,9170,-20212,-11042,8408,-8526,-118,NaN,NaN,NaN,NaN,68168,45531,-34371,11160,9170,-20212,-11042,8408,-8526,-118
2006-09-20T22:00:00Z,3.37,3.45,3.3345,3.4315,45531,-34371,11160,9170,-20212,-11042,8408,-8526,-118,NaN,NaN,NaN,NaN,68168,45531,-34371,11160,9170,-20212,-11042,8408,-8526,-118
2006-09-21T22:00:00Z,3.43,3.495,3.39,3.4435,45531,-34371,11160,9170,-20212,-11042,8408,-8526,-118,NaN,NaN,NaN,NaN,68168,45531,-34371,11160,9170,-20212,-11042,8408,-8526,-118
2006-09-24T22:00:00Z,3.4335,3.45,3.345,3.4475,45531,-34371,11160,9170,-20212,-11042,8408,-8526,-118,NaN,NaN,NaN,NaN,68168,45531,-34371,11160,9170,-20212,-11042,8408,-8526,-118
2006-09-25T22:00:00Z,3.446,3.491,3.41,3.466,44450,-32361,12089,10566,-20167,-9601,8303,-10791,-2488,NaN,NaN,NaN,NaN,67977,44450,-32361,12089,10566,-20167,-9601,8303,-10791,-2488
2006-09-26T22:00:00Z,3.469,3.54,3.445,3.487,44450,-32361,12089,10566,-20167,-9601,8303,-10791,-2488,NaN,NaN,NaN,NaN,67977,44450,-32361,12089,10566,-20167,-9601,8303,-10791,-2488
2006-09-27T22:00:00Z,3.4865,3.5155,3.4,3.428,44450,-32361,12089,10566,-20167,-9601,8303,-10791,-2488,NaN,NaN,NaN,NaN,67977,44450,-32361,12089,10566,-20167,-9601,8303,-10791,-2488
2006-09-28T22:00:00Z,3.43,3.485,3.41,3.4605,44450,-32361,12089,10566,-20167,-9601,8303,-10791,-2488,NaN,NaN,NaN,NaN,67977,44450,-32361,12089,10566,-20167,-9601,8303,-10791,-2488
2006-10-01T22:00:00Z,3.4605,3.51,3.401,3.4295,44450,-32361,12089,10566,-20167,-9601,8303,-10791,-2488,NaN,NaN,NaN,NaN,67977,44450,-32361,12089,10566,-20167,-9601,8303,-10791,-2488
2006-10-02T22:00:00Z,3.4295,3.435,3.276,3.2825,45107,-33169,11938,10554,-22847,-12293,8808,-8453,355,NaN,NaN,NaN,NaN,69400,45107,-33169,11938,10554,-22847,-12293,8808,-8453,355
2006-10-03T22:00:00Z,3.279,3.355,3.185,3.2055,45107,-33169,11938,10554,-22847,-12293,8808,-8453,355,NaN,NaN,NaN,NaN,69400,45107,-33169,11938,10554,-22847,-12293,8808,-8453,355
2006-10-04T22:00:00Z,3.206,3.398,3.2045,3.3,45107,-33169,11938,10554,-22847,-12293,8808,-8453,355,NaN,NaN,NaN,NaN,69400,45107,-33169,11938,10554,-22847,-12293,8808,-8453,355
2006-10-05T22:00:00Z,3.325,3.425,3.2925,3.3885,45107,-33169,11938,10554,-22847,-12293,8808,-8453,355,NaN,NaN,NaN,NaN,69400,45107,-33169,11938,10554,-22847,-12293,8808,-8453,355
2006-10-08T22:00:00Z,3.4,3.45,3.3875,3.413,45107,-33169,11938,10554,-22847,-12293,8808,-8453,355,NaN,NaN,NaN,NaN,69400,45107,-33169,11938,10554,-22847,-12293,8808,-8453,355
2006-10-09T22:00:00Z,3.418,3.4325,3.3625,3.378,43796,-28785,15011,10562,-23849,-13287,9335,-11059,-1724,NaN,NaN,NaN,NaN,69015,43796,-28785,15011,10562,-23849,-13287,9335,-11059,-1724
2006-10-10T22:00:00Z,3.38,3.4325,3.3505,3.41,43796,-28785,15011,10562,-23849,-13287,9335,-11059,-1724,NaN,NaN,NaN,NaN,69015,43796,-28785,15011,10562,-23849,-13287,9335,-11059,-1724
2006-10-11T22:00:00Z,3.405,3.429,3.335,3.3865,43796,-28785,15011,10562,-23849,-13287,9335,-11059,-1724,NaN,NaN,NaN,NaN,69015,43796,-28785,15011,10562,-23849,-13287,9335,-11059,-1724
2006-10-12T22:00:00Z,3.388,3.518,3.375,3.4135,43796,-28785,15011,10562,-23849,-13287,9335,-11059,-1724,NaN,NaN,NaN,NaN,69015,43796,-28785,15011,10562,-23849,-13287,9335,-11059,-1724
2006-10-15T22:00:00Z,3.41,3.585,3.396,3.581,43796,-28785,15011,10562,-23849,-13287,9335,-11059,-1724,NaN,NaN,NaN,NaN,69015,43796,-28785,15011,10562,-23849,-13287,9335,-11059,-1724
2006-10-16T22:00:00Z,3.578,3.595,3.481,3.496,42204,-32753,9451,13068,-21992,-8924,10879,-11406,-527,NaN,NaN,NaN,NaN,72713,42204,-32753,9451,13068,-21992,-8924,10879,-11406,-527
2006-10-17T22:00:00Z,3.5,3.5295,3.465,3.496,42204,-32753,9451,13068,-21992,-8924,10879,-11406,-527,NaN,NaN,NaN,NaN,72713,42204,-32753,9451,13068,-21992,-8924,10879,-11406,-527
2006-10-18T22:00:00Z,3.489,3.52,3.472,3.5095,42204,-32753,9451,13068,-21992,-8924,10879,-11406,-527,NaN,NaN,NaN,NaN,72713,42204,-32753,9451,13068,-21992,-8924,10879,-11406,-527
2006-10-19T22:00:00Z,3.4965,3.52,3.43,3.462,42204,-32753,9451,13068,-21992,-8924,10879,-11406,-527,NaN,NaN,NaN,NaN,72713,42204,-32753,9451,13068,-21992,-8924,10879,-11406,-527
2006-10-22T22:00:00Z,3.4625,3.48,3.405,3.451,42204,-32753,9451,13068,-21992,-8924,10879,-11406,-527,NaN,NaN,NaN,NaN,72713,42204,-32753,9451,13068,-21992,-8924,10879,-11406,-527
2006-10-23T22:00:00Z,3.4,3.463,3.35,3.418,43102,-32837,10265,12435,-22183,-9748,11184,-11701,-517,NaN,NaN,NaN,NaN,75321,43102,-32837,10265,12435,-22183,-9748,11184,-11701,-517
2006-10-24T22:00:00Z,3.3925,3.422,3.36,3.4045,43102,-32837,10265,12435,-22183,-9748,11184,-11701,-517,NaN,NaN,NaN,NaN,75321,43102,-32837,10265,12435,-22183,-9748,11184,-11701,-517
2006-10-25T22:00:00Z,3.4025,3.433,3.38,3.4,43102,-32837,10265,12435,-22183,-9748,11184,-11701,-517,NaN,NaN,NaN,NaN,75321,43102,-32837,10265,12435,-22183,-9748,11184,-11701,-517
2006-10-26T22:00:00Z,3.4,3.42,3.38,3.405,43102,-32837,10265,12435,-22183,-9748,11184,-11701,-517,NaN,NaN,NaN,NaN,75321,43102,-32837,10265,12435,-22183,-9748,11184,-11701,-517
2006-10-29T23:00:00Z,3.405,3.412,3.285,3.3585,43102,-32837,10265,12435,-22183,-9748,11184,-11701,-517,NaN,NaN,NaN,NaN,75321,43102,-32837,10265,12435,-22183,-9748,11184,-11701,-517
2006-10-30T23:00:00Z,3.35,3.3795,3.33,3.3455,42763,-31449,11314,11748,-22691,-10943,11022,-11393,-371,NaN,NaN,NaN,NaN,74423,42763,-31449,11314,11748,-22691,-10943,11022,-11393,-371
2006-10-31T23:00:00Z,3.35,3.43,3.21,3.241,42763,-31449,11314,11748,-22691,-10943,11022,-11393,-371,NaN,NaN,NaN,NaN,74423,42763,-31449,11314,11748,-22691,-10943,11022,-11393,-371
2006-11-01T23:00:00Z,3.265,3.3,3.245,3.2915,42763,-31449,11314,11748,-22691,-10943,11022,-11393,-371,NaN,NaN,NaN,NaN,74423,42763,-31449,11314,11748,-22691,-10943,11022,-11393,-371
2006-11-02T23:00:00Z,3.293,3.3375,3.27,3.3225,42763,-31449,11314,11748,-22691,-10943,11022,-11393,-371,NaN,NaN,NaN,NaN,74423,42763,-31449,11314,11748,-22691,-10943,11022,-11393,-371
2006-11-05T23:00:00Z,3.3225,3.365,3.285,3.337,42763,-31449,11314,11748,-22691,-10943,11022,-11393,-371,NaN,NaN,NaN,NaN,74423,42763,-31449,11314,11748,-22691,-10943,11022,-11393,-371
2006-11-06T23:00:00Z,3.332,3.407,3.332,3.3655,43446,-29319,14127,11443,-25083,-13640,10465,-10952,-487,NaN,NaN,NaN,NaN,72371,43446,-29319,14127,11443,-25083,-13640,10465,-10952,-487
2006-11-07T23:00:00Z,3.362,3.3645,3.225,3.2445,43446,-29319,14127,11443,-25083,-13640,10465,-10952,-487,NaN,NaN,NaN,NaN,72371,43446,-29319,14127,11443,-25083,-13640,10465,-10952,-487
2006-11-08T23:00:00Z,3.27,3.317,3.225,3.309,43446,-29319,14127,11443,-25083,-13640,10465,-10952,-487,NaN,NaN,NaN,NaN,72371,43446,-29319,14127,11443,-25083,-13640,10465,-10952,-487
2006-11-09T23:00:00Z,3.3075,3.3175,3.08,3.0885,43446,-29319,14127,11443,-25083,-13640,10465,-10952,-487,NaN,NaN,NaN,NaN,72371,43446,-29319,14127,11443,-25083,-13640,10465,-10952,-487
2006-11-12T23:00:00Z,3.0855,3.125,3.02,3.075,43446,-29319,14127,11443,-25083,-13640,10465,-10952,-487,NaN,NaN,NaN,NaN,72371,43446,-29319,14127,11443,-25083,-13640,10465,-10952,-487
2006-11-13T23:00:00Z,3.09,3.1455,3.051,3.089,45520,-26348,19172,10013,-27023,-17010,11031,-13193,-2162,NaN,NaN,NaN,NaN,73681,45520,-26348,19172,10013,-27023,-17010,11031,-13193,-2162
2006-11-14T23:00:00Z,3.082,3.19,3.035,3.0945,45520,-26348,19172,10013,-27023,-17010,11031,-13193,-2162,NaN,NaN,NaN,NaN,73681,45520,-26348,19172,10013,-27023,-17010,11031,-13193,-2162
2006-11-15T23:00:00Z,3.094,3.102,3.03,3.041,45520,-26348,19172,10013,-27023,-17010,11031,-13193,-2162,NaN,NaN,NaN,NaN,73681,45520,-26348,19172,10013,-27023,-17010,11031,-13193,-2162
2006-11-16T23:00:00Z,3.032,3.065,2.975,3.0575,45520,-26348,19172,10013,-27023,-17010,11031,-13193,-2162,NaN,NaN,NaN,NaN,73681,45520,-26348,19172,10013,-27023,-17010,11031,-13193,-2162
2006-11-19T23:00:00Z,3.0575,3.099,3.02,3.0415,45520,-26348,19172,10013,-27023,-17010,11031,-13193,-2162,NaN,NaN,NaN,NaN,73681,45520,-26348,19172,10013,-27023,-17010,11031,-13193,-2162
2006-11-20T23:00:00Z,3.04,3.1275,3.0275,3.1155,47397,-26453,20944,9130,-27232,-18102,10312,-13154,-2842,NaN,NaN,NaN,NaN,73218,47397,-26453,20944,9130,-27232,-18102,10312,-13154,-2842
2006-11-21T23:00:00Z,3.1175,3.171,3.09,3.111,47397,-26453,20944,9130,-27232,-18102,10312,-13154,-2842,NaN,NaN,NaN,NaN,73218,47397,-26453,20944,9130,-27232,-18102,10312,-13154,-2842
2006-11-26T23:00:00Z,3.11,3.2535,3.108,3.1875,47397,-26453,20944,9130,-27232,-18102,10312,-13154,-2842,NaN,NaN,NaN,NaN,73218,47397,-26453,20944,9130,-27232,-18102,10312,-13154,-2842
2006-11-27T23:00:00Z,3.185,3.203,3.11,3.138,45218,-22879,22339,9859,-27495,-17636,9998,-14701,-4703,NaN,NaN,NaN,NaN,70308,45218,-22879,22339,9859,-27495,-17636,9998,-14701,-4703
2006-11-28T23:00:00Z,3.1645,3.196,3.105,3.155,45218,-22879,22339,9859,-27495,-17636,9998,-14701,-4703,NaN,NaN,NaN,NaN,70308,45218,-22879,22339,9859,-27495,-17636,9998,-14701,-4703
2006-11-29T23:00:00Z,3.17,3.21,3.1525,3.1955,45218,-22879,22339,9859,-27495,-17636,9998,-14701,-4703,NaN,NaN,NaN,NaN,70308,45218,-22879,22339,9859,-27495,-17636,9998,-14701,-4703
2006-11-30T23:00:00Z,3.1905,3.2,3.141,3.172,45218,-22879,22339,9859,-27495,-17636,9998,-14701,-4703,NaN,NaN,NaN,NaN,70308,45218,-22879,22339,9859,-27495,-17636,9998,-14701,-4703
2006-12-03T23:00:00Z,3.1735,3.178,3.1525,3.176,45218,-22879,22339,9859,-27495,-17636,9998,-14701,-4703,NaN,NaN,NaN,NaN,70308,45218,-22879,22339,9859,-27495,-17636,9998,-14701,-4703
2006-12-04T23:00:00Z,3.17,3.295,3.16,3.247,44655,-23437,21218,9550,-26632,-17082,9325,-13461,-4136,NaN,NaN,NaN,NaN,68793,44655,-23437,21218,9550,-26632,-17082,9325,-13461,-4136
2006-12-05T23:00:00Z,3.246,3.246,3.15,3.16,44655,-23437,21218,9550,-26632,-17082,9325,-13461,-4136,NaN,NaN,NaN,NaN,68793,44655,-23437,21218,9550,-26632,-17082,9325,-13461,-4136
2006-12-06T23:00:00Z,3.1515,3.17,3.08,3.102,44655,-23437,21218,9550,-26632,-17082,9325,-13461,-4136,NaN,NaN,NaN,NaN,68793,44655,-23437,21218,9550,-26632,-17082,9325,-13461,-4136
2006-12-07T23:00:00Z,3.115,3.13,3.092,3.112,44655,-23437,21218,9550,-26632,-17082,9325,-13461,-4136,NaN,NaN,NaN,NaN,68793,44655,-23437,21218,9550,-26632,-17082,9325,-13461,-4136
2006-12-10T23:00:00Z,3.109,3.157,3.0965,3.1335,44655,-23437,21218,9550,-26632,-17082,9325,-13461,-4136,NaN,NaN,NaN,NaN,68793,44655,-23437,21218,9550,-26632,-17082,9325,-13461,-4136
2006-12-11T23:00:00Z,3.136,3.1575,3.0875,3.0945,44210,-23227,20983,9439,-26965,-17526,9483,-12940,-3457,NaN,NaN,NaN,NaN,67911,44210,-23227,20983,9439,-26965,-17526,9483,-12940,-3457
2006-12-12T23:00:00Z,3.091,3.1065,3.026,3.039,44210,-23227,20983,9439,-26965,-17526,9483,-12940,-3457,NaN,NaN,NaN,NaN,67911,44210,-23227,20983,9439,-26965,-17526,9483,-12940,-3457
2006-12-13T23:00:00Z,3.033,3.097,3.033,3.0575,44210,-23227,20983,9439,-26965,-17526,9483,-12940,-3457,NaN,NaN,NaN,NaN,67911,44210,-23227,20983,9439,-26965,-17526,9483,-12940,-3457
2006-12-14T23:00:00Z,3.043,3.078,2.978,3.006,44210,-23227,20983,9439,-26965,-17526,9483,-12940,-3457,NaN,NaN,NaN,NaN,67911,44210,-23227,20983,9439,-26965,-17526,9483,-12940,-3457
2006-12-17T23:00:00Z,3.0205,3.0435,3,3.0295,44210,-23227,20983,9439,-26965,-17526,9483,-12940,-3457,NaN,NaN,NaN,NaN,67911,44210,-23227,20983,9439,-26965,-17526,9483,-12940,-3457
2006-12-18T23:00:00Z,3.032,3.0485,3,3.0175,46285,-23433,22852,8423,-27394,-18971,9790,-13671,-3881,NaN,NaN,NaN,NaN,68920,46285,-23433,22852,8423,-27394,-18971,9790,-13671,-3881
2006-12-19T23:00:00Z,3.022,3.0295,2.941,2.9545,46285,-23433,22852,8423,-27394,-18971,9790,-13671,-3881,NaN,NaN,NaN,NaN,68920,46285,-23433,22852,8423,-27394,-18971,9790,-13671,-3881
2006-12-20T23:00:00Z,2.964,2.9795,2.856,2.8625,46285,-23433,22852,8423,-27394,-18971,9790,-13671,-3881,NaN,NaN,NaN,NaN,68920,46285,-23433,22852,8423,-27394,-18971,9790,-13671,-3881
2006-12-21T23:00:00Z,2.868,2.908,2.8475,2.8535,46285,-23433,22852,8423,-27394,-18971,9790,-13671,-3881,NaN,NaN,NaN,NaN,68920,46285,-23433,22852,8423,-27394,-18971,9790,-13671,-3881
2006-12-25T23:00:00Z,2.845,2.885,2.845,2.878,46853,-22568,24285,6507,-26714,-20207,9676,-13754,-4078,NaN,NaN,NaN,NaN,67350,46853,-22568,24285,6507,-26714,-20207,9676,-13754,-4078
2006-12-26T23:00:00Z,2.879,2.94,2.8675,2.905,46853,-22568,24285,6507,-26714,-20207,9676,-13754,-4078,NaN,NaN,NaN,NaN,67350,46853,-22568,24285,6507,-26714,-20207,9676,-13754,-4078
2006-12-27T23:00:00Z,2.912,2.914,2.882,2.895,46853,-22568,24285,6507,-26714,-20207,9676,-13754,-4078,NaN,NaN,NaN,NaN,67350,46853,-22568,24285,6507,-26714,-20207,9676,-13754,-4078
2006-12-28T23:00:00Z,2.8925,2.92,2.83,2.871,46853,-22568,24285,6507,-26714,-20207,9676,-13754,-4078,NaN,NaN,NaN,NaN,67350,46853,-22568,24285,6507,-26714,-20207,9676,-13754,-4078
2007-01-02T23:00:00Z,2.798,2.798,2.645,2.655,48084,-24189,23895,5847,-25841,-19994,11469,-15370,-3901,NaN,NaN,NaN,NaN,70253,48084,-24189,23895,5847,-25841,-19994,11469,-15370,-3901
2007-01-03T23:00:00Z,2.66,2.66,2.5565,2.608,48084,-24189,23895,5847,-25841,-19994,11469,-15370,-3901,NaN,NaN,NaN,NaN,70253,48084,-24189,23895,5847,-25841,-19994,11469,-15370,-3901
2007-01-04T23:00:00Z,2.611,2.65,2.52,2.535,48084,-24189,23895,5847,-25841,-19994,11469,-15370,-3901,NaN,NaN,NaN,NaN,70253,48084,-24189,23895,5847,-25841,-19994,11469,-15370,-3901
2007-01-07T23:00:00Z,2.535,2.5895,2.47,2.528,48084,-24189,23895,5847,-25841,-19994,11469,-15370,-3901,NaN,NaN,NaN,NaN,70253,48084,-24189,23895,5847,-25841,-19994,11469,-15370,-3901
2007-01-08T23:00:00Z,2.532,2.58,2.495,2.556,49018,-26028,22990,6335,-25590,-19255,9803,-13538,-3735,NaN,NaN,NaN,NaN,69879,49018,-26028,22990,6335,-25590,-19255,9803,-13538,-3735
2007-01-09T23:00:00Z,2.555,2.6855,2.555,2.664,49018,-26028,22990,6335,-25590,-19255,9803,-13538,-3735,NaN,NaN,NaN,NaN,69879,49018,-26028,22990,6335,-25590,-19255,9803,-13538,-3735
2007-01-10T23:00:00Z,2.6725,2.7,2.6085,2.659,49018,-26028,22990,6335,-25590,-19255,9803,-13538,-3735,NaN,NaN,NaN,NaN,69879,49018,-26028,22990,6335,-25590,-19255,9803,-13538,-3735
2007-01-11T23:00:00Z,2.653,2.659,2.595,2.603,49018,-26028,22990,6335,-25590,-19255,9803,-13538,-3735,NaN,NaN,NaN,NaN,69879,49018,-26028,22990,6335,-25590,-19255,9803,-13538,-3735
2007-01-15T23:00:00Z,2.609,2.6275,2.485,2.5775,48370,-24442,23928,5358,-25985,-20627,10245,-13546,-3301,NaN,NaN,NaN,NaN,68933,48370,-24442,23928,5358,-25985,-20627,10245,-13546,-3301
2007-01-16T23:00:00Z,2.56,2.577,2.5205,2.5695,48370,-24442,23928,5358,-25985,-20627,10245,-13546,-3301,NaN,NaN,NaN,NaN,68933,48370,-24442,23928,5358,-25985,-20627,10245,-13546,-3301
2007-01-17T23:00:00Z,2.555,2.6085,2.48,2.492,48370,-24442,23928,5358,-25985,-20627,10245,-13546,-3301,NaN,NaN,NaN,NaN,68933,48370,-24442,23928,5358,-25985,-20627,10245,-13546,-3301
2007-01-18T23:00:00Z,2.485,2.544,2.481,2.517,48370,-24442,23928,5358,-25985,-20627,10245,-13546,-3301,NaN,NaN,NaN,NaN,68933,48370,-24442,23928,5358,-25985,-20627,10245,-13546,-3301
2007-01-21T23:00:00Z,2.5235,2.554,2.5,2.5295,48370,-24442,23928,5358,-25985,-20627,10245,-13546,-3301,NaN,NaN,NaN,NaN,68933,48370,-24442,23928,5358,-25985,-20627,10245,-13546,-3301
2007-01-22T23:00:00Z,2.52,2.615,2.5165,2.5795,48626,-24991,23635,5190,-26561,-21371,11270,-13534,-2264,NaN,NaN,NaN,NaN,70723,48626,-24991,23635,5190,-26561,-21371,11270,-13534,-2264
2007-01-23T23:00:00Z,2.5875,2.6175,2.575,2.6015,48626,-24991,23635,5190,-26561,-21371,11270,-13534,-2264,NaN,NaN,NaN,NaN,70723,48626,-24991,23635,5190,-26561,-21371,11270,-13534,-2264
2007-01-24T23:00:00Z,2.612,2.6815,2.5965,2.6545,48626,-24991,23635,5190,-26561,-21371,11270,-13534,-2264,NaN,NaN,NaN,NaN,70723,48626,-24991,23635,5190,-26561,-21371,11270,-13534,-2264
2007-01-25T23:00:00Z,2.6475,2.66,2.585,2.637,48626,-24991,23635,5190,-26561,-21371,11270,-13534,-2264,NaN,NaN,NaN,NaN,70723,48626,-24991,23635,5190,-26561,-21371,11270,-13534,-2264
2007-01-28T23:00:00Z,2.635,2.654,2.515,2.542,48626,-24991,23635,5190,-26561,-21371,11270,-13534,-2264,NaN,NaN,NaN,NaN,70723,48626,-24991,23635,5190,-26561,-21371,11270,-13534,-2264
2007-01-29T23:00:00Z,2.536,2.58,2.51,2.5615,48462,-24932,23530,5545,-27129,-21584,11395,-13341,-1946,NaN,NaN,NaN,NaN,71448,48462,-24932,23530,5545,-27129,-21584,11395,-13341,-1946
2007-01-30T23:00:00Z,2.571,2.61,2.5565,2.5945,48462,-24932,23530,5545,-27129,-21584,11395,-13341,-1946,NaN,NaN,NaN,NaN,71448,48462,-24932,23530,5545,-27129,-21584,11395,-13341,-1946
2007-01-31T23:00:00Z,2.585,2.605,2.515,2.5305,48462,-24932,23530,5545,-27129,-21584,11395,-13341,-1946,NaN,NaN,NaN,NaN,71448,48462,-24932,23530,5545,-27129,-21584,11395,-13341,-1946
2007-02-01T23:00:00Z,2.5385,2.5465,2.385,2.423,48462,-24932,23530,5545,-27129,-21584,11395,-13341,-1946,NaN,NaN,NaN,NaN,71448,48462,-24932,23530,5545,-27129,-21584,11395,-13341,-1946
2007-02-04T23:00:00Z,2.413,2.4535,2.405,2.4165,48462,-24932,23530,5545,-27129,-21584,11395,-13341,-1946,NaN,NaN,NaN,NaN,71448,48462,-24932,23530,5545,-27129,-21584,11395,-13341,-1946
2007-02-05T23:00:00Z,2.4215,2.5,2.419,2.4965,49215,-26048,23167,5449,-27347,-21898,11805,-13074,-1269,NaN,NaN,NaN,NaN,72035,49215,-26048,23167,5449,-27347,-21898,11805,-13074,-1269
2007-02-06T23:00:00Z,2.49,2.495,2.425,2.455,49215,-26048,23167,5449,-27347,-21898,11805,-13074,-1269,NaN,NaN,NaN,NaN,72035,49215,-26048,23167,5449,-27347,-21898,11805,-13074,-1269
2007-02-07T23:00:00Z,2.455,2.469,2.3855,2.4505,49215,-26048,23167,5449,-27347,-21898,11805,-13074,-1269,NaN,NaN,NaN,NaN,72035,49215,-26048,23167,5449,-27347,-21898,11805,-13074,-1269
2007-02-08T23:00:00Z,2.4595,2.531,2.4505,2.5175,49215,-26048,23167,5449,-27347,-21898,11805,-13074,-1269,NaN,NaN,NaN,NaN,72035,49215,-26048,23167,5449,-27347,-21898,11805,-13074,-1269
2007-02-11T23:00:00Z,2.5245,2.545,2.458,2.4775,49215,-26048,23167,5449,-27347,-21898,11805,-13074,-1269,NaN,NaN,NaN,NaN,72035,49215,-26048,23167,5449,-27347,-21898,11805,-13074,-1269
2007-02-12T23:00:00Z,2.468,2.6,2.468,2.5845,48111,-26416,21695,5710,-26386,-20676,11030,-12049,-1019,NaN,NaN,NaN,NaN,70803,48111,-26416,21695,5710,-26386,-20676,11030,-12049,-1019
2007-02-13T23:00:00Z,2.582,2.62,2.5625,2.577,48111,-26416,21695,5710,-26386,-20676,11030,-12049,-1019,NaN,NaN,NaN,NaN,70803,48111,-26416,21695,5710,-26386,-20676,11030,-12049,-1019
2007-02-14T23:00:00Z,2.578,2.69,2.565,2.664,48111,-26416,21695,5710,-26386,-20676,11030,-12049,-1019,NaN,NaN,NaN,NaN,70803,48111,-26416,21695,5710,-26386,-20676,11030,-12049,-1019
2007-02-15T23:00:00Z,2.6575,2.667,2.617,2.6445,48111,-26416,21695,5710,-26386,-20676,11030,-12049,-1019,NaN,NaN,NaN,NaN,70803,48111,-26416,21695,5710,-26386,-20676,11030,-12049,-1019
2007-02-18T23:00:00Z,2.6445,2.655,2.624,2.6285,48111,-26416,21695,5710,-26386,-20676,11030,-12049,-1019,NaN,NaN,NaN,NaN,70803,48111,-26416,21695,5710,-26386,-20676,11030,-12049,-1019
2007-02-19T23:00:00Z,2.6445,2.655,2.5635,2.586,49013,-26974,22039,5156,-25867,-20711,11338,-12666,-1328,NaN,NaN,NaN,NaN,71320,49013,-26974,22039,5156,-25867,-20711,11338,-12666,-1328
2007-02-20T23:00:00Z,2.585,2.6725,2.56,2.6545,49013,-26974,22039,5156,-25867,-20711,11338,-12666,-1328,NaN,NaN,NaN,NaN,71320,49013,-26974,22039,5156,-25867,-20711,11338,-12666,-1328
2007-02-21T23:00:00Z,2.662,2.794,2.64,2.766,49013,-26974,22039,5156,-25867,-20711,11338,-12666,-1328,NaN,NaN,NaN,NaN,71320,49013,-26974,22039,5156,-25867,-20711,11338,-12666,-1328
2007-02-22T23:00:00Z,2.7625,2.8675,2.7555,2.84,49013,-26974,22039,5156,-25867,-20711,11338,-12666,-1328,NaN,NaN,NaN,NaN,71320,49013,-26974,22039,5156,-25867,-20711,11338,-12666,-1328
2007-02-25T23:00:00Z,2.8415,2.888,2.8215,2.8555,49013,-26974,22039,5156,-25867,-20711,11338,-12666,-1328,NaN,NaN,NaN,NaN,71320,49013,-26974,22039,5156,-25867,-20711,11338,-12666,-1328
2007-02-26T23:00:00Z,2.864,2.865,2.745,2.825,45559,-24756,20803,5301,-24153,-18852,10333,-12284,-1951,NaN,NaN,NaN,NaN,65863,45559,-24756,20803,5301,-24153,-18852,10333,-12284,-1951
2007-02-27T23:00:00Z,2.743,2.815,2.719,2.752,45559,-24756,20803,5301,-24153,-18852,10333,-12284,-1951,NaN,NaN,NaN,NaN,65863,45559,-24756,20803,5301,-24153,-18852,10333,-12284,-1951
2007-02-28T23:00:00Z,2.765,2.818,2.735,2.7545,45559,-24756,20803,5301,-24153,-18852,10333,-12284,-1951,NaN,NaN,NaN,NaN,65863,45559,-24756,20803,5301,-24153,-18852,10333,-12284,-1951
2007-03-01T23:00:00Z,2.7585,2.78,2.683,2.707,45559,-24756,20803,5301,-24153,-18852,10333,-12284,-1951,NaN,NaN,NaN,NaN,65863,45559,-24756,20803,5301,-24153,-18852,10333,-12284,-1951
2007-03-04T23:00:00Z,2.693,2.704,2.625,2.6705,45559,-24756,20803,5301,-24153,-18852,10333,-12284,-1951,NaN,NaN,NaN,NaN,65863,45559,-24756,20803,5301,-24153,-18852,10333,-12284,-1951
2007-03-05T23:00:00Z,2.66,2.745,2.66,2.7135,44591,-24607,19984,5207,-24486,-19279,11566,-12271,-705,NaN,NaN,NaN,NaN,65495,44591,-24607,19984,5207,-24486,-19279,11566,-12271,-705
2007-03-06T23:00:00Z,2.734,2.8,2.7125,2.782,44591,-24607,19984,5207,-24486,-19279,11566,-12271,-705,NaN,NaN,NaN,NaN,65495,44591,-24607,19984,5207,-24486,-19279,11566,-12271,-705
2007-03-07T23:00:00Z,2.798,2.874,2.778,2.8335,44591,-24607,19984,5207,-24486,-19279,11566,-12271,-705,NaN,NaN,NaN,NaN,65495,44591,-24607,19984,5207,-24486,-19279,11566,-12271,-705
2007-03-08T23:00:00Z,2.826,2.83,2.7765,2.78,44591,-24607,19984,5207,-24486,-19279,11566,-12271,-705,NaN,NaN,NaN,NaN,65495,44591,-24607,19984,5207,-24486,-19279,11566,-12271,-705
2007-03-11T22:00:00Z,2.78,2.855,2.7595,2.849,44591,-24607,19984,5207,-24486,-19279,11566,-12271,-705,NaN,NaN,NaN,NaN,65495,44591,-24607,19984,5207,-24486,-19279,11566,-12271,-705
2007-03-12T22:00:00Z,2.854,2.872,2.7905,2.8245,45244,-25291,19953,4642,-22907,-18265,10639,-12327,-1688,NaN,NaN,NaN,NaN,65156,45244,-25291,19953,4642,-22907,-18265,10639,-12327,-1688
2007-03-13T22:00:00Z,2.7915,2.865,2.787,2.826,45244,-25291,19953,4642,-22907,-18265,10639,-12327,-1688,NaN,NaN,NaN,NaN,65156,45244,-25291,19953,4642,-22907,-18265,10639,-12327,-1688
2007-03-14T22:00:00Z,2.85,2.993,2.8405,2.988,45244,-25291,19953,4642,-22907,-18265,10639,-12327,-1688,NaN,NaN,NaN,NaN,65156,45244,-25291,19953,4642,-22907,-18265,10639,-12327,-1688
2007-03-15T22:00:00Z,2.985,3.02,2.951,3.011,45244,-25291,19953,4642,-22907,-18265,10639,-12327,-1688,NaN,NaN,NaN,NaN,65156,45244,-25291,19953,4642,-22907,-18265,10639,-12327,-1688
2007-03-18T22:00:00Z,3.012,3.0435,2.9675,3.0215,45244,-25291,19953,4642,-22907,-18265,10639,-12327,-1688,NaN,NaN,NaN,NaN,65156,45244,-25291,19953,4642,-22907,-18265,10639,-12327,-1688
2007-03-19T22:00:00Z,3.022,3.065,3.005,3.034,46270,-30206,16064,7761,-22839,-15078,10473,-11459,-986,NaN,NaN,NaN,NaN,71303,46270,-30206,16064,7761,-22839,-15078,10473,-11459,-986
2007-03-20T22:00:00Z,3.016,3.054,2.9855,3.019,46270,-30206,16064,7761,-22839,-15078,10473,-11459,-986,NaN,NaN,NaN,NaN,71303,46270,-30206,16064,7761,-22839,-15078,10473,-11459,-986
2007-03-21T22:00:00Z,3.0375,3.095,3.0375,3.073,46270,-30206,16064,7761,-22839,-15078,10473,-11459,-986,NaN,NaN,NaN,NaN,71303,46270,-30206,16064,7761,-22839,-15078,10473,-11459,-986
2007-03-22T22:00:00Z,3.0825,3.133,3.063,3.069,46270,-30206,16064,7761,-22839,-15078,10473,-11459,-986,NaN,NaN,NaN,NaN,71303,46270,-30206,16064,7761,-22839,-15078,10473,-11459,-986
2007-03-25T22:00:00Z,3.069,3.1475,3.069,3.1385,46270,-30206,16064,7761,-22839,-15078,10473,-11459,-986,NaN,NaN,NaN,NaN,71303,46270,-30206,16064,7761,-22839,-15078,10473,-11459,-986
2007-03-26T22:00:00Z,3.1385,3.1475,3.04,3.0575,46101,-31535,14566,8680,-24470,-15790,12914,-11690,1224,NaN,NaN,NaN,NaN,74716,46101,-31535,14566,8680,-24470,-15790,12914,-11690,1224
2007-03-27T22:00:00Z,3.051,3.0785,3.0135,3.0625,46101,-31535,14566,8680,-24470,-15790,12914,-11690,1224,NaN,NaN,NaN,NaN,74716,46101,-31535,14566,8680,-24470,-15790,12914,-11690,1224
2007-03-28T22:00:00Z,3.072,3.0975,3.026,3.0865,46101,-31535,14566,8680,-24470,-15790,12914,-11690,1224,NaN,NaN,NaN,NaN,74716,46101,-31535,14566,8680,-24470,-15790,12914,-11690,1224
2007-03-29T22:00:00Z,3.0975,3.16,3.088,3.146,46101,-31535,14566,8680,-24470,-15790,12914,-11690,1224,NaN,NaN,NaN,NaN,74716,46101,-31535,14566,8680,-24470,-15790,12914,-11690,1224
2007-04-01T22:00:00Z,3.1465,3.194,3.1075,3.179,46101,-31535,14566,8680,-24470,-15790,12914,-11690,1224,NaN,NaN,NaN,NaN,74716,46101,-31535,14566,8680,-24470,-15790,12914,-11690,1224
2007-04-02T22:00:00Z,3.189,3.324,3.1825,3.3145,45184,-32818,12366,9927,-22818,-12891,15100,-14575,525,NaN,NaN,NaN,NaN,77186,45184,-32818,12366,9927,-22818,-12891,15100,-14575,525
2007-04-03T22:00:00Z,3.31,3.398,3.276,3.3875,45184,-32818,12366,9927,-22818,-12891,15100,-14575,525,NaN,NaN,NaN,NaN,77186,45184,-32818,12366,9927,-22818,-12891,15100,-14575,525
2007-04-04T22:00:00Z,3.3715,3.425,3.345,3.377,45184,-32818,12366,9927,-22818,-12891,15100,-14575,525,NaN,NaN,NaN,NaN,77186,45184,-32818,12366,9927,-22818,-12891,15100,-14575,525
2007-04-08T22:00:00Z,3.37,3.534,3.3625,3.506,45184,-32818,12366,9927,-22818,-12891,15100,-14575,525,NaN,NaN,NaN,NaN,77186,45184,-32818,12366,9927,-22818,-12891,15100,-14575,525
2007-04-09T22:00:00Z,3.5225,3.5705,3.4905,3.526,45191,-35468,9723,12333,-22357,-10024,16795,-16494,301,NaN,NaN,NaN,NaN,80185,45191,-35468,9723,12333,-22357,-10024,16795,-16494,301
2007-04-10T22:00:00Z,3.504,3.6235,3.481,3.5825,45191,-35468,9723,12333,-22357,-10024,16795,-16494,301,NaN,NaN,NaN,NaN,80185,45191,-35468,9723,12333,-22357,-10024,16795,-16494,301
2007-04-11T22:00:00Z,3.572,3.6245,3.462,3.502,45191,-35468,9723,12333,-22357,-10024,16795,-16494,301,NaN,NaN,NaN,NaN,80185,45191,-35468,9723,12333,-22357,-10024,16795,-16494,301
2007-04-12T22:00:00Z,3.4805,3.5645,3.48,3.532,45191,-35468,9723,12333,-22357,-10024,16795,-16494,301,NaN,NaN,NaN,NaN,80185,45191,-35468,9723,12333,-22357,-10024,16795,-16494,301
2007-04-15T22:00:00Z,3.545,3.608,3.5,3.5395,45191,-35468,9723,12333,-22357,-10024,16795,-16494,301,NaN,NaN,NaN,NaN,80185,45191,-35468,9723,12333,-22357,-10024,16795,-16494,301
2007-04-16T22:00:00Z,3.551,3.6975,3.4965,3.677,46119,-36597,9522,13787,-22572,-8785,15536,-16273,-737,NaN,NaN,NaN,NaN,80657,46119,-36597,9522,13787,-22572,-8785,15536,-16273,-737
2007-04-17T22:00:00Z,3.656,3.6905,3.611,3.619,46119,-36597,9522,13787,-22572,-8785,15536,-16273,-737,NaN,NaN,NaN,NaN,80657,46119,-36597,9522,13787,-22572,-8785,15536,-16273,-737
2007-04-18T22:00:00Z,3.6515,3.6625,3.515,3.5865,46119,-36597,9522,13787,-22572,-8785,15536,-16273,-737,NaN,NaN,NaN,NaN,80657,46119,-36597,9522,13787,-22572,-8785,15536,-16273,-737
2007-04-19T22:00:00Z,3.5865,3.652,3.5625,3.6105,46119,-36597,9522,13787,-22572,-8785,15536,-16273,-737,NaN,NaN,NaN,NaN,80657,46119,-36597,9522,13787,-22572,-8785,15536,-16273,-737
2007-04-22T22:00:00Z,3.601,3.649,3.561,3.6325,46119,-36597,9522,13787,-22572,-8785,15536,-16273,-737,NaN,NaN,NaN,NaN,80657,46119,-36597,9522,13787,-22572,-8785,15536,-16273,-737
2007-04-23T22:00:00Z,3.638,3.676,3.527,3.5525,46176,-37255,8921,13923,-22406,-8483,15803,-16241,-438,NaN,NaN,NaN,NaN,80138,46176,-37255,8921,13923,-22406,-8483,15803,-16241,-438
2007-04-24T22:00:00Z,3.5605,3.6135,3.524,3.586,46176,-37255,8921,13923,-22406,-8483,15803,-16241,-438,NaN,NaN,NaN,NaN,80138,46176,-37255,8921,13923,-22406,-8483,15803,-16241,-438
2007-04-25T22:00:00Z,3.61,3.61,3.457,3.488,46176,-37255,8921,13923,-22406,-8483,15803,-16241,-438,NaN,NaN,NaN,NaN,80138,46176,-37255,8921,13923,-22406,-8483,15803,-16241,-438
2007-04-26T22:00:00Z,3.505,3.56,3.456,3.5325,46176,-37255,8921,13923,-22406,-8483,15803,-16241,-438,NaN,NaN,NaN,NaN,80138,46176,-37255,8921,13923,-22406,-8483,15803,-16241,-438
2007-04-29T22:00:00Z,3.532,3.5885,3.513,3.5565,46176,-37255,8921,13923,-22406,-8483,15803,-16241,-438,NaN,NaN,NaN,NaN,80138,46176,-37255,8921,13923,-22406,-8483,15803,-16241,-438
2007-04-30T22:00:00Z,3.5355,3.6565,3.528,3.6345,45582,-38315,7267,15079,-23409,-8330,16252,-15189,1063,NaN,NaN,NaN,NaN,81864,45582,-38315,7267,15079,-23409,-8330,16252,-15189,1063
2007-05-01T22:00:00Z,3.617,3.66,3.592,3.6445,45582,-38315,7267,15079,-23409,-8330,16252,-15189,1063,NaN,NaN,NaN,NaN,81864,45582,-38315,7267,15079,-23409,-8330,16252,-15189,1063
2007-05-02T22:00:00Z,3.637,3.75,3.627,3.7265,45582,-38315,7267,15079,-23409,-8330,16252,-15189,1063,NaN,NaN,NaN,NaN,81864,45582,-38315,7267,15079,-23409,-8330,16252,-15189,1063
2007-05-03T22:00:00Z,3.733,3.807,3.708,3.7585,45582,-38315,7267,15079,-23409,-8330,16252,-15189,1063,NaN,NaN,NaN,NaN,81864,45582,-38315,7267,15079,-23409,-8330,16252,-15189,1063
2007-05-06T22:00:00Z,3.748,3.79,3.7035,3.7155,45582,-38315,7267,15079,-23409,-8330,16252,-15189,1063,NaN,NaN,NaN,NaN,81864,45582,-38315,7267,15079,-23409,-8330,16252,-15189,1063
2007-05-07T22:00:00Z,3.7095,3.754,3.69,3.7225,45814,-39413,6401,15900,-23965,-8065,14172,-12508,1664,NaN,NaN,NaN,NaN,81613,45814,-39413,6401,15900,-23965,-8065,14172,-12508,1664
2007-05-08T22:00:00Z,3.7335,3.755,3.63,3.679,45814,-39413,6401,15900,-23965,-8065,14172,-12508,1664,NaN,NaN,NaN,NaN,81613,45814,-39413,6401,15900,-23965,-8065,14172,-12508,1664
2007-05-09T22:00:00Z,3.66,3.6835,3.56,3.5665,45814,-39413,6401,15900,-23965,-8065,14172,-12508,1664,NaN,NaN,NaN,NaN,81613,45814,-39413,6401,15900,-23965,-8065,14172,-12508,1664
2007-05-10T22:00:00Z,3.5665,3.6365,3.5265,3.604,45814,-39413,6401,15900,-23965,-8065,14172,-12508,1664,NaN,NaN,NaN,NaN,81613,45814,-39413,6401,15900,-23965,-8065,14172,-12508,1664
2007-05-13T22:00:00Z,3.5905,3.6085,3.4785,3.497,45814,-39413,6401,15900,-23965,-8065,14172,-12508,1664,NaN,NaN,NaN,NaN,81613,45814,-39413,6401,15900,-23965,-8065,14172,-12508,1664
2007-05-14T22:00:00Z,3.491,3.5535,3.4565,3.5375,46358,-38351,8007,15317,-24368,-9051,13521,-12477,1044,NaN,NaN,NaN,NaN,81845,46358,-38351,8007,15317,-24368,-9051,13521,-12477,1044
2007-05-15T22:00:00Z,3.532,3.5375,3.415,3.4225,46358,-38351,8007,15317,-24368,-9051,13521,-12477,1044,NaN,NaN,NaN,NaN,81845,46358,-38351,8007,15317,-24368,-9051,13521,-12477,1044
2007-05-16T22:00:00Z,3.423,3.44,3.2285,3.3065,46358,-38351,8007,15317,-24368,-9051,13521,-12477,1044,NaN,NaN,NaN,NaN,81845,46358,-38351,8007,15317,-24368,-9051,13521,-12477,1044
2007-05-17T22:00:00Z,3.3065,3.34,3.23,3.3235,46358,-38351,8007,15317,-24368,-9051,13521,-12477,1044,NaN,NaN,NaN,NaN,81845,46358,-38351,8007,15317,-24368,-9051,13521,-12477,1044
2007-05-20T22:00:00Z,3.3245,3.405,3.302,3.4005,46358,-38351,8007,15317,-24368,-9051,13521,-12477,1044,NaN,NaN,NaN,NaN,81845,46358,-38351,8007,15317,-24368,-9051,13521,-12477,1044
2007-05-21T22:00:00Z,3.39,3.4375,3.2915,3.3025,47161,-35982,11179,12655,-23772,-11117,12648,-12710,-62,NaN,NaN,NaN,NaN,80380,47161,-35982,11179,12655,-23772,-11117,12648,-12710,-62
2007-05-22T22:00:00Z,3.3065,3.3325,3.255,3.3005,47161,-35982,11179,12655,-23772,-11117,12648,-12710,-62,NaN,NaN,NaN,NaN,80380,47161,-35982,11179,12655,-23772,-11117,12648,-12710,-62
2007-05-23T22:00:00Z,3.309,3.3385,3.1725,3.1805,47161,-35982,11179,12655,-23772,-11117,12648,-12710,-62,NaN,NaN,NaN,NaN,80380,47161,-35982,11179,12655,-23772,-11117,12648,-12710,-62
2007-05-24T22:00:00Z,3.1805,3.3225,3.165,3.3205,47161,-35982,11179,12655,-23772,-11117,12648,-12710,-62,NaN,NaN,NaN,NaN,80380,47161,-35982,11179,12655,-23772,-11117,12648,-12710,-62
2007-05-28T22:00:00Z,3.31,3.3635,3.2635,3.32,47238,-36593,10645,12093,-23624,-11531,11308,-10422,886,NaN,NaN,NaN,NaN,79901,47238,-36593,10645,12093,-23624,-11531,11308,-10422,886
2007-05-29T22:00:00Z,3.302,3.3195,3.26,3.3035,47238,-36593,10645,12093,-23624,-11531,11308,-10422,886,NaN,NaN,NaN,NaN,79901,47238,-36593,10645,12093,-23624,-11531,11308,-10422,886
2007-05-30T22:00:00Z,3.3095,3.3995,3.299,3.3955,47238,-36593,10645,12093,-23624,-11531,11308,-10422,886,NaN,NaN,NaN,NaN,79901,47238,-36593,10645,12093,-23624,-11531,11308,-10422,886
2007-05-31T22:00:00Z,3.397,3.4275,3.375,3.405,47238,-36593,10645,12093,-23624,-11531,11308,-10422,886,NaN,NaN,NaN,NaN,79901,47238,-36593,10645,12093,-23624,-11531,11308,-10422,886
2007-06-03T22:00:00Z,3.402,3.4895,3.375,3.468,47238,-36593,10645,12093,-23624,-11531,11308,-10422,886,NaN,NaN,NaN,NaN,79901,47238,-36593,10645,12093,-23624,-11531,11308,-10422,886
2007-06-04T22:00:00Z,3.4725,3.5,3.42,3.4415,45945,-37358,8587,12740,-22323,-9583,13838,-12842,996,NaN,NaN,NaN,NaN,81226,45945,-37358,8587,12740,-22323,-9583,13838,-12842,996
2007-06-05T22:00:00Z,3.433,3.455,3.3565,3.404,45945,-37358,8587,12740,-22323,-9583,13838,-12842,996,NaN,NaN,NaN,NaN,81226,45945,-37358,8587,12740,-22323,-9583,13838,-12842,996
2007-06-06T22:00:00Z,3.393,3.4125,3.341,3.377,45945,-37358,8587,12740,-22323,-9583,13838,-12842,996,NaN,NaN,NaN,NaN,81226,45945,-37358,8587,12740,-22323,-9583,13838,-12842,996
2007-06-07T22:00:00Z,3.36,3.375,3.244,3.2575,45945,-37358,8587,12740,-22323,-9583,13838,-12842,996,NaN,NaN,NaN,NaN,81226,45945,-37358,8587,12740,-22323,-9583,13838,-12842,996
2007-06-10T22:00:00Z,3.2845,3.3625,3.272,3.356,45945,-37358,8587,12740,-22323,-9583,13838,-12842,996,NaN,NaN,NaN,NaN,81226,45945,-37358,8587,12740,-22323,-9583,13838,-12842,996
2007-06-11T22:00:00Z,3.3555,3.362,3.255,3.287,45830,-36826,9004,13222,-22204,-8982,11936,-11958,-22,NaN,NaN,NaN,NaN,76962,45830,-36826,9004,13222,-22204,-8982,11936,-11958,-22
2007-06-12T22:00:00Z,3.2645,3.323,3.21,3.313,45830,-36826,9004,13222,-22204,-8982,11936,-11958,-22,NaN,NaN,NaN,NaN,76962,45830,-36826,9004,13222,-22204,-8982,11936,-11958,-22
2007-06-13T22:00:00Z,3.3085,3.4255,3.304,3.3925,45830,-36826,9004,13222,-22204,-8982,11936,-11958,-22,NaN,NaN,NaN,NaN,76962,45830,-36826,9004,13222,-22204,-8982,11936,-11958,-22
2007-06-14T22:00:00Z,3.3915,3.4315,3.342,3.422,45830,-36826,9004,13222,-22204,-8982,11936,-11958,-22,NaN,NaN,NaN,NaN,76962,45830,-36826,9004,13222,-22204,-8982,11936,-11958,-22
2007-06-17T22:00:00Z,3.411,3.52,3.4,3.418,45830,-36826,9004,13222,-22204,-8982,11936,-11958,-22,NaN,NaN,NaN,NaN,76962,45830,-36826,9004,13222,-22204,-8982,11936,-11958,-22
2007-06-18T22:00:00Z,3.41,3.4185,3.36,3.3945,45287,-37271,8016,13894,-22256,-8362,11579,-11233,346,NaN,NaN,NaN,NaN,78337,45287,-37271,8016,13894,-22256,-8362,11579,-11233,346
2007-06-19T22:00:00Z,3.4015,3.45,3.382,3.4425,45287,-37271,8016,13894,-22256,-8362,11579,-11233,346,NaN,NaN,NaN,NaN,78337,45287,-37271,8016,13894,-22256,-8362,11579,-11233,346
2007-06-20T22:00:00Z,3.4115,3.4485,3.363,3.403,45287,-37271,8016,13894,-22256,-8362,11579,-11233,346,NaN,NaN,NaN,NaN,78337,45287,-37271,8016,13894,-22256,-8362,11579,-11233,346
2007-06-21T22:00:00Z,3.41,3.426,3.3725,3.382,45287,-37271,8016,13894,-22256,-8362,11579,-11233,346,NaN,NaN,NaN,NaN,78337,45287,-37271,8016,13894,-22256,-8362,11579,-11233,346
2007-06-24T22:00:00Z,3.382,3.409,3.295,3.397,45287,-37271,8016,13894,-22256,-8362,11579,-11233,346,NaN,NaN,NaN,NaN,78337,45287,-37271,8016,13894,-22256,-8362,11579,-11233,346
2007-06-25T22:00:00Z,3.377,3.3985,3.3105,3.3135,46577,-36741,9836,13474,-22397,-8923,11668,-12581,-913,NaN,NaN,NaN,NaN,79416,46577,-36741,9836,13474,-22397,-8923,11668,-12581,-913
2007-06-26T22:00:00Z,3.3145,3.37,3.289,3.357,46577,-36741,9836,13474,-22397,-8923,11668,-12581,-913,NaN,NaN,NaN,NaN,79416,46577,-36741,9836,13474,-22397,-8923,11668,-12581,-913
2007-06-27T22:00:00Z,3.367,3.455,3.3465,3.4275,46577,-36741,9836,13474,-22397,-8923,11668,-12581,-913,NaN,NaN,NaN,NaN,79416,46577,-36741,9836,13474,-22397,-8923,11668,-12581,-913
2007-06-28T22:00:00Z,3.432,3.475,3.42,3.4505,46577,-36741,9836,13474,-22397,-8923,11668,-12581,-913,NaN,NaN,NaN,NaN,79416,46577,-36741,9836,13474,-22397,-8923,11668,-12581,-913
2007-07-01T22:00:00Z,3.4485,3.5335,3.4375,3.527,46577,-36741,9836,13474,-22397,-8923,11668,-12581,-913,NaN,NaN,NaN,NaN,79416,46577,-36741,9836,13474,-22397,-8923,11668,-12581,-913
2007-07-02T22:00:00Z,3.52,3.56,3.4945,3.545,46637,-38895,7742,15360,-23710,-8350,12272,-11664,608,NaN,NaN,NaN,NaN,81852,46637,-38895,7742,15360,-23710,-8350,12272,-11664,608
2007-07-03T22:00:00Z,3.5325,3.5845,3.53,3.58,46637,-38895,7742,15360,-23710,-8350,12272,-11664,608,NaN,NaN,NaN,NaN,81852,46637,-38895,7742,15360,-23710,-8350,12272,-11664,608
2007-07-04T22:00:00Z,3.5325,3.5985,3.53,3.5935,46637,-38895,7742,15360,-23710,-8350,12272,-11664,608,NaN,NaN,NaN,NaN,81852,46637,-38895,7742,15360,-23710,-8350,12272,-11664,608
2007-07-05T22:00:00Z,3.5855,3.604,3.5625,3.5945,46637,-38895,7742,15360,-23710,-8350,12272,-11664,608,NaN,NaN,NaN,NaN,81852,46637,-38895,7742,15360,-23710,-8350,12272,-11664,608
2007-07-08T22:00:00Z,3.5945,3.665,3.589,3.6295,46637,-38895,7742,15360,-23710,-8350,12272,-11664,608,NaN,NaN,NaN,NaN,81852,46637,-38895,7742,15360,-23710,-8350,12272,-11664,608
2007-07-09T22:00:00Z,3.6205,3.66,3.575,3.61,46557,-43380,3177,20648,-24557,-3909,12895,-12163,732,NaN,NaN,NaN,NaN,87538,46557,-43380,3177,20648,-24557,-3909,12895,-12163,732
2007-07-10T22:00:00Z,3.5935,3.64,3.578,3.6215,46557,-43380,3177,20648,-24557,-3909,12895,-12163,732,NaN,NaN,NaN,NaN,87538,46557,-43380,3177,20648,-24557,-3909,12895,-12163,732
2007-07-11T22:00:00Z,3.6005,3.66,3.5605,3.581,46557,-43380,3177,20648,-24557,-3909,12895,-12163,732,NaN,NaN,NaN,NaN,87538,46557,-43380,3177,20648,-24557,-3909,12895,-12163,732
2007-07-12T22:00:00Z,3.5785,3.6145,3.532,3.593,46557,-43380,3177,20648,-24557,-3909,12895,-12163,732,NaN,NaN,NaN,NaN,87538,46557,-43380,3177,20648,-24557,-3909,12895,-12163,732
2007-07-15T22:00:00Z,3.59,3.613,3.5515,3.562,46557,-43380,3177,20648,-24557,-3909,12895,-12163,732,NaN,NaN,NaN,NaN,87538,46557,-43380,3177,20648,-24557,-3909,12895,-12163,732
2007-07-16T22:00:00Z,3.56,3.5695,3.5105,3.5525,47405,-43808,3597,20639,-24406,-3767,13320,-13150,170,NaN,NaN,NaN,NaN,89893,47405,-43808,3597,20639,-24406,-3767,13320,-13150,170
2007-07-17T22:00:00Z,3.5325,3.5745,3.5255,3.563,47405,-43808,3597,20639,-24406,-3767,13320,-13150,170,NaN,NaN,NaN,NaN,89893,47405,-43808,3597,20639,-24406,-3767,13320,-13150,170
2007-07-18T22:00:00Z,3.5635,3.665,3.5635,3.662,47405,-43808,3597,20639,-24406,-3767,13320,-13150,170,NaN,NaN,NaN,NaN,89893,47405,-43808,3597,20639,-24406,-3767,13320,-13150,170
2007-07-19T22:00:00Z,3.6495,3.725,3.6475,3.7055,47405,-43808,3597,20639,-24406,-3767,13320,-13150,170,NaN,NaN,NaN,NaN,89893,47405,-43808,3597,20639,-24406,-3767,13320,-13150,170
2007-07-22T22:00:00Z,3.704,3.748,3.635,3.6565,47405,-43808,3597,20639,-24406,-3767,13320,-13150,170,NaN,NaN,NaN,NaN,89893,47405,-43808,3597,20639,-24406,-3767,13320,-13150,170
2007-07-23T22:00:00Z,3.641,3.7025,3.595,3.6195,48330,-45565,2765,21993,-24958,-2965,13903,-13703,200,NaN,NaN,NaN,NaN,94496,48330,-45565,2765,21993,-24958,-2965,13903,-13703,200
2007-07-24T22:00:00Z,3.602,3.626,3.5215,3.5555,48330,-45565,2765,21993,-24958,-2965,13903,-13703,200,NaN,NaN,NaN,NaN,94496,48330,-45565,2765,21993,-24958,-2965,13903,-13703,200
2007-07-25T22:00:00Z,3.57,3.5805,3.505,3.5225,48330,-45565,2765,21993,-24958,-2965,13903,-13703,200,NaN,NaN,NaN,NaN,94496,48330,-45565,2765,21993,-24958,-2965,13903,-13703,200
2007-07-26T22:00:00Z,3.5325,3.572,3.502,3.547,48330,-45565,2765,21993,-24958,-2965,13903,-13703,200,NaN,NaN,NaN,NaN,94496,48330,-45565,2765,21993,-24958,-2965,13903,-13703,200
2007-07-29T22:00:00Z,3.5295,3.598,3.5005,3.5885,48330,-45565,2765,21993,-24958,-2965,13903,-13703,200,NaN,NaN,NaN,NaN,94496,48330,-45565,2765,21993,-24958,-2965,13903,-13703,200
2007-07-30T22:00:00Z,3.59,3.66,3.5815,3.6485,47701,-41486,6215,19544,-24959,-5415,12304,-13104,-800,NaN,NaN,NaN,NaN,89395,47701,-41486,6215,19544,-24959,-5415,12304,-13104,-800
2007-07-31T22:00:00Z,3.636,3.649,3.55,3.585,47701,-41486,6215,19544,-24959,-5415,12304,-13104,-800,NaN,NaN,NaN,NaN,89395,47701,-41486,6215,19544,-24959,-5415,12304,-13104,-800
2007-08-01T22:00:00Z,3.593,3.619,3.5655,3.573,47701,-41486,6215,19544,-24959,-5415,12304,-13104,-800,NaN,NaN,NaN,NaN,89395,47701,-41486,6215,19544,-24959,-5415,12304,-13104,-800
2007-08-02T22:00:00Z,3.59,3.595,3.46,3.479,47701,-41486,6215,19544,-24959,-5415,12304,-13104,-800,NaN,NaN,NaN,NaN,89395,47701,-41486,6215,19544,-24959,-5415,12304,-13104,-800
2007-08-05T22:00:00Z,3.475,3.487,3.4335,3.4735,47701,-41486,6215,19544,-24959,-5415,12304,-13104,-800,NaN,NaN,NaN,NaN,89395,47701,-41486,6215,19544,-24959,-5415,12304,-13104,-800
2007-08-06T22:00:00Z,3.473,3.53,3.466,3.5065,47685,-40315,7370,18463,-24017,-5554,12429,-14245,-1816,NaN,NaN,NaN,NaN,84651,47685,-40315,7370,18463,-24017,-5554,12429,-14245,-1816
2007-08-07T22:00:00Z,3.504,3.52,3.405,3.439,47685,-40315,7370,18463,-24017,-5554,12429,-14245,-1816,NaN,NaN,NaN,NaN,84651,47685,-40315,7370,18463,-24017,-5554,12429,-14245,-1816
2007-08-08T22:00:00Z,3.446,3.4595,3.32,3.361,47685,-40315,7370,18463,-24017,-5554,12429,-14245,-1816,NaN,NaN,NaN,NaN,84651,47685,-40315,7370,18463,-24017,-5554,12429,-14245,-1816
2007-08-09T22:00:00Z,3.336,3.3825,3.285,3.3595,47685,-40315,7370,18463,-24017,-5554,12429,-14245,-1816,NaN,NaN,NaN,NaN,84651,47685,-40315,7370,18463,-24017,-5554,12429,-14245,-1816
2007-08-12T22:00:00Z,3.3695,3.445,3.366,3.441,47685,-40315,7370,18463,-24017,-5554,12429,-14245,-1816,NaN,NaN,NaN,NaN,84651,47685,-40315,7370,18463,-24017,-5554,12429,-14245,-1816
2007-08-13T22:00:00Z,3.415,3.4535,3.342,3.37,47371,-38218,9153,13970,-19908,-5938,9750,-12965,-3215,NaN,NaN,NaN,NaN,76111,47371,-38218,9153,13970,-19908,-5938,9750,-12965,-3215
2007-08-14T22:00:00Z,3.355,3.355,3.292,3.332,47371,-38218,9153,13970,-19908,-5938,9750,-12965,-3215,NaN,NaN,NaN,NaN,76111,47371,-38218,9153,13970,-19908,-5938,9750,-12965,-3215
2007-08-15T22:00:00Z,3.315,3.332,3.041,3.09,47371,-38218,9153,13970,-19908,-5938,9750,-12965,-3215,NaN,NaN,NaN,NaN,76111,47371,-38218,9153,13970,-19908,-5938,9750,-12965,-3215
2007-08-16T22:00:00Z,3.1445,3.2075,3.07,3.1465,47371,-38218,9153,13970,-19908,-5938,9750,-12965,-3215,NaN,NaN,NaN,NaN,76111,47371,-38218,9153,13970,-19908,-5938,9750,-12965,-3215
2007-08-19T22:00:00Z,3.17,3.2275,3.1535,3.1595,47371,-38218,9153,13970,-19908,-5938,9750,-12965,-3215,NaN,NaN,NaN,NaN,76111,47371,-38218,9153,13970,-19908,-5938,9750,-12965,-3215
2007-08-20T22:00:00Z,3.17,3.1845,3.13,3.15,49923,-38335,11588,12313,-19380,-7067,8525,-13046,-4521,NaN,NaN,NaN,NaN,76498,49923,-38335,11588,12313,-19380,-7067,8525,-13046,-4521
2007-08-21T22:00:00Z,3.1515,3.239,3.146,3.212,49923,-38335,11588,12313,-19380,-7067,8525,-13046,-4521,NaN,NaN,NaN,NaN,76498,49923,-38335,11588,12313,-19380,-7067,8525,-13046,-4521
2007-08-22T22:00:00Z,3.2295,3.293,3.2295,3.263,49923,-38335,11588,12313,-19380,-7067,8525,-13046,-4521,NaN,NaN,NaN,NaN,76498,49923,-38335,11588,12313,-19380,-7067,8525,-13046,-4521
2007-08-23T22:00:00Z,3.2685,3.376,3.213,3.3375,49923,-38335,11588,12313,-19380,-7067,8525,-13046,-4521,NaN,NaN,NaN,NaN,76498,49923,-38335,11588,12313,-19380,-7067,8525,-13046,-4521
2007-08-26T22:00:00Z,3.3475,3.485,3.3335,3.3495,49923,-38335,11588,12313,-19380,-7067,8525,-13046,-4521,NaN,NaN,NaN,NaN,76498,49923,-38335,11588,12313,-19380,-7067,8525,-13046,-4521
2007-08-27T22:00:00Z,3.362,3.3695,3.256,3.3115,48954,-37438,11516,11271,-17808,-6537,8356,-13335,-4979,NaN,NaN,NaN,NaN,73083,48954,-37438,11516,11271,-17808,-6537,8356,-13335,-4979
2007-08-28T22:00:00Z,3.28,3.361,3.2535,3.35,48954,-37438,11516,11271,-17808,-6537,8356,-13335,-4979,NaN,NaN,NaN,NaN,73083,48954,-37438,11516,11271,-17808,-6537,8356,-13335,-4979
2007-08-29T22:00:00Z,3.347,3.364,3.3105,3.348,48954,-37438,11516,11271,-17808,-6537,8356,-13335,-4979,NaN,NaN,NaN,NaN,73083,48954,-37438,11516,11271,-17808,-6537,8356,-13335,-4979
2007-08-30T22:00:00Z,3.33,3.42,3.33,3.397,48954,-37438,11516,11271,-17808,-6537,8356,-13335,-4979,NaN,NaN,NaN,NaN,73083,48954,-37438,11516,11271,-17808,-6537,8356,-13335,-4979
2007-09-02T22:00:00Z,3.387,3.388,3.345,3.359,48954,-37438,11516,11271,-17808,-6537,8356,-13335,-4979,NaN,NaN,NaN,NaN,73083,48954,-37438,11516,11271,-17808,-6537,8356,-13335,-4979
2007-09-03T22:00:00Z,3.387,3.388,3.2675,3.306,46588,-36737,9851,11478,-16634,-5156,7376,-12071,-4695,NaN,NaN,NaN,NaN,69156,46588,-36737,9851,11478,-16634,-5156,7376,-12071,-4695
2007-09-04T22:00:00Z,3.313,3.3485,3.2325,3.263,46588,-36737,9851,11478,-16634,-5156,7376,-12071,-4695,NaN,NaN,NaN,NaN,69156,46588,-36737,9851,11478,-16634,-5156,7376,-12071,-4695
2007-09-05T22:00:00Z,3.2515,3.35,3.23,3.3025,46588,-36737,9851,11478,-16634,-5156,7376,-12071,-4695,NaN,NaN,NaN,NaN,69156,46588,-36737,9851,11478,-16634,-5156,7376,-12071,-4695
2007-09-06T22:00:00Z,3.3025,3.3225,3.206,3.2515,46588,-36737,9851,11478,-16634,-5156,7376,-12071,-4695,NaN,NaN,NaN,NaN,69156,46588,-36737,9851,11478,-16634,-5156,7376,-12071,-4695
2007-09-09T22:00:00Z,3.245,3.277,3.22,3.256,46588,-36737,9851,11478,-16634,-5156,7376,-12071,-4695,NaN,NaN,NaN,NaN,69156,46588,-36737,9851,11478,-16634,-5156,7376,-12071,-4695
2007-09-10T22:00:00Z,3.2525,3.411,3.243,3.3875,45325,-36139,9186,12518,-16637,-4119,7007,-12074,-5067,NaN,NaN,NaN,NaN,68684,45325,-36139,9186,12518,-16637,-4119,7007,-12074,-5067
2007-09-11T22:00:00Z,3.38,3.3875,3.322,3.3595,45325,-36139,9186,12518,-16637,-4119,7007,-12074,-5067,NaN,NaN,NaN,NaN,68684,45325,-36139,9186,12518,-16637,-4119,7007,-12074,-5067
2007-09-12T22:00:00Z,3.355,3.43,3.336,3.3965,45325,-36139,9186,12518,-16637,-4119,7007,-12074,-5067,NaN,NaN,NaN,NaN,68684,45325,-36139,9186,12518,-16637,-4119,7007,-12074,-5067
2007-09-13T22:00:00Z,3.397,3.465,3.365,3.3925,45325,-36139,9186,12518,-16637,-4119,7007,-12074,-5067,NaN,NaN,NaN,NaN,68684,45325,-36139,9186,12518,-16637,-4119,7007,-12074,-5067
2007-09-16T22:00:00Z,3.3925,3.442,3.382,3.42,45325,-36139,9186,12518,-16637,-4119,7007,-12074,-5067,NaN,NaN,NaN,NaN,68684,45325,-36139,9186,12518,-16637,-4119,7007,-12074,-5067
2007-09-17T22:00:00Z,3.4205,3.509,3.4005,3.448,45130,-38667,6463,14435,-16863,-2428,8126,-12161,-4035,NaN,NaN,NaN,NaN,71557,45130,-38667,6463,14435,-16863,-2428,8126,-12161,-4035
2007-09-18T22:00:00Z,3.495,3.605,3.455,3.5755,45130,-38667,6463,14435,-16863,-2428,8126,-12161,-4035,NaN,NaN,NaN,NaN,71557,45130,-38667,6463,14435,-16863,-2428,8126,-12161,-4035
2007-09-19T22:00:00Z,3.56,3.62,3.553,3.5945,45130,-38667,6463,14435,-16863,-2428,8126,-12161,-4035,NaN,NaN,NaN,NaN,71557,45130,-38667,6463,14435,-16863,-2428,8126,-12161,-4035
2007-09-20T22:00:00Z,3.5805,3.655,3.564,3.576,45130,-38667,6463,14435,-16863,-2428,8126,-12161,-4035,NaN,NaN,NaN,NaN,71557,45130,-38667,6463,14435,-16863,-2428,8126,-12161,-4035
2007-09-23T22:00:00Z,3.588,3.657,3.583,3.645,45130,-38667,6463,14435,-16863,-2428,8126,-12161,-4035,NaN,NaN,NaN,NaN,71557,45130,-38667,6463,14435,-16863,-2428,8126,-12161,-4035
2007-09-24T22:00:00Z,3.641,3.665,3.59,3.629,45909,-43426,2483,17474,-17396,78,8866,-11427,-2561,NaN,NaN,NaN,NaN,77528,45909,-43426,2483,17474,-17396,78,8866,-11427,-2561
2007-09-25T22:00:00Z,3.626,3.665,3.595,3.614,45909,-43426,2483,17474,-17396,78,8866,-11427,-2561,NaN,NaN,NaN,NaN,77528,45909,-43426,2483,17474,-17396,78,8866,-11427,-2561
2007-09-26T22:00:00Z,3.618,3.6775,3.614,3.648,45909,-43426,2483,17474,-17396,78,8866,-11427,-2561,NaN,NaN,NaN,NaN,77528,45909,-43426,2483,17474,-17396,78,8866,-11427,-2561
2007-09-27T22:00:00Z,3.646,3.698,3.626,3.64,45909,-43426,2483,17474,-17396,78,8866,-11427,-2561,NaN,NaN,NaN,NaN,77528,45909,-43426,2483,17474,-17396,78,8866,-11427,-2561
2007-09-30T22:00:00Z,3.6405,3.695,3.64,3.6915,45909,-43426,2483,17474,-17396,78,8866,-11427,-2561,NaN,NaN,NaN,NaN,77528,45909,-43426,2483,17474,-17396,78,8866,-11427,-2561
2007-10-01T22:00:00Z,3.6805,3.767,3.656,3.711,45540,-46375,-835,20787,-19307,1480,10480,-11125,-645,NaN,NaN,NaN,NaN,83055,45540,-46375,-835,20787,-19307,1480,10480,-11125,-645
2007-10-02T22:00:00Z,3.728,3.78,3.717,3.7635,45540,-46375,-835,20787,-19307,1480,10480,-11125,-645,NaN,NaN,NaN,NaN,83055,45540,-46375,-835,20787,-19307,1480,10480,-11125,-645
2007-10-03T22:00:00Z,3.749,3.7585,3.702,3.738,45540,-46375,-835,20787,-19307,1480,10480,-11125,-645,NaN,NaN,NaN,NaN,83055,45540,-46375,-835,20787,-19307,1480,10480,-11125,-645
2007-10-04T22:00:00Z,3.7385,3.757,3.7135,3.7255,45540,-46375,-835,20787,-19307,1480,10480,-11125,-645,NaN,NaN,NaN,NaN,83055,45540,-46375,-835,20787,-19307,1480,10480,-11125,-645
2007-10-07T22:00:00Z,3.7345,3.76,3.581,3.613,45540,-46375,-835,20787,-19307,1480,10480,-11125,-645,NaN,NaN,NaN,NaN,83055,45540,-46375,-835,20787,-19307,1480,10480,-11125,-645
2007-10-08T22:00:00Z,3.619,3.6735,3.5825,3.6175,44052,-47796,-3744,23322,-19283,4039,11470,-11765,-295,NaN,NaN,NaN,NaN,86905,44052,-47796,-3744,23322,-19283,4039,11470,-11765,-295
2007-10-09T22:00:00Z,3.622,3.7265,3.606,3.694,44052,-47796,-3744,23322,-19283,4039,11470,-11765,-295,NaN,NaN,NaN,NaN,86905,44052,-47796,-3744,23322,-19283,4039,11470,-11765,-295
2007-10-10T22:00:00Z,3.701,3.732,3.63,3.669,44052,-47796,-3744,23322,-19283,4039,11470,-11765,-295,NaN,NaN,NaN,NaN,86905,44052,-47796,-3744,23322,-19283,4039,11470,-11765,-295
2007-10-11T22:00:00Z,3.6545,3.693,3.6305,3.6525,44052,-47796,-3744,23322,-19283,4039,11470,-11765,-295,NaN,NaN,NaN,NaN,86905,44052,-47796,-3744,23322,-19283,4039,11470,-11765,-295
2007-10-14T22:00:00Z,3.6475,3.738,3.6475,3.686,44052,-47796,-3744,23322,-19283,4039,11470,-11765,-295,NaN,NaN,NaN,NaN,86905,44052,-47796,-3744,23322,-19283,4039,11470,-11765,-295
2007-10-15T22:00:00Z,3.6825,3.7085,3.602,3.641,44427,-45622,-1195,22890,-20921,1969,12116,-12890,-774,NaN,NaN,NaN,NaN,90148,44427,-45622,-1195,22890,-20921,1969,12116,-12890,-774
2007-10-16T22:00:00Z,3.6325,3.659,3.572,3.596,44427,-45622,-1195,22890,-20921,1969,12116,-12890,-774,NaN,NaN,NaN,NaN,90148,44427,-45622,-1195,22890,-20921,1969,12116,-12890,-774
2007-10-17T22:00:00Z,3.5825,3.6065,3.528,3.5415,44427,-45622,-1195,22890,-20921,1969,12116,-12890,-774,NaN,NaN,NaN,NaN,90148,44427,-45622,-1195,22890,-20921,1969,12116,-12890,-774
2007-10-18T22:00:00Z,3.54,3.573,3.52,3.5515,44427,-45622,-1195,22890,-20921,1969,12116,-12890,-774,NaN,NaN,NaN,NaN,90148,44427,-45622,-1195,22890,-20921,1969,12116,-12890,-774
2007-10-21T22:00:00Z,3.535,3.657,3.45,3.4865,44427,-45622,-1195,22890,-20921,1969,12116,-12890,-774,NaN,NaN,NaN,NaN,90148,44427,-45622,-1195,22890,-20921,1969,12116,-12890,-774
2007-10-22T22:00:00Z,3.515,3.5505,3.484,3.5135,44365,-42585,1780,19606,-20130,-524,11004,-12260,-1256,NaN,NaN,NaN,NaN,86858,44365,-42585,1780,19606,-20130,-524,11004,-12260,-1256
2007-10-23T22:00:00Z,3.498,3.507,3.43,3.4525,44365,-42585,1780,19606,-20130,-524,11004,-12260,-1256,NaN,NaN,NaN,NaN,86858,44365,-42585,1780,19606,-20130,-524,11004,-12260,-1256
2007-10-24T22:00:00Z,3.46,3.495,3.455,3.486,44365,-42585,1780,19606,-20130,-524,11004,-12260,-1256,NaN,NaN,NaN,NaN,86858,44365,-42585,1780,19606,-20130,-524,11004,-12260,-1256
2007-10-25T22:00:00Z,3.485,3.55,3.485,3.5375,44365,-42585,1780,19606,-20130,-524,11004,-12260,-1256,NaN,NaN,NaN,NaN,86858,44365,-42585,1780,19606,-20130,-524,11004,-12260,-1256
2007-10-28T22:00:00Z,3.5675,3.5895,3.5155,3.521,44365,-42585,1780,19606,-20130,-524,11004,-12260,-1256,NaN,NaN,NaN,NaN,86858,44365,-42585,1780,19606,-20130,-524,11004,-12260,-1256
2007-10-29T22:00:00Z,3.5185,3.523,3.434,3.4815,44851,-40544,4307,17403,-20060,-2657,10851,-12501,-1650,NaN,NaN,NaN,NaN,86013,44851,-40544,4307,17403,-20060,-2657,10851,-12501,-1650
2007-10-30T22:00:00Z,3.475,3.512,3.4485,3.473,44851,-40544,4307,17403,-20060,-2657,10851,-12501,-1650,NaN,NaN,NaN,NaN,86013,44851,-40544,4307,17403,-20060,-2657,10851,-12501,-1650
2007-10-31T22:00:00Z,3.48,3.4935,3.352,3.3625,44851,-40544,4307,17403,-20060,-2657,10851,-12501,-1650,NaN,NaN,NaN,NaN,86013,44851,-40544,4307,17403,-20060,-2657,10851,-12501,-1650
2007-11-01T22:00:00Z,3.363,3.3825,3.3045,3.325,44851,-40544,4307,17403,-20060,-2657,10851,-12501,-1650,NaN,NaN,NaN,NaN,86013,44851,-40544,4307,17403,-20060,-2657,10851,-12501,-1650
2007-11-04T23:00:00Z,3.3495,3.3685,3.285,3.302,44851,-40544,4307,17403,-20060,-2657,10851,-12501,-1650,NaN,NaN,NaN,NaN,86013,44851,-40544,4307,17403,-20060,-2657,10851,-12501,-1650
2007-11-05T23:00:00Z,3.3275,3.356,3.305,3.3415,45069,-39504,5565,15556,-18680,-3124,11015,-13456,-2441,NaN,NaN,NaN,NaN,83317,45069,-39504,5565,15556,-18680,-3124,11015,-13456,-2441
2007-11-06T23:00:00Z,3.32,3.4,3.25,3.259,45069,-39504,5565,15556,-18680,-3124,11015,-13456,-2441,NaN,NaN,NaN,NaN,83317,45069,-39504,5565,15556,-18680,-3124,11015,-13456,-2441
2007-11-07T23:00:00Z,3.24,3.267,3.1825,3.204,45069,-39504,5565,15556,-18680,-3124,11015,-13456,-2441,NaN,NaN,NaN,NaN,83317,45069,-39504,5565,15556,-18680,-3124,11015,-13456,-2441
2007-11-08T23:00:00Z,3.145,3.2375,3.11,3.1455,45069,-39504,5565,15556,-18680,-3124,11015,-13456,-2441,NaN,NaN,NaN,NaN,83317,45069,-39504,5565,15556,-18680,-3124,11015,-13456,-2441
2007-11-11T23:00:00Z,3.1385,3.165,3.035,3.109,45069,-39504,5565,15556,-18680,-3124,11015,-13456,-2441,NaN,NaN,NaN,NaN,83317,45069,-39504,5565,15556,-18680,-3124,11015,-13456,-2441
2007-11-12T23:00:00Z,3.073,3.1455,3.053,3.107,47162,-38645,8517,12163,-18565,-6402,10940,-13055,-2115,NaN,NaN,NaN,NaN,78465,47162,-38645,8517,12163,-18565,-6402,10940,-13055,-2115
2007-11-13T23:00:00Z,3.1125,3.307,3.108,3.2965,47162,-38645,8517,12163,-18565,-6402,10940,-13055,-2115,NaN,NaN,NaN,NaN,78465,47162,-38645,8517,12163,-18565,-6402,10940,-13055,-2115
2007-11-14T23:00:00Z,3.235,3.284,3.064,3.081,47162,-38645,8517,12163,-18565,-6402,10940,-13055,-2115,NaN,NaN,NaN,NaN,78465,47162,-38645,8517,12163,-18565,-6402,10940,-13055,-2115
2007-11-15T23:00:00Z,3.08,3.176,3.028,3.1615,47162,-38645,8517,12163,-18565,-6402,10940,-13055,-2115,NaN,NaN,NaN,NaN,78465,47162,-38645,8517,12163,-18565,-6402,10940,-13055,-2115
2007-11-18T23:00:00Z,3.155,3.18,2.976,2.9835,47162,-38645,8517,12163,-18565,-6402,10940,-13055,-2115,NaN,NaN,NaN,NaN,78465,47162,-38645,8517,12163,-18565,-6402,10940,-13055,-2115
2007-11-19T23:00:00Z,2.998,3.0535,2.9275,3.027,48615,-38956,9659,11396,-17997,-6601,11081,-14139,-3058,NaN,NaN,NaN,NaN,77837,48615,-38956,9659,11396,-17997,-6601,11081,-14139,-3058
2007-11-20T23:00:00Z,3.032,3.0425,2.878,2.888,48615,-38956,9659,11396,-17997,-6601,11081,-14139,-3058,NaN,NaN,NaN,NaN,77837,48615,-38956,9659,11396,-17997,-6601,11081,-14139,-3058
2007-11-21T23:00:00Z,2.88,2.955,2.8705,2.9275,48615,-38956,9659,11396,-17997,-6601,11081,-14139,-3058,NaN,NaN,NaN,NaN,77837,48615,-38956,9659,11396,-17997,-6601,11081,-14139,-3058
2007-11-22T23:00:00Z,2.9125,3.0025,2.8705,2.991,48615,-38956,9659,11396,-17997,-6601,11081,-14139,-3058,NaN,NaN,NaN,NaN,77837,48615,-38956,9659,11396,-17997,-6601,11081,-14139,-3058
2007-11-25T23:00:00Z,2.9905,3.0455,2.965,3.023,48615,-38956,9659,11396,-17997,-6601,11081,-14139,-3058,NaN,NaN,NaN,NaN,77837,48615,-38956,9659,11396,-17997,-6601,11081,-14139,-3058
2007-11-26T23:00:00Z,2.972,3.018,2.9335,2.9625,47176,-33387,13789,9580,-17500,-7920,10838,-16707,-5869,NaN,NaN,NaN,NaN,73905,47176,-33387,13789,9580,-17500,-7920,10838,-16707,-5869
2007-11-27T23:00:00Z,2.9535,3.05,2.9335,3.006,47176,-33387,13789,9580,-17500,-7920,10838,-16707,-5869,NaN,NaN,NaN,NaN,73905,47176,-33387,13789,9580,-17500,-7920,10838,-16707,-5869
2007-11-28T23:00:00Z,3.035,3.146,3.035,3.094,47176,-33387,13789,9580,-17500,-7920,10838,-16707,-5869,NaN,NaN,NaN,NaN,73905,47176,-33387,13789,9580,-17500,-7920,10838,-16707,-5869
2007-11-29T23:00:00Z,3.095,3.195,3.0875,3.1845,47176,-33387,13789,9580,-17500,-7920,10838,-16707,-5869,NaN,NaN,NaN,NaN,73905,47176,-33387,13789,9580,-17500,-7920,10838,-16707,-5869
2007-12-02T23:00:00Z,3.1865,3.2085,3.0595,3.0785,47176,-33387,13789,9580,-17500,-7920,10838,-16707,-5869,NaN,NaN,NaN,NaN,73905,47176,-33387,13789,9580,-17500,-7920,10838,-16707,-5869
2007-12-03T23:00:00Z,3.0635,3.08,2.977,3.02,46912,-34899,12013,8457,-16812,-8355,9369,-13027,-3658,NaN,NaN,NaN,NaN,70839,46912,-34899,12013,8457,-16812,-8355,9369,-13027,-3658
2007-12-04T23:00:00Z,3.023,3.0785,2.9895,3.04,46912,-34899,12013,8457,-16812,-8355,9369,-13027,-3658,NaN,NaN,NaN,NaN,70839,46912,-34899,12013,8457,-16812,-8355,9369,-13027,-3658
2007-12-05T23:00:00Z,3.048,3.085,3.012,3.0485,46912,-34899,12013,8457,-16812,-8355,9369,-13027,-3658,NaN,NaN,NaN,NaN,70839,46912,-34899,12013,8457,-16812,-8355,9369,-13027,-3658
2007-12-06T23:00:00Z,3.055,3.155,3.0465,3.126,46912,-34899,12013,8457,-16812,-8355,9369,-13027,-3658,NaN,NaN,NaN,NaN,70839,46912,-34899,12013,8457,-16812,-8355,9369,-13027,-3658
2007-12-09T23:00:00Z,3.1355,3.14,3.0705,3.093,46912,-34899,12013,8457,-16812,-8355,9369,-13027,-3658,NaN,NaN,NaN,NaN,70839,46912,-34899,12013,8457,-16812,-8355,9369,-13027,-3658
2007-12-10T23:00:00Z,3.1,3.119,3.0265,3.09,44082,-33722,10360,8673,-16665,-7992,11481,-13849,-2368,NaN,NaN,NaN,NaN,70873,44082,-33722,10360,8673,-16665,-7992,11481,-13849,-2368
2007-12-11T23:00:00Z,3.0445,3.065,2.98,3.036,44082,-33722,10360,8673,-16665,-7992,11481,-13849,-2368,NaN,NaN,NaN,NaN,70873,44082,-33722,10360,8673,-16665,-7992,11481,-13849,-2368
2007-12-12T23:00:00Z,2.995,3.05,2.935,2.961,44082,-33722,10360,8673,-16665,-7992,11481,-13849,-2368,NaN,NaN,NaN,NaN,70873,44082,-33722,10360,8673,-16665,-7992,11481,-13849,-2368
2007-12-13T23:00:00Z,2.9595,2.98,2.92,2.9565,44082,-33722,10360,8673,-16665,-7992,11481,-13849,-2368,NaN,NaN,NaN,NaN,70873,44082,-33722,10360,8673,-16665,-7992,11481,-13849,-2368
2007-12-16T23:00:00Z,2.96,2.98,2.853,2.889,44082,-33722,10360,8673,-16665,-7992,11481,-13849,-2368,NaN,NaN,NaN,NaN,70873,44082,-33722,10360,8673,-16665,-7992,11481,-13849,-2368
2007-12-17T23:00:00Z,2.875,2.915,2.8645,2.8845,45412,-34149,11263,8702,-17746,-9044,12346,-14565,-2219,NaN,NaN,NaN,NaN,73019,45412,-34149,11263,8702,-17746,-9044,12346,-14565,-2219
2007-12-18T23:00:00Z,2.895,2.9725,2.884,2.958,45412,-34149,11263,8702,-17746,-9044,12346,-14565,-2219,NaN,NaN,NaN,NaN,73019,45412,-34149,11263,8702,-17746,-9044,12346,-14565,-2219
2007-12-19T23:00:00Z,2.9635,3.017,2.9505,2.9655,45412,-34149,11263,8702,-17746,-9044,12346,-14565,-2219,NaN,NaN,NaN,NaN,73019,45412,-34149,11263,8702,-17746,-9044,12346,-14565,-2219
2007-12-20T23:00:00Z,2.9675,3.1095,2.965,3.0975,45412,-34149,11263,8702,-17746,-9044,12346,-14565,-2219,NaN,NaN,NaN,NaN,73019,45412,-34149,11263,8702,-17746,-9044,12346,-14565,-2219
2007-12-23T23:00:00Z,3.11,3.205,3.11,3.1535,44636,-33764,10872,8504,-16567,-8063,12155,-14964,-2809,NaN,NaN,NaN,NaN,71767,44636,-33764,10872,8504,-16567,-8063,12155,-14964,-2809
2007-12-25T23:00:00Z,3.159,3.196,3.1355,3.17,44636,-33764,10872,8504,-16567,-8063,12155,-14964,-2809,NaN,NaN,NaN,NaN,71767,44636,-33764,10872,8504,-16567,-8063,12155,-14964,-2809
2007-12-26T23:00:00Z,3.162,3.21,3.108,3.132,44636,-33764,10872,8504,-16567,-8063,12155,-14964,-2809,NaN,NaN,NaN,NaN,71767,44636,-33764,10872,8504,-16567,-8063,12155,-14964,-2809
2007-12-27T23:00:00Z,3.12,3.12,3.068,3.072,44636,-33764,10872,8504,-16567,-8063,12155,-14964,-2809,NaN,NaN,NaN,NaN,71767,44636,-33764,10872,8504,-16567,-8063,12155,-14964,-2809
2007-12-30T23:00:00Z,3.0735,3.0945,3.022,3.041,44779,-35014,9765,9309,-16579,-7270,8810,-11305,-2495,NaN,NaN,NaN,NaN,72142,44779,-35014,9765,9309,-16579,-7270,8810,-11305,-2495
2008-01-01T23:00:00Z,3.041,3.12,3.0355,3.064,44779,-35014,9765,9309,-16579,-7270,8810,-11305,-2495,NaN,NaN,NaN,NaN,72142,44779,-35014,9765,9309,-16579,-7270,8810,-11305,-2495
2008-01-02T23:00:00Z,3.0625,3.19,3.055,3.188,44779,-35014,9765,9309,-16579,-7270,8810,-11305,-2495,NaN,NaN,NaN,NaN,72142,44779,-35014,9765,9309,-16579,-7270,8810,-11305,-2495
2008-01-03T23:00:00Z,3.182,3.235,3.105,3.1575,44779,-35014,9765,9309,-16579,-7270,8810,-11305,-2495,NaN,NaN,NaN,NaN,72142,44779,-35014,9765,9309,-16579,-7270,8810,-11305,-2495
2008-01-06T23:00:00Z,3.131,3.189,3.106,3.141,44779,-35014,9765,9309,-16579,-7270,8810,-11305,-2495,NaN,NaN,NaN,NaN,72142,44779,-35014,9765,9309,-16579,-7270,8810,-11305,-2495
2008-01-07T23:00:00Z,3.1305,3.32,3.13,3.2985,45968,-36690,9278,9382,-15579,-6197,11039,-14120,-3081,NaN,NaN,NaN,NaN,75606,45968,-36690,9278,9382,-15579,-6197,11039,-14120,-3081
2008-01-08T23:00:00Z,3.259,3.3785,3.259,3.2835,45968,-36690,9278,9382,-15579,-6197,11039,-14120,-3081,NaN,NaN,NaN,NaN,75606,45968,-36690,9278,9382,-15579,-6197,11039,-14120,-3081
2008-01-09T23:00:00Z,3.293,3.3065,3.215,3.2815,45968,-36690,9278,9382,-15579,-6197,11039,-14120,-3081,NaN,NaN,NaN,NaN,75606,45968,-36690,9278,9382,-15579,-6197,11039,-14120,-3081
2008-01-10T23:00:00Z,3.281,3.327,3.253,3.304,45968,-36690,9278,9382,-15579,-6197,11039,-14120,-3081,NaN,NaN,NaN,NaN,75606,45968,-36690,9278,9382,-15579,-6197,11039,-14120,-3081
2008-01-13T23:00:00Z,3.305,3.36,3.3,3.339,45968,-36690,9278,9382,-15579,-6197,11039,-14120,-3081,NaN,NaN,NaN,NaN,75606,45968,-36690,9278,9382,-15579,-6197,11039,-14120,-3081
2008-01-14T23:00:00Z,3.342,3.36,3.1815,3.2415,50487,-39630,10857,10724,-19539,-8815,12265,-14307,-2042,NaN,NaN,NaN,NaN,83849,50487,-39630,10857,10724,-19539,-8815,12265,-14307,-2042
2008-01-15T23:00:00Z,3.21,3.2335,3.147,3.1725,50487,-39630,10857,10724,-19539,-8815,12265,-14307,-2042,NaN,NaN,NaN,NaN,83849,50487,-39630,10857,10724,-19539,-8815,12265,-14307,-2042
2008-01-16T23:00:00Z,3.1725,3.246,3.13,3.182,50487,-39630,10857,10724,-19539,-8815,12265,-14307,-2042,NaN,NaN,NaN,NaN,83849,50487,-39630,10857,10724,-19539,-8815,12265,-14307,-2042
2008-01-17T23:00:00Z,3.152,3.2455,3.145,3.2345,50487,-39630,10857,10724,-19539,-8815,12265,-14307,-2042,NaN,NaN,NaN,NaN,83849,50487,-39630,10857,10724,-19539,-8815,12265,-14307,-2042
2008-01-21T23:00:00Z,3.2395,3.275,3.012,3.1965,50879,-38160,12719,11307,-20355,-9048,11786,-15457,-3671,NaN,NaN,NaN,NaN,86382,50879,-38160,12719,11307,-20355,-9048,11786,-15457,-3671
2008-01-22T23:00:00Z,3.1805,3.2,3.065,3.072,50879,-38160,12719,11307,-20355,-9048,11786,-15457,-3671,NaN,NaN,NaN,NaN,86382,50879,-38160,12719,11307,-20355,-9048,11786,-15457,-3671
2008-01-23T23:00:00Z,3.13,3.21,3.127,3.1715,50879,-38160,12719,11307,-20355,-9048,11786,-15457,-3671,NaN,NaN,NaN,NaN,86382,50879,-38160,12719,11307,-20355,-9048,11786,-15457,-3671
2008-01-24T23:00:00Z,3.192,3.2455,3.164,3.184,50879,-38160,12719,11307,-20355,-9048,11786,-15457,-3671,NaN,NaN,NaN,NaN,86382,50879,-38160,12719,11307,-20355,-9048,11786,-15457,-3671
2008-01-27T23:00:00Z,3.19,3.2195,3.1165,3.1895,50879,-38160,12719,11307,-20355,-9048,11786,-15457,-3671,NaN,NaN,NaN,NaN,86382,50879,-38160,12719,11307,-20355,-9048,11786,-15457,-3671
2008-01-28T23:00:00Z,3.184,3.3185,3.18,3.299,51496,-38578,12918,10688,-20024,-9336,12241,-15823,-3582,NaN,NaN,NaN,NaN,89706,51496,-38578,12918,10688,-20024,-9336,12241,-15823,-3582
2008-01-29T23:00:00Z,3.2825,3.2975,3.217,3.2265,51496,-38578,12918,10688,-20024,-9336,12241,-15823,-3582,NaN,NaN,NaN,NaN,89706,51496,-38578,12918,10688,-20024,-9336,12241,-15823,-3582
2008-01-30T23:00:00Z,3.23,3.3225,3.199,3.298,51496,-38578,12918,10688,-20024,-9336,12241,-15823,-3582,NaN,NaN,NaN,NaN,89706,51496,-38578,12918,10688,-20024,-9336,12241,-15823,-3582
2008-01-31T23:00:00Z,3.2915,3.342,3.2485,3.273,51496,-38578,12918,10688,-20024,-9336,12241,-15823,-3582,NaN,NaN,NaN,NaN,89706,51496,-38578,12918,10688,-20024,-9336,12241,-15823,-3582
2008-02-03T23:00:00Z,3.2735,3.325,3.251,3.2985,51496,-38578,12918,10688,-20024,-9336,12241,-15823,-3582,NaN,NaN,NaN,NaN,89706,51496,-38578,12918,10688,-20024,-9336,12241,-15823,-3582
2008-02-04T23:00:00Z,3.3085,3.3185,3.182,3.212,51617,-40742,10875,11552,-18781,-7229,11884,-15530,-3646,NaN,NaN,NaN,NaN,90375,51617,-40742,10875,11552,-18781,-7229,11884,-15530,-3646
2008-02-05T23:00:00Z,3.198,3.3475,3.171,3.309,51617,-40742,10875,11552,-18781,-7229,11884,-15530,-3646,NaN,NaN,NaN,NaN,90375,51617,-40742,10875,11552,-18781,-7229,11884,-15530,-3646
2008-02-06T23:00:00Z,3.2805,3.462,3.276,3.454,51617,-40742,10875,11552,-18781,-7229,11884,-15530,-3646,NaN,NaN,NaN,NaN,90375,51617,-40742,10875,11552,-18781,-7229,11884,-15530,-3646
2008-02-07T23:00:00Z,3.43,3.564,3.425,3.5395,51617,-40742,10875,11552,-18781,-7229,11884,-15530,-3646,NaN,NaN,NaN,NaN,90375,51617,-40742,10875,11552,-18781,-7229,11884,-15530,-3646
2008-02-10T23:00:00Z,3.52,3.599,3.5195,3.5585,51617,-40742,10875,11552,-18781,-7229,11884,-15530,-3646,NaN,NaN,NaN,NaN,90375,51617,-40742,10875,11552,-18781,-7229,11884,-15530,-3646
2008-02-11T23:00:00Z,3.542,3.593,3.5275,3.56,50101,-46853,3248,18417,-17863,554,10488,-14290,-3802,NaN,NaN,NaN,NaN,88310,50101,-46853,3248,18417,-17863,554,10488,-14290,-3802
2008-02-12T23:00:00Z,3.542,3.559,3.4765,3.5305,50101,-46853,3248,18417,-17863,554,10488,-14290,-3802,NaN,NaN,NaN,NaN,88310,50101,-46853,3248,18417,-17863,554,10488,-14290,-3802
2008-02-13T23:00:00Z,3.534,3.5825,3.456,3.488,50101,-46853,3248,18417,-17863,554,10488,-14290,-3802,NaN,NaN,NaN,NaN,88310,50101,-46853,3248,18417,-17863,554,10488,-14290,-3802
2008-02-14T23:00:00Z,3.474,3.568,3.466,3.523,50101,-46853,3248,18417,-17863,554,10488,-14290,-3802,NaN,NaN,NaN,NaN,88310,50101,-46853,3248,18417,-17863,554,10488,-14290,-3802
2008-02-17T23:00:00Z,3.525,3.6235,3.5135,3.609,50101,-46853,3248,18417,-17863,554,10488,-14290,-3802,NaN,NaN,NaN,NaN,88310,50101,-46853,3248,18417,-17863,554,10488,-14290,-3802
2008-02-18T23:00:00Z,3.525,3.7325,3.5135,3.7235,53143,-53157,-14,21336,-17784,3552,11749,-15287,-3538,NaN,NaN,NaN,NaN,93661,53143,-53157,-14,21336,-17784,3552,11749,-15287,-3538
2008-02-19T23:00:00Z,3.72,3.73,3.664,3.7085,53143,-53157,-14,21336,-17784,3552,11749,-15287,-3538,NaN,NaN,NaN,NaN,93661,53143,-53157,-14,21336,-17784,3552,11749,-15287,-3538
2008-02-20T23:00:00Z,3.7385,3.8465,3.714,3.8105,53143,-53157,-14,21336,-17784,3552,11749,-15287,-3538,NaN,NaN,NaN,NaN,93661,53143,-53157,-14,21336,-17784,3552,11749,-15287,-3538
2008-02-21T23:00:00Z,3.796,3.8175,3.7445,3.7895,53143,-53157,-14,21336,-17784,3552,11749,-15287,-3538,NaN,NaN,NaN,NaN,93661,53143,-53157,-14,21336,-17784,3552,11749,-15287,-3538
2008-02-24T23:00:00Z,3.795,3.8495,3.6905,3.7395,53143,-53157,-14,21336,-17784,3552,11749,-15287,-3538,NaN,NaN,NaN,NaN,93661,53143,-53157,-14,21336,-17784,3552,11749,-15287,-3538
2008-02-25T23:00:00Z,3.7305,3.8045,3.667,3.779,52749,-57730,-4981,24783,-19202,5581,12176,-12776,-600,NaN,NaN,NaN,NaN,101872,52749,-57730,-4981,24783,-19202,5581,12176,-12776,-600
2008-02-26T23:00:00Z,3.7925,3.8625,3.789,3.838,52749,-57730,-4981,24783,-19202,5581,12176,-12776,-600,NaN,NaN,NaN,NaN,101872,52749,-57730,-4981,24783,-19202,5581,12176,-12776,-600
2008-02-27T23:00:00Z,3.8375,3.9105,3.825,3.878,52749,-57730,-4981,24783,-19202,5581,12176,-12776,-600,NaN,NaN,NaN,NaN,101872,52749,-57730,-4981,24783,-19202,5581,12176,-12776,-600
2008-02-28T23:00:00Z,3.878,3.892,3.8005,3.855,52749,-57730,-4981,24783,-19202,5581,12176,-12776,-600,NaN,NaN,NaN,NaN,101872,52749,-57730,-4981,24783,-19202,5581,12176,-12776,-600
2008-03-02T23:00:00Z,3.8465,3.967,3.8355,3.9285,52749,-57730,-4981,24783,-19202,5581,12176,-12776,-600,NaN,NaN,NaN,NaN,101872,52749,-57730,-4981,24783,-19202,5581,12176,-12776,-600
2008-03-03T23:00:00Z,3.935,3.9515,3.803,3.8215,49840,-58982,-9142,27387,-18291,9096,12755,-12709,46,NaN,NaN,NaN,NaN,101867,49840,-58982,-9142,27387,-18291,9096,12755,-12709,46
2008-03-04T23:00:00Z,3.8265,3.985,3.792,3.982,49840,-58982,-9142,27387,-18291,9096,12755,-12709,46,NaN,NaN,NaN,NaN,101867,49840,-58982,-9142,27387,-18291,9096,12755,-12709,46
2008-03-05T23:00:00Z,3.964,4.024,3.85,3.9035,49840,-58982,-9142,27387,-18291,9096,12755,-12709,46,NaN,NaN,NaN,NaN,101867,49840,-58982,-9142,27387,-18291,9096,12755,-12709,46
2008-03-06T23:00:00Z,3.898,3.945,3.856,3.9215,49840,-58982,-9142,27387,-18291,9096,12755,-12709,46,NaN,NaN,NaN,NaN,101867,49840,-58982,-9142,27387,-18291,9096,12755,-12709,46
2008-03-09T22:00:00Z,3.9155,3.925,3.7695,3.795,49840,-58982,-9142,27387,-18291,9096,12755,-12709,46,NaN,NaN,NaN,NaN,101867,49840,-58982,-9142,27387,-18291,9096,12755,-12709,46
2008-03-10T22:00:00Z,3.8,3.8905,3.762,3.7855,49542,-58831,-9289,29142,-19142,10000,12550,-13261,-711,NaN,NaN,NaN,NaN,103107,49542,-58831,-9289,29142,-19142,10000,12550,-13261,-711
2008-03-11T22:00:00Z,3.792,3.8445,3.75,3.837,49542,-58831,-9289,29142,-19142,10000,12550,-13261,-711,NaN,NaN,NaN,NaN,103107,49542,-58831,-9289,29142,-19142,10000,12550,-13261,-711
2008-03-12T22:00:00Z,3.8205,3.864,3.787,3.825,49542,-58831,-9289,29142,-19142,10000,12550,-13261,-711,NaN,NaN,NaN,NaN,103107,49542,-58831,-9289,29142,-19142,10000,12550,-13261,-711
2008-03-13T22:00:00Z,3.808,3.9,3.79,3.828,49542,-58831,-9289,29142,-19142,10000,12550,-13261,-711,NaN,NaN,NaN,NaN,103107,49542,-58831,-9289,29142,-19142,10000,12550,-13261,-711
2008-03-16T22:00:00Z,3.8275,3.88,3.654,3.685,49542,-58831,-9289,29142,-19142,10000,12550,-13261,-711,NaN,NaN,NaN,NaN,103107,49542,-58831,-9289,29142,-19142,10000,12550,-13261,-711
2008-03-17T22:00:00Z,3.721,3.7625,3.6605,3.7465,49184,-56049,-6865,27231,-19888,7343,12876,-13354,-478,NaN,NaN,NaN,NaN,101953,49184,-56049,-6865,27231,-19888,7343,12876,-13354,-478
2008-03-18T22:00:00Z,3.72,3.767,3.6105,3.6335,49184,-56049,-6865,27231,-19888,7343,12876,-13354,-478,NaN,NaN,NaN,NaN,101953,49184,-56049,-6865,27231,-19888,7343,12876,-13354,-478
2008-03-19T22:00:00Z,3.62,3.62,3.461,3.5735,49184,-56049,-6865,27231,-19888,7343,12876,-13354,-478,NaN,NaN,NaN,NaN,101953,49184,-56049,-6865,27231,-19888,7343,12876,-13354,-478
2008-03-23T22:00:00Z,3.55,3.6475,3.525,3.6225,49184,-56049,-6865,27231,-19888,7343,12876,-13354,-478,NaN,NaN,NaN,NaN,101953,49184,-56049,-6865,27231,-19888,7343,12876,-13354,-478
2008-03-24T22:00:00Z,3.619,3.71,3.5985,3.6785,49023,-53999,-4976,23073,-15518,7555,12241,-14820,-2579,NaN,NaN,NaN,NaN,97323,49023,-53999,-4976,23073,-15518,7555,12241,-14820,-2579
2008-03-25T22:00:00Z,3.689,3.75,3.675,3.725,49023,-53999,-4976,23073,-15518,7555,12241,-14820,-2579,NaN,NaN,NaN,NaN,97323,49023,-53999,-4976,23073,-15518,7555,12241,-14820,-2579
2008-03-26T22:00:00Z,3.74,3.894,3.7205,3.873,49023,-53999,-4976,23073,-15518,7555,12241,-14820,-2579,NaN,NaN,NaN,NaN,97323,49023,-53999,-4976,23073,-15518,7555,12241,-14820,-2579
2008-03-27T22:00:00Z,3.856,3.9275,3.8025,3.8315,49023,-53999,-4976,23073,-15518,7555,12241,-14820,-2579,NaN,NaN,NaN,NaN,97323,49023,-53999,-4976,23073,-15518,7555,12241,-14820,-2579
2008-03-30T22:00:00Z,3.8395,3.8715,3.803,3.831,49023,-53999,-4976,23073,-15518,7555,12241,-14820,-2579,NaN,NaN,NaN,NaN,97323,49023,-53999,-4976,23073,-15518,7555,12241,-14820,-2579
2008-03-31T22:00:00Z,3.814,3.835,3.709,3.8065,48653,-55905,-7252,25610,-16029,9581,12846,-15175,-2329,NaN,NaN,NaN,NaN,101860,48653,-55905,-7252,25610,-16029,9581,12846,-15175,-2329
2008-04-01T22:00:00Z,3.803,3.8905,3.7665,3.8775,48653,-55905,-7252,25610,-16029,9581,12846,-15175,-2329,NaN,NaN,NaN,NaN,101860,48653,-55905,-7252,25610,-16029,9581,12846,-15175,-2329
2008-04-02T22:00:00Z,3.876,3.9325,3.84,3.9015,48653,-55905,-7252,25610,-16029,9581,12846,-15175,-2329,NaN,NaN,NaN,NaN,101860,48653,-55905,-7252,25610,-16029,9581,12846,-15175,-2329
2008-04-03T22:00:00Z,3.8905,3.967,3.865,3.9545,48653,-55905,-7252,25610,-16029,9581,12846,-15175,-2329,NaN,NaN,NaN,NaN,101860,48653,-55905,-7252,25610,-16029,9581,12846,-15175,-2329
2008-04-06T22:00:00Z,3.9535,4,3.932,3.9795,48653,-55905,-7252,25610,-16029,9581,12846,-15175,-2329,NaN,NaN,NaN,NaN,101860,48653,-55905,-7252,25610,-16029,9581,12846,-15175,-2329
2008-04-07T22:00:00Z,3.959,3.9665,3.864,3.8905,48968,-55942,-6974,28023,-19182,8841,12785,-14652,-1867,NaN,NaN,NaN,NaN,102525,48968,-55942,-6974,28023,-19182,8841,12785,-14652,-1867
2008-04-08T22:00:00Z,3.882,4.022,3.852,4,48968,-55942,-6974,28023,-19182,8841,12785,-14652,-1867,NaN,NaN,NaN,NaN,102525,48968,-55942,-6974,28023,-19182,8841,12785,-14652,-1867
2008-04-09T22:00:00Z,4.015,4.039,3.912,3.924,48968,-55942,-6974,28023,-19182,8841,12785,-14652,-1867,NaN,NaN,NaN,NaN,102525,48968,-55942,-6974,28023,-19182,8841,12785,-14652,-1867
2008-04-10T22:00:00Z,3.919,3.9765,3.902,3.9445,48968,-55942,-6974,28023,-19182,8841,12785,-14652,-1867,NaN,NaN,NaN,NaN,102525,48968,-55942,-6974,28023,-19182,8841,12785,-14652,-1867
2008-04-13T22:00:00Z,3.9455,3.9575,3.8155,3.8965,48968,-55942,-6974,28023,-19182,8841,12785,-14652,-1867,NaN,NaN,NaN,NaN,102525,48968,-55942,-6974,28023,-19182,8841,12785,-14652,-1867
2008-04-14T22:00:00Z,3.881,3.9225,3.8365,3.859,49550,-57463,-7913,30643,-21360,9283,12636,-14006,-1370,NaN,NaN,NaN,NaN,105070,49550,-57463,-7913,30643,-21360,9283,12636,-14006,-1370
2008-04-15T22:00:00Z,3.86,4.018,3.831,3.958,49550,-57463,-7913,30643,-21360,9283,12636,-14006,-1370,NaN,NaN,NaN,NaN,105070,49550,-57463,-7913,30643,-21360,9283,12636,-14006,-1370
2008-04-16T22:00:00Z,3.96,4.0495,3.892,3.912,49550,-57463,-7913,30643,-21360,9283,12636,-14006,-1370,NaN,NaN,NaN,NaN,105070,49550,-57463,-7913,30643,-21360,9283,12636,-14006,-1370
2008-04-17T22:00:00Z,3.9185,3.9525,3.81,3.888,49550,-57463,-7913,30643,-21360,9283,12636,-14006,-1370,NaN,NaN,NaN,NaN,105070,49550,-57463,-7913,30643,-21360,9283,12636,-14006,-1370
2008-04-20T22:00:00Z,3.8885,3.93,3.8405,3.866,49550,-57463,-7913,30643,-21360,9283,12636,-14006,-1370,NaN,NaN,NaN,NaN,105070,49550,-57463,-7913,30643,-21360,9283,12636,-14006,-1370
2008-04-21T22:00:00Z,3.9065,3.9875,3.8505,3.9655,50942,-58831,-7889,30703,-21690,9013,13533,-14657,-1124,NaN,NaN,NaN,NaN,107654,50942,-58831,-7889,30703,-21690,9013,13533,-14657,-1124
2008-04-22T22:00:00Z,3.947,3.9785,3.875,3.904,50942,-58831,-7889,30703,-21690,9013,13533,-14657,-1124,NaN,NaN,NaN,NaN,107654,50942,-58831,-7889,30703,-21690,9013,13533,-14657,-1124
2008-04-23T22:00:00Z,3.886,3.947,3.865,3.875,50942,-58831,-7889,30703,-21690,9013,13533,-14657,-1124,NaN,NaN,NaN,NaN,107654,50942,-58831,-7889,30703,-21690,9013,13533,-14657,-1124
2008-04-24T22:00:00Z,3.882,3.932,3.8115,3.9155,50942,-58831,-7889,30703,-21690,9013,13533,-14657,-1124,NaN,NaN,NaN,NaN,107654,50942,-58831,-7889,30703,-21690,9013,13533,-14657,-1124
2008-04-27T22:00:00Z,3.9185,3.95,3.897,3.9355,50942,-58831,-7889,30703,-21690,9013,13533,-14657,-1124,NaN,NaN,NaN,NaN,107654,50942,-58831,-7889,30703,-21690,9013,13533,-14657,-1124
2008-04-28T22:00:00Z,3.918,3.93,3.851,3.881,50041,-54543,-4502,29123,-22559,6564,12848,-14910,-2062,NaN,NaN,NaN,NaN,104206,50041,-54543,-4502,29123,-22559,6564,12848,-14910,-2062
2008-04-29T22:00:00Z,3.8895,3.927,3.8455,3.9045,50041,-54543,-4502,29123,-22559,6564,12848,-14910,-2062,NaN,NaN,NaN,NaN,104206,50041,-54543,-4502,29123,-22559,6564,12848,-14910,-2062
2008-04-30T22:00:00Z,3.9075,3.93,3.6675,3.6945,50041,-54543,-4502,29123,-22559,6564,12848,-14910,-2062,NaN,NaN,NaN,NaN,104206,50041,-54543,-4502,29123,-22559,6564,12848,-14910,-2062
2008-05-01T22:00:00Z,3.724,3.8525,3.7,3.8205,50041,-54543,-4502,29123,-22559,6564,12848,-14910,-2062,NaN,NaN,NaN,NaN,104206,50041,-54543,-4502,29123,-22559,6564,12848,-14910,-2062
2008-05-04T22:00:00Z,3.828,4.27,3.82,3.9475,50041,-54543,-4502,29123,-22559,6564,12848,-14910,-2062,NaN,NaN,NaN,NaN,104206,50041,-54543,-4502,29123,-22559,6564,12848,-14910,-2062
2008-05-05T22:00:00Z,3.942,3.942,3.8325,3.8785,48990,-54398,-5408,27833,-20639,7194,12262,-14048,-1786,NaN,NaN,NaN,NaN,99434,48990,-54398,-5408,27833,-20639,7194,12262,-14048,-1786
2008-05-06T22:00:00Z,3.8795,3.885,3.8165,3.834,48990,-54398,-5408,27833,-20639,7194,12262,-14048,-1786,NaN,NaN,NaN,NaN,99434,48990,-54398,-5408,27833,-20639,7194,12262,-14048,-1786
2008-05-07T22:00:00Z,3.8395,3.851,3.756,3.7875,48990,-54398,-5408,27833,-20639,7194,12262,-14048,-1786,NaN,NaN,NaN,NaN,99434,48990,-54398,-5408,27833,-20639,7194,12262,-14048,-1786
2008-05-08T22:00:00Z,3.796,3.8,3.6775,3.7165,48990,-54398,-5408,27833,-20639,7194,12262,-14048,-1786,NaN,NaN,NaN,NaN,99434,48990,-54398,-5408,27833,-20639,7194,12262,-14048,-1786
2008-05-11T22:00:00Z,3.712,3.775,3.6855,3.7495,48990,-54398,-5408,27833,-20639,7194,12262,-14048,-1786,NaN,NaN,NaN,NaN,99434,48990,-54398,-5408,27833,-20639,7194,12262,-14048,-1786
2008-05-12T22:00:00Z,3.7465,3.793,3.7085,3.7315,48974,-51927,-2953,24173,-19985,4188,13456,-14691,-1235,NaN,NaN,NaN,NaN,97799,48974,-51927,-2953,24173,-19985,4188,13456,-14691,-1235
2008-05-13T22:00:00Z,3.7325,3.7435,3.6525,3.681,48974,-51927,-2953,24173,-19985,4188,13456,-14691,-1235,NaN,NaN,NaN,NaN,97799,48974,-51927,-2953,24173,-19985,4188,13456,-14691,-1235
2008-05-14T22:00:00Z,3.678,3.772,3.6665,3.7385,48974,-51927,-2953,24173,-19985,4188,13456,-14691,-1235,NaN,NaN,NaN,NaN,97799,48974,-51927,-2953,24173,-19985,4188,13456,-14691,-1235
2008-05-15T22:00:00Z,3.7405,3.8595,3.7395,3.8265,48974,-51927,-2953,24173,-19985,4188,13456,-14691,-1235,NaN,NaN,NaN,NaN,97799,48974,-51927,-2953,24173,-19985,4188,13456,-14691,-1235
2008-05-18T22:00:00Z,3.836,3.858,3.7425,3.7755,48974,-51927,-2953,24173,-19985,4188,13456,-14691,-1235,NaN,NaN,NaN,NaN,97799,48974,-51927,-2953,24173,-19985,4188,13456,-14691,-1235
2008-05-19T22:00:00Z,3.7725,3.8005,3.731,3.7765,49121,-53403,-4282,24632,-19592,5040,14079,-14837,-758,NaN,NaN,NaN,NaN,101017,49121,-53403,-4282,24632,-19592,5040,14079,-14837,-758
2008-05-20T22:00:00Z,3.7685,3.781,3.721,3.7445,49121,-53403,-4282,24632,-19592,5040,14079,-14837,-758,NaN,NaN,NaN,NaN,101017,49121,-53403,-4282,24632,-19592,5040,14079,-14837,-758
2008-05-21T22:00:00Z,3.741,3.7895,3.6605,3.7125,49121,-53403,-4282,24632,-19592,5040,14079,-14837,-758,NaN,NaN,NaN,NaN,101017,49121,-53403,-4282,24632,-19592,5040,14079,-14837,-758
2008-05-22T22:00:00Z,3.7035,3.745,3.6485,3.736,49121,-53403,-4282,24632,-19592,5040,14079,-14837,-758,NaN,NaN,NaN,NaN,101017,49121,-53403,-4282,24632,-19592,5040,14079,-14837,-758
2008-05-25T22:00:00Z,3.7455,3.75,3.6995,3.7305,49121,-53403,-4282,24632,-19592,5040,14079,-14837,-758,NaN,NaN,NaN,NaN,101017,49121,-53403,-4282,24632,-19592,5040,14079,-14837,-758
2008-05-26T22:00:00Z,3.7455,3.75,3.6875,3.716,49788,-51504,-1716,22205,-18544,3661,13115,-15060,-1945,NaN,NaN,NaN,NaN,98441,49788,-51504,-1716,22205,-18544,3661,13115,-15060,-1945
2008-05-27T22:00:00Z,3.729,3.7295,3.6365,3.695,49788,-51504,-1716,22205,-18544,3661,13115,-15060,-1945,NaN,NaN,NaN,NaN,98441,49788,-51504,-1716,22205,-18544,3661,13115,-15060,-1945
2008-05-28T22:00:00Z,3.702,3.702,3.5505,3.5585,49788,-51504,-1716,22205,-18544,3661,13115,-15060,-1945,NaN,NaN,NaN,NaN,98441,49788,-51504,-1716,22205,-18544,3661,13115,-15060,-1945
2008-05-29T22:00:00Z,3.5695,3.6125,3.56,3.606,49788,-51504,-1716,22205,-18544,3661,13115,-15060,-1945,NaN,NaN,NaN,NaN,98441,49788,-51504,-1716,22205,-18544,3661,13115,-15060,-1945
2008-06-01T22:00:00Z,3.5935,3.621,3.545,3.5965,49788,-51504,-1716,22205,-18544,3661,13115,-15060,-1945,NaN,NaN,NaN,NaN,98441,49788,-51504,-1716,22205,-18544,3661,13115,-15060,-1945
2008-06-02T22:00:00Z,3.588,3.612,3.5605,3.578,49487,-46744,2743,20776,-21663,-887,13414,-15270,-1856,NaN,NaN,NaN,NaN,97981,49487,-46744,2743,20776,-21663,-887,13414,-15270,-1856
2008-06-03T22:00:00Z,3.561,3.5745,3.54,3.545,49487,-46744,2743,20776,-21663,-887,13414,-15270,-1856,NaN,NaN,NaN,NaN,97981,49487,-46744,2743,20776,-21663,-887,13414,-15270,-1856
2008-06-04T22:00:00Z,3.543,3.5735,3.512,3.543,49487,-46744,2743,20776,-21663,-887,13414,-15270,-1856,NaN,NaN,NaN,NaN,97981,49487,-46744,2743,20776,-21663,-887,13414,-15270,-1856
2008-06-05T22:00:00Z,3.5745,3.67,3.5695,3.623,49487,-46744,2743,20776,-21663,-887,13414,-15270,-1856,NaN,NaN,NaN,NaN,97981,49487,-46744,2743,20776,-21663,-887,13414,-15270,-1856
2008-06-08T22:00:00Z,3.6225,3.663,3.581,3.613,49487,-46744,2743,20776,-21663,-887,13414,-15270,-1856,NaN,NaN,NaN,NaN,97981,49487,-46744,2743,20776,-21663,-887,13414,-15270,-1856
2008-06-09T22:00:00Z,3.6075,3.608,3.548,3.56,50084,-47406,2678,20614,-20430,184,12611,-15473,-2862,NaN,NaN,NaN,NaN,96229,50084,-47406,2678,20614,-20430,184,12611,-15473,-2862
2008-06-10T22:00:00Z,3.555,3.6,3.523,3.5795,50084,-47406,2678,20614,-20430,184,12611,-15473,-2862,NaN,NaN,NaN,NaN,96229,50084,-47406,2678,20614,-20430,184,12611,-15473,-2862
2008-06-11T22:00:00Z,3.572,3.583,3.5065,3.538,50084,-47406,2678,20614,-20430,184,12611,-15473,-2862,NaN,NaN,NaN,NaN,96229,50084,-47406,2678,20614,-20430,184,12611,-15473,-2862
2008-06-12T22:00:00Z,3.535,3.6175,3.5275,3.589,50084,-47406,2678,20614,-20430,184,12611,-15473,-2862,NaN,NaN,NaN,NaN,96229,50084,-47406,2678,20614,-20430,184,12611,-15473,-2862
2008-06-15T22:00:00Z,3.589,3.705,3.585,3.6655,50084,-47406,2678,20614,-20430,184,12611,-15473,-2862,NaN,NaN,NaN,NaN,96229,50084,-47406,2678,20614,-20430,184,12611,-15473,-2862
2008-06-16T22:00:00Z,3.65,3.687,3.6225,3.6495,52431,-52838,-407,23149,-19960,3189,13287,-16069,-2782,NaN,NaN,NaN,NaN,102488,52431,-52838,-407,23149,-19960,3189,13287,-16069,-2782
2008-06-17T22:00:00Z,3.65,3.761,3.6415,3.7475,52431,-52838,-407,23149,-19960,3189,13287,-16069,-2782,NaN,NaN,NaN,NaN,102488,52431,-52838,-407,23149,-19960,3189,13287,-16069,-2782
2008-06-18T22:00:00Z,3.7355,3.8175,3.7245,3.7795,52431,-52838,-407,23149,-19960,3189,13287,-16069,-2782,NaN,NaN,NaN,NaN,102488,52431,-52838,-407,23149,-19960,3189,13287,-16069,-2782
2008-06-19T22:00:00Z,3.78,3.8425,3.765,3.832,52431,-52838,-407,23149,-19960,3189,13287,-16069,-2782,NaN,NaN,NaN,NaN,102488,52431,-52838,-407,23149,-19960,3189,13287,-16069,-2782
2008-06-22T22:00:00Z,3.8325,3.8505,3.7705,3.8095,52431,-52838,-407,23149,-19960,3189,13287,-16069,-2782,NaN,NaN,NaN,NaN,102488,52431,-52838,-407,23149,-19960,3189,13287,-16069,-2782
2008-06-23T22:00:00Z,3.81,3.8115,3.764,3.788,54249,-59841,-5592,25237,-18619,6618,13504,-14530,-1026,NaN,NaN,NaN,NaN,109496,54249,-59841,-5592,25237,-18619,6618,13504,-14530,-1026
2008-06-24T22:00:00Z,3.78,3.8195,3.7345,3.777,54249,-59841,-5592,25237,-18619,6618,13504,-14530,-1026,NaN,NaN,NaN,NaN,109496,54249,-59841,-5592,25237,-18619,6618,13504,-14530,-1026
2008-06-25T22:00:00Z,3.787,3.861,3.773,3.83,54249,-59841,-5592,25237,-18619,6618,13504,-14530,-1026,NaN,NaN,NaN,NaN,109496,54249,-59841,-5592,25237,-18619,6618,13504,-14530,-1026
2008-06-26T22:00:00Z,3.825,3.885,3.807,3.878,54249,-59841,-5592,25237,-18619,6618,13504,-14530,-1026,NaN,NaN,NaN,NaN,109496,54249,-59841,-5592,25237,-18619,6618,13504,-14530,-1026
2008-06-29T22:00:00Z,3.88,3.913,3.8325,3.8825,54249,-59841,-5592,25237,-18619,6618,13504,-14530,-1026,NaN,NaN,NaN,NaN,109496,54249,-59841,-5592,25237,-18619,6618,13504,-14530,-1026
2008-06-30T22:00:00Z,3.8695,3.9245,3.85,3.9105,52762,-60405,-7643,26085,-18647,7438,14848,-14643,205,NaN,NaN,NaN,NaN,111367,52762,-60405,-7643,26085,-18647,7438,14848,-14643,205
2008-07-01T22:00:00Z,3.894,4.075,3.8775,4.0635,52762,-60405,-7643,26085,-18647,7438,14848,-14643,205,NaN,NaN,NaN,NaN,111367,52762,-60405,-7643,26085,-18647,7438,14848,-14643,205
2008-07-02T22:00:00Z,4.0235,4.0455,3.926,3.949,52762,-60405,-7643,26085,-18647,7438,14848,-14643,205,NaN,NaN,NaN,NaN,111367,52762,-60405,-7643,26085,-18647,7438,14848,-14643,205
2008-07-03T22:00:00Z,3.94,3.952,3.858,3.882,52762,-60405,-7643,26085,-18647,7438,14848,-14643,205,NaN,NaN,NaN,NaN,111367,52762,-60405,-7643,26085,-18647,7438,14848,-14643,205
2008-07-06T22:00:00Z,3.8745,3.9005,3.803,3.849,52762,-60405,-7643,26085,-18647,7438,14848,-14643,205,NaN,NaN,NaN,NaN,111367,52762,-60405,-7643,26085,-18647,7438,14848,-14643,205
2008-07-07T22:00:00Z,3.8375,3.861,3.684,3.6965,54077,-60938,-6861,25343,-18805,6538,12190,-11867,323,NaN,NaN,NaN,NaN,110218,54077,-60938,-6861,25343,-18805,6538,12190,-11867,323
2008-07-08T22:00:00Z,3.697,3.753,3.642,3.739,54077,-60938,-6861,25343,-18805,6538,12190,-11867,323,NaN,NaN,NaN,NaN,110218,54077,-60938,-6861,25343,-18805,6538,12190,-11867,323
2008-07-09T22:00:00Z,3.7265,3.791,3.672,3.7185,54077,-60938,-6861,25343,-18805,6538,12190,-11867,323,NaN,NaN,NaN,NaN,110218,54077,-60938,-6861,25343,-18805,6538,12190,-11867,323
2008-07-10T22:00:00Z,3.7225,3.799,3.719,3.74,54077,-60938,-6861,25343,-18805,6538,12190,-11867,323,NaN,NaN,NaN,NaN,110218,54077,-60938,-6861,25343,-18805,6538,12190,-11867,323
2008-07-13T22:00:00Z,3.7455,3.782,3.7105,3.752,54077,-60938,-6861,25343,-18805,6538,12190,-11867,323,NaN,NaN,NaN,NaN,110218,54077,-60938,-6861,25343,-18805,6538,12190,-11867,323
2008-07-14T22:00:00Z,3.744,3.7575,3.665,3.7,54452,-56566,-2114,21001,-17982,3019,11720,-12625,-905,NaN,NaN,NaN,NaN,105627,54452,-56566,-2114,21001,-17982,3019,11720,-12625,-905
2008-07-15T22:00:00Z,3.6875,3.716,3.6305,3.6505,54452,-56566,-2114,21001,-17982,3019,11720,-12625,-905,NaN,NaN,NaN,NaN,105627,54452,-56566,-2114,21001,-17982,3019,11720,-12625,-905
2008-07-16T22:00:00Z,3.653,3.7315,3.638,3.715,54452,-56566,-2114,21001,-17982,3019,11720,-12625,-905,NaN,NaN,NaN,NaN,105627,54452,-56566,-2114,21001,-17982,3019,11720,-12625,-905
2008-07-17T22:00:00Z,3.695,3.7,3.6505,3.669,54452,-56566,-2114,21001,-17982,3019,11720,-12625,-905,NaN,NaN,NaN,NaN,105627,54452,-56566,-2114,21001,-17982,3019,11720,-12625,-905
2008-07-20T22:00:00Z,3.669,3.7135,3.6675,3.681,54452,-56566,-2114,21001,-17982,3019,11720,-12625,-905,NaN,NaN,NaN,NaN,105627,54452,-56566,-2114,21001,-17982,3019,11720,-12625,-905
2008-07-21T22:00:00Z,3.699,3.745,3.6595,3.6905,57290,-55935,1355,20424,-19431,993,11248,-13596,-2348,NaN,NaN,NaN,NaN,110899,57290,-55935,1355,20424,-19431,993,11248,-13596,-2348
2008-07-22T22:00:00Z,3.69,3.703,3.6155,3.6575,57290,-55935,1355,20424,-19431,993,11248,-13596,-2348,NaN,NaN,NaN,NaN,110899,57290,-55935,1355,20424,-19431,993,11248,-13596,-2348
2008-07-23T22:00:00Z,3.629,3.66,3.556,3.577,57290,-55935,1355,20424,-19431,993,11248,-13596,-2348,NaN,NaN,NaN,NaN,110899,57290,-55935,1355,20424,-19431,993,11248,-13596,-2348
2008-07-24T22:00:00Z,3.5815,3.614,3.569,3.605,57290,-55935,1355,20424,-19431,993,11248,-13596,-2348,NaN,NaN,NaN,NaN,110899,57290,-55935,1355,20424,-19431,993,11248,-13596,-2348
2008-07-27T22:00:00Z,3.608,3.6345,3.588,3.612,57290,-55935,1355,20424,-19431,993,11248,-13596,-2348,NaN,NaN,NaN,NaN,110899,57290,-55935,1355,20424,-19431,993,11248,-13596,-2348
2008-07-28T22:00:00Z,3.616,3.627,3.561,3.5905,57551,-51529,6022,18062,-20304,-2242,10592,-14372,-3780,NaN,NaN,NaN,NaN,108234,57551,-51529,6022,18062,-20304,-2242,10592,-14372,-3780
2008-07-29T22:00:00Z,3.5895,3.755,3.5375,3.646,57551,-51529,6022,18062,-20304,-2242,10592,-14372,-3780,NaN,NaN,NaN,NaN,108234,57551,-51529,6022,18062,-20304,-2242,10592,-14372,-3780
2008-07-30T22:00:00Z,3.649,3.7035,3.639,3.6615,57551,-51529,6022,18062,-20304,-2242,10592,-14372,-3780,NaN,NaN,NaN,NaN,108234,57551,-51529,6022,18062,-20304,-2242,10592,-14372,-3780
2008-07-31T22:00:00Z,3.6605,3.6675,3.54,3.5785,57551,-51529,6022,18062,-20304,-2242,10592,-14372,-3780,NaN,NaN,NaN,NaN,108234,57551,-51529,6022,18062,-20304,-2242,10592,-14372,-3780
2008-08-03T22:00:00Z,3.5775,3.587,3.426,3.44,57551,-51529,6022,18062,-20304,-2242,10592,-14372,-3780,NaN,NaN,NaN,NaN,108234,57551,-51529,6022,18062,-20304,-2242,10592,-14372,-3780
2008-08-04T22:00:00Z,3.4595,3.4595,3.3765,3.417,61793,-53972,7821,15980,-20299,-4319,11997,-15499,-3502,NaN,NaN,NaN,NaN,110205,61793,-53972,7821,15980,-20299,-4319,11997,-15499,-3502
2008-08-05T22:00:00Z,3.434,3.475,3.415,3.4235,61793,-53972,7821,15980,-20299,-4319,11997,-15499,-3502,NaN,NaN,NaN,NaN,110205,61793,-53972,7821,15980,-20299,-4319,11997,-15499,-3502
2008-08-06T22:00:00Z,3.426,3.4655,3.4095,3.418,61793,-53972,7821,15980,-20299,-4319,11997,-15499,-3502,NaN,NaN,NaN,NaN,110205,61793,-53972,7821,15980,-20299,-4319,11997,-15499,-3502
2008-08-07T22:00:00Z,3.425,3.425,3.292,3.333,61793,-53972,7821,15980,-20299,-4319,11997,-15499,-3502,NaN,NaN,NaN,NaN,110205,61793,-53972,7821,15980,-20299,-4319,11997,-15499,-3502
2008-08-10T22:00:00Z,3.339,3.3465,3.282,3.2915,61793,-53972,7821,15980,-20299,-4319,11997,-15499,-3502,NaN,NaN,NaN,NaN,110205,61793,-53972,7821,15980,-20299,-4319,11997,-15499,-3502
2008-08-11T22:00:00Z,3.313,3.3195,3.2185,3.2275,60458,-49423,11035,13037,-18479,-5442,10027,-15620,-5593,NaN,NaN,NaN,NaN,100371,60458,-49423,11035,13037,-18479,-5442,10027,-15620,-5593
2008-08-12T22:00:00Z,3.231,3.3825,3.231,3.352,60458,-49423,11035,13037,-18479,-5442,10027,-15620,-5593,NaN,NaN,NaN,NaN,100371,60458,-49423,11035,13037,-18479,-5442,10027,-15620,-5593
2008-08-13T22:00:00Z,3.35,3.434,3.294,3.305,60458,-49423,11035,13037,-18479,-5442,10027,-15620,-5593,NaN,NaN,NaN,NaN,100371,60458,-49423,11035,13037,-18479,-5442,10027,-15620,-5593
2008-08-14T22:00:00Z,3.32,3.3475,3.235,3.3225,60458,-49423,11035,13037,-18479,-5442,10027,-15620,-5593,NaN,NaN,NaN,NaN,100371,60458,-49423,11035,13037,-18479,-5442,10027,-15620,-5593
2008-08-17T22:00:00Z,3.3335,3.386,3.2795,3.315,60458,-49423,11035,13037,-18479,-5442,10027,-15620,-5593,NaN,NaN,NaN,NaN,100371,60458,-49423,11035,13037,-18479,-5442,10027,-15620,-5593
2008-08-18T22:00:00Z,3.307,3.469,3.2815,3.4285,61326,-45775,15551,10449,-19576,-9127,9539,-15963,-6424,NaN,NaN,NaN,NaN,94900,61326,-45775,15551,10449,-19576,-9127,9539,-15963,-6424
2008-08-19T22:00:00Z,3.425,3.4845,3.3605,3.397,61326,-45775,15551,10449,-19576,-9127,9539,-15963,-6424,NaN,NaN,NaN,NaN,94900,61326,-45775,15551,10449,-19576,-9127,9539,-15963,-6424
2008-08-20T22:00:00Z,3.415,3.5625,3.413,3.546,61326,-45775,15551,10449,-19576,-9127,9539,-15963,-6424,NaN,NaN,NaN,NaN,94900,61326,-45775,15551,10449,-19576,-9127,9539,-15963,-6424
2008-08-21T22:00:00Z,3.5405,3.558,3.4475,3.4725,61326,-45775,15551,10449,-19576,-9127,9539,-15963,-6424,NaN,NaN,NaN,NaN,94900,61326,-45775,15551,10449,-19576,-9127,9539,-15963,-6424
2008-08-24T22:00:00Z,3.465,3.5125,3.4405,3.4815,61326,-45775,15551,10449,-19576,-9127,9539,-15963,-6424,NaN,NaN,NaN,NaN,94900,61326,-45775,15551,10449,-19576,-9127,9539,-15963,-6424
2008-08-25T22:00:00Z,3.5,3.5115,3.3955,3.4385,58168,-40639,17529,8940,-19992,-11052,9037,-15514,-6477,NaN,NaN,NaN,NaN,87899,58168,-40639,17529,8940,-19992,-11052,9037,-15514,-6477
2008-08-26T22:00:00Z,3.45,3.5115,3.43,3.4715,58168,-40639,17529,8940,-19992,-11052,9037,-15514,-6477,NaN,NaN,NaN,NaN,87899,58168,-40639,17529,8940,-19992,-11052,9037,-15514,-6477
2008-08-27T22:00:00Z,3.45,3.4685,3.386,3.4005,58168,-40639,17529,8940,-19992,-11052,9037,-15514,-6477,NaN,NaN,NaN,NaN,87899,58168,-40639,17529,8940,-19992,-11052,9037,-15514,-6477
2008-08-28T22:00:00Z,3.4,3.41,3.3445,3.387,58168,-40639,17529,8940,-19992,-11052,9037,-15514,-6477,NaN,NaN,NaN,NaN,87899,58168,-40639,17529,8940,-19992,-11052,9037,-15514,-6477
2008-09-01T22:00:00Z,3.3755,3.383,3.159,3.273,50753,-32698,18055,7720,-19789,-12069,9098,-15084,-5986,NaN,NaN,NaN,NaN,77739,50753,-32698,18055,7720,-19789,-12069,9098,-15084,-5986
2008-09-02T22:00:00Z,3.2735,3.3315,3.252,3.312,50753,-32698,18055,7720,-19789,-12069,9098,-15084,-5986,NaN,NaN,NaN,NaN,77739,50753,-32698,18055,7720,-19789,-12069,9098,-15084,-5986
2008-09-03T22:00:00Z,3.3195,3.3525,3.244,3.266,50753,-32698,18055,7720,-19789,-12069,9098,-15084,-5986,NaN,NaN,NaN,NaN,77739,50753,-32698,18055,7720,-19789,-12069,9098,-15084,-5986
2008-09-04T22:00:00Z,3.255,3.255,3.0745,3.0985,50753,-32698,18055,7720,-19789,-12069,9098,-15084,-5986,NaN,NaN,NaN,NaN,77739,50753,-32698,18055,7720,-19789,-12069,9098,-15084,-5986
2008-09-07T22:00:00Z,3.1375,3.1675,3.087,3.093,50753,-32698,18055,7720,-19789,-12069,9098,-15084,-5986,NaN,NaN,NaN,NaN,77739,50753,-32698,18055,7720,-19789,-12069,9098,-15084,-5986
2008-09-08T22:00:00Z,3.097,3.13,3.0425,3.087,50926,-32373,18553,7093,-20512,-13419,9289,-14423,-5134,NaN,NaN,NaN,NaN,76798,50926,-32373,18553,7093,-20512,-13419,9289,-14423,-5134
2008-09-09T22:00:00Z,3.045,3.144,3.04,3.114,50926,-32373,18553,7093,-20512,-13419,9289,-14423,-5134,NaN,NaN,NaN,NaN,76798,50926,-32373,18553,7093,-20512,-13419,9289,-14423,-5134
2008-09-10T22:00:00Z,3.11,3.134,3.058,3.1225,50926,-32373,18553,7093,-20512,-13419,9289,-14423,-5134,NaN,NaN,NaN,NaN,76798,50926,-32373,18553,7093,-20512,-13419,9289,-14423,-5134
2008-09-11T22:00:00Z,3.132,3.23,3.1215,3.194,50926,-32373,18553,7093,-20512,-13419,9289,-14423,-5134,NaN,NaN,NaN,NaN,76798,50926,-32373,18553,7093,-20512,-13419,9289,-14423,-5134
2008-09-14T22:00:00Z,3.1895,3.2225,3.057,3.1365,50926,-32373,18553,7093,-20512,-13419,9289,-14423,-5134,NaN,NaN,NaN,NaN,76798,50926,-32373,18553,7093,-20512,-13419,9289,-14423,-5134
2008-09-15T22:00:00Z,3.107,3.1195,3.02,3.089,48957,-30401,18556,8754,-21151,-12397,8661,-14820,-6159,NaN,NaN,NaN,NaN,76698,48957,-30401,18556,8754,-21151,-12397,8661,-14820,-6159
2008-09-16T22:00:00Z,3.084,3.125,3.0315,3.0425,48957,-30401,18556,8754,-21151,-12397,8661,-14820,-6159,NaN,NaN,NaN,NaN,76698,48957,-30401,18556,8754,-21151,-12397,8661,-14820,-6159
2008-09-17T22:00:00Z,3.09,3.165,3,3.066,48957,-30401,18556,8754,-21151,-12397,8661,-14820,-6159,NaN,NaN,NaN,NaN,76698,48957,-30401,18556,8754,-21151,-12397,8661,-14820,-6159
2008-09-18T22:00:00Z,3.066,3.2375,3.033,3.1765,48957,-30401,18556,8754,-21151,-12397,8661,-14820,-6159,NaN,NaN,NaN,NaN,76698,48957,-30401,18556,8754,-21151,-12397,8661,-14820,-6159
2008-09-21T22:00:00Z,3.1825,3.303,3.16,3.255,48957,-30401,18556,8754,-21151,-12397,8661,-14820,-6159,NaN,NaN,NaN,NaN,76698,48957,-30401,18556,8754,-21151,-12397,8661,-14820,-6159
2008-09-22T22:00:00Z,3.2675,3.292,3.126,3.152,45239,-31085,14154,9744,-19643,-9899,9116,-13371,-4255,NaN,NaN,NaN,NaN,74489,45239,-31085,14154,9744,-19643,-9899,9116,-13371,-4255
2008-09-23T22:00:00Z,3.152,3.1815,3.083,3.1065,45239,-31085,14154,9744,-19643,-9899,9116,-13371,-4255,NaN,NaN,NaN,NaN,74489,45239,-31085,14154,9744,-19643,-9899,9116,-13371,-4255
2008-09-24T22:00:00Z,3.1125,3.14,3.0735,3.1345,45239,-31085,14154,9744,-19643,-9899,9116,-13371,-4255,NaN,NaN,NaN,NaN,74489,45239,-31085,14154,9744,-19643,-9899,9116,-13371,-4255
2008-09-25T22:00:00Z,3.1365,3.138,3.045,3.0745,45239,-31085,14154,9744,-19643,-9899,9116,-13371,-4255,NaN,NaN,NaN,NaN,74489,45239,-31085,14154,9744,-19643,-9899,9116,-13371,-4255
2008-09-28T22:00:00Z,3.0775,3.0775,2.85,2.9065,45239,-31085,14154,9744,-19643,-9899,9116,-13371,-4255,NaN,NaN,NaN,NaN,74489,45239,-31085,14154,9744,-19643,-9899,9116,-13371,-4255
2008-09-29T22:00:00Z,2.8695,2.91,2.765,2.879,52613,-31464,21149,5816,-21985,-16169,9214,-14194,-4980,NaN,NaN,NaN,NaN,78214,52613,-31464,21149,5816,-21985,-16169,9214,-14194,-4980
2008-09-30T22:00:00Z,2.891,2.9345,2.749,2.7895,52613,-31464,21149,5816,-21985,-16169,9214,-14194,-4980,NaN,NaN,NaN,NaN,78214,52613,-31464,21149,5816,-21985,-16169,9214,-14194,-4980
2008-10-01T22:00:00Z,2.7615,2.824,2.603,2.6275,52613,-31464,21149,5816,-21985,-16169,9214,-14194,-4980,NaN,NaN,NaN,NaN,78214,52613,-31464,21149,5816,-21985,-16169,9214,-14194,-4980
2008-10-02T22:00:00Z,2.63,2.718,2.571,2.69,52613,-31464,21149,5816,-21985,-16169,9214,-14194,-4980,NaN,NaN,NaN,NaN,78214,52613,-31464,21149,5816,-21985,-16169,9214,-14194,-4980
2008-10-05T22:00:00Z,2.645,2.645,2.3525,2.493,52613,-31464,21149,5816,-21985,-16169,9214,-14194,-4980,NaN,NaN,NaN,NaN,78214,52613,-31464,21149,5816,-21985,-16169,9214,-14194,-4980
2008-10-06T22:00:00Z,2.468,2.594,2.4025,2.5345,54999,-31648,23351,5643,-24442,-18799,9454,-14006,-4552,NaN,NaN,NaN,NaN,80024,54999,-31648,23351,5643,-24442,-18799,9454,-14006,-4552
2008-10-07T22:00:00Z,2.4195,2.5645,2.285,2.355,54999,-31648,23351,5643,-24442,-18799,9454,-14006,-4552,NaN,NaN,NaN,NaN,80024,54999,-31648,23351,5643,-24442,-18799,9454,-14006,-4552
2008-10-08T22:00:00Z,2.325,2.4375,2.256,2.406,54999,-31648,23351,5643,-24442,-18799,9454,-14006,-4552,NaN,NaN,NaN,NaN,80024,54999,-31648,23351,5643,-24442,-18799,9454,-14006,-4552
2008-10-09T22:00:00Z,2.295,2.2995,2.05,2.1445,54999,-31648,23351,5643,-24442,-18799,9454,-14006,-4552,NaN,NaN,NaN,NaN,80024,54999,-31648,23351,5643,-24442,-18799,9454,-14006,-4552
2008-10-12T22:00:00Z,2.1815,2.3605,2.16,2.3125,54999,-31648,23351,5643,-24442,-18799,9454,-14006,-4552,NaN,NaN,NaN,NaN,80024,54999,-31648,23351,5643,-24442,-18799,9454,-14006,-4552
2008-10-13T22:00:00Z,2.343,2.5295,2.3345,2.3945,55655,-33661,21994,5881,-24008,-18127,9687,-13554,-3867,NaN,NaN,NaN,NaN,80670,55655,-33661,21994,5881,-24008,-18127,9687,-13554,-3867
2008-10-14T22:00:00Z,2.4,2.4015,2.146,2.2105,55655,-33661,21994,5881,-24008,-18127,9687,-13554,-3867,NaN,NaN,NaN,NaN,80670,55655,-33661,21994,5881,-24008,-18127,9687,-13554,-3867
2008-10-15T22:00:00Z,2.1595,2.2185,2.0405,2.0855,55655,-33661,21994,5881,-24008,-18127,9687,-13554,-3867,NaN,NaN,NaN,NaN,80670,55655,-33661,21994,5881,-24008,-18127,9687,-13554,-3867
2008-10-16T22:00:00Z,2.169,2.2345,2.042,2.1795,55655,-33661,21994,5881,-24008,-18127,9687,-13554,-3867,NaN,NaN,NaN,NaN,80670,55655,-33661,21994,5881,-24008,-18127,9687,-13554,-3867
2008-10-19T22:00:00Z,2.15,2.2645,2.097,2.1165,55655,-33661,21994,5881,-24008,-18127,9687,-13554,-3867,NaN,NaN,NaN,NaN,80670,55655,-33661,21994,5881,-24008,-18127,9687,-13554,-3867
2008-10-20T22:00:00Z,2.128,2.1775,1.992,2.007,55475,-34091,21384,6259,-23838,-17579,10065,-13870,-3805,NaN,NaN,NaN,NaN,83603,55475,-34091,21384,6259,-23838,-17579,10065,-13870,-3805
2008-10-21T22:00:00Z,2.0105,2.023,1.806,1.8655,55475,-34091,21384,6259,-23838,-17579,10065,-13870,-3805,NaN,NaN,NaN,NaN,83603,55475,-34091,21384,6259,-23838,-17579,10065,-13870,-3805
2008-10-22T22:00:00Z,1.8315,1.872,1.718,1.8045,55475,-34091,21384,6259,-23838,-17579,10065,-13870,-3805,NaN,NaN,NaN,NaN,83603,55475,-34091,21384,6259,-23838,-17579,10065,-13870,-3805
2008-10-23T22:00:00Z,1.87,1.88,1.656,1.6865,55475,-34091,21384,6259,-23838,-17579,10065,-13870,-3805,NaN,NaN,NaN,NaN,83603,55475,-34091,21384,6259,-23838,-17579,10065,-13870,-3805
2008-10-26T22:00:00Z,1.69,1.8365,1.6265,1.805,55475,-34091,21384,6259,-23838,-17579,10065,-13870,-3805,NaN,NaN,NaN,NaN,83603,55475,-34091,21384,6259,-23838,-17579,10065,-13870,-3805
2008-10-27T22:00:00Z,1.76,1.9495,1.7205,1.8585,52215,-33117,19098,6663,-22546,-15883,9079,-12294,-3215,NaN,NaN,NaN,NaN,79285,52215,-33117,19098,6663,-22546,-15883,9079,-12294,-3215
2008-10-28T22:00:00Z,1.93,2.12,1.8495,2.088,52215,-33117,19098,6663,-22546,-15883,9079,-12294,-3215,NaN,NaN,NaN,NaN,79285,52215,-33117,19098,6663,-22546,-15883,9079,-12294,-3215
2008-10-29T22:00:00Z,2.055,2.172,1.8605,1.8905,52215,-33117,19098,6663,-22546,-15883,9079,-12294,-3215,NaN,NaN,NaN,NaN,79285,52215,-33117,19098,6663,-22546,-15883,9079,-12294,-3215
2008-10-30T22:00:00Z,1.899,1.91,1.733,1.829,52215,-33117,19098,6663,-22546,-15883,9079,-12294,-3215,NaN,NaN,NaN,NaN,79285,52215,-33117,19098,6663,-22546,-15883,9079,-12294,-3215
2008-11-02T23:00:00Z,1.872,1.9315,1.7805,1.84,52215,-33117,19098,6663,-22546,-15883,9079,-12294,-3215,NaN,NaN,NaN,NaN,79285,52215,-33117,19098,6663,-22546,-15883,9079,-12294,-3215
2008-11-03T23:00:00Z,1.8485,2.014,1.7805,1.958,51260,-33069,18191,5905,-22063,-16158,9089,-11122,-2033,NaN,NaN,NaN,NaN,77976,51260,-33069,18191,5905,-22063,-16158,9089,-11122,-2033
2008-11-04T23:00:00Z,1.96,1.964,1.805,1.819,51260,-33069,18191,5905,-22063,-16158,9089,-11122,-2033,NaN,NaN,NaN,NaN,77976,51260,-33069,18191,5905,-22063,-16158,9089,-11122,-2033
2008-11-05T23:00:00Z,1.818,1.821,1.705,1.7255,51260,-33069,18191,5905,-22063,-16158,9089,-11122,-2033,NaN,NaN,NaN,NaN,77976,51260,-33069,18191,5905,-22063,-16158,9089,-11122,-2033
2008-11-06T23:00:00Z,1.72,1.794,1.688,1.697,51260,-33069,18191,5905,-22063,-16158,9089,-11122,-2033,NaN,NaN,NaN,NaN,77976,51260,-33069,18191,5905,-22063,-16158,9089,-11122,-2033
2008-11-09T23:00:00Z,1.728,1.89,1.728,1.752,51260,-33069,18191,5905,-22063,-16158,9089,-11122,-2033,NaN,NaN,NaN,NaN,77976,51260,-33069,18191,5905,-22063,-16158,9089,-11122,-2033
2008-11-10T23:00:00Z,1.761,1.7775,1.6425,1.648,52034,-34406,17628,6327,-21736,-15409,9191,-11410,-2219,NaN,NaN,NaN,NaN,77148,52034,-34406,17628,6327,-21736,-15409,9191,-11410,-2219
2008-11-11T23:00:00Z,1.66,1.69,1.57,1.6555,52034,-34406,17628,6327,-21736,-15409,9191,-11410,-2219,NaN,NaN,NaN,NaN,77148,52034,-34406,17628,6327,-21736,-15409,9191,-11410,-2219
2008-11-12T23:00:00Z,1.58,1.731,1.58,1.624,52034,-34406,17628,6327,-21736,-15409,9191,-11410,-2219,NaN,NaN,NaN,NaN,77148,52034,-34406,17628,6327,-21736,-15409,9191,-11410,-2219
2008-11-13T23:00:00Z,1.719,1.7455,1.6775,1.708,52034,-34406,17628,6327,-21736,-15409,9191,-11410,-2219,NaN,NaN,NaN,NaN,77148,52034,-34406,17628,6327,-21736,-15409,9191,-11410,-2219
2008-11-16T23:00:00Z,1.715,1.716,1.617,1.6565,52034,-34406,17628,6327,-21736,-15409,9191,-11410,-2219,NaN,NaN,NaN,NaN,77148,52034,-34406,17628,6327,-21736,-15409,9191,-11410,-2219
2008-11-17T23:00:00Z,1.637,1.7015,1.6015,1.6775,53020,-34898,18122,8073,-24317,-16244,10846,-12724,-1878,NaN,NaN,NaN,NaN,80583,53020,-34898,18122,8073,-24317,-16244,10846,-12724,-1878
2008-11-18T23:00:00Z,1.6875,1.6875,1.588,1.589,53020,-34898,18122,8073,-24317,-16244,10846,-12724,-1878,NaN,NaN,NaN,NaN,80583,53020,-34898,18122,8073,-24317,-16244,10846,-12724,-1878
2008-11-19T23:00:00Z,1.585,1.615,1.5405,1.5455,53020,-34898,18122,8073,-24317,-16244,10846,-12724,-1878,NaN,NaN,NaN,NaN,80583,53020,-34898,18122,8073,-24317,-16244,10846,-12724,-1878
2008-11-20T23:00:00Z,1.5405,1.644,1.5215,1.6095,53020,-34898,18122,8073,-24317,-16244,10846,-12724,-1878,NaN,NaN,NaN,NaN,80583,53020,-34898,18122,8073,-24317,-16244,10846,-12724,-1878
2008-11-23T23:00:00Z,1.609,1.723,1.553,1.682,53020,-34898,18122,8073,-24317,-16244,10846,-12724,-1878,NaN,NaN,NaN,NaN,80583,53020,-34898,18122,8073,-24317,-16244,10846,-12724,-1878
2008-11-24T23:00:00Z,1.675,1.708,1.615,1.653,47543,-28416,19127,7873,-23970,-16097,10049,-13079,-3030,NaN,NaN,NaN,NaN,72372,47543,-28416,19127,7873,-23970,-16097,10049,-13079,-3030
2008-11-25T23:00:00Z,1.6565,1.728,1.6355,1.6855,47543,-28416,19127,7873,-23970,-16097,10049,-13079,-3030,NaN,NaN,NaN,NaN,72372,47543,-28416,19127,7873,-23970,-16097,10049,-13079,-3030
2008-11-27T23:00:00Z,1.6985,1.7115,1.615,1.665,47543,-28416,19127,7873,-23970,-16097,10049,-13079,-3030,NaN,NaN,NaN,NaN,72372,47543,-28416,19127,7873,-23970,-16097,10049,-13079,-3030
2008-11-30T23:00:00Z,1.6565,1.675,1.597,1.6045,47543,-28416,19127,7873,-23970,-16097,10049,-13079,-3030,NaN,NaN,NaN,NaN,72372,47543,-28416,19127,7873,-23970,-16097,10049,-13079,-3030
2008-12-01T23:00:00Z,1.6065,1.631,1.575,1.5935,45679,-25474,20205,8653,-26375,-17722,8851,-11334,-2483,NaN,NaN,NaN,NaN,70029,45679,-25474,20205,8653,-26375,-17722,8851,-11334,-2483
2008-12-02T23:00:00Z,1.59,1.5965,1.516,1.5415,45679,-25474,20205,8653,-26375,-17722,8851,-11334,-2483,NaN,NaN,NaN,NaN,70029,45679,-25474,20205,8653,-26375,-17722,8851,-11334,-2483
2008-12-03T23:00:00Z,1.5465,1.5675,1.448,1.4485,45679,-25474,20205,8653,-26375,-17722,8851,-11334,-2483,NaN,NaN,NaN,NaN,70029,45679,-25474,20205,8653,-26375,-17722,8851,-11334,-2483
2008-12-04T23:00:00Z,1.455,1.468,1.356,1.402,45679,-25474,20205,8653,-26375,-17722,8851,-11334,-2483,NaN,NaN,NaN,NaN,70029,45679,-25474,20205,8653,-26375,-17722,8851,-11334,-2483
2008-12-07T23:00:00Z,1.4,1.54,1.3925,1.5245,45679,-25474,20205,8653,-26375,-17722,8851,-11334,-2483,NaN,NaN,NaN,NaN,70029,45679,-25474,20205,8653,-26375,-17722,8851,-11334,-2483
2008-12-08T23:00:00Z,1.513,1.5145,1.411,1.433,45436,-25680,19756,8130,-25347,-17217,9051,-11590,-2539,NaN,NaN,NaN,NaN,69033,45436,-25680,19756,8130,-25347,-17217,9051,-11590,-2539
2008-12-09T23:00:00Z,1.425,1.519,1.425,1.477,45436,-25680,19756,8130,-25347,-17217,9051,-11590,-2539,NaN,NaN,NaN,NaN,69033,45436,-25680,19756,8130,-25347,-17217,9051,-11590,-2539
2008-12-10T23:00:00Z,1.489,1.54,1.4695,1.4925,45436,-25680,19756,8130,-25347,-17217,9051,-11590,-2539,NaN,NaN,NaN,NaN,69033,45436,-25680,19756,8130,-25347,-17217,9051,-11590,-2539
2008-12-11T23:00:00Z,1.491,1.494,1.376,1.463,45436,-25680,19756,8130,-25347,-17217,9051,-11590,-2539,NaN,NaN,NaN,NaN,69033,45436,-25680,19756,8130,-25347,-17217,9051,-11590,-2539
2008-12-14T23:00:00Z,1.454,1.489,1.39,1.401,45436,-25680,19756,8130,-25347,-17217,9051,-11590,-2539,NaN,NaN,NaN,NaN,69033,45436,-25680,19756,8130,-25347,-17217,9051,-11590,-2539
2008-12-15T23:00:00Z,1.397,1.445,1.375,1.4365,45198,-26086,19112,9531,-27772,-18241,10473,-11344,-871,NaN,NaN,NaN,NaN,71777,45198,-26086,19112,9531,-27772,-18241,10473,-11344,-871
2008-12-16T23:00:00Z,1.4365,1.437,1.3285,1.3775,45198,-26086,19112,9531,-27772,-18241,10473,-11344,-871,NaN,NaN,NaN,NaN,71777,45198,-26086,19112,9531,-27772,-18241,10473,-11344,-871
2008-12-17T23:00:00Z,1.38,1.3865,1.2865,1.295,45198,-26086,19112,9531,-27772,-18241,10473,-11344,-871,NaN,NaN,NaN,NaN,71777,45198,-26086,19112,9531,-27772,-18241,10473,-11344,-871
2008-12-18T23:00:00Z,1.2875,1.34,1.2875,1.328,45198,-26086,19112,9531,-27772,-18241,10473,-11344,-871,NaN,NaN,NaN,NaN,71777,45198,-26086,19112,9531,-27772,-18241,10473,-11344,-871
2008-12-21T23:00:00Z,1.3195,1.4595,1.3195,1.335,46356,-26419,19937,9682,-28750,-19068,10093,-10962,-869,NaN,NaN,NaN,NaN,74212,46356,-26419,19937,9682,-28750,-19068,10093,-10962,-869
2008-12-22T23:00:00Z,1.34,1.35,1.2755,1.2825,46356,-26419,19937,9682,-28750,-19068,10093,-10962,-869,NaN,NaN,NaN,NaN,74212,46356,-26419,19937,9682,-28750,-19068,10093,-10962,-869
2008-12-23T23:00:00Z,1.284,1.316,1.271,1.273,46356,-26419,19937,9682,-28750,-19068,10093,-10962,-869,NaN,NaN,NaN,NaN,74212,46356,-26419,19937,9682,-28750,-19068,10093,-10962,-869
2008-12-25T23:00:00Z,1.2885,1.323,1.255,1.3175,46356,-26419,19937,9682,-28750,-19068,10093,-10962,-869,NaN,NaN,NaN,NaN,74212,46356,-26419,19937,9682,-28750,-19068,10093,-10962,-869
2008-12-28T23:00:00Z,1.323,1.329,1.29,1.309,46356,-26419,19937,9682,-28750,-19068,10093,-10962,-869,NaN,NaN,NaN,NaN,74212,46356,-26419,19937,9682,-28750,-19068,10093,-10962,-869
2008-12-29T23:00:00Z,1.3085,1.33,1.2855,1.327,46881,-25371,21510,10070,-29515,-19445,8876,-10941,-2065,NaN,NaN,NaN,NaN,74252,46881,-25371,21510,10070,-29515,-19445,8876,-10941,-2065
2008-12-30T23:00:00Z,1.325,1.4145,1.314,1.395,46881,-25371,21510,10070,-29515,-19445,8876,-10941,-2065,NaN,NaN,NaN,NaN,74252,46881,-25371,21510,10070,-29515,-19445,8876,-10941,-2065
2009-01-01T23:00:00Z,1.3955,1.485,1.3715,1.478,46881,-25371,21510,10070,-29515,-19445,8876,-10941,-2065,NaN,NaN,NaN,NaN,74252,46881,-25371,21510,10070,-29515,-19445,8876,-10941,-2065
2009-01-04T23:00:00Z,1.469,1.498,1.416,1.45,46881,-25371,21510,10070,-29515,-19445,8876,-10941,-2065,NaN,NaN,NaN,NaN,74252,46881,-25371,21510,10070,-29515,-19445,8876,-10941,-2065
2009-01-05T23:00:00Z,1.4525,1.587,1.45,1.5835,45555,-25192,20363,9052,-28741,-19689,11490,-12164,-674,NaN,NaN,NaN,NaN,76356,45555,-25192,20363,9052,-28741,-19689,11490,-12164,-674
2009-01-06T23:00:00Z,1.587,1.6225,1.5,1.5045,45555,-25192,20363,9052,-28741,-19689,11490,-12164,-674,NaN,NaN,NaN,NaN,76356,45555,-25192,20363,9052,-28741,-19689,11490,-12164,-674
2009-01-07T23:00:00Z,1.506,1.5225,1.4465,1.4765,45555,-25192,20363,9052,-28741,-19689,11490,-12164,-674,NaN,NaN,NaN,NaN,76356,45555,-25192,20363,9052,-28741,-19689,11490,-12164,-674
2009-01-08T23:00:00Z,1.484,1.565,1.474,1.5405,45555,-25192,20363,9052,-28741,-19689,11490,-12164,-674,NaN,NaN,NaN,NaN,76356,45555,-25192,20363,9052,-28741,-19689,11490,-12164,-674
2009-01-11T23:00:00Z,1.5495,1.596,1.455,1.461,45555,-25192,20363,9052,-28741,-19689,11490,-12164,-674,NaN,NaN,NaN,NaN,76356,45555,-25192,20363,9052,-28741,-19689,11490,-12164,-674
2009-01-12T23:00:00Z,1.468,1.552,1.4135,1.525,55160,-29143,26017,7191,-30297,-23106,10564,-13475,-2911,NaN,NaN,NaN,NaN,81996,55160,-29143,26017,7191,-30297,-23106,10564,-13475,-2911
2009-01-13T23:00:00Z,1.526,1.5455,1.451,1.4865,55160,-29143,26017,7191,-30297,-23106,10564,-13475,-2911,NaN,NaN,NaN,NaN,81996,55160,-29143,26017,7191,-30297,-23106,10564,-13475,-2911
2009-01-14T23:00:00Z,1.4775,1.5135,1.4335,1.5,55160,-29143,26017,7191,-30297,-23106,10564,-13475,-2911,NaN,NaN,NaN,NaN,81996,55160,-29143,26017,7191,-30297,-23106,10564,-13475,-2911
2009-01-15T23:00:00Z,1.492,1.565,1.4885,1.528,55160,-29143,26017,7191,-30297,-23106,10564,-13475,-2911,NaN,NaN,NaN,NaN,81996,55160,-29143,26017,7191,-30297,-23106,10564,-13475,-2911
2009-01-18T23:00:00Z,1.5295,1.575,1.465,1.475,58413,-31481,26932,7009,-32318,-25309,9389,-11012,-1623,NaN,NaN,NaN,NaN,83617,58413,-31481,26932,7009,-32318,-25309,9389,-11012,-1623
2009-01-20T23:00:00Z,1.4805,1.5175,1.426,1.478,58413,-31481,26932,7009,-32318,-25309,9389,-11012,-1623,NaN,NaN,NaN,NaN,83617,58413,-31481,26932,7009,-32318,-25309,9389,-11012,-1623
2009-01-21T23:00:00Z,1.4785,1.483,1.385,1.389,58413,-31481,26932,7009,-32318,-25309,9389,-11012,-1623,NaN,NaN,NaN,NaN,83617,58413,-31481,26932,7009,-32318,-25309,9389,-11012,-1623
2009-01-22T23:00:00Z,1.43,1.479,1.373,1.471,58413,-31481,26932,7009,-32318,-25309,9389,-11012,-1623,NaN,NaN,NaN,NaN,83617,58413,-31481,26932,7009,-32318,-25309,9389,-11012,-1623
2009-01-25T23:00:00Z,1.467,1.631,1.443,1.581,58413,-31481,26932,7009,-32318,-25309,9389,-11012,-1623,NaN,NaN,NaN,NaN,83617,58413,-31481,26932,7009,-32318,-25309,9389,-11012,-1623
2009-01-26T23:00:00Z,1.5865,1.625,1.4545,1.484,57878,-30807,27071,6592,-32122,-25530,10382,-11923,-1541,NaN,NaN,NaN,NaN,84113,57878,-30807,27071,6592,-32122,-25530,10382,-11923,-1541
2009-01-27T23:00:00Z,1.494,1.5535,1.472,1.4885,57878,-30807,27071,6592,-32122,-25530,10382,-11923,-1541,NaN,NaN,NaN,NaN,84113,57878,-30807,27071,6592,-32122,-25530,10382,-11923,-1541
2009-01-28T23:00:00Z,1.4935,1.502,1.421,1.4645,57878,-30807,27071,6592,-32122,-25530,10382,-11923,-1541,NaN,NaN,NaN,NaN,84113,57878,-30807,27071,6592,-32122,-25530,10382,-11923,-1541
2009-01-29T23:00:00Z,1.462,1.475,1.4065,1.442,57878,-30807,27071,6592,-32122,-25530,10382,-11923,-1541,NaN,NaN,NaN,NaN,84113,57878,-30807,27071,6592,-32122,-25530,10382,-11923,-1541
2009-02-01T23:00:00Z,1.447,1.466,1.399,1.4485,57878,-30807,27071,6592,-32122,-25530,10382,-11923,-1541,NaN,NaN,NaN,NaN,84113,57878,-30807,27071,6592,-32122,-25530,10382,-11923,-1541
2009-02-02T23:00:00Z,1.4415,1.535,1.4405,1.532,58566,-31267,27299,7352,-32590,-25238,9241,-11302,-2061,NaN,NaN,NaN,NaN,87299,58566,-31267,27299,7352,-32590,-25238,9241,-11302,-2061
2009-02-03T23:00:00Z,1.532,1.5695,1.503,1.5115,58566,-31267,27299,7352,-32590,-25238,9241,-11302,-2061,NaN,NaN,NaN,NaN,87299,58566,-31267,27299,7352,-32590,-25238,9241,-11302,-2061
2009-02-04T23:00:00Z,1.5105,1.55,1.481,1.505,58566,-31267,27299,7352,-32590,-25238,9241,-11302,-2061,NaN,NaN,NaN,NaN,87299,58566,-31267,27299,7352,-32590,-25238,9241,-11302,-2061
2009-02-05T23:00:00Z,1.5095,1.6345,1.5085,1.627,58566,-31267,27299,7352,-32590,-25238,9241,-11302,-2061,NaN,NaN,NaN,NaN,87299,58566,-31267,27299,7352,-32590,-25238,9241,-11302,-2061
2009-02-08T23:00:00Z,1.62,1.655,1.597,1.605,58566,-31267,27299,7352,-32590,-25238,9241,-11302,-2061,NaN,NaN,NaN,NaN,87299,58566,-31267,27299,7352,-32590,-25238,9241,-11302,-2061
2009-02-09T23:00:00Z,1.604,1.6375,1.5485,1.557,55953,-30349,25604,8874,-33519,-24645,10350,-11309,-959,NaN,NaN,NaN,NaN,83934,55953,-30349,25604,8874,-33519,-24645,10350,-11309,-959
2009-02-10T23:00:00Z,1.555,1.578,1.4875,1.555,55953,-30349,25604,8874,-33519,-24645,10350,-11309,-959,NaN,NaN,NaN,NaN,83934,55953,-30349,25604,8874,-33519,-24645,10350,-11309,-959
2009-02-11T23:00:00Z,1.557,1.564,1.502,1.549,55953,-30349,25604,8874,-33519,-24645,10350,-11309,-959,NaN,NaN,NaN,NaN,83934,55953,-30349,25604,8874,-33519,-24645,10350,-11309,-959
2009-02-12T23:00:00Z,1.5495,1.576,1.526,1.534,55953,-30349,25604,8874,-33519,-24645,10350,-11309,-959,NaN,NaN,NaN,NaN,83934,55953,-30349,25604,8874,-33519,-24645,10350,-11309,-959
2009-02-15T23:00:00Z,1.493,1.542,1.4165,1.4265,58493,-29651,28842,7665,-35092,-27427,11092,-12507,-1415,NaN,NaN,NaN,NaN,89405,58493,-29651,28842,7665,-35092,-27427,11092,-12507,-1415
2009-02-17T23:00:00Z,1.438,1.449,1.4065,1.437,58493,-29651,28842,7665,-35092,-27427,11092,-12507,-1415,NaN,NaN,NaN,NaN,89405,58493,-29651,28842,7665,-35092,-27427,11092,-12507,-1415
2009-02-18T23:00:00Z,1.44,1.493,1.436,1.4635,58493,-29651,28842,7665,-35092,-27427,11092,-12507,-1415,NaN,NaN,NaN,NaN,89405,58493,-29651,28842,7665,-35092,-27427,11092,-12507,-1415
2009-02-19T23:00:00Z,1.4555,1.4695,1.395,1.4385,58493,-29651,28842,7665,-35092,-27427,11092,-12507,-1415,NaN,NaN,NaN,NaN,89405,58493,-29651,28842,7665,-35092,-27427,11092,-12507,-1415
2009-02-22T23:00:00Z,1.432,1.484,1.416,1.434,58493,-29651,28842,7665,-35092,-27427,11092,-12507,-1415,NaN,NaN,NaN,NaN,89405,58493,-29651,28842,7665,-35092,-27427,11092,-12507,-1415
2009-02-23T23:00:00Z,1.434,1.5295,1.412,1.524,58336,-29251,29085,7461,-34955,-27494,9130,-10721,-1591,NaN,NaN,NaN,NaN,84903,58336,-29251,29085,7461,-34955,-27494,9130,-10721,-1591
2009-02-24T23:00:00Z,1.5195,1.535,1.49,1.514,58336,-29251,29085,7461,-34955,-27494,9130,-10721,-1591,NaN,NaN,NaN,NaN,84903,58336,-29251,29085,7461,-34955,-27494,9130,-10721,-1591
2009-02-25T23:00:00Z,1.5295,1.605,1.525,1.5705,58336,-29251,29085,7461,-34955,-27494,9130,-10721,-1591,NaN,NaN,NaN,NaN,84903,58336,-29251,29085,7461,-34955,-27494,9130,-10721,-1591
2009-02-26T23:00:00Z,1.5695,1.578,1.477,1.542,58336,-29251,29085,7461,-34955,-27494,9130,-10721,-1591,NaN,NaN,NaN,NaN,84903,58336,-29251,29085,7461,-34955,-27494,9130,-10721,-1591
2009-03-01T23:00:00Z,1.525,1.5495,1.506,1.516,58336,-29251,29085,7461,-34955,-27494,9130,-10721,-1591,NaN,NaN,NaN,NaN,84903,58336,-29251,29085,7461,-34955,-27494,9130,-10721,-1591
2009-03-02T23:00:00Z,1.521,1.631,1.515,1.602,55677,-28806,26871,7303,-32200,-24897,9969,-11943,-1974,NaN,NaN,NaN,NaN,80939,55677,-28806,26871,7303,-32200,-24897,9969,-11943,-1974
2009-03-03T23:00:00Z,1.607,1.737,1.5925,1.7155,55677,-28806,26871,7303,-32200,-24897,9969,-11943,-1974,NaN,NaN,NaN,NaN,80939,55677,-28806,26871,7303,-32200,-24897,9969,-11943,-1974
2009-03-04T23:00:00Z,1.715,1.72,1.634,1.643,55677,-28806,26871,7303,-32200,-24897,9969,-11943,-1974,NaN,NaN,NaN,NaN,80939,55677,-28806,26871,7303,-32200,-24897,9969,-11943,-1974
2009-03-05T23:00:00Z,1.642,1.7185,1.636,1.6865,55677,-28806,26871,7303,-32200,-24897,9969,-11943,-1974,NaN,NaN,NaN,NaN,80939,55677,-28806,26871,7303,-32200,-24897,9969,-11943,-1974
2009-03-08T22:00:00Z,1.6925,1.701,1.626,1.6485,55677,-28806,26871,7303,-32200,-24897,9969,-11943,-1974,NaN,NaN,NaN,NaN,80939,55677,-28806,26871,7303,-32200,-24897,9969,-11943,-1974
2009-03-09T22:00:00Z,1.649,1.706,1.6385,1.69,54061,-34896,19165,12397,-32473,-20076,11307,-10396,911,NaN,NaN,NaN,NaN,86966,54061,-34896,19165,12397,-32473,-20076,11307,-10396,911
2009-03-10T22:00:00Z,1.685,1.698,1.6185,1.633,54061,-34896,19165,12397,-32473,-20076,11307,-10396,911,NaN,NaN,NaN,NaN,86966,54061,-34896,19165,12397,-32473,-20076,11307,-10396,911
2009-03-11T22:00:00Z,1.631,1.69,1.585,1.65,54061,-34896,19165,12397,-32473,-20076,11307,-10396,911,NaN,NaN,NaN,NaN,86966,54061,-34896,19165,12397,-32473,-20076,11307,-10396,911
2009-03-12T22:00:00Z,1.651,1.6965,1.6375,1.66,54061,-34896,19165,12397,-32473,-20076,11307,-10396,911,NaN,NaN,NaN,NaN,86966,54061,-34896,19165,12397,-32473,-20076,11307,-10396,911
2009-03-15T22:00:00Z,1.667,1.755,1.6595,1.7355,54061,-34896,19165,12397,-32473,-20076,11307,-10396,911,NaN,NaN,NaN,NaN,86966,54061,-34896,19165,12397,-32473,-20076,11307,-10396,911
2009-03-16T22:00:00Z,1.738,1.763,1.708,1.724,55539,-38683,16856,15727,-34574,-18847,12073,-10082,1991,NaN,NaN,NaN,NaN,92910,55539,-38683,16856,15727,-34574,-18847,12073,-10082,1991
2009-03-17T22:00:00Z,1.725,1.7695,1.6935,1.757,55539,-38683,16856,15727,-34574,-18847,12073,-10082,1991,NaN,NaN,NaN,NaN,92910,55539,-38683,16856,15727,-34574,-18847,12073,-10082,1991
2009-03-18T22:00:00Z,1.752,1.828,1.744,1.81,55539,-38683,16856,15727,-34574,-18847,12073,-10082,1991,NaN,NaN,NaN,NaN,92910,55539,-38683,16856,15727,-34574,-18847,12073,-10082,1991
2009-03-19T22:00:00Z,1.8105,1.853,1.787,1.7995,55539,-38683,16856,15727,-34574,-18847,12073,-10082,1991,NaN,NaN,NaN,NaN,92910,55539,-38683,16856,15727,-34574,-18847,12073,-10082,1991
2009-03-22T22:00:00Z,1.8,1.875,1.8,1.857,55539,-38683,16856,15727,-34574,-18847,12073,-10082,1991,NaN,NaN,NaN,NaN,92910,55539,-38683,16856,15727,-34574,-18847,12073,-10082,1991
2009-03-23T22:00:00Z,1.8565,1.879,1.78,1.796,56980,-41004,15976,16058,-34473,-18415,12664,-10225,2439,NaN,NaN,NaN,NaN,95985,56980,-41004,15976,16058,-34473,-18415,12664,-10225,2439
2009-03-24T22:00:00Z,1.7935,1.825,1.765,1.797,56980,-41004,15976,16058,-34473,-18415,12664,-10225,2439,NaN,NaN,NaN,NaN,95985,56980,-41004,15976,16058,-34473,-18415,12664,-10225,2439
2009-03-25T22:00:00Z,1.8,1.877,1.7975,1.8615,56980,-41004,15976,16058,-34473,-18415,12664,-10225,2439,NaN,NaN,NaN,NaN,95985,56980,-41004,15976,16058,-34473,-18415,12664,-10225,2439
2009-03-26T22:00:00Z,1.865,1.897,1.8015,1.833,56980,-41004,15976,16058,-34473,-18415,12664,-10225,2439,NaN,NaN,NaN,NaN,95985,56980,-41004,15976,16058,-34473,-18415,12664,-10225,2439
2009-03-29T22:00:00Z,1.8225,1.846,1.7525,1.777,56980,-41004,15976,16058,-34473,-18415,12664,-10225,2439,NaN,NaN,NaN,NaN,95985,56980,-41004,15976,16058,-34473,-18415,12664,-10225,2439
2009-03-30T22:00:00Z,1.7665,1.859,1.7655,1.8395,57826,-39771,18055,15517,-34042,-18525,11431,-10961,470,NaN,NaN,NaN,NaN,96572,57826,-39771,18055,15517,-34042,-18525,11431,-10961,470
2009-03-31T22:00:00Z,1.8385,1.868,1.796,1.863,57826,-39771,18055,15517,-34042,-18525,11431,-10961,470,NaN,NaN,NaN,NaN,96572,57826,-39771,18055,15517,-34042,-18525,11431,-10961,470
2009-04-01T22:00:00Z,1.864,1.9055,1.841,1.8925,57826,-39771,18055,15517,-34042,-18525,11431,-10961,470,NaN,NaN,NaN,NaN,96572,57826,-39771,18055,15517,-34042,-18525,11431,-10961,470
2009-04-02T22:00:00Z,1.89,2.013,1.871,1.99,57826,-39771,18055,15517,-34042,-18525,11431,-10961,470,NaN,NaN,NaN,NaN,96572,57826,-39771,18055,15517,-34042,-18525,11431,-10961,470
2009-04-05T22:00:00Z,1.99,2.037,1.933,1.961,57826,-39771,18055,15517,-34042,-18525,11431,-10961,470,NaN,NaN,NaN,NaN,96572,57826,-39771,18055,15517,-34042,-18525,11431,-10961,470
2009-04-06T22:00:00Z,1.96,2.012,1.9365,1.977,59804,-43189,16615,18576,-35974,-17398,11449,-10666,783,NaN,NaN,NaN,NaN,102332,59804,-43189,16615,18576,-35974,-17398,11449,-10666,783
2009-04-07T22:00:00Z,1.983,2.013,1.9465,1.992,59804,-43189,16615,18576,-35974,-17398,11449,-10666,783,NaN,NaN,NaN,NaN,102332,59804,-43189,16615,18576,-35974,-17398,11449,-10666,783
2009-04-08T22:00:00Z,1.997,2.08,1.9855,2.079,59804,-43189,16615,18576,-35974,-17398,11449,-10666,783,NaN,NaN,NaN,NaN,102332,59804,-43189,16615,18576,-35974,-17398,11449,-10666,783
2009-04-12T22:00:00Z,2.0955,2.1685,2.09,2.1445,59804,-43189,16615,18576,-35974,-17398,11449,-10666,783,NaN,NaN,NaN,NaN,102332,59804,-43189,16615,18576,-35974,-17398,11449,-10666,783
2009-04-13T22:00:00Z,2.139,2.235,2.0825,2.0955,59871,-43215,16656,17874,-36735,-18861,15182,-12977,2205,NaN,NaN,NaN,NaN,106758,59871,-43215,16656,17874,-36735,-18861,15182,-12977,2205
2009-04-14T22:00:00Z,2.0985,2.234,2.096,2.226,59871,-43215,16656,17874,-36735,-18861,15182,-12977,2205,NaN,NaN,NaN,NaN,106758,59871,-43215,16656,17874,-36735,-18861,15182,-12977,2205
2009-04-15T22:00:00Z,2.2315,2.233,2.144,2.172,59871,-43215,16656,17874,-36735,-18861,15182,-12977,2205,NaN,NaN,NaN,NaN,106758,59871,-43215,16656,17874,-36735,-18861,15182,-12977,2205
2009-04-16T22:00:00Z,2.1725,2.205,2.1275,2.1955,59871,-43215,16656,17874,-36735,-18861,15182,-12977,2205,NaN,NaN,NaN,NaN,106758,59871,-43215,16656,17874,-36735,-18861,15182,-12977,2205
2009-04-19T22:00:00Z,2.19,2.1945,2.07,2.0875,59871,-43215,16656,17874,-36735,-18861,15182,-12977,2205,NaN,NaN,NaN,NaN,106758,59871,-43215,16656,17874,-36735,-18861,15182,-12977,2205
2009-04-20T22:00:00Z,2.086,2.102,2.003,2.078,60099,-42743,17356,18504,-37984,-19480,15110,-12986,2124,NaN,NaN,NaN,NaN,103736,60099,-42743,17356,18504,-37984,-19480,15110,-12986,2124
2009-04-21T22:00:00Z,2.0785,2.106,2.023,2.0385,60099,-42743,17356,18504,-37984,-19480,15110,-12986,2124,NaN,NaN,NaN,NaN,103736,60099,-42743,17356,18504,-37984,-19480,15110,-12986,2124
2009-04-22T22:00:00Z,2.041,2.0985,1.9675,1.989,60099,-42743,17356,18504,-37984,-19480,15110,-12986,2124,NaN,NaN,NaN,NaN,103736,60099,-42743,17356,18504,-37984,-19480,15110,-12986,2124
2009-04-23T22:00:00Z,1.9925,2.0625,1.9555,2.05,60099,-42743,17356,18504,-37984,-19480,15110,-12986,2124,NaN,NaN,NaN,NaN,103736,60099,-42743,17356,18504,-37984,-19480,15110,-12986,2124
2009-04-26T22:00:00Z,2.022,2.0695,1.9525,1.98,60099,-42743,17356,18504,-37984,-19480,15110,-12986,2124,NaN,NaN,NaN,NaN,103736,60099,-42743,17356,18504,-37984,-19480,15110,-12986,2124
2009-04-27T22:00:00Z,1.983,2,1.902,1.917,60749,-44465,16284,19980,-37865,-17885,13897,-12296,1601,NaN,NaN,NaN,NaN,106170,60749,-44465,16284,19980,-37865,-17885,13897,-12296,1601
2009-04-28T22:00:00Z,1.9175,2.0295,1.911,2.017,60749,-44465,16284,19980,-37865,-17885,13897,-12296,1601,NaN,NaN,NaN,NaN,106170,60749,-44465,16284,19980,-37865,-17885,13897,-12296,1601
2009-04-29T22:00:00Z,2.0125,2.073,1.9935,2.048,60749,-44465,16284,19980,-37865,-17885,13897,-12296,1601,NaN,NaN,NaN,NaN,106170,60749,-44465,16284,19980,-37865,-17885,13897,-12296,1601
2009-04-30T22:00:00Z,2.0415,2.12,2.0375,2.1195,60749,-44465,16284,19980,-37865,-17885,13897,-12296,1601,NaN,NaN,NaN,NaN,106170,60749,-44465,16284,19980,-37865,-17885,13897,-12296,1601
2009-05-03T22:00:00Z,2.1135,2.17,2.1135,2.1435,60749,-44465,16284,19980,-37865,-17885,13897,-12296,1601,NaN,NaN,NaN,NaN,106170,60749,-44465,16284,19980,-37865,-17885,13897,-12296,1601
2009-05-04T22:00:00Z,2.14,2.177,2.0645,2.072,60581,-43522,17059,18992,-37530,-18538,12554,-11075,1479,NaN,NaN,NaN,NaN,104619,60581,-43522,17059,18992,-37530,-18538,12554,-11075,1479
2009-05-05T22:00:00Z,2.074,2.2015,2.061,2.1895,60581,-43522,17059,18992,-37530,-18538,12554,-11075,1479,NaN,NaN,NaN,NaN,104619,60581,-43522,17059,18992,-37530,-18538,12554,-11075,1479
2009-05-06T22:00:00Z,2.1885,2.217,2.114,2.158,60581,-43522,17059,18992,-37530,-18538,12554,-11075,1479,NaN,NaN,NaN,NaN,104619,60581,-43522,17059,18992,-37530,-18538,12554,-11075,1479
2009-05-07T22:00:00Z,2.162,2.206,2.099,2.154,60581,-43522,17059,18992,-37530,-18538,12554,-11075,1479,NaN,NaN,NaN,NaN,104619,60581,-43522,17059,18992,-37530,-18538,12554,-11075,1479
2009-05-10T22:00:00Z,2.145,2.154,2.058,2.0845,60581,-43522,17059,18992,-37530,-18538,12554,-11075,1479,NaN,NaN,NaN,NaN,104619,60581,-43522,17059,18992,-37530,-18538,12554,-11075,1479
2009-05-11T22:00:00Z,2.0785,2.155,2.063,2.101,62694,-46903,15791,18403,-37142,-18739,15507,-12559,2948,NaN,NaN,NaN,NaN,108470,62694,-46903,15791,18403,-37142,-18739,15507,-12559,2948
2009-05-12T22:00:00Z,2.102,2.124,2.0145,2.025,62694,-46903,15791,18403,-37142,-18739,15507,-12559,2948,NaN,NaN,NaN,NaN,108470,62694,-46903,15791,18403,-37142,-18739,15507,-12559,2948
2009-05-13T22:00:00Z,2.02,2.05,1.967,2.041,62694,-46903,15791,18403,-37142,-18739,15507,-12559,2948,NaN,NaN,NaN,NaN,108470,62694,-46903,15791,18403,-37142,-18739,15507,-12559,2948
2009-05-14T22:00:00Z,2.037,2.0465,1.9735,2.01,62694,-46903,15791,18403,-37142,-18739,15507,-12559,2948,NaN,NaN,NaN,NaN,108470,62694,-46903,15791,18403,-37142,-18739,15507,-12559,2948
2009-05-17T22:00:00Z,2.0185,2.0745,1.979,2.064,62694,-46903,15791,18403,-37142,-18739,15507,-12559,2948,NaN,NaN,NaN,NaN,108470,62694,-46903,15791,18403,-37142,-18739,15507,-12559,2948
2009-05-18T22:00:00Z,2.068,2.129,2.05,2.0735,61846,-46967,14879,18384,-37192,-18808,14986,-11057,3929,NaN,NaN,NaN,NaN,105791,61846,-46967,14879,18384,-37192,-18808,14986,-11057,3929
2009-05-19T22:00:00Z,2.075,2.14,2.062,2.097,61846,-46967,14879,18384,-37192,-18808,14986,-11057,3929,NaN,NaN,NaN,NaN,105791,61846,-46967,14879,18384,-37192,-18808,14986,-11057,3929
2009-05-20T22:00:00Z,2.099,2.1,2.0135,2.0605,61846,-46967,14879,18384,-37192,-18808,14986,-11057,3929,NaN,NaN,NaN,NaN,105791,61846,-46967,14879,18384,-37192,-18808,14986,-11057,3929
2009-05-21T22:00:00Z,2.06,2.1215,2.041,2.0965,61846,-46967,14879,18384,-37192,-18808,14986,-11057,3929,NaN,NaN,NaN,NaN,105791,61846,-46967,14879,18384,-37192,-18808,14986,-11057,3929
2009-05-24T22:00:00Z,2.0955,2.1475,2.04,2.1405,62264,-46791,15473,19834,-37546,-17712,14290,-12051,2239,NaN,NaN,NaN,NaN,107631,62264,-46791,15473,19834,-37546,-17712,14290,-12051,2239
2009-05-26T22:00:00Z,2.14,2.159,2.0925,2.0925,62264,-46791,15473,19834,-37546,-17712,14290,-12051,2239,NaN,NaN,NaN,NaN,107631,62264,-46791,15473,19834,-37546,-17712,14290,-12051,2239
2009-05-27T22:00:00Z,2.094,2.1645,2.079,2.14,62264,-46791,15473,19834,-37546,-17712,14290,-12051,2239,NaN,NaN,NaN,NaN,107631,62264,-46791,15473,19834,-37546,-17712,14290,-12051,2239
2009-05-28T22:00:00Z,2.1315,2.205,2.13,2.195,62264,-46791,15473,19834,-37546,-17712,14290,-12051,2239,NaN,NaN,NaN,NaN,107631,62264,-46791,15473,19834,-37546,-17712,14290,-12051,2239
2009-05-31T22:00:00Z,2.201,2.3285,2.1825,2.31,62264,-46791,15473,19834,-37546,-17712,14290,-12051,2239,NaN,NaN,NaN,NaN,107631,62264,-46791,15473,19834,-37546,-17712,14290,-12051,2239
2009-06-01T22:00:00Z,2.3075,2.353,2.28,2.2965,63721,-48281,15440,21485,-40139,-18654,14812,-11598,3214,NaN,NaN,NaN,NaN,111357,63721,-48281,15440,21485,-40139,-18654,14812,-11598,3214
2009-06-02T22:00:00Z,2.301,2.3355,2.1995,2.22,63721,-48281,15440,21485,-40139,-18654,14812,-11598,3214,NaN,NaN,NaN,NaN,111357,63721,-48281,15440,21485,-40139,-18654,14812,-11598,3214
2009-06-03T22:00:00Z,2.22,2.318,2.208,2.308,63721,-48281,15440,21485,-40139,-18654,14812,-11598,3214,NaN,NaN,NaN,NaN,111357,63721,-48281,15440,21485,-40139,-18654,14812,-11598,3214
2009-06-04T22:00:00Z,2.301,2.334,2.232,2.2685,63721,-48281,15440,21485,-40139,-18654,14812,-11598,3214,NaN,NaN,NaN,NaN,111357,63721,-48281,15440,21485,-40139,-18654,14812,-11598,3214
2009-06-07T22:00:00Z,2.27,2.3085,2.2305,2.285,63721,-48281,15440,21485,-40139,-18654,14812,-11598,3214,NaN,NaN,NaN,NaN,111357,63721,-48281,15440,21485,-40139,-18654,14812,-11598,3214
2009-06-08T22:00:00Z,2.283,2.3725,2.26,2.3555,63095,-48533,14562,19790,-38559,-18769,17986,-13779,4207,NaN,NaN,NaN,NaN,109820,63095,-48533,14562,19790,-38559,-18769,17986,-13779,4207
2009-06-09T22:00:00Z,2.3615,2.3955,2.338,2.3685,63095,-48533,14562,19790,-38559,-18769,17986,-13779,4207,NaN,NaN,NaN,NaN,109820,63095,-48533,14562,19790,-38559,-18769,17986,-13779,4207
2009-06-10T22:00:00Z,2.3685,2.4575,2.3475,2.435,63095,-48533,14562,19790,-38559,-18769,17986,-13779,4207,NaN,NaN,NaN,NaN,109820,63095,-48533,14562,19790,-38559,-18769,17986,-13779,4207
2009-06-11T22:00:00Z,2.4365,2.441,2.36,2.3745,63095,-48533,14562,19790,-38559,-18769,17986,-13779,4207,NaN,NaN,NaN,NaN,109820,63095,-48533,14562,19790,-38559,-18769,17986,-13779,4207
2009-06-14T22:00:00Z,2.382,2.3945,2.269,2.291,63095,-48533,14562,19790,-38559,-18769,17986,-13779,4207,NaN,NaN,NaN,NaN,109820,63095,-48533,14562,19790,-38559,-18769,17986,-13779,4207
2009-06-15T22:00:00Z,2.291,2.317,2.233,2.246,65340,-50378,14962,21247,-39711,-18464,17782,-14280,3502,NaN,NaN,NaN,NaN,115321,65340,-50378,14962,21247,-39711,-18464,17782,-14280,3502
2009-06-16T22:00:00Z,2.238,2.2815,2.215,2.255,65340,-50378,14962,21247,-39711,-18464,17782,-14280,3502,NaN,NaN,NaN,NaN,115321,65340,-50378,14962,21247,-39711,-18464,17782,-14280,3502
2009-06-17T22:00:00Z,2.25,2.277,2.2215,2.247,65340,-50378,14962,21247,-39711,-18464,17782,-14280,3502,NaN,NaN,NaN,NaN,115321,65340,-50378,14962,21247,-39711,-18464,17782,-14280,3502
2009-06-18T22:00:00Z,2.259,2.2955,2.2225,2.2365,65340,-50378,14962,21247,-39711,-18464,17782,-14280,3502,NaN,NaN,NaN,NaN,115321,65340,-50378,14962,21247,-39711,-18464,17782,-14280,3502
2009-06-21T22:00:00Z,2.248,2.248,2.1225,2.123,65340,-50378,14962,21247,-39711,-18464,17782,-14280,3502,NaN,NaN,NaN,NaN,115321,65340,-50378,14962,21247,-39711,-18464,17782,-14280,3502
2009-06-22T22:00:00Z,2.123,2.202,2.1115,2.1915,64689,-44088,20601,18605,-40340,-21735,13620,-12486,1134,NaN,NaN,NaN,NaN,109536,64689,-44088,20601,18605,-40340,-21735,13620,-12486,1134
2009-06-23T22:00:00Z,2.189,2.289,2.161,2.2595,64689,-44088,20601,18605,-40340,-21735,13620,-12486,1134,NaN,NaN,NaN,NaN,109536,64689,-44088,20601,18605,-40340,-21735,13620,-12486,1134
2009-06-24T22:00:00Z,2.259,2.331,2.231,2.308,64689,-44088,20601,18605,-40340,-21735,13620,-12486,1134,NaN,NaN,NaN,NaN,109536,64689,-44088,20601,18605,-40340,-21735,13620,-12486,1134
2009-06-25T22:00:00Z,2.3075,2.3315,2.2725,2.277,64689,-44088,20601,18605,-40340,-21735,13620,-12486,1134,NaN,NaN,NaN,NaN,109536,64689,-44088,20601,18605,-40340,-21735,13620,-12486,1134
2009-06-28T22:00:00Z,2.296,2.357,2.2555,2.326,64689,-44088,20601,18605,-40340,-21735,13620,-12486,1134,NaN,NaN,NaN,NaN,109536,64689,-44088,20601,18605,-40340,-21735,13620,-12486,1134
2009-06-29T22:00:00Z,2.328,2.365,2.237,2.2855,63587,-41969,21618,18029,-38093,-20064,11183,-12737,-1554,NaN,NaN,NaN,NaN,104189,63587,-41969,21618,18029,-38093,-20064,11183,-12737,-1554
2009-06-30T22:00:00Z,2.274,2.369,2.2705,2.3355,63587,-41969,21618,18029,-38093,-20064,11183,-12737,-1554,NaN,NaN,NaN,NaN,104189,63587,-41969,21618,18029,-38093,-20064,11183,-12737,-1554
2009-07-01T22:00:00Z,2.3355,2.344,2.266,2.2975,63587,-41969,21618,18029,-38093,-20064,11183,-12737,-1554,NaN,NaN,NaN,NaN,104189,63587,-41969,21618,18029,-38093,-20064,11183,-12737,-1554
2009-07-02T22:00:00Z,2.2705,2.2725,2.2055,2.265,63587,-41969,21618,18029,-38093,-20064,11183,-12737,-1554,NaN,NaN,NaN,NaN,104189,63587,-41969,21618,18029,-38093,-20064,11183,-12737,-1554
2009-07-06T22:00:00Z,2.262,2.297,2.2005,2.202,63158,-42374,20784,17971,-38932,-20961,10893,-10716,177,NaN,NaN,NaN,NaN,102426,63158,-42374,20784,17971,-38932,-20961,10893,-10716,177
2009-07-07T22:00:00Z,2.201,2.24,2.142,2.1605,63158,-42374,20784,17971,-38932,-20961,10893,-10716,177,NaN,NaN,NaN,NaN,102426,63158,-42374,20784,17971,-38932,-20961,10893,-10716,177
2009-07-08T22:00:00Z,2.163,2.2435,2.155,2.222,63158,-42374,20784,17971,-38932,-20961,10893,-10716,177,NaN,NaN,NaN,NaN,102426,63158,-42374,20784,17971,-38932,-20961,10893,-10716,177
2009-07-09T22:00:00Z,2.222,2.243,2.1865,2.2195,63158,-42374,20784,17971,-38932,-20961,10893,-10716,177,NaN,NaN,NaN,NaN,102426,63158,-42374,20784,17971,-38932,-20961,10893,-10716,177
2009-07-12T22:00:00Z,2.215,2.2395,2.183,2.239,63158,-42374,20784,17971,-38932,-20961,10893,-10716,177,NaN,NaN,NaN,NaN,102426,63158,-42374,20784,17971,-38932,-20961,10893,-10716,177
2009-07-13T22:00:00Z,2.238,2.311,2.219,2.2955,65002,-44505,20497,17607,-37744,-20137,12086,-12446,-360,NaN,NaN,NaN,NaN,106268,65002,-44505,20497,17607,-37744,-20137,12086,-12446,-360
2009-07-14T22:00:00Z,2.2985,2.4055,2.2955,2.392,65002,-44505,20497,17607,-37744,-20137,12086,-12446,-360,NaN,NaN,NaN,NaN,106268,65002,-44505,20497,17607,-37744,-20137,12086,-12446,-360
2009-07-15T22:00:00Z,2.3865,2.41,2.357,2.3875,65002,-44505,20497,17607,-37744,-20137,12086,-12446,-360,NaN,NaN,NaN,NaN,106268,65002,-44505,20497,17607,-37744,-20137,12086,-12446,-360
2009-07-16T22:00:00Z,2.388,2.439,2.367,2.4195,65002,-44505,20497,17607,-37744,-20137,12086,-12446,-360,NaN,NaN,NaN,NaN,106268,65002,-44505,20497,17607,-37744,-20137,12086,-12446,-360
2009-07-19T22:00:00Z,2.4185,2.4895,2.41,2.4785,65002,-44505,20497,17607,-37744,-20137,12086,-12446,-360,NaN,NaN,NaN,NaN,106268,65002,-44505,20497,17607,-37744,-20137,12086,-12446,-360
2009-07-20T22:00:00Z,2.4715,2.4945,2.4305,2.459,66092,-50853,15239,23014,-39074,-16060,12811,-11990,821,NaN,NaN,NaN,NaN,115991,66092,-50853,15239,23014,-39074,-16060,12811,-11990,821
2009-07-21T22:00:00Z,2.456,2.538,2.43,2.52,66092,-50853,15239,23014,-39074,-16060,12811,-11990,821,NaN,NaN,NaN,NaN,115991,66092,-50853,15239,23014,-39074,-16060,12811,-11990,821
2009-07-22T22:00:00Z,2.5145,2.5385,2.4725,2.4935,66092,-50853,15239,23014,-39074,-16060,12811,-11990,821,NaN,NaN,NaN,NaN,115991,66092,-50853,15239,23014,-39074,-16060,12811,-11990,821
2009-07-23T22:00:00Z,2.495,2.544,2.4895,2.53,66092,-50853,15239,23014,-39074,-16060,12811,-11990,821,NaN,NaN,NaN,NaN,115991,66092,-50853,15239,23014,-39074,-16060,12811,-11990,821
2009-07-26T22:00:00Z,2.5305,2.579,2.5175,2.55,66092,-50853,15239,23014,-39074,-16060,12811,-11990,821,NaN,NaN,NaN,NaN,115991,66092,-50853,15239,23014,-39074,-16060,12811,-11990,821
2009-07-27T22:00:00Z,2.545,2.5715,2.4975,2.5325,66907,-53509,13398,25235,-39810,-14575,13366,-12189,1177,NaN,NaN,NaN,NaN,120479,66907,-53509,13398,25235,-39810,-14575,13366,-12189,1177
2009-07-28T22:00:00Z,2.531,2.54,2.45,2.479,66907,-53509,13398,25235,-39810,-14575,13366,-12189,1177,NaN,NaN,NaN,NaN,120479,66907,-53509,13398,25235,-39810,-14575,13366,-12189,1177
2009-07-29T22:00:00Z,2.4795,2.575,2.462,2.55,66907,-53509,13398,25235,-39810,-14575,13366,-12189,1177,NaN,NaN,NaN,NaN,120479,66907,-53509,13398,25235,-39810,-14575,13366,-12189,1177
2009-07-30T22:00:00Z,2.606,2.632,2.5455,2.6285,66907,-53509,13398,25235,-39810,-14575,13366,-12189,1177,NaN,NaN,NaN,NaN,120479,66907,-53509,13398,25235,-39810,-14575,13366,-12189,1177
2009-08-02T22:00:00Z,2.628,2.769,2.6245,2.747,66907,-53509,13398,25235,-39810,-14575,13366,-12189,1177,NaN,NaN,NaN,NaN,120479,66907,-53509,13398,25235,-39810,-14575,13366,-12189,1177
2009-08-03T22:00:00Z,2.7475,2.799,2.694,2.784,65824,-56904,8920,27256,-37910,-10654,13330,-11596,1734,NaN,NaN,NaN,NaN,121925,65824,-56904,8920,27256,-37910,-10654,13330,-11596,1734
2009-08-04T22:00:00Z,2.7835,2.8385,2.749,2.82,65824,-56904,8920,27256,-37910,-10654,13330,-11596,1734,NaN,NaN,NaN,NaN,121925,65824,-56904,8920,27256,-37910,-10654,13330,-11596,1734
2009-08-05T22:00:00Z,2.819,2.8205,2.723,2.7335,65824,-56904,8920,27256,-37910,-10654,13330,-11596,1734,NaN,NaN,NaN,NaN,121925,65824,-56904,8920,27256,-37910,-10654,13330,-11596,1734
2009-08-06T22:00:00Z,2.742,2.8085,2.699,2.7685,65824,-56904,8920,27256,-37910,-10654,13330,-11596,1734,NaN,NaN,NaN,NaN,121925,65824,-56904,8920,27256,-37910,-10654,13330,-11596,1734
2009-08-09T22:00:00Z,2.7855,2.8465,2.7545,2.7675,65824,-56904,8920,27256,-37910,-10654,13330,-11596,1734,NaN,NaN,NaN,NaN,121925,65824,-56904,8920,27256,-37910,-10654,13330,-11596,1734
2009-08-10T22:00:00Z,2.775,2.809,2.733,2.74,63915,-55107,8808,27433,-37843,-10410,14369,-12767,1602,NaN,NaN,NaN,NaN,117741,63915,-55107,8808,27433,-37843,-10410,14369,-12767,1602
2009-08-11T22:00:00Z,2.737,2.8355,2.7025,2.8355,63915,-55107,8808,27433,-37843,-10410,14369,-12767,1602,NaN,NaN,NaN,NaN,117741,63915,-55107,8808,27433,-37843,-10410,14369,-12767,1602
2009-08-12T22:00:00Z,2.8345,2.93,2.8145,2.9205,63915,-55107,8808,27433,-37843,-10410,14369,-12767,1602,NaN,NaN,NaN,NaN,117741,63915,-55107,8808,27433,-37843,-10410,14369,-12767,1602
2009-08-13T22:00:00Z,2.921,2.949,2.821,2.8355,63915,-55107,8808,27433,-37843,-10410,14369,-12767,1602,NaN,NaN,NaN,NaN,117741,63915,-55107,8808,27433,-37843,-10410,14369,-12767,1602
2009-08-16T22:00:00Z,2.84,2.84,2.7265,2.758,63915,-55107,8808,27433,-37843,-10410,14369,-12767,1602,NaN,NaN,NaN,NaN,117741,63915,-55107,8808,27433,-37843,-10410,14369,-12767,1602
2009-08-17T22:00:00Z,2.7575,2.815,2.721,2.7735,63530,-63437,93,27431,-28688,-1257,12117,-10953,1164,NaN,NaN,NaN,NaN,116703,63530,-63437,93,27431,-28688,-1257,12117,-10953,1164
2009-08-18T22:00:00Z,2.77,2.7925,2.6475,2.7725,63530,-63437,93,27431,-28688,-1257,12117,-10953,1164,NaN,NaN,NaN,NaN,116703,63530,-63437,93,27431,-28688,-1257,12117,-10953,1164
2009-08-19T22:00:00Z,2.7675,2.799,2.719,2.743,63530,-63437,93,27431,-28688,-1257,12117,-10953,1164,NaN,NaN,NaN,NaN,116703,63530,-63437,93,27431,-28688,-1257,12117,-10953,1164
2009-08-20T22:00:00Z,2.744,2.8895,2.7075,2.8895,63530,-63437,93,27431,-28688,-1257,12117,-10953,1164,NaN,NaN,NaN,NaN,116703,63530,-63437,93,27431,-28688,-1257,12117,-10953,1164
2009-08-23T22:00:00Z,2.8965,2.921,2.8575,2.876,63530,-63437,93,27431,-28688,-1257,12117,-10953,1164,NaN,NaN,NaN,NaN,116703,63530,-63437,93,27431,-28688,-1257,12117,-10953,1164
2009-08-24T22:00:00Z,2.8745,2.898,2.8285,2.8285,63016,-61709,1307,28889,-30133,-1244,11732,-11795,-63,NaN,NaN,NaN,NaN,118454,63016,-61709,1307,28889,-30133,-1244,11732,-11795,-63
2009-08-25T22:00:00Z,2.8255,2.907,2.822,2.8705,63016,-61709,1307,28889,-30133,-1244,11732,-11795,-63,NaN,NaN,NaN,NaN,118454,63016,-61709,1307,28889,-30133,-1244,11732,-11795,-63
2009-08-26T22:00:00Z,2.8655,2.8795,2.819,2.862,63016,-61709,1307,28889,-30133,-1244,11732,-11795,-63,NaN,NaN,NaN,NaN,118454,63016,-61709,1307,28889,-30133,-1244,11732,-11795,-63
2009-08-27T22:00:00Z,2.8865,2.9895,2.886,2.9695,63016,-61709,1307,28889,-30133,-1244,11732,-11795,-63,NaN,NaN,NaN,NaN,118454,63016,-61709,1307,28889,-30133,-1244,11732,-11795,-63
2009-08-30T22:00:00Z,2.969,2.989,2.798,2.8385,63016,-61709,1307,28889,-30133,-1244,11732,-11795,-63,NaN,NaN,NaN,NaN,118454,63016,-61709,1307,28889,-30133,-1244,11732,-11795,-63
2009-08-31T22:00:00Z,2.8405,2.907,2.7985,2.7985,63955,-59880,4075,28277,-31825,-3548,13041,-13568,-527,NaN,NaN,NaN,NaN,119527,63955,-59880,4075,28277,-31825,-3548,13041,-13568,-527
2009-09-01T22:00:00Z,2.797,2.839,2.74,2.822,63955,-59880,4075,28277,-31825,-3548,13041,-13568,-527,NaN,NaN,NaN,NaN,119527,63955,-59880,4075,28277,-31825,-3548,13041,-13568,-527
2009-09-02T22:00:00Z,2.8265,2.879,2.7835,2.87,63955,-59880,4075,28277,-31825,-3548,13041,-13568,-527,NaN,NaN,NaN,NaN,119527,63955,-59880,4075,28277,-31825,-3548,13041,-13568,-527
2009-09-03T22:00:00Z,2.87,2.8975,2.8325,2.852,63955,-59880,4075,28277,-31825,-3548,13041,-13568,-527,NaN,NaN,NaN,NaN,119527,63955,-59880,4075,28277,-31825,-3548,13041,-13568,-527
2009-09-06T22:00:00Z,2.888,2.981,2.844,2.949,64480,-62699,1781,27933,-30181,-2248,11727,-11260,467,NaN,NaN,NaN,NaN,118148,64480,-62699,1781,27933,-30181,-2248,11727,-11260,467
2009-09-08T22:00:00Z,2.953,2.9735,2.901,2.908,64480,-62699,1781,27933,-30181,-2248,11727,-11260,467,NaN,NaN,NaN,NaN,118148,64480,-62699,1781,27933,-30181,-2248,11727,-11260,467
2009-09-09T22:00:00Z,2.9025,2.9565,2.8325,2.8835,64480,-62699,1781,27933,-30181,-2248,11727,-11260,467,NaN,NaN,NaN,NaN,118148,64480,-62699,1781,27933,-30181,-2248,11727,-11260,467
2009-09-10T22:00:00Z,2.8795,2.9165,2.825,2.8305,64480,-62699,1781,27933,-30181,-2248,11727,-11260,467,NaN,NaN,NaN,NaN,118148,64480,-62699,1781,27933,-30181,-2248,11727,-11260,467
2009-09-13T22:00:00Z,2.835,2.835,2.7625,2.813,64480,-62699,1781,27933,-30181,-2248,11727,-11260,467,NaN,NaN,NaN,NaN,118148,64480,-62699,1781,27933,-30181,-2248,11727,-11260,467
2009-09-14T22:00:00Z,2.805,2.8635,2.795,2.855,64171,-63044,1127,26436,-28769,-2333,14859,-13653,1206,NaN,NaN,NaN,NaN,117983,64171,-63044,1127,26436,-28769,-2333,14859,-13653,1206
2009-09-15T22:00:00Z,2.8525,2.9535,2.844,2.951,64171,-63044,1127,26436,-28769,-2333,14859,-13653,1206,NaN,NaN,NaN,NaN,117983,64171,-63044,1127,26436,-28769,-2333,14859,-13653,1206
2009-09-16T22:00:00Z,2.95,2.955,2.8845,2.901,64171,-63044,1127,26436,-28769,-2333,14859,-13653,1206,NaN,NaN,NaN,NaN,117983,64171,-63044,1127,26436,-28769,-2333,14859,-13653,1206
2009-09-17T22:00:00Z,2.9055,2.9125,2.7815,2.7845,64171,-63044,1127,26436,-28769,-2333,14859,-13653,1206,NaN,NaN,NaN,NaN,117983,64171,-63044,1127,26436,-28769,-2333,14859,-13653,1206
2009-09-20T22:00:00Z,2.7835,2.8315,2.7505,2.806,64171,-63044,1127,26436,-28769,-2333,14859,-13653,1206,NaN,NaN,NaN,NaN,117983,64171,-63044,1127,26436,-28769,-2333,14859,-13653,1206
2009-09-21T22:00:00Z,2.8115,2.892,2.8,2.87,65555,-63972,1583,24442,-27979,-3537,14220,-12266,1954,NaN,NaN,NaN,NaN,117248,65555,-63972,1583,24442,-27979,-3537,14220,-12266,1954
2009-09-22T22:00:00Z,2.872,2.877,2.759,2.766,65555,-63972,1583,24442,-27979,-3537,14220,-12266,1954,NaN,NaN,NaN,NaN,117248,65555,-63972,1583,24442,-27979,-3537,14220,-12266,1954
2009-09-23T22:00:00Z,2.76,2.802,2.686,2.6915,65555,-63972,1583,24442,-27979,-3537,14220,-12266,1954,NaN,NaN,NaN,NaN,117248,65555,-63972,1583,24442,-27979,-3537,14220,-12266,1954
2009-09-24T22:00:00Z,2.695,2.7435,2.673,2.7385,65555,-63972,1583,24442,-27979,-3537,14220,-12266,1954,NaN,NaN,NaN,NaN,117248,65555,-63972,1583,24442,-27979,-3537,14220,-12266,1954
2009-09-27T22:00:00Z,2.7385,2.7435,2.6625,2.71,65555,-63972,1583,24442,-27979,-3537,14220,-12266,1954,NaN,NaN,NaN,NaN,117248,65555,-63972,1583,24442,-27979,-3537,14220,-12266,1954
2009-09-28T22:00:00Z,2.71,2.7495,2.687,2.7175,66779,-60165,6614,22101,-28382,-6281,12472,-12805,-333,NaN,NaN,NaN,NaN,113874,66779,-60165,6614,22101,-28382,-6281,12472,-12805,-333
2009-09-29T22:00:00Z,2.7175,2.8285,2.7135,2.8165,66779,-60165,6614,22101,-28382,-6281,12472,-12805,-333,NaN,NaN,NaN,NaN,113874,66779,-60165,6614,22101,-28382,-6281,12472,-12805,-333
2009-09-30T22:00:00Z,2.8145,2.8225,2.7055,2.718,66779,-60165,6614,22101,-28382,-6281,12472,-12805,-333,NaN,NaN,NaN,NaN,113874,66779,-60165,6614,22101,-28382,-6281,12472,-12805,-333
2009-10-01T22:00:00Z,2.718,2.725,2.64,2.6855,66779,-60165,6614,22101,-28382,-6281,12472,-12805,-333,NaN,NaN,NaN,NaN,113874,66779,-60165,6614,22101,-28382,-6281,12472,-12805,-333
2009-10-04T22:00:00Z,2.689,2.74,2.653,2.74,66779,-60165,6614,22101,-28382,-6281,12472,-12805,-333,NaN,NaN,NaN,NaN,113874,66779,-60165,6614,22101,-28382,-6281,12472,-12805,-333
2009-10-05T22:00:00Z,2.7305,2.815,2.727,2.766,68847,-63672,5175,24278,-29049,-4771,12435,-12839,-404,NaN,NaN,NaN,NaN,119080,68847,-63672,5175,24278,-29049,-4771,12435,-12839,-404
2009-10-06T22:00:00Z,2.766,2.804,2.751,2.7845,68847,-63672,5175,24278,-29049,-4771,12435,-12839,-404,NaN,NaN,NaN,NaN,119080,68847,-63672,5175,24278,-29049,-4771,12435,-12839,-404
2009-10-07T22:00:00Z,2.7885,2.901,2.785,2.884,68847,-63672,5175,24278,-29049,-4771,12435,-12839,-404,NaN,NaN,NaN,NaN,119080,68847,-63672,5175,24278,-29049,-4771,12435,-12839,-404
2009-10-08T22:00:00Z,2.8865,2.8915,2.8225,2.8545,68847,-63672,5175,24278,-29049,-4771,12435,-12839,-404,NaN,NaN,NaN,NaN,119080,68847,-63672,5175,24278,-29049,-4771,12435,-12839,-404
2009-10-11T22:00:00Z,2.85,2.877,2.838,2.847,68847,-63672,5175,24278,-29049,-4771,12435,-12839,-404,NaN,NaN,NaN,NaN,119080,68847,-63672,5175,24278,-29049,-4771,12435,-12839,-404
2009-10-12T22:00:00Z,2.845,2.8855,2.756,2.802,67991,-67502,489,25357,-27186,-1829,14322,-12982,1340,NaN,NaN,NaN,NaN,121664,67991,-67502,489,25357,-27186,-1829,14322,-12982,1340
2009-10-13T22:00:00Z,2.824,2.86,2.806,2.855,67991,-67502,489,25357,-27186,-1829,14322,-12982,1340,NaN,NaN,NaN,NaN,121664,67991,-67502,489,25357,-27186,-1829,14322,-12982,1340
2009-10-14T22:00:00Z,2.85,2.8815,2.777,2.861,67991,-67502,489,25357,-27186,-1829,14322,-12982,1340,NaN,NaN,NaN,NaN,121664,67991,-67502,489,25357,-27186,-1829,14322,-12982,1340
2009-10-15T22:00:00Z,2.863,2.875,2.81,2.839,67991,-67502,489,25357,-27186,-1829,14322,-12982,1340,NaN,NaN,NaN,NaN,121664,67991,-67502,489,25357,-27186,-1829,14322,-12982,1340
2009-10-18T22:00:00Z,2.8455,2.969,2.8055,2.96,67991,-67502,489,25357,-27186,-1829,14322,-12982,1340,NaN,NaN,NaN,NaN,121664,67991,-67502,489,25357,-27186,-1829,14322,-12982,1340
2009-10-19T22:00:00Z,2.957,2.999,2.9125,2.929,69666,-73566,-3900,32948,-31263,1685,16086,-13871,2215,NaN,NaN,NaN,NaN,133100,69666,-73566,-3900,32948,-31263,1685,16086,-13871,2215
2009-10-20T22:00:00Z,2.9255,3.0575,2.8905,3.015,69666,-73566,-3900,32948,-31263,1685,16086,-13871,2215,NaN,NaN,NaN,NaN,133100,69666,-73566,-3900,32948,-31263,1685,16086,-13871,2215
2009-10-21T22:00:00Z,3.0125,3.031,2.977,3.022,69666,-73566,-3900,32948,-31263,1685,16086,-13871,2215,NaN,NaN,NaN,NaN,133100,69666,-73566,-3900,32948,-31263,1685,16086,-13871,2215
2009-10-22T22:00:00Z,3.02,3.062,2.994,3.0245,69666,-73566,-3900,32948,-31263,1685,16086,-13871,2215,NaN,NaN,NaN,NaN,133100,69666,-73566,-3900,32948,-31263,1685,16086,-13871,2215
2009-10-25T22:00:00Z,3.034,3.069,2.976,2.9835,69666,-73566,-3900,32948,-31263,1685,16086,-13871,2215,NaN,NaN,NaN,NaN,133100,69666,-73566,-3900,32948,-31263,1685,16086,-13871,2215
2009-10-26T22:00:00Z,2.9835,3.029,2.944,3.011,71119,-80546,-9427,37835,-28780,9055,15806,-15434,372,NaN,NaN,NaN,NaN,138431,71119,-80546,-9427,37835,-28780,9055,15806,-15434,372
2009-10-27T22:00:00Z,3.011,3.034,2.919,2.9225,71119,-80546,-9427,37835,-28780,9055,15806,-15434,372,NaN,NaN,NaN,NaN,138431,71119,-80546,-9427,37835,-28780,9055,15806,-15434,372
2009-10-28T22:00:00Z,2.923,3.0395,2.918,3.0335,71119,-80546,-9427,37835,-28780,9055,15806,-15434,372,NaN,NaN,NaN,NaN,138431,71119,-80546,-9427,37835,-28780,9055,15806,-15434,372
2009-10-29T22:00:00Z,3.0335,3.05,2.942,2.959,71119,-80546,-9427,37835,-28780,9055,15806,-15434,372,NaN,NaN,NaN,NaN,138431,71119,-80546,-9427,37835,-28780,9055,15806,-15434,372
2009-11-01T23:00:00Z,2.9475,2.9875,2.9225,2.9505,71119,-80546,-9427,37835,-28780,9055,15806,-15434,372,NaN,NaN,NaN,NaN,138431,71119,-80546,-9427,37835,-28780,9055,15806,-15434,372
2009-11-02T23:00:00Z,2.961,2.9895,2.895,2.978,70747,-81608,-10861,38502,-29440,9062,17313,-15514,1799,NaN,NaN,NaN,NaN,140662,70747,-81608,-10861,38502,-29440,9062,17313,-15514,1799
2009-11-03T23:00:00Z,2.978,3.0185,2.9615,2.992,70747,-81608,-10861,38502,-29440,9062,17313,-15514,1799,NaN,NaN,NaN,NaN,140662,70747,-81608,-10861,38502,-29440,9062,17313,-15514,1799
2009-11-04T23:00:00Z,2.9975,2.9975,2.943,2.969,70747,-81608,-10861,38502,-29440,9062,17313,-15514,1799,NaN,NaN,NaN,NaN,140662,70747,-81608,-10861,38502,-29440,9062,17313,-15514,1799
2009-11-05T23:00:00Z,2.9675,3.0045,2.925,2.955,70747,-81608,-10861,38502,-29440,9062,17313,-15514,1799,NaN,NaN,NaN,NaN,140662,70747,-81608,-10861,38502,-29440,9062,17313,-15514,1799
2009-11-08T23:00:00Z,2.957,3.002,2.955,2.972,72251,-83055,-10804,38649,-31087,7562,18497,-15255,3242,NaN,NaN,NaN,NaN,143698,72251,-83055,-10804,38649,-31087,7562,18497,-15255,3242
2009-11-09T23:00:00Z,2.972,2.9965,2.937,2.954,72251,-83055,-10804,38649,-31087,7562,18497,-15255,3242,NaN,NaN,NaN,NaN,143698,72251,-83055,-10804,38649,-31087,7562,18497,-15255,3242
2009-11-10T23:00:00Z,2.959,3.0375,2.9505,2.985,72251,-83055,-10804,38649,-31087,7562,18497,-15255,3242,NaN,NaN,NaN,NaN,143698,72251,-83055,-10804,38649,-31087,7562,18497,-15255,3242
2009-11-11T23:00:00Z,2.982,3.001,2.93,2.939,72251,-83055,-10804,38649,-31087,7562,18497,-15255,3242,NaN,NaN,NaN,NaN,143698,72251,-83055,-10804,38649,-31087,7562,18497,-15255,3242
2009-11-12T23:00:00Z,2.9385,2.9745,2.931,2.9665,72251,-83055,-10804,38649,-31087,7562,18497,-15255,3242,NaN,NaN,NaN,NaN,143698,72251,-83055,-10804,38649,-31087,7562,18497,-15255,3242
2009-11-15T23:00:00Z,2.9725,3.1275,2.9725,3.1,72251,-83055,-10804,38649,-31087,7562,18497,-15255,3242,NaN,NaN,NaN,NaN,143698,72251,-83055,-10804,38649,-31087,7562,18497,-15255,3242
2009-11-16T23:00:00Z,3.101,3.124,3.0745,3.1205,75650,-87071,-11421,44596,-35345,9251,16508,-14338,2170,NaN,NaN,NaN,NaN,151451,75650,-87071,-11421,44596,-35345,9251,16508,-14338,2170
2009-11-17T23:00:00Z,3.116,3.172,3.0945,3.136,75650,-87071,-11421,44596,-35345,9251,16508,-14338,2170,NaN,NaN,NaN,NaN,151451,75650,-87071,-11421,44596,-35345,9251,16508,-14338,2170
2009-11-18T23:00:00Z,3.1405,3.1405,3.065,3.095,75650,-87071,-11421,44596,-35345,9251,16508,-14338,2170,NaN,NaN,NaN,NaN,151451,75650,-87071,-11421,44596,-35345,9251,16508,-14338,2170
2009-11-19T23:00:00Z,3.092,3.1295,3.0515,3.1235,75650,-87071,-11421,44596,-35345,9251,16508,-14338,2170,NaN,NaN,NaN,NaN,151451,75650,-87071,-11421,44596,-35345,9251,16508,-14338,2170
2009-11-22T23:00:00Z,3.134,3.179,3.117,3.12,75650,-87071,-11421,44596,-35345,9251,16508,-14338,2170,NaN,NaN,NaN,NaN,151451,75650,-87071,-11421,44596,-35345,9251,16508,-14338,2170
2009-11-23T23:00:00Z,3.13,3.146,3.0925,3.126,73915,-86954,-13039,46078,-34942,11136,16608,-14705,1903,NaN,NaN,NaN,NaN,152001,73915,-86954,-13039,46078,-34942,11136,16608,-14705,1903
2009-11-24T23:00:00Z,3.1265,3.1825,3.122,3.173,73915,-86954,-13039,46078,-34942,11136,16608,-14705,1903,NaN,NaN,NaN,NaN,152001,73915,-86954,-13039,46078,-34942,11136,16608,-14705,1903
2009-11-25T23:00:00Z,3.2075,3.23,3.021,3.1255,73915,-86954,-13039,46078,-34942,11136,16608,-14705,1903,NaN,NaN,NaN,NaN,152001,73915,-86954,-13039,46078,-34942,11136,16608,-14705,1903
2009-11-29T23:00:00Z,3.1295,3.184,3.106,3.177,73915,-86954,-13039,46078,-34942,11136,16608,-14705,1903,NaN,NaN,NaN,NaN,152001,73915,-86954,-13039,46078,-34942,11136,16608,-14705,1903
2009-11-30T23:00:00Z,3.182,3.238,3.155,3.217,73202,-84846,-11644,46459,-35239,11220,12933,-12509,424,NaN,NaN,NaN,NaN,148809,73202,-84846,-11644,46459,-35239,11220,12933,-12509,424
2009-12-01T23:00:00Z,3.217,3.273,3.2075,3.2565,73202,-84846,-11644,46459,-35239,11220,12933,-12509,424,NaN,NaN,NaN,NaN,148809,73202,-84846,-11644,46459,-35239,11220,12933,-12509,424
2009-12-02T23:00:00Z,3.2625,3.2745,3.233,3.2365,73202,-84846,-11644,46459,-35239,11220,12933,-12509,424,NaN,NaN,NaN,NaN,148809,73202,-84846,-11644,46459,-35239,11220,12933,-12509,424
2009-12-03T23:00:00Z,3.2345,3.275,3.191,3.206,73202,-84846,-11644,46459,-35239,11220,12933,-12509,424,NaN,NaN,NaN,NaN,148809,73202,-84846,-11644,46459,-35239,11220,12933,-12509,424
2009-12-06T23:00:00Z,3.2045,3.225,3.156,3.207,73202,-84846,-11644,46459,-35239,11220,12933,-12509,424,NaN,NaN,NaN,NaN,148809,73202,-84846,-11644,46459,-35239,11220,12933,-12509,424
2009-12-07T23:00:00Z,3.201,3.245,3.1405,3.1565,72301,-86499,-14198,48128,-35502,12626,13030,-11458,1572,NaN,NaN,NaN,NaN,147950,72301,-86499,-14198,48128,-35502,12626,13030,-11458,1572
2009-12-08T23:00:00Z,3.158,3.192,3.1065,3.129,72301,-86499,-14198,48128,-35502,12626,13030,-11458,1572,NaN,NaN,NaN,NaN,147950,72301,-86499,-14198,48128,-35502,12626,13030,-11458,1572
2009-12-09T23:00:00Z,3.136,3.1435,3.0815,3.1145,72301,-86499,-14198,48128,-35502,12626,13030,-11458,1572,NaN,NaN,NaN,NaN,147950,72301,-86499,-14198,48128,-35502,12626,13030,-11458,1572
2009-12-10T23:00:00Z,3.119,3.154,3.1055,3.14,72301,-86499,-14198,48128,-35502,12626,13030,-11458,1572,NaN,NaN,NaN,NaN,147950,72301,-86499,-14198,48128,-35502,12626,13030,-11458,1572
2009-12-13T23:00:00Z,3.14,3.164,3.1105,3.1495,72301,-86499,-14198,48128,-35502,12626,13030,-11458,1572,NaN,NaN,NaN,NaN,147950,72301,-86499,-14198,48128,-35502,12626,13030,-11458,1572
2009-12-14T23:00:00Z,3.1485,3.168,3.112,3.145,73960,-85853,-11893,45671,-35194,10477,13804,-12388,1416,NaN,NaN,NaN,NaN,147691,73960,-85853,-11893,45671,-35194,10477,13804,-12388,1416
2009-12-15T23:00:00Z,3.138,3.2195,3.1365,3.1975,73960,-85853,-11893,45671,-35194,10477,13804,-12388,1416,NaN,NaN,NaN,NaN,147691,73960,-85853,-11893,45671,-35194,10477,13804,-12388,1416
2009-12-16T23:00:00Z,3.1945,3.2045,3.1155,3.124,73960,-85853,-11893,45671,-35194,10477,13804,-12388,1416,NaN,NaN,NaN,NaN,147691,73960,-85853,-11893,45671,-35194,10477,13804,-12388,1416
2009-12-17T23:00:00Z,3.123,3.154,3.103,3.1435,73960,-85853,-11893,45671,-35194,10477,13804,-12388,1416,NaN,NaN,NaN,NaN,147691,73960,-85853,-11893,45671,-35194,10477,13804,-12388,1416
2009-12-20T23:00:00Z,3.1435,3.174,3.1365,3.153,73960,-85853,-11893,45671,-35194,10477,13804,-12388,1416,NaN,NaN,NaN,NaN,147691,73960,-85853,-11893,45671,-35194,10477,13804,-12388,1416
2009-12-21T23:00:00Z,3.1455,3.157,3.113,3.132,74509,-84548,-10039,43330,-34755,8575,13108,-11644,1464,NaN,NaN,NaN,NaN,145637,74509,-84548,-10039,43330,-34755,8575,13108,-11644,1464
2009-12-22T23:00:00Z,3.137,3.2115,3.124,3.205,74509,-84548,-10039,43330,-34755,8575,13108,-11644,1464,NaN,NaN,NaN,NaN,145637,74509,-84548,-10039,43330,-34755,8575,13108,-11644,1464
2009-12-23T23:00:00Z,3.2025,3.304,3.192,3.2925,74509,-84548,-10039,43330,-34755,8575,13108,-11644,1464,NaN,NaN,NaN,NaN,145637,74509,-84548,-10039,43330,-34755,8575,13108,-11644,1464
2009-12-27T23:00:00Z,3.294,3.344,3.28,3.3175,74509,-84548,-10039,43330,-34755,8575,13108,-11644,1464,NaN,NaN,NaN,NaN,145637,74509,-84548,-10039,43330,-34755,8575,13108,-11644,1464
2009-12-28T23:00:00Z,3.3175,3.328,3.2925,3.302,75394,-91792,-16398,50473,-35939,14534,13961,-12097,1864,NaN,NaN,NaN,NaN,154559,75394,-91792,-16398,50473,-35939,14534,13961,-12097,1864
2009-12-29T23:00:00Z,3.302,3.362,3.2935,3.343,75394,-91792,-16398,50473,-35939,14534,13961,-12097,1864,NaN,NaN,NaN,NaN,154559,75394,-91792,-16398,50473,-35939,14534,13961,-12097,1864
2009-12-30T23:00:00Z,3.343,3.379,3.336,3.3435,75394,-91792,-16398,50473,-35939,14534,13961,-12097,1864,NaN,NaN,NaN,NaN,154559,75394,-91792,-16398,50473,-35939,14534,13961,-12097,1864
2010-01-03T23:00:00Z,3.35,3.429,3.3465,3.415,75394,-91792,-16398,50473,-35939,14534,13961,-12097,1864,NaN,NaN,NaN,NaN,154559,75394,-91792,-16398,50473,-35939,14534,13961,-12097,1864
2010-01-04T23:00:00Z,3.4135,3.4295,3.382,3.4205,76411,-94843,-18432,51738,-35210,16528,14852,-12948,1904,NaN,NaN,NaN,NaN,158539,76411,-94843,-18432,51738,-35210,16528,14852,-12948,1904
2010-01-05T23:00:00Z,3.419,3.522,3.4125,3.4895,76411,-94843,-18432,51738,-35210,16528,14852,-12948,1904,NaN,NaN,NaN,NaN,158539,76411,-94843,-18432,51738,-35210,16528,14852,-12948,1904
2010-01-06T23:00:00Z,3.4905,3.544,3.4255,3.43,76411,-94843,-18432,51738,-35210,16528,14852,-12948,1904,NaN,NaN,NaN,NaN,158539,76411,-94843,-18432,51738,-35210,16528,14852,-12948,1904
2010-01-07T23:00:00Z,3.434,3.448,3.3915,3.4005,76411,-94843,-18432,51738,-35210,16528,14852,-12948,1904,NaN,NaN,NaN,NaN,158539,76411,-94843,-18432,51738,-35210,16528,14852,-12948,1904
2010-01-10T23:00:00Z,3.43,3.504,3.413,3.441,76411,-94843,-18432,51738,-35210,16528,14852,-12948,1904,NaN,NaN,NaN,NaN,158539,76411,-94843,-18432,51738,-35210,16528,14852,-12948,1904
2010-01-11T23:00:00Z,3.4455,3.4625,3.305,3.319,66816,-93719,-26903,51974,-29433,22541,16936,-12574,4362,NaN,NaN,NaN,NaN,151321,66816,-93719,-26903,51974,-29433,22541,16936,-12574,4362
2010-01-12T23:00:00Z,3.3295,3.4285,3.315,3.4,66816,-93719,-26903,51974,-29433,22541,16936,-12574,4362,NaN,NaN,NaN,NaN,151321,66816,-93719,-26903,51974,-29433,22541,16936,-12574,4362
2010-01-13T23:00:00Z,3.42,3.444,3.383,3.3875,66816,-93719,-26903,51974,-29433,22541,16936,-12574,4362,NaN,NaN,NaN,NaN,151321,66816,-93719,-26903,51974,-29433,22541,16936,-12574,4362
2010-01-14T23:00:00Z,3.4055,3.426,3.348,3.366,66816,-93719,-26903,51974,-29433,22541,16936,-12574,4362,NaN,NaN,NaN,NaN,151321,66816,-93719,-26903,51974,-29433,22541,16936,-12574,4362
2010-01-17T23:00:00Z,3.369,3.46,3.358,3.453,60389,-91363,-30974,50762,-23095,27667,15106,-11799,3307,NaN,NaN,NaN,NaN,143012,60389,-91363,-30974,50762,-23095,27667,15106,-11799,3307
2010-01-19T23:00:00Z,3.4495,3.47,3.3385,3.356,60389,-91363,-30974,50762,-23095,27667,15106,-11799,3307,NaN,NaN,NaN,NaN,143012,60389,-91363,-30974,50762,-23095,27667,15106,-11799,3307
2010-01-20T23:00:00Z,3.358,3.4065,3.2815,3.295,60389,-91363,-30974,50762,-23095,27667,15106,-11799,3307,NaN,NaN,NaN,NaN,143012,60389,-91363,-30974,50762,-23095,27667,15106,-11799,3307
2010-01-21T23:00:00Z,3.2915,3.3735,3.267,3.34,60389,-91363,-30974,50762,-23095,27667,15106,-11799,3307,NaN,NaN,NaN,NaN,143012,60389,-91363,-30974,50762,-23095,27667,15106,-11799,3307
2010-01-24T23:00:00Z,3.326,3.4025,3.324,3.386,60389,-91363,-30974,50762,-23095,27667,15106,-11799,3307,NaN,NaN,NaN,NaN,143012,60389,-91363,-30974,50762,-23095,27667,15106,-11799,3307
2010-01-25T23:00:00Z,3.383,3.3965,3.306,3.34,58061,-87467,-29406,48727,-19957,28770,14869,-14233,636,NaN,NaN,NaN,NaN,140683,58061,-87467,-29406,48727,-19957,28770,14869,-14233,636
2010-01-26T23:00:00Z,3.3395,3.357,3.174,3.191,58061,-87467,-29406,48727,-19957,28770,14869,-14233,636,NaN,NaN,NaN,NaN,140683,58061,-87467,-29406,48727,-19957,28770,14869,-14233,636
2010-01-27T23:00:00Z,3.197,3.2435,3.0915,3.118,58061,-87467,-29406,48727,-19957,28770,14869,-14233,636,NaN,NaN,NaN,NaN,140683,58061,-87467,-29406,48727,-19957,28770,14869,-14233,636
2010-01-28T23:00:00Z,3.1185,3.154,3.0345,3.0525,58061,-87467,-29406,48727,-19957,28770,14869,-14233,636,NaN,NaN,NaN,NaN,140683,58061,-87467,-29406,48727,-19957,28770,14869,-14233,636
2010-01-31T23:00:00Z,3.04,3.1095,2.9905,3.1095,58061,-87467,-29406,48727,-19957,28770,14869,-14233,636,NaN,NaN,NaN,NaN,140683,58061,-87467,-29406,48727,-19957,28770,14869,-14233,636
2010-02-01T23:00:00Z,3.109,3.1245,3.053,3.095,59788,-78511,-18723,40438,-22166,18272,13231,-12780,451,NaN,NaN,NaN,NaN,132113,59788,-78511,-18723,40438,-22166,18272,13231,-12780,451
2010-02-02T23:00:00Z,3.0905,3.144,2.9535,2.9735,59788,-78511,-18723,40438,-22166,18272,13231,-12780,451,NaN,NaN,NaN,NaN,132113,59788,-78511,-18723,40438,-22166,18272,13231,-12780,451
2010-02-03T23:00:00Z,2.9805,3.021,2.856,2.864,59788,-78511,-18723,40438,-22166,18272,13231,-12780,451,NaN,NaN,NaN,NaN,132113,59788,-78511,-18723,40438,-22166,18272,13231,-12780,451
2010-02-04T23:00:00Z,2.865,2.9035,2.811,2.892,59788,-78511,-18723,40438,-22166,18272,13231,-12780,451,NaN,NaN,NaN,NaN,132113,59788,-78511,-18723,40438,-22166,18272,13231,-12780,451
2010-02-07T23:00:00Z,2.87,2.9315,2.8605,2.885,59788,-78511,-18723,40438,-22166,18272,13231,-12780,451,NaN,NaN,NaN,NaN,132113,59788,-78511,-18723,40438,-22166,18272,13231,-12780,451
2010-02-08T23:00:00Z,2.881,3.004,2.8765,2.999,61623,-73751,-12128,35897,-22247,13650,12874,-14396,-1522,NaN,NaN,NaN,NaN,124076,61623,-73751,-12128,35897,-22247,13650,12874,-14396,-1522
2010-02-09T23:00:00Z,2.9975,3.015,2.9305,2.989,61623,-73751,-12128,35897,-22247,13650,12874,-14396,-1522,NaN,NaN,NaN,NaN,124076,61623,-73751,-12128,35897,-22247,13650,12874,-14396,-1522
2010-02-10T23:00:00Z,2.988,3.149,2.98,3.13,61623,-73751,-12128,35897,-22247,13650,12874,-14396,-1522,NaN,NaN,NaN,NaN,124076,61623,-73751,-12128,35897,-22247,13650,12874,-14396,-1522
2010-02-11T23:00:00Z,3.1325,3.14,3.034,3.0825,61623,-73751,-12128,35897,-22247,13650,12874,-14396,-1522,NaN,NaN,NaN,NaN,124076,61623,-73751,-12128,35897,-22247,13650,12874,-14396,-1522
2010-02-14T23:00:00Z,3.087,3.226,3.0635,3.2185,59887,-70916,-11029,37722,-23642,14080,13144,-16195,-3051,NaN,NaN,NaN,NaN,126363,59887,-70916,-11029,37722,-23642,14080,13144,-16195,-3051
2010-02-16T23:00:00Z,3.194,3.268,3.194,3.2395,59887,-70916,-11029,37722,-23642,14080,13144,-16195,-3051,NaN,NaN,NaN,NaN,126363,59887,-70916,-11029,37722,-23642,14080,13144,-16195,-3051
2010-02-17T23:00:00Z,3.235,3.3285,3.18,3.2855,59887,-70916,-11029,37722,-23642,14080,13144,-16195,-3051,NaN,NaN,NaN,NaN,126363,59887,-70916,-11029,37722,-23642,14080,13144,-16195,-3051
2010-02-18T23:00:00Z,3.2815,3.3635,3.212,3.343,59887,-70916,-11029,37722,-23642,14080,13144,-16195,-3051,NaN,NaN,NaN,NaN,126363,59887,-70916,-11029,37722,-23642,14080,13144,-16195,-3051
2010-02-21T23:00:00Z,3.3475,3.365,3.286,3.303,59887,-70916,-11029,37722,-23642,14080,13144,-16195,-3051,NaN,NaN,NaN,NaN,126363,59887,-70916,-11029,37722,-23642,14080,13144,-16195,-3051
2010-02-22T23:00:00Z,3.294,3.3435,3.192,3.2185,58116,-72507,-14391,38991,-23027,15964,13864,-15437,-1573,NaN,NaN,NaN,NaN,126394,58116,-72507,-14391,38991,-23027,15964,13864,-15437,-1573
2010-02-23T23:00:00Z,3.22,3.2515,3.171,3.239,58116,-72507,-14391,38991,-23027,15964,13864,-15437,-1573,NaN,NaN,NaN,NaN,126394,58116,-72507,-14391,38991,-23027,15964,13864,-15437,-1573
2010-02-24T23:00:00Z,3.2375,3.2875,3.166,3.21,58116,-72507,-14391,38991,-23027,15964,13864,-15437,-1573,NaN,NaN,NaN,NaN,126394,58116,-72507,-14391,38991,-23027,15964,13864,-15437,-1573
2010-02-25T23:00:00Z,3.23,3.295,3.203,3.29,58116,-72507,-14391,38991,-23027,15964,13864,-15437,-1573,NaN,NaN,NaN,NaN,126394,58116,-72507,-14391,38991,-23027,15964,13864,-15437,-1573
2010-02-28T23:00:00Z,3.383,3.487,3.322,3.35,58116,-72507,-14391,38991,-23027,15964,13864,-15437,-1573,NaN,NaN,NaN,NaN,126394,58116,-72507,-14391,38991,-23027,15964,13864,-15437,-1573
2010-03-01T23:00:00Z,3.3455,3.415,3.29,3.406,60663,-73576,-12913,38872,-23005,15867,11972,-14926,-2954,NaN,NaN,NaN,NaN,125878,60663,-73576,-12913,38872,-23005,15867,11972,-14926,-2954
2010-03-02T23:00:00Z,3.4055,3.472,3.351,3.435,60663,-73576,-12913,38872,-23005,15867,11972,-14926,-2954,NaN,NaN,NaN,NaN,125878,60663,-73576,-12913,38872,-23005,15867,11972,-14926,-2954
2010-03-03T23:00:00Z,3.422,3.435,3.3485,3.3755,60663,-73576,-12913,38872,-23005,15867,11972,-14926,-2954,NaN,NaN,NaN,NaN,125878,60663,-73576,-12913,38872,-23005,15867,11972,-14926,-2954
2010-03-04T23:00:00Z,3.3755,3.4585,3.3655,3.4195,60663,-73576,-12913,38872,-23005,15867,11972,-14926,-2954,NaN,NaN,NaN,NaN,125878,60663,-73576,-12913,38872,-23005,15867,11972,-14926,-2954
2010-03-07T23:00:00Z,3.418,3.465,3.3855,3.4105,60663,-73576,-12913,38872,-23005,15867,11972,-14926,-2954,NaN,NaN,NaN,NaN,125878,60663,-73576,-12913,38872,-23005,15867,11972,-14926,-2954
2010-03-08T23:00:00Z,3.425,3.425,3.355,3.4,60020,-76984,-16964,41913,-23635,18278,10595,-11909,-1314,NaN,NaN,NaN,NaN,127613,60020,-76984,-16964,41913,-23635,18278,10595,-11909,-1314
2010-03-09T23:00:00Z,3.399,3.446,3.3505,3.368,60020,-76984,-16964,41913,-23635,18278,10595,-11909,-1314,NaN,NaN,NaN,NaN,127613,60020,-76984,-16964,41913,-23635,18278,10595,-11909,-1314
2010-03-10T23:00:00Z,3.38,3.3995,3.3385,3.377,60020,-76984,-16964,41913,-23635,18278,10595,-11909,-1314,NaN,NaN,NaN,NaN,127613,60020,-76984,-16964,41913,-23635,18278,10595,-11909,-1314
2010-03-11T23:00:00Z,3.39,3.4065,3.3585,3.391,60020,-76984,-16964,41913,-23635,18278,10595,-11909,-1314,NaN,NaN,NaN,NaN,127613,60020,-76984,-16964,41913,-23635,18278,10595,-11909,-1314
2010-03-14T22:00:00Z,3.383,3.3915,3.29,3.315,60020,-76984,-16964,41913,-23635,18278,10595,-11909,-1314,NaN,NaN,NaN,NaN,127613,60020,-76984,-16964,41913,-23635,18278,10595,-11909,-1314
2010-03-15T22:00:00Z,3.322,3.384,3.31,3.365,59740,-76903,-17163,42288,-23284,19004,12371,-14212,-1841,NaN,NaN,NaN,NaN,130126,59740,-76903,-17163,42288,-23284,19004,12371,-14212,-1841
2010-03-16T22:00:00Z,3.374,3.436,3.3715,3.418,59740,-76903,-17163,42288,-23284,19004,12371,-14212,-1841,NaN,NaN,NaN,NaN,130126,59740,-76903,-17163,42288,-23284,19004,12371,-14212,-1841
2010-03-17T22:00:00Z,3.4245,3.428,3.3755,3.3955,59740,-76903,-17163,42288,-23284,19004,12371,-14212,-1841,NaN,NaN,NaN,NaN,130126,59740,-76903,-17163,42288,-23284,19004,12371,-14212,-1841
2010-03-18T22:00:00Z,3.3945,3.424,3.3565,3.3725,59740,-76903,-17163,42288,-23284,19004,12371,-14212,-1841,NaN,NaN,NaN,NaN,130126,59740,-76903,-17163,42288,-23284,19004,12371,-14212,-1841
2010-03-21T22:00:00Z,3.377,3.39,3.3105,3.3855,59740,-76903,-17163,42288,-23284,19004,12371,-14212,-1841,NaN,NaN,NaN,NaN,130126,59740,-76903,-17163,42288,-23284,19004,12371,-14212,-1841
2010-03-22T22:00:00Z,3.3855,3.4095,3.358,3.374,60683,-76396,-15713,42636,-24585,18051,11805,-14143,-2338,NaN,NaN,NaN,NaN,132494,60683,-76396,-15713,42636,-24585,18051,11805,-14143,-2338
2010-03-23T22:00:00Z,3.375,3.3875,3.321,3.327,60683,-76396,-15713,42636,-24585,18051,11805,-14143,-2338,NaN,NaN,NaN,NaN,132494,60683,-76396,-15713,42636,-24585,18051,11805,-14143,-2338
2010-03-24T22:00:00Z,3.33,3.387,3.3205,3.3525,60683,-76396,-15713,42636,-24585,18051,11805,-14143,-2338,NaN,NaN,NaN,NaN,132494,60683,-76396,-15713,42636,-24585,18051,11805,-14143,-2338
2010-03-25T22:00:00Z,3.3535,3.434,3.3375,3.4195,60683,-76396,-15713,42636,-24585,18051,11805,-14143,-2338,NaN,NaN,NaN,NaN,132494,60683,-76396,-15713,42636,-24585,18051,11805,-14143,-2338
2010-03-28T22:00:00Z,3.4115,3.549,3.4115,3.5455,60683,-76396,-15713,42636,-24585,18051,11805,-14143,-2338,NaN,NaN,NaN,NaN,132494,60683,-76396,-15713,42636,-24585,18051,11805,-14143,-2338
2010-03-29T22:00:00Z,3.544,3.5775,3.5005,3.5545,63203,-84127,-20924,47203,-25546,21657,12751,-13484,-733,NaN,NaN,NaN,NaN,141517,63203,-84127,-20924,47203,-25546,21657,12751,-13484,-733
2010-03-30T22:00:00Z,3.549,3.5735,3.5215,3.55,63203,-84127,-20924,47203,-25546,21657,12751,-13484,-733,NaN,NaN,NaN,NaN,141517,63203,-84127,-20924,47203,-25546,21657,12751,-13484,-733
2010-03-31T22:00:00Z,3.552,3.606,3.536,3.58,63203,-84127,-20924,47203,-25546,21657,12751,-13484,-733,NaN,NaN,NaN,NaN,141517,63203,-84127,-20924,47203,-25546,21657,12751,-13484,-733
2010-04-04T22:00:00Z,3.5835,3.636,3.5755,3.636,63203,-84127,-20924,47203,-25546,21657,12751,-13484,-733,NaN,NaN,NaN,NaN,141517,63203,-84127,-20924,47203,-25546,21657,12751,-13484,-733
2010-04-05T22:00:00Z,3.636,3.6385,3.6005,3.6195,65746,-90314,-24568,50530,-27584,22946,14503,-12881,1622,NaN,NaN,NaN,NaN,151388,65746,-90314,-24568,50530,-27584,22946,14503,-12881,1622
2010-04-06T22:00:00Z,3.62,3.635,3.563,3.58,65746,-90314,-24568,50530,-27584,22946,14503,-12881,1622,NaN,NaN,NaN,NaN,151388,65746,-90314,-24568,50530,-27584,22946,14503,-12881,1622
2010-04-07T22:00:00Z,3.585,3.59,3.535,3.583,65746,-90314,-24568,50530,-27584,22946,14503,-12881,1622,NaN,NaN,NaN,NaN,151388,65746,-90314,-24568,50530,-27584,22946,14503,-12881,1622
2010-04-08T22:00:00Z,3.585,3.6235,3.573,3.589,65746,-90314,-24568,50530,-27584,22946,14503,-12881,1622,NaN,NaN,NaN,NaN,151388,65746,-90314,-24568,50530,-27584,22946,14503,-12881,1622
2010-04-11T22:00:00Z,3.599,3.68,3.547,3.5645,65746,-90314,-24568,50530,-27584,22946,14503,-12881,1622,NaN,NaN,NaN,NaN,151388,65746,-90314,-24568,50530,-27584,22946,14503,-12881,1622
2010-04-12T22:00:00Z,3.56,3.603,3.544,3.6005,64259,-88040,-23781,53458,-29990,23468,12097,-11784,313,NaN,NaN,NaN,NaN,150306,64259,-88040,-23781,53458,-29990,23468,12097,-11784,313
2010-04-13T22:00:00Z,3.594,3.62,3.5875,3.6105,64259,-88040,-23781,53458,-29990,23468,12097,-11784,313,NaN,NaN,NaN,NaN,150306,64259,-88040,-23781,53458,-29990,23468,12097,-11784,313
2010-04-14T22:00:00Z,3.616,3.6255,3.564,3.5975,64259,-88040,-23781,53458,-29990,23468,12097,-11784,313,NaN,NaN,NaN,NaN,150306,64259,-88040,-23781,53458,-29990,23468,12097,-11784,313
2010-04-15T22:00:00Z,3.5925,3.61,3.4915,3.523,64259,-88040,-23781,53458,-29990,23468,12097,-11784,313,NaN,NaN,NaN,NaN,150306,64259,-88040,-23781,53458,-29990,23468,12097,-11784,313
2010-04-18T22:00:00Z,3.518,3.5285,3.452,3.5225,64259,-88040,-23781,53458,-29990,23468,12097,-11784,313,NaN,NaN,NaN,NaN,150306,64259,-88040,-23781,53458,-29990,23468,12097,-11784,313
2010-04-19T22:00:00Z,3.5245,3.5525,3.4925,3.5165,66810,-88011,-21201,50461,-29547,20914,14418,-14131,287,NaN,NaN,NaN,NaN,153954,66810,-88011,-21201,50461,-29547,20914,14418,-14131,287
2010-04-20T22:00:00Z,3.518,3.539,3.47,3.535,66810,-88011,-21201,50461,-29547,20914,14418,-14131,287,NaN,NaN,NaN,NaN,153954,66810,-88011,-21201,50461,-29547,20914,14418,-14131,287
2010-04-21T22:00:00Z,3.52,3.532,3.4615,3.503,66810,-88011,-21201,50461,-29547,20914,14418,-14131,287,NaN,NaN,NaN,NaN,153954,66810,-88011,-21201,50461,-29547,20914,14418,-14131,287
2010-04-22T22:00:00Z,3.5035,3.528,3.46,3.522,66810,-88011,-21201,50461,-29547,20914,14418,-14131,287,NaN,NaN,NaN,NaN,153954,66810,-88011,-21201,50461,-29547,20914,14418,-14131,287
2010-04-25T22:00:00Z,3.519,3.562,3.515,3.528,66810,-88011,-21201,50461,-29547,20914,14418,-14131,287,NaN,NaN,NaN,NaN,153954,66810,-88011,-21201,50461,-29547,20914,14418,-14131,287
2010-04-26T22:00:00Z,3.529,3.5305,3.3485,3.3625,65474,-85645,-20171,47952,-28142,19810,14137,-13776,361,NaN,NaN,NaN,NaN,151824,65474,-85645,-20171,47952,-28142,19810,14137,-13776,361
2010-04-27T22:00:00Z,3.36,3.3875,3.324,3.385,65474,-85645,-20171,47952,-28142,19810,14137,-13776,361,NaN,NaN,NaN,NaN,151824,65474,-85645,-20171,47952,-28142,19810,14137,-13776,361
2010-04-28T22:00:00Z,3.402,3.413,3.334,3.3505,65474,-85645,-20171,47952,-28142,19810,14137,-13776,361,NaN,NaN,NaN,NaN,151824,65474,-85645,-20171,47952,-28142,19810,14137,-13776,361
2010-04-29T22:00:00Z,3.3585,3.3935,3.3355,3.365,65474,-85645,-20171,47952,-28142,19810,14137,-13776,361,NaN,NaN,NaN,NaN,151824,65474,-85645,-20171,47952,-28142,19810,14137,-13776,361
2010-05-02T22:00:00Z,3.356,3.3635,3.2735,3.296,65474,-85645,-20171,47952,-28142,19810,14137,-13776,361,NaN,NaN,NaN,NaN,151824,65474,-85645,-20171,47952,-28142,19810,14137,-13776,361
2010-05-03T22:00:00Z,3.295,3.328,3.166,3.1785,62278,-75616,-13338,42642,-29152,13490,14184,-14336,-152,NaN,NaN,NaN,NaN,142318,62278,-75616,-13338,42642,-29152,13490,14184,-14336,-152
2010-05-04T22:00:00Z,3.1705,3.2055,3.0055,3.153,62278,-75616,-13338,42642,-29152,13490,14184,-14336,-152,NaN,NaN,NaN,NaN,142318,62278,-75616,-13338,42642,-29152,13490,14184,-14336,-152
2010-05-05T22:00:00Z,3.1515,3.209,3.05,3.117,62278,-75616,-13338,42642,-29152,13490,14184,-14336,-152,NaN,NaN,NaN,NaN,142318,62278,-75616,-13338,42642,-29152,13490,14184,-14336,-152
2010-05-06T22:00:00Z,3.0775,3.179,3.062,3.1445,62278,-75616,-13338,42642,-29152,13490,14184,-14336,-152,NaN,NaN,NaN,NaN,142318,62278,-75616,-13338,42642,-29152,13490,14184,-14336,-152
2010-05-09T22:00:00Z,3.1905,3.2675,3.1665,3.228,62278,-75616,-13338,42642,-29152,13490,14184,-14336,-152,NaN,NaN,NaN,NaN,142318,62278,-75616,-13338,42642,-29152,13490,14184,-14336,-152
2010-05-10T22:00:00Z,3.227,3.2375,3.1285,3.1675,62451,-70969,-8518,36092,-25494,10598,12443,-14523,-2080,NaN,NaN,NaN,NaN,130991,62451,-70969,-8518,36092,-25494,10598,12443,-14523,-2080
2010-05-11T22:00:00Z,3.1725,3.244,3.135,3.1785,62451,-70969,-8518,36092,-25494,10598,12443,-14523,-2080,NaN,NaN,NaN,NaN,130991,62451,-70969,-8518,36092,-25494,10598,12443,-14523,-2080
2010-05-12T22:00:00Z,3.176,3.259,3.1755,3.225,62451,-70969,-8518,36092,-25494,10598,12443,-14523,-2080,NaN,NaN,NaN,NaN,130991,62451,-70969,-8518,36092,-25494,10598,12443,-14523,-2080
2010-05-13T22:00:00Z,3.22,3.228,3.117,3.126,62451,-70969,-8518,36092,-25494,10598,12443,-14523,-2080,NaN,NaN,NaN,NaN,130991,62451,-70969,-8518,36092,-25494,10598,12443,-14523,-2080
2010-05-16T22:00:00Z,3.114,3.123,2.914,2.9645,62451,-70969,-8518,36092,-25494,10598,12443,-14523,-2080,NaN,NaN,NaN,NaN,130991,62451,-70969,-8518,36092,-25494,10598,12443,-14523,-2080
2010-05-17T22:00:00Z,2.966,3.069,2.941,2.9975,62602,-66681,-4079,35258,-28033,7225,11036,-14182,-3146,NaN,NaN,NaN,NaN,128554,62602,-66681,-4079,35258,-28033,7225,11036,-14182,-3146
2010-05-18T22:00:00Z,2.9965,3.0135,2.9265,2.992,62602,-66681,-4079,35258,-28033,7225,11036,-14182,-3146,NaN,NaN,NaN,NaN,128554,62602,-66681,-4079,35258,-28033,7225,11036,-14182,-3146
2010-05-19T22:00:00Z,2.993,3.0455,2.9005,2.9445,62602,-66681,-4079,35258,-28033,7225,11036,-14182,-3146,NaN,NaN,NaN,NaN,128554,62602,-66681,-4079,35258,-28033,7225,11036,-14182,-3146
2010-05-20T22:00:00Z,2.946,3.1145,2.9415,3.095,62602,-66681,-4079,35258,-28033,7225,11036,-14182,-3146,NaN,NaN,NaN,NaN,128554,62602,-66681,-4079,35258,-28033,7225,11036,-14182,-3146
2010-05-23T22:00:00Z,3.0905,3.151,3.0585,3.12,62602,-66681,-4079,35258,-28033,7225,11036,-14182,-3146,NaN,NaN,NaN,NaN,128554,62602,-66681,-4079,35258,-28033,7225,11036,-14182,-3146
2010-05-24T22:00:00Z,3.119,3.1195,3.0075,3.089,65569,-66089,-520,32592,-28609,3983,11562,-15025,-3463,NaN,NaN,NaN,NaN,128730,65569,-66089,-520,32592,-28609,3983,11562,-15025,-3463
2010-05-25T22:00:00Z,3.0885,3.1185,3.0525,3.0595,65569,-66089,-520,32592,-28609,3983,11562,-15025,-3463,NaN,NaN,NaN,NaN,128730,65569,-66089,-520,32592,-28609,3983,11562,-15025,-3463
2010-05-26T22:00:00Z,3.0515,3.181,3.045,3.1585,65569,-66089,-520,32592,-28609,3983,11562,-15025,-3463,NaN,NaN,NaN,NaN,128730,65569,-66089,-520,32592,-28609,3983,11562,-15025,-3463
2010-05-27T22:00:00Z,3.1675,3.187,3.089,3.1045,65569,-66089,-520,32592,-28609,3983,11562,-15025,-3463,NaN,NaN,NaN,NaN,128730,65569,-66089,-520,32592,-28609,3983,11562,-15025,-3463
2010-05-30T22:00:00Z,3.112,3.142,3.0185,3.04,66056,-68590,-2534,32767,-27456,5311,10263,-13040,-2777,NaN,NaN,NaN,NaN,127018,66056,-68590,-2534,32767,-27456,5311,10263,-13040,-2777
2010-06-01T22:00:00Z,3.04,3.065,2.9705,3.0645,66056,-68590,-2534,32767,-27456,5311,10263,-13040,-2777,NaN,NaN,NaN,NaN,127018,66056,-68590,-2534,32767,-27456,5311,10263,-13040,-2777
2010-06-02T22:00:00Z,3.062,3.0845,2.9255,2.9465,66056,-68590,-2534,32767,-27456,5311,10263,-13040,-2777,NaN,NaN,NaN,NaN,127018,66056,-68590,-2534,32767,-27456,5311,10263,-13040,-2777
2010-06-03T22:00:00Z,2.9505,2.992,2.79,2.801,66056,-68590,-2534,32767,-27456,5311,10263,-13040,-2777,NaN,NaN,NaN,NaN,127018,66056,-68590,-2534,32767,-27456,5311,10263,-13040,-2777
2010-06-06T22:00:00Z,2.805,2.8095,2.72,2.766,66056,-68590,-2534,32767,-27456,5311,10263,-13040,-2777,NaN,NaN,NaN,NaN,127018,66056,-68590,-2534,32767,-27456,5311,10263,-13040,-2777
2010-06-07T22:00:00Z,2.7545,2.809,2.73,2.7795,64794,-65497,-703,34347,-33065,1282,14138,-14717,-579,NaN,NaN,NaN,NaN,131799,64794,-65497,-703,34347,-33065,1282,14138,-14717,-579
2010-06-08T22:00:00Z,2.8,2.879,2.7555,2.85,64794,-65497,-703,34347,-33065,1282,14138,-14717,-579,NaN,NaN,NaN,NaN,131799,64794,-65497,-703,34347,-33065,1282,14138,-14717,-579
2010-06-09T22:00:00Z,2.82,2.905,2.8015,2.8625,64794,-65497,-703,34347,-33065,1282,14138,-14717,-579,NaN,NaN,NaN,NaN,131799,64794,-65497,-703,34347,-33065,1282,14138,-14717,-579
2010-06-10T22:00:00Z,2.893,2.945,2.868,2.904,64794,-65497,-703,34347,-33065,1282,14138,-14717,-579,NaN,NaN,NaN,NaN,131799,64794,-65497,-703,34347,-33065,1282,14138,-14717,-579
2010-06-13T22:00:00Z,2.9275,3.023,2.9225,2.992,64794,-65497,-703,34347,-33065,1282,14138,-14717,-579,NaN,NaN,NaN,NaN,131799,64794,-65497,-703,34347,-33065,1282,14138,-14717,-579
2010-06-14T22:00:00Z,2.97,3.03,2.9495,3.0045,72502,-71463,1039,33306,-31870,1436,11413,-13888,-2475,NaN,NaN,NaN,NaN,137265,72502,-71463,1039,33306,-31870,1436,11413,-13888,-2475
2010-06-15T22:00:00Z,3.029,3.049,2.954,2.9955,72502,-71463,1039,33306,-31870,1436,11413,-13888,-2475,NaN,NaN,NaN,NaN,137265,72502,-71463,1039,33306,-31870,1436,11413,-13888,-2475
2010-06-16T22:00:00Z,2.9885,2.9945,2.8895,2.9055,72502,-71463,1039,33306,-31870,1436,11413,-13888,-2475,NaN,NaN,NaN,NaN,137265,72502,-71463,1039,33306,-31870,1436,11413,-13888,-2475
2010-06-17T22:00:00Z,2.9265,2.929,2.8445,2.9,72502,-71463,1039,33306,-31870,1436,11413,-13888,-2475,NaN,NaN,NaN,NaN,137265,72502,-71463,1039,33306,-31870,1436,11413,-13888,-2475
2010-06-20T22:00:00Z,2.92,3.033,2.9155,2.942,72502,-71463,1039,33306,-31870,1436,11413,-13888,-2475,NaN,NaN,NaN,NaN,137265,72502,-71463,1039,33306,-31870,1436,11413,-13888,-2475
2010-06-21T22:00:00Z,2.9335,2.997,2.9115,2.992,71285,-70137,1148,33374,-31901,1473,13513,-16134,-2621,NaN,NaN,NaN,NaN,139932,71285,-70137,1148,33374,-31901,1473,13513,-16134,-2621
2010-06-22T22:00:00Z,2.961,2.994,2.915,2.9355,71285,-70137,1148,33374,-31901,1473,13513,-16134,-2621,NaN,NaN,NaN,NaN,139932,71285,-70137,1148,33374,-31901,1473,13513,-16134,-2621
2010-06-23T22:00:00Z,2.9465,3.013,2.94,3.0055,71285,-70137,1148,33374,-31901,1473,13513,-16134,-2621,NaN,NaN,NaN,NaN,139932,71285,-70137,1148,33374,-31901,1473,13513,-16134,-2621
2010-06-24T22:00:00Z,3.003,3.1035,2.968,3.0875,71285,-70137,1148,33374,-31901,1473,13513,-16134,-2621,NaN,NaN,NaN,NaN,139932,71285,-70137,1148,33374,-31901,1473,13513,-16134,-2621
2010-06-27T22:00:00Z,3.0755,3.106,3.0525,3.076,71285,-70137,1148,33374,-31901,1473,13513,-16134,-2621,NaN,NaN,NaN,NaN,139932,71285,-70137,1148,33374,-31901,1473,13513,-16134,-2621
2010-06-28T22:00:00Z,3.0915,3.098,2.9235,2.9305,68668,-68514,154,31968,-29106,2862,10352,-13368,-3016,NaN,NaN,NaN,NaN,130392,68668,-68514,154,31968,-29106,2862,10352,-13368,-3016
2010-06-29T22:00:00Z,2.934,2.9745,2.8705,2.9505,68668,-68514,154,31968,-29106,2862,10352,-13368,-3016,NaN,NaN,NaN,NaN,130392,68668,-68514,154,31968,-29106,2862,10352,-13368,-3016
2010-06-30T22:00:00Z,2.91,2.936,2.8555,2.877,68668,-68514,154,31968,-29106,2862,10352,-13368,-3016,NaN,NaN,NaN,NaN,130392,68668,-68514,154,31968,-29106,2862,10352,-13368,-3016
2010-07-01T22:00:00Z,2.8955,2.958,2.8945,2.916,68668,-68514,154,31968,-29106,2862,10352,-13368,-3016,NaN,NaN,NaN,NaN,130392,68668,-68514,154,31968,-29106,2862,10352,-13368,-3016
2010-07-04T22:00:00Z,2.9285,3.02,2.905,2.9635,67615,-65822,1793,31620,-29435,2185,9879,-13857,-3978,NaN,NaN,NaN,NaN,127883,67615,-65822,1793,31620,-29435,2185,9879,-13857,-3978
2010-07-06T22:00:00Z,2.9645,3.047,2.9435,3.015,67615,-65822,1793,31620,-29435,2185,9879,-13857,-3978,NaN,NaN,NaN,NaN,127883,67615,-65822,1793,31620,-29435,2185,9879,-13857,-3978
2010-07-07T22:00:00Z,3.038,3.0545,2.991,3.032,67615,-65822,1793,31620,-29435,2185,9879,-13857,-3978,NaN,NaN,NaN,NaN,127883,67615,-65822,1793,31620,-29435,2185,9879,-13857,-3978
2010-07-08T22:00:00Z,3.0295,3.0705,3.016,3.069,67615,-65822,1793,31620,-29435,2185,9879,-13857,-3978,NaN,NaN,NaN,NaN,127883,67615,-65822,1793,31620,-29435,2185,9879,-13857,-3978
2010-07-11T22:00:00Z,3.0565,3.0645,2.985,3.009,67615,-65822,1793,31620,-29435,2185,9879,-13857,-3978,NaN,NaN,NaN,NaN,127883,67615,-65822,1793,31620,-29435,2185,9879,-13857,-3978
2010-07-12T22:00:00Z,3.025,3.043,2.972,3.0175,68137,-68641,-504,31820,-27462,4358,10735,-14589,-3854,NaN,NaN,NaN,NaN,129938,68137,-68641,-504,31820,-27462,4358,10735,-14589,-3854
2010-07-13T22:00:00Z,3.039,3.056,2.9855,3.0085,68137,-68641,-504,31820,-27462,4358,10735,-14589,-3854,NaN,NaN,NaN,NaN,129938,68137,-68641,-504,31820,-27462,4358,10735,-14589,-3854
2010-07-14T22:00:00Z,3,3.045,2.987,3.012,68137,-68641,-504,31820,-27462,4358,10735,-14589,-3854,NaN,NaN,NaN,NaN,129938,68137,-68641,-504,31820,-27462,4358,10735,-14589,-3854
2010-07-15T22:00:00Z,3.02,3.03,2.9285,2.9375,68137,-68641,-504,31820,-27462,4358,10735,-14589,-3854,NaN,NaN,NaN,NaN,129938,68137,-68641,-504,31820,-27462,4358,10735,-14589,-3854
2010-07-18T22:00:00Z,2.933,2.9625,2.925,2.9345,68137,-68641,-504,31820,-27462,4358,10735,-14589,-3854,NaN,NaN,NaN,NaN,129938,68137,-68641,-504,31820,-27462,4358,10735,-14589,-3854
2010-07-19T22:00:00Z,2.9315,3.03,2.9315,3.0235,68037,-67295,742,32592,-28677,3915,11455,-16112,-4657,NaN,NaN,NaN,NaN,132711,68037,-67295,742,32592,-28677,3915,11455,-16112,-4657
2010-07-20T22:00:00Z,3.0235,3.1065,2.998,3.093,68037,-67295,742,32592,-28677,3915,11455,-16112,-4657,NaN,NaN,NaN,NaN,132711,68037,-67295,742,32592,-28677,3915,11455,-16112,-4657
2010-07-21T22:00:00Z,3.069,3.193,3.0475,3.1645,68037,-67295,742,32592,-28677,3915,11455,-16112,-4657,NaN,NaN,NaN,NaN,132711,68037,-67295,742,32592,-28677,3915,11455,-16112,-4657
2010-07-22T22:00:00Z,3.162,3.226,3.144,3.185,68037,-67295,742,32592,-28677,3915,11455,-16112,-4657,NaN,NaN,NaN,NaN,132711,68037,-67295,742,32592,-28677,3915,11455,-16112,-4657
2010-07-25T22:00:00Z,3.1975,3.238,3.166,3.223,68037,-67295,742,32592,-28677,3915,11455,-16112,-4657,NaN,NaN,NaN,NaN,132711,68037,-67295,742,32592,-28677,3915,11455,-16112,-4657
2010-07-26T22:00:00Z,3.2275,3.2365,3.176,3.2065,69696,-74878,-5182,35846,-24596,11250,10880,-16948,-6068,NaN,NaN,NaN,NaN,136009,69696,-74878,-5182,35846,-24596,11250,10880,-16948,-6068
2010-07-27T22:00:00Z,3.198,3.265,3.186,3.2455,69696,-74878,-5182,35846,-24596,11250,10880,-16948,-6068,NaN,NaN,NaN,NaN,136009,69696,-74878,-5182,35846,-24596,11250,10880,-16948,-6068
2010-07-28T22:00:00Z,3.2375,3.297,3.2265,3.29,69696,-74878,-5182,35846,-24596,11250,10880,-16948,-6068,NaN,NaN,NaN,NaN,136009,69696,-74878,-5182,35846,-24596,11250,10880,-16948,-6068
2010-07-29T22:00:00Z,3.2785,3.3165,3.247,3.31,69696,-74878,-5182,35846,-24596,11250,10880,-16948,-6068,NaN,NaN,NaN,NaN,136009,69696,-74878,-5182,35846,-24596,11250,10880,-16948,-6068
2010-08-01T22:00:00Z,3.3115,3.3965,3.3015,3.3895,69696,-74878,-5182,35846,-24596,11250,10880,-16948,-6068,NaN,NaN,NaN,NaN,136009,69696,-74878,-5182,35846,-24596,11250,10880,-16948,-6068
2010-08-02T22:00:00Z,3.39,3.3925,3.3275,3.3545,68866,-77771,-8905,37984,-25024,12960,12769,-16824,-4055,NaN,NaN,NaN,NaN,141838,68866,-77771,-8905,37984,-25024,12960,12769,-16824,-4055
2010-08-03T22:00:00Z,3.3525,3.4105,3.333,3.4045,68866,-77771,-8905,37984,-25024,12960,12769,-16824,-4055,NaN,NaN,NaN,NaN,141838,68866,-77771,-8905,37984,-25024,12960,12769,-16824,-4055
2010-08-04T22:00:00Z,3.4,3.4085,3.3225,3.3535,68866,-77771,-8905,37984,-25024,12960,12769,-16824,-4055,NaN,NaN,NaN,NaN,141838,68866,-77771,-8905,37984,-25024,12960,12769,-16824,-4055
2010-08-05T22:00:00Z,3.342,3.38,3.325,3.361,68866,-77771,-8905,37984,-25024,12960,12769,-16824,-4055,NaN,NaN,NaN,NaN,141838,68866,-77771,-8905,37984,-25024,12960,12769,-16824,-4055
2010-08-08T22:00:00Z,3.36,3.394,3.336,3.354,68866,-77771,-8905,37984,-25024,12960,12769,-16824,-4055,NaN,NaN,NaN,NaN,141838,68866,-77771,-8905,37984,-25024,12960,12769,-16824,-4055
2010-08-09T22:00:00Z,3.36,3.366,3.2715,3.3255,67695,-81972,-14277,40232,-23586,16646,13465,-15834,-2369,NaN,NaN,NaN,NaN,139666,67695,-81972,-14277,40232,-23586,16646,13465,-15834,-2369
2010-08-10T22:00:00Z,3.317,3.3335,3.2385,3.2405,67695,-81972,-14277,40232,-23586,16646,13465,-15834,-2369,NaN,NaN,NaN,NaN,139666,67695,-81972,-14277,40232,-23586,16646,13465,-15834,-2369
2010-08-11T22:00:00Z,3.231,3.296,3.231,3.284,67695,-81972,-14277,40232,-23586,16646,13465,-15834,-2369,NaN,NaN,NaN,NaN,139666,67695,-81972,-14277,40232,-23586,16646,13465,-15834,-2369
2010-08-12T22:00:00Z,3.286,3.312,3.236,3.252,67695,-81972,-14277,40232,-23586,16646,13465,-15834,-2369,NaN,NaN,NaN,NaN,139666,67695,-81972,-14277,40232,-23586,16646,13465,-15834,-2369
2010-08-15T22:00:00Z,3.2535,3.3025,3.2475,3.2795,67695,-81972,-14277,40232,-23586,16646,13465,-15834,-2369,NaN,NaN,NaN,NaN,139666,67695,-81972,-14277,40232,-23586,16646,13465,-15834,-2369
2010-08-16T22:00:00Z,3.2805,3.352,3.274,3.3385,67102,-79168,-12066,41110,-26631,14479,13114,-15527,-2413,NaN,NaN,NaN,NaN,140934,67102,-79168,-12066,41110,-26631,14479,13114,-15527,-2413
2010-08-17T22:00:00Z,3.332,3.355,3.305,3.3495,67102,-79168,-12066,41110,-26631,14479,13114,-15527,-2413,NaN,NaN,NaN,NaN,140934,67102,-79168,-12066,41110,-26631,14479,13114,-15527,-2413
2010-08-18T22:00:00Z,3.341,3.39,3.2915,3.3185,67102,-79168,-12066,41110,-26631,14479,13114,-15527,-2413,NaN,NaN,NaN,NaN,140934,67102,-79168,-12066,41110,-26631,14479,13114,-15527,-2413
2010-08-19T22:00:00Z,3.3235,3.3315,3.2495,3.291,67102,-79168,-12066,41110,-26631,14479,13114,-15527,-2413,NaN,NaN,NaN,NaN,140934,67102,-79168,-12066,41110,-26631,14479,13114,-15527,-2413
2010-08-22T22:00:00Z,3.296,3.313,3.271,3.2915,67102,-79168,-12066,41110,-26631,14479,13114,-15527,-2413,NaN,NaN,NaN,NaN,140934,67102,-79168,-12066,41110,-26631,14479,13114,-15527,-2413
2010-08-23T22:00:00Z,3.2845,3.2915,3.19,3.241,72217,-76927,-4710,36304,-26890,9414,12375,-17079,-4704,NaN,NaN,NaN,NaN,139877,72217,-76927,-4710,36304,-26890,9414,12375,-17079,-4704
2010-08-24T22:00:00Z,3.224,3.259,3.1775,3.235,72217,-76927,-4710,36304,-26890,9414,12375,-17079,-4704,NaN,NaN,NaN,NaN,139877,72217,-76927,-4710,36304,-26890,9414,12375,-17079,-4704
2010-08-25T22:00:00Z,3.232,3.315,3.221,3.3045,72217,-76927,-4710,36304,-26890,9414,12375,-17079,-4704,NaN,NaN,NaN,NaN,139877,72217,-76927,-4710,36304,-26890,9414,12375,-17079,-4704
2010-08-26T22:00:00Z,3.2835,3.384,3.2785,3.382,72217,-76927,-4710,36304,-26890,9414,12375,-17079,-4704,NaN,NaN,NaN,NaN,139877,72217,-76927,-4710,36304,-26890,9414,12375,-17079,-4704
2010-08-29T22:00:00Z,3.45,3.46,3.399,3.4295,72217,-76927,-4710,36304,-26890,9414,12375,-17079,-4704,NaN,NaN,NaN,NaN,139877,72217,-76927,-4710,36304,-26890,9414,12375,-17079,-4704
2010-08-30T22:00:00Z,3.405,3.408,3.356,3.37,64771,-75360,-10589,39392,-26162,13230,12531,-15172,-2641,NaN,NaN,NaN,NaN,134206,64771,-75360,-10589,39392,-26162,13230,12531,-15172,-2641
2010-08-31T22:00:00Z,3.3805,3.486,3.3735,3.4775,64771,-75360,-10589,39392,-26162,13230,12531,-15172,-2641,NaN,NaN,NaN,NaN,134206,64771,-75360,-10589,39392,-26162,13230,12531,-15172,-2641
2010-09-01T22:00:00Z,3.4715,3.5045,3.462,3.4955,64771,-75360,-10589,39392,-26162,13230,12531,-15172,-2641,NaN,NaN,NaN,NaN,134206,64771,-75360,-10589,39392,-26162,13230,12531,-15172,-2641
2010-09-02T22:00:00Z,3.4925,3.5345,3.471,3.5,64771,-75360,-10589,39392,-26162,13230,12531,-15172,-2641,NaN,NaN,NaN,NaN,134206,64771,-75360,-10589,39392,-26162,13230,12531,-15172,-2641
2010-09-05T22:00:00Z,3.4935,3.5345,3.42,3.4705,64529,-77620,-13091,41758,-26975,14783,13109,-14801,-1692,NaN,NaN,NaN,NaN,137079,64529,-77620,-13091,41758,-26975,14783,13109,-14801,-1692
2010-09-07T22:00:00Z,3.463,3.515,3.451,3.5005,64529,-77620,-13091,41758,-26975,14783,13109,-14801,-1692,NaN,NaN,NaN,NaN,137079,64529,-77620,-13091,41758,-26975,14783,13109,-14801,-1692
2010-09-08T22:00:00Z,3.49,3.502,3.393,3.4435,64529,-77620,-13091,41758,-26975,14783,13109,-14801,-1692,NaN,NaN,NaN,NaN,137079,64529,-77620,-13091,41758,-26975,14783,13109,-14801,-1692
2010-09-09T22:00:00Z,3.428,3.4515,3.395,3.4065,64529,-77620,-13091,41758,-26975,14783,13109,-14801,-1692,NaN,NaN,NaN,NaN,137079,64529,-77620,-13091,41758,-26975,14783,13109,-14801,-1692
2010-09-12T22:00:00Z,3.4135,3.4935,3.413,3.479,64529,-77620,-13091,41758,-26975,14783,13109,-14801,-1692,NaN,NaN,NaN,NaN,137079,64529,-77620,-13091,41758,-26975,14783,13109,-14801,-1692
2010-09-13T22:00:00Z,3.487,3.4975,3.428,3.4545,67025,-84461,-17436,42144,-25735,16409,15165,-14138,1027,NaN,NaN,NaN,NaN,141028,67025,-84461,-17436,42144,-25735,16409,15165,-14138,1027
2010-09-14T22:00:00Z,3.4515,3.478,3.433,3.4665,67025,-84461,-17436,42144,-25735,16409,15165,-14138,1027,NaN,NaN,NaN,NaN,141028,67025,-84461,-17436,42144,-25735,16409,15165,-14138,1027
2010-09-15T22:00:00Z,3.47,3.517,3.4435,3.487,67025,-84461,-17436,42144,-25735,16409,15165,-14138,1027,NaN,NaN,NaN,NaN,141028,67025,-84461,-17436,42144,-25735,16409,15165,-14138,1027
2010-09-16T22:00:00Z,3.486,3.5525,3.486,3.522,67025,-84461,-17436,42144,-25735,16409,15165,-14138,1027,NaN,NaN,NaN,NaN,141028,67025,-84461,-17436,42144,-25735,16409,15165,-14138,1027
2010-09-19T22:00:00Z,3.5205,3.5555,3.4945,3.51,67025,-84461,-17436,42144,-25735,16409,15165,-14138,1027,NaN,NaN,NaN,NaN,141028,67025,-84461,-17436,42144,-25735,16409,15165,-14138,1027
2010-09-20T22:00:00Z,3.507,3.528,3.4725,3.481,67356,-86103,-18747,43877,-26796,17081,15338,-13672,1666,NaN,NaN,NaN,NaN,142955,67356,-86103,-18747,43877,-26796,17081,15338,-13672,1666
2010-09-21T22:00:00Z,3.482,3.5905,3.4795,3.565,67356,-86103,-18747,43877,-26796,17081,15338,-13672,1666,NaN,NaN,NaN,NaN,142955,67356,-86103,-18747,43877,-26796,17081,15338,-13672,1666
2010-09-22T22:00:00Z,3.57,3.5995,3.559,3.5905,67356,-86103,-18747,43877,-26796,17081,15338,-13672,1666,NaN,NaN,NaN,NaN,142955,67356,-86103,-18747,43877,-26796,17081,15338,-13672,1666
2010-09-23T22:00:00Z,3.577,3.636,3.5655,3.627,67356,-86103,-18747,43877,-26796,17081,15338,-13672,1666,NaN,NaN,NaN,NaN,142955,67356,-86103,-18747,43877,-26796,17081,15338,-13672,1666
2010-09-26T22:00:00Z,3.636,3.644,3.583,3.597,67356,-86103,-18747,43877,-26796,17081,15338,-13672,1666,NaN,NaN,NaN,NaN,142955,67356,-86103,-18747,43877,-26796,17081,15338,-13672,1666
2010-09-27T22:00:00Z,3.586,3.6395,3.569,3.634,68712,-92459,-23747,48383,-26221,22162,15239,-13654,1585,NaN,NaN,NaN,NaN,147744,68712,-92459,-23747,48383,-26221,22162,15239,-13654,1585
2010-09-28T22:00:00Z,3.634,3.6735,3.6195,3.654,68712,-92459,-23747,48383,-26221,22162,15239,-13654,1585,NaN,NaN,NaN,NaN,147744,68712,-92459,-23747,48383,-26221,22162,15239,-13654,1585
2010-09-29T22:00:00Z,3.652,3.669,3.62,3.6575,68712,-92459,-23747,48383,-26221,22162,15239,-13654,1585,NaN,NaN,NaN,NaN,147744,68712,-92459,-23747,48383,-26221,22162,15239,-13654,1585
2010-09-30T22:00:00Z,3.655,3.722,3.6535,3.6955,68712,-92459,-23747,48383,-26221,22162,15239,-13654,1585,NaN,NaN,NaN,NaN,147744,68712,-92459,-23747,48383,-26221,22162,15239,-13654,1585
2010-10-03T22:00:00Z,3.697,3.719,3.653,3.663,68712,-92459,-23747,48383,-26221,22162,15239,-13654,1585,NaN,NaN,NaN,NaN,147744,68712,-92459,-23747,48383,-26221,22162,15239,-13654,1585
2010-10-04T22:00:00Z,3.666,3.745,3.6445,3.73,67855,-94481,-26626,51583,-27184,24399,16523,-14296,2227,NaN,NaN,NaN,NaN,153457,67855,-94481,-26626,51583,-27184,24399,16523,-14296,2227
2010-10-05T22:00:00Z,3.7255,3.7895,3.723,3.7635,67855,-94481,-26626,51583,-27184,24399,16523,-14296,2227,NaN,NaN,NaN,NaN,153457,67855,-94481,-26626,51583,-27184,24399,16523,-14296,2227
2010-10-06T22:00:00Z,3.7625,3.7845,3.6565,3.6735,67855,-94481,-26626,51583,-27184,24399,16523,-14296,2227,NaN,NaN,NaN,NaN,153457,67855,-94481,-26626,51583,-27184,24399,16523,-14296,2227
2010-10-07T22:00:00Z,3.689,3.8015,3.6565,3.785,67855,-94481,-26626,51583,-27184,24399,16523,-14296,2227,NaN,NaN,NaN,NaN,153457,67855,-94481,-26626,51583,-27184,24399,16523,-14296,2227
2010-10-10T22:00:00Z,3.784,3.82,3.7725,3.785,67855,-94481,-26626,51583,-27184,24399,16523,-14296,2227,NaN,NaN,NaN,NaN,153457,67855,-94481,-26626,51583,-27184,24399,16523,-14296,2227
2010-10-11T22:00:00Z,3.7855,3.8135,3.7175,3.804,70002,-97325,-27323,52794,-28726,24068,17562,-14307,3255,NaN,NaN,NaN,NaN,158917,70002,-97325,-27323,52794,-28726,24068,17562,-14307,3255
2010-10-12T22:00:00Z,3.804,3.841,3.795,3.822,70002,-97325,-27323,52794,-28726,24068,17562,-14307,3255,NaN,NaN,NaN,NaN,158917,70002,-97325,-27323,52794,-28726,24068,17562,-14307,3255
2010-10-13T22:00:00Z,3.8205,3.8675,3.7615,3.808,70002,-97325,-27323,52794,-28726,24068,17562,-14307,3255,NaN,NaN,NaN,NaN,158917,70002,-97325,-27323,52794,-28726,24068,17562,-14307,3255
2010-10-14T22:00:00Z,3.808,3.8645,3.7945,3.8405,70002,-97325,-27323,52794,-28726,24068,17562,-14307,3255,NaN,NaN,NaN,NaN,158917,70002,-97325,-27323,52794,-28726,24068,17562,-14307,3255
2010-10-17T22:00:00Z,3.836,3.88,3.778,3.8575,70002,-97325,-27323,52794,-28726,24068,17562,-14307,3255,NaN,NaN,NaN,NaN,158917,70002,-97325,-27323,52794,-28726,24068,17562,-14307,3255
2010-10-18T22:00:00Z,3.8515,3.8675,3.721,3.7235,71698,-101035,-29337,54303,-28153,26150,16956,-13769,3187,NaN,NaN,NaN,NaN,162855,71698,-101035,-29337,54303,-28153,26150,16956,-13769,3187
2010-10-19T22:00:00Z,3.7275,3.818,3.72,3.808,71698,-101035,-29337,54303,-28153,26150,16956,-13769,3187,NaN,NaN,NaN,NaN,162855,71698,-101035,-29337,54303,-28153,26150,16956,-13769,3187
2010-10-20T22:00:00Z,3.802,3.85,3.7655,3.767,71698,-101035,-29337,54303,-28153,26150,16956,-13769,3187,NaN,NaN,NaN,NaN,162855,71698,-101035,-29337,54303,-28153,26150,16956,-13769,3187
2010-10-21T22:00:00Z,3.767,3.82,3.7515,3.8175,71698,-101035,-29337,54303,-28153,26150,16956,-13769,3187,NaN,NaN,NaN,NaN,162855,71698,-101035,-29337,54303,-28153,26150,16956,-13769,3187
2010-10-24T22:00:00Z,3.813,3.8895,3.81,3.852,71698,-101035,-29337,54303,-28153,26150,16956,-13769,3187,NaN,NaN,NaN,NaN,162855,71698,-101035,-29337,54303,-28153,26150,16956,-13769,3187
2010-10-25T22:00:00Z,3.856,3.893,3.8395,3.8785,72172,-101358,-29186,55260,-28797,26463,16924,-14201,2723,NaN,NaN,NaN,NaN,167063,72172,-101358,-29186,55260,-28797,26463,16924,-14201,2723
2010-10-26T22:00:00Z,3.881,3.9,3.7605,3.781,72172,-101358,-29186,55260,-28797,26463,16924,-14201,2723,NaN,NaN,NaN,NaN,167063,72172,-101358,-29186,55260,-28797,26463,16924,-14201,2723
2010-10-27T22:00:00Z,3.778,3.8295,3.766,3.7845,72172,-101358,-29186,55260,-28797,26463,16924,-14201,2723,NaN,NaN,NaN,NaN,167063,72172,-101358,-29186,55260,-28797,26463,16924,-14201,2723
2010-10-28T22:00:00Z,3.785,3.7875,3.7035,3.746,72172,-101358,-29186,55260,-28797,26463,16924,-14201,2723,NaN,NaN,NaN,NaN,167063,72172,-101358,-29186,55260,-28797,26463,16924,-14201,2723
2010-10-31T22:00:00Z,3.748,3.816,3.7475,3.78,72172,-101358,-29186,55260,-28797,26463,16924,-14201,2723,NaN,NaN,NaN,NaN,167063,72172,-101358,-29186,55260,-28797,26463,16924,-14201,2723
2010-11-01T22:00:00Z,3.785,3.841,3.77,3.8285,71961,-100526,-28565,52585,-27377,25208,16462,-13105,3357,NaN,NaN,NaN,NaN,163209,71961,-100526,-28565,52585,-27377,25208,16462,-13105,3357
2010-11-02T22:00:00Z,3.825,3.8495,3.763,3.8235,71961,-100526,-28565,52585,-27377,25208,16462,-13105,3357,NaN,NaN,NaN,NaN,163209,71961,-100526,-28565,52585,-27377,25208,16462,-13105,3357
2010-11-03T22:00:00Z,3.845,3.917,3.8125,3.9095,71961,-100526,-28565,52585,-27377,25208,16462,-13105,3357,NaN,NaN,NaN,NaN,163209,71961,-100526,-28565,52585,-27377,25208,16462,-13105,3357
2010-11-04T22:00:00Z,3.9095,3.9955,3.9095,3.97,71961,-100526,-28565,52585,-27377,25208,16462,-13105,3357,NaN,NaN,NaN,NaN,163209,71961,-100526,-28565,52585,-27377,25208,16462,-13105,3357
2010-11-07T23:00:00Z,3.961,3.9815,3.92,3.956,71961,-100526,-28565,52585,-27377,25208,16462,-13105,3357,NaN,NaN,NaN,NaN,163209,71961,-100526,-28565,52585,-27377,25208,16462,-13105,3357
2010-11-08T23:00:00Z,3.9585,4.0475,3.9275,3.981,72427,-107310,-34883,55566,-25477,30089,18347,-13553,4794,NaN,NaN,NaN,NaN,164045,72427,-107310,-34883,55566,-25477,30089,18347,-13553,4794
2010-11-09T23:00:00Z,3.9815,4.0215,3.9415,3.982,72427,-107310,-34883,55566,-25477,30089,18347,-13553,4794,NaN,NaN,NaN,NaN,164045,72427,-107310,-34883,55566,-25477,30089,18347,-13553,4794
2010-11-10T23:00:00Z,3.982,4.0835,3.9675,4.04,72427,-107310,-34883,55566,-25477,30089,18347,-13553,4794,NaN,NaN,NaN,NaN,164045,72427,-107310,-34883,55566,-25477,30089,18347,-13553,4794
2010-11-11T23:00:00Z,4.0315,4.05,3.88,3.8965,72427,-107310,-34883,55566,-25477,30089,18347,-13553,4794,NaN,NaN,NaN,NaN,164045,72427,-107310,-34883,55566,-25477,30089,18347,-13553,4794
2010-11-14T23:00:00Z,3.8875,3.9535,3.8495,3.9115,72427,-107310,-34883,55566,-25477,30089,18347,-13553,4794,NaN,NaN,NaN,NaN,164045,72427,-107310,-34883,55566,-25477,30089,18347,-13553,4794
2010-11-15T23:00:00Z,3.911,3.9325,3.6855,3.719,69716,-98920,-29204,49986,-24026,25960,17245,-14001,3244,NaN,NaN,NaN,NaN,152332,69716,-98920,-29204,49986,-24026,25960,17245,-14001,3244
2010-11-16T23:00:00Z,3.722,3.768,3.6065,3.725,69716,-98920,-29204,49986,-24026,25960,17245,-14001,3244,NaN,NaN,NaN,NaN,152332,69716,-98920,-29204,49986,-24026,25960,17245,-14001,3244
2010-11-17T23:00:00Z,3.7295,3.849,3.7135,3.849,69716,-98920,-29204,49986,-24026,25960,17245,-14001,3244,NaN,NaN,NaN,NaN,152332,69716,-98920,-29204,49986,-24026,25960,17245,-14001,3244
2010-11-18T23:00:00Z,3.8405,3.8725,3.781,3.833,69716,-98920,-29204,49986,-24026,25960,17245,-14001,3244,NaN,NaN,NaN,NaN,152332,69716,-98920,-29204,49986,-24026,25960,17245,-14001,3244
2010-11-21T23:00:00Z,3.846,3.8705,3.726,3.772,69716,-98920,-29204,49986,-24026,25960,17245,-14001,3244,NaN,NaN,NaN,NaN,152332,69716,-98920,-29204,49986,-24026,25960,17245,-14001,3244
2010-11-22T23:00:00Z,3.7665,3.7805,3.6565,3.6965,67879,-93305,-25426,46097,-23307,22790,15981,-13345,2636,NaN,NaN,NaN,NaN,146054,67879,-93305,-25426,46097,-23307,22790,15981,-13345,2636
2010-11-23T23:00:00Z,3.701,3.778,3.696,3.7675,67879,-93305,-25426,46097,-23307,22790,15981,-13345,2636,NaN,NaN,NaN,NaN,146054,67879,-93305,-25426,46097,-23307,22790,15981,-13345,2636
2010-11-24T23:00:00Z,3.7675,3.7885,3.6955,3.7415,67879,-93305,-25426,46097,-23307,22790,15981,-13345,2636,NaN,NaN,NaN,NaN,146054,67879,-93305,-25426,46097,-23307,22790,15981,-13345,2636
2010-11-28T23:00:00Z,3.7595,3.8095,3.7115,3.773,67879,-93305,-25426,46097,-23307,22790,15981,-13345,2636,NaN,NaN,NaN,NaN,146054,67879,-93305,-25426,46097,-23307,22790,15981,-13345,2636
2010-11-29T23:00:00Z,3.77,3.837,3.72,3.8135,68699,-92608,-23909,47784,-26677,21107,15346,-12544,2802,NaN,NaN,NaN,NaN,148249,68699,-92608,-23909,47784,-26677,21107,15346,-12544,2802
2010-11-30T23:00:00Z,3.808,3.9545,3.787,3.9495,68699,-92608,-23909,47784,-26677,21107,15346,-12544,2802,NaN,NaN,NaN,NaN,148249,68699,-92608,-23909,47784,-26677,21107,15346,-12544,2802
2010-12-01T23:00:00Z,3.954,3.997,3.9315,3.9725,68699,-92608,-23909,47784,-26677,21107,15346,-12544,2802,NaN,NaN,NaN,NaN,148249,68699,-92608,-23909,47784,-26677,21107,15346,-12544,2802
2010-12-02T23:00:00Z,3.9745,4.0165,3.9455,4.01,68699,-92608,-23909,47784,-26677,21107,15346,-12544,2802,NaN,NaN,NaN,NaN,148249,68699,-92608,-23909,47784,-26677,21107,15346,-12544,2802
2010-12-05T23:00:00Z,4.0195,4.029,3.9745,4.005,68699,-92608,-23909,47784,-26677,21107,15346,-12544,2802,NaN,NaN,NaN,NaN,148249,68699,-92608,-23909,47784,-26677,21107,15346,-12544,2802
2010-12-06T23:00:00Z,4.008,4.1315,3.98,4.01,69090,-101401,-32311,53567,-27135,26432,18797,-12918,5879,NaN,NaN,NaN,NaN,157675,69090,-101401,-32311,53567,-27135,26432,18797,-12918,5879
2010-12-07T23:00:00Z,4.014,4.1185,3.978,4.1155,69090,-101401,-32311,53567,-27135,26432,18797,-12918,5879,NaN,NaN,NaN,NaN,157675,69090,-101401,-32311,53567,-27135,26432,18797,-12918,5879
2010-12-08T23:00:00Z,4.112,4.1545,4.0555,4.064,69090,-101401,-32311,53567,-27135,26432,18797,-12918,5879,NaN,NaN,NaN,NaN,157675,69090,-101401,-32311,53567,-27135,26432,18797,-12918,5879
2010-12-09T23:00:00Z,4.067,4.143,4.067,4.1195,69090,-101401,-32311,53567,-27135,26432,18797,-12918,5879,NaN,NaN,NaN,NaN,157675,69090,-101401,-32311,53567,-27135,26432,18797,-12918,5879
2010-12-12T23:00:00Z,4.1125,4.2225,4.0995,4.202,69090,-101401,-32311,53567,-27135,26432,18797,-12918,5879,NaN,NaN,NaN,NaN,157675,69090,-101401,-32311,53567,-27135,26432,18797,-12918,5879
2010-12-13T23:00:00Z,4.203,4.229,4.185,4.201,69972,-104818,-34846,58287,-28019,30268,18392,-13814,4578,NaN,NaN,NaN,NaN,163546,69972,-104818,-34846,58287,-28019,30268,18392,-13814,4578
2010-12-14T23:00:00Z,4.203,4.2185,4.0855,4.105,69972,-104818,-34846,58287,-28019,30268,18392,-13814,4578,NaN,NaN,NaN,NaN,163546,69972,-104818,-34846,58287,-28019,30268,18392,-13814,4578
2010-12-15T23:00:00Z,4.1075,4.1385,4.078,4.1135,69972,-104818,-34846,58287,-28019,30268,18392,-13814,4578,NaN,NaN,NaN,NaN,163546,69972,-104818,-34846,58287,-28019,30268,18392,-13814,4578
2010-12-16T23:00:00Z,4.1105,4.192,4.1095,4.171,69972,-104818,-34846,58287,-28019,30268,18392,-13814,4578,NaN,NaN,NaN,NaN,163546,69972,-104818,-34846,58287,-28019,30268,18392,-13814,4578
2010-12-19T23:00:00Z,4.207,4.2235,4.1605,4.2075,69972,-104818,-34846,58287,-28019,30268,18392,-13814,4578,NaN,NaN,NaN,NaN,163546,69972,-104818,-34846,58287,-28019,30268,18392,-13814,4578
2010-12-20T23:00:00Z,4.216,4.296,4.192,4.294,71398,-107102,-35704,59804,-27641,32163,18034,-14493,3541,NaN,NaN,NaN,NaN,166422,71398,-107102,-35704,59804,-27641,32163,18034,-14493,3541
2010-12-21T23:00:00Z,4.295,4.2965,4.2475,4.286,71398,-107102,-35704,59804,-27641,32163,18034,-14493,3541,NaN,NaN,NaN,NaN,166422,71398,-107102,-35704,59804,-27641,32163,18034,-14493,3541
2010-12-22T23:00:00Z,4.275,4.285,4.21,4.26,71398,-107102,-35704,59804,-27641,32163,18034,-14493,3541,NaN,NaN,NaN,NaN,166422,71398,-107102,-35704,59804,-27641,32163,18034,-14493,3541
2010-12-26T23:00:00Z,4.23,4.2985,4.204,4.2885,71398,-107102,-35704,59804,-27641,32163,18034,-14493,3541,NaN,NaN,NaN,NaN,166422,71398,-107102,-35704,59804,-27641,32163,18034,-14493,3541
2010-12-27T23:00:00Z,4.2855,4.335,4.281,4.322,71176,-106323,-35147,61837,-30035,31802,17481,-14136,3345,NaN,NaN,NaN,NaN,167334,71176,-106323,-35147,61837,-30035,31802,17481,-14136,3345
2010-12-28T23:00:00Z,4.3265,4.332,4.289,4.318,71176,-106323,-35147,61837,-30035,31802,17481,-14136,3345,NaN,NaN,NaN,NaN,167334,71176,-106323,-35147,61837,-30035,31802,17481,-14136,3345
2010-12-29T23:00:00Z,4.3125,4.379,4.304,4.3705,71176,-106323,-35147,61837,-30035,31802,17481,-14136,3345,NaN,NaN,NaN,NaN,167334,71176,-106323,-35147,61837,-30035,31802,17481,-14136,3345
2010-12-30T23:00:00Z,4.37,4.452,4.3675,4.435,71176,-106323,-35147,61837,-30035,31802,17481,-14136,3345,NaN,NaN,NaN,NaN,167334,71176,-106323,-35147,61837,-30035,31802,17481,-14136,3345
2011-01-02T23:00:00Z,4.455,4.498,4.42,4.4255,71176,-106323,-35147,61837,-30035,31802,17481,-14136,3345,NaN,NaN,NaN,NaN,167334,71176,-106323,-35147,61837,-30035,31802,17481,-14136,3345
2011-01-03T23:00:00Z,4.4345,4.466,4.353,4.385,69780,-104737,-34957,61858,-30245,31613,16935,-13591,3344,NaN,NaN,NaN,NaN,166289,69780,-104737,-34957,61858,-30245,31613,16935,-13591,3344
2011-01-04T23:00:00Z,4.383,4.4195,4.2905,4.408,69780,-104737,-34957,61858,-30245,31613,16935,-13591,3344,NaN,NaN,NaN,NaN,166289,69780,-104737,-34957,61858,-30245,31613,16935,-13591,3344
2011-01-05T23:00:00Z,4.404,4.426,4.3115,4.319,69780,-104737,-34957,61858,-30245,31613,16935,-13591,3344,NaN,NaN,NaN,NaN,166289,69780,-104737,-34957,61858,-30245,31613,16935,-13591,3344
2011-01-06T23:00:00Z,4.3275,4.352,4.2505,4.284,69780,-104737,-34957,61858,-30245,31613,16935,-13591,3344,NaN,NaN,NaN,NaN,166289,69780,-104737,-34957,61858,-30245,31613,16935,-13591,3344
2011-01-09T23:00:00Z,4.286,4.3275,4.254,4.28,69780,-104737,-34957,61858,-30245,31613,16935,-13591,3344,NaN,NaN,NaN,NaN,166289,69780,-104737,-34957,61858,-30245,31613,16935,-13591,3344
2011-01-10T23:00:00Z,4.287,4.362,4.273,4.346,67938,-104139,-36201,61530,-31423,30107,18403,-12309,6094,NaN,NaN,NaN,NaN,165488,67938,-104139,-36201,61530,-31423,30107,18403,-12309,6094
2011-01-11T23:00:00Z,4.3485,4.4355,4.34,4.418,67938,-104139,-36201,61530,-31423,30107,18403,-12309,6094,NaN,NaN,NaN,NaN,165488,67938,-104139,-36201,61530,-31423,30107,18403,-12309,6094
2011-01-12T23:00:00Z,4.417,4.4255,4.3425,4.3575,67938,-104139,-36201,61530,-31423,30107,18403,-12309,6094,NaN,NaN,NaN,NaN,165488,67938,-104139,-36201,61530,-31423,30107,18403,-12309,6094
2011-01-13T23:00:00Z,4.354,4.4395,4.3465,4.4345,67938,-104139,-36201,61530,-31423,30107,18403,-12309,6094,NaN,NaN,NaN,NaN,165488,67938,-104139,-36201,61530,-31423,30107,18403,-12309,6094
2011-01-16T23:00:00Z,4.4305,4.463,4.3665,4.437,67307,-101612,-34305,62505,-32316,30189,17618,-13502,4116,NaN,NaN,NaN,NaN,165873,67307,-101612,-34305,62505,-32316,30189,17618,-13502,4116
2011-01-18T23:00:00Z,4.434,4.4675,4.3475,4.364,67307,-101612,-34305,62505,-32316,30189,17618,-13502,4116,NaN,NaN,NaN,NaN,165873,67307,-101612,-34305,62505,-32316,30189,17618,-13502,4116
2011-01-19T23:00:00Z,4.357,4.389,4.2285,4.2455,67307,-101612,-34305,62505,-32316,30189,17618,-13502,4116,NaN,NaN,NaN,NaN,165873,67307,-101612,-34305,62505,-32316,30189,17618,-13502,4116
2011-01-20T23:00:00Z,4.254,4.3375,4.245,4.3125,67307,-101612,-34305,62505,-32316,30189,17618,-13502,4116,NaN,NaN,NaN,NaN,165873,67307,-101612,-34305,62505,-32316,30189,17618,-13502,4116
2011-01-23T23:00:00Z,4.309,4.3725,4.309,4.3405,67307,-101612,-34305,62505,-32316,30189,17618,-13502,4116,NaN,NaN,NaN,NaN,165873,67307,-101612,-34305,62505,-32316,30189,17618,-13502,4116
2011-01-24T23:00:00Z,4.3435,4.3525,4.208,4.2455,67159,-94705,-27546,53961,-30049,23912,18098,-14464,3634,NaN,NaN,NaN,NaN,155810,67159,-94705,-27546,53961,-30049,23912,18098,-14464,3634
2011-01-25T23:00:00Z,4.251,4.299,4.224,4.29,67159,-94705,-27546,53961,-30049,23912,18098,-14464,3634,NaN,NaN,NaN,NaN,155810,67159,-94705,-27546,53961,-30049,23912,18098,-14464,3634
2011-01-26T23:00:00Z,4.29,4.3555,4.2755,4.32,67159,-94705,-27546,53961,-30049,23912,18098,-14464,3634,NaN,NaN,NaN,NaN,155810,67159,-94705,-27546,53961,-30049,23912,18098,-14464,3634
2011-01-27T23:00:00Z,4.32,4.407,4.286,4.355,67159,-94705,-27546,53961,-30049,23912,18098,-14464,3634,NaN,NaN,NaN,NaN,155810,67159,-94705,-27546,53961,-30049,23912,18098,-14464,3634
2011-01-30T23:00:00Z,4.3505,4.462,4.336,4.451,67159,-94705,-27546,53961,-30049,23912,18098,-14464,3634,NaN,NaN,NaN,NaN,155810,67159,-94705,-27546,53961,-30049,23912,18098,-14464,3634
2011-01-31T23:00:00Z,4.462,4.556,4.444,4.553,67515,-95663,-28148,57306,-32595,24711,18214,-14777,3437,NaN,NaN,NaN,NaN,160259,67515,-95663,-28148,57306,-32595,24711,18214,-14777,3437
2011-02-01T23:00:00Z,4.548,4.562,4.516,4.56,67515,-95663,-28148,57306,-32595,24711,18214,-14777,3437,NaN,NaN,NaN,NaN,160259,67515,-95663,-28148,57306,-32595,24711,18214,-14777,3437
2011-02-02T23:00:00Z,4.558,4.58,4.5145,4.5455,67515,-95663,-28148,57306,-32595,24711,18214,-14777,3437,NaN,NaN,NaN,NaN,160259,67515,-95663,-28148,57306,-32595,24711,18214,-14777,3437
2011-02-03T23:00:00Z,4.547,4.614,4.536,4.592,67515,-95663,-28148,57306,-32595,24711,18214,-14777,3437,NaN,NaN,NaN,NaN,160259,67515,-95663,-28148,57306,-32595,24711,18214,-14777,3437
2011-02-06T23:00:00Z,4.5795,4.6375,4.537,4.5485,67515,-95663,-28148,57306,-32595,24711,18214,-14777,3437,NaN,NaN,NaN,NaN,160259,67515,-95663,-28148,57306,-32595,24711,18214,-14777,3437
2011-02-07T23:00:00Z,4.5405,4.6095,4.506,4.5925,67951,-101181,-33230,63087,-33627,29460,18109,-14339,3770,NaN,NaN,NaN,NaN,162263,67951,-101181,-33230,63087,-33627,29460,18109,-14339,3770
2011-02-08T23:00:00Z,4.5915,4.604,4.4905,4.523,67951,-101181,-33230,63087,-33627,29460,18109,-14339,3770,NaN,NaN,NaN,NaN,162263,67951,-101181,-33230,63087,-33627,29460,18109,-14339,3770
2011-02-09T23:00:00Z,4.529,4.5585,4.4905,4.5475,67951,-101181,-33230,63087,-33627,29460,18109,-14339,3770,NaN,NaN,NaN,NaN,162263,67951,-101181,-33230,63087,-33627,29460,18109,-14339,3770
2011-02-10T23:00:00Z,4.5495,4.5795,4.481,4.5505,67951,-101181,-33230,63087,-33627,29460,18109,-14339,3770,NaN,NaN,NaN,NaN,162263,67951,-101181,-33230,63087,-33627,29460,18109,-14339,3770
2011-02-13T23:00:00Z,4.551,4.6345,4.5435,4.629,67951,-101181,-33230,63087,-33627,29460,18109,-14339,3770,NaN,NaN,NaN,NaN,162263,67951,-101181,-33230,63087,-33627,29460,18109,-14339,3770
2011-02-14T23:00:00Z,4.634,4.6495,4.521,4.5295,69016,-102689,-33673,59706,-30667,29039,18329,-13695,4634,NaN,NaN,NaN,NaN,159468,69016,-102689,-33673,59706,-30667,29039,18329,-13695,4634
2011-02-15T23:00:00Z,4.53,4.549,4.4615,4.4995,69016,-102689,-33673,59706,-30667,29039,18329,-13695,4634,NaN,NaN,NaN,NaN,159468,69016,-102689,-33673,59706,-30667,29039,18329,-13695,4634
2011-02-16T23:00:00Z,4.493,4.517,4.4155,4.5025,69016,-102689,-33673,59706,-30667,29039,18329,-13695,4634,NaN,NaN,NaN,NaN,159468,69016,-102689,-33673,59706,-30667,29039,18329,-13695,4634
2011-02-17T23:00:00Z,4.505,4.5245,4.421,4.477,69016,-102689,-33673,59706,-30667,29039,18329,-13695,4634,NaN,NaN,NaN,NaN,159468,69016,-102689,-33673,59706,-30667,29039,18329,-13695,4634
2011-02-20T23:00:00Z,4.488,4.514,4.308,4.312,70177,-98711,-28534,53809,-30579,23230,16579,-11275,5304,NaN,NaN,NaN,NaN,151893,70177,-98711,-28534,53809,-30579,23230,16579,-11275,5304
2011-02-22T23:00:00Z,4.3165,4.3475,4.25,4.306,70177,-98711,-28534,53809,-30579,23230,16579,-11275,5304,NaN,NaN,NaN,NaN,151893,70177,-98711,-28534,53809,-30579,23230,16579,-11275,5304
2011-02-23T23:00:00Z,4.3065,4.3475,4.2255,4.3345,70177,-98711,-28534,53809,-30579,23230,16579,-11275,5304,NaN,NaN,NaN,NaN,151893,70177,-98711,-28534,53809,-30579,23230,16579,-11275,5304
2011-02-24T23:00:00Z,4.351,4.479,4.337,4.474,70177,-98711,-28534,53809,-30579,23230,16579,-11275,5304,NaN,NaN,NaN,NaN,151893,70177,-98711,-28534,53809,-30579,23230,16579,-11275,5304
2011-02-27T23:00:00Z,4.4635,4.5065,4.4255,4.4995,70177,-98711,-28534,53809,-30579,23230,16579,-11275,5304,NaN,NaN,NaN,NaN,151893,70177,-98711,-28534,53809,-30579,23230,16579,-11275,5304
2011-02-28T23:00:00Z,4.4995,4.525,4.4485,4.467,70162,-98113,-27951,50320,-23701,26619,16077,-14745,1332,NaN,NaN,NaN,NaN,147581,70162,-98113,-27951,50320,-23701,26619,16077,-14745,1332
2011-03-01T23:00:00Z,4.465,4.5185,4.454,4.497,70162,-98113,-27951,50320,-23701,26619,16077,-14745,1332,NaN,NaN,NaN,NaN,147581,70162,-98113,-27951,50320,-23701,26619,16077,-14745,1332
2011-03-02T23:00:00Z,4.494,4.5485,4.4705,4.4945,70162,-98113,-27951,50320,-23701,26619,16077,-14745,1332,NaN,NaN,NaN,NaN,147581,70162,-98113,-27951,50320,-23701,26619,16077,-14745,1332
2011-03-03T23:00:00Z,4.491,4.554,4.465,4.495,70162,-98113,-27951,50320,-23701,26619,16077,-14745,1332,NaN,NaN,NaN,NaN,147581,70162,-98113,-27951,50320,-23701,26619,16077,-14745,1332
2011-03-06T23:00:00Z,4.488,4.5165,4.304,4.344,70162,-98113,-27951,50320,-23701,26619,16077,-14745,1332,NaN,NaN,NaN,NaN,147581,70162,-98113,-27951,50320,-23701,26619,16077,-14745,1332
2011-03-07T23:00:00Z,4.3455,4.3585,4.254,4.345,67688,-93617,-25929,49103,-24793,24310,16028,-14409,1619,NaN,NaN,NaN,NaN,141773,67688,-93617,-25929,49103,-24793,24310,16028,-14409,1619
2011-03-08T23:00:00Z,4.345,4.379,4.183,4.2185,67688,-93617,-25929,49103,-24793,24310,16028,-14409,1619,NaN,NaN,NaN,NaN,141773,67688,-93617,-25929,49103,-24793,24310,16028,-14409,1619
2011-03-09T23:00:00Z,4.215,4.229,4.136,4.217,67688,-93617,-25929,49103,-24793,24310,16028,-14409,1619,NaN,NaN,NaN,NaN,141773,67688,-93617,-25929,49103,-24793,24310,16028,-14409,1619
2011-03-10T23:00:00Z,4.21,4.245,4.086,4.2275,67688,-93617,-25929,49103,-24793,24310,16028,-14409,1619,NaN,NaN,NaN,NaN,141773,67688,-93617,-25929,49103,-24793,24310,16028,-14409,1619
2011-03-13T22:00:00Z,4.2275,4.2275,4.14,4.221,67688,-93617,-25929,49103,-24793,24310,16028,-14409,1619,NaN,NaN,NaN,NaN,141773,67688,-93617,-25929,49103,-24793,24310,16028,-14409,1619
2011-03-14T22:00:00Z,4.2215,4.2215,4.076,4.191,66453,-88953,-22500,46193,-22831,23362,14601,-15463,-862,NaN,NaN,NaN,NaN,134739,66453,-88953,-22500,46193,-22831,23362,14601,-15463,-862
2011-03-15T22:00:00Z,4.19,4.27,4.17,4.1775,66453,-88953,-22500,46193,-22831,23362,14601,-15463,-862,NaN,NaN,NaN,NaN,134739,66453,-88953,-22500,46193,-22831,23362,14601,-15463,-862
2011-03-16T22:00:00Z,4.176,4.3675,4.146,4.354,66453,-88953,-22500,46193,-22831,23362,14601,-15463,-862,NaN,NaN,NaN,NaN,134739,66453,-88953,-22500,46193,-22831,23362,14601,-15463,-862
2011-03-17T22:00:00Z,4.348,4.376,4.3015,4.361,66453,-88953,-22500,46193,-22831,23362,14601,-15463,-862,NaN,NaN,NaN,NaN,134739,66453,-88953,-22500,46193,-22831,23362,14601,-15463,-862
2011-03-20T22:00:00Z,4.3565,4.3685,4.2665,4.294,66453,-88953,-22500,46193,-22831,23362,14601,-15463,-862,NaN,NaN,NaN,NaN,134739,66453,-88953,-22500,46193,-22831,23362,14601,-15463,-862
2011-03-21T22:00:00Z,4.2965,4.3195,4.271,4.313,65641,-88918,-23277,44489,-22667,21822,13757,-12302,1455,NaN,NaN,NaN,NaN,133713,65641,-88918,-23277,44489,-22667,21822,13757,-12302,1455
2011-03-22T22:00:00Z,4.308,4.441,4.29,4.4305,65641,-88918,-23277,44489,-22667,21822,13757,-12302,1455,NaN,NaN,NaN,NaN,133713,65641,-88918,-23277,44489,-22667,21822,13757,-12302,1455
2011-03-23T22:00:00Z,4.425,4.4545,4.392,4.422,65641,-88918,-23277,44489,-22667,21822,13757,-12302,1455,NaN,NaN,NaN,NaN,133713,65641,-88918,-23277,44489,-22667,21822,13757,-12302,1455
2011-03-24T22:00:00Z,4.4235,4.454,4.399,4.424,65641,-88918,-23277,44489,-22667,21822,13757,-12302,1455,NaN,NaN,NaN,NaN,133713,65641,-88918,-23277,44489,-22667,21822,13757,-12302,1455
2011-03-27T22:00:00Z,4.4275,4.4355,4.3315,4.348,65641,-88918,-23277,44489,-22667,21822,13757,-12302,1455,NaN,NaN,NaN,NaN,133713,65641,-88918,-23277,44489,-22667,21822,13757,-12302,1455
2011-03-28T22:00:00Z,4.351,4.37,4.2925,4.3555,63696,-92690,-28994,47672,-20628,27044,15018,-13068,1950,NaN,NaN,NaN,NaN,135882,63696,-92690,-28994,47672,-20628,27044,15018,-13068,1950
2011-03-29T22:00:00Z,4.351,4.379,4.245,4.2645,63696,-92690,-28994,47672,-20628,27044,15018,-13068,1950,NaN,NaN,NaN,NaN,135882,63696,-92690,-28994,47672,-20628,27044,15018,-13068,1950
2011-03-30T22:00:00Z,4.2575,4.3115,4.246,4.2855,63696,-92690,-28994,47672,-20628,27044,15018,-13068,1950,NaN,NaN,NaN,NaN,135882,63696,-92690,-28994,47672,-20628,27044,15018,-13068,1950
2011-03-31T22:00:00Z,4.2885,4.31,4.212,4.256,63696,-92690,-28994,47672,-20628,27044,15018,-13068,1950,NaN,NaN,NaN,NaN,135882,63696,-92690,-28994,47672,-20628,27044,15018,-13068,1950
2011-04-03T22:00:00Z,4.2595,4.3105,4.2235,4.249,63696,-92690,-28994,47672,-20628,27044,15018,-13068,1950,NaN,NaN,NaN,NaN,135882,63696,-92690,-28994,47672,-20628,27044,15018,-13068,1950
2011-04-04T22:00:00Z,4.2515,4.2895,4.2135,4.2425,61166,-89006,-27840,46268,-23884,22384,17268,-11812,5456,NaN,NaN,NaN,NaN,134293,61166,-89006,-27840,46268,-23884,22384,17268,-11812,5456
2011-04-05T22:00:00Z,4.243,4.379,4.241,4.375,61166,-89006,-27840,46268,-23884,22384,17268,-11812,5456,NaN,NaN,NaN,NaN,134293,61166,-89006,-27840,46268,-23884,22384,17268,-11812,5456
2011-04-06T22:00:00Z,4.373,4.437,4.35,4.4165,61166,-89006,-27840,46268,-23884,22384,17268,-11812,5456,NaN,NaN,NaN,NaN,134293,61166,-89006,-27840,46268,-23884,22384,17268,-11812,5456
2011-04-07T22:00:00Z,4.421,4.525,4.402,4.506,61166,-89006,-27840,46268,-23884,22384,17268,-11812,5456,NaN,NaN,NaN,NaN,134293,61166,-89006,-27840,46268,-23884,22384,17268,-11812,5456
2011-04-10T22:00:00Z,4.5265,4.533,4.444,4.457,61166,-89006,-27840,46268,-23884,22384,17268,-11812,5456,NaN,NaN,NaN,NaN,134293,61166,-89006,-27840,46268,-23884,22384,17268,-11812,5456
2011-04-11T22:00:00Z,4.4575,4.475,4.361,4.38,62368,-98055,-35687,52973,-21983,30990,16163,-11466,4697,NaN,NaN,NaN,NaN,142085,62368,-98055,-35687,52973,-21983,30990,16163,-11466,4697
2011-04-12T22:00:00Z,4.383,4.407,4.278,4.2835,62368,-98055,-35687,52973,-21983,30990,16163,-11466,4697,NaN,NaN,NaN,NaN,142085,62368,-98055,-35687,52973,-21983,30990,16163,-11466,4697
2011-04-13T22:00:00Z,4.2835,4.3175,4.2455,4.3025,62368,-98055,-35687,52973,-21983,30990,16163,-11466,4697,NaN,NaN,NaN,NaN,142085,62368,-98055,-35687,52973,-21983,30990,16163,-11466,4697
2011-04-14T22:00:00Z,4.305,4.315,4.2325,4.255,62368,-98055,-35687,52973,-21983,30990,16163,-11466,4697,NaN,NaN,NaN,NaN,142085,62368,-98055,-35687,52973,-21983,30990,16163,-11466,4697
2011-04-17T22:00:00Z,4.252,4.288,4.172,4.219,62368,-98055,-35687,52973,-21983,30990,16163,-11466,4697,NaN,NaN,NaN,NaN,142085,62368,-98055,-35687,52973,-21983,30990,16163,-11466,4697
2011-04-18T22:00:00Z,4.215,4.261,4.182,4.238,63739,-90632,-26893,43667,-18608,25059,15809,-13975,1834,NaN,NaN,NaN,NaN,132383,63739,-90632,-26893,43667,-18608,25059,15809,-13975,1834
2011-04-19T22:00:00Z,4.238,4.348,4.235,4.347,63739,-90632,-26893,43667,-18608,25059,15809,-13975,1834,NaN,NaN,NaN,NaN,132383,63739,-90632,-26893,43667,-18608,25059,15809,-13975,1834
2011-04-20T22:00:00Z,4.349,4.403,4.3225,4.385,63739,-90632,-26893,43667,-18608,25059,15809,-13975,1834,NaN,NaN,NaN,NaN,132383,63739,-90632,-26893,43667,-18608,25059,15809,-13975,1834
2011-04-24T22:00:00Z,4.399,4.4005,4.26,4.2935,63739,-90632,-26893,43667,-18608,25059,15809,-13975,1834,NaN,NaN,NaN,NaN,132383,63739,-90632,-26893,43667,-18608,25059,15809,-13975,1834
2011-04-25T22:00:00Z,4.3015,4.3415,4.2515,4.324,62977,-89403,-26426,42076,-18398,23678,15578,-12830,2748,NaN,NaN,NaN,NaN,130849,62977,-89403,-26426,42076,-18398,23678,15578,-12830,2748
2011-04-26T22:00:00Z,4.3225,4.3495,4.209,4.256,62977,-89403,-26426,42076,-18398,23678,15578,-12830,2748,NaN,NaN,NaN,NaN,130849,62977,-89403,-26426,42076,-18398,23678,15578,-12830,2748
2011-04-27T22:00:00Z,4.271,4.325,4.225,4.269,62977,-89403,-26426,42076,-18398,23678,15578,-12830,2748,NaN,NaN,NaN,NaN,130849,62977,-89403,-26426,42076,-18398,23678,15578,-12830,2748
2011-04-28T22:00:00Z,4.2625,4.284,4.158,4.19,62977,-89403,-26426,42076,-18398,23678,15578,-12830,2748,NaN,NaN,NaN,NaN,130849,62977,-89403,-26426,42076,-18398,23678,15578,-12830,2748
2011-05-01T22:00:00Z,4.187,4.21,4.1075,4.1765,62977,-89403,-26426,42076,-18398,23678,15578,-12830,2748,NaN,NaN,NaN,NaN,130849,62977,-89403,-26426,42076,-18398,23678,15578,-12830,2748
2011-05-02T22:00:00Z,4.175,4.267,4.158,4.2485,62248,-82043,-19795,40403,-19399,21004,13674,-14883,-1209,NaN,NaN,NaN,NaN,125898,62248,-82043,-19795,40403,-19399,21004,13674,-14883,-1209
2011-05-03T22:00:00Z,4.246,4.2545,4.125,4.1285,62248,-82043,-19795,40403,-19399,21004,13674,-14883,-1209,NaN,NaN,NaN,NaN,125898,62248,-82043,-19795,40403,-19399,21004,13674,-14883,-1209
2011-05-04T22:00:00Z,4.126,4.142,3.9645,3.976,62248,-82043,-19795,40403,-19399,21004,13674,-14883,-1209,NaN,NaN,NaN,NaN,125898,62248,-82043,-19795,40403,-19399,21004,13674,-14883,-1209
2011-05-05T22:00:00Z,3.986,4.0595,3.928,3.969,62248,-82043,-19795,40403,-19399,21004,13674,-14883,-1209,NaN,NaN,NaN,NaN,125898,62248,-82043,-19795,40403,-19399,21004,13674,-14883,-1209
2011-05-08T22:00:00Z,3.985,4.0705,3.975,4.0565,62248,-82043,-19795,40403,-19399,21004,13674,-14883,-1209,NaN,NaN,NaN,NaN,125898,62248,-82043,-19795,40403,-19399,21004,13674,-14883,-1209
2011-05-09T22:00:00Z,4.055,4.084,4.004,4.0445,62279,-70730,-8451,34445,-22626,11819,13104,-16472,-3368,NaN,NaN,NaN,NaN,120303,62279,-70730,-8451,34445,-22626,11819,13104,-16472,-3368
2011-05-10T22:00:00Z,4.0445,4.0685,3.898,3.906,62279,-70730,-8451,34445,-22626,11819,13104,-16472,-3368,NaN,NaN,NaN,NaN,120303,62279,-70730,-8451,34445,-22626,11819,13104,-16472,-3368
2011-05-11T22:00:00Z,3.912,3.9935,3.8535,3.9755,62279,-70730,-8451,34445,-22626,11819,13104,-16472,-3368,NaN,NaN,NaN,NaN,120303,62279,-70730,-8451,34445,-22626,11819,13104,-16472,-3368
2011-05-12T22:00:00Z,3.9715,4.047,3.9505,4.005,62279,-70730,-8451,34445,-22626,11819,13104,-16472,-3368,NaN,NaN,NaN,NaN,120303,62279,-70730,-8451,34445,-22626,11819,13104,-16472,-3368
2011-05-15T22:00:00Z,4.005,4.0195,3.9465,3.9685,62279,-70730,-8451,34445,-22626,11819,13104,-16472,-3368,NaN,NaN,NaN,NaN,120303,62279,-70730,-8451,34445,-22626,11819,13104,-16472,-3368
2011-05-16T22:00:00Z,3.97,4.0395,3.947,4.036,62821,-65989,-3168,29693,-21948,7745,12680,-17257,-4577,NaN,NaN,NaN,NaN,119749,62821,-65989,-3168,29693,-21948,7745,12680,-17257,-4577
2011-05-17T22:00:00Z,4.036,4.124,4.023,4.105,62821,-65989,-3168,29693,-21948,7745,12680,-17257,-4577,NaN,NaN,NaN,NaN,119749,62821,-65989,-3168,29693,-21948,7745,12680,-17257,-4577
2011-05-18T22:00:00Z,4.096,4.1195,4.0345,4.0455,62821,-65989,-3168,29693,-21948,7745,12680,-17257,-4577,NaN,NaN,NaN,NaN,119749,62821,-65989,-3168,29693,-21948,7745,12680,-17257,-4577
2011-05-19T22:00:00Z,4.049,4.1485,4.038,4.101,62821,-65989,-3168,29693,-21948,7745,12680,-17257,-4577,NaN,NaN,NaN,NaN,119749,62821,-65989,-3168,29693,-21948,7745,12680,-17257,-4577
2011-05-22T22:00:00Z,4.102,4.1105,3.9505,3.978,62821,-65989,-3168,29693,-21948,7745,12680,-17257,-4577,NaN,NaN,NaN,NaN,119749,62821,-65989,-3168,29693,-21948,7745,12680,-17257,-4577
2011-05-23T22:00:00Z,3.9775,4.058,3.962,4.015,65806,-68353,-2547,28382,-22354,6028,12556,-16037,-3481,NaN,NaN,NaN,NaN,120829,65806,-68353,-2547,28382,-22354,6028,12556,-16037,-3481
2011-05-24T22:00:00Z,4.0195,4.127,4.0005,4.1065,65806,-68353,-2547,28382,-22354,6028,12556,-16037,-3481,NaN,NaN,NaN,NaN,120829,65806,-68353,-2547,28382,-22354,6028,12556,-16037,-3481
2011-05-25T22:00:00Z,4.1025,4.137,4.0715,4.1215,65806,-68353,-2547,28382,-22354,6028,12556,-16037,-3481,NaN,NaN,NaN,NaN,120829,65806,-68353,-2547,28382,-22354,6028,12556,-16037,-3481
2011-05-26T22:00:00Z,4.1215,4.1935,4.1045,4.182,65806,-68353,-2547,28382,-22354,6028,12556,-16037,-3481,NaN,NaN,NaN,NaN,120829,65806,-68353,-2547,28382,-22354,6028,12556,-16037,-3481
2011-05-29T22:00:00Z,4.1785,4.2125,4.135,4.1875,66738,-74271,-7533,29163,-19183,9980,13167,-15614,-2447,NaN,NaN,NaN,NaN,123919,66738,-74271,-7533,29163,-19183,9980,13167,-15614,-2447
2011-05-31T22:00:00Z,4.1875,4.197,4.085,4.089,66738,-74271,-7533,29163,-19183,9980,13167,-15614,-2447,NaN,NaN,NaN,NaN,123919,66738,-74271,-7533,29163,-19183,9980,13167,-15614,-2447
2011-06-01T22:00:00Z,4.089,4.1235,4.0325,4.0975,66738,-74271,-7533,29163,-19183,9980,13167,-15614,-2447,NaN,NaN,NaN,NaN,123919,66738,-74271,-7533,29163,-19183,9980,13167,-15614,-2447
2011-06-02T22:00:00Z,4.098,4.1435,4.048,4.127,66738,-74271,-7533,29163,-19183,9980,13167,-15614,-2447,NaN,NaN,NaN,NaN,123919,66738,-74271,-7533,29163,-19183,9980,13167,-15614,-2447
2011-06-05T22:00:00Z,4.1185,4.174,4.1185,4.1205,66738,-74271,-7533,29163,-19183,9980,13167,-15614,-2447,NaN,NaN,NaN,NaN,123919,66738,-74271,-7533,29163,-19183,9980,13167,-15614,-2447
2011-06-06T22:00:00Z,4.12,4.163,4.1095,4.152,65602,-74150,-8548,30044,-20316,9728,14054,-15234,-1180,NaN,NaN,NaN,NaN,122995,65602,-74150,-8548,30044,-20316,9728,14054,-15234,-1180
2011-06-07T22:00:00Z,4.153,4.159,4.051,4.1095,65602,-74150,-8548,30044,-20316,9728,14054,-15234,-1180,NaN,NaN,NaN,NaN,122995,65602,-74150,-8548,30044,-20316,9728,14054,-15234,-1180
2011-06-08T22:00:00Z,4.1095,4.1185,4.045,4.1075,65602,-74150,-8548,30044,-20316,9728,14054,-15234,-1180,NaN,NaN,NaN,NaN,122995,65602,-74150,-8548,30044,-20316,9728,14054,-15234,-1180
2011-06-09T22:00:00Z,4.1075,4.123,4.028,4.0385,65602,-74150,-8548,30044,-20316,9728,14054,-15234,-1180,NaN,NaN,NaN,NaN,122995,65602,-74150,-8548,30044,-20316,9728,14054,-15234,-1180
2011-06-12T22:00:00Z,4.046,4.059,4.0125,4.038,65602,-74150,-8548,30044,-20316,9728,14054,-15234,-1180,NaN,NaN,NaN,NaN,122995,65602,-74150,-8548,30044,-20316,9728,14054,-15234,-1180
2011-06-13T22:00:00Z,4.0355,4.1685,4.0295,4.155,71608,-80534,-8926,31122,-20388,10734,15171,-16979,-1808,NaN,NaN,NaN,NaN,132616,71608,-80534,-8926,31122,-20388,10734,15171,-16979,-1808
2011-06-14T22:00:00Z,4.157,4.183,4.0985,4.121,71608,-80534,-8926,31122,-20388,10734,15171,-16979,-1808,NaN,NaN,NaN,NaN,132616,71608,-80534,-8926,31122,-20388,10734,15171,-16979,-1808
2011-06-15T22:00:00Z,4.1255,4.1325,4.0465,4.1195,71608,-80534,-8926,31122,-20388,10734,15171,-16979,-1808,NaN,NaN,NaN,NaN,132616,71608,-80534,-8926,31122,-20388,10734,15171,-16979,-1808
2011-06-16T22:00:00Z,4.124,4.156,4.0765,4.099,71608,-80534,-8926,31122,-20388,10734,15171,-16979,-1808,NaN,NaN,NaN,NaN,132616,71608,-80534,-8926,31122,-20388,10734,15171,-16979,-1808
2011-06-19T22:00:00Z,4.1025,4.1095,4.005,4.0685,71608,-80534,-8926,31122,-20388,10734,15171,-16979,-1808,NaN,NaN,NaN,NaN,132616,71608,-80534,-8926,31122,-20388,10734,15171,-16979,-1808
2011-06-20T22:00:00Z,4.074,4.1285,4.058,4.085,73946,-80593,-6647,30500,-20735,9765,13861,-16979,-3118,NaN,NaN,NaN,NaN,133849,73946,-80593,-6647,30500,-20735,9765,13861,-16979,-3118
2011-06-21T22:00:00Z,4.0905,4.0965,4.0455,4.057,73946,-80593,-6647,30500,-20735,9765,13861,-16979,-3118,NaN,NaN,NaN,NaN,133849,73946,-80593,-6647,30500,-20735,9765,13861,-16979,-3118
2011-06-22T22:00:00Z,4.0565,4.0775,4.015,4.0725,73946,-80593,-6647,30500,-20735,9765,13861,-16979,-3118,NaN,NaN,NaN,NaN,133849,73946,-80593,-6647,30500,-20735,9765,13861,-16979,-3118
2011-06-23T22:00:00Z,4.0785,4.14,4.0585,4.089,73946,-80593,-6647,30500,-20735,9765,13861,-16979,-3118,NaN,NaN,NaN,NaN,133849,73946,-80593,-6647,30500,-20735,9765,13861,-16979,-3118
2011-06-26T22:00:00Z,4.088,4.1,4.0345,4.076,73946,-80593,-6647,30500,-20735,9765,13861,-16979,-3118,NaN,NaN,NaN,NaN,133849,73946,-80593,-6647,30500,-20735,9765,13861,-16979,-3118
2011-06-27T22:00:00Z,4.0705,4.108,4.0525,4.098,67785,-73573,-5788,29596,-19591,10005,12341,-16558,-4217,NaN,NaN,NaN,NaN,124236,67785,-73573,-5788,29596,-19591,10005,12341,-16558,-4217
2011-06-28T22:00:00Z,4.115,4.234,4.1125,4.221,67785,-73573,-5788,29596,-19591,10005,12341,-16558,-4217,NaN,NaN,NaN,NaN,124236,67785,-73573,-5788,29596,-19591,10005,12341,-16558,-4217
2011-06-29T22:00:00Z,4.226,4.2875,4.206,4.2695,67785,-73573,-5788,29596,-19591,10005,12341,-16558,-4217,NaN,NaN,NaN,NaN,124236,67785,-73573,-5788,29596,-19591,10005,12341,-16558,-4217
2011-06-30T22:00:00Z,4.272,4.3175,4.2485,4.31,67785,-73573,-5788,29596,-19591,10005,12341,-16558,-4217,NaN,NaN,NaN,NaN,124236,67785,-73573,-5788,29596,-19591,10005,12341,-16558,-4217
2011-07-03T22:00:00Z,4.3,4.354,4.2825,4.3405,67922,-86511,-18589,40534,-21571,18963,15867,-16241,-374,NaN,NaN,NaN,NaN,138627,67922,-86511,-18589,40534,-21571,18963,15867,-16241,-374
2011-07-05T22:00:00Z,4.341,4.348,4.301,4.3345,67922,-86511,-18589,40534,-21571,18963,15867,-16241,-374,NaN,NaN,NaN,NaN,138627,67922,-86511,-18589,40534,-21571,18963,15867,-16241,-374
2011-07-06T22:00:00Z,4.335,4.4435,4.3255,4.433,67922,-86511,-18589,40534,-21571,18963,15867,-16241,-374,NaN,NaN,NaN,NaN,138627,67922,-86511,-18589,40534,-21571,18963,15867,-16241,-374
2011-07-07T22:00:00Z,4.4265,4.4565,4.3755,4.4105,67922,-86511,-18589,40534,-21571,18963,15867,-16241,-374,NaN,NaN,NaN,NaN,138627,67922,-86511,-18589,40534,-21571,18963,15867,-16241,-374
2011-07-10T22:00:00Z,4.4105,4.42,4.334,4.372,67922,-86511,-18589,40534,-21571,18963,15867,-16241,-374,NaN,NaN,NaN,NaN,138627,67922,-86511,-18589,40534,-21571,18963,15867,-16241,-374
2011-07-11T22:00:00Z,4.374,4.4085,4.3145,4.394,65478,-91042,-25564,48272,-24486,23786,18306,-16528,1778,NaN,NaN,NaN,NaN,146864,65478,-91042,-25564,48272,-24486,23786,18306,-16528,1778
2011-07-12T22:00:00Z,4.389,4.439,4.373,4.39,65478,-91042,-25564,48272,-24486,23786,18306,-16528,1778,NaN,NaN,NaN,NaN,146864,65478,-91042,-25564,48272,-24486,23786,18306,-16528,1778
2011-07-13T22:00:00Z,4.3915,4.4175,4.3675,4.3865,65478,-91042,-25564,48272,-24486,23786,18306,-16528,1778,NaN,NaN,NaN,NaN,146864,65478,-91042,-25564,48272,-24486,23786,18306,-16528,1778
2011-07-14T22:00:00Z,4.3855,4.4265,4.355,4.418,65478,-91042,-25564,48272,-24486,23786,18306,-16528,1778,NaN,NaN,NaN,NaN,146864,65478,-91042,-25564,48272,-24486,23786,18306,-16528,1778
2011-07-17T22:00:00Z,4.415,4.4485,4.372,4.412,65478,-91042,-25564,48272,-24486,23786,18306,-16528,1778,NaN,NaN,NaN,NaN,146864,65478,-91042,-25564,48272,-24486,23786,18306,-16528,1778
2011-07-18T22:00:00Z,4.412,4.496,4.4045,4.4725,64948,-92763,-27815,49556,-25807,23749,19811,-15745,4066,NaN,NaN,NaN,NaN,152876,64948,-92763,-27815,49556,-25807,23749,19811,-15745,4066
2011-07-19T22:00:00Z,4.47,4.48,4.427,4.436,64948,-92763,-27815,49556,-25807,23749,19811,-15745,4066,NaN,NaN,NaN,NaN,152876,64948,-92763,-27815,49556,-25807,23749,19811,-15745,4066
2011-07-20T22:00:00Z,4.436,4.4595,4.365,4.3905,64948,-92763,-27815,49556,-25807,23749,19811,-15745,4066,NaN,NaN,NaN,NaN,152876,64948,-92763,-27815,49556,-25807,23749,19811,-15745,4066
2011-07-21T22:00:00Z,4.385,4.426,4.375,4.402,64948,-92763,-27815,49556,-25807,23749,19811,-15745,4066,NaN,NaN,NaN,NaN,152876,64948,-92763,-27815,49556,-25807,23749,19811,-15745,4066
2011-07-24T22:00:00Z,4.3975,4.42,4.3705,4.4045,64948,-92763,-27815,49556,-25807,23749,19811,-15745,4066,NaN,NaN,NaN,NaN,152876,64948,-92763,-27815,49556,-25807,23749,19811,-15745,4066
2011-07-25T22:00:00Z,4.409,4.486,4.3955,4.485,65835,-93137,-27302,51606,-27015,24591,19381,-16670,2711,NaN,NaN,NaN,NaN,156140,65835,-93137,-27302,51606,-27015,24591,19381,-16670,2711
2011-07-26T22:00:00Z,4.4795,4.4885,4.421,4.439,65835,-93137,-27302,51606,-27015,24591,19381,-16670,2711,NaN,NaN,NaN,NaN,156140,65835,-93137,-27302,51606,-27015,24591,19381,-16670,2711
2011-07-27T22:00:00Z,4.439,4.4875,4.43,4.475,65835,-93137,-27302,51606,-27015,24591,19381,-16670,2711,NaN,NaN,NaN,NaN,156140,65835,-93137,-27302,51606,-27015,24591,19381,-16670,2711
2011-07-28T22:00:00Z,4.477,4.502,4.4115,4.4845,65835,-93137,-27302,51606,-27015,24591,19381,-16670,2711,NaN,NaN,NaN,NaN,156140,65835,-93137,-27302,51606,-27015,24591,19381,-16670,2711
2011-07-31T22:00:00Z,4.5,4.54,4.3795,4.406,65835,-93137,-27302,51606,-27015,24591,19381,-16670,2711,NaN,NaN,NaN,NaN,156140,65835,-93137,-27302,51606,-27015,24591,19381,-16670,2711
2011-08-01T22:00:00Z,4.406,4.425,4.373,4.375,67296,-93515,-26219,51036,-26773,24263,18038,-16082,1956,NaN,NaN,NaN,NaN,156089,67296,-93515,-26219,51036,-26773,24263,18038,-16082,1956
2011-08-02T22:00:00Z,4.3755,4.4035,4.3205,4.3365,67296,-93515,-26219,51036,-26773,24263,18038,-16082,1956,NaN,NaN,NaN,NaN,156089,67296,-93515,-26219,51036,-26773,24263,18038,-16082,1956
2011-08-03T22:00:00Z,4.3365,4.362,4.204,4.2125,67296,-93515,-26219,51036,-26773,24263,18038,-16082,1956,NaN,NaN,NaN,NaN,156089,67296,-93515,-26219,51036,-26773,24263,18038,-16082,1956
2011-08-04T22:00:00Z,4.2095,4.2265,4.0795,4.1245,67296,-93515,-26219,51036,-26773,24263,18038,-16082,1956,NaN,NaN,NaN,NaN,156089,67296,-93515,-26219,51036,-26773,24263,18038,-16082,1956
2011-08-07T22:00:00Z,4.059,4.125,3.9225,3.9235,67296,-93515,-26219,51036,-26773,24263,18038,-16082,1956,NaN,NaN,NaN,NaN,156089,67296,-93515,-26219,51036,-26773,24263,18038,-16082,1956
2011-08-08T22:00:00Z,3.9355,4.0595,3.818,4.05,66705,-76240,-9535,34375,-23514,10861,15363,-16689,-1326,NaN,NaN,NaN,NaN,128475,66705,-76240,-9535,34375,-23514,10861,15363,-16689,-1326
2011-08-09T22:00:00Z,4.035,4.073,3.869,3.9025,66705,-76240,-9535,34375,-23514,10861,15363,-16689,-1326,NaN,NaN,NaN,NaN,128475,66705,-76240,-9535,34375,-23514,10861,15363,-16689,-1326
2011-08-10T22:00:00Z,3.8885,4.0715,3.856,4.058,66705,-76240,-9535,34375,-23514,10861,15363,-16689,-1326,NaN,NaN,NaN,NaN,128475,66705,-76240,-9535,34375,-23514,10861,15363,-16689,-1326
2011-08-11T22:00:00Z,4.045,4.063,3.981,4.003,66705,-76240,-9535,34375,-23514,10861,15363,-16689,-1326,NaN,NaN,NaN,NaN,128475,66705,-76240,-9535,34375,-23514,10861,15363,-16689,-1326
2011-08-14T22:00:00Z,4.0105,4.058,3.988,4.028,66705,-76240,-9535,34375,-23514,10861,15363,-16689,-1326,NaN,NaN,NaN,NaN,128475,66705,-76240,-9535,34375,-23514,10861,15363,-16689,-1326
2011-08-15T22:00:00Z,4.028,4.0455,3.9515,3.993,71675,-72565,-890,27568,-21674,5894,13061,-18065,-5004,NaN,NaN,NaN,NaN,125673,71675,-72565,-890,27568,-21674,5894,13061,-18065,-5004
2011-08-16T22:00:00Z,4.0035,4.0785,3.969,4.035,71675,-72565,-890,27568,-21674,5894,13061,-18065,-5004,NaN,NaN,NaN,NaN,125673,71675,-72565,-890,27568,-21674,5894,13061,-18065,-5004
2011-08-17T22:00:00Z,4.035,4.043,3.9275,3.942,71675,-72565,-890,27568,-21674,5894,13061,-18065,-5004,NaN,NaN,NaN,NaN,125673,71675,-72565,-890,27568,-21674,5894,13061,-18065,-5004
2011-08-18T22:00:00Z,3.945,4.0145,3.9255,3.978,71675,-72565,-890,27568,-21674,5894,13061,-18065,-5004,NaN,NaN,NaN,NaN,125673,71675,-72565,-890,27568,-21674,5894,13061,-18065,-5004
2011-08-21T22:00:00Z,3.956,4.016,3.93,3.9415,71675,-72565,-890,27568,-21674,5894,13061,-18065,-5004,NaN,NaN,NaN,NaN,125673,71675,-72565,-890,27568,-21674,5894,13061,-18065,-5004
2011-08-22T22:00:00Z,3.9405,4.038,3.933,4.0055,72457,-71157,1300,28138,-24288,3850,12669,-17819,-5150,NaN,NaN,NaN,NaN,126380,72457,-71157,1300,28138,-24288,3850,12669,-17819,-5150
2011-08-23T22:00:00Z,4.0055,4.031,3.9655,4.0125,72457,-71157,1300,28138,-24288,3850,12669,-17819,-5150,NaN,NaN,NaN,NaN,126380,72457,-71157,1300,28138,-24288,3850,12669,-17819,-5150
2011-08-24T22:00:00Z,4.012,4.104,3.9975,4.0855,72457,-71157,1300,28138,-24288,3850,12669,-17819,-5150,NaN,NaN,NaN,NaN,126380,72457,-71157,1300,28138,-24288,3850,12669,-17819,-5150
2011-08-25T22:00:00Z,4.08,4.126,4.0455,4.1045,72457,-71157,1300,28138,-24288,3850,12669,-17819,-5150,NaN,NaN,NaN,NaN,126380,72457,-71157,1300,28138,-24288,3850,12669,-17819,-5150
2011-08-28T22:00:00Z,4.1045,4.114,4.0575,4.095,72457,-71157,1300,28138,-24288,3850,12669,-17819,-5150,NaN,NaN,NaN,NaN,126380,72457,-71157,1300,28138,-24288,3850,12669,-17819,-5150
2011-08-29T22:00:00Z,4.1175,4.192,4.116,4.1455,63839,-62367,1472,28750,-26048,2702,12581,-16755,-4174,NaN,NaN,NaN,NaN,115815,63839,-62367,1472,28750,-26048,2702,12581,-16755,-4174
2011-08-30T22:00:00Z,4.1495,4.223,4.1355,4.202,63839,-62367,1472,28750,-26048,2702,12581,-16755,-4174,NaN,NaN,NaN,NaN,115815,63839,-62367,1472,28750,-26048,2702,12581,-16755,-4174
2011-08-31T22:00:00Z,4.1995,4.2015,4.1265,4.141,63839,-62367,1472,28750,-26048,2702,12581,-16755,-4174,NaN,NaN,NaN,NaN,115815,63839,-62367,1472,28750,-26048,2702,12581,-16755,-4174
2011-09-01T22:00:00Z,4.1425,4.1615,4.09,4.1175,63839,-62367,1472,28750,-26048,2702,12581,-16755,-4174,NaN,NaN,NaN,NaN,115815,63839,-62367,1472,28750,-26048,2702,12581,-16755,-4174
2011-09-04T22:00:00Z,4.13,4.1325,4.022,4.062,62986,-60973,2013,30682,-27185,3497,11098,-16608,-5510,NaN,NaN,NaN,NaN,115872,62986,-60973,2013,30682,-27185,3497,11098,-16608,-5510
2011-09-06T22:00:00Z,4.0615,4.149,4.0605,4.142,62986,-60973,2013,30682,-27185,3497,11098,-16608,-5510,NaN,NaN,NaN,NaN,115872,62986,-60973,2013,30682,-27185,3497,11098,-16608,-5510
2011-09-07T22:00:00Z,4.132,4.1595,4.0865,4.12,62986,-60973,2013,30682,-27185,3497,11098,-16608,-5510,NaN,NaN,NaN,NaN,115872,62986,-60973,2013,30682,-27185,3497,11098,-16608,-5510
2011-09-08T22:00:00Z,4.1295,4.142,3.994,4.0045,62986,-60973,2013,30682,-27185,3497,11098,-16608,-5510,NaN,NaN,NaN,NaN,115872,62986,-60973,2013,30682,-27185,3497,11098,-16608,-5510
2011-09-11T22:00:00Z,3.9945,3.999,3.905,3.995,62986,-60973,2013,30682,-27185,3497,11098,-16608,-5510,NaN,NaN,NaN,NaN,115872,62986,-60973,2013,30682,-27185,3497,11098,-16608,-5510
2011-09-12T22:00:00Z,3.995,4.0245,3.955,3.9695,64993,-60937,4056,30700,-28872,1828,12528,-18412,-5884,NaN,NaN,NaN,NaN,118383,64993,-60937,4056,30700,-28872,1828,12528,-18412,-5884
2011-09-13T22:00:00Z,3.972,4.011,3.885,3.9115,64993,-60937,4056,30700,-28872,1828,12528,-18412,-5884,NaN,NaN,NaN,NaN,118383,64993,-60937,4056,30700,-28872,1828,12528,-18412,-5884
2011-09-14T22:00:00Z,3.9095,3.98,3.894,3.957,64993,-60937,4056,30700,-28872,1828,12528,-18412,-5884,NaN,NaN,NaN,NaN,118383,64993,-60937,4056,30700,-28872,1828,12528,-18412,-5884
2011-09-15T22:00:00Z,3.962,3.9975,3.925,3.9345,64993,-60937,4056,30700,-28872,1828,12528,-18412,-5884,NaN,NaN,NaN,NaN,118383,64993,-60937,4056,30700,-28872,1828,12528,-18412,-5884
2011-09-18T22:00:00Z,3.91,3.915,3.7655,3.795,64993,-60937,4056,30700,-28872,1828,12528,-18412,-5884,NaN,NaN,NaN,NaN,118383,64993,-60937,4056,30700,-28872,1828,12528,-18412,-5884
2011-09-19T22:00:00Z,3.795,3.824,3.705,3.71,69336,-59659,9677,31651,-34950,-3299,14510,-20888,-6378,NaN,NaN,NaN,NaN,125531,69336,-59659,9677,31651,-34950,-3299,14510,-20888,-6378
2011-09-20T22:00:00Z,3.7085,3.784,3.691,3.7,69336,-59659,9677,31651,-34950,-3299,14510,-20888,-6378,NaN,NaN,NaN,NaN,125531,69336,-59659,9677,31651,-34950,-3299,14510,-20888,-6378
2011-09-21T22:00:00Z,3.699,3.72,3.412,3.448,69336,-59659,9677,31651,-34950,-3299,14510,-20888,-6378,NaN,NaN,NaN,NaN,125531,69336,-59659,9677,31651,-34950,-3299,14510,-20888,-6378
2011-09-22T22:00:00Z,3.45,3.495,3.215,3.318,69336,-59659,9677,31651,-34950,-3299,14510,-20888,-6378,NaN,NaN,NaN,NaN,125531,69336,-59659,9677,31651,-34950,-3299,14510,-20888,-6378
2011-09-25T22:00:00Z,3.318,3.358,3.0715,3.3545,69336,-59659,9677,31651,-34950,-3299,14510,-20888,-6378,NaN,NaN,NaN,NaN,125531,69336,-59659,9677,31651,-34950,-3299,14510,-20888,-6378
2011-09-26T22:00:00Z,3.3375,3.4835,3.298,3.4215,68325,-59770,8555,29860,-31322,-1462,13049,-20142,-7093,NaN,NaN,NaN,NaN,119891,68325,-59770,8555,29860,-31322,-1462,13049,-20142,-7093
2011-09-27T22:00:00Z,3.4215,3.4245,3.165,3.18,68325,-59770,8555,29860,-31322,-1462,13049,-20142,-7093,NaN,NaN,NaN,NaN,119891,68325,-59770,8555,29860,-31322,-1462,13049,-20142,-7093
2011-09-28T22:00:00Z,3.186,3.2895,3.08,3.239,68325,-59770,8555,29860,-31322,-1462,13049,-20142,-7093,NaN,NaN,NaN,NaN,119891,68325,-59770,8555,29860,-31322,-1462,13049,-20142,-7093
2011-09-29T22:00:00Z,3.23,3.318,3.095,3.1115,68325,-59770,8555,29860,-31322,-1462,13049,-20142,-7093,NaN,NaN,NaN,NaN,119891,68325,-59770,8555,29860,-31322,-1462,13049,-20142,-7093
2011-10-02T22:00:00Z,3.14,3.179,2.994,3.0675,68325,-59770,8555,29860,-31322,-1462,13049,-20142,-7093,NaN,NaN,NaN,NaN,119891,68325,-59770,8555,29860,-31322,-1462,13049,-20142,-7093
2011-10-03T22:00:00Z,3.051,3.155,3.031,3.135,69927,-60604,9323,28040,-31458,-3418,13843,-19748,-5905,NaN,NaN,NaN,NaN,121499,69927,-60604,9323,28040,-31458,-3418,13843,-19748,-5905
2011-10-04T22:00:00Z,3.135,3.1705,3.0255,3.137,69927,-60604,9323,28040,-31458,-3418,13843,-19748,-5905,NaN,NaN,NaN,NaN,121499,69927,-60604,9323,28040,-31458,-3418,13843,-19748,-5905
2011-10-05T22:00:00Z,3.127,3.2805,3.1185,3.273,69927,-60604,9323,28040,-31458,-3418,13843,-19748,-5905,NaN,NaN,NaN,NaN,121499,69927,-60604,9323,28040,-31458,-3418,13843,-19748,-5905
2011-10-06T22:00:00Z,3.273,3.338,3.258,3.285,69927,-60604,9323,28040,-31458,-3418,13843,-19748,-5905,NaN,NaN,NaN,NaN,121499,69927,-60604,9323,28040,-31458,-3418,13843,-19748,-5905
2011-10-09T22:00:00Z,3.28,3.391,3.2775,3.372,69927,-60604,9323,28040,-31458,-3418,13843,-19748,-5905,NaN,NaN,NaN,NaN,121499,69927,-60604,9323,28040,-31458,-3418,13843,-19748,-5905
2011-10-10T22:00:00Z,3.361,3.387,3.2305,3.272,72909,-58490,14419,27971,-35030,-7059,12052,-19412,-7360,NaN,NaN,NaN,NaN,122868,72909,-58490,14419,27971,-35030,-7059,12052,-19412,-7360
2011-10-11T22:00:00Z,3.275,3.4115,3.2385,3.3525,72909,-58490,14419,27971,-35030,-7059,12052,-19412,-7360,NaN,NaN,NaN,NaN,122868,72909,-58490,14419,27971,-35030,-7059,12052,-19412,-7360
2011-10-12T22:00:00Z,3.3575,3.3745,3.286,3.331,72909,-58490,14419,27971,-35030,-7059,12052,-19412,-7360,NaN,NaN,NaN,NaN,122868,72909,-58490,14419,27971,-35030,-7059,12052,-19412,-7360
2011-10-13T22:00:00Z,3.328,3.4355,3.3125,3.4355,72909,-58490,14419,27971,-35030,-7059,12052,-19412,-7360,NaN,NaN,NaN,NaN,122868,72909,-58490,14419,27971,-35030,-7059,12052,-19412,-7360
2011-10-16T22:00:00Z,3.4375,3.4635,3.332,3.332,72909,-58490,14419,27971,-35030,-7059,12052,-19412,-7360,NaN,NaN,NaN,NaN,122868,72909,-58490,14419,27971,-35030,-7059,12052,-19412,-7360
2011-10-17T22:00:00Z,3.334,3.4205,3.2575,3.374,75441,-61894,13547,28110,-33449,-5339,12765,-20973,-8208,NaN,NaN,NaN,NaN,129014,75441,-61894,13547,28110,-33449,-5339,12765,-20973,-8208
2011-10-18T22:00:00Z,3.374,3.3775,3.206,3.2285,75441,-61894,13547,28110,-33449,-5339,12765,-20973,-8208,NaN,NaN,NaN,NaN,129014,75441,-61894,13547,28110,-33449,-5339,12765,-20973,-8208
2011-10-19T22:00:00Z,3.2215,3.235,3.031,3.085,75441,-61894,13547,28110,-33449,-5339,12765,-20973,-8208,NaN,NaN,NaN,NaN,129014,75441,-61894,13547,28110,-33449,-5339,12765,-20973,-8208
2011-10-20T22:00:00Z,3.085,3.278,3.077,3.2505,75441,-61894,13547,28110,-33449,-5339,12765,-20973,-8208,NaN,NaN,NaN,NaN,129014,75441,-61894,13547,28110,-33449,-5339,12765,-20973,-8208
2011-10-23T22:00:00Z,3.2455,3.47,3.223,3.455,75441,-61894,13547,28110,-33449,-5339,12765,-20973,-8208,NaN,NaN,NaN,NaN,129014,75441,-61894,13547,28110,-33449,-5339,12765,-20973,-8208
2011-10-24T22:00:00Z,3.4605,3.539,3.358,3.41,73267,-62365,10902,28375,-31313,-2938,12366,-20330,-7964,NaN,NaN,NaN,NaN,129893,73267,-62365,10902,28375,-31313,-2938,12366,-20330,-7964
2011-10-25T22:00:00Z,3.4135,3.588,3.396,3.5075,73267,-62365,10902,28375,-31313,-2938,12366,-20330,-7964,NaN,NaN,NaN,NaN,129893,73267,-62365,10902,28375,-31313,-2938,12366,-20330,-7964
2011-10-26T22:00:00Z,3.4995,3.7215,3.498,3.7035,73267,-62365,10902,28375,-31313,-2938,12366,-20330,-7964,NaN,NaN,NaN,NaN,129893,73267,-62365,10902,28375,-31313,-2938,12366,-20330,-7964
2011-10-27T22:00:00Z,3.705,3.75,3.6155,3.7205,73267,-62365,10902,28375,-31313,-2938,12366,-20330,-7964,NaN,NaN,NaN,NaN,129893,73267,-62365,10902,28375,-31313,-2938,12366,-20330,-7964
2011-10-30T22:00:00Z,3.7405,3.7425,3.5675,3.608,73267,-62365,10902,28375,-31313,-2938,12366,-20330,-7964,NaN,NaN,NaN,NaN,129893,73267,-62365,10902,28375,-31313,-2938,12366,-20330,-7964
2011-10-31T22:00:00Z,3.6095,3.657,3.462,3.511,71273,-64692,6581,28641,-26854,1787,11062,-19430,-8368,NaN,NaN,NaN,NaN,126363,71273,-64692,6581,28641,-26854,1787,11062,-19430,-8368
2011-11-01T22:00:00Z,3.5035,3.6295,3.4775,3.584,71273,-64692,6581,28641,-26854,1787,11062,-19430,-8368,NaN,NaN,NaN,NaN,126363,71273,-64692,6581,28641,-26854,1787,11062,-19430,-8368
2011-11-02T22:00:00Z,3.5835,3.609,3.474,3.5895,71273,-64692,6581,28641,-26854,1787,11062,-19430,-8368,NaN,NaN,NaN,NaN,126363,71273,-64692,6581,28641,-26854,1787,11062,-19430,-8368
2011-11-03T22:00:00Z,3.5915,3.6535,3.5445,3.566,71273,-64692,6581,28641,-26854,1787,11062,-19430,-8368,NaN,NaN,NaN,NaN,126363,71273,-64692,6581,28641,-26854,1787,11062,-19430,-8368
2011-11-06T23:00:00Z,3.5645,3.6535,3.4905,3.587,71273,-64692,6581,28641,-26854,1787,11062,-19430,-8368,NaN,NaN,NaN,NaN,126363,71273,-64692,6581,28641,-26854,1787,11062,-19430,-8368
2011-11-07T23:00:00Z,3.582,3.59,3.5055,3.5515,70552,-66389,4163,26697,-26385,312,13637,-18112,-4475,NaN,NaN,NaN,NaN,123572,70552,-66389,4163,26697,-26385,312,13637,-18112,-4475
2011-11-08T23:00:00Z,3.5425,3.6,3.388,3.394,70552,-66389,4163,26697,-26385,312,13637,-18112,-4475,NaN,NaN,NaN,NaN,123572,70552,-66389,4163,26697,-26385,312,13637,-18112,-4475
2011-11-09T23:00:00Z,3.401,3.429,3.318,3.376,70552,-66389,4163,26697,-26385,312,13637,-18112,-4475,NaN,NaN,NaN,NaN,123572,70552,-66389,4163,26697,-26385,312,13637,-18112,-4475
2011-11-10T23:00:00Z,3.376,3.486,3.343,3.486,70552,-66389,4163,26697,-26385,312,13637,-18112,-4475,NaN,NaN,NaN,NaN,123572,70552,-66389,4163,26697,-26385,312,13637,-18112,-4475
2011-11-13T23:00:00Z,3.474,3.5855,3.471,3.4935,70552,-66389,4163,26697,-26385,312,13637,-18112,-4475,NaN,NaN,NaN,NaN,123572,70552,-66389,4163,26697,-26385,312,13637,-18112,-4475
2011-11-14T23:00:00Z,3.489,3.5215,3.454,3.5,77633,-72092,5541,26992,-28106,-1114,13125,-17552,-4427,NaN,NaN,NaN,NaN,129991,77633,-72092,5541,26992,-28106,-1114,13125,-17552,-4427
2011-11-15T23:00:00Z,3.5005,3.538,3.43,3.47,77633,-72092,5541,26992,-28106,-1114,13125,-17552,-4427,NaN,NaN,NaN,NaN,129991,77633,-72092,5541,26992,-28106,-1114,13125,-17552,-4427
2011-11-16T23:00:00Z,3.467,3.492,3.357,3.3705,77633,-72092,5541,26992,-28106,-1114,13125,-17552,-4427,NaN,NaN,NaN,NaN,129991,77633,-72092,5541,26992,-28106,-1114,13125,-17552,-4427
2011-11-17T23:00:00Z,3.368,3.4405,3.331,3.4035,77633,-72092,5541,26992,-28106,-1114,13125,-17552,-4427,NaN,NaN,NaN,NaN,129991,77633,-72092,5541,26992,-28106,-1114,13125,-17552,-4427
2011-11-20T23:00:00Z,3.3985,3.4095,3.272,3.3115,77633,-72092,5541,26992,-28106,-1114,13125,-17552,-4427,NaN,NaN,NaN,NaN,129991,77633,-72092,5541,26992,-28106,-1114,13125,-17552,-4427
2011-11-21T23:00:00Z,3.3075,3.3735,3.2935,3.311,72381,-62742,9639,26072,-30294,-4222,12390,-17807,-5417,NaN,NaN,NaN,NaN,124189,72381,-62742,9639,26072,-30294,-4222,12390,-17807,-5417
2011-11-22T23:00:00Z,3.31,3.367,3.234,3.253,72381,-62742,9639,26072,-30294,-4222,12390,-17807,-5417,NaN,NaN,NaN,NaN,124189,72381,-62742,9639,26072,-30294,-4222,12390,-17807,-5417
2011-11-23T23:00:00Z,3.264,3.318,3.204,3.28,72381,-62742,9639,26072,-30294,-4222,12390,-17807,-5417,NaN,NaN,NaN,NaN,124189,72381,-62742,9639,26072,-30294,-4222,12390,-17807,-5417
2011-11-27T23:00:00Z,3.31,3.4025,3.303,3.3485,72381,-62742,9639,26072,-30294,-4222,12390,-17807,-5417,NaN,NaN,NaN,NaN,124189,72381,-62742,9639,26072,-30294,-4222,12390,-17807,-5417
2011-11-28T23:00:00Z,3.365,3.4145,3.3455,3.389,64354,-54748,9606,26425,-29733,-3308,9695,-15993,-6298,NaN,NaN,NaN,NaN,112374,64354,-54748,9606,26425,-29733,-3308,9695,-15993,-6298
2011-11-29T23:00:00Z,3.389,3.635,3.305,3.5735,64354,-54748,9606,26425,-29733,-3308,9695,-15993,-6298,NaN,NaN,NaN,NaN,112374,64354,-54748,9606,26425,-29733,-3308,9695,-15993,-6298
2011-11-30T23:00:00Z,3.569,3.5995,3.5175,3.537,64354,-54748,9606,26425,-29733,-3308,9695,-15993,-6298,NaN,NaN,NaN,NaN,112374,64354,-54748,9606,26425,-29733,-3308,9695,-15993,-6298
2011-12-01T23:00:00Z,3.541,3.674,3.5275,3.5855,64354,-54748,9606,26425,-29733,-3308,9695,-15993,-6298,NaN,NaN,NaN,NaN,112374,64354,-54748,9606,26425,-29733,-3308,9695,-15993,-6298
2011-12-04T23:00:00Z,3.5855,3.636,3.5435,3.555,64354,-54748,9606,26425,-29733,-3308,9695,-15993,-6298,NaN,NaN,NaN,NaN,112374,64354,-54748,9606,26425,-29733,-3308,9695,-15993,-6298
2011-12-05T23:00:00Z,3.552,3.607,3.525,3.58,65290,-57566,7724,26715,-29347,-2632,10525,-15617,-5092,NaN,NaN,NaN,NaN,113252,65290,-57566,7724,26715,-29347,-2632,10525,-15617,-5092
2011-12-06T23:00:00Z,3.5835,3.6145,3.5215,3.5565,65290,-57566,7724,26715,-29347,-2632,10525,-15617,-5092,NaN,NaN,NaN,NaN,113252,65290,-57566,7724,26715,-29347,-2632,10525,-15617,-5092
2011-12-07T23:00:00Z,3.5585,3.6045,3.479,3.487,65290,-57566,7724,26715,-29347,-2632,10525,-15617,-5092,NaN,NaN,NaN,NaN,113252,65290,-57566,7724,26715,-29347,-2632,10525,-15617,-5092
2011-12-08T23:00:00Z,3.4895,3.595,3.4755,3.5735,65290,-57566,7724,26715,-29347,-2632,10525,-15617,-5092,NaN,NaN,NaN,NaN,113252,65290,-57566,7724,26715,-29347,-2632,10525,-15617,-5092
2011-12-11T23:00:00Z,3.567,3.5715,3.435,3.453,65290,-57566,7724,26715,-29347,-2632,10525,-15617,-5092,NaN,NaN,NaN,NaN,113252,65290,-57566,7724,26715,-29347,-2632,10525,-15617,-5092
2011-12-12T23:00:00Z,3.453,3.4945,3.378,3.385,67361,-59408,7953,27040,-30396,-3356,10840,-15437,-4597,NaN,NaN,NaN,NaN,115993,67361,-59408,7953,27040,-30396,-3356,10840,-15437,-4597
2011-12-13T23:00:00Z,3.3865,3.426,3.2565,3.28,67361,-59408,7953,27040,-30396,-3356,10840,-15437,-4597,NaN,NaN,NaN,NaN,115993,67361,-59408,7953,27040,-30396,-3356,10840,-15437,-4597
2011-12-14T23:00:00Z,3.277,3.33,3.2325,3.2655,67361,-59408,7953,27040,-30396,-3356,10840,-15437,-4597,NaN,NaN,NaN,NaN,115993,67361,-59408,7953,27040,-30396,-3356,10840,-15437,-4597
2011-12-15T23:00:00Z,3.268,3.3775,3.268,3.3525,67361,-59408,7953,27040,-30396,-3356,10840,-15437,-4597,NaN,NaN,NaN,NaN,115993,67361,-59408,7953,27040,-30396,-3356,10840,-15437,-4597
2011-12-18T23:00:00Z,3.345,3.3565,3.2625,3.3065,67361,-59408,7953,27040,-30396,-3356,10840,-15437,-4597,NaN,NaN,NaN,NaN,115993,67361,-59408,7953,27040,-30396,-3356,10840,-15437,-4597
2011-12-19T23:00:00Z,3.303,3.39,3.2855,3.375,67210,-55838,11372,28339,-33294,-4955,9893,-16310,-6417,NaN,NaN,NaN,NaN,116050,67210,-55838,11372,28339,-33294,-4955,9893,-16310,-6417
2011-12-20T23:00:00Z,3.38,3.437,3.349,3.385,67210,-55838,11372,28339,-33294,-4955,9893,-16310,-6417,NaN,NaN,NaN,NaN,116050,67210,-55838,11372,28339,-33294,-4955,9893,-16310,-6417
2011-12-21T23:00:00Z,3.3895,3.43,3.36,3.4165,67210,-55838,11372,28339,-33294,-4955,9893,-16310,-6417,NaN,NaN,NaN,NaN,116050,67210,-55838,11372,28339,-33294,-4955,9893,-16310,-6417
2011-12-22T23:00:00Z,3.4185,3.479,3.4135,3.4685,67210,-55838,11372,28339,-33294,-4955,9893,-16310,-6417,NaN,NaN,NaN,NaN,116050,67210,-55838,11372,28339,-33294,-4955,9893,-16310,-6417
2011-12-26T23:00:00Z,3.455,3.456,3.365,3.408,67188,-56805,10383,28669,-32261,-3592,10202,-16993,-6791,NaN,NaN,NaN,NaN,117153,67188,-56805,10383,28669,-32261,-3592,10202,-16993,-6791
2011-12-27T23:00:00Z,3.409,3.449,3.3495,3.356,67188,-56805,10383,28669,-32261,-3592,10202,-16993,-6791,NaN,NaN,NaN,NaN,117153,67188,-56805,10383,28669,-32261,-3592,10202,-16993,-6791
2011-12-28T23:00:00Z,3.355,3.4015,3.325,3.3815,67188,-56805,10383,28669,-32261,-3592,10202,-16993,-6791,NaN,NaN,NaN,NaN,117153,67188,-56805,10383,28669,-32261,-3592,10202,-16993,-6791
2011-12-29T23:00:00Z,3.3875,3.4585,3.3775,3.43,67188,-56805,10383,28669,-32261,-3592,10202,-16993,-6791,NaN,NaN,NaN,NaN,117153,67188,-56805,10383,28669,-32261,-3592,10202,-16993,-6791
2012-01-02T23:00:00Z,3.454,3.539,3.454,3.522,68300,-60466,7834,29629,-31177,-1548,10947,-17233,-6286,NaN,NaN,NaN,NaN,120794,68300,-60466,7834,29629,-31177,-1548,10947,-17233,-6286
2012-01-03T23:00:00Z,3.521,3.5825,3.42,3.434,68300,-60466,7834,29629,-31177,-1548,10947,-17233,-6286,NaN,NaN,NaN,NaN,120794,68300,-60466,7834,29629,-31177,-1548,10947,-17233,-6286
2012-01-04T23:00:00Z,3.434,3.48,3.3845,3.4115,68300,-60466,7834,29629,-31177,-1548,10947,-17233,-6286,NaN,NaN,NaN,NaN,120794,68300,-60466,7834,29629,-31177,-1548,10947,-17233,-6286
2012-01-05T23:00:00Z,3.4115,3.465,3.3935,3.4325,68300,-60466,7834,29629,-31177,-1548,10947,-17233,-6286,NaN,NaN,NaN,NaN,120794,68300,-60466,7834,29629,-31177,-1548,10947,-17233,-6286
2012-01-08T23:00:00Z,3.4345,3.442,3.378,3.425,68300,-60466,7834,29629,-31177,-1548,10947,-17233,-6286,NaN,NaN,NaN,NaN,120794,68300,-60466,7834,29629,-31177,-1548,10947,-17233,-6286
2012-01-09T23:00:00Z,3.424,3.5175,3.404,3.4995,68689,-61854,6835,31413,-33123,-1710,12069,-17194,-5125,NaN,NaN,NaN,NaN,126638,68689,-61854,6835,31413,-33123,-1710,12069,-17194,-5125
2012-01-10T23:00:00Z,3.5,3.5565,3.4705,3.547,68689,-61854,6835,31413,-33123,-1710,12069,-17194,-5125,NaN,NaN,NaN,NaN,126638,68689,-61854,6835,31413,-33123,-1710,12069,-17194,-5125
2012-01-11T23:00:00Z,3.55,3.671,3.522,3.645,68689,-61854,6835,31413,-33123,-1710,12069,-17194,-5125,NaN,NaN,NaN,NaN,126638,68689,-61854,6835,31413,-33123,-1710,12069,-17194,-5125
2012-01-12T23:00:00Z,3.64,3.689,3.579,3.648,68689,-61854,6835,31413,-33123,-1710,12069,-17194,-5125,NaN,NaN,NaN,NaN,126638,68689,-61854,6835,31413,-33123,-1710,12069,-17194,-5125
2012-01-15T23:00:00Z,3.634,3.759,3.594,3.7275,67784,-65652,2132,34047,-31736,2311,13054,-17497,-4443,NaN,NaN,NaN,NaN,132457,67784,-65652,2132,34047,-31736,2311,13054,-17497,-4443
2012-01-17T23:00:00Z,3.7235,3.7725,3.6955,3.761,67784,-65652,2132,34047,-31736,2311,13054,-17497,-4443,NaN,NaN,NaN,NaN,132457,67784,-65652,2132,34047,-31736,2311,13054,-17497,-4443
2012-01-18T23:00:00Z,3.7575,3.8215,3.757,3.8175,67784,-65652,2132,34047,-31736,2311,13054,-17497,-4443,NaN,NaN,NaN,NaN,132457,67784,-65652,2132,34047,-31736,2311,13054,-17497,-4443
2012-01-19T23:00:00Z,3.812,3.834,3.731,3.7465,67784,-65652,2132,34047,-31736,2311,13054,-17497,-4443,NaN,NaN,NaN,NaN,132457,67784,-65652,2132,34047,-31736,2311,13054,-17497,-4443
2012-01-22T23:00:00Z,3.751,3.8195,3.722,3.815,67784,-65652,2132,34047,-31736,2311,13054,-17497,-4443,NaN,NaN,NaN,NaN,132457,67784,-65652,2132,34047,-31736,2311,13054,-17497,-4443
2012-01-23T23:00:00Z,3.815,3.826,3.7495,3.8255,70960,-70786,174,36031,-31508,4523,13326,-18023,-4697,NaN,NaN,NaN,NaN,142751,70960,-70786,174,36031,-31508,4523,13326,-18023,-4697
2012-01-24T23:00:00Z,3.8225,3.857,3.76,3.8465,70960,-70786,174,36031,-31508,4523,13326,-18023,-4697,NaN,NaN,NaN,NaN,142751,70960,-70786,174,36031,-31508,4523,13326,-18023,-4697
2012-01-25T23:00:00Z,3.8495,3.9105,3.8305,3.8885,70960,-70786,174,36031,-31508,4523,13326,-18023,-4697,NaN,NaN,NaN,NaN,142751,70960,-70786,174,36031,-31508,4523,13326,-18023,-4697
2012-01-26T23:00:00Z,3.89,3.939,3.863,3.892,70960,-70786,174,36031,-31508,4523,13326,-18023,-4697,NaN,NaN,NaN,NaN,142751,70960,-70786,174,36031,-31508,4523,13326,-18023,-4697
2012-01-29T23:00:00Z,3.894,3.894,3.797,3.831,70960,-70786,174,36031,-31508,4523,13326,-18023,-4697,NaN,NaN,NaN,NaN,142751,70960,-70786,174,36031,-31508,4523,13326,-18023,-4697
2012-01-30T23:00:00Z,3.8315,3.876,3.765,3.791,77199,-78424,-1225,37665,-33482,4183,13830,-16788,-2958,NaN,NaN,NaN,NaN,151787,77199,-78424,-1225,37665,-33482,4183,13830,-16788,-2958
2012-01-31T23:00:00Z,3.791,3.848,3.763,3.8295,77199,-78424,-1225,37665,-33482,4183,13830,-16788,-2958,NaN,NaN,NaN,NaN,151787,77199,-78424,-1225,37665,-33482,4183,13830,-16788,-2958
2012-02-01T23:00:00Z,3.83,3.851,3.767,3.7885,77199,-78424,-1225,37665,-33482,4183,13830,-16788,-2958,NaN,NaN,NaN,NaN,151787,77199,-78424,-1225,37665,-33482,4183,13830,-16788,-2958
2012-02-02T23:00:00Z,3.7885,3.9145,3.7775,3.9055,77199,-78424,-1225,37665,-33482,4183,13830,-16788,-2958,NaN,NaN,NaN,NaN,151787,77199,-78424,-1225,37665,-33482,4183,13830,-16788,-2958
2012-02-05T23:00:00Z,3.9015,3.902,3.828,3.879,77199,-78424,-1225,37665,-33482,4183,13830,-16788,-2958,NaN,NaN,NaN,NaN,151787,77199,-78424,-1225,37665,-33482,4183,13830,-16788,-2958
2012-02-06T23:00:00Z,3.8775,3.881,3.794,3.87,82954,-87532,-4578,40578,-33536,7042,14265,-16729,-2464,NaN,NaN,NaN,NaN,160030,82954,-87532,-4578,40578,-33536,7042,14265,-16729,-2464
2012-02-07T23:00:00Z,3.8695,3.935,3.8535,3.9,82954,-87532,-4578,40578,-33536,7042,14265,-16729,-2464,NaN,NaN,NaN,NaN,160030,82954,-87532,-4578,40578,-33536,7042,14265,-16729,-2464
2012-02-08T23:00:00Z,3.908,3.9895,3.873,3.968,82954,-87532,-4578,40578,-33536,7042,14265,-16729,-2464,NaN,NaN,NaN,NaN,160030,82954,-87532,-4578,40578,-33536,7042,14265,-16729,-2464
2012-02-09T23:00:00Z,3.9735,3.9785,3.8425,3.863,82954,-87532,-4578,40578,-33536,7042,14265,-16729,-2464,NaN,NaN,NaN,NaN,160030,82954,-87532,-4578,40578,-33536,7042,14265,-16729,-2464
2012-02-12T23:00:00Z,3.8755,3.908,3.816,3.8325,82954,-87532,-4578,40578,-33536,7042,14265,-16729,-2464,NaN,NaN,NaN,NaN,160030,82954,-87532,-4578,40578,-33536,7042,14265,-16729,-2464
2012-02-13T23:00:00Z,3.8325,3.859,3.784,3.83,85459,-94173,-8714,42281,-32572,9709,13884,-14879,-995,NaN,NaN,NaN,NaN,164491,85459,-94173,-8714,42281,-32572,9709,13884,-14879,-995
2012-02-14T23:00:00Z,3.8325,3.8725,3.79,3.808,85459,-94173,-8714,42281,-32572,9709,13884,-14879,-995,NaN,NaN,NaN,NaN,164491,85459,-94173,-8714,42281,-32572,9709,13884,-14879,-995
2012-02-15T23:00:00Z,3.8055,3.819,3.7275,3.81,85459,-94173,-8714,42281,-32572,9709,13884,-14879,-995,NaN,NaN,NaN,NaN,164491,85459,-94173,-8714,42281,-32572,9709,13884,-14879,-995
2012-02-16T23:00:00Z,3.81,3.832,3.6935,3.718,85459,-94173,-8714,42281,-32572,9709,13884,-14879,-995,NaN,NaN,NaN,NaN,164491,85459,-94173,-8714,42281,-32572,9709,13884,-14879,-995
2012-02-19T23:00:00Z,3.755,3.8445,3.724,3.825,84117,-91136,-7019,43171,-33634,9537,14258,-16776,-2518,NaN,NaN,NaN,NaN,162525,84117,-91136,-7019,43171,-33634,9537,14258,-16776,-2518
2012-02-21T23:00:00Z,3.8345,3.8515,3.794,3.8325,84117,-91136,-7019,43171,-33634,9537,14258,-16776,-2518,NaN,NaN,NaN,NaN,162525,84117,-91136,-7019,43171,-33634,9537,14258,-16776,-2518
2012-02-22T23:00:00Z,3.833,3.8395,3.7735,3.8115,84117,-91136,-7019,43171,-33634,9537,14258,-16776,-2518,NaN,NaN,NaN,NaN,162525,84117,-91136,-7019,43171,-33634,9537,14258,-16776,-2518
2012-02-23T23:00:00Z,3.8155,3.8825,3.7825,3.8615,84117,-91136,-7019,43171,-33634,9537,14258,-16776,-2518,NaN,NaN,NaN,NaN,162525,84117,-91136,-7019,43171,-33634,9537,14258,-16776,-2518
2012-02-26T23:00:00Z,3.8645,3.89,3.8235,3.867,84117,-91136,-7019,43171,-33634,9537,14258,-16776,-2518,NaN,NaN,NaN,NaN,162525,84117,-91136,-7019,43171,-33634,9537,14258,-16776,-2518
2012-02-27T23:00:00Z,3.889,3.9575,3.867,3.9165,77325,-86060,-8735,43900,-33389,10511,13726,-15502,-1776,NaN,NaN,NaN,NaN,153312,77325,-86060,-8735,43900,-33389,10511,13726,-15502,-1776
2012-02-28T23:00:00Z,3.9175,3.9615,3.805,3.873,77325,-86060,-8735,43900,-33389,10511,13726,-15502,-1776,NaN,NaN,NaN,NaN,153312,77325,-86060,-8735,43900,-33389,10511,13726,-15502,-1776
2012-02-29T23:00:00Z,3.8635,3.9385,3.8485,3.9315,77325,-86060,-8735,43900,-33389,10511,13726,-15502,-1776,NaN,NaN,NaN,NaN,153312,77325,-86060,-8735,43900,-33389,10511,13726,-15502,-1776
2012-03-01T23:00:00Z,3.9315,3.9495,3.889,3.907,77325,-86060,-8735,43900,-33389,10511,13726,-15502,-1776,NaN,NaN,NaN,NaN,153312,77325,-86060,-8735,43900,-33389,10511,13726,-15502,-1776
2012-03-04T23:00:00Z,3.9045,3.9325,3.8355,3.8665,77325,-86060,-8735,43900,-33389,10511,13726,-15502,-1776,NaN,NaN,NaN,NaN,153312,77325,-86060,-8735,43900,-33389,10511,13726,-15502,-1776
2012-03-05T23:00:00Z,3.8635,3.883,3.7305,3.7375,76505,-83720,-7215,44783,-33198,11585,12218,-16588,-4370,NaN,NaN,NaN,NaN,152741,76505,-83720,-7215,44783,-33198,11585,12218,-16588,-4370
2012-03-06T23:00:00Z,3.739,3.786,3.714,3.775,76505,-83720,-7215,44783,-33198,11585,12218,-16588,-4370,NaN,NaN,NaN,NaN,152741,76505,-83720,-7215,44783,-33198,11585,12218,-16588,-4370
2012-03-07T23:00:00Z,3.771,3.831,3.765,3.798,76505,-83720,-7215,44783,-33198,11585,12218,-16588,-4370,NaN,NaN,NaN,NaN,152741,76505,-83720,-7215,44783,-33198,11585,12218,-16588,-4370
2012-03-08T23:00:00Z,3.7945,3.8775,3.788,3.8545,76505,-83720,-7215,44783,-33198,11585,12218,-16588,-4370,NaN,NaN,NaN,NaN,152741,76505,-83720,-7215,44783,-33198,11585,12218,-16588,-4370
2012-03-11T22:00:00Z,3.855,3.865,3.817,3.8435,76505,-83720,-7215,44783,-33198,11585,12218,-16588,-4370,NaN,NaN,NaN,NaN,152741,76505,-83720,-7215,44783,-33198,11585,12218,-16588,-4370
2012-03-12T22:00:00Z,3.843,3.9185,3.8415,3.9175,75104,-82186,-7082,43424,-34352,9072,14252,-16242,-1990,NaN,NaN,NaN,NaN,150968,75104,-82186,-7082,43424,-34352,9072,14252,-16242,-1990
2012-03-13T22:00:00Z,3.912,3.918,3.8255,3.8385,75104,-82186,-7082,43424,-34352,9072,14252,-16242,-1990,NaN,NaN,NaN,NaN,150968,75104,-82186,-7082,43424,-34352,9072,14252,-16242,-1990
2012-03-14T22:00:00Z,3.8345,3.903,3.825,3.8975,75104,-82186,-7082,43424,-34352,9072,14252,-16242,-1990,NaN,NaN,NaN,NaN,150968,75104,-82186,-7082,43424,-34352,9072,14252,-16242,-1990
2012-03-15T22:00:00Z,3.8965,3.94,3.8675,3.8845,75104,-82186,-7082,43424,-34352,9072,14252,-16242,-1990,NaN,NaN,NaN,NaN,150968,75104,-82186,-7082,43424,-34352,9072,14252,-16242,-1990
2012-03-18T22:00:00Z,3.8845,3.9195,3.855,3.905,75104,-82186,-7082,43424,-34352,9072,14252,-16242,-1990,NaN,NaN,NaN,NaN,150968,75104,-82186,-7082,43424,-34352,9072,14252,-16242,-1990
2012-03-19T22:00:00Z,3.905,3.91,3.8135,3.839,72827,-81578,-8751,48835,-36560,12275,13471,-16995,-3524,NaN,NaN,NaN,NaN,154394,72827,-81578,-8751,48835,-36560,12275,13471,-16995,-3524
2012-03-20T22:00:00Z,3.839,3.87,3.8275,3.841,72827,-81578,-8751,48835,-36560,12275,13471,-16995,-3524,NaN,NaN,NaN,NaN,154394,72827,-81578,-8751,48835,-36560,12275,13471,-16995,-3524
2012-03-21T22:00:00Z,3.836,3.857,3.7525,3.7715,72827,-81578,-8751,48835,-36560,12275,13471,-16995,-3524,NaN,NaN,NaN,NaN,154394,72827,-81578,-8751,48835,-36560,12275,13471,-16995,-3524
2012-03-22T22:00:00Z,3.773,3.825,3.7625,3.8075,72827,-81578,-8751,48835,-36560,12275,13471,-16995,-3524,NaN,NaN,NaN,NaN,154394,72827,-81578,-8751,48835,-36560,12275,13471,-16995,-3524
2012-03-25T22:00:00Z,3.8055,3.8995,3.795,3.896,72827,-81578,-8751,48835,-36560,12275,13471,-16995,-3524,NaN,NaN,NaN,NaN,154394,72827,-81578,-8751,48835,-36560,12275,13471,-16995,-3524
2012-03-26T22:00:00Z,3.897,3.904,3.855,3.865,71533,-77823,-6290,44370,-36296,8074,14983,-16767,-1784,NaN,NaN,NaN,NaN,152037,71533,-77823,-6290,44370,-36296,8074,14983,-16767,-1784
2012-03-27T22:00:00Z,3.8675,3.87,3.7825,3.795,71533,-77823,-6290,44370,-36296,8074,14983,-16767,-1784,NaN,NaN,NaN,NaN,152037,71533,-77823,-6290,44370,-36296,8074,14983,-16767,-1784
2012-03-28T22:00:00Z,3.801,3.818,3.762,3.8105,71533,-77823,-6290,44370,-36296,8074,14983,-16767,-1784,NaN,NaN,NaN,NaN,152037,71533,-77823,-6290,44370,-36296,8074,14983,-16767,-1784
2012-03-29T22:00:00Z,3.806,3.852,3.8055,3.824,71533,-77823,-6290,44370,-36296,8074,14983,-16767,-1784,NaN,NaN,NaN,NaN,152037,71533,-77823,-6290,44370,-36296,8074,14983,-16767,-1784
2012-04-01T22:00:00Z,3.85,3.9325,3.8285,3.9115,71533,-77823,-6290,44370,-36296,8074,14983,-16767,-1784,NaN,NaN,NaN,NaN,152037,71533,-77823,-6290,44370,-36296,8074,14983,-16767,-1784
2012-04-02T22:00:00Z,3.911,3.958,3.881,3.8905,71108,-78085,-6977,48178,-38649,9529,15587,-18139,-2552,NaN,NaN,NaN,NaN,156569,71108,-78085,-6977,48178,-38649,9529,15587,-18139,-2552
2012-04-03T22:00:00Z,3.889,3.8935,3.789,3.796,71108,-78085,-6977,48178,-38649,9529,15587,-18139,-2552,NaN,NaN,NaN,NaN,156569,71108,-78085,-6977,48178,-38649,9529,15587,-18139,-2552
2012-04-04T22:00:00Z,3.7915,3.827,3.7745,3.798,71108,-78085,-6977,48178,-38649,9529,15587,-18139,-2552,NaN,NaN,NaN,NaN,156569,71108,-78085,-6977,48178,-38649,9529,15587,-18139,-2552
2012-04-08T22:00:00Z,3.779,3.7995,3.705,3.7135,71108,-78085,-6977,48178,-38649,9529,15587,-18139,-2552,NaN,NaN,NaN,NaN,156569,71108,-78085,-6977,48178,-38649,9529,15587,-18139,-2552
2012-04-09T22:00:00Z,3.719,3.7825,3.645,3.664,68891,-66807,2084,41312,-40893,419,18280,-20783,-2503,NaN,NaN,NaN,NaN,148468,68891,-66807,2084,41312,-40893,419,18280,-20783,-2503
2012-04-10T22:00:00Z,3.664,3.673,3.6305,3.6345,68891,-66807,2084,41312,-40893,419,18280,-20783,-2503,NaN,NaN,NaN,NaN,148468,68891,-66807,2084,41312,-40893,419,18280,-20783,-2503
2012-04-11T22:00:00Z,3.6345,3.731,3.634,3.715,68891,-66807,2084,41312,-40893,419,18280,-20783,-2503,NaN,NaN,NaN,NaN,148468,68891,-66807,2084,41312,-40893,419,18280,-20783,-2503
2012-04-12T22:00:00Z,3.72,3.7225,3.6055,3.617,68891,-66807,2084,41312,-40893,419,18280,-20783,-2503,NaN,NaN,NaN,NaN,148468,68891,-66807,2084,41312,-40893,419,18280,-20783,-2503
2012-04-15T22:00:00Z,3.627,3.6395,3.569,3.6305,68891,-66807,2084,41312,-40893,419,18280,-20783,-2503,NaN,NaN,NaN,NaN,148468,68891,-66807,2084,41312,-40893,419,18280,-20783,-2503
2012-04-16T22:00:00Z,3.628,3.6545,3.5845,3.6405,84347,-75969,8378,41012,-39755,1257,13161,-22796,-9635,NaN,NaN,NaN,NaN,159119,84347,-75969,8378,41012,-39755,1257,13161,-22796,-9635
2012-04-17T22:00:00Z,3.6435,3.6745,3.612,3.631,84347,-75969,8378,41012,-39755,1257,13161,-22796,-9635,NaN,NaN,NaN,NaN,159119,84347,-75969,8378,41012,-39755,1257,13161,-22796,-9635
2012-04-18T22:00:00Z,3.6285,3.655,3.5975,3.6285,84347,-75969,8378,41012,-39755,1257,13161,-22796,-9635,NaN,NaN,NaN,NaN,159119,84347,-75969,8378,41012,-39755,1257,13161,-22796,-9635
2012-04-19T22:00:00Z,3.6285,3.7125,3.6245,3.6895,84347,-75969,8378,41012,-39755,1257,13161,-22796,-9635,NaN,NaN,NaN,NaN,159119,84347,-75969,8378,41012,-39755,1257,13161,-22796,-9635
2012-04-22T22:00:00Z,3.687,3.692,3.6035,3.6295,84347,-75969,8378,41012,-39755,1257,13161,-22796,-9635,NaN,NaN,NaN,NaN,159119,84347,-75969,8378,41012,-39755,1257,13161,-22796,-9635
2012-04-23T22:00:00Z,3.6315,3.688,3.625,3.6775,86726,-76668,10058,38687,-36365,2322,11983,-24363,-12380,NaN,NaN,NaN,NaN,159256,86726,-76668,10058,38687,-36365,2322,11983,-24363,-12380
2012-04-24T22:00:00Z,3.677,3.715,3.6605,3.7095,86726,-76668,10058,38687,-36365,2322,11983,-24363,-12380,NaN,NaN,NaN,NaN,159256,86726,-76668,10058,38687,-36365,2322,11983,-24363,-12380
2012-04-25T22:00:00Z,3.71,3.785,3.6885,3.7775,86726,-76668,10058,38687,-36365,2322,11983,-24363,-12380,NaN,NaN,NaN,NaN,159256,86726,-76668,10058,38687,-36365,2322,11983,-24363,-12380
2012-04-26T22:00:00Z,3.779,3.8395,3.7545,3.8335,86726,-76668,10058,38687,-36365,2322,11983,-24363,-12380,NaN,NaN,NaN,NaN,159256,86726,-76668,10058,38687,-36365,2322,11983,-24363,-12380
2012-04-29T22:00:00Z,3.8365,3.8615,3.7965,3.8365,86726,-76668,10058,38687,-36365,2322,11983,-24363,-12380,NaN,NaN,NaN,NaN,159256,86726,-76668,10058,38687,-36365,2322,11983,-24363,-12380
2012-04-30T22:00:00Z,3.837,3.8555,3.812,3.839,77181,-70533,6648,41404,-37514,3890,11205,-21743,-10538,NaN,NaN,NaN,NaN,144241,77181,-70533,6648,41404,-37514,3890,11205,-21743,-10538
2012-05-01T22:00:00Z,3.8385,3.8395,3.7665,3.789,77181,-70533,6648,41404,-37514,3890,11205,-21743,-10538,NaN,NaN,NaN,NaN,144241,77181,-70533,6648,41404,-37514,3890,11205,-21743,-10538
2012-05-02T22:00:00Z,3.785,3.791,3.727,3.7365,77181,-70533,6648,41404,-37514,3890,11205,-21743,-10538,NaN,NaN,NaN,NaN,144241,77181,-70533,6648,41404,-37514,3890,11205,-21743,-10538
2012-05-03T22:00:00Z,3.736,3.755,3.7025,3.722,77181,-70533,6648,41404,-37514,3890,11205,-21743,-10538,NaN,NaN,NaN,NaN,144241,77181,-70533,6648,41404,-37514,3890,11205,-21743,-10538
2012-05-06T22:00:00Z,3.7075,3.7785,3.6665,3.7595,77181,-70533,6648,41404,-37514,3890,11205,-21743,-10538,NaN,NaN,NaN,NaN,144241,77181,-70533,6648,41404,-37514,3890,11205,-21743,-10538
2012-05-07T22:00:00Z,3.7655,3.7655,3.6565,3.691,78539,-71298,7241,42919,-39388,3531,9734,-20506,-10772,NaN,NaN,NaN,NaN,144583,78539,-71298,7241,42919,-39388,3531,9734,-20506,-10772
2012-05-08T22:00:00Z,3.689,3.6945,3.61,3.6595,78539,-71298,7241,42919,-39388,3531,9734,-20506,-10772,NaN,NaN,NaN,NaN,144583,78539,-71298,7241,42919,-39388,3531,9734,-20506,-10772
2012-05-09T22:00:00Z,3.662,3.7135,3.6435,3.673,78539,-71298,7241,42919,-39388,3531,9734,-20506,-10772,NaN,NaN,NaN,NaN,144583,78539,-71298,7241,42919,-39388,3531,9734,-20506,-10772
2012-05-10T22:00:00Z,3.6795,3.6835,3.6165,3.629,78539,-71298,7241,42919,-39388,3531,9734,-20506,-10772,NaN,NaN,NaN,NaN,144583,78539,-71298,7241,42919,-39388,3531,9734,-20506,-10772
2012-05-13T22:00:00Z,3.648,3.6745,3.501,3.5145,78539,-71298,7241,42919,-39388,3531,9734,-20506,-10772,NaN,NaN,NaN,NaN,144583,78539,-71298,7241,42919,-39388,3531,9734,-20506,-10772
2012-05-14T22:00:00Z,3.5125,3.5585,3.486,3.497,81899,-67274,14625,41857,-45715,-3858,11051,-21818,-10767,NaN,NaN,NaN,NaN,147934,81899,-67274,14625,41857,-45715,-3858,11051,-21818,-10767
2012-05-15T22:00:00Z,3.505,3.515,3.449,3.475,81899,-67274,14625,41857,-45715,-3858,11051,-21818,-10767,NaN,NaN,NaN,NaN,147934,81899,-67274,14625,41857,-45715,-3858,11051,-21818,-10767
2012-05-16T22:00:00Z,3.478,3.5215,3.453,3.462,81899,-67274,14625,41857,-45715,-3858,11051,-21818,-10767,NaN,NaN,NaN,NaN,147934,81899,-67274,14625,41857,-45715,-3858,11051,-21818,-10767
2012-05-17T22:00:00Z,3.464,3.516,3.4315,3.447,81899,-67274,14625,41857,-45715,-3858,11051,-21818,-10767,NaN,NaN,NaN,NaN,147934,81899,-67274,14625,41857,-45715,-3858,11051,-21818,-10767
2012-05-20T22:00:00Z,3.45,3.538,3.436,3.533,81899,-67274,14625,41857,-45715,-3858,11051,-21818,-10767,NaN,NaN,NaN,NaN,147934,81899,-67274,14625,41857,-45715,-3858,11051,-21818,-10767
2012-05-21T22:00:00Z,3.529,3.5335,3.452,3.4605,82296,-60264,22032,40184,-50282,-10098,10787,-22721,-11934,NaN,NaN,NaN,NaN,150189,82296,-60264,22032,40184,-50282,-10098,10787,-22721,-11934
2012-05-22T22:00:00Z,3.464,3.4775,3.3865,3.4485,82296,-60264,22032,40184,-50282,-10098,10787,-22721,-11934,NaN,NaN,NaN,NaN,150189,82296,-60264,22032,40184,-50282,-10098,10787,-22721,-11934
2012-05-23T22:00:00Z,3.4485,3.4515,3.4045,3.437,82296,-60264,22032,40184,-50282,-10098,10787,-22721,-11934,NaN,NaN,NaN,NaN,150189,82296,-60264,22032,40184,-50282,-10098,10787,-22721,-11934
2012-05-24T22:00:00Z,3.4325,3.4675,3.4175,3.4475,82296,-60264,22032,40184,-50282,-10098,10787,-22721,-11934,NaN,NaN,NaN,NaN,150189,82296,-60264,22032,40184,-50282,-10098,10787,-22721,-11934
2012-05-27T22:00:00Z,3.449,3.5085,3.4485,3.473,80418,-56171,24247,40639,-52277,-11638,10016,-22625,-12609,NaN,NaN,NaN,NaN,148694,80418,-56171,24247,40639,-52277,-11638,10016,-22625,-12609
2012-05-29T22:00:00Z,3.4715,3.472,3.3725,3.3765,80418,-56171,24247,40639,-52277,-11638,10016,-22625,-12609,NaN,NaN,NaN,NaN,148694,80418,-56171,24247,40639,-52277,-11638,10016,-22625,-12609
2012-05-30T22:00:00Z,3.3855,3.4055,3.3415,3.362,80418,-56171,24247,40639,-52277,-11638,10016,-22625,-12609,NaN,NaN,NaN,NaN,148694,80418,-56171,24247,40639,-52277,-11638,10016,-22625,-12609
2012-05-31T22:00:00Z,3.3575,3.3775,3.3,3.317,80418,-56171,24247,40639,-52277,-11638,10016,-22625,-12609,NaN,NaN,NaN,NaN,148694,80418,-56171,24247,40639,-52277,-11638,10016,-22625,-12609
2012-06-03T22:00:00Z,3.3135,3.353,3.238,3.3305,80418,-56171,24247,40639,-52277,-11638,10016,-22625,-12609,NaN,NaN,NaN,NaN,148694,80418,-56171,24247,40639,-52277,-11638,10016,-22625,-12609
2012-06-04T22:00:00Z,3.3285,3.3515,3.278,3.301,84559,-56870,27689,40259,-56896,-16637,11531,-22583,-11052,NaN,NaN,NaN,NaN,156252,84559,-56870,27689,40259,-56896,-16637,11531,-22583,-11052
2012-06-05T22:00:00Z,3.3015,3.382,3.295,3.37,84559,-56870,27689,40259,-56896,-16637,11531,-22583,-11052,NaN,NaN,NaN,NaN,156252,84559,-56870,27689,40259,-56896,-16637,11531,-22583,-11052
2012-06-06T22:00:00Z,3.3735,3.4305,3.33,3.368,84559,-56870,27689,40259,-56896,-16637,11531,-22583,-11052,NaN,NaN,NaN,NaN,156252,84559,-56870,27689,40259,-56896,-16637,11531,-22583,-11052
2012-06-07T22:00:00Z,3.368,3.3685,3.2635,3.314,84559,-56870,27689,40259,-56896,-16637,11531,-22583,-11052,NaN,NaN,NaN,NaN,156252,84559,-56870,27689,40259,-56896,-16637,11531,-22583,-11052
2012-06-10T22:00:00Z,3.3925,3.4,3.307,3.3075,84559,-56870,27689,40259,-56896,-16637,11531,-22583,-11052,NaN,NaN,NaN,NaN,156252,84559,-56870,27689,40259,-56896,-16637,11531,-22583,-11052
2012-06-11T22:00:00Z,3.306,3.3585,3.303,3.345,83488,-59025,24463,38793,-53745,-14952,11422,-20933,-9511,NaN,NaN,NaN,NaN,152084,83488,-59025,24463,38793,-53745,-14952,11422,-20933,-9511
2012-06-12T22:00:00Z,3.3455,3.3695,3.308,3.319,83488,-59025,24463,38793,-53745,-14952,11422,-20933,-9511,NaN,NaN,NaN,NaN,152084,83488,-59025,24463,38793,-53745,-14952,11422,-20933,-9511
2012-06-13T22:00:00Z,3.325,3.374,3.3185,3.3675,83488,-59025,24463,38793,-53745,-14952,11422,-20933,-9511,NaN,NaN,NaN,NaN,152084,83488,-59025,24463,38793,-53745,-14952,11422,-20933,-9511
2012-06-14T22:00:00Z,3.3635,3.4195,3.3575,3.413,83488,-59025,24463,38793,-53745,-14952,11422,-20933,-9511,NaN,NaN,NaN,NaN,152084,83488,-59025,24463,38793,-53745,-14952,11422,-20933,-9511
2012-06-17T22:00:00Z,3.443,3.4775,3.3675,3.386,83488,-59025,24463,38793,-53745,-14952,11422,-20933,-9511,NaN,NaN,NaN,NaN,152084,83488,-59025,24463,38793,-53745,-14952,11422,-20933,-9511
2012-06-18T22:00:00Z,3.392,3.4395,3.373,3.4245,80224,-56311,23913,37756,-52038,-14282,10874,-20505,-9631,NaN,NaN,NaN,NaN,144845,80224,-56311,23913,37756,-52038,-14282,10874,-20505,-9631
2012-06-19T22:00:00Z,3.424,3.433,3.3565,3.383,80224,-56311,23913,37756,-52038,-14282,10874,-20505,-9631,NaN,NaN,NaN,NaN,144845,80224,-56311,23913,37756,-52038,-14282,10874,-20505,-9631
2012-06-20T22:00:00Z,3.3855,3.3855,3.294,3.2965,80224,-56311,23913,37756,-52038,-14282,10874,-20505,-9631,NaN,NaN,NaN,NaN,144845,80224,-56311,23913,37756,-52038,-14282,10874,-20505,-9631
2012-06-21T22:00:00Z,3.295,3.317,3.2565,3.3145,80224,-56311,23913,37756,-52038,-14282,10874,-20505,-9631,NaN,NaN,NaN,NaN,144845,80224,-56311,23913,37756,-52038,-14282,10874,-20505,-9631
2012-06-24T22:00:00Z,3.307,3.338,3.2785,3.3255,80224,-56311,23913,37756,-52038,-14282,10874,-20505,-9631,NaN,NaN,NaN,NaN,144845,80224,-56311,23913,37756,-52038,-14282,10874,-20505,-9631
2012-06-25T22:00:00Z,3.323,3.3355,3.295,3.3205,81024,-53966,27058,38453,-55297,-16844,11965,-22179,-10214,NaN,NaN,NaN,NaN,146442,81024,-53966,27058,38453,-55297,-16844,11965,-22179,-10214
2012-06-26T22:00:00Z,3.3205,3.355,3.2965,3.341,81024,-53966,27058,38453,-55297,-16844,11965,-22179,-10214,NaN,NaN,NaN,NaN,146442,81024,-53966,27058,38453,-55297,-16844,11965,-22179,-10214
2012-06-27T22:00:00Z,3.3495,3.3675,3.316,3.3455,81024,-53966,27058,38453,-55297,-16844,11965,-22179,-10214,NaN,NaN,NaN,NaN,146442,81024,-53966,27058,38453,-55297,-16844,11965,-22179,-10214
2012-06-28T22:00:00Z,3.343,3.515,3.33,3.5025,81024,-53966,27058,38453,-55297,-16844,11965,-22179,-10214,NaN,NaN,NaN,NaN,146442,81024,-53966,27058,38453,-55297,-16844,11965,-22179,-10214
2012-07-01T22:00:00Z,3.495,3.5025,3.4525,3.47,81024,-53966,27058,38453,-55297,-16844,11965,-22179,-10214,NaN,NaN,NaN,NaN,146442,81024,-53966,27058,38453,-55297,-16844,11965,-22179,-10214
2012-07-02T22:00:00Z,3.467,3.5565,3.463,3.535,74476,-53138,21338,37821,-51039,-13218,11292,-19412,-8120,NaN,NaN,NaN,NaN,135682,74476,-53138,21338,37821,-51039,-13218,11292,-19412,-8120
2012-07-03T22:00:00Z,3.5385,3.54,3.4695,3.4915,74476,-53138,21338,37821,-51039,-13218,11292,-19412,-8120,NaN,NaN,NaN,NaN,135682,74476,-53138,21338,37821,-51039,-13218,11292,-19412,-8120
2012-07-05T22:00:00Z,3.491,3.505,3.405,3.4135,74476,-53138,21338,37821,-51039,-13218,11292,-19412,-8120,NaN,NaN,NaN,NaN,135682,74476,-53138,21338,37821,-51039,-13218,11292,-19412,-8120
2012-07-08T22:00:00Z,3.4125,3.44,3.3965,3.4365,74476,-53138,21338,37821,-51039,-13218,11292,-19412,-8120,NaN,NaN,NaN,NaN,135682,74476,-53138,21338,37821,-51039,-13218,11292,-19412,-8120
2012-07-09T22:00:00Z,3.438,3.44,3.382,3.391,72217,-52834,19383,39390,-49755,-10365,10654,-19672,-9018,NaN,NaN,NaN,NaN,134099,72217,-52834,19383,39390,-49755,-10365,10654,-19672,-9018
2012-07-10T22:00:00Z,3.3885,3.4525,3.3885,3.4355,72217,-52834,19383,39390,-49755,-10365,10654,-19672,-9018,NaN,NaN,NaN,NaN,134099,72217,-52834,19383,39390,-49755,-10365,10654,-19672,-9018
2012-07-11T22:00:00Z,3.4305,3.439,3.3845,3.4255,72217,-52834,19383,39390,-49755,-10365,10654,-19672,-9018,NaN,NaN,NaN,NaN,134099,72217,-52834,19383,39390,-49755,-10365,10654,-19672,-9018
2012-07-12T22:00:00Z,3.4205,3.5075,3.4125,3.4915,72217,-52834,19383,39390,-49755,-10365,10654,-19672,-9018,NaN,NaN,NaN,NaN,134099,72217,-52834,19383,39390,-49755,-10365,10654,-19672,-9018
2012-07-15T22:00:00Z,3.504,3.508,3.4655,3.4855,72217,-52834,19383,39390,-49755,-10365,10654,-19672,-9018,NaN,NaN,NaN,NaN,134099,72217,-52834,19383,39390,-49755,-10365,10654,-19672,-9018
2012-07-16T22:00:00Z,3.4875,3.5125,3.4325,3.4685,72660,-55967,16693,39798,-48085,-8287,10963,-19369,-8406,NaN,NaN,NaN,NaN,138098,72660,-55967,16693,39798,-48085,-8287,10963,-19369,-8406
2012-07-17T22:00:00Z,3.4685,3.4835,3.435,3.475,72660,-55967,16693,39798,-48085,-8287,10963,-19369,-8406,NaN,NaN,NaN,NaN,138098,72660,-55967,16693,39798,-48085,-8287,10963,-19369,-8406
2012-07-18T22:00:00Z,3.474,3.545,3.4695,3.529,72660,-55967,16693,39798,-48085,-8287,10963,-19369,-8406,NaN,NaN,NaN,NaN,138098,72660,-55967,16693,39798,-48085,-8287,10963,-19369,-8406
2012-07-19T22:00:00Z,3.527,3.5285,3.418,3.445,72660,-55967,16693,39798,-48085,-8287,10963,-19369,-8406,NaN,NaN,NaN,NaN,138098,72660,-55967,16693,39798,-48085,-8287,10963,-19369,-8406
2012-07-22T22:00:00Z,3.4375,3.4445,3.342,3.379,72660,-55967,16693,39798,-48085,-8287,10963,-19369,-8406,NaN,NaN,NaN,NaN,138098,72660,-55967,16693,39798,-48085,-8287,10963,-19369,-8406
2012-07-23T22:00:00Z,3.38,3.4015,3.3385,3.36,76444,-53098,23346,40765,-53834,-13069,10338,-20615,-10277,NaN,NaN,NaN,NaN,142395,76444,-53098,23346,40765,-53834,-13069,10338,-20615,-10277
2012-07-24T22:00:00Z,3.363,3.404,3.332,3.385,76444,-53098,23346,40765,-53834,-13069,10338,-20615,-10277,NaN,NaN,NaN,NaN,142395,76444,-53098,23346,40765,-53834,-13069,10338,-20615,-10277
2012-07-25T22:00:00Z,3.386,3.438,3.3535,3.3905,76444,-53098,23346,40765,-53834,-13069,10338,-20615,-10277,NaN,NaN,NaN,NaN,142395,76444,-53098,23346,40765,-53834,-13069,10338,-20615,-10277
2012-07-26T22:00:00Z,3.391,3.439,3.379,3.4355,76444,-53098,23346,40765,-53834,-13069,10338,-20615,-10277,NaN,NaN,NaN,NaN,142395,76444,-53098,23346,40765,-53834,-13069,10338,-20615,-10277
2012-07-29T22:00:00Z,3.429,3.4555,3.4025,3.426,76444,-53098,23346,40765,-53834,-13069,10338,-20615,-10277,NaN,NaN,NaN,NaN,142395,76444,-53098,23346,40765,-53834,-13069,10338,-20615,-10277
2012-07-30T22:00:00Z,3.422,3.457,3.411,3.417,80722,-56652,24070,38672,-53392,-14720,10333,-19683,-9350,NaN,NaN,NaN,NaN,142774,80722,-56652,24070,38672,-53392,-14720,10333,-19683,-9350
2012-07-31T22:00:00Z,3.4175,3.4265,3.3455,3.3605,80722,-56652,24070,38672,-53392,-14720,10333,-19683,-9350,NaN,NaN,NaN,NaN,142774,80722,-56652,24070,38672,-53392,-14720,10333,-19683,-9350
2012-08-01T22:00:00Z,3.3605,3.384,3.2885,3.3025,80722,-56652,24070,38672,-53392,-14720,10333,-19683,-9350,NaN,NaN,NaN,NaN,142774,80722,-56652,24070,38672,-53392,-14720,10333,-19683,-9350
2012-08-02T22:00:00Z,3.3015,3.374,3.2985,3.365,80722,-56652,24070,38672,-53392,-14720,10333,-19683,-9350,NaN,NaN,NaN,NaN,142774,80722,-56652,24070,38672,-53392,-14720,10333,-19683,-9350
2012-08-05T22:00:00Z,3.365,3.3925,3.344,3.378,80722,-56652,24070,38672,-53392,-14720,10333,-19683,-9350,NaN,NaN,NaN,NaN,142774,80722,-56652,24070,38672,-53392,-14720,10333,-19683,-9350
2012-08-06T22:00:00Z,3.378,3.449,3.37,3.4295,78943,-52500,26443,39673,-56933,-17260,10623,-19806,-9183,NaN,NaN,NaN,NaN,145059,78943,-52500,26443,39673,-56933,-17260,10623,-19806,-9183
2012-08-07T22:00:00Z,3.429,3.433,3.403,3.423,78943,-52500,26443,39673,-56933,-17260,10623,-19806,-9183,NaN,NaN,NaN,NaN,145059,78943,-52500,26443,39673,-56933,-17260,10623,-19806,-9183
2012-08-08T22:00:00Z,3.4205,3.443,3.4035,3.425,78943,-52500,26443,39673,-56933,-17260,10623,-19806,-9183,NaN,NaN,NaN,NaN,145059,78943,-52500,26443,39673,-56933,-17260,10623,-19806,-9183
2012-08-09T22:00:00Z,3.425,3.425,3.3605,3.4055,78943,-52500,26443,39673,-56933,-17260,10623,-19806,-9183,NaN,NaN,NaN,NaN,145059,78943,-52500,26443,39673,-56933,-17260,10623,-19806,-9183
2012-08-12T22:00:00Z,3.4,3.402,3.342,3.3525,78943,-52500,26443,39673,-56933,-17260,10623,-19806,-9183,NaN,NaN,NaN,NaN,145059,78943,-52500,26443,39673,-56933,-17260,10623,-19806,-9183
2012-08-13T22:00:00Z,3.3535,3.38,3.3365,3.348,85218,-59664,25554,38883,-56654,-17771,12224,-20007,-7783,NaN,NaN,NaN,NaN,156244,85218,-59664,25554,38883,-56654,-17771,12224,-20007,-7783
2012-08-14T22:00:00Z,3.35,3.3725,3.334,3.3505,85218,-59664,25554,38883,-56654,-17771,12224,-20007,-7783,NaN,NaN,NaN,NaN,156244,85218,-59664,25554,38883,-56654,-17771,12224,-20007,-7783
2012-08-15T22:00:00Z,3.3515,3.387,3.3415,3.383,85218,-59664,25554,38883,-56654,-17771,12224,-20007,-7783,NaN,NaN,NaN,NaN,156244,85218,-59664,25554,38883,-56654,-17771,12224,-20007,-7783
2012-08-16T22:00:00Z,3.3825,3.4245,3.375,3.413,85218,-59664,25554,38883,-56654,-17771,12224,-20007,-7783,NaN,NaN,NaN,NaN,156244,85218,-59664,25554,38883,-56654,-17771,12224,-20007,-7783
2012-08-19T22:00:00Z,3.4215,3.4225,3.3535,3.378,85218,-59664,25554,38883,-56654,-17771,12224,-20007,-7783,NaN,NaN,NaN,NaN,156244,85218,-59664,25554,38883,-56654,-17771,12224,-20007,-7783
2012-08-20T22:00:00Z,3.375,3.4665,3.37,3.4355,79314,-59972,19342,40773,-53652,-12879,12466,-18929,-6463,NaN,NaN,NaN,NaN,149461,79314,-59972,19342,40773,-53652,-12879,12466,-18929,-6463
2012-08-21T22:00:00Z,3.437,3.4865,3.429,3.4725,79314,-59972,19342,40773,-53652,-12879,12466,-18929,-6463,NaN,NaN,NaN,NaN,149461,79314,-59972,19342,40773,-53652,-12879,12466,-18929,-6463
2012-08-22T22:00:00Z,3.473,3.512,3.4625,3.4795,79314,-59972,19342,40773,-53652,-12879,12466,-18929,-6463,NaN,NaN,NaN,NaN,149461,79314,-59972,19342,40773,-53652,-12879,12466,-18929,-6463
2012-08-23T22:00:00Z,3.479,3.4945,3.456,3.4825,79314,-59972,19342,40773,-53652,-12879,12466,-18929,-6463,NaN,NaN,NaN,NaN,149461,79314,-59972,19342,40773,-53652,-12879,12466,-18929,-6463
2012-08-26T22:00:00Z,3.4775,3.506,3.463,3.4675,79314,-59972,19342,40773,-53652,-12879,12466,-18929,-6463,NaN,NaN,NaN,NaN,149461,79314,-59972,19342,40773,-53652,-12879,12466,-18929,-6463
2012-08-27T22:00:00Z,3.4715,3.472,3.4425,3.461,76967,-62936,14031,41645,-49741,-8096,11547,-17482,-5935,NaN,NaN,NaN,NaN,145214,76967,-62936,14031,41645,-49741,-8096,11547,-17482,-5935
2012-08-28T22:00:00Z,3.461,3.4665,3.422,3.431,76967,-62936,14031,41645,-49741,-8096,11547,-17482,-5935,NaN,NaN,NaN,NaN,145214,76967,-62936,14031,41645,-49741,-8096,11547,-17482,-5935
2012-08-29T22:00:00Z,3.442,3.495,3.4325,3.442,76967,-62936,14031,41645,-49741,-8096,11547,-17482,-5935,NaN,NaN,NaN,NaN,145214,76967,-62936,14031,41645,-49741,-8096,11547,-17482,-5935
2012-08-30T22:00:00Z,3.442,3.468,3.4075,3.4615,76967,-62936,14031,41645,-49741,-8096,11547,-17482,-5935,NaN,NaN,NaN,NaN,145214,76967,-62936,14031,41645,-49741,-8096,11547,-17482,-5935
2012-09-02T22:00:00Z,3.46,3.5,3.4325,3.476,73029,-55555,17474,38833,-48892,-10059,10352,-17767,-7415,NaN,NaN,NaN,NaN,136512,73029,-55555,17474,38833,-48892,-10059,10352,-17767,-7415
2012-09-04T22:00:00Z,3.475,3.534,3.4465,3.518,73029,-55555,17474,38833,-48892,-10059,10352,-17767,-7415,NaN,NaN,NaN,NaN,136512,73029,-55555,17474,38833,-48892,-10059,10352,-17767,-7415
2012-09-05T22:00:00Z,3.5215,3.539,3.4925,3.512,73029,-55555,17474,38833,-48892,-10059,10352,-17767,-7415,NaN,NaN,NaN,NaN,136512,73029,-55555,17474,38833,-48892,-10059,10352,-17767,-7415
2012-09-06T22:00:00Z,3.509,3.6525,3.5045,3.6415,73029,-55555,17474,38833,-48892,-10059,10352,-17767,-7415,NaN,NaN,NaN,NaN,136512,73029,-55555,17474,38833,-48892,-10059,10352,-17767,-7415
2012-09-09T22:00:00Z,3.6445,3.7,3.633,3.673,73029,-55555,17474,38833,-48892,-10059,10352,-17767,-7415,NaN,NaN,NaN,NaN,136512,73029,-55555,17474,38833,-48892,-10059,10352,-17767,-7415
2012-09-10T22:00:00Z,3.6725,3.7125,3.6485,3.691,70720,-68009,2711,49549,-47020,2529,13834,-19074,-5240,NaN,NaN,NaN,NaN,147630,70720,-68009,2711,49549,-47020,2529,13834,-19074,-5240
2012-09-11T22:00:00Z,3.6865,3.7315,3.662,3.6885,70720,-68009,2711,49549,-47020,2529,13834,-19074,-5240,NaN,NaN,NaN,NaN,147630,70720,-68009,2711,49549,-47020,2529,13834,-19074,-5240
2012-09-12T22:00:00Z,3.689,3.7495,3.6585,3.73,70720,-68009,2711,49549,-47020,2529,13834,-19074,-5240,NaN,NaN,NaN,NaN,147630,70720,-68009,2711,49549,-47020,2529,13834,-19074,-5240
2012-09-13T22:00:00Z,3.732,3.838,3.73,3.828,70720,-68009,2711,49549,-47020,2529,13834,-19074,-5240,NaN,NaN,NaN,NaN,147630,70720,-68009,2711,49549,-47020,2529,13834,-19074,-5240
2012-09-16T22:00:00Z,3.823,3.83,3.727,3.759,70720,-68009,2711,49549,-47020,2529,13834,-19074,-5240,NaN,NaN,NaN,NaN,147630,70720,-68009,2711,49549,-47020,2529,13834,-19074,-5240
2012-09-17T22:00:00Z,3.7655,3.7975,3.7445,3.7905,69228,-69515,-287,51005,-48001,3004,14796,-17513,-2717,NaN,NaN,NaN,NaN,149098,69228,-69515,-287,51005,-48001,3004,14796,-17513,-2717
2012-09-18T22:00:00Z,3.79,3.8395,3.783,3.798,69228,-69515,-287,51005,-48001,3004,14796,-17513,-2717,NaN,NaN,NaN,NaN,149098,69228,-69515,-287,51005,-48001,3004,14796,-17513,-2717
2012-09-19T22:00:00Z,3.798,3.808,3.7335,3.7765,69228,-69515,-287,51005,-48001,3004,14796,-17513,-2717,NaN,NaN,NaN,NaN,149098,69228,-69515,-287,51005,-48001,3004,14796,-17513,-2717
2012-09-20T22:00:00Z,3.777,3.8095,3.7705,3.7705,69228,-69515,-287,51005,-48001,3004,14796,-17513,-2717,NaN,NaN,NaN,NaN,149098,69228,-69515,-287,51005,-48001,3004,14796,-17513,-2717
2012-09-23T22:00:00Z,3.78,3.78,3.7155,3.74,69228,-69515,-287,51005,-48001,3004,14796,-17513,-2717,NaN,NaN,NaN,NaN,149098,69228,-69515,-287,51005,-48001,3004,14796,-17513,-2717
2012-09-24T22:00:00Z,3.739,3.784,3.7265,3.7285,68398,-70804,-2406,54605,-49473,5132,15114,-17840,-2726,NaN,NaN,NaN,NaN,152263,68398,-70804,-2406,54605,-49473,5132,15114,-17840,-2726
2012-09-25T22:00:00Z,3.731,3.7565,3.6805,3.7125,68398,-70804,-2406,54605,-49473,5132,15114,-17840,-2726,NaN,NaN,NaN,NaN,152263,68398,-70804,-2406,54605,-49473,5132,15114,-17840,-2726
2012-09-26T22:00:00Z,3.7165,3.774,3.7,3.745,68398,-70804,-2406,54605,-49473,5132,15114,-17840,-2726,NaN,NaN,NaN,NaN,152263,68398,-70804,-2406,54605,-49473,5132,15114,-17840,-2726
2012-09-27T22:00:00Z,3.7465,3.777,3.739,3.7535,68398,-70804,-2406,54605,-49473,5132,15114,-17840,-2726,NaN,NaN,NaN,NaN,152263,68398,-70804,-2406,54605,-49473,5132,15114,-17840,-2726
2012-09-30T22:00:00Z,3.7505,3.798,3.7215,3.775,68398,-70804,-2406,54605,-49473,5132,15114,-17840,-2726,NaN,NaN,NaN,NaN,152263,68398,-70804,-2406,54605,-49473,5132,15114,-17840,-2726
2012-10-01T22:00:00Z,3.776,3.8225,3.768,3.795,67291,-74289,-6998,54815,-45801,9014,15672,-17688,-2016,NaN,NaN,NaN,NaN,152264,67291,-74289,-6998,54815,-45801,9014,15672,-17688,-2016
2012-10-02T22:00:00Z,3.7935,3.7945,3.761,3.7715,67291,-74289,-6998,54815,-45801,9014,15672,-17688,-2016,NaN,NaN,NaN,NaN,152264,67291,-74289,-6998,54815,-45801,9014,15672,-17688,-2016
2012-10-03T22:00:00Z,3.773,3.813,3.766,3.787,67291,-74289,-6998,54815,-45801,9014,15672,-17688,-2016,NaN,NaN,NaN,NaN,152264,67291,-74289,-6998,54815,-45801,9014,15672,-17688,-2016
2012-10-04T22:00:00Z,3.7895,3.81,3.75,3.766,67291,-74289,-6998,54815,-45801,9014,15672,-17688,-2016,NaN,NaN,NaN,NaN,152264,67291,-74289,-6998,54815,-45801,9014,15672,-17688,-2016
2012-10-07T22:00:00Z,3.77,3.77,3.702,3.725,67291,-74289,-6998,54815,-45801,9014,15672,-17688,-2016,NaN,NaN,NaN,NaN,152264,67291,-74289,-6998,54815,-45801,9014,15672,-17688,-2016
2012-10-08T22:00:00Z,3.7255,3.753,3.707,3.72,65511,-75988,-10477,54605,-42786,11819,16075,-17417,-1342,NaN,NaN,NaN,NaN,152004,65511,-75988,-10477,54605,-42786,11819,16075,-17417,-1342
2012-10-09T22:00:00Z,3.7245,3.728,3.6935,3.715,65511,-75988,-10477,54605,-42786,11819,16075,-17417,-1342,NaN,NaN,NaN,NaN,152004,65511,-75988,-10477,54605,-42786,11819,16075,-17417,-1342
2012-10-10T22:00:00Z,3.7115,3.7785,3.692,3.7445,65511,-75988,-10477,54605,-42786,11819,16075,-17417,-1342,NaN,NaN,NaN,NaN,152004,65511,-75988,-10477,54605,-42786,11819,16075,-17417,-1342
2012-10-11T22:00:00Z,3.745,3.7565,3.693,3.6995,65511,-75988,-10477,54605,-42786,11819,16075,-17417,-1342,NaN,NaN,NaN,NaN,152004,65511,-75988,-10477,54605,-42786,11819,16075,-17417,-1342
2012-10-14T22:00:00Z,3.703,3.7105,3.646,3.6915,65511,-75988,-10477,54605,-42786,11819,16075,-17417,-1342,NaN,NaN,NaN,NaN,152004,65511,-75988,-10477,54605,-42786,11819,16075,-17417,-1342
2012-10-15T22:00:00Z,3.696,3.7235,3.686,3.712,66047,-74396,-8349,52776,-41281,11495,15234,-18380,-3146,NaN,NaN,NaN,NaN,150296,66047,-74396,-8349,52776,-41281,11495,15234,-18380,-3146
2012-10-16T22:00:00Z,3.71,3.755,3.6885,3.744,66047,-74396,-8349,52776,-41281,11495,15234,-18380,-3146,NaN,NaN,NaN,NaN,150296,66047,-74396,-8349,52776,-41281,11495,15234,-18380,-3146
2012-10-17T22:00:00Z,3.7435,3.765,3.721,3.734,66047,-74396,-8349,52776,-41281,11495,15234,-18380,-3146,NaN,NaN,NaN,NaN,150296,66047,-74396,-8349,52776,-41281,11495,15234,-18380,-3146
2012-10-18T22:00:00Z,3.733,3.7475,3.627,3.632,66047,-74396,-8349,52776,-41281,11495,15234,-18380,-3146,NaN,NaN,NaN,NaN,150296,66047,-74396,-8349,52776,-41281,11495,15234,-18380,-3146
2012-10-21T22:00:00Z,3.6375,3.6525,3.6085,3.623,66047,-74396,-8349,52776,-41281,11495,15234,-18380,-3146,NaN,NaN,NaN,NaN,150296,66047,-74396,-8349,52776,-41281,11495,15234,-18380,-3146
2012-10-22T22:00:00Z,3.6235,3.641,3.548,3.571,70114,-76016,-5902,48794,-41891,6903,16310,-17311,-1001,NaN,NaN,NaN,NaN,153564,70114,-76016,-5902,48794,-41891,6903,16310,-17311,-1001
2012-10-23T22:00:00Z,3.572,3.5975,3.5475,3.5745,70114,-76016,-5902,48794,-41891,6903,16310,-17311,-1001,NaN,NaN,NaN,NaN,153564,70114,-76016,-5902,48794,-41891,6903,16310,-17311,-1001
2012-10-24T22:00:00Z,3.5745,3.5905,3.538,3.5565,70114,-76016,-5902,48794,-41891,6903,16310,-17311,-1001,NaN,NaN,NaN,NaN,153564,70114,-76016,-5902,48794,-41891,6903,16310,-17311,-1001
2012-10-25T22:00:00Z,3.5555,3.5685,3.523,3.56,70114,-76016,-5902,48794,-41891,6903,16310,-17311,-1001,NaN,NaN,NaN,NaN,153564,70114,-76016,-5902,48794,-41891,6903,16310,-17311,-1001
2012-10-28T22:00:00Z,3.561,3.5625,3.482,3.508,70114,-76016,-5902,48794,-41891,6903,16310,-17311,-1001,NaN,NaN,NaN,NaN,153564,70114,-76016,-5902,48794,-41891,6903,16310,-17311,-1001
2012-10-29T22:00:00Z,3.509,3.5325,3.4915,3.5075,73573,-71924,1649,45589,-47883,-2294,16833,-16188,645,NaN,NaN,NaN,NaN,156569,73573,-71924,1649,45589,-47883,-2294,16833,-16188,645
2012-10-30T22:00:00Z,3.5085,3.5595,3.504,3.512,73573,-71924,1649,45589,-47883,-2294,16833,-16188,645,NaN,NaN,NaN,NaN,156569,73573,-71924,1649,45589,-47883,-2294,16833,-16188,645
2012-10-31T22:00:00Z,3.5135,3.569,3.512,3.5515,73573,-71924,1649,45589,-47883,-2294,16833,-16188,645,NaN,NaN,NaN,NaN,156569,73573,-71924,1649,45589,-47883,-2294,16833,-16188,645
2012-11-01T22:00:00Z,3.5515,3.558,3.4725,3.4835,73573,-71924,1649,45589,-47883,-2294,16833,-16188,645,NaN,NaN,NaN,NaN,156569,73573,-71924,1649,45589,-47883,-2294,16833,-16188,645
2012-11-04T23:00:00Z,3.4775,3.5025,3.4485,3.474,73573,-71924,1649,45589,-47883,-2294,16833,-16188,645,NaN,NaN,NaN,NaN,156569,73573,-71924,1649,45589,-47883,-2294,16833,-16188,645
2012-11-05T23:00:00Z,3.475,3.522,3.47,3.5175,74633,-70909,3724,42032,-44229,-2197,15599,-17126,-1527,NaN,NaN,NaN,NaN,155396,74633,-70909,3724,42032,-44229,-2197,15599,-17126,-1527
2012-11-06T23:00:00Z,3.516,3.544,3.43,3.454,74633,-70909,3724,42032,-44229,-2197,15599,-17126,-1527,NaN,NaN,NaN,NaN,155396,74633,-70909,3724,42032,-44229,-2197,15599,-17126,-1527
2012-11-07T23:00:00Z,3.455,3.474,3.4345,3.465,74633,-70909,3724,42032,-44229,-2197,15599,-17126,-1527,NaN,NaN,NaN,NaN,155396,74633,-70909,3724,42032,-44229,-2197,15599,-17126,-1527
2012-11-08T23:00:00Z,3.466,3.492,3.403,3.4445,74633,-70909,3724,42032,-44229,-2197,15599,-17126,-1527,NaN,NaN,NaN,NaN,155396,74633,-70909,3724,42032,-44229,-2197,15599,-17126,-1527
2012-11-11T23:00:00Z,3.448,3.4755,3.4295,3.468,74633,-70909,3724,42032,-44229,-2197,15599,-17126,-1527,NaN,NaN,NaN,NaN,155396,74633,-70909,3724,42032,-44229,-2197,15599,-17126,-1527
2012-11-12T23:00:00Z,3.4695,3.4985,3.4215,3.4735,71783,-65074,6709,41593,-46017,-4424,16267,-18552,-2285,NaN,NaN,NaN,NaN,151884,71783,-65074,6709,41593,-46017,-4424,16267,-18552,-2285
2012-11-13T23:00:00Z,3.471,3.492,3.4415,3.4515,71783,-65074,6709,41593,-46017,-4424,16267,-18552,-2285,NaN,NaN,NaN,NaN,151884,71783,-65074,6709,41593,-46017,-4424,16267,-18552,-2285
2012-11-14T23:00:00Z,3.4535,3.479,3.441,3.4685,71783,-65074,6709,41593,-46017,-4424,16267,-18552,-2285,NaN,NaN,NaN,NaN,151884,71783,-65074,6709,41593,-46017,-4424,16267,-18552,-2285
2012-11-15T23:00:00Z,3.4685,3.474,3.4225,3.4515,71783,-65074,6709,41593,-46017,-4424,16267,-18552,-2285,NaN,NaN,NaN,NaN,151884,71783,-65074,6709,41593,-46017,-4424,16267,-18552,-2285
2012-11-18T23:00:00Z,3.452,3.5405,3.447,3.5265,71783,-65074,6709,41593,-46017,-4424,16267,-18552,-2285,NaN,NaN,NaN,NaN,151884,71783,-65074,6709,41593,-46017,-4424,16267,-18552,-2285
2012-11-19T23:00:00Z,3.5245,3.5345,3.5035,3.529,75050,-67260,7790,39621,-43052,-3431,14805,-19164,-4359,NaN,NaN,NaN,NaN,147748,75050,-67260,7790,39621,-43052,-3431,14805,-19164,-4359
2012-11-20T23:00:00Z,3.528,3.529,3.4715,3.509,75050,-67260,7790,39621,-43052,-3431,14805,-19164,-4359,NaN,NaN,NaN,NaN,147748,75050,-67260,7790,39621,-43052,-3431,14805,-19164,-4359
2012-11-21T23:00:00Z,3.5095,3.5305,3.4805,3.529,75050,-67260,7790,39621,-43052,-3431,14805,-19164,-4359,NaN,NaN,NaN,NaN,147748,75050,-67260,7790,39621,-43052,-3431,14805,-19164,-4359
2012-11-25T23:00:00Z,3.531,3.5425,3.5065,3.538,75050,-67260,7790,39621,-43052,-3431,14805,-19164,-4359,NaN,NaN,NaN,NaN,147748,75050,-67260,7790,39621,-43052,-3431,14805,-19164,-4359
2012-11-26T23:00:00Z,3.535,3.553,3.5175,3.5355,73463,-66381,7082,38126,-41105,-2979,13836,-17939,-4103,NaN,NaN,NaN,NaN,145313,73463,-66381,7082,38126,-41105,-2979,13836,-17939,-4103
2012-11-27T23:00:00Z,3.5315,3.5375,3.481,3.5325,73463,-66381,7082,38126,-41105,-2979,13836,-17939,-4103,NaN,NaN,NaN,NaN,145313,73463,-66381,7082,38126,-41105,-2979,13836,-17939,-4103
2012-11-28T23:00:00Z,3.5425,3.622,3.5375,3.603,73463,-66381,7082,38126,-41105,-2979,13836,-17939,-4103,NaN,NaN,NaN,NaN,145313,73463,-66381,7082,38126,-41105,-2979,13836,-17939,-4103
2012-11-29T23:00:00Z,3.6045,3.6515,3.592,3.643,73463,-66381,7082,38126,-41105,-2979,13836,-17939,-4103,NaN,NaN,NaN,NaN,145313,73463,-66381,7082,38126,-41105,-2979,13836,-17939,-4103
2012-12-02T23:00:00Z,3.643,3.6675,3.6395,3.6515,73463,-66381,7082,38126,-41105,-2979,13836,-17939,-4103,NaN,NaN,NaN,NaN,145313,73463,-66381,7082,38126,-41105,-2979,13836,-17939,-4103
2012-12-03T23:00:00Z,3.6535,3.6785,3.6335,3.6575,71244,-73478,-2234,44306,-35254,9052,12536,-19354,-6818,NaN,NaN,NaN,NaN,143993,71244,-73478,-2234,44306,-35254,9052,12536,-19354,-6818
2012-12-04T23:00:00Z,3.662,3.694,3.651,3.6765,71244,-73478,-2234,44306,-35254,9052,12536,-19354,-6818,NaN,NaN,NaN,NaN,143993,71244,-73478,-2234,44306,-35254,9052,12536,-19354,-6818
2012-12-05T23:00:00Z,3.6765,3.689,3.633,3.6485,71244,-73478,-2234,44306,-35254,9052,12536,-19354,-6818,NaN,NaN,NaN,NaN,143993,71244,-73478,-2234,44306,-35254,9052,12536,-19354,-6818
2012-12-06T23:00:00Z,3.6485,3.679,3.6405,3.664,71244,-73478,-2234,44306,-35254,9052,12536,-19354,-6818,NaN,NaN,NaN,NaN,143993,71244,-73478,-2234,44306,-35254,9052,12536,-19354,-6818
2012-12-09T23:00:00Z,3.6675,3.719,3.656,3.7025,71244,-73478,-2234,44306,-35254,9052,12536,-19354,-6818,NaN,NaN,NaN,NaN,143993,71244,-73478,-2234,44306,-35254,9052,12536,-19354,-6818
2012-12-10T23:00:00Z,3.7045,3.7075,3.6825,3.6915,71641,-81729,-10088,48593,-35962,12631,14425,-16968,-2543,NaN,NaN,NaN,NaN,151310,71641,-81729,-10088,48593,-35962,12631,14425,-16968,-2543
2012-12-11T23:00:00Z,3.689,3.721,3.6745,3.7085,71641,-81729,-10088,48593,-35962,12631,14425,-16968,-2543,NaN,NaN,NaN,NaN,151310,71641,-81729,-10088,48593,-35962,12631,14425,-16968,-2543
2012-12-12T23:00:00Z,3.7085,3.71,3.653,3.67,71641,-81729,-10088,48593,-35962,12631,14425,-16968,-2543,NaN,NaN,NaN,NaN,151310,71641,-81729,-10088,48593,-35962,12631,14425,-16968,-2543
2012-12-13T23:00:00Z,3.6705,3.6945,3.664,3.6785,71641,-81729,-10088,48593,-35962,12631,14425,-16968,-2543,NaN,NaN,NaN,NaN,151310,71641,-81729,-10088,48593,-35962,12631,14425,-16968,-2543
2012-12-16T23:00:00Z,3.6835,3.693,3.6475,3.6775,71641,-81729,-10088,48593,-35962,12631,14425,-16968,-2543,NaN,NaN,NaN,NaN,151310,71641,-81729,-10088,48593,-35962,12631,14425,-16968,-2543
2012-12-17T23:00:00Z,3.678,3.6865,3.64,3.652,70922,-84667,-13745,51535,-36481,15054,15244,-16553,-1309,NaN,NaN,NaN,NaN,153815,70922,-84667,-13745,51535,-36481,15054,15244,-16553,-1309
2012-12-18T23:00:00Z,3.652,3.6615,3.598,3.604,70922,-84667,-13745,51535,-36481,15054,15244,-16553,-1309,NaN,NaN,NaN,NaN,153815,70922,-84667,-13745,51535,-36481,15054,15244,-16553,-1309
2012-12-19T23:00:00Z,3.607,3.6135,3.523,3.535,70922,-84667,-13745,51535,-36481,15054,15244,-16553,-1309,NaN,NaN,NaN,NaN,153815,70922,-84667,-13745,51535,-36481,15054,15244,-16553,-1309
2012-12-20T23:00:00Z,3.5385,3.5795,3.535,3.563,70922,-84667,-13745,51535,-36481,15054,15244,-16553,-1309,NaN,NaN,NaN,NaN,153815,70922,-84667,-13745,51535,-36481,15054,15244,-16553,-1309
2012-12-23T23:00:00Z,3.5605,3.579,3.545,3.552,71060,-79791,-8731,45600,-37889,7711,15064,-14044,1020,NaN,NaN,NaN,NaN,148449,71060,-79791,-8731,45600,-37889,7711,15064,-14044,1020
2012-12-25T23:00:00Z,3.569,3.613,3.56,3.5975,71060,-79791,-8731,45600,-37889,7711,15064,-14044,1020,NaN,NaN,NaN,NaN,148449,71060,-79791,-8731,45600,-37889,7711,15064,-14044,1020
2012-12-26T23:00:00Z,3.5945,3.612,3.5895,3.6045,71060,-79791,-8731,45600,-37889,7711,15064,-14044,1020,NaN,NaN,NaN,NaN,148449,71060,-79791,-8731,45600,-37889,7711,15064,-14044,1020
2012-12-27T23:00:00Z,3.6025,3.6225,3.586,3.5935,71060,-79791,-8731,45600,-37889,7711,15064,-14044,1020,NaN,NaN,NaN,NaN,148449,71060,-79791,-8731,45600,-37889,7711,15064,-14044,1020
2012-12-30T23:00:00Z,3.588,3.655,3.5815,3.65,71160,-81298,-10138,45486,-36155,9331,14484,-13677,807,NaN,NaN,NaN,NaN,146548,71160,-81298,-10138,45486,-36155,9331,14484,-13677,807
2013-01-01T23:00:00Z,3.651,3.759,3.644,3.73,71160,-81298,-10138,45486,-36155,9331,14484,-13677,807,NaN,NaN,NaN,NaN,146548,71160,-81298,-10138,45486,-36155,9331,14484,-13677,807
2013-01-02T23:00:00Z,3.7315,3.759,3.69,3.694,71160,-81298,-10138,45486,-36155,9331,14484,-13677,807,NaN,NaN,NaN,NaN,146548,71160,-81298,-10138,45486,-36155,9331,14484,-13677,807
2013-01-03T23:00:00Z,3.6935,3.707,3.671,3.701,71160,-81298,-10138,45486,-36155,9331,14484,-13677,807,NaN,NaN,NaN,NaN,146548,71160,-81298,-10138,45486,-36155,9331,14484,-13677,807
2013-01-06T23:00:00Z,3.7035,3.7135,3.6525,3.6835,71160,-81298,-10138,45486,-36155,9331,14484,-13677,807,NaN,NaN,NaN,NaN,146548,71160,-81298,-10138,45486,-36155,9331,14484,-13677,807
2013-01-07T23:00:00Z,3.684,3.6915,3.66,3.679,73141,-89080,-15939,47014,-34638,12376,18537,-14974,3563,NaN,NaN,NaN,NaN,156245,73141,-89080,-15939,47014,-34638,12376,18537,-14974,3563
2013-01-08T23:00:00Z,3.6795,3.7075,3.6645,3.6735,73141,-89080,-15939,47014,-34638,12376,18537,-14974,3563,NaN,NaN,NaN,NaN,156245,73141,-89080,-15939,47014,-34638,12376,18537,-14974,3563
2013-01-09T23:00:00Z,3.671,3.718,3.666,3.7135,73141,-89080,-15939,47014,-34638,12376,18537,-14974,3563,NaN,NaN,NaN,NaN,156245,73141,-89080,-15939,47014,-34638,12376,18537,-14974,3563
2013-01-10T23:00:00Z,3.7135,3.718,3.652,3.662,73141,-89080,-15939,47014,-34638,12376,18537,-14974,3563,NaN,NaN,NaN,NaN,156245,73141,-89080,-15939,47014,-34638,12376,18537,-14974,3563
2013-01-13T23:00:00Z,3.6595,3.689,3.633,3.6465,73141,-89080,-15939,47014,-34638,12376,18537,-14974,3563,NaN,NaN,NaN,NaN,156245,73141,-89080,-15939,47014,-34638,12376,18537,-14974,3563
2013-01-14T23:00:00Z,3.6445,3.651,3.606,3.635,73334,-89553,-16219,48130,-36148,11982,17939,-13702,4237,NaN,NaN,NaN,NaN,155689,73334,-89553,-16219,48130,-36148,11982,17939,-13702,4237
2013-01-15T23:00:00Z,3.6395,3.6455,3.5995,3.6175,73334,-89553,-16219,48130,-36148,11982,17939,-13702,4237,NaN,NaN,NaN,NaN,155689,73334,-89553,-16219,48130,-36148,11982,17939,-13702,4237
2013-01-16T23:00:00Z,3.617,3.667,3.601,3.6595,73334,-89553,-16219,48130,-36148,11982,17939,-13702,4237,NaN,NaN,NaN,NaN,155689,73334,-89553,-16219,48130,-36148,11982,17939,-13702,4237
2013-01-17T23:00:00Z,3.6585,3.6975,3.655,3.6765,73334,-89553,-16219,48130,-36148,11982,17939,-13702,4237,NaN,NaN,NaN,NaN,155689,73334,-89553,-16219,48130,-36148,11982,17939,-13702,4237
2013-01-20T23:00:00Z,3.684,3.7075,3.662,3.703,75176,-90923,-15747,48234,-38699,9535,19676,-13464,6212,NaN,NaN,NaN,NaN,161899,75176,-90923,-15747,48234,-38699,9535,19676,-13464,6212
2013-01-22T23:00:00Z,3.705,3.7115,3.6765,3.679,75176,-90923,-15747,48234,-38699,9535,19676,-13464,6212,NaN,NaN,NaN,NaN,161899,75176,-90923,-15747,48234,-38699,9535,19676,-13464,6212
2013-01-23T23:00:00Z,3.6725,3.6965,3.661,3.673,75176,-90923,-15747,48234,-38699,9535,19676,-13464,6212,NaN,NaN,NaN,NaN,161899,75176,-90923,-15747,48234,-38699,9535,19676,-13464,6212
2013-01-24T23:00:00Z,3.6725,3.6995,3.6405,3.6595,75176,-90923,-15747,48234,-38699,9535,19676,-13464,6212,NaN,NaN,NaN,NaN,161899,75176,-90923,-15747,48234,-38699,9535,19676,-13464,6212
2013-01-27T23:00:00Z,3.656,3.677,3.6445,3.658,75176,-90923,-15747,48234,-38699,9535,19676,-13464,6212,NaN,NaN,NaN,NaN,161899,75176,-90923,-15747,48234,-38699,9535,19676,-13464,6212
2013-01-28T23:00:00Z,3.6585,3.694,3.6525,3.6885,75776,-92214,-16438,50672,-41305,9367,21045,-13974,7071,NaN,NaN,NaN,NaN,168493,75776,-92214,-16438,50672,-41305,9367,21045,-13974,7071
2013-01-29T23:00:00Z,3.69,3.756,3.6835,3.7475,75776,-92214,-16438,50672,-41305,9367,21045,-13974,7071,NaN,NaN,NaN,NaN,168493,75776,-92214,-16438,50672,-41305,9367,21045,-13974,7071
2013-01-30T23:00:00Z,3.7475,3.7725,3.717,3.736,75776,-92214,-16438,50672,-41305,9367,21045,-13974,7071,NaN,NaN,NaN,NaN,168493,75776,-92214,-16438,50672,-41305,9367,21045,-13974,7071
2013-01-31T23:00:00Z,3.7375,3.786,3.72,3.7815,75776,-92214,-16438,50672,-41305,9367,21045,-13974,7071,NaN,NaN,NaN,NaN,168493,75776,-92214,-16438,50672,-41305,9367,21045,-13974,7071
2013-02-03T23:00:00Z,3.7845,3.7925,3.762,3.766,75776,-92214,-16438,50672,-41305,9367,21045,-13974,7071,NaN,NaN,NaN,NaN,168493,75776,-92214,-16438,50672,-41305,9367,21045,-13974,7071
2013-02-04T23:00:00Z,3.768,3.782,3.757,3.774,81590,-105513,-23923,61901,-45697,16204,21072,-13353,7719,NaN,NaN,NaN,NaN,183941,81590,-105513,-23923,61901,-45697,16204,21072,-13353,7719
2013-02-05T23:00:00Z,3.774,3.783,3.731,3.7515,81590,-105513,-23923,61901,-45697,16204,21072,-13353,7719,NaN,NaN,NaN,NaN,183941,81590,-105513,-23923,61901,-45697,16204,21072,-13353,7719
2013-02-06T23:00:00Z,3.75,3.7575,3.721,3.73,81590,-105513,-23923,61901,-45697,16204,21072,-13353,7719,NaN,NaN,NaN,NaN,183941,81590,-105513,-23923,61901,-45697,16204,21072,-13353,7719
2013-02-07T23:00:00Z,3.7305,3.7745,3.7265,3.7575,81590,-105513,-23923,61901,-45697,16204,21072,-13353,7719,NaN,NaN,NaN,NaN,183941,81590,-105513,-23923,61901,-45697,16204,21072,-13353,7719
2013-02-10T23:00:00Z,3.7625,3.769,3.708,3.7265,81590,-105513,-23923,61901,-45697,16204,21072,-13353,7719,NaN,NaN,NaN,NaN,183941,81590,-105513,-23923,61901,-45697,16204,21072,-13353,7719
2013-02-11T23:00:00Z,3.7265,3.7485,3.7095,3.7465,74836,-96583,-21747,60104,-44242,15862,20607,-14722,5885,NaN,NaN,NaN,NaN,174441,74836,-96583,-21747,60104,-44242,15862,20607,-14722,5885
2013-02-12T23:00:00Z,3.747,3.762,3.726,3.744,74836,-96583,-21747,60104,-44242,15862,20607,-14722,5885,NaN,NaN,NaN,NaN,174441,74836,-96583,-21747,60104,-44242,15862,20607,-14722,5885
2013-02-13T23:00:00Z,3.741,3.7515,3.7275,3.7445,74836,-96583,-21747,60104,-44242,15862,20607,-14722,5885,NaN,NaN,NaN,NaN,174441,74836,-96583,-21747,60104,-44242,15862,20607,-14722,5885
2013-02-14T23:00:00Z,3.742,3.753,3.719,3.7445,74836,-96583,-21747,60104,-44242,15862,20607,-14722,5885,NaN,NaN,NaN,NaN,174441,74836,-96583,-21747,60104,-44242,15862,20607,-14722,5885
2013-02-17T23:00:00Z,3.744,3.7465,3.6445,3.6555,77953,-94735,-16782,58575,-49258,9317,22085,-14620,7465,NaN,NaN,NaN,NaN,178372,77953,-94735,-16782,58575,-49258,9317,22085,-14620,7465
2013-02-19T23:00:00Z,3.657,3.67,3.5925,3.597,77953,-94735,-16782,58575,-49258,9317,22085,-14620,7465,NaN,NaN,NaN,NaN,178372,77953,-94735,-16782,58575,-49258,9317,22085,-14620,7465
2013-02-20T23:00:00Z,3.599,3.608,3.537,3.563,77953,-94735,-16782,58575,-49258,9317,22085,-14620,7465,NaN,NaN,NaN,NaN,178372,77953,-94735,-16782,58575,-49258,9317,22085,-14620,7465
2013-02-21T23:00:00Z,3.564,3.589,3.525,3.5425,77953,-94735,-16782,58575,-49258,9317,22085,-14620,7465,NaN,NaN,NaN,NaN,178372,77953,-94735,-16782,58575,-49258,9317,22085,-14620,7465
2013-02-24T23:00:00Z,3.5425,3.572,3.5195,3.524,77953,-94735,-16782,58575,-49258,9317,22085,-14620,7465,NaN,NaN,NaN,NaN,178372,77953,-94735,-16782,58575,-49258,9317,22085,-14620,7465
2013-02-25T23:00:00Z,3.526,3.5775,3.5155,3.5735,77621,-79586,-1965,46791,-47519,-728,19741,-17048,2693,NaN,NaN,NaN,NaN,161180,77621,-79586,-1965,46791,-47519,-728,19741,-17048,2693
2013-02-26T23:00:00Z,3.5895,3.595,3.564,3.5785,77621,-79586,-1965,46791,-47519,-728,19741,-17048,2693,NaN,NaN,NaN,NaN,161180,77621,-79586,-1965,46791,-47519,-728,19741,-17048,2693
2013-02-27T23:00:00Z,3.578,3.602,3.5445,3.5535,77621,-79586,-1965,46791,-47519,-728,19741,-17048,2693,NaN,NaN,NaN,NaN,161180,77621,-79586,-1965,46791,-47519,-728,19741,-17048,2693
2013-02-28T23:00:00Z,3.553,3.558,3.4725,3.515,77621,-79586,-1965,46791,-47519,-728,19741,-17048,2693,NaN,NaN,NaN,NaN,161180,77621,-79586,-1965,46791,-47519,-728,19741,-17048,2693
2013-03-03T23:00:00Z,3.502,3.5265,3.4825,3.5195,77621,-79586,-1965,46791,-47519,-728,19741,-17048,2693,NaN,NaN,NaN,NaN,161180,77621,-79586,-1965,46791,-47519,-728,19741,-17048,2693
2013-03-04T23:00:00Z,3.52,3.5445,3.5145,3.524,78416,-70708,7708,49328,-54915,-5587,15812,-17933,-2121,NaN,NaN,NaN,NaN,159485,78416,-70708,7708,49328,-54915,-5587,15812,-17933,-2121
2013-03-05T23:00:00Z,3.5215,3.5415,3.487,3.5035,78416,-70708,7708,49328,-54915,-5587,15812,-17933,-2121,NaN,NaN,NaN,NaN,159485,78416,-70708,7708,49328,-54915,-5587,15812,-17933,-2121
2013-03-06T23:00:00Z,3.505,3.5345,3.4925,3.5175,78416,-70708,7708,49328,-54915,-5587,15812,-17933,-2121,NaN,NaN,NaN,NaN,159485,78416,-70708,7708,49328,-54915,-5587,15812,-17933,-2121
2013-03-07T23:00:00Z,3.518,3.534,3.499,3.516,78416,-70708,7708,49328,-54915,-5587,15812,-17933,-2121,NaN,NaN,NaN,NaN,159485,78416,-70708,7708,49328,-54915,-5587,15812,-17933,-2121
2013-03-10T22:00:00Z,3.508,3.5225,3.475,3.5185,78416,-70708,7708,49328,-54915,-5587,15812,-17933,-2121,NaN,NaN,NaN,NaN,159485,78416,-70708,7708,49328,-54915,-5587,15812,-17933,-2121
2013-03-11T22:00:00Z,3.52,3.576,3.5,3.5495,79207,-70107,9100,48151,-54295,-6144,16263,-19219,-2956,NaN,NaN,NaN,NaN,158500,79207,-70107,9100,48151,-54295,-6144,16263,-19219,-2956
2013-03-12T22:00:00Z,3.549,3.567,3.5215,3.528,79207,-70107,9100,48151,-54295,-6144,16263,-19219,-2956,NaN,NaN,NaN,NaN,158500,79207,-70107,9100,48151,-54295,-6144,16263,-19219,-2956
2013-03-13T22:00:00Z,3.5295,3.5495,3.5115,3.534,79207,-70107,9100,48151,-54295,-6144,16263,-19219,-2956,NaN,NaN,NaN,NaN,158500,79207,-70107,9100,48151,-54295,-6144,16263,-19219,-2956
2013-03-14T22:00:00Z,3.5345,3.56,3.515,3.515,79207,-70107,9100,48151,-54295,-6144,16263,-19219,-2956,NaN,NaN,NaN,NaN,158500,79207,-70107,9100,48151,-54295,-6144,16263,-19219,-2956
2013-03-17T22:00:00Z,3.509,3.51,3.41,3.4115,79207,-70107,9100,48151,-54295,-6144,16263,-19219,-2956,NaN,NaN,NaN,NaN,158500,79207,-70107,9100,48151,-54295,-6144,16263,-19219,-2956
2013-03-18T22:00:00Z,3.4135,3.441,3.388,3.3935,84936,-68845,16091,48036,-64206,-16170,20246,-20167,79,NaN,NaN,NaN,NaN,168616,84936,-68845,16091,48036,-64206,-16170,20246,-20167,79
2013-03-19T22:00:00Z,3.392,3.4535,3.3905,3.4375,84936,-68845,16091,48036,-64206,-16170,20246,-20167,79,NaN,NaN,NaN,NaN,168616,84936,-68845,16091,48036,-64206,-16170,20246,-20167,79
2013-03-20T22:00:00Z,3.438,3.495,3.421,3.4435,84936,-68845,16091,48036,-64206,-16170,20246,-20167,79,NaN,NaN,NaN,NaN,168616,84936,-68845,16091,48036,-64206,-16170,20246,-20167,79
2013-03-21T22:00:00Z,3.443,3.477,3.432,3.4685,84936,-68845,16091,48036,-64206,-16170,20246,-20167,79,NaN,NaN,NaN,NaN,168616,84936,-68845,16091,48036,-64206,-16170,20246,-20167,79
2013-03-24T22:00:00Z,3.4655,3.4865,3.4385,3.453,84936,-68845,16091,48036,-64206,-16170,20246,-20167,79,NaN,NaN,NaN,NaN,168616,84936,-68845,16091,48036,-64206,-16170,20246,-20167,79
2013-03-25T22:00:00Z,3.452,3.4765,3.4385,3.455,88515,-66751,21764,49956,-70143,-20187,17686,-19263,-1577,NaN,NaN,NaN,NaN,172979,88515,-66751,21764,49956,-70143,-20187,17686,-19263,-1577
2013-03-26T22:00:00Z,3.452,3.46,3.4245,3.454,88515,-66751,21764,49956,-70143,-20187,17686,-19263,-1577,NaN,NaN,NaN,NaN,172979,88515,-66751,21764,49956,-70143,-20187,17686,-19263,-1577
2013-03-27T22:00:00Z,3.4565,3.462,3.3965,3.4025,88515,-66751,21764,49956,-70143,-20187,17686,-19263,-1577,NaN,NaN,NaN,NaN,172979,88515,-66751,21764,49956,-70143,-20187,17686,-19263,-1577
2013-03-31T22:00:00Z,3.4,3.403,3.34,3.3725,88515,-66751,21764,49956,-70143,-20187,17686,-19263,-1577,NaN,NaN,NaN,NaN,172979,88515,-66751,21764,49956,-70143,-20187,17686,-19263,-1577
2013-04-01T22:00:00Z,3.369,3.3855,3.3585,3.373,91372,-64250,27122,48872,-75877,-27005,20033,-20150,-117,NaN,NaN,NaN,NaN,179944,91372,-64250,27122,48872,-75877,-27005,20033,-20150,-117
2013-04-02T22:00:00Z,3.373,3.386,3.32,3.3225,91372,-64250,27122,48872,-75877,-27005,20033,-20150,-117,NaN,NaN,NaN,NaN,179944,91372,-64250,27122,48872,-75877,-27005,20033,-20150,-117
2013-04-03T22:00:00Z,3.3265,3.3725,3.306,3.358,91372,-64250,27122,48872,-75877,-27005,20033,-20150,-117,NaN,NaN,NaN,NaN,179944,91372,-64250,27122,48872,-75877,-27005,20033,-20150,-117
2013-04-04T22:00:00Z,3.3515,3.37,3.33,3.348,91372,-64250,27122,48872,-75877,-27005,20033,-20150,-117,NaN,NaN,NaN,NaN,179944,91372,-64250,27122,48872,-75877,-27005,20033,-20150,-117
2013-04-07T22:00:00Z,3.3415,3.394,3.339,3.3735,91372,-64250,27122,48872,-75877,-27005,20033,-20150,-117,NaN,NaN,NaN,NaN,179944,91372,-64250,27122,48872,-75877,-27005,20033,-20150,-117
2013-04-08T22:00:00Z,3.3735,3.4525,3.3735,3.4335,91588,-62370,29218,47713,-75552,-27839,19401,-20780,-1379,NaN,NaN,NaN,NaN,182719,91588,-62370,29218,47713,-75552,-27839,19401,-20780,-1379
2013-04-09T22:00:00Z,3.432,3.4435,3.402,3.4205,91588,-62370,29218,47713,-75552,-27839,19401,-20780,-1379,NaN,NaN,NaN,NaN,182719,91588,-62370,29218,47713,-75552,-27839,19401,-20780,-1379
2013-04-10T22:00:00Z,3.4175,3.442,3.3885,3.4325,91588,-62370,29218,47713,-75552,-27839,19401,-20780,-1379,NaN,NaN,NaN,NaN,182719,91588,-62370,29218,47713,-75552,-27839,19401,-20780,-1379
2013-04-11T22:00:00Z,3.4325,3.433,3.327,3.3325,91588,-62370,29218,47713,-75552,-27839,19401,-20780,-1379,NaN,NaN,NaN,NaN,182719,91588,-62370,29218,47713,-75552,-27839,19401,-20780,-1379
2013-04-14T22:00:00Z,3.343,3.354,3.1935,3.27,91588,-62370,29218,47713,-75552,-27839,19401,-20780,-1379,NaN,NaN,NaN,NaN,182719,91588,-62370,29218,47713,-75552,-27839,19401,-20780,-1379
2013-04-15T22:00:00Z,3.273,3.3085,3.223,3.308,104687,-74314,30373,44854,-68981,-24127,15743,-21989,-6246,NaN,NaN,NaN,NaN,187450,104687,-74314,30373,44854,-68981,-24127,15743,-21989,-6246
2013-04-16T22:00:00Z,3.306,3.3155,3.1735,3.1765,104687,-74314,30373,44854,-68981,-24127,15743,-21989,-6246,NaN,NaN,NaN,NaN,187450,104687,-74314,30373,44854,-68981,-24127,15743,-21989,-6246
2013-04-17T22:00:00Z,3.1765,3.2115,3.06,3.2005,104687,-74314,30373,44854,-68981,-24127,15743,-21989,-6246,NaN,NaN,NaN,NaN,187450,104687,-74314,30373,44854,-68981,-24127,15743,-21989,-6246
2013-04-18T22:00:00Z,3.205,3.205,3.11,3.154,104687,-74314,30373,44854,-68981,-24127,15743,-21989,-6246,NaN,NaN,NaN,NaN,187450,104687,-74314,30373,44854,-68981,-24127,15743,-21989,-6246
2013-04-21T22:00:00Z,3.1465,3.165,3.082,3.128,104687,-74314,30373,44854,-68981,-24127,15743,-21989,-6246,NaN,NaN,NaN,NaN,187450,104687,-74314,30373,44854,-68981,-24127,15743,-21989,-6246
2013-04-22T22:00:00Z,3.128,3.132,3.057,3.0835,98096,-68995,29101,43366,-64755,-21389,15428,-23140,-7712,NaN,NaN,NaN,NaN,172312,98096,-68995,29101,43366,-64755,-21389,15428,-23140,-7712
2013-04-23T22:00:00Z,3.0845,3.189,3.0775,3.165,98096,-68995,29101,43366,-64755,-21389,15428,-23140,-7712,NaN,NaN,NaN,NaN,172312,98096,-68995,29101,43366,-64755,-21389,15428,-23140,-7712
2013-04-24T22:00:00Z,3.1645,3.259,3.1525,3.248,98096,-68995,29101,43366,-64755,-21389,15428,-23140,-7712,NaN,NaN,NaN,NaN,172312,98096,-68995,29101,43366,-64755,-21389,15428,-23140,-7712
2013-04-25T22:00:00Z,3.2465,3.282,3.175,3.176,98096,-68995,29101,43366,-64755,-21389,15428,-23140,-7712,NaN,NaN,NaN,NaN,172312,98096,-68995,29101,43366,-64755,-21389,15428,-23140,-7712
2013-04-28T22:00:00Z,3.178,3.242,3.1555,3.22,98096,-68995,29101,43366,-64755,-21389,15428,-23140,-7712,NaN,NaN,NaN,NaN,172312,98096,-68995,29101,43366,-64755,-21389,15428,-23140,-7712
2013-04-29T22:00:00Z,3.2235,3.2475,3.172,3.192,93694,-62994,30700,43244,-67243,-23999,14626,-21327,-6701,NaN,NaN,NaN,NaN,166042,93694,-62994,30700,43244,-67243,-23999,14626,-21327,-6701
2013-04-30T22:00:00Z,3.1895,3.196,3.0425,3.0685,93694,-62994,30700,43244,-67243,-23999,14626,-21327,-6701,NaN,NaN,NaN,NaN,166042,93694,-62994,30700,43244,-67243,-23999,14626,-21327,-6701
2013-05-01T22:00:00Z,3.066,3.1375,3.066,3.1095,93694,-62994,30700,43244,-67243,-23999,14626,-21327,-6701,NaN,NaN,NaN,NaN,166042,93694,-62994,30700,43244,-67243,-23999,14626,-21327,-6701
2013-05-02T22:00:00Z,3.1095,3.317,3.106,3.307,93694,-62994,30700,43244,-67243,-23999,14626,-21327,-6701,NaN,NaN,NaN,NaN,166042,93694,-62994,30700,43244,-67243,-23999,14626,-21327,-6701
2013-05-05T22:00:00Z,3.3005,3.33,3.28,3.295,93694,-62994,30700,43244,-67243,-23999,14626,-21327,-6701,NaN,NaN,NaN,NaN,166042,93694,-62994,30700,43244,-67243,-23999,14626,-21327,-6701
2013-05-06T22:00:00Z,3.297,3.3475,3.263,3.306,88923,-60526,28397,42612,-61802,-19190,13622,-22829,-9207,NaN,NaN,NaN,NaN,158787,88923,-60526,28397,42612,-61802,-19190,13622,-22829,-9207
2013-05-07T22:00:00Z,3.3045,3.399,3.291,3.3665,88923,-60526,28397,42612,-61802,-19190,13622,-22829,-9207,NaN,NaN,NaN,NaN,158787,88923,-60526,28397,42612,-61802,-19190,13622,-22829,-9207
2013-05-08T22:00:00Z,3.366,3.3785,3.315,3.335,88923,-60526,28397,42612,-61802,-19190,13622,-22829,-9207,NaN,NaN,NaN,NaN,158787,88923,-60526,28397,42612,-61802,-19190,13622,-22829,-9207
2013-05-09T22:00:00Z,3.335,3.3855,3.304,3.3825,88923,-60526,28397,42612,-61802,-19190,13622,-22829,-9207,NaN,NaN,NaN,NaN,158787,88923,-60526,28397,42612,-61802,-19190,13622,-22829,-9207
2013-05-12T22:00:00Z,3.375,3.3805,3.3375,3.357,88923,-60526,28397,42612,-61802,-19190,13622,-22829,-9207,NaN,NaN,NaN,NaN,158787,88923,-60526,28397,42612,-61802,-19190,13622,-22829,-9207
2013-05-13T22:00:00Z,3.353,3.379,3.275,3.292,89594,-63429,26165,39970,-57425,-17455,14472,-23182,-8710,NaN,NaN,NaN,NaN,159750,89594,-63429,26165,39970,-57425,-17455,14472,-23182,-8710
2013-05-14T22:00:00Z,3.293,3.3115,3.224,3.277,89594,-63429,26165,39970,-57425,-17455,14472,-23182,-8710,NaN,NaN,NaN,NaN,159750,89594,-63429,26165,39970,-57425,-17455,14472,-23182,-8710
2013-05-15T22:00:00Z,3.278,3.313,3.2315,3.2885,89594,-63429,26165,39970,-57425,-17455,14472,-23182,-8710,NaN,NaN,NaN,NaN,159750,89594,-63429,26165,39970,-57425,-17455,14472,-23182,-8710
2013-05-16T22:00:00Z,3.2865,3.3455,3.2805,3.313,89594,-63429,26165,39970,-57425,-17455,14472,-23182,-8710,NaN,NaN,NaN,NaN,159750,89594,-63429,26165,39970,-57425,-17455,14472,-23182,-8710
2013-05-19T22:00:00Z,3.3175,3.3725,3.271,3.3545,89594,-63429,26165,39970,-57425,-17455,14472,-23182,-8710,NaN,NaN,NaN,NaN,159750,89594,-63429,26165,39970,-57425,-17455,14472,-23182,-8710
2013-05-20T22:00:00Z,3.3575,3.3815,3.3225,3.3395,90768,-68557,22211,39525,-53067,-13542,15960,-24629,-8669,NaN,NaN,NaN,NaN,162304,90768,-68557,22211,39525,-53067,-13542,15960,-24629,-8669
2013-05-21T22:00:00Z,3.3365,3.418,3.336,3.3655,90768,-68557,22211,39525,-53067,-13542,15960,-24629,-8669,NaN,NaN,NaN,NaN,162304,90768,-68557,22211,39525,-53067,-13542,15960,-24629,-8669
2013-05-22T22:00:00Z,3.3705,3.3705,3.267,3.3275,90768,-68557,22211,39525,-53067,-13542,15960,-24629,-8669,NaN,NaN,NaN,NaN,162304,90768,-68557,22211,39525,-53067,-13542,15960,-24629,-8669
2013-05-23T22:00:00Z,3.3235,3.3295,3.2815,3.293,90768,-68557,22211,39525,-53067,-13542,15960,-24629,-8669,NaN,NaN,NaN,NaN,162304,90768,-68557,22211,39525,-53067,-13542,15960,-24629,-8669
2013-05-26T22:00:00Z,3.2925,3.3455,3.2675,3.31,91797,-71095,20702,38759,-52325,-13566,17082,-24218,-7136,NaN,NaN,NaN,NaN,165931,91797,-71095,20702,38759,-52325,-13566,17082,-24218,-7136
2013-05-28T22:00:00Z,3.31,3.324,3.272,3.3,91797,-71095,20702,38759,-52325,-13566,17082,-24218,-7136,NaN,NaN,NaN,NaN,165931,91797,-71095,20702,38759,-52325,-13566,17082,-24218,-7136
2013-05-29T22:00:00Z,3.2985,3.3285,3.257,3.313,91797,-71095,20702,38759,-52325,-13566,17082,-24218,-7136,NaN,NaN,NaN,NaN,165931,91797,-71095,20702,38759,-52325,-13566,17082,-24218,-7136
2013-05-30T22:00:00Z,3.3155,3.3305,3.2655,3.272,91797,-71095,20702,38759,-52325,-13566,17082,-24218,-7136,NaN,NaN,NaN,NaN,165931,91797,-71095,20702,38759,-52325,-13566,17082,-24218,-7136
2013-06-02T22:00:00Z,3.281,3.3475,3.281,3.3375,91797,-71095,20702,38759,-52325,-13566,17082,-24218,-7136,NaN,NaN,NaN,NaN,165931,91797,-71095,20702,38759,-52325,-13566,17082,-24218,-7136
2013-06-03T22:00:00Z,3.3335,3.3775,3.322,3.3665,92573,-73671,18902,41488,-51433,-9945,15549,-24506,-8957,NaN,NaN,NaN,NaN,168538,92573,-73671,18902,41488,-51433,-9945,15549,-24506,-8957
2013-06-04T22:00:00Z,3.366,3.398,3.349,3.368,92573,-73671,18902,41488,-51433,-9945,15549,-24506,-8957,NaN,NaN,NaN,NaN,168538,92573,-73671,18902,41488,-51433,-9945,15549,-24506,-8957
2013-06-05T22:00:00Z,3.3675,3.371,3.3035,3.33,92573,-73671,18902,41488,-51433,-9945,15549,-24506,-8957,NaN,NaN,NaN,NaN,168538,92573,-73671,18902,41488,-51433,-9945,15549,-24506,-8957
2013-06-06T22:00:00Z,3.327,3.343,3.251,3.268,92573,-73671,18902,41488,-51433,-9945,15549,-24506,-8957,NaN,NaN,NaN,NaN,168538,92573,-73671,18902,41488,-51433,-9945,15549,-24506,-8957
2013-06-09T22:00:00Z,3.251,3.2515,3.202,3.2395,92573,-73671,18902,41488,-51433,-9945,15549,-24506,-8957,NaN,NaN,NaN,NaN,168538,92573,-73671,18902,41488,-51433,-9945,15549,-24506,-8957
2013-06-10T22:00:00Z,3.2375,3.285,3.173,3.195,100850,-75060,25790,40874,-58921,-18047,18183,-25926,-7743,NaN,NaN,NaN,NaN,181231,100850,-75060,25790,40874,-58921,-18047,18183,-25926,-7743
2013-06-11T22:00:00Z,3.1925,3.2315,3.163,3.2255,100850,-75060,25790,40874,-58921,-18047,18183,-25926,-7743,NaN,NaN,NaN,NaN,181231,100850,-75060,25790,40874,-58921,-18047,18183,-25926,-7743
2013-06-12T22:00:00Z,3.2205,3.2435,3.1605,3.2145,100850,-75060,25790,40874,-58921,-18047,18183,-25926,-7743,NaN,NaN,NaN,NaN,181231,100850,-75060,25790,40874,-58921,-18047,18183,-25926,-7743
2013-06-13T22:00:00Z,3.214,3.224,3.188,3.196,100850,-75060,25790,40874,-58921,-18047,18183,-25926,-7743,NaN,NaN,NaN,NaN,181231,100850,-75060,25790,40874,-58921,-18047,18183,-25926,-7743
2013-06-16T22:00:00Z,3.202,3.238,3.1815,3.197,100850,-75060,25790,40874,-58921,-18047,18183,-25926,-7743,NaN,NaN,NaN,NaN,181231,100850,-75060,25790,40874,-58921,-18047,18183,-25926,-7743
2013-06-17T22:00:00Z,3.1985,3.22,3.1385,3.1525,108010,-75483,32527,47838,-74277,-26439,18608,-24696,-6088,NaN,NaN,NaN,NaN,194877,108010,-75483,32527,47838,-74277,-26439,18608,-24696,-6088
2013-06-18T22:00:00Z,3.1525,3.174,3.1225,3.136,108010,-75483,32527,47838,-74277,-26439,18608,-24696,-6088,NaN,NaN,NaN,NaN,194877,108010,-75483,32527,47838,-74277,-26439,18608,-24696,-6088
2013-06-19T22:00:00Z,3.1345,3.138,3.0365,3.0495,108010,-75483,32527,47838,-74277,-26439,18608,-24696,-6088,NaN,NaN,NaN,NaN,194877,108010,-75483,32527,47838,-74277,-26439,18608,-24696,-6088
2013-06-20T22:00:00Z,3.045,3.105,3.019,3.102,108010,-75483,32527,47838,-74277,-26439,18608,-24696,-6088,NaN,NaN,NaN,NaN,194877,108010,-75483,32527,47838,-74277,-26439,18608,-24696,-6088
2013-06-23T22:00:00Z,3.095,3.095,2.9875,3.0365,108010,-75483,32527,47838,-74277,-26439,18608,-24696,-6088,NaN,NaN,NaN,NaN,194877,108010,-75483,32527,47838,-74277,-26439,18608,-24696,-6088
2013-06-24T22:00:00Z,3.0335,3.088,2.9835,3.068,101167,-61366,39801,46899,-78588,-31689,14775,-22887,-8112,NaN,NaN,NaN,NaN,178746,101167,-61366,39801,46899,-78588,-31689,14775,-22887,-8112
2013-06-25T22:00:00Z,3.0675,3.091,3.017,3.0505,101167,-61366,39801,46899,-78588,-31689,14775,-22887,-8112,NaN,NaN,NaN,NaN,178746,101167,-61366,39801,46899,-78588,-31689,14775,-22887,-8112
2013-06-26T22:00:00Z,3.05,3.0775,3.035,3.0505,101167,-61366,39801,46899,-78588,-31689,14775,-22887,-8112,NaN,NaN,NaN,NaN,178746,101167,-61366,39801,46899,-78588,-31689,14775,-22887,-8112
2013-06-27T22:00:00Z,3.056,3.089,3.0155,3.0585,101167,-61366,39801,46899,-78588,-31689,14775,-22887,-8112,NaN,NaN,NaN,NaN,178746,101167,-61366,39801,46899,-78588,-31689,14775,-22887,-8112
2013-06-30T22:00:00Z,3.045,3.1745,3.033,3.1555,101167,-61366,39801,46899,-78588,-31689,14775,-22887,-8112,NaN,NaN,NaN,NaN,178746,101167,-61366,39801,46899,-78588,-31689,14775,-22887,-8112
2013-07-01T22:00:00Z,3.153,3.166,3.127,3.1315,95951,-59369,36582,44898,-73439,-28541,13773,-21814,-8041,NaN,NaN,NaN,NaN,170977,95951,-59369,36582,44898,-73439,-28541,13773,-21814,-8041
2013-07-02T22:00:00Z,3.137,3.179,3.133,3.172,95951,-59369,36582,44898,-73439,-28541,13773,-21814,-8041,NaN,NaN,NaN,NaN,170977,95951,-59369,36582,44898,-73439,-28541,13773,-21814,-8041
2013-07-03T22:00:00Z,3.169,3.1785,3.0485,3.074,95951,-59369,36582,44898,-73439,-28541,13773,-21814,-8041,NaN,NaN,NaN,NaN,170977,95951,-59369,36582,44898,-73439,-28541,13773,-21814,-8041
2013-07-07T22:00:00Z,3.0775,3.11,3.058,3.101,95951,-59369,36582,44898,-73439,-28541,13773,-21814,-8041,NaN,NaN,NaN,NaN,170977,95951,-59369,36582,44898,-73439,-28541,13773,-21814,-8041
2013-07-08T22:00:00Z,3.1015,3.116,3.025,3.0645,95384,-59746,35638,44259,-72307,-28048,14378,-21968,-7590,NaN,NaN,NaN,NaN,169108,95384,-59746,35638,44259,-72307,-28048,14378,-21968,-7590
2013-07-09T22:00:00Z,3.065,3.0995,3.031,3.091,95384,-59746,35638,44259,-72307,-28048,14378,-21968,-7590,NaN,NaN,NaN,NaN,169108,95384,-59746,35638,44259,-72307,-28048,14378,-21968,-7590
2013-07-10T22:00:00Z,3.0965,3.201,3.09,3.181,95384,-59746,35638,44259,-72307,-28048,14378,-21968,-7590,NaN,NaN,NaN,NaN,169108,95384,-59746,35638,44259,-72307,-28048,14378,-21968,-7590
2013-07-11T22:00:00Z,3.1775,3.1935,3.136,3.1535,95384,-59746,35638,44259,-72307,-28048,14378,-21968,-7590,NaN,NaN,NaN,NaN,169108,95384,-59746,35638,44259,-72307,-28048,14378,-21968,-7590
2013-07-14T22:00:00Z,3.16,3.169,3.1245,3.15,95384,-59746,35638,44259,-72307,-28048,14378,-21968,-7590,NaN,NaN,NaN,NaN,169108,95384,-59746,35638,44259,-72307,-28048,14378,-21968,-7590
2013-07-15T22:00:00Z,3.1485,3.1915,3.133,3.1745,93211,-64431,28780,39403,-61783,-22380,15456,-21856,-6400,NaN,NaN,NaN,NaN,163870,93211,-64431,28780,39403,-61783,-22380,15456,-21856,-6400
2013-07-16T22:00:00Z,3.1745,3.198,3.1125,3.1335,93211,-64431,28780,39403,-61783,-22380,15456,-21856,-6400,NaN,NaN,NaN,NaN,163870,93211,-64431,28780,39403,-61783,-22380,15456,-21856,-6400
2013-07-17T22:00:00Z,3.133,3.1395,3.1065,3.1265,93211,-64431,28780,39403,-61783,-22380,15456,-21856,-6400,NaN,NaN,NaN,NaN,163870,93211,-64431,28780,39403,-61783,-22380,15456,-21856,-6400
2013-07-18T22:00:00Z,3.1295,3.1625,3.1125,3.146,93211,-64431,28780,39403,-61783,-22380,15456,-21856,-6400,NaN,NaN,NaN,NaN,163870,93211,-64431,28780,39403,-61783,-22380,15456,-21856,-6400
2013-07-21T22:00:00Z,3.1455,3.215,3.144,3.1765,93211,-64431,28780,39403,-61783,-22380,15456,-21856,-6400,NaN,NaN,NaN,NaN,163870,93211,-64431,28780,39403,-61783,-22380,15456,-21856,-6400
2013-07-22T22:00:00Z,3.176,3.218,3.1635,3.212,93980,-64503,29477,38642,-61746,-23104,15791,-22164,-6373,NaN,NaN,NaN,NaN,161805,93980,-64503,29477,38642,-61746,-23104,15791,-22164,-6373
2013-07-23T22:00:00Z,3.21,3.234,3.165,3.183,93980,-64503,29477,38642,-61746,-23104,15791,-22164,-6373,NaN,NaN,NaN,NaN,161805,93980,-64503,29477,38642,-61746,-23104,15791,-22164,-6373
2013-07-24T22:00:00Z,3.183,3.1955,3.15,3.1905,93980,-64503,29477,38642,-61746,-23104,15791,-22164,-6373,NaN,NaN,NaN,NaN,161805,93980,-64503,29477,38642,-61746,-23104,15791,-22164,-6373
2013-07-25T22:00:00Z,3.1905,3.194,3.0945,3.104,93980,-64503,29477,38642,-61746,-23104,15791,-22164,-6373,NaN,NaN,NaN,NaN,161805,93980,-64503,29477,38642,-61746,-23104,15791,-22164,-6373
2013-07-28T22:00:00Z,3.105,3.1175,3.086,3.106,93980,-64503,29477,38642,-61746,-23104,15791,-22164,-6373,NaN,NaN,NaN,NaN,161805,93980,-64503,29477,38642,-61746,-23104,15791,-22164,-6373
2013-07-29T22:00:00Z,3.1085,3.1095,3.0365,3.0405,94144,-56749,37395,39333,-70427,-31094,19270,-25571,-6301,NaN,NaN,NaN,NaN,166158,94144,-56749,37395,39333,-70427,-31094,19270,-25571,-6301
2013-07-30T22:00:00Z,3.041,3.129,3.0375,3.1215,94144,-56749,37395,39333,-70427,-31094,19270,-25571,-6301,NaN,NaN,NaN,NaN,166158,94144,-56749,37395,39333,-70427,-31094,19270,-25571,-6301
2013-07-31T22:00:00Z,3.1185,3.1875,3.102,3.157,94144,-56749,37395,39333,-70427,-31094,19270,-25571,-6301,NaN,NaN,NaN,NaN,166158,94144,-56749,37395,39333,-70427,-31094,19270,-25571,-6301
2013-08-01T22:00:00Z,3.158,3.206,3.132,3.1665,94144,-56749,37395,39333,-70427,-31094,19270,-25571,-6301,NaN,NaN,NaN,NaN,166158,94144,-56749,37395,39333,-70427,-31094,19270,-25571,-6301
2013-08-04T22:00:00Z,3.1745,3.189,3.148,3.1675,94144,-56749,37395,39333,-70427,-31094,19270,-25571,-6301,NaN,NaN,NaN,NaN,166158,94144,-56749,37395,39333,-70427,-31094,19270,-25571,-6301
2013-08-05T22:00:00Z,3.1675,3.209,3.1475,3.1765,93975,-63948,30027,37858,-59435,-21577,16430,-24880,-8450,NaN,NaN,NaN,NaN,163880,93975,-63948,30027,37858,-59435,-21577,16430,-24880,-8450
2013-08-06T22:00:00Z,3.173,3.189,3.1285,3.184,93975,-63948,30027,37858,-59435,-21577,16430,-24880,-8450,NaN,NaN,NaN,NaN,163880,93975,-63948,30027,37858,-59435,-21577,16430,-24880,-8450
2013-08-07T22:00:00Z,3.1855,3.2795,3.1745,3.262,93975,-63948,30027,37858,-59435,-21577,16430,-24880,-8450,NaN,NaN,NaN,NaN,163880,93975,-63948,30027,37858,-59435,-21577,16430,-24880,-8450
2013-08-08T22:00:00Z,3.2635,3.3175,3.242,3.309,93975,-63948,30027,37858,-59435,-21577,16430,-24880,-8450,NaN,NaN,NaN,NaN,163880,93975,-63948,30027,37858,-59435,-21577,16430,-24880,-8450
2013-08-11T22:00:00Z,3.305,3.329,3.284,3.31,93975,-63948,30027,37858,-59435,-21577,16430,-24880,-8450,NaN,NaN,NaN,NaN,163880,93975,-63948,30027,37858,-59435,-21577,16430,-24880,-8450
2013-08-12T22:00:00Z,3.312,3.343,3.2925,3.3115,92326,-78847,13479,38753,-45587,-6834,15486,-22131,-6645,NaN,NaN,NaN,NaN,161593,92326,-78847,13479,38753,-45587,-6834,15486,-22131,-6645
2013-08-13T22:00:00Z,3.315,3.3495,3.295,3.345,92326,-78847,13479,38753,-45587,-6834,15486,-22131,-6645,NaN,NaN,NaN,NaN,161593,92326,-78847,13479,38753,-45587,-6834,15486,-22131,-6645
2013-08-14T22:00:00Z,3.3415,3.3635,3.287,3.3565,92326,-78847,13479,38753,-45587,-6834,15486,-22131,-6645,NaN,NaN,NaN,NaN,161593,92326,-78847,13479,38753,-45587,-6834,15486,-22131,-6645
2013-08-15T22:00:00Z,3.358,3.38,3.339,3.3605,92326,-78847,13479,38753,-45587,-6834,15486,-22131,-6645,NaN,NaN,NaN,NaN,161593,92326,-78847,13479,38753,-45587,-6834,15486,-22131,-6645
2013-08-18T22:00:00Z,3.365,3.373,3.3215,3.3325,92326,-78847,13479,38753,-45587,-6834,15486,-22131,-6645,NaN,NaN,NaN,NaN,161593,92326,-78847,13479,38753,-45587,-6834,15486,-22131,-6645
2013-08-19T22:00:00Z,3.333,3.3425,3.303,3.329,88774,-81533,7241,44415,-44535,-120,14422,-21543,-7121,NaN,NaN,NaN,NaN,160062,88774,-81533,7241,44415,-44535,-120,14422,-21543,-7121
2013-08-20T22:00:00Z,3.3295,3.3335,3.287,3.3125,88774,-81533,7241,44415,-44535,-120,14422,-21543,-7121,NaN,NaN,NaN,NaN,160062,88774,-81533,7241,44415,-44535,-120,14422,-21543,-7121
2013-08-21T22:00:00Z,3.314,3.3685,3.296,3.3335,88774,-81533,7241,44415,-44535,-120,14422,-21543,-7121,NaN,NaN,NaN,NaN,160062,88774,-81533,7241,44415,-44535,-120,14422,-21543,-7121
2013-08-22T22:00:00Z,3.336,3.36,3.315,3.353,88774,-81533,7241,44415,-44535,-120,14422,-21543,-7121,NaN,NaN,NaN,NaN,160062,88774,-81533,7241,44415,-44535,-120,14422,-21543,-7121
2013-08-25T22:00:00Z,3.347,3.3885,3.2935,3.3245,88774,-81533,7241,44415,-44535,-120,14422,-21543,-7121,NaN,NaN,NaN,NaN,160062,88774,-81533,7241,44415,-44535,-120,14422,-21543,-7121
2013-08-26T22:00:00Z,3.32,3.3725,3.308,3.3225,87986,-83036,4950,42772,-43565,-793,15591,-19748,-4157,NaN,NaN,NaN,NaN,156847,87986,-83036,4950,42772,-43565,-793,15591,-19748,-4157
2013-08-27T22:00:00Z,3.322,3.346,3.2965,3.3045,87986,-83036,4950,42772,-43565,-793,15591,-19748,-4157,NaN,NaN,NaN,NaN,156847,87986,-83036,4950,42772,-43565,-793,15591,-19748,-4157
2013-08-28T22:00:00Z,3.314,3.3245,3.2535,3.2535,87986,-83036,4950,42772,-43565,-793,15591,-19748,-4157,NaN,NaN,NaN,NaN,156847,87986,-83036,4950,42772,-43565,-793,15591,-19748,-4157
2013-09-01T22:00:00Z,3.2505,3.3275,3.245,3.3125,84809,-75371,9438,40851,-45303,-4452,13745,-18731,-4986,NaN,NaN,NaN,NaN,149072,84809,-75371,9438,40851,-45303,-4452,13745,-18731,-4986
2013-09-03T22:00:00Z,3.3085,3.3095,3.228,3.248,84809,-75371,9438,40851,-45303,-4452,13745,-18731,-4986,NaN,NaN,NaN,NaN,149072,84809,-75371,9438,40851,-45303,-4452,13745,-18731,-4986
2013-09-04T22:00:00Z,3.248,3.261,3.22,3.246,84809,-75371,9438,40851,-45303,-4452,13745,-18731,-4986,NaN,NaN,NaN,NaN,149072,84809,-75371,9438,40851,-45303,-4452,13745,-18731,-4986
2013-09-05T22:00:00Z,3.2455,3.289,3.24,3.2595,84809,-75371,9438,40851,-45303,-4452,13745,-18731,-4986,NaN,NaN,NaN,NaN,149072,84809,-75371,9438,40851,-45303,-4452,13745,-18731,-4986
2013-09-08T22:00:00Z,3.2675,3.299,3.259,3.2815,84809,-75371,9438,40851,-45303,-4452,13745,-18731,-4986,NaN,NaN,NaN,NaN,149072,84809,-75371,9438,40851,-45303,-4452,13745,-18731,-4986
2013-09-09T22:00:00Z,3.2805,3.2965,3.253,3.2655,85973,-72286,13687,37874,-46447,-8573,15872,-20986,-5114,NaN,NaN,NaN,NaN,149202,85973,-72286,13687,37874,-46447,-8573,15872,-20986,-5114
2013-09-10T22:00:00Z,3.2655,3.283,3.2555,3.2725,85973,-72286,13687,37874,-46447,-8573,15872,-20986,-5114,NaN,NaN,NaN,NaN,149202,85973,-72286,13687,37874,-46447,-8573,15872,-20986,-5114
2013-09-11T22:00:00Z,3.2735,3.2755,3.1915,3.199,85973,-72286,13687,37874,-46447,-8573,15872,-20986,-5114,NaN,NaN,NaN,NaN,149202,85973,-72286,13687,37874,-46447,-8573,15872,-20986,-5114
2013-09-12T22:00:00Z,3.2,3.227,3.1905,3.2255,85973,-72286,13687,37874,-46447,-8573,15872,-20986,-5114,NaN,NaN,NaN,NaN,149202,85973,-72286,13687,37874,-46447,-8573,15872,-20986,-5114
2013-09-15T22:00:00Z,3.2365,3.2815,3.198,3.212,85973,-72286,13687,37874,-46447,-8573,15872,-20986,-5114,NaN,NaN,NaN,NaN,149202,85973,-72286,13687,37874,-46447,-8573,15872,-20986,-5114
2013-09-16T22:00:00Z,3.2155,3.24,3.1985,3.226,86583,-65915,20668,35639,-50892,-15253,15695,-21110,-5415,NaN,NaN,NaN,NaN,149173,86583,-65915,20668,35639,-50892,-15253,15695,-21110,-5415
2013-09-17T22:00:00Z,3.2245,3.3345,3.206,3.3185,86583,-65915,20668,35639,-50892,-15253,15695,-21110,-5415,NaN,NaN,NaN,NaN,149173,86583,-65915,20668,35639,-50892,-15253,15695,-21110,-5415
2013-09-18T22:00:00Z,3.3155,3.3565,3.311,3.3495,86583,-65915,20668,35639,-50892,-15253,15695,-21110,-5415,NaN,NaN,NaN,NaN,149173,86583,-65915,20668,35639,-50892,-15253,15695,-21110,-5415
2013-09-19T22:00:00Z,3.3495,3.3595,3.3025,3.3075,86583,-65915,20668,35639,-50892,-15253,15695,-21110,-5415,NaN,NaN,NaN,NaN,149173,86583,-65915,20668,35639,-50892,-15253,15695,-21110,-5415
2013-09-22T22:00:00Z,3.309,3.312,3.2645,3.297,86583,-65915,20668,35639,-50892,-15253,15695,-21110,-5415,NaN,NaN,NaN,NaN,149173,86583,-65915,20668,35639,-50892,-15253,15695,-21110,-5415
2013-09-23T22:00:00Z,3.2955,3.2975,3.2355,3.264,82411,-71113,11298,36648,-43898,-7250,16587,-20635,-4048,NaN,NaN,NaN,NaN,147511,82411,-71113,11298,36648,-43898,-7250,16587,-20635,-4048
2013-09-24T22:00:00Z,3.2635,3.278,3.253,3.273,82411,-71113,11298,36648,-43898,-7250,16587,-20635,-4048,NaN,NaN,NaN,NaN,147511,82411,-71113,11298,36648,-43898,-7250,16587,-20635,-4048
2013-09-25T22:00:00Z,3.2705,3.324,3.261,3.301,82411,-71113,11298,36648,-43898,-7250,16587,-20635,-4048,NaN,NaN,NaN,NaN,147511,82411,-71113,11298,36648,-43898,-7250,16587,-20635,-4048
2013-09-26T22:00:00Z,3.3,3.331,3.2915,3.317,82411,-71113,11298,36648,-43898,-7250,16587,-20635,-4048,NaN,NaN,NaN,NaN,147511,82411,-71113,11298,36648,-43898,-7250,16587,-20635,-4048
2013-09-29T22:00:00Z,3.31,3.3395,3.294,3.318,82411,-71113,11298,36648,-43898,-7250,16587,-20635,-4048,NaN,NaN,NaN,NaN,147511,82411,-71113,11298,36648,-43898,-7250,16587,-20635,-4048
2013-09-30T22:00:00Z,3.3245,3.3375,3.249,3.279,80265,-72900,7365,39032,-40366,-1334,14912,-20943,-6031,NaN,NaN,NaN,NaN,148001,80265,-72900,7365,39032,-40366,-1334,14912,-20943,-6031
2013-10-01T22:00:00Z,3.2815,3.3195,3.248,3.3105,80265,-72900,7365,39032,-40366,-1334,14912,-20943,-6031,NaN,NaN,NaN,NaN,148001,80265,-72900,7365,39032,-40366,-1334,14912,-20943,-6031
2013-10-02T22:00:00Z,3.309,3.325,3.2615,3.28,80265,-72900,7365,39032,-40366,-1334,14912,-20943,-6031,NaN,NaN,NaN,NaN,148001,80265,-72900,7365,39032,-40366,-1334,14912,-20943,-6031
2013-10-03T22:00:00Z,3.2795,3.317,3.258,3.304,80265,-72900,7365,39032,-40366,-1334,14912,-20943,-6031,NaN,NaN,NaN,NaN,148001,80265,-72900,7365,39032,-40366,-1334,14912,-20943,-6031
2013-10-06T22:00:00Z,3.2985,3.313,3.264,3.2985,80265,-72900,7365,39032,-40366,-1334,14912,-20943,-6031,NaN,NaN,NaN,NaN,148001,80265,-72900,7365,39032,-40366,-1334,14912,-20943,-6031
2013-10-07T22:00:00Z,3.2995,3.3215,3.2825,3.2905,80644,-71930,8714,37880,-41764,-3884,15153,-19983,-4830,NaN,NaN,NaN,NaN,147936,80644,-71930,8714,37880,-41764,-3884,15153,-19983,-4830
2013-10-08T22:00:00Z,3.2895,3.2985,3.22,3.228,80644,-71930,8714,37880,-41764,-3884,15153,-19983,-4830,NaN,NaN,NaN,NaN,147936,80644,-71930,8714,37880,-41764,-3884,15153,-19983,-4830
2013-10-09T22:00:00Z,3.228,3.2525,3.215,3.2445,80644,-71930,8714,37880,-41764,-3884,15153,-19983,-4830,NaN,NaN,NaN,NaN,147936,80644,-71930,8714,37880,-41764,-3884,15153,-19983,-4830
2013-10-10T22:00:00Z,3.2435,3.2735,3.225,3.273,80644,-71930,8714,37880,-41764,-3884,15153,-19983,-4830,NaN,NaN,NaN,NaN,147936,80644,-71930,8714,37880,-41764,-3884,15153,-19983,-4830
2013-10-13T22:00:00Z,3.268,3.3175,3.2445,3.296,80644,-71930,8714,37880,-41764,-3884,15153,-19983,-4830,NaN,NaN,NaN,NaN,147936,80644,-71930,8714,37880,-41764,-3884,15153,-19983,-4830
2013-10-14T22:00:00Z,3.2955,3.31,3.281,3.304,83006,-69117,13889,37672,-45400,-7728,14281,-20442,-6161,NaN,NaN,NaN,NaN,149819,83006,-69117,13889,37672,-45400,-7728,14281,-20442,-6161
2013-10-15T22:00:00Z,3.302,3.329,3.2635,3.31,83006,-69117,13889,37672,-45400,-7728,14281,-20442,-6161,NaN,NaN,NaN,NaN,149819,83006,-69117,13889,37672,-45400,-7728,14281,-20442,-6161
2013-10-16T22:00:00Z,3.309,3.325,3.271,3.3015,83006,-69117,13889,37672,-45400,-7728,14281,-20442,-6161,NaN,NaN,NaN,NaN,149819,83006,-69117,13889,37672,-45400,-7728,14281,-20442,-6161
2013-10-17T22:00:00Z,3.301,3.3205,3.287,3.2905,83006,-69117,13889,37672,-45400,-7728,14281,-20442,-6161,NaN,NaN,NaN,NaN,149819,83006,-69117,13889,37672,-45400,-7728,14281,-20442,-6161
2013-10-20T22:00:00Z,3.2945,3.3115,3.282,3.3005,83006,-69117,13889,37672,-45400,-7728,14281,-20442,-6161,NaN,NaN,NaN,NaN,149819,83006,-69117,13889,37672,-45400,-7728,14281,-20442,-6161
2013-10-21T22:00:00Z,3.302,3.355,3.296,3.334,81295,-80208,1087,44669,-41054,3615,16188,-20890,-4702,NaN,NaN,NaN,NaN,154924,81295,-80208,1087,44669,-41054,3615,16188,-20890,-4702
2013-10-22T22:00:00Z,3.3335,3.3345,3.26,3.2645,81295,-80208,1087,44669,-41054,3615,16188,-20890,-4702,NaN,NaN,NaN,NaN,154924,81295,-80208,1087,44669,-41054,3615,16188,-20890,-4702
2013-10-23T22:00:00Z,3.267,3.281,3.2455,3.27,81295,-80208,1087,44669,-41054,3615,16188,-20890,-4702,NaN,NaN,NaN,NaN,154924,81295,-80208,1087,44669,-41054,3615,16188,-20890,-4702
2013-10-24T22:00:00Z,3.2675,3.273,3.234,3.266,81295,-80208,1087,44669,-41054,3615,16188,-20890,-4702,NaN,NaN,NaN,NaN,154924,81295,-80208,1087,44669,-41054,3615,16188,-20890,-4702
2013-10-27T22:00:00Z,3.276,3.2855,3.257,3.265,81295,-80208,1087,44669,-41054,3615,16188,-20890,-4702,NaN,NaN,NaN,NaN,154924,81295,-80208,1087,44669,-41054,3615,16188,-20890,-4702
2013-10-28T22:00:00Z,3.263,3.296,3.246,3.2805,88002,-72879,15123,38310,-48325,-10015,15131,-20239,-5108,NaN,NaN,NaN,NaN,154498,88002,-72879,15123,38310,-48325,-10015,15131,-20239,-5108
2013-10-29T22:00:00Z,3.2775,3.328,3.273,3.316,88002,-72879,15123,38310,-48325,-10015,15131,-20239,-5108,NaN,NaN,NaN,NaN,154498,88002,-72879,15123,38310,-48325,-10015,15131,-20239,-5108
2013-10-30T22:00:00Z,3.3115,3.3195,3.2915,3.301,88002,-72879,15123,38310,-48325,-10015,15131,-20239,-5108,NaN,NaN,NaN,NaN,154498,88002,-72879,15123,38310,-48325,-10015,15131,-20239,-5108
2013-10-31T22:00:00Z,3.3005,3.326,3.2905,3.2985,88002,-72879,15123,38310,-48325,-10015,15131,-20239,-5108,NaN,NaN,NaN,NaN,154498,88002,-72879,15123,38310,-48325,-10015,15131,-20239,-5108
2013-11-03T23:00:00Z,3.2985,3.3085,3.2475,3.2605,88002,-72879,15123,38310,-48325,-10015,15131,-20239,-5108,NaN,NaN,NaN,NaN,154498,88002,-72879,15123,38310,-48325,-10015,15131,-20239,-5108
2013-11-04T23:00:00Z,3.2635,3.2765,3.243,3.2635,85907,-71552,14355,36754,-46538,-9784,16909,-21480,-4571,NaN,NaN,NaN,NaN,148624,85907,-71552,14355,36754,-46538,-9784,16909,-21480,-4571
2013-11-05T23:00:00Z,3.2625,3.278,3.222,3.2465,85907,-71552,14355,36754,-46538,-9784,16909,-21480,-4571,NaN,NaN,NaN,NaN,148624,85907,-71552,14355,36754,-46538,-9784,16909,-21480,-4571
2013-11-06T23:00:00Z,3.2445,3.2575,3.2255,3.24,85907,-71552,14355,36754,-46538,-9784,16909,-21480,-4571,NaN,NaN,NaN,NaN,148624,85907,-71552,14355,36754,-46538,-9784,16909,-21480,-4571
2013-11-07T23:00:00Z,3.2405,3.266,3.2235,3.2595,85907,-71552,14355,36754,-46538,-9784,16909,-21480,-4571,NaN,NaN,NaN,NaN,148624,85907,-71552,14355,36754,-46538,-9784,16909,-21480,-4571
2013-11-10T23:00:00Z,3.2625,3.276,3.2435,3.254,85907,-71552,14355,36754,-46538,-9784,16909,-21480,-4571,NaN,NaN,NaN,NaN,148624,85907,-71552,14355,36754,-46538,-9784,16909,-21480,-4571
2013-11-11T23:00:00Z,3.254,3.258,3.211,3.221,88967,-66255,22712,39966,-58934,-18968,18595,-22339,-3744,NaN,NaN,NaN,NaN,163264,88967,-66255,22712,39966,-58934,-18968,18595,-22339,-3744
2013-11-12T23:00:00Z,3.22,3.2225,3.1525,3.162,88967,-66255,22712,39966,-58934,-18968,18595,-22339,-3744,NaN,NaN,NaN,NaN,163264,88967,-66255,22712,39966,-58934,-18968,18595,-22339,-3744
2013-11-13T23:00:00Z,3.1635,3.1835,3.142,3.163,88967,-66255,22712,39966,-58934,-18968,18595,-22339,-3744,NaN,NaN,NaN,NaN,163264,88967,-66255,22712,39966,-58934,-18968,18595,-22339,-3744
2013-11-14T23:00:00Z,3.1615,3.1845,3.144,3.1715,88967,-66255,22712,39966,-58934,-18968,18595,-22339,-3744,NaN,NaN,NaN,NaN,163264,88967,-66255,22712,39966,-58934,-18968,18595,-22339,-3744
2013-11-17T23:00:00Z,3.168,3.178,3.147,3.1485,88967,-66255,22712,39966,-58934,-18968,18595,-22339,-3744,NaN,NaN,NaN,NaN,163264,88967,-66255,22712,39966,-58934,-18968,18595,-22339,-3744
2013-11-18T23:00:00Z,3.1505,3.173,3.124,3.156,98110,-59242,38868,40413,-74311,-33898,19855,-24825,-4970,NaN,NaN,NaN,NaN,173106,98110,-59242,38868,40413,-74311,-33898,19855,-24825,-4970
2013-11-19T23:00:00Z,3.155,3.1805,3.144,3.1455,98110,-59242,38868,40413,-74311,-33898,19855,-24825,-4970,NaN,NaN,NaN,NaN,173106,98110,-59242,38868,40413,-74311,-33898,19855,-24825,-4970
2013-11-20T23:00:00Z,3.1445,3.1995,3.141,3.1885,98110,-59242,38868,40413,-74311,-33898,19855,-24825,-4970,NaN,NaN,NaN,NaN,173106,98110,-59242,38868,40413,-74311,-33898,19855,-24825,-4970
2013-11-21T23:00:00Z,3.188,3.2205,3.1805,3.2205,98110,-59242,38868,40413,-74311,-33898,19855,-24825,-4970,NaN,NaN,NaN,NaN,173106,98110,-59242,38868,40413,-74311,-33898,19855,-24825,-4970
2013-11-24T23:00:00Z,3.214,3.263,3.2015,3.2315,98110,-59242,38868,40413,-74311,-33898,19855,-24825,-4970,NaN,NaN,NaN,NaN,173106,98110,-59242,38868,40413,-74311,-33898,19855,-24825,-4970
2013-11-25T23:00:00Z,3.23,3.236,3.2015,3.2025,89001,-53484,35517,41232,-71260,-30028,17231,-22720,-5489,NaN,NaN,NaN,NaN,158780,89001,-53484,35517,41232,-71260,-30028,17231,-22720,-5489
2013-11-26T23:00:00Z,3.207,3.2335,3.18,3.1985,89001,-53484,35517,41232,-71260,-30028,17231,-22720,-5489,NaN,NaN,NaN,NaN,158780,89001,-53484,35517,41232,-71260,-30028,17231,-22720,-5489
2013-11-27T23:00:00Z,3.198,3.2255,3.185,3.206,89001,-53484,35517,41232,-71260,-30028,17231,-22720,-5489,NaN,NaN,NaN,NaN,158780,89001,-53484,35517,41232,-71260,-30028,17231,-22720,-5489
2013-12-01T23:00:00Z,3.2045,3.215,3.1685,3.172,89001,-53484,35517,41232,-71260,-30028,17231,-22720,-5489,NaN,NaN,NaN,NaN,158780,89001,-53484,35517,41232,-71260,-30028,17231,-22720,-5489
2013-12-02T23:00:00Z,3.175,3.1825,3.158,3.16,86479,-55257,31222,43029,-70380,-27351,19520,-23391,-3871,NaN,NaN,NaN,NaN,160042,86479,-55257,31222,43029,-70380,-27351,19520,-23391,-3871
2013-12-03T23:00:00Z,3.1615,3.252,3.1605,3.23,86479,-55257,31222,43029,-70380,-27351,19520,-23391,-3871,NaN,NaN,NaN,NaN,160042,86479,-55257,31222,43029,-70380,-27351,19520,-23391,-3871
2013-12-04T23:00:00Z,3.2305,3.2405,3.2135,3.22,86479,-55257,31222,43029,-70380,-27351,19520,-23391,-3871,NaN,NaN,NaN,NaN,160042,86479,-55257,31222,43029,-70380,-27351,19520,-23391,-3871
2013-12-05T23:00:00Z,3.2205,3.26,3.2175,3.241,86479,-55257,31222,43029,-70380,-27351,19520,-23391,-3871,NaN,NaN,NaN,NaN,160042,86479,-55257,31222,43029,-70380,-27351,19520,-23391,-3871
2013-12-08T23:00:00Z,3.246,3.2595,3.231,3.253,86479,-55257,31222,43029,-70380,-27351,19520,-23391,-3871,NaN,NaN,NaN,NaN,160042,86479,-55257,31222,43029,-70380,-27351,19520,-23391,-3871
2013-12-09T23:00:00Z,3.2535,3.279,3.247,3.2675,84272,-66965,17307,44375,-57508,-13133,20304,-24478,-4174,NaN,NaN,NaN,NaN,159552,84272,-66965,17307,44375,-57508,-13133,20304,-24478,-4174
2013-12-10T23:00:00Z,3.2675,3.2955,3.2565,3.2885,84272,-66965,17307,44375,-57508,-13133,20304,-24478,-4174,NaN,NaN,NaN,NaN,159552,84272,-66965,17307,44375,-57508,-13133,20304,-24478,-4174
2013-12-11T23:00:00Z,3.287,3.3105,3.282,3.291,84272,-66965,17307,44375,-57508,-13133,20304,-24478,-4174,NaN,NaN,NaN,NaN,159552,84272,-66965,17307,44375,-57508,-13133,20304,-24478,-4174
2013-12-12T23:00:00Z,3.292,3.3195,3.279,3.3065,84272,-66965,17307,44375,-57508,-13133,20304,-24478,-4174,NaN,NaN,NaN,NaN,159552,84272,-66965,17307,44375,-57508,-13133,20304,-24478,-4174
2013-12-15T23:00:00Z,3.307,3.332,3.3005,3.322,84272,-66965,17307,44375,-57508,-13133,20304,-24478,-4174,NaN,NaN,NaN,NaN,159552,84272,-66965,17307,44375,-57508,-13133,20304,-24478,-4174
2013-12-16T23:00:00Z,3.323,3.3355,3.3115,3.316,76939,-73995,2944,55009,-52630,2379,20382,-25705,-5323,NaN,NaN,NaN,NaN,159879,76939,-73995,2944,55009,-52630,2379,20382,-25705,-5323
2013-12-17T23:00:00Z,3.3165,3.33,3.2985,3.321,76939,-73995,2944,55009,-52630,2379,20382,-25705,-5323,NaN,NaN,NaN,NaN,159879,76939,-73995,2944,55009,-52630,2379,20382,-25705,-5323
2013-12-18T23:00:00Z,3.322,3.3235,3.275,3.298,76939,-73995,2944,55009,-52630,2379,20382,-25705,-5323,NaN,NaN,NaN,NaN,159879,76939,-73995,2944,55009,-52630,2379,20382,-25705,-5323
2013-12-19T23:00:00Z,3.2995,3.3175,3.291,3.3055,76939,-73995,2944,55009,-52630,2379,20382,-25705,-5323,NaN,NaN,NaN,NaN,159879,76939,-73995,2944,55009,-52630,2379,20382,-25705,-5323
2013-12-22T23:00:00Z,3.3055,3.315,3.299,3.309,76939,-73995,2944,55009,-52630,2379,20382,-25705,-5323,NaN,NaN,NaN,NaN,159879,76939,-73995,2944,55009,-52630,2379,20382,-25705,-5323
2013-12-23T23:00:00Z,3.3085,3.42,3.3045,3.3695,74020,-75004,-984,60943,-56208,4735,20505,-24256,-3751,NaN,NaN,NaN,NaN,164932,74020,-75004,-984,60943,-56208,4735,20505,-24256,-3751
2013-12-25T23:00:00Z,3.381,3.401,3.368,3.3875,74020,-75004,-984,60943,-56208,4735,20505,-24256,-3751,NaN,NaN,NaN,NaN,164932,74020,-75004,-984,60943,-56208,4735,20505,-24256,-3751
2013-12-26T23:00:00Z,3.39,3.399,3.37,3.3825,74020,-75004,-984,60943,-56208,4735,20505,-24256,-3751,NaN,NaN,NaN,NaN,164932,74020,-75004,-984,60943,-56208,4735,20505,-24256,-3751
2013-12-29T23:00:00Z,3.383,3.3925,3.3715,3.3795,74020,-75004,-984,60943,-56208,4735,20505,-24256,-3751,NaN,NaN,NaN,NaN,164932,74020,-75004,-984,60943,-56208,4735,20505,-24256,-3751
2013-12-30T23:00:00Z,3.3785,3.408,3.3665,3.399,70367,-79191,-8824,66016,-55653,10363,20964,-22503,-1539,NaN,NaN,NaN,NaN,167024,70367,-79191,-8824,66016,-55653,10363,20964,-22503,-1539
2014-01-01T23:00:00Z,3.3985,3.4245,3.376,3.385,70367,-79191,-8824,66016,-55653,10363,20964,-22503,-1539,NaN,NaN,NaN,NaN,167024,70367,-79191,-8824,66016,-55653,10363,20964,-22503,-1539
2014-01-02T23:00:00Z,3.385,3.3875,3.3455,3.3525,70367,-79191,-8824,66016,-55653,10363,20964,-22503,-1539,NaN,NaN,NaN,NaN,167024,70367,-79191,-8824,66016,-55653,10363,20964,-22503,-1539
2014-01-05T23:00:00Z,3.3505,3.3645,3.3305,3.358,70367,-79191,-8824,66016,-55653,10363,20964,-22503,-1539,NaN,NaN,NaN,NaN,167024,70367,-79191,-8824,66016,-55653,10363,20964,-22503,-1539
2014-01-06T23:00:00Z,3.3595,3.366,3.342,3.358,69472,-81237,-11765,67546,-55118,12428,21647,-22310,-663,NaN,NaN,NaN,NaN,169588,69472,-81237,-11765,67546,-55118,12428,21647,-22310,-663
2014-01-07T23:00:00Z,3.3565,3.377,3.335,3.341,69472,-81237,-11765,67546,-55118,12428,21647,-22310,-663,NaN,NaN,NaN,NaN,169588,69472,-81237,-11765,67546,-55118,12428,21647,-22310,-663
2014-01-08T23:00:00Z,3.3425,3.3565,3.2885,3.293,69472,-81237,-11765,67546,-55118,12428,21647,-22310,-663,NaN,NaN,NaN,NaN,169588,69472,-81237,-11765,67546,-55118,12428,21647,-22310,-663
2014-01-09T23:00:00Z,3.295,3.3465,3.2895,3.344,69472,-81237,-11765,67546,-55118,12428,21647,-22310,-663,NaN,NaN,NaN,NaN,169588,69472,-81237,-11765,67546,-55118,12428,21647,-22310,-663
2014-01-12T23:00:00Z,3.345,3.3735,3.3145,3.341,69472,-81237,-11765,67546,-55118,12428,21647,-22310,-663,NaN,NaN,NaN,NaN,169588,69472,-81237,-11765,67546,-55118,12428,21647,-22310,-663
2014-01-13T23:00:00Z,3.3425,3.3505,3.3205,3.331,73137,-77296,-4159,59343,-52306,7037,16298,-19176,-2878,NaN,NaN,NaN,NaN,163296,73137,-77296,-4159,59343,-52306,7037,16298,-19176,-2878
2014-01-14T23:00:00Z,3.3325,3.3635,3.308,3.353,73137,-77296,-4159,59343,-52306,7037,16298,-19176,-2878,NaN,NaN,NaN,NaN,163296,73137,-77296,-4159,59343,-52306,7037,16298,-19176,-2878
2014-01-15T23:00:00Z,3.352,3.3695,3.3285,3.3375,73137,-77296,-4159,59343,-52306,7037,16298,-19176,-2878,NaN,NaN,NaN,NaN,163296,73137,-77296,-4159,59343,-52306,7037,16298,-19176,-2878
2014-01-16T23:00:00Z,3.337,3.364,3.3265,3.341,73137,-77296,-4159,59343,-52306,7037,16298,-19176,-2878,NaN,NaN,NaN,NaN,163296,73137,-77296,-4159,59343,-52306,7037,16298,-19176,-2878
2014-01-19T23:00:00Z,3.3415,3.358,3.315,3.3445,69394,-74338,-4944,61131,-51418,9713,15345,-20114,-4769,NaN,NaN,NaN,NaN,160115,69394,-74338,-4944,61131,-51418,9713,15345,-20114,-4769
2014-01-21T23:00:00Z,3.346,3.355,3.323,3.3275,69394,-74338,-4944,61131,-51418,9713,15345,-20114,-4769,NaN,NaN,NaN,NaN,160115,69394,-74338,-4944,61131,-51418,9713,15345,-20114,-4769
2014-01-22T23:00:00Z,3.326,3.3385,3.2765,3.2775,69394,-74338,-4944,61131,-51418,9713,15345,-20114,-4769,NaN,NaN,NaN,NaN,160115,69394,-74338,-4944,61131,-51418,9713,15345,-20114,-4769
2014-01-23T23:00:00Z,3.2785,3.2995,3.2605,3.2645,69394,-74338,-4944,61131,-51418,9713,15345,-20114,-4769,NaN,NaN,NaN,NaN,160115,69394,-74338,-4944,61131,-51418,9713,15345,-20114,-4769
2014-01-26T23:00:00Z,3.261,3.2875,3.2535,3.2565,69394,-74338,-4944,61131,-51418,9713,15345,-20114,-4769,NaN,NaN,NaN,NaN,160115,69394,-74338,-4944,61131,-51418,9713,15345,-20114,-4769
2014-01-27T23:00:00Z,3.2565,3.2735,3.246,3.2485,70361,-66484,3877,51840,-51836,4,15005,-18886,-3881,NaN,NaN,NaN,NaN,152829,70361,-66484,3877,51840,-51836,4,15005,-18886,-3881
2014-01-28T23:00:00Z,3.2515,3.269,3.237,3.244,70361,-66484,3877,51840,-51836,4,15005,-18886,-3881,NaN,NaN,NaN,NaN,152829,70361,-66484,3877,51840,-51836,4,15005,-18886,-3881
2014-01-29T23:00:00Z,3.2445,3.2585,3.2115,3.225,70361,-66484,3877,51840,-51836,4,15005,-18886,-3881,NaN,NaN,NaN,NaN,152829,70361,-66484,3877,51840,-51836,4,15005,-18886,-3881
2014-01-30T23:00:00Z,3.2235,3.2305,3.1905,3.1935,70361,-66484,3877,51840,-51836,4,15005,-18886,-3881,NaN,NaN,NaN,NaN,152829,70361,-66484,3877,51840,-51836,4,15005,-18886,-3881
2014-02-02T23:00:00Z,3.1935,3.2025,3.175,3.178,70361,-66484,3877,51840,-51836,4,15005,-18886,-3881,NaN,NaN,NaN,NaN,152829,70361,-66484,3877,51840,-51836,4,15005,-18886,-3881
2014-02-03T23:00:00Z,3.182,3.2065,3.1775,3.1925,76294,-57375,18919,45717,-59136,-13419,13346,-18846,-5500,NaN,NaN,NaN,NaN,151800,76294,-57375,18919,45717,-59136,-13419,13346,-18846,-5500
2014-02-04T23:00:00Z,3.194,3.216,3.185,3.1925,76294,-57375,18919,45717,-59136,-13419,13346,-18846,-5500,NaN,NaN,NaN,NaN,151800,76294,-57375,18919,45717,-59136,-13419,13346,-18846,-5500
2014-02-05T23:00:00Z,3.192,3.245,3.191,3.222,76294,-57375,18919,45717,-59136,-13419,13346,-18846,-5500,NaN,NaN,NaN,NaN,151800,76294,-57375,18919,45717,-59136,-13419,13346,-18846,-5500
2014-02-06T23:00:00Z,3.2245,3.248,3.2225,3.246,76294,-57375,18919,45717,-59136,-13419,13346,-18846,-5500,NaN,NaN,NaN,NaN,151800,76294,-57375,18919,45717,-59136,-13419,13346,-18846,-5500
2014-02-09T23:00:00Z,3.241,3.253,3.2145,3.2175,76294,-57375,18919,45717,-59136,-13419,13346,-18846,-5500,NaN,NaN,NaN,NaN,151800,76294,-57375,18919,45717,-59136,-13419,13346,-18846,-5500
2014-02-10T23:00:00Z,3.2195,3.233,3.2025,3.2265,82698,-57748,24950,46907,-64957,-18050,13141,-20041,-6900,NaN,NaN,NaN,NaN,164996,82698,-57748,24950,46907,-64957,-18050,13141,-20041,-6900
2014-02-11T23:00:00Z,3.227,3.2635,3.2215,3.254,82698,-57748,24950,46907,-64957,-18050,13141,-20041,-6900,NaN,NaN,NaN,NaN,164996,82698,-57748,24950,46907,-64957,-18050,13141,-20041,-6900
2014-02-12T23:00:00Z,3.2525,3.256,3.219,3.2505,82698,-57748,24950,46907,-64957,-18050,13141,-20041,-6900,NaN,NaN,NaN,NaN,164996,82698,-57748,24950,46907,-64957,-18050,13141,-20041,-6900
2014-02-13T23:00:00Z,3.2515,3.27,3.2445,3.2625,82698,-57748,24950,46907,-64957,-18050,13141,-20041,-6900,NaN,NaN,NaN,NaN,164996,82698,-57748,24950,46907,-64957,-18050,13141,-20041,-6900
2014-02-16T23:00:00Z,3.2575,3.32,3.253,3.2855,77991,-58421,19570,45352,-59186,-13834,12760,-18496,-5736,NaN,NaN,NaN,NaN,162959,77991,-58421,19570,45352,-59186,-13834,12760,-18496,-5736
2014-02-18T23:00:00Z,3.2825,3.302,3.2735,3.275,77991,-58421,19570,45352,-59186,-13834,12760,-18496,-5736,NaN,NaN,NaN,NaN,162959,77991,-58421,19570,45352,-59186,-13834,12760,-18496,-5736
2014-02-19T23:00:00Z,3.2735,3.2885,3.252,3.2795,77991,-58421,19570,45352,-59186,-13834,12760,-18496,-5736,NaN,NaN,NaN,NaN,162959,77991,-58421,19570,45352,-59186,-13834,12760,-18496,-5736
2014-02-20T23:00:00Z,3.28,3.2945,3.27,3.287,77991,-58421,19570,45352,-59186,-13834,12760,-18496,-5736,NaN,NaN,NaN,NaN,162959,77991,-58421,19570,45352,-59186,-13834,12760,-18496,-5736
2014-02-23T23:00:00Z,3.2875,3.289,3.226,3.26,77991,-58421,19570,45352,-59186,-13834,12760,-18496,-5736,NaN,NaN,NaN,NaN,162959,77991,-58421,19570,45352,-59186,-13834,12760,-18496,-5736
2014-02-24T23:00:00Z,3.261,3.2855,3.2345,3.253,69425,-53405,16020,45032,-53111,-8079,12633,-20574,-7941,NaN,NaN,NaN,NaN,146265,69425,-53405,16020,45032,-53111,-8079,12633,-20574,-7941
2014-02-25T23:00:00Z,3.2505,3.2755,3.221,3.2325,69425,-53405,16020,45032,-53111,-8079,12633,-20574,-7941,NaN,NaN,NaN,NaN,146265,69425,-53405,16020,45032,-53111,-8079,12633,-20574,-7941
2014-02-26T23:00:00Z,3.1965,3.2135,3.1835,3.204,69425,-53405,16020,45032,-53111,-8079,12633,-20574,-7941,NaN,NaN,NaN,NaN,146265,69425,-53405,16020,45032,-53111,-8079,12633,-20574,-7941
2014-02-27T23:00:00Z,3.2045,3.212,3.178,3.1905,69425,-53405,16020,45032,-53111,-8079,12633,-20574,-7941,NaN,NaN,NaN,NaN,146265,69425,-53405,16020,45032,-53111,-8079,12633,-20574,-7941
2014-03-02T23:00:00Z,3.1895,3.1975,3.1565,3.1755,69425,-53405,16020,45032,-53111,-8079,12633,-20574,-7941,NaN,NaN,NaN,NaN,146265,69425,-53405,16020,45032,-53111,-8079,12633,-20574,-7941
2014-03-03T23:00:00Z,3.1725,3.222,3.166,3.211,70567,-51317,19250,45709,-58950,-13241,12625,-18634,-6009,NaN,NaN,NaN,NaN,145295,70567,-51317,19250,45709,-58950,-13241,12625,-18634,-6009
2014-03-04T23:00:00Z,3.211,3.2355,3.201,3.2035,70567,-51317,19250,45709,-58950,-13241,12625,-18634,-6009,NaN,NaN,NaN,NaN,145295,70567,-51317,19250,45709,-58950,-13241,12625,-18634,-6009
2014-03-05T23:00:00Z,3.2015,3.219,3.194,3.219,70567,-51317,19250,45709,-58950,-13241,12625,-18634,-6009,NaN,NaN,NaN,NaN,145295,70567,-51317,19250,45709,-58950,-13241,12625,-18634,-6009
2014-03-06T23:00:00Z,3.217,3.22,3.077,3.0845,70567,-51317,19250,45709,-58950,-13241,12625,-18634,-6009,NaN,NaN,NaN,NaN,145295,70567,-51317,19250,45709,-58950,-13241,12625,-18634,-6009
2014-03-09T22:00:00Z,3.0775,3.0775,2.9955,3.0425,70567,-51317,19250,45709,-58950,-13241,12625,-18634,-6009,NaN,NaN,NaN,NaN,145295,70567,-51317,19250,45709,-58950,-13241,12625,-18634,-6009
2014-03-10T22:00:00Z,3.042,3.057,2.942,2.95,77436,-47326,30110,47674,-69234,-21560,15511,-24061,-8550,NaN,NaN,NaN,NaN,155791,77436,-47326,30110,47674,-69234,-21560,15511,-24061,-8550
2014-03-11T22:00:00Z,2.95,2.9815,2.908,2.954,77436,-47326,30110,47674,-69234,-21560,15511,-24061,-8550,NaN,NaN,NaN,NaN,155791,77436,-47326,30110,47674,-69234,-21560,15511,-24061,-8550
2014-03-12T22:00:00Z,2.956,2.977,2.9145,2.92,77436,-47326,30110,47674,-69234,-21560,15511,-24061,-8550,NaN,NaN,NaN,NaN,155791,77436,-47326,30110,47674,-69234,-21560,15511,-24061,-8550
2014-03-13T22:00:00Z,2.916,2.9625,2.912,2.94,77436,-47326,30110,47674,-69234,-21560,15511,-24061,-8550,NaN,NaN,NaN,NaN,155791,77436,-47326,30110,47674,-69234,-21560,15511,-24061,-8550
2014-03-16T22:00:00Z,2.9445,2.986,2.9215,2.9495,77436,-47326,30110,47674,-69234,-21560,15511,-24061,-8550,NaN,NaN,NaN,NaN,155791,77436,-47326,30110,47674,-69234,-21560,15511,-24061,-8550
2014-03-17T22:00:00Z,2.95,2.9925,2.939,2.9495,79853,-44523,35330,49027,-77353,-28326,15564,-22568,-7004,NaN,NaN,NaN,NaN,159542,79853,-44523,35330,49027,-77353,-28326,15564,-22568,-7004
2014-03-18T22:00:00Z,2.951,2.998,2.877,2.983,79853,-44523,35330,49027,-77353,-28326,15564,-22568,-7004,NaN,NaN,NaN,NaN,159542,79853,-44523,35330,49027,-77353,-28326,15564,-22568,-7004
2014-03-19T22:00:00Z,2.9795,2.996,2.9135,2.9295,79853,-44523,35330,49027,-77353,-28326,15564,-22568,-7004,NaN,NaN,NaN,NaN,159542,79853,-44523,35330,49027,-77353,-28326,15564,-22568,-7004
2014-03-20T22:00:00Z,2.9315,2.98,2.917,2.949,79853,-44523,35330,49027,-77353,-28326,15564,-22568,-7004,NaN,NaN,NaN,NaN,159542,79853,-44523,35330,49027,-77353,-28326,15564,-22568,-7004
2014-03-23T22:00:00Z,2.947,2.969,2.921,2.9435,79853,-44523,35330,49027,-77353,-28326,15564,-22568,-7004,NaN,NaN,NaN,NaN,159542,79853,-44523,35330,49027,-77353,-28326,15564,-22568,-7004
2014-03-24T22:00:00Z,2.9435,3.019,2.9395,2.9915,79055,-42621,36434,45358,-78333,-32975,15726,-19185,-3459,NaN,NaN,NaN,NaN,154057,79055,-42621,36434,45358,-78333,-32975,15726,-19185,-3459
2014-03-25T22:00:00Z,2.9935,3.013,2.9595,2.9625,79055,-42621,36434,45358,-78333,-32975,15726,-19185,-3459,NaN,NaN,NaN,NaN,154057,79055,-42621,36434,45358,-78333,-32975,15726,-19185,-3459
2014-03-26T22:00:00Z,2.964,3.002,2.9625,2.9925,79055,-42621,36434,45358,-78333,-32975,15726,-19185,-3459,NaN,NaN,NaN,NaN,154057,79055,-42621,36434,45358,-78333,-32975,15726,-19185,-3459
2014-03-27T22:00:00Z,2.994,3.048,2.9905,3.04,79055,-42621,36434,45358,-78333,-32975,15726,-19185,-3459,NaN,NaN,NaN,NaN,154057,79055,-42621,36434,45358,-78333,-32975,15726,-19185,-3459
2014-03-30T22:00:00Z,3.047,3.05,3.02,3.024,79055,-42621,36434,45358,-78333,-32975,15726,-19185,-3459,NaN,NaN,NaN,NaN,154057,79055,-42621,36434,45358,-78333,-32975,15726,-19185,-3459
2014-03-31T22:00:00Z,3.0285,3.043,3.017,3.0385,76981,-44511,32470,45433,-71228,-25795,14148,-20823,-6675,NaN,NaN,NaN,NaN,153098,76981,-44511,32470,45433,-71228,-25795,14148,-20823,-6675
2014-04-01T22:00:00Z,3.037,3.074,3.0345,3.036,76981,-44511,32470,45433,-71228,-25795,14148,-20823,-6675,NaN,NaN,NaN,NaN,153098,76981,-44511,32470,45433,-71228,-25795,14148,-20823,-6675
2014-04-02T22:00:00Z,3.0375,3.039,3.008,3.0325,76981,-44511,32470,45433,-71228,-25795,14148,-20823,-6675,NaN,NaN,NaN,NaN,153098,76981,-44511,32470,45433,-71228,-25795,14148,-20823,-6675
2014-04-03T22:00:00Z,3.032,3.061,3.0125,3.026,76981,-44511,32470,45433,-71228,-25795,14148,-20823,-6675,NaN,NaN,NaN,NaN,153098,76981,-44511,32470,45433,-71228,-25795,14148,-20823,-6675
2014-04-06T22:00:00Z,3.0255,3.055,2.9765,3.042,76981,-44511,32470,45433,-71228,-25795,14148,-20823,-6675,NaN,NaN,NaN,NaN,153098,76981,-44511,32470,45433,-71228,-25795,14148,-20823,-6675
2014-04-07T22:00:00Z,3.0415,3.0625,3.0265,3.057,76360,-51429,24931,45495,-63996,-18501,14540,-20970,-6430,NaN,NaN,NaN,NaN,153322,76360,-51429,24931,45495,-63996,-18501,14540,-20970,-6430
2014-04-08T22:00:00Z,3.054,3.0575,3.007,3.0425,76360,-51429,24931,45495,-63996,-18501,14540,-20970,-6430,NaN,NaN,NaN,NaN,153322,76360,-51429,24931,45495,-63996,-18501,14540,-20970,-6430
2014-04-09T22:00:00Z,3.042,3.05,3.0215,3.039,76360,-51429,24931,45495,-63996,-18501,14540,-20970,-6430,NaN,NaN,NaN,NaN,153322,76360,-51429,24931,45495,-63996,-18501,14540,-20970,-6430
2014-04-10T22:00:00Z,3.0385,3.08,3.026,3.042,76360,-51429,24931,45495,-63996,-18501,14540,-20970,-6430,NaN,NaN,NaN,NaN,153322,76360,-51429,24931,45495,-63996,-18501,14540,-20970,-6430
2014-04-13T22:00:00Z,3.041,3.0615,3.03,3.031,76360,-51429,24931,45495,-63996,-18501,14540,-20970,-6430,NaN,NaN,NaN,NaN,153322,76360,-51429,24931,45495,-63996,-18501,14540,-20970,-6430
2014-04-14T22:00:00Z,3.0315,3.047,2.9655,2.994,85856,-58519,27337,43429,-64895,-21466,15713,-21584,-5871,NaN,NaN,NaN,NaN,164022,85856,-58519,27337,43429,-64895,-21466,15713,-21584,-5871
2014-04-15T22:00:00Z,2.993,3.062,2.9815,3.0245,85856,-58519,27337,43429,-64895,-21466,15713,-21584,-5871,NaN,NaN,NaN,NaN,164022,85856,-58519,27337,43429,-64895,-21466,15713,-21584,-5871
2014-04-16T22:00:00Z,3.0285,3.0545,3.0225,3.049,85856,-58519,27337,43429,-64895,-21466,15713,-21584,-5871,NaN,NaN,NaN,NaN,164022,85856,-58519,27337,43429,-64895,-21466,15713,-21584,-5871
2014-04-20T22:00:00Z,3.039,3.055,3.0315,3.048,85856,-58519,27337,43429,-64895,-21466,15713,-21584,-5871,NaN,NaN,NaN,NaN,164022,85856,-58519,27337,43429,-64895,-21466,15713,-21584,-5871
2014-04-21T22:00:00Z,3.047,3.0615,3.0255,3.056,80932,-54842,26090,40925,-60842,-19917,14893,-21066,-6173,NaN,NaN,NaN,NaN,152890,80932,-54842,26090,40925,-60842,-19917,14893,-21066,-6173
2014-04-22T22:00:00Z,3.0545,3.065,3.032,3.0555,80932,-54842,26090,40925,-60842,-19917,14893,-21066,-6173,NaN,NaN,NaN,NaN,152890,80932,-54842,26090,40925,-60842,-19917,14893,-21066,-6173
2014-04-23T22:00:00Z,3.0575,3.127,3.055,3.1155,80932,-54842,26090,40925,-60842,-19917,14893,-21066,-6173,NaN,NaN,NaN,NaN,152890,80932,-54842,26090,40925,-60842,-19917,14893,-21066,-6173
2014-04-24T22:00:00Z,3.1155,3.129,3.103,3.121,80932,-54842,26090,40925,-60842,-19917,14893,-21066,-6173,NaN,NaN,NaN,NaN,152890,80932,-54842,26090,40925,-60842,-19917,14893,-21066,-6173
2014-04-27T22:00:00Z,3.1245,3.139,3.096,3.1075,80932,-54842,26090,40925,-60842,-19917,14893,-21066,-6173,NaN,NaN,NaN,NaN,152890,80932,-54842,26090,40925,-60842,-19917,14893,-21066,-6173
2014-04-28T22:00:00Z,3.0935,3.0985,3.0665,3.0745,72133,-51832,20301,42322,-56203,-13881,12721,-19141,-6420,NaN,NaN,NaN,NaN,138987,72133,-51832,20301,42322,-56203,-13881,12721,-19141,-6420
2014-04-29T22:00:00Z,3.074,3.0795,3.015,3.0155,72133,-51832,20301,42322,-56203,-13881,12721,-19141,-6420,NaN,NaN,NaN,NaN,138987,72133,-51832,20301,42322,-56203,-13881,12721,-19141,-6420
2014-04-30T22:00:00Z,3.0175,3.034,3.003,3.026,72133,-51832,20301,42322,-56203,-13881,12721,-19141,-6420,NaN,NaN,NaN,NaN,138987,72133,-51832,20301,42322,-56203,-13881,12721,-19141,-6420
2014-05-01T22:00:00Z,3.026,3.0785,3.0135,3.065,72133,-51832,20301,42322,-56203,-13881,12721,-19141,-6420,NaN,NaN,NaN,NaN,138987,72133,-51832,20301,42322,-56203,-13881,12721,-19141,-6420
2014-05-04T22:00:00Z,3.073,3.082,3.0485,3.0505,72133,-51832,20301,42322,-56203,-13881,12721,-19141,-6420,NaN,NaN,NaN,NaN,138987,72133,-51832,20301,42322,-56203,-13881,12721,-19141,-6420
2014-05-05T22:00:00Z,3.053,3.066,3.0475,3.056,74484,-51816,22668,40898,-58351,-17453,12792,-18007,-5215,NaN,NaN,NaN,NaN,142069,74484,-51816,22668,40898,-58351,-17453,12792,-18007,-5215
2014-05-06T22:00:00Z,3.056,3.062,3.0155,3.0365,74484,-51816,22668,40898,-58351,-17453,12792,-18007,-5215,NaN,NaN,NaN,NaN,142069,74484,-51816,22668,40898,-58351,-17453,12792,-18007,-5215
2014-05-07T22:00:00Z,3.037,3.0695,3.0275,3.059,74484,-51816,22668,40898,-58351,-17453,12792,-18007,-5215,NaN,NaN,NaN,NaN,142069,74484,-51816,22668,40898,-58351,-17453,12792,-18007,-5215
2014-05-08T22:00:00Z,3.0595,3.089,3.0525,3.087,74484,-51816,22668,40898,-58351,-17453,12792,-18007,-5215,NaN,NaN,NaN,NaN,142069,74484,-51816,22668,40898,-58351,-17453,12792,-18007,-5215
2014-05-11T22:00:00Z,3.085,3.1555,3.084,3.142,74484,-51816,22668,40898,-58351,-17453,12792,-18007,-5215,NaN,NaN,NaN,NaN,142069,74484,-51816,22668,40898,-58351,-17453,12792,-18007,-5215
2014-05-12T22:00:00Z,3.1425,3.154,3.122,3.136,72247,-57482,14765,48908,-58971,-10063,13360,-18062,-4702,NaN,NaN,NaN,NaN,151610,72247,-57482,14765,48908,-58971,-10063,13360,-18062,-4702
2014-05-13T22:00:00Z,3.136,3.178,3.1225,3.1535,72247,-57482,14765,48908,-58971,-10063,13360,-18062,-4702,NaN,NaN,NaN,NaN,151610,72247,-57482,14765,48908,-58971,-10063,13360,-18062,-4702
2014-05-14T22:00:00Z,3.153,3.171,3.141,3.143,72247,-57482,14765,48908,-58971,-10063,13360,-18062,-4702,NaN,NaN,NaN,NaN,151610,72247,-57482,14765,48908,-58971,-10063,13360,-18062,-4702
2014-05-15T22:00:00Z,3.1445,3.1595,3.1275,3.1465,72247,-57482,14765,48908,-58971,-10063,13360,-18062,-4702,NaN,NaN,NaN,NaN,151610,72247,-57482,14765,48908,-58971,-10063,13360,-18062,-4702
2014-05-18T22:00:00Z,3.1445,3.184,3.1405,3.162,72247,-57482,14765,48908,-58971,-10063,13360,-18062,-4702,NaN,NaN,NaN,NaN,151610,72247,-57482,14765,48908,-58971,-10063,13360,-18062,-4702
2014-05-19T22:00:00Z,3.162,3.1775,3.123,3.1455,71468,-60812,10656,50971,-56564,-5593,13324,-18387,-5063,NaN,NaN,NaN,NaN,150346,71468,-60812,10656,50971,-56564,-5593,13324,-18387,-5063
2014-05-20T22:00:00Z,3.1435,3.148,3.0985,3.128,71468,-60812,10656,50971,-56564,-5593,13324,-18387,-5063,NaN,NaN,NaN,NaN,150346,71468,-60812,10656,50971,-56564,-5593,13324,-18387,-5063
2014-05-21T22:00:00Z,3.128,3.155,3.1205,3.138,71468,-60812,10656,50971,-56564,-5593,13324,-18387,-5063,NaN,NaN,NaN,NaN,150346,71468,-60812,10656,50971,-56564,-5593,13324,-18387,-5063
2014-05-22T22:00:00Z,3.137,3.1755,3.136,3.1675,71468,-60812,10656,50971,-56564,-5593,13324,-18387,-5063,NaN,NaN,NaN,NaN,150346,71468,-60812,10656,50971,-56564,-5593,13324,-18387,-5063
2014-05-25T22:00:00Z,3.1655,3.1925,3.164,3.1715,73429,-61135,12294,52012,-56390,-4378,13552,-21468,-7916,NaN,NaN,NaN,NaN,153499,73429,-61135,12294,52012,-56390,-4378,13552,-21468,-7916
2014-05-27T22:00:00Z,3.171,3.1905,3.1605,3.1725,73429,-61135,12294,52012,-56390,-4378,13552,-21468,-7916,NaN,NaN,NaN,NaN,153499,73429,-61135,12294,52012,-56390,-4378,13552,-21468,-7916
2014-05-28T22:00:00Z,3.17,3.1765,3.137,3.146,73429,-61135,12294,52012,-56390,-4378,13552,-21468,-7916,NaN,NaN,NaN,NaN,153499,73429,-61135,12294,52012,-56390,-4378,13552,-21468,-7916
2014-05-29T22:00:00Z,3.145,3.16,3.1205,3.1365,73429,-61135,12294,52012,-56390,-4378,13552,-21468,-7916,NaN,NaN,NaN,NaN,153499,73429,-61135,12294,52012,-56390,-4378,13552,-21468,-7916
2014-06-01T22:00:00Z,3.132,3.173,3.132,3.168,73429,-61135,12294,52012,-56390,-4378,13552,-21468,-7916,NaN,NaN,NaN,NaN,153499,73429,-61135,12294,52012,-56390,-4378,13552,-21468,-7916
2014-06-02T22:00:00Z,3.1675,3.169,3.1275,3.14,75596,-60861,14735,47335,-57075,-9740,13169,-18164,-4995,NaN,NaN,NaN,NaN,151783,75596,-60861,14735,47335,-57075,-9740,13169,-18164,-4995
2014-06-03T22:00:00Z,3.1395,3.1425,3.0845,3.093,75596,-60861,14735,47335,-57075,-9740,13169,-18164,-4995,NaN,NaN,NaN,NaN,151783,75596,-60861,14735,47335,-57075,-9740,13169,-18164,-4995
2014-06-04T22:00:00Z,3.093,3.1075,3.077,3.09,75596,-60861,14735,47335,-57075,-9740,13169,-18164,-4995,NaN,NaN,NaN,NaN,151783,75596,-60861,14735,47335,-57075,-9740,13169,-18164,-4995
2014-06-05T22:00:00Z,3.0925,3.094,3.026,3.0585,75596,-60861,14735,47335,-57075,-9740,13169,-18164,-4995,NaN,NaN,NaN,NaN,151783,75596,-60861,14735,47335,-57075,-9740,13169,-18164,-4995
2014-06-08T22:00:00Z,3.058,3.0595,3.0185,3.0515,75596,-60861,14735,47335,-57075,-9740,13169,-18164,-4995,NaN,NaN,NaN,NaN,151783,75596,-60861,14735,47335,-57075,-9740,13169,-18164,-4995
2014-06-09T22:00:00Z,3.051,3.06,3.0215,3.056,77138,-57193,19945,40089,-55418,-15329,15782,-20398,-4616,NaN,NaN,NaN,NaN,147453,77138,-57193,19945,40089,-55418,-15329,15782,-20398,-4616
2014-06-10T22:00:00Z,3.0555,3.07,3.031,3.0365,77138,-57193,19945,40089,-55418,-15329,15782,-20398,-4616,NaN,NaN,NaN,NaN,147453,77138,-57193,19945,40089,-55418,-15329,15782,-20398,-4616
2014-06-11T22:00:00Z,3.0365,3.0475,3.0085,3.014,77138,-57193,19945,40089,-55418,-15329,15782,-20398,-4616,NaN,NaN,NaN,NaN,147453,77138,-57193,19945,40089,-55418,-15329,15782,-20398,-4616
2014-06-12T22:00:00Z,3.015,3.043,3.014,3.0265,77138,-57193,19945,40089,-55418,-15329,15782,-20398,-4616,NaN,NaN,NaN,NaN,147453,77138,-57193,19945,40089,-55418,-15329,15782,-20398,-4616
2014-06-15T22:00:00Z,3.0255,3.06,3.022,3.048,77138,-57193,19945,40089,-55418,-15329,15782,-20398,-4616,NaN,NaN,NaN,NaN,147453,77138,-57193,19945,40089,-55418,-15329,15782,-20398,-4616
2014-06-16T22:00:00Z,3.048,3.0665,3.0415,3.0625,80925,-57657,23268,38162,-56201,-18039,14219,-19448,-5229,NaN,NaN,NaN,NaN,151523,80925,-57657,23268,38162,-56201,-18039,14219,-19448,-5229
2014-06-17T22:00:00Z,3.0615,3.0755,3.05,3.0665,80925,-57657,23268,38162,-56201,-18039,14219,-19448,-5229,NaN,NaN,NaN,NaN,151523,80925,-57657,23268,38162,-56201,-18039,14219,-19448,-5229
2014-06-18T22:00:00Z,3.066,3.0795,3.0435,3.074,80925,-57657,23268,38162,-56201,-18039,14219,-19448,-5229,NaN,NaN,NaN,NaN,151523,80925,-57657,23268,38162,-56201,-18039,14219,-19448,-5229
2014-06-19T22:00:00Z,3.075,3.1285,3.0715,3.116,80925,-57657,23268,38162,-56201,-18039,14219,-19448,-5229,NaN,NaN,NaN,NaN,151523,80925,-57657,23268,38162,-56201,-18039,14219,-19448,-5229
2014-06-22T22:00:00Z,3.1175,3.1635,3.117,3.155,80925,-57657,23268,38162,-56201,-18039,14219,-19448,-5229,NaN,NaN,NaN,NaN,151523,80925,-57657,23268,38162,-56201,-18039,14219,-19448,-5229
2014-06-23T22:00:00Z,3.156,3.159,3.1325,3.146,74432,-61850,12582,41981,-49814,-7833,14385,-19134,-4749,NaN,NaN,NaN,NaN,142413,74432,-61850,12582,41981,-49814,-7833,14385,-19134,-4749
2014-06-24T22:00:00Z,3.147,3.1695,3.123,3.166,74432,-61850,12582,41981,-49814,-7833,14385,-19134,-4749,NaN,NaN,NaN,NaN,142413,74432,-61850,12582,41981,-49814,-7833,14385,-19134,-4749
2014-06-25T22:00:00Z,3.1675,3.177,3.148,3.1675,74432,-61850,12582,41981,-49814,-7833,14385,-19134,-4749,NaN,NaN,NaN,NaN,142413,74432,-61850,12582,41981,-49814,-7833,14385,-19134,-4749
2014-06-26T22:00:00Z,3.172,3.1895,3.162,3.1625,74432,-61850,12582,41981,-49814,-7833,14385,-19134,-4749,NaN,NaN,NaN,NaN,142413,74432,-61850,12582,41981,-49814,-7833,14385,-19134,-4749
2014-06-29T22:00:00Z,3.165,3.2105,3.162,3.202,74432,-61850,12582,41981,-49814,-7833,14385,-19134,-4749,NaN,NaN,NaN,NaN,142413,74432,-61850,12582,41981,-49814,-7833,14385,-19134,-4749
2014-06-30T22:00:00Z,3.203,3.2135,3.194,3.203,71634,-66841,4793,52365,-54129,-1764,13780,-16809,-3029,NaN,NaN,NaN,NaN,146243,71634,-66841,4793,52365,-54129,-1764,13780,-16809,-3029
2014-07-01T22:00:00Z,3.204,3.2665,3.183,3.259,71634,-66841,4793,52365,-54129,-1764,13780,-16809,-3029,NaN,NaN,NaN,NaN,146243,71634,-66841,4793,52365,-54129,-1764,13780,-16809,-3029
2014-07-02T22:00:00Z,3.259,3.282,3.2465,3.2745,71634,-66841,4793,52365,-54129,-1764,13780,-16809,-3029,NaN,NaN,NaN,NaN,146243,71634,-66841,4793,52365,-54129,-1764,13780,-16809,-3029
2014-07-03T22:00:00Z,3.274,3.2745,3.237,3.2595,71634,-66841,4793,52365,-54129,-1764,13780,-16809,-3029,NaN,NaN,NaN,NaN,146243,71634,-66841,4793,52365,-54129,-1764,13780,-16809,-3029
2014-07-07T22:00:00Z,3.2585,3.294,3.2485,3.261,71522,-75439,-3917,65579,-58447,7132,13709,-16924,-3215,NaN,NaN,NaN,NaN,161048,71522,-75439,-3917,65579,-58447,7132,13709,-16924,-3215
2014-07-08T22:00:00Z,3.2615,3.2755,3.246,3.254,71522,-75439,-3917,65579,-58447,7132,13709,-16924,-3215,NaN,NaN,NaN,NaN,161048,71522,-75439,-3917,65579,-58447,7132,13709,-16924,-3215
2014-07-09T22:00:00Z,3.2535,3.2765,3.233,3.2715,71522,-75439,-3917,65579,-58447,7132,13709,-16924,-3215,NaN,NaN,NaN,NaN,161048,71522,-75439,-3917,65579,-58447,7132,13709,-16924,-3215
2014-07-10T22:00:00Z,3.271,3.2745,3.2465,3.2725,71522,-75439,-3917,65579,-58447,7132,13709,-16924,-3215,NaN,NaN,NaN,NaN,161048,71522,-75439,-3917,65579,-58447,7132,13709,-16924,-3215
2014-07-13T22:00:00Z,3.2705,3.2945,3.2435,3.252,71522,-75439,-3917,65579,-58447,7132,13709,-16924,-3215,NaN,NaN,NaN,NaN,161048,71522,-75439,-3917,65579,-58447,7132,13709,-16924,-3215
2014-07-14T22:00:00Z,3.2535,3.261,3.2235,3.2485,73432,-85022,-11590,76533,-61906,14627,14242,-17279,-3037,NaN,NaN,NaN,NaN,179412,73432,-85022,-11590,76533,-61906,14627,14242,-17279,-3037
2014-07-15T22:00:00Z,3.247,3.256,3.2095,3.2155,73432,-85022,-11590,76533,-61906,14627,14242,-17279,-3037,NaN,NaN,NaN,NaN,179412,73432,-85022,-11590,76533,-61906,14627,14242,-17279,-3037
2014-07-16T22:00:00Z,3.216,3.226,3.202,3.2175,73432,-85022,-11590,76533,-61906,14627,14242,-17279,-3037,NaN,NaN,NaN,NaN,179412,73432,-85022,-11590,76533,-61906,14627,14242,-17279,-3037
2014-07-17T22:00:00Z,3.2165,3.219,3.1675,3.19,73432,-85022,-11590,76533,-61906,14627,14242,-17279,-3037,NaN,NaN,NaN,NaN,179412,73432,-85022,-11590,76533,-61906,14627,14242,-17279,-3037
2014-07-20T22:00:00Z,3.1875,3.204,3.1735,3.1985,73432,-85022,-11590,76533,-61906,14627,14242,-17279,-3037,NaN,NaN,NaN,NaN,179412,73432,-85022,-11590,76533,-61906,14627,14242,-17279,-3037
2014-07-21T22:00:00Z,3.198,3.236,3.196,3.204,75052,-81909,-6857,70091,-61289,8802,14696,-16641,-1945,NaN,NaN,NaN,NaN,180479,75052,-81909,-6857,70091,-61289,8802,14696,-16641,-1945
2014-07-22T22:00:00Z,3.2055,3.218,3.192,3.2055,75052,-81909,-6857,70091,-61289,8802,14696,-16641,-1945,NaN,NaN,NaN,NaN,180479,75052,-81909,-6857,70091,-61289,8802,14696,-16641,-1945
2014-07-23T22:00:00Z,3.206,3.269,3.202,3.262,75052,-81909,-6857,70091,-61289,8802,14696,-16641,-1945,NaN,NaN,NaN,NaN,180479,75052,-81909,-6857,70091,-61289,8802,14696,-16641,-1945
2014-07-24T22:00:00Z,3.2645,3.279,3.238,3.248,75052,-81909,-6857,70091,-61289,8802,14696,-16641,-1945,NaN,NaN,NaN,NaN,180479,75052,-81909,-6857,70091,-61289,8802,14696,-16641,-1945
2014-07-27T22:00:00Z,3.247,3.252,3.226,3.243,75052,-81909,-6857,70091,-61289,8802,14696,-16641,-1945,NaN,NaN,NaN,NaN,180479,75052,-81909,-6857,70091,-61289,8802,14696,-16641,-1945
2014-07-28T22:00:00Z,3.2445,3.2545,3.2145,3.2215,74519,-77068,-2549,63838,-59519,4319,14647,-16417,-1770,NaN,NaN,NaN,NaN,175017,74519,-77068,-2549,63838,-59519,4319,14647,-16417,-1770
2014-07-29T22:00:00Z,3.22,3.2625,3.205,3.2415,74519,-77068,-2549,63838,-59519,4319,14647,-16417,-1770,NaN,NaN,NaN,NaN,175017,74519,-77068,-2549,63838,-59519,4319,14647,-16417,-1770
2014-07-30T22:00:00Z,3.243,3.2575,3.225,3.2305,74519,-77068,-2549,63838,-59519,4319,14647,-16417,-1770,NaN,NaN,NaN,NaN,175017,74519,-77068,-2549,63838,-59519,4319,14647,-16417,-1770
2014-07-31T22:00:00Z,3.2305,3.2555,3.21,3.2165,74519,-77068,-2549,63838,-59519,4319,14647,-16417,-1770,NaN,NaN,NaN,NaN,175017,74519,-77068,-2549,63838,-59519,4319,14647,-16417,-1770
2014-08-03T22:00:00Z,3.214,3.253,3.1995,3.2475,74519,-77068,-2549,63838,-59519,4319,14647,-16417,-1770,NaN,NaN,NaN,NaN,175017,74519,-77068,-2549,63838,-59519,4319,14647,-16417,-1770
2014-08-04T22:00:00Z,3.247,3.2495,3.196,3.2025,75480,-80401,-4921,62107,-54601,7506,14576,-17161,-2585,NaN,NaN,NaN,NaN,171323,75480,-80401,-4921,62107,-54601,7506,14576,-17161,-2585
2014-08-05T22:00:00Z,3.202,3.207,3.157,3.166,75480,-80401,-4921,62107,-54601,7506,14576,-17161,-2585,NaN,NaN,NaN,NaN,171323,75480,-80401,-4921,62107,-54601,7506,14576,-17161,-2585
2014-08-06T22:00:00Z,3.1665,3.186,3.1575,3.172,75480,-80401,-4921,62107,-54601,7506,14576,-17161,-2585,NaN,NaN,NaN,NaN,171323,75480,-80401,-4921,62107,-54601,7506,14576,-17161,-2585
2014-08-07T22:00:00Z,3.1725,3.184,3.1605,3.1805,75480,-80401,-4921,62107,-54601,7506,14576,-17161,-2585,NaN,NaN,NaN,NaN,171323,75480,-80401,-4921,62107,-54601,7506,14576,-17161,-2585
2014-08-10T22:00:00Z,3.182,3.247,3.1705,3.1785,75480,-80401,-4921,62107,-54601,7506,14576,-17161,-2585,NaN,NaN,NaN,NaN,171323,75480,-80401,-4921,62107,-54601,7506,14576,-17161,-2585
2014-08-11T22:00:00Z,3.1755,3.189,3.145,3.1535,76654,-73411,3243,47168,-48601,-1433,16405,-18215,-1810,NaN,NaN,NaN,NaN,153657,76654,-73411,3243,47168,-48601,-1433,16405,-18215,-1810
2014-08-12T22:00:00Z,3.1515,3.1575,3.1095,3.1175,76654,-73411,3243,47168,-48601,-1433,16405,-18215,-1810,NaN,NaN,NaN,NaN,153657,76654,-73411,3243,47168,-48601,-1433,16405,-18215,-1810
2014-08-13T22:00:00Z,3.112,3.12,3.0825,3.0845,76654,-73411,3243,47168,-48601,-1433,16405,-18215,-1810,NaN,NaN,NaN,NaN,153657,76654,-73411,3243,47168,-48601,-1433,16405,-18215,-1810
2014-08-14T22:00:00Z,3.085,3.1095,3.0845,3.109,76654,-73411,3243,47168,-48601,-1433,16405,-18215,-1810,NaN,NaN,NaN,NaN,153657,76654,-73411,3243,47168,-48601,-1433,16405,-18215,-1810
2014-08-17T22:00:00Z,3.103,3.1265,3.094,3.113,76654,-73411,3243,47168,-48601,-1433,16405,-18215,-1810,NaN,NaN,NaN,NaN,153657,76654,-73411,3243,47168,-48601,-1433,16405,-18215,-1810
2014-08-18T22:00:00Z,3.111,3.122,3.086,3.087,78516,-69643,8873,44060,-50174,-6114,14046,-16805,-2759,NaN,NaN,NaN,NaN,152025,78516,-69643,8873,44060,-50174,-6114,14046,-16805,-2759
2014-08-19T22:00:00Z,3.0875,3.1785,3.084,3.1705,78516,-69643,8873,44060,-50174,-6114,14046,-16805,-2759,NaN,NaN,NaN,NaN,152025,78516,-69643,8873,44060,-50174,-6114,14046,-16805,-2759
2014-08-20T22:00:00Z,3.17,3.1845,3.1495,3.1755,78516,-69643,8873,44060,-50174,-6114,14046,-16805,-2759,NaN,NaN,NaN,NaN,152025,78516,-69643,8873,44060,-50174,-6114,14046,-16805,-2759
2014-08-21T22:00:00Z,3.174,3.211,3.1695,3.2045,78516,-69643,8873,44060,-50174,-6114,14046,-16805,-2759,NaN,NaN,NaN,NaN,152025,78516,-69643,8873,44060,-50174,-6114,14046,-16805,-2759
2014-08-24T22:00:00Z,3.2045,3.227,3.195,3.221,78516,-69643,8873,44060,-50174,-6114,14046,-16805,-2759,NaN,NaN,NaN,NaN,152025,78516,-69643,8873,44060,-50174,-6114,14046,-16805,-2759
2014-08-25T22:00:00Z,3.2185,3.2185,3.1795,3.186,74400,-71722,2678,46253,-46126,127,12658,-15463,-2805,NaN,NaN,NaN,NaN,146526,74400,-71722,2678,46253,-46126,127,12658,-15463,-2805
2014-08-26T22:00:00Z,3.1865,3.19,3.1635,3.171,74400,-71722,2678,46253,-46126,127,12658,-15463,-2805,NaN,NaN,NaN,NaN,146526,74400,-71722,2678,46253,-46126,127,12658,-15463,-2805
2014-08-27T22:00:00Z,3.193,3.208,3.1425,3.1545,74400,-71722,2678,46253,-46126,127,12658,-15463,-2805,NaN,NaN,NaN,NaN,146526,74400,-71722,2678,46253,-46126,127,12658,-15463,-2805
2014-08-28T22:00:00Z,3.155,3.1795,3.1455,3.1615,74400,-71722,2678,46253,-46126,127,12658,-15463,-2805,NaN,NaN,NaN,NaN,146526,74400,-71722,2678,46253,-46126,127,12658,-15463,-2805
2014-08-31T22:00:00Z,3.1605,3.1745,3.14,3.1575,72330,-63393,8937,43075,-46865,-3790,11338,-16485,-5147,NaN,NaN,NaN,NaN,136370,72330,-63393,8937,43075,-46865,-3790,11338,-16485,-5147
2014-09-02T22:00:00Z,3.157,3.1665,3.1255,3.1305,72330,-63393,8937,43075,-46865,-3790,11338,-16485,-5147,NaN,NaN,NaN,NaN,136370,72330,-63393,8937,43075,-46865,-3790,11338,-16485,-5147
2014-09-03T22:00:00Z,3.1305,3.173,3.127,3.1495,72330,-63393,8937,43075,-46865,-3790,11338,-16485,-5147,NaN,NaN,NaN,NaN,136370,72330,-63393,8937,43075,-46865,-3790,11338,-16485,-5147
2014-09-04T22:00:00Z,3.1495,3.173,3.1425,3.173,72330,-63393,8937,43075,-46865,-3790,11338,-16485,-5147,NaN,NaN,NaN,NaN,136370,72330,-63393,8937,43075,-46865,-3790,11338,-16485,-5147
2014-09-07T22:00:00Z,3.1675,3.2095,3.1625,3.1845,72330,-63393,8937,43075,-46865,-3790,11338,-16485,-5147,NaN,NaN,NaN,NaN,136370,72330,-63393,8937,43075,-46865,-3790,11338,-16485,-5147
2014-09-08T22:00:00Z,3.1865,3.187,3.092,3.1075,75177,-60572,14605,48401,-57920,-9519,12642,-17728,-5086,NaN,NaN,NaN,NaN,144047,75177,-60572,14605,48401,-57920,-9519,12642,-17728,-5086
2014-09-09T22:00:00Z,3.108,3.12,3.0925,3.1125,75177,-60572,14605,48401,-57920,-9519,12642,-17728,-5086,NaN,NaN,NaN,NaN,144047,75177,-60572,14605,48401,-57920,-9519,12642,-17728,-5086
2014-09-10T22:00:00Z,3.1125,3.117,3.0625,3.0955,75177,-60572,14605,48401,-57920,-9519,12642,-17728,-5086,NaN,NaN,NaN,NaN,144047,75177,-60572,14605,48401,-57920,-9519,12642,-17728,-5086
2014-09-11T22:00:00Z,3.0955,3.109,3.079,3.103,75177,-60572,14605,48401,-57920,-9519,12642,-17728,-5086,NaN,NaN,NaN,NaN,144047,75177,-60572,14605,48401,-57920,-9519,12642,-17728,-5086
2014-09-14T22:00:00Z,3.085,3.0945,3.065,3.086,75177,-60572,14605,48401,-57920,-9519,12642,-17728,-5086,NaN,NaN,NaN,NaN,144047,75177,-60572,14605,48401,-57920,-9519,12642,-17728,-5086
2014-09-15T22:00:00Z,3.0855,3.212,3.0815,3.1575,75914,-56323,19591,48575,-62031,-13456,11021,-17156,-6135,NaN,NaN,NaN,NaN,143370,75914,-56323,19591,48575,-62031,-13456,11021,-17156,-6135
2014-09-16T22:00:00Z,3.1615,3.1745,3.13,3.135,75914,-56323,19591,48575,-62031,-13456,11021,-17156,-6135,NaN,NaN,NaN,NaN,143370,75914,-56323,19591,48575,-62031,-13456,11021,-17156,-6135
2014-09-17T22:00:00Z,3.13,3.1405,3.09,3.094,75914,-56323,19591,48575,-62031,-13456,11021,-17156,-6135,NaN,NaN,NaN,NaN,143370,75914,-56323,19591,48575,-62031,-13456,11021,-17156,-6135
2014-09-18T22:00:00Z,3.095,3.109,3.0705,3.088,75914,-56323,19591,48575,-62031,-13456,11021,-17156,-6135,NaN,NaN,NaN,NaN,143370,75914,-56323,19591,48575,-62031,-13456,11021,-17156,-6135
2014-09-21T22:00:00Z,3.084,3.086,3.0305,3.04,75914,-56323,19591,48575,-62031,-13456,11021,-17156,-6135,NaN,NaN,NaN,NaN,143370,75914,-56323,19591,48575,-62031,-13456,11021,-17156,-6135
2014-09-22T22:00:00Z,3.0425,3.0645,3.0285,3.03,80785,-53954,26831,51273,-70968,-19695,12141,-19277,-7136,NaN,NaN,NaN,NaN,152016,80785,-53954,26831,51273,-70968,-19695,12141,-19277,-7136
2014-09-23T22:00:00Z,3.0285,3.0635,3.023,3.055,80785,-53954,26831,51273,-70968,-19695,12141,-19277,-7136,NaN,NaN,NaN,NaN,152016,80785,-53954,26831,51273,-70968,-19695,12141,-19277,-7136
2014-09-24T22:00:00Z,3.055,3.0635,3.0195,3.034,80785,-53954,26831,51273,-70968,-19695,12141,-19277,-7136,NaN,NaN,NaN,NaN,152016,80785,-53954,26831,51273,-70968,-19695,12141,-19277,-7136
2014-09-25T22:00:00Z,3.033,3.053,3.028,3.037,80785,-53954,26831,51273,-70968,-19695,12141,-19277,-7136,NaN,NaN,NaN,NaN,152016,80785,-53954,26831,51273,-70968,-19695,12141,-19277,-7136
2014-09-28T22:00:00Z,3.037,3.0675,3.0125,3.044,80785,-53954,26831,51273,-70968,-19695,12141,-19277,-7136,NaN,NaN,NaN,NaN,152016,80785,-53954,26831,51273,-70968,-19695,12141,-19277,-7136
2014-09-29T22:00:00Z,3.043,3.06,3.006,3.007,85536,-52955,32581,52035,-75466,-23431,11865,-21015,-9150,NaN,NaN,NaN,NaN,160389,85536,-52955,32581,52035,-75466,-23431,11865,-21015,-9150
2014-09-30T22:00:00Z,3.007,3.049,3,3.028,85536,-52955,32581,52035,-75466,-23431,11865,-21015,-9150,NaN,NaN,NaN,NaN,160389,85536,-52955,32581,52035,-75466,-23431,11865,-21015,-9150
2014-10-01T22:00:00Z,3.025,3.0395,2.9855,3.0045,85536,-52955,32581,52035,-75466,-23431,11865,-21015,-9150,NaN,NaN,NaN,NaN,160389,85536,-52955,32581,52035,-75466,-23431,11865,-21015,-9150
2014-10-02T22:00:00Z,3.0085,3.017,2.9915,3,85536,-52955,32581,52035,-75466,-23431,11865,-21015,-9150,NaN,NaN,NaN,NaN,160389,85536,-52955,32581,52035,-75466,-23431,11865,-21015,-9150
2014-10-05T22:00:00Z,3.0015,3.0435,2.991,3.0385,85536,-52955,32581,52035,-75466,-23431,11865,-21015,-9150,NaN,NaN,NaN,NaN,160389,85536,-52955,32581,52035,-75466,-23431,11865,-21015,-9150
2014-10-06T22:00:00Z,3.0415,3.0435,3.0175,3.032,88398,-54408,33990,54483,-79479,-24996,11519,-20513,-8994,NaN,NaN,NaN,NaN,167622,88398,-54408,33990,54483,-79479,-24996,11519,-20513,-8994
2014-10-07T22:00:00Z,3.0325,3.049,2.996,3.0265,88398,-54408,33990,54483,-79479,-24996,11519,-20513,-8994,NaN,NaN,NaN,NaN,167622,88398,-54408,33990,54483,-79479,-24996,11519,-20513,-8994
2014-10-08T22:00:00Z,3.024,3.059,3.0185,3.028,88398,-54408,33990,54483,-79479,-24996,11519,-20513,-8994,NaN,NaN,NaN,NaN,167622,88398,-54408,33990,54483,-79479,-24996,11519,-20513,-8994
2014-10-09T22:00:00Z,3.03,3.043,2.9895,3.0375,88398,-54408,33990,54483,-79479,-24996,11519,-20513,-8994,NaN,NaN,NaN,NaN,167622,88398,-54408,33990,54483,-79479,-24996,11519,-20513,-8994
2014-10-12T22:00:00Z,3.032,3.0545,3.021,3.0415,88398,-54408,33990,54483,-79479,-24996,11519,-20513,-8994,NaN,NaN,NaN,NaN,167622,88398,-54408,33990,54483,-79479,-24996,11519,-20513,-8994
2014-10-13T22:00:00Z,3.0415,3.1045,3.032,3.077,86037,-52582,33455,54973,-78838,-23865,14047,-23637,-9590,NaN,NaN,NaN,NaN,167530,86037,-52582,33455,54973,-78838,-23865,14047,-23637,-9590
2014-10-14T22:00:00Z,3.0805,3.085,2.9925,3.007,86037,-52582,33455,54973,-78838,-23865,14047,-23637,-9590,NaN,NaN,NaN,NaN,167530,86037,-52582,33455,54973,-78838,-23865,14047,-23637,-9590
2014-10-15T22:00:00Z,3.0135,3.0265,2.9525,2.9845,86037,-52582,33455,54973,-78838,-23865,14047,-23637,-9590,NaN,NaN,NaN,NaN,167530,86037,-52582,33455,54973,-78838,-23865,14047,-23637,-9590
2014-10-16T22:00:00Z,2.9855,3.0125,2.9515,3.005,86037,-52582,33455,54973,-78838,-23865,14047,-23637,-9590,NaN,NaN,NaN,NaN,167530,86037,-52582,33455,54973,-78838,-23865,14047,-23637,-9590
2014-10-19T22:00:00Z,3.0085,3.0175,2.967,2.9865,86037,-52582,33455,54973,-78838,-23865,14047,-23637,-9590,NaN,NaN,NaN,NaN,167530,86037,-52582,33455,54973,-78838,-23865,14047,-23637,-9590
2014-10-20T22:00:00Z,2.9865,3.0355,2.9745,3.025,92601,-55057,37544,54569,-82309,-27740,14704,-24508,-9804,NaN,NaN,NaN,NaN,175541,92601,-55057,37544,54569,-82309,-27740,14704,-24508,-9804
2014-10-21T22:00:00Z,3.029,3.045,3.011,3.0135,92601,-55057,37544,54569,-82309,-27740,14704,-24508,-9804,NaN,NaN,NaN,NaN,175541,92601,-55057,37544,54569,-82309,-27740,14704,-24508,-9804
2014-10-22T22:00:00Z,3.0135,3.049,3.009,3.033,92601,-55057,37544,54569,-82309,-27740,14704,-24508,-9804,NaN,NaN,NaN,NaN,175541,92601,-55057,37544,54569,-82309,-27740,14704,-24508,-9804
2014-10-23T22:00:00Z,3.035,3.059,3.0295,3.04,92601,-55057,37544,54569,-82309,-27740,14704,-24508,-9804,NaN,NaN,NaN,NaN,175541,92601,-55057,37544,54569,-82309,-27740,14704,-24508,-9804
2014-10-26T22:00:00Z,3.044,3.074,3.0265,3.0565,92601,-55057,37544,54569,-82309,-27740,14704,-24508,-9804,NaN,NaN,NaN,NaN,175541,92601,-55057,37544,54569,-82309,-27740,14704,-24508,-9804
2014-10-27T22:00:00Z,3.059,3.096,3.0555,3.09,90853,-59728,31125,54392,-75749,-21357,10314,-20082,-9768,NaN,NaN,NaN,NaN,169924,90853,-59728,31125,54392,-75749,-21357,10314,-20082,-9768
2014-10-28T22:00:00Z,3.09,3.114,3.0725,3.08,90853,-59728,31125,54392,-75749,-21357,10314,-20082,-9768,NaN,NaN,NaN,NaN,169924,90853,-59728,31125,54392,-75749,-21357,10314,-20082,-9768
2014-10-29T22:00:00Z,3.082,3.0875,3.036,3.0605,90853,-59728,31125,54392,-75749,-21357,10314,-20082,-9768,NaN,NaN,NaN,NaN,169924,90853,-59728,31125,54392,-75749,-21357,10314,-20082,-9768
2014-10-30T22:00:00Z,3.06,3.093,3.0395,3.0525,90853,-59728,31125,54392,-75749,-21357,10314,-20082,-9768,NaN,NaN,NaN,NaN,169924,90853,-59728,31125,54392,-75749,-21357,10314,-20082,-9768
2014-11-02T23:00:00Z,3.042,3.07,3.0225,3.06,90853,-59728,31125,54392,-75749,-21357,10314,-20082,-9768,NaN,NaN,NaN,NaN,169924,90853,-59728,31125,54392,-75749,-21357,10314,-20082,-9768
2014-11-03T23:00:00Z,3.058,3.0735,3.003,3.0185,94794,-58919,35875,47492,-73355,-25863,11192,-21204,-10012,NaN,NaN,NaN,NaN,164942,94794,-58919,35875,47492,-73355,-25863,11192,-21204,-10012
2014-11-04T23:00:00Z,3.0185,3.0205,2.964,3.0035,94794,-58919,35875,47492,-73355,-25863,11192,-21204,-10012,NaN,NaN,NaN,NaN,164942,94794,-58919,35875,47492,-73355,-25863,11192,-21204,-10012
2014-11-05T23:00:00Z,3.004,3.023,2.993,3.014,94794,-58919,35875,47492,-73355,-25863,11192,-21204,-10012,NaN,NaN,NaN,NaN,164942,94794,-58919,35875,47492,-73355,-25863,11192,-21204,-10012
2014-11-06T23:00:00Z,3.012,3.049,3.0115,3.034,94794,-58919,35875,47492,-73355,-25863,11192,-21204,-10012,NaN,NaN,NaN,NaN,164942,94794,-58919,35875,47492,-73355,-25863,11192,-21204,-10012
2014-11-09T23:00:00Z,3.041,3.051,3.0135,3.015,94794,-58919,35875,47492,-73355,-25863,11192,-21204,-10012,NaN,NaN,NaN,NaN,164942,94794,-58919,35875,47492,-73355,-25863,11192,-21204,-10012
2014-11-10T23:00:00Z,3.0145,3.0445,2.9905,3.0345,95350,-57969,37381,48196,-73757,-25561,10918,-22738,-11820,NaN,NaN,NaN,NaN,170361,95350,-57969,37381,48196,-73757,-25561,10918,-22738,-11820
2014-11-11T23:00:00Z,3.033,3.044,3.0175,3.026,95350,-57969,37381,48196,-73757,-25561,10918,-22738,-11820,NaN,NaN,NaN,NaN,170361,95350,-57969,37381,48196,-73757,-25561,10918,-22738,-11820
2014-11-12T23:00:00Z,3.0275,3.0525,2.982,2.9895,95350,-57969,37381,48196,-73757,-25561,10918,-22738,-11820,NaN,NaN,NaN,NaN,170361,95350,-57969,37381,48196,-73757,-25561,10918,-22738,-11820
2014-11-13T23:00:00Z,2.989,3.05,2.985,3.0445,95350,-57969,37381,48196,-73757,-25561,10918,-22738,-11820,NaN,NaN,NaN,NaN,170361,95350,-57969,37381,48196,-73757,-25561,10918,-22738,-11820
2014-11-16T23:00:00Z,3.051,3.061,3.023,3.037,95350,-57969,37381,48196,-73757,-25561,10918,-22738,-11820,NaN,NaN,NaN,NaN,170361,95350,-57969,37381,48196,-73757,-25561,10918,-22738,-11820
2014-11-17T23:00:00Z,3.0365,3.043,2.993,3.002,89399,-53946,35453,52968,-77573,-24605,11950,-22798,-10848,NaN,NaN,NaN,NaN,176417,89399,-53946,35453,52968,-77573,-24605,11950,-22798,-10848
2014-11-18T23:00:00Z,3.003,3.0495,2.99,3.0335,89399,-53946,35453,52968,-77573,-24605,11950,-22798,-10848,NaN,NaN,NaN,NaN,176417,89399,-53946,35453,52968,-77573,-24605,11950,-22798,-10848
2014-11-19T23:00:00Z,3.033,3.0385,3.001,3.015,89399,-53946,35453,52968,-77573,-24605,11950,-22798,-10848,NaN,NaN,NaN,NaN,176417,89399,-53946,35453,52968,-77573,-24605,11950,-22798,-10848
2014-11-20T23:00:00Z,3.017,3.0775,3.006,3.033,89399,-53946,35453,52968,-77573,-24605,11950,-22798,-10848,NaN,NaN,NaN,NaN,176417,89399,-53946,35453,52968,-77573,-24605,11950,-22798,-10848
2014-11-23T23:00:00Z,3.038,3.048,2.995,3.001,89399,-53946,35453,52968,-77573,-24605,11950,-22798,-10848,NaN,NaN,NaN,NaN,176417,89399,-53946,35453,52968,-77573,-24605,11950,-22798,-10848
2014-11-24T23:00:00Z,3.0005,3.0235,2.9465,2.9565,81388,-44220,37168,55391,-83669,-28278,13719,-22609,-8890,NaN,NaN,NaN,NaN,160924,81388,-44220,37168,55391,-83669,-28278,13719,-22609,-8890
2014-11-25T23:00:00Z,2.9615,2.9765,2.935,2.9535,81388,-44220,37168,55391,-83669,-28278,13719,-22609,-8890,NaN,NaN,NaN,NaN,160924,81388,-44220,37168,55391,-83669,-28278,13719,-22609,-8890
2014-11-26T23:00:00Z,2.952,2.9705,2.8435,2.8445,81388,-44220,37168,55391,-83669,-28278,13719,-22609,-8890,NaN,NaN,NaN,NaN,160924,81388,-44220,37168,55391,-83669,-28278,13719,-22609,-8890
2014-11-30T23:00:00Z,2.845,2.917,2.7775,2.898,81388,-44220,37168,55391,-83669,-28278,13719,-22609,-8890,NaN,NaN,NaN,NaN,160924,81388,-44220,37168,55391,-83669,-28278,13719,-22609,-8890
2014-12-01T23:00:00Z,2.899,2.899,2.844,2.8875,87855,-41272,46583,50746,-84928,-34182,11907,-24308,-12401,NaN,NaN,NaN,NaN,159261,87855,-41272,46583,50746,-84928,-34182,11907,-24308,-12401
2014-12-02T23:00:00Z,2.8875,2.8965,2.8605,2.8665,87855,-41272,46583,50746,-84928,-34182,11907,-24308,-12401,NaN,NaN,NaN,NaN,159261,87855,-41272,46583,50746,-84928,-34182,11907,-24308,-12401
2014-12-03T23:00:00Z,2.869,2.93,2.867,2.9095,87855,-41272,46583,50746,-84928,-34182,11907,-24308,-12401,NaN,NaN,NaN,NaN,159261,87855,-41272,46583,50746,-84928,-34182,11907,-24308,-12401
2014-12-04T23:00:00Z,2.9095,2.939,2.9005,2.909,87855,-41272,46583,50746,-84928,-34182,11907,-24308,-12401,NaN,NaN,NaN,NaN,159261,87855,-41272,46583,50746,-84928,-34182,11907,-24308,-12401
2014-12-07T23:00:00Z,2.901,2.921,2.8815,2.8835,87855,-41272,46583,50746,-84928,-34182,11907,-24308,-12401,NaN,NaN,NaN,NaN,159261,87855,-41272,46583,50746,-84928,-34182,11907,-24308,-12401
2014-12-08T23:00:00Z,2.8825,2.9505,2.8655,2.9235,84548,-40338,44210,47171,-80129,-32958,11681,-22933,-11252,NaN,NaN,NaN,NaN,152267,84548,-40338,44210,47171,-80129,-32958,11681,-22933,-11252
2014-12-09T23:00:00Z,2.922,2.927,2.887,2.895,84548,-40338,44210,47171,-80129,-32958,11681,-22933,-11252,NaN,NaN,NaN,NaN,152267,84548,-40338,44210,47171,-80129,-32958,11681,-22933,-11252
2014-12-10T23:00:00Z,2.893,2.9315,2.89,2.913,84548,-40338,44210,47171,-80129,-32958,11681,-22933,-11252,NaN,NaN,NaN,NaN,152267,84548,-40338,44210,47171,-80129,-32958,11681,-22933,-11252
2014-12-11T23:00:00Z,2.912,2.9405,2.9085,2.9295,84548,-40338,44210,47171,-80129,-32958,11681,-22933,-11252,NaN,NaN,NaN,NaN,152267,84548,-40338,44210,47171,-80129,-32958,11681,-22933,-11252
2014-12-14T23:00:00Z,2.9245,2.947,2.8635,2.8695,84548,-40338,44210,47171,-80129,-32958,11681,-22933,-11252,NaN,NaN,NaN,NaN,152267,84548,-40338,44210,47171,-80129,-32958,11681,-22933,-11252
2014-12-15T23:00:00Z,2.8725,2.886,2.844,2.8635,84046,-41356,42690,47122,-76837,-29715,11311,-24286,-12975,NaN,NaN,NaN,NaN,152045,84046,-41356,42690,47122,-76837,-29715,11311,-24286,-12975
2014-12-16T23:00:00Z,2.867,2.8925,2.827,2.873,84046,-41356,42690,47122,-76837,-29715,11311,-24286,-12975,NaN,NaN,NaN,NaN,152045,84046,-41356,42690,47122,-76837,-29715,11311,-24286,-12975
2014-12-17T23:00:00Z,2.8695,2.8855,2.8425,2.8475,84046,-41356,42690,47122,-76837,-29715,11311,-24286,-12975,NaN,NaN,NaN,NaN,152045,84046,-41356,42690,47122,-76837,-29715,11311,-24286,-12975
2014-12-18T23:00:00Z,2.846,2.9035,2.846,2.8975,84046,-41356,42690,47122,-76837,-29715,11311,-24286,-12975,NaN,NaN,NaN,NaN,152045,84046,-41356,42690,47122,-76837,-29715,11311,-24286,-12975
2014-12-21T23:00:00Z,2.8895,2.905,2.8675,2.8755,84046,-41356,42690,47122,-76837,-29715,11311,-24286,-12975,NaN,NaN,NaN,NaN,152045,84046,-41356,42690,47122,-76837,-29715,11311,-24286,-12975
2014-12-22T23:00:00Z,2.8725,2.8805,2.8545,2.8675,87515,-43435,44080,43503,-75702,-32199,10631,-22512,-11881,NaN,NaN,NaN,NaN,152816,87515,-43435,44080,43503,-75702,-32199,10631,-22512,-11881
2014-12-23T23:00:00Z,2.8665,2.874,2.844,2.848,87515,-43435,44080,43503,-75702,-32199,10631,-22512,-11881,NaN,NaN,NaN,NaN,152816,87515,-43435,44080,43503,-75702,-32199,10631,-22512,-11881
2014-12-25T23:00:00Z,2.8525,2.8625,2.804,2.814,87515,-43435,44080,43503,-75702,-32199,10631,-22512,-11881,NaN,NaN,NaN,NaN,152816,87515,-43435,44080,43503,-75702,-32199,10631,-22512,-11881
2014-12-28T23:00:00Z,2.814,2.847,2.756,2.818,87515,-43435,44080,43503,-75702,-32199,10631,-22512,-11881,NaN,NaN,NaN,NaN,152816,87515,-43435,44080,43503,-75702,-32199,10631,-22512,-11881
2014-12-29T23:00:00Z,2.8135,2.8655,2.813,2.851,92094,-45609,46485,44538,-79591,-35053,11348,-22780,-11432,NaN,NaN,NaN,NaN,159107,92094,-45609,46485,44538,-79591,-35053,11348,-22780,-11432
2014-12-30T23:00:00Z,2.853,2.861,2.8155,2.826,92094,-45609,46485,44538,-79591,-35053,11348,-22780,-11432,NaN,NaN,NaN,NaN,159107,92094,-45609,46485,44538,-79591,-35053,11348,-22780,-11432
2015-01-01T23:00:00Z,2.8255,2.841,2.801,2.814,92094,-45609,46485,44538,-79591,-35053,11348,-22780,-11432,NaN,NaN,NaN,NaN,159107,92094,-45609,46485,44538,-79591,-35053,11348,-22780,-11432
2015-01-04T23:00:00Z,2.814,2.827,2.744,2.767,92094,-45609,46485,44538,-79591,-35053,11348,-22780,-11432,NaN,NaN,NaN,NaN,159107,92094,-45609,46485,44538,-79591,-35053,11348,-22780,-11432
2015-01-05T23:00:00Z,2.7695,2.782,2.7565,2.76,99196,-45205,53991,45928,-87193,-41265,11278,-24004,-12726,NaN,NaN,NaN,NaN,170037,99196,-45205,53991,45928,-87193,-41265,11278,-24004,-12726
2015-01-06T23:00:00Z,2.76,2.7765,2.748,2.7645,99196,-45205,53991,45928,-87193,-41265,11278,-24004,-12726,NaN,NaN,NaN,NaN,170037,99196,-45205,53991,45928,-87193,-41265,11278,-24004,-12726
2015-01-07T23:00:00Z,2.764,2.794,2.7535,2.7695,99196,-45205,53991,45928,-87193,-41265,11278,-24004,-12726,NaN,NaN,NaN,NaN,170037,99196,-45205,53991,45928,-87193,-41265,11278,-24004,-12726
2015-01-08T23:00:00Z,2.767,2.776,2.7385,2.7595,99196,-45205,53991,45928,-87193,-41265,11278,-24004,-12726,NaN,NaN,NaN,NaN,170037,99196,-45205,53991,45928,-87193,-41265,11278,-24004,-12726
2015-01-11T23:00:00Z,2.757,2.76,2.7,2.724,99196,-45205,53991,45928,-87193,-41265,11278,-24004,-12726,NaN,NaN,NaN,NaN,170037,99196,-45205,53991,45928,-87193,-41265,11278,-24004,-12726
2015-01-12T23:00:00Z,2.7215,2.729,2.586,2.605,94170,-46356,47814,53398,-89221,-35823,12129,-24120,-11991,NaN,NaN,NaN,NaN,179459,94170,-46356,47814,53398,-89221,-35823,12129,-24120,-11991
2015-01-13T23:00:00Z,2.609,2.617,2.4235,2.529,94170,-46356,47814,53398,-89221,-35823,12129,-24120,-11991,NaN,NaN,NaN,NaN,179459,94170,-46356,47814,53398,-89221,-35823,12129,-24120,-11991
2015-01-14T23:00:00Z,2.535,2.595,2.517,2.579,94170,-46356,47814,53398,-89221,-35823,12129,-24120,-11991,NaN,NaN,NaN,NaN,179459,94170,-46356,47814,53398,-89221,-35823,12129,-24120,-11991
2015-01-15T23:00:00Z,2.582,2.634,2.5405,2.6325,94170,-46356,47814,53398,-89221,-35823,12129,-24120,-11991,NaN,NaN,NaN,NaN,179459,94170,-46356,47814,53398,-89221,-35823,12129,-24120,-11991
2015-01-18T23:00:00Z,2.6335,2.636,2.555,2.593,94261,-44335,49926,46328,-83113,-36785,12259,-25400,-13141,NaN,NaN,NaN,NaN,172846,94261,-44335,49926,46328,-83113,-36785,12259,-25400,-13141
2015-01-20T23:00:00Z,2.594,2.6335,2.5325,2.609,94261,-44335,49926,46328,-83113,-36785,12259,-25400,-13141,NaN,NaN,NaN,NaN,172846,94261,-44335,49926,46328,-83113,-36785,12259,-25400,-13141
2015-01-21T23:00:00Z,2.6075,2.6125,2.556,2.588,94261,-44335,49926,46328,-83113,-36785,12259,-25400,-13141,NaN,NaN,NaN,NaN,172846,94261,-44335,49926,46328,-83113,-36785,12259,-25400,-13141
2015-01-22T23:00:00Z,2.582,2.5855,2.489,2.495,94261,-44335,49926,46328,-83113,-36785,12259,-25400,-13141,NaN,NaN,NaN,NaN,172846,94261,-44335,49926,46328,-83113,-36785,12259,-25400,-13141
2015-01-25T23:00:00Z,2.495,2.5545,2.419,2.5455,94261,-44335,49926,46328,-83113,-36785,12259,-25400,-13141,NaN,NaN,NaN,NaN,172846,94261,-44335,49926,46328,-83113,-36785,12259,-25400,-13141
2015-01-26T23:00:00Z,2.541,2.5435,2.446,2.458,96833,-44280,52553,46610,-87272,-40662,11843,-23734,-11891,NaN,NaN,NaN,NaN,179152,96833,-44280,52553,46610,-87272,-40662,11843,-23734,-11891
2015-01-27T23:00:00Z,2.4625,2.5,2.4505,2.459,96833,-44280,52553,46610,-87272,-40662,11843,-23734,-11891,NaN,NaN,NaN,NaN,179152,96833,-44280,52553,46610,-87272,-40662,11843,-23734,-11891
2015-01-28T23:00:00Z,2.4545,2.4695,2.42,2.4575,96833,-44280,52553,46610,-87272,-40662,11843,-23734,-11891,NaN,NaN,NaN,NaN,179152,96833,-44280,52553,46610,-87272,-40662,11843,-23734,-11891
2015-01-29T23:00:00Z,2.456,2.5185,2.4295,2.4985,96833,-44280,52553,46610,-87272,-40662,11843,-23734,-11891,NaN,NaN,NaN,NaN,179152,96833,-44280,52553,46610,-87272,-40662,11843,-23734,-11891
2015-02-01T23:00:00Z,2.476,2.5195,2.4635,2.5005,96833,-44280,52553,46610,-87272,-40662,11843,-23734,-11891,NaN,NaN,NaN,NaN,179152,96833,-44280,52553,46610,-87272,-40662,11843,-23734,-11891
2015-02-02T23:00:00Z,2.4985,2.595,2.496,2.5775,98677,-45864,52813,46923,-87221,-40298,10605,-23120,-12515,NaN,NaN,NaN,NaN,180944,98677,-45864,52813,46923,-87221,-40298,10605,-23120,-12515
2015-02-03T23:00:00Z,2.5845,2.6185,2.5555,2.596,98677,-45864,52813,46923,-87221,-40298,10605,-23120,-12515,NaN,NaN,NaN,NaN,180944,98677,-45864,52813,46923,-87221,-40298,10605,-23120,-12515
2015-02-04T23:00:00Z,2.596,2.6095,2.5335,2.601,98677,-45864,52813,46923,-87221,-40298,10605,-23120,-12515,NaN,NaN,NaN,NaN,180944,98677,-45864,52813,46923,-87221,-40298,10605,-23120,-12515
2015-02-05T23:00:00Z,2.596,2.615,2.5665,2.589,98677,-45864,52813,46923,-87221,-40298,10605,-23120,-12515,NaN,NaN,NaN,NaN,180944,98677,-45864,52813,46923,-87221,-40298,10605,-23120,-12515
2015-02-08T23:00:00Z,2.5795,2.5905,2.56,2.5755,98677,-45864,52813,46923,-87221,-40298,10605,-23120,-12515,NaN,NaN,NaN,NaN,180944,98677,-45864,52813,46923,-87221,-40298,10605,-23120,-12515
2015-02-09T23:00:00Z,2.5805,2.5885,2.5255,2.55,97124,-46414,50710,45443,-87427,-41984,12284,-21010,-8726,NaN,NaN,NaN,NaN,185606,97124,-46414,50710,45443,-87427,-41984,12284,-21010,-8726
2015-02-10T23:00:00Z,2.548,2.5835,2.5345,2.5405,97124,-46414,50710,45443,-87427,-41984,12284,-21010,-8726,NaN,NaN,NaN,NaN,185606,97124,-46414,50710,45443,-87427,-41984,12284,-21010,-8726
2015-02-11T23:00:00Z,2.541,2.622,2.536,2.601,97124,-46414,50710,45443,-87427,-41984,12284,-21010,-8726,NaN,NaN,NaN,NaN,185606,97124,-46414,50710,45443,-87427,-41984,12284,-21010,-8726
2015-02-12T23:00:00Z,2.606,2.642,2.5915,2.602,97124,-46414,50710,45443,-87427,-41984,12284,-21010,-8726,NaN,NaN,NaN,NaN,185606,97124,-46414,50710,45443,-87427,-41984,12284,-21010,-8726
2015-02-15T23:00:00Z,2.6005,2.623,2.55,2.581,97012,-48031,48981,44526,-82691,-38165,13110,-23926,-10816,NaN,NaN,NaN,NaN,185675,97012,-48031,48981,44526,-82691,-38165,13110,-23926,-10816
2015-02-17T23:00:00Z,2.5815,2.638,2.565,2.615,97012,-48031,48981,44526,-82691,-38165,13110,-23926,-10816,NaN,NaN,NaN,NaN,185675,97012,-48031,48981,44526,-82691,-38165,13110,-23926,-10816
2015-02-18T23:00:00Z,2.6145,2.627,2.584,2.617,97012,-48031,48981,44526,-82691,-38165,13110,-23926,-10816,NaN,NaN,NaN,NaN,185675,97012,-48031,48981,44526,-82691,-38165,13110,-23926,-10816
2015-02-19T23:00:00Z,2.6185,2.6225,2.5755,2.6045,97012,-48031,48981,44526,-82691,-38165,13110,-23926,-10816,NaN,NaN,NaN,NaN,185675,97012,-48031,48981,44526,-82691,-38165,13110,-23926,-10816
2015-02-22T23:00:00Z,2.6045,2.6165,2.566,2.595,97012,-48031,48981,44526,-82691,-38165,13110,-23926,-10816,NaN,NaN,NaN,NaN,185675,97012,-48031,48981,44526,-82691,-38165,13110,-23926,-10816
2015-02-23T23:00:00Z,2.593,2.677,2.571,2.645,91161,-50893,40268,50336,-80639,-30303,12370,-22335,-9965,NaN,NaN,NaN,NaN,171520,91161,-50893,40268,50336,-80639,-30303,12370,-22335,-9965
2015-02-24T23:00:00Z,2.644,2.669,2.6265,2.6635,91161,-50893,40268,50336,-80639,-30303,12370,-22335,-9965,NaN,NaN,NaN,NaN,171520,91161,-50893,40268,50336,-80639,-30303,12370,-22335,-9965
2015-02-25T23:00:00Z,2.645,2.714,2.636,2.6965,91161,-50893,40268,50336,-80639,-30303,12370,-22335,-9965,NaN,NaN,NaN,NaN,171520,91161,-50893,40268,50336,-80639,-30303,12370,-22335,-9965
2015-02-26T23:00:00Z,2.698,2.7,2.66,2.69,91161,-50893,40268,50336,-80639,-30303,12370,-22335,-9965,NaN,NaN,NaN,NaN,171520,91161,-50893,40268,50336,-80639,-30303,12370,-22335,-9965
2015-03-01T23:00:00Z,2.6985,2.718,2.677,2.694,91161,-50893,40268,50336,-80639,-30303,12370,-22335,-9965,NaN,NaN,NaN,NaN,171520,91161,-50893,40268,50336,-80639,-30303,12370,-22335,-9965
2015-03-02T23:00:00Z,2.692,2.695,2.629,2.655,87470,-55536,31934,51043,-73854,-22811,11495,-20618,-9123,NaN,NaN,NaN,NaN,163020,87470,-55536,31934,51043,-73854,-22811,11495,-20618,-9123
2015-03-03T23:00:00Z,2.655,2.676,2.6375,2.6585,87470,-55536,31934,51043,-73854,-22811,11495,-20618,-9123,NaN,NaN,NaN,NaN,163020,87470,-55536,31934,51043,-73854,-22811,11495,-20618,-9123
2015-03-04T23:00:00Z,2.6625,2.6795,2.6475,2.6525,87470,-55536,31934,51043,-73854,-22811,11495,-20618,-9123,NaN,NaN,NaN,NaN,163020,87470,-55536,31934,51043,-73854,-22811,11495,-20618,-9123
2015-03-05T23:00:00Z,2.652,2.656,2.605,2.6145,87470,-55536,31934,51043,-73854,-22811,11495,-20618,-9123,NaN,NaN,NaN,NaN,163020,87470,-55536,31934,51043,-73854,-22811,11495,-20618,-9123
2015-03-08T22:00:00Z,2.6135,2.6775,2.5925,2.6645,87470,-55536,31934,51043,-73854,-22811,11495,-20618,-9123,NaN,NaN,NaN,NaN,163020,87470,-55536,31934,51043,-73854,-22811,11495,-20618,-9123
2015-03-09T22:00:00Z,2.668,2.6695,2.6055,2.6205,88084,-55730,32354,53309,-74837,-21528,10884,-21710,-10826,NaN,NaN,NaN,NaN,164239,88084,-55730,32354,53309,-74837,-21528,10884,-21710,-10826
2015-03-10T22:00:00Z,2.62,2.6475,2.5995,2.607,88084,-55730,32354,53309,-74837,-21528,10884,-21710,-10826,NaN,NaN,NaN,NaN,164239,88084,-55730,32354,53309,-74837,-21528,10884,-21710,-10826
2015-03-11T22:00:00Z,2.6055,2.68,2.5985,2.661,88084,-55730,32354,53309,-74837,-21528,10884,-21710,-10826,NaN,NaN,NaN,NaN,164239,88084,-55730,32354,53309,-74837,-21528,10884,-21710,-10826
2015-03-12T22:00:00Z,2.662,2.6745,2.6465,2.6745,88084,-55730,32354,53309,-74837,-21528,10884,-21710,-10826,NaN,NaN,NaN,NaN,164239,88084,-55730,32354,53309,-74837,-21528,10884,-21710,-10826
2015-03-15T22:00:00Z,2.673,2.6845,2.651,2.663,88084,-55730,32354,53309,-74837,-21528,10884,-21710,-10826,NaN,NaN,NaN,NaN,164239,88084,-55730,32354,53309,-74837,-21528,10884,-21710,-10826
2015-03-16T22:00:00Z,2.6625,2.6765,2.609,2.635,85615,-57445,28170,55248,-72795,-17547,11959,-22582,-10623,NaN,NaN,NaN,NaN,164490,85615,-57445,28170,55248,-72795,-17547,11959,-22582,-10623
2015-03-17T22:00:00Z,2.637,2.6455,2.5525,2.6135,85615,-57445,28170,55248,-72795,-17547,11959,-22582,-10623,NaN,NaN,NaN,NaN,164490,85615,-57445,28170,55248,-72795,-17547,11959,-22582,-10623
2015-03-18T22:00:00Z,2.61,2.6675,2.5955,2.6595,85615,-57445,28170,55248,-72795,-17547,11959,-22582,-10623,NaN,NaN,NaN,NaN,164490,85615,-57445,28170,55248,-72795,-17547,11959,-22582,-10623
2015-03-19T22:00:00Z,2.6655,2.774,2.645,2.751,85615,-57445,28170,55248,-72795,-17547,11959,-22582,-10623,NaN,NaN,NaN,NaN,164490,85615,-57445,28170,55248,-72795,-17547,11959,-22582,-10623
2015-03-22T22:00:00Z,2.761,2.9145,2.755,2.876,85615,-57445,28170,55248,-72795,-17547,11959,-22582,-10623,NaN,NaN,NaN,NaN,164490,85615,-57445,28170,55248,-72795,-17547,11959,-22582,-10623
2015-03-23T22:00:00Z,2.878,2.8875,2.775,2.7945,81659,-64083,17576,58237,-67317,-9080,12650,-21146,-8496,NaN,NaN,NaN,NaN,165590,81659,-64083,17576,58237,-67317,-9080,12650,-21146,-8496
2015-03-24T22:00:00Z,2.794,2.808,2.773,2.7875,81659,-64083,17576,58237,-67317,-9080,12650,-21146,-8496,NaN,NaN,NaN,NaN,165590,81659,-64083,17576,58237,-67317,-9080,12650,-21146,-8496
2015-03-25T22:00:00Z,2.7905,2.869,2.7835,2.8095,81659,-64083,17576,58237,-67317,-9080,12650,-21146,-8496,NaN,NaN,NaN,NaN,165590,81659,-64083,17576,58237,-67317,-9080,12650,-21146,-8496
2015-03-26T22:00:00Z,2.806,2.8095,2.756,2.7645,81659,-64083,17576,58237,-67317,-9080,12650,-21146,-8496,NaN,NaN,NaN,NaN,165590,81659,-64083,17576,58237,-67317,-9080,12650,-21146,-8496
2015-03-29T22:00:00Z,2.76,2.7925,2.748,2.783,81659,-64083,17576,58237,-67317,-9080,12650,-21146,-8496,NaN,NaN,NaN,NaN,165590,81659,-64083,17576,58237,-67317,-9080,12650,-21146,-8496
2015-03-30T22:00:00Z,2.7785,2.787,2.735,2.7415,82059,-69145,12914,60278,-64432,-4154,12060,-20820,-8760,NaN,NaN,NaN,NaN,170125,82059,-69145,12914,60278,-64432,-4154,12060,-20820,-8760
2015-03-31T22:00:00Z,2.741,2.7615,2.7095,2.743,82059,-69145,12914,60278,-64432,-4154,12060,-20820,-8760,NaN,NaN,NaN,NaN,170125,82059,-69145,12914,60278,-64432,-4154,12060,-20820,-8760
2015-04-01T22:00:00Z,2.744,2.7655,2.7165,2.7315,82059,-69145,12914,60278,-64432,-4154,12060,-20820,-8760,NaN,NaN,NaN,NaN,170125,82059,-69145,12914,60278,-64432,-4154,12060,-20820,-8760
2015-04-05T22:00:00Z,2.7315,2.831,2.6935,2.716,82059,-69145,12914,60278,-64432,-4154,12060,-20820,-8760,NaN,NaN,NaN,NaN,170125,82059,-69145,12914,60278,-64432,-4154,12060,-20820,-8760
2015-04-06T22:00:00Z,2.7165,2.777,2.712,2.7575,82527,-71351,11176,58765,-63761,-4996,13545,-19725,-6180,NaN,NaN,NaN,NaN,171006,82527,-71351,11176,58765,-63761,-4996,13545,-19725,-6180
2015-04-07T22:00:00Z,2.755,2.7685,2.7235,2.7375,82527,-71351,11176,58765,-63761,-4996,13545,-19725,-6180,NaN,NaN,NaN,NaN,171006,82527,-71351,11176,58765,-63761,-4996,13545,-19725,-6180
2015-04-08T22:00:00Z,2.7345,2.7595,2.7155,2.7255,82527,-71351,11176,58765,-63761,-4996,13545,-19725,-6180,NaN,NaN,NaN,NaN,171006,82527,-71351,11176,58765,-63761,-4996,13545,-19725,-6180
2015-04-09T22:00:00Z,2.724,2.78,2.7215,2.7345,82527,-71351,11176,58765,-63761,-4996,13545,-19725,-6180,NaN,NaN,NaN,NaN,171006,82527,-71351,11176,58765,-63761,-4996,13545,-19725,-6180
2015-04-12T22:00:00Z,2.736,2.762,2.7125,2.717,82527,-71351,11176,58765,-63761,-4996,13545,-19725,-6180,NaN,NaN,NaN,NaN,171006,82527,-71351,11176,58765,-63761,-4996,13545,-19725,-6180
2015-04-13T22:00:00Z,2.717,2.726,2.675,2.704,81400,-66570,14830,54693,-61923,-7230,14169,-21769,-7600,NaN,NaN,NaN,NaN,165760,81400,-66570,14830,54693,-61923,-7230,14169,-21769,-7600
2015-04-14T22:00:00Z,2.704,2.7275,2.6685,2.7215,81400,-66570,14830,54693,-61923,-7230,14169,-21769,-7600,NaN,NaN,NaN,NaN,165760,81400,-66570,14830,54693,-61923,-7230,14169,-21769,-7600
2015-04-15T22:00:00Z,2.7225,2.7875,2.719,2.775,81400,-66570,14830,54693,-61923,-7230,14169,-21769,-7600,NaN,NaN,NaN,NaN,165760,81400,-66570,14830,54693,-61923,-7230,14169,-21769,-7600
2015-04-16T22:00:00Z,2.7775,2.809,2.7615,2.798,81400,-66570,14830,54693,-61923,-7230,14169,-21769,-7600,NaN,NaN,NaN,NaN,165760,81400,-66570,14830,54693,-61923,-7230,14169,-21769,-7600
2015-04-19T22:00:00Z,2.814,2.8295,2.722,2.728,81400,-66570,14830,54693,-61923,-7230,14169,-21769,-7600,NaN,NaN,NaN,NaN,165760,81400,-66570,14830,54693,-61923,-7230,14169,-21769,-7600
2015-04-20T22:00:00Z,2.728,2.739,2.688,2.6975,79538,-64110,15428,50483,-62802,-12319,14870,-17979,-3109,NaN,NaN,NaN,NaN,157721,79538,-64110,15428,50483,-62802,-12319,14870,-17979,-3109
2015-04-21T22:00:00Z,2.6965,2.7085,2.663,2.6695,79538,-64110,15428,50483,-62802,-12319,14870,-17979,-3109,NaN,NaN,NaN,NaN,157721,79538,-64110,15428,50483,-62802,-12319,14870,-17979,-3109
2015-04-22T22:00:00Z,2.668,2.7035,2.6475,2.697,79538,-64110,15428,50483,-62802,-12319,14870,-17979,-3109,NaN,NaN,NaN,NaN,157721,79538,-64110,15428,50483,-62802,-12319,14870,-17979,-3109
2015-04-23T22:00:00Z,2.7,2.761,2.684,2.739,79538,-64110,15428,50483,-62802,-12319,14870,-17979,-3109,NaN,NaN,NaN,NaN,157721,79538,-64110,15428,50483,-62802,-12319,14870,-17979,-3109
2015-04-26T22:00:00Z,2.746,2.785,2.732,2.778,79538,-64110,15428,50483,-62802,-12319,14870,-17979,-3109,NaN,NaN,NaN,NaN,157721,79538,-64110,15428,50483,-62802,-12319,14870,-17979,-3109
2015-04-27T22:00:00Z,2.7755,2.787,2.7475,2.7795,81832,-61536,20296,50505,-66588,-16083,12578,-16791,-4213,NaN,NaN,NaN,NaN,154447,81832,-61536,20296,50505,-66588,-16083,12578,-16791,-4213
2015-04-28T22:00:00Z,2.786,2.804,2.76,2.794,81832,-61536,20296,50505,-66588,-16083,12578,-16791,-4213,NaN,NaN,NaN,NaN,154447,81832,-61536,20296,50505,-66588,-16083,12578,-16791,-4213
2015-04-29T22:00:00Z,2.7935,2.89,2.788,2.881,81832,-61536,20296,50505,-66588,-16083,12578,-16791,-4213,NaN,NaN,NaN,NaN,154447,81832,-61536,20296,50505,-66588,-16083,12578,-16791,-4213
2015-04-30T22:00:00Z,2.885,2.9375,2.875,2.935,81832,-61536,20296,50505,-66588,-16083,12578,-16791,-4213,NaN,NaN,NaN,NaN,154447,81832,-61536,20296,50505,-66588,-16083,12578,-16791,-4213
2015-05-03T22:00:00Z,2.932,2.933,2.8925,2.9095,81832,-61536,20296,50505,-66588,-16083,12578,-16791,-4213,NaN,NaN,NaN,NaN,154447,81832,-61536,20296,50505,-66588,-16083,12578,-16791,-4213
2015-05-04T22:00:00Z,2.9105,2.956,2.8995,2.9285,78884,-75206,3678,63530,-63982,-452,14388,-17614,-3226,NaN,NaN,NaN,NaN,166179,78884,-75206,3678,63530,-63982,-452,14388,-17614,-3226
2015-05-05T22:00:00Z,2.931,2.947,2.902,2.926,78884,-75206,3678,63530,-63982,-452,14388,-17614,-3226,NaN,NaN,NaN,NaN,166179,78884,-75206,3678,63530,-63982,-452,14388,-17614,-3226
2015-05-06T22:00:00Z,2.9275,2.9375,2.905,2.9185,78884,-75206,3678,63530,-63982,-452,14388,-17614,-3226,NaN,NaN,NaN,NaN,166179,78884,-75206,3678,63530,-63982,-452,14388,-17614,-3226
2015-05-07T22:00:00Z,2.915,2.933,2.888,2.912,78884,-75206,3678,63530,-63982,-452,14388,-17614,-3226,NaN,NaN,NaN,NaN,166179,78884,-75206,3678,63530,-63982,-452,14388,-17614,-3226
2015-05-10T22:00:00Z,2.9285,2.9295,2.896,2.913,78884,-75206,3678,63530,-63982,-452,14388,-17614,-3226,NaN,NaN,NaN,NaN,166179,78884,-75206,3678,63530,-63982,-452,14388,-17614,-3226
2015-05-11T22:00:00Z,2.911,2.946,2.9,2.9295,77044,-82657,-5613,73722,-65206,8516,15645,-18548,-2903,NaN,NaN,NaN,NaN,178077,77044,-82657,-5613,73722,-65206,8516,15645,-18548,-2903
2015-05-12T22:00:00Z,2.928,2.9475,2.912,2.932,77044,-82657,-5613,73722,-65206,8516,15645,-18548,-2903,NaN,NaN,NaN,NaN,178077,77044,-82657,-5613,73722,-65206,8516,15645,-18548,-2903
2015-05-13T22:00:00Z,2.9325,2.939,2.9065,2.9195,77044,-82657,-5613,73722,-65206,8516,15645,-18548,-2903,NaN,NaN,NaN,NaN,178077,77044,-82657,-5613,73722,-65206,8516,15645,-18548,-2903
2015-05-14T22:00:00Z,2.92,2.9315,2.8955,2.929,77044,-82657,-5613,73722,-65206,8516,15645,-18548,-2903,NaN,NaN,NaN,NaN,178077,77044,-82657,-5613,73722,-65206,8516,15645,-18548,-2903
2015-05-17T22:00:00Z,2.9255,2.949,2.893,2.908,77044,-82657,-5613,73722,-65206,8516,15645,-18548,-2903,NaN,NaN,NaN,NaN,178077,77044,-82657,-5613,73722,-65206,8516,15645,-18548,-2903
2015-05-18T22:00:00Z,2.9085,2.913,2.826,2.8375,77109,-83885,-6776,73598,-64257,9341,15502,-18067,-2565,NaN,NaN,NaN,NaN,179210,77109,-83885,-6776,73598,-64257,9341,15502,-18067,-2565
2015-05-19T22:00:00Z,2.8375,2.8435,2.8205,2.829,77109,-83885,-6776,73598,-64257,9341,15502,-18067,-2565,NaN,NaN,NaN,NaN,179210,77109,-83885,-6776,73598,-64257,9341,15502,-18067,-2565
2015-05-20T22:00:00Z,2.829,2.8605,2.828,2.8515,77109,-83885,-6776,73598,-64257,9341,15502,-18067,-2565,NaN,NaN,NaN,NaN,179210,77109,-83885,-6776,73598,-64257,9341,15502,-18067,-2565
2015-05-21T22:00:00Z,2.852,2.8555,2.7895,2.792,77109,-83885,-6776,73598,-64257,9341,15502,-18067,-2565,NaN,NaN,NaN,NaN,179210,77109,-83885,-6776,73598,-64257,9341,15502,-18067,-2565
2015-05-24T22:00:00Z,2.7995,2.8345,2.773,2.777,78383,-78749,-366,64899,-63275,1624,15050,-16308,-1258,NaN,NaN,NaN,NaN,172622,78383,-78749,-366,64899,-63275,1624,15050,-16308,-1258
2015-05-26T22:00:00Z,2.777,2.7905,2.7585,2.7635,78383,-78749,-366,64899,-63275,1624,15050,-16308,-1258,NaN,NaN,NaN,NaN,172622,78383,-78749,-366,64899,-63275,1624,15050,-16308,-1258
2015-05-27T22:00:00Z,2.7635,2.784,2.7585,2.7685,78383,-78749,-366,64899,-63275,1624,15050,-16308,-1258,NaN,NaN,NaN,NaN,172622,78383,-78749,-366,64899,-63275,1624,15050,-16308,-1258
2015-05-28T22:00:00Z,2.77,2.784,2.7245,2.735,78383,-78749,-366,64899,-63275,1624,15050,-16308,-1258,NaN,NaN,NaN,NaN,172622,78383,-78749,-366,64899,-63275,1624,15050,-16308,-1258
2015-05-31T22:00:00Z,2.728,2.7425,2.71,2.7145,78383,-78749,-366,64899,-63275,1624,15050,-16308,-1258,NaN,NaN,NaN,NaN,172622,78383,-78749,-366,64899,-63275,1624,15050,-16308,-1258
2015-06-01T22:00:00Z,2.7155,2.745,2.714,2.7375,79435,-67856,11579,50709,-59453,-8744,13921,-16756,-2835,NaN,NaN,NaN,NaN,160588,79435,-67856,11579,50709,-59453,-8744,13921,-16756,-2835
2015-06-02T22:00:00Z,2.7375,2.749,2.72,2.725,79435,-67856,11579,50709,-59453,-8744,13921,-16756,-2835,NaN,NaN,NaN,NaN,160588,79435,-67856,11579,50709,-59453,-8744,13921,-16756,-2835
2015-06-03T22:00:00Z,2.7265,2.7315,2.6765,2.6885,79435,-67856,11579,50709,-59453,-8744,13921,-16756,-2835,NaN,NaN,NaN,NaN,160588,79435,-67856,11579,50709,-59453,-8744,13921,-16756,-2835
2015-06-04T22:00:00Z,2.6865,2.708,2.67,2.702,79435,-67856,11579,50709,-59453,-8744,13921,-16756,-2835,NaN,NaN,NaN,NaN,160588,79435,-67856,11579,50709,-59453,-8744,13921,-16756,-2835
2015-06-07T22:00:00Z,2.7025,2.706,2.6825,2.7035,79435,-67856,11579,50709,-59453,-8744,13921,-16756,-2835,NaN,NaN,NaN,NaN,160588,79435,-67856,11579,50709,-59453,-8744,13921,-16756,-2835
2015-06-08T22:00:00Z,2.7045,2.7355,2.695,2.714,81795,-64122,17673,50677,-64059,-13382,13887,-18178,-4291,NaN,NaN,NaN,NaN,171541,81795,-64122,17673,50677,-64059,-13382,13887,-18178,-4291
2015-06-09T22:00:00Z,2.7115,2.767,2.7105,2.7435,81795,-64122,17673,50677,-64059,-13382,13887,-18178,-4291,NaN,NaN,NaN,NaN,171541,81795,-64122,17673,50677,-64059,-13382,13887,-18178,-4291
2015-06-10T22:00:00Z,2.7415,2.7495,2.6575,2.673,81795,-64122,17673,50677,-64059,-13382,13887,-18178,-4291,NaN,NaN,NaN,NaN,171541,81795,-64122,17673,50677,-64059,-13382,13887,-18178,-4291
2015-06-11T22:00:00Z,2.6735,2.684,2.66,2.676,81795,-64122,17673,50677,-64059,-13382,13887,-18178,-4291,NaN,NaN,NaN,NaN,171541,81795,-64122,17673,50677,-64059,-13382,13887,-18178,-4291
2015-06-14T22:00:00Z,2.6755,2.681,2.6255,2.648,81795,-64122,17673,50677,-64059,-13382,13887,-18178,-4291,NaN,NaN,NaN,NaN,171541,81795,-64122,17673,50677,-64059,-13382,13887,-18178,-4291
2015-06-15T22:00:00Z,2.6435,2.6555,2.6105,2.6145,86938,-66044,20894,53535,-70047,-16512,14442,-18824,-4382,NaN,NaN,NaN,NaN,181765,86938,-66044,20894,53535,-70047,-16512,14442,-18824,-4382
2015-06-16T22:00:00Z,2.6125,2.6325,2.598,2.6135,86938,-66044,20894,53535,-70047,-16512,14442,-18824,-4382,NaN,NaN,NaN,NaN,181765,86938,-66044,20894,53535,-70047,-16512,14442,-18824,-4382
2015-06-17T22:00:00Z,2.6135,2.6425,2.601,2.605,86938,-66044,20894,53535,-70047,-16512,14442,-18824,-4382,NaN,NaN,NaN,NaN,181765,86938,-66044,20894,53535,-70047,-16512,14442,-18824,-4382
2015-06-18T22:00:00Z,2.6015,2.6165,2.558,2.5735,86938,-66044,20894,53535,-70047,-16512,14442,-18824,-4382,NaN,NaN,NaN,NaN,181765,86938,-66044,20894,53535,-70047,-16512,14442,-18824,-4382
2015-06-21T22:00:00Z,2.572,2.581,2.5595,2.5725,86938,-66044,20894,53535,-70047,-16512,14442,-18824,-4382,NaN,NaN,NaN,NaN,181765,86938,-66044,20894,53535,-70047,-16512,14442,-18824,-4382
2015-06-22T22:00:00Z,2.5715,2.6295,2.5685,2.6095,88108,-61595,26513,54093,-77732,-23639,15245,-18119,-2874,NaN,NaN,NaN,NaN,184635,88108,-61595,26513,54093,-77732,-23639,15245,-18119,-2874
2015-06-23T22:00:00Z,2.6085,2.649,2.5995,2.623,88108,-61595,26513,54093,-77732,-23639,15245,-18119,-2874,NaN,NaN,NaN,NaN,184635,88108,-61595,26513,54093,-77732,-23639,15245,-18119,-2874
2015-06-24T22:00:00Z,2.6205,2.6305,2.594,2.6265,88108,-61595,26513,54093,-77732,-23639,15245,-18119,-2874,NaN,NaN,NaN,NaN,184635,88108,-61595,26513,54093,-77732,-23639,15245,-18119,-2874
2015-06-25T22:00:00Z,2.625,2.654,2.6205,2.65,88108,-61595,26513,54093,-77732,-23639,15245,-18119,-2874,NaN,NaN,NaN,NaN,184635,88108,-61595,26513,54093,-77732,-23639,15245,-18119,-2874
2015-06-28T22:00:00Z,2.62,2.655,2.616,2.632,88108,-61595,26513,54093,-77732,-23639,15245,-18119,-2874,NaN,NaN,NaN,NaN,184635,88108,-61595,26513,54093,-77732,-23639,15245,-18119,-2874
2015-06-29T22:00:00Z,2.634,2.6415,2.589,2.6175,77411,-52697,24714,59718,-81525,-21807,14227,-17134,-2907,NaN,NaN,NaN,NaN,166278,77411,-52697,24714,59718,-81525,-21807,14227,-17134,-2907
2015-06-30T22:00:00Z,2.6145,2.6495,2.6025,2.6295,77411,-52697,24714,59718,-81525,-21807,14227,-17134,-2907,NaN,NaN,NaN,NaN,166278,77411,-52697,24714,59718,-81525,-21807,14227,-17134,-2907
2015-07-01T22:00:00Z,2.6285,2.646,2.621,2.637,77411,-52697,24714,59718,-81525,-21807,14227,-17134,-2907,NaN,NaN,NaN,NaN,166278,77411,-52697,24714,59718,-81525,-21807,14227,-17134,-2907
2015-07-02T22:00:00Z,2.605,2.6095,2.504,2.535,77411,-52697,24714,59718,-81525,-21807,14227,-17134,-2907,NaN,NaN,NaN,NaN,166278,77411,-52697,24714,59718,-81525,-21807,14227,-17134,-2907
2015-07-06T22:00:00Z,2.538,2.5455,2.387,2.4605,80720,-49595,31125,55639,-81068,-25429,14404,-20100,-5696,NaN,NaN,NaN,NaN,167008,80720,-49595,31125,55639,-81068,-25429,14404,-20100,-5696
2015-07-07T22:00:00Z,2.4635,2.5215,2.381,2.491,80720,-49595,31125,55639,-81068,-25429,14404,-20100,-5696,NaN,NaN,NaN,NaN,167008,80720,-49595,31125,55639,-81068,-25429,14404,-20100,-5696
2015-07-08T22:00:00Z,2.496,2.5965,2.487,2.549,80720,-49595,31125,55639,-81068,-25429,14404,-20100,-5696,NaN,NaN,NaN,NaN,167008,80720,-49595,31125,55639,-81068,-25429,14404,-20100,-5696
2015-07-09T22:00:00Z,2.55,2.572,2.5215,2.542,80720,-49595,31125,55639,-81068,-25429,14404,-20100,-5696,NaN,NaN,NaN,NaN,167008,80720,-49595,31125,55639,-81068,-25429,14404,-20100,-5696
2015-07-12T22:00:00Z,2.53,2.5645,2.4965,2.5425,80720,-49595,31125,55639,-81068,-25429,14404,-20100,-5696,NaN,NaN,NaN,NaN,167008,80720,-49595,31125,55639,-81068,-25429,14404,-20100,-5696
2015-07-13T22:00:00Z,2.54,2.5475,2.509,2.542,78077,-51355,26722,53064,-73822,-20758,12184,-18148,-5964,NaN,NaN,NaN,NaN,161713,78077,-51355,26722,53064,-73822,-20758,12184,-18148,-5964
2015-07-14T22:00:00Z,2.5375,2.5735,2.501,2.517,78077,-51355,26722,53064,-73822,-20758,12184,-18148,-5964,NaN,NaN,NaN,NaN,161713,78077,-51355,26722,53064,-73822,-20758,12184,-18148,-5964
2015-07-15T22:00:00Z,2.5145,2.5445,2.5075,2.52,78077,-51355,26722,53064,-73822,-20758,12184,-18148,-5964,NaN,NaN,NaN,NaN,161713,78077,-51355,26722,53064,-73822,-20758,12184,-18148,-5964
2015-07-16T22:00:00Z,2.517,2.5335,2.476,2.496,78077,-51355,26722,53064,-73822,-20758,12184,-18148,-5964,NaN,NaN,NaN,NaN,161713,78077,-51355,26722,53064,-73822,-20758,12184,-18148,-5964
2015-07-19T22:00:00Z,2.497,2.503,2.4655,2.474,78077,-51355,26722,53064,-73822,-20758,12184,-18148,-5964,NaN,NaN,NaN,NaN,161713,78077,-51355,26722,53064,-73822,-20758,12184,-18148,-5964
2015-07-20T22:00:00Z,2.471,2.516,2.471,2.4745,75911,-49681,26230,56919,-79086,-22167,14119,-18182,-4063,NaN,NaN,NaN,NaN,165842,75911,-49681,26230,56919,-79086,-22167,14119,-18182,-4063
2015-07-21T22:00:00Z,2.4745,2.4815,2.4225,2.43,75911,-49681,26230,56919,-79086,-22167,14119,-18182,-4063,NaN,NaN,NaN,NaN,165842,75911,-49681,26230,56919,-79086,-22167,14119,-18182,-4063
2015-07-22T22:00:00Z,2.4315,2.45,2.3575,2.378,75911,-49681,26230,56919,-79086,-22167,14119,-18182,-4063,NaN,NaN,NaN,NaN,165842,75911,-49681,26230,56919,-79086,-22167,14119,-18182,-4063
2015-07-23T22:00:00Z,2.376,2.399,2.3505,2.39,75911,-49681,26230,56919,-79086,-22167,14119,-18182,-4063,NaN,NaN,NaN,NaN,165842,75911,-49681,26230,56919,-79086,-22167,14119,-18182,-4063
2015-07-26T22:00:00Z,2.384,2.3885,2.3375,2.345,75911,-49681,26230,56919,-79086,-22167,14119,-18182,-4063,NaN,NaN,NaN,NaN,165842,75911,-49681,26230,56919,-79086,-22167,14119,-18182,-4063
2015-07-27T22:00:00Z,2.346,2.4165,2.3455,2.411,77675,-46041,31634,55698,-80152,-24454,13896,-21076,-7180,NaN,NaN,NaN,NaN,163656,77675,-46041,31634,55698,-80152,-24454,13896,-21076,-7180
2015-07-28T22:00:00Z,2.413,2.446,2.387,2.409,77675,-46041,31634,55698,-80152,-24454,13896,-21076,-7180,NaN,NaN,NaN,NaN,163656,77675,-46041,31634,55698,-80152,-24454,13896,-21076,-7180
2015-07-29T22:00:00Z,2.408,2.422,2.3585,2.3775,77675,-46041,31634,55698,-80152,-24454,13896,-21076,-7180,NaN,NaN,NaN,NaN,163656,77675,-46041,31634,55698,-80152,-24454,13896,-21076,-7180
2015-07-30T22:00:00Z,2.3755,2.396,2.348,2.354,77675,-46041,31634,55698,-80152,-24454,13896,-21076,-7180,NaN,NaN,NaN,NaN,163656,77675,-46041,31634,55698,-80152,-24454,13896,-21076,-7180
2015-08-02T22:00:00Z,2.356,2.363,2.3215,2.342,77675,-46041,31634,55698,-80152,-24454,13896,-21076,-7180,NaN,NaN,NaN,NaN,163656,77675,-46041,31634,55698,-80152,-24454,13896,-21076,-7180
2015-08-03T22:00:00Z,2.3415,2.3745,2.328,2.3535,85447,-46797,38650,60578,-92908,-32330,13855,-20175,-6320,NaN,NaN,NaN,NaN,181276,85447,-46797,38650,60578,-92908,-32330,13855,-20175,-6320
2015-08-04T22:00:00Z,2.353,2.362,2.3375,2.354,85447,-46797,38650,60578,-92908,-32330,13855,-20175,-6320,NaN,NaN,NaN,NaN,181276,85447,-46797,38650,60578,-92908,-32330,13855,-20175,-6320
2015-08-05T22:00:00Z,2.3515,2.3615,2.336,2.345,85447,-46797,38650,60578,-92908,-32330,13855,-20175,-6320,NaN,NaN,NaN,NaN,181276,85447,-46797,38650,60578,-92908,-32330,13855,-20175,-6320
2015-08-06T22:00:00Z,2.3435,2.354,2.313,2.3255,85447,-46797,38650,60578,-92908,-32330,13855,-20175,-6320,NaN,NaN,NaN,NaN,181276,85447,-46797,38650,60578,-92908,-32330,13855,-20175,-6320
2015-08-09T22:00:00Z,2.32,2.411,2.3075,2.3875,85447,-46797,38650,60578,-92908,-32330,13855,-20175,-6320,NaN,NaN,NaN,NaN,181276,85447,-46797,38650,60578,-92908,-32330,13855,-20175,-6320
2015-08-10T22:00:00Z,2.3915,2.429,2.3135,2.338,88567,-47926,40641,60308,-94067,-33759,15383,-22265,-6882,NaN,NaN,NaN,NaN,195117,88567,-47926,40641,60308,-94067,-33759,15383,-22265,-6882
2015-08-11T22:00:00Z,2.336,2.358,2.2925,2.3485,88567,-47926,40641,60308,-94067,-33759,15383,-22265,-6882,NaN,NaN,NaN,NaN,195117,88567,-47926,40641,60308,-94067,-33759,15383,-22265,-6882
2015-08-12T22:00:00Z,2.3485,2.3825,2.326,2.3505,88567,-47926,40641,60308,-94067,-33759,15383,-22265,-6882,NaN,NaN,NaN,NaN,195117,88567,-47926,40641,60308,-94067,-33759,15383,-22265,-6882
2015-08-13T22:00:00Z,2.3515,2.3665,2.3335,2.343,88567,-47926,40641,60308,-94067,-33759,15383,-22265,-6882,NaN,NaN,NaN,NaN,195117,88567,-47926,40641,60308,-94067,-33759,15383,-22265,-6882
2015-08-16T22:00:00Z,2.3445,2.3485,2.3095,2.3225,88567,-47926,40641,60308,-94067,-33759,15383,-22265,-6882,NaN,NaN,NaN,NaN,195117,88567,-47926,40641,60308,-94067,-33759,15383,-22265,-6882
2015-08-17T22:00:00Z,2.3195,2.326,2.265,2.2815,83872,-47927,35945,60821,-89793,-28972,15684,-22657,-6973,NaN,NaN,NaN,NaN,191265,83872,-47927,35945,60821,-89793,-28972,15684,-22657,-6973
2015-08-18T22:00:00Z,2.282,2.297,2.2605,2.2725,83872,-47927,35945,60821,-89793,-28972,15684,-22657,-6973,NaN,NaN,NaN,NaN,191265,83872,-47927,35945,60821,-89793,-28972,15684,-22657,-6973
2015-08-19T22:00:00Z,2.272,2.3325,2.2675,2.3195,83872,-47927,35945,60821,-89793,-28972,15684,-22657,-6973,NaN,NaN,NaN,NaN,191265,83872,-47927,35945,60821,-89793,-28972,15684,-22657,-6973
2015-08-20T22:00:00Z,2.3255,2.326,2.275,2.2955,83872,-47927,35945,60821,-89793,-28972,15684,-22657,-6973,NaN,NaN,NaN,NaN,191265,83872,-47927,35945,60821,-89793,-28972,15684,-22657,-6973
2015-08-23T22:00:00Z,2.294,2.2965,2.209,2.243,83872,-47927,35945,60821,-89793,-28972,15684,-22657,-6973,NaN,NaN,NaN,NaN,191265,83872,-47927,35945,60821,-89793,-28972,15684,-22657,-6973
2015-08-24T22:00:00Z,2.247,2.319,2.242,2.303,76236,-44390,31846,60331,-83656,-23325,13904,-22425,-8521,NaN,NaN,NaN,NaN,166991,76236,-44390,31846,60331,-83656,-23325,13904,-22425,-8521
2015-08-25T22:00:00Z,2.3025,2.312,2.2365,2.264,76236,-44390,31846,60331,-83656,-23325,13904,-22425,-8521,NaN,NaN,NaN,NaN,166991,76236,-44390,31846,60331,-83656,-23325,13904,-22425,-8521
2015-08-26T22:00:00Z,2.2655,2.343,2.2635,2.329,76236,-44390,31846,60331,-83656,-23325,13904,-22425,-8521,NaN,NaN,NaN,NaN,166991,76236,-44390,31846,60331,-83656,-23325,13904,-22425,-8521
2015-08-27T22:00:00Z,2.3335,2.366,2.3075,2.339,76236,-44390,31846,60331,-83656,-23325,13904,-22425,-8521,NaN,NaN,NaN,NaN,166991,76236,-44390,31846,60331,-83656,-23325,13904,-22425,-8521
2015-08-30T22:00:00Z,2.341,2.346,2.2935,2.3355,76236,-44390,31846,60331,-83656,-23325,13904,-22425,-8521,NaN,NaN,NaN,NaN,166991,76236,-44390,31846,60331,-83656,-23325,13904,-22425,-8521
2015-08-31T22:00:00Z,2.3365,2.34,2.287,2.29,74534,-46459,28075,61031,-81421,-20390,11171,-18856,-7685,NaN,NaN,NaN,NaN,158648,74534,-46459,28075,61031,-81421,-20390,11171,-18856,-7685
2015-09-01T22:00:00Z,2.2935,2.3465,2.288,2.33,74534,-46459,28075,61031,-81421,-20390,11171,-18856,-7685,NaN,NaN,NaN,NaN,158648,74534,-46459,28075,61031,-81421,-20390,11171,-18856,-7685
2015-09-02T22:00:00Z,2.3275,2.418,2.324,2.376,74534,-46459,28075,61031,-81421,-20390,11171,-18856,-7685,NaN,NaN,NaN,NaN,158648,74534,-46459,28075,61031,-81421,-20390,11171,-18856,-7685
2015-09-03T22:00:00Z,2.378,2.379,2.306,2.312,74534,-46459,28075,61031,-81421,-20390,11171,-18856,-7685,NaN,NaN,NaN,NaN,158648,74534,-46459,28075,61031,-81421,-20390,11171,-18856,-7685
2015-09-06T22:00:00Z,2.319,2.448,2.307,2.4295,72133,-52296,19837,60691,-73958,-13267,13081,-19651,-6570,NaN,NaN,NaN,NaN,159016,72133,-52296,19837,60691,-73958,-13267,13081,-19651,-6570
2015-09-08T22:00:00Z,2.4335,2.4755,2.4185,2.424,72133,-52296,19837,60691,-73958,-13267,13081,-19651,-6570,NaN,NaN,NaN,NaN,159016,72133,-52296,19837,60691,-73958,-13267,13081,-19651,-6570
2015-09-09T22:00:00Z,2.4235,2.4725,2.423,2.4515,72133,-52296,19837,60691,-73958,-13267,13081,-19651,-6570,NaN,NaN,NaN,NaN,159016,72133,-52296,19837,60691,-73958,-13267,13081,-19651,-6570
2015-09-10T22:00:00Z,2.4505,2.4645,2.421,2.452,72133,-52296,19837,60691,-73958,-13267,13081,-19651,-6570,NaN,NaN,NaN,NaN,159016,72133,-52296,19837,60691,-73958,-13267,13081,-19651,-6570
2015-09-13T22:00:00Z,2.451,2.4555,2.4,2.4125,72133,-52296,19837,60691,-73958,-13267,13081,-19651,-6570,NaN,NaN,NaN,NaN,159016,72133,-52296,19837,60691,-73958,-13267,13081,-19651,-6570
2015-09-14T22:00:00Z,2.413,2.4305,2.3885,2.4275,69710,-59257,10453,59530,-63571,-4041,11992,-18404,-6412,NaN,NaN,NaN,NaN,154631,69710,-59257,10453,59530,-63571,-4041,11992,-18404,-6412
2015-09-15T22:00:00Z,2.4265,2.459,2.413,2.452,69710,-59257,10453,59530,-63571,-4041,11992,-18404,-6412,NaN,NaN,NaN,NaN,154631,69710,-59257,10453,59530,-63571,-4041,11992,-18404,-6412
2015-09-16T22:00:00Z,2.4525,2.493,2.433,2.463,69710,-59257,10453,59530,-63571,-4041,11992,-18404,-6412,NaN,NaN,NaN,NaN,154631,69710,-59257,10453,59530,-63571,-4041,11992,-18404,-6412
2015-09-17T22:00:00Z,2.4635,2.47,2.3725,2.38,69710,-59257,10453,59530,-63571,-4041,11992,-18404,-6412,NaN,NaN,NaN,NaN,154631,69710,-59257,10453,59530,-63571,-4041,11992,-18404,-6412
2015-09-20T22:00:00Z,2.3805,2.414,2.3625,2.387,69710,-59257,10453,59530,-63571,-4041,11992,-18404,-6412,NaN,NaN,NaN,NaN,154631,69710,-59257,10453,59530,-63571,-4041,11992,-18404,-6412
2015-09-21T22:00:00Z,2.3865,2.3915,2.2855,2.308,70959,-51740,19219,52382,-65632,-13250,14185,-20154,-5969,NaN,NaN,NaN,NaN,152575,70959,-51740,19219,52382,-65632,-13250,14185,-20154,-5969
2015-09-22T22:00:00Z,2.308,2.325,2.29,2.296,70959,-51740,19219,52382,-65632,-13250,14185,-20154,-5969,NaN,NaN,NaN,NaN,152575,70959,-51740,19219,52382,-65632,-13250,14185,-20154,-5969
2015-09-23T22:00:00Z,2.296,2.3155,2.273,2.303,70959,-51740,19219,52382,-65632,-13250,14185,-20154,-5969,NaN,NaN,NaN,NaN,152575,70959,-51740,19219,52382,-65632,-13250,14185,-20154,-5969
2015-09-24T22:00:00Z,2.3005,2.32,2.277,2.2815,70959,-51740,19219,52382,-65632,-13250,14185,-20154,-5969,NaN,NaN,NaN,NaN,152575,70959,-51740,19219,52382,-65632,-13250,14185,-20154,-5969
2015-09-27T22:00:00Z,2.28,2.3025,2.232,2.248,70959,-51740,19219,52382,-65632,-13250,14185,-20154,-5969,NaN,NaN,NaN,NaN,152575,70959,-51740,19219,52382,-65632,-13250,14185,-20154,-5969
2015-09-28T22:00:00Z,2.2475,2.2695,2.2255,2.2565,72385,-49149,23236,52419,-69425,-17006,13276,-19506,-6230,NaN,NaN,NaN,NaN,151710,72385,-49149,23236,52419,-69425,-17006,13276,-19506,-6230
2015-09-29T22:00:00Z,2.257,2.3575,2.2535,2.34,72385,-49149,23236,52419,-69425,-17006,13276,-19506,-6230,NaN,NaN,NaN,NaN,151710,72385,-49149,23236,52419,-69425,-17006,13276,-19506,-6230
2015-09-30T22:00:00Z,2.338,2.3765,2.297,2.3065,72385,-49149,23236,52419,-69425,-17006,13276,-19506,-6230,NaN,NaN,NaN,NaN,151710,72385,-49149,23236,52419,-69425,-17006,13276,-19506,-6230
2015-10-01T22:00:00Z,2.308,2.3465,2.273,2.345,72385,-49149,23236,52419,-69425,-17006,13276,-19506,-6230,NaN,NaN,NaN,NaN,151710,72385,-49149,23236,52419,-69425,-17006,13276,-19506,-6230
2015-10-04T22:00:00Z,2.3355,2.3735,2.3295,2.358,72385,-49149,23236,52419,-69425,-17006,13276,-19506,-6230,NaN,NaN,NaN,NaN,151710,72385,-49149,23236,52419,-69425,-17006,13276,-19506,-6230
2015-10-05T22:00:00Z,2.358,2.376,2.3255,2.356,72020,-55486,16534,54617,-66165,-11548,13040,-18026,-4986,NaN,NaN,NaN,NaN,153387,72020,-55486,16534,54617,-66165,-11548,13040,-18026,-4986
2015-10-06T22:00:00Z,2.357,2.396,2.352,2.368,72020,-55486,16534,54617,-66165,-11548,13040,-18026,-4986,NaN,NaN,NaN,NaN,153387,72020,-55486,16534,54617,-66165,-11548,13040,-18026,-4986
2015-10-07T22:00:00Z,2.367,2.3725,2.318,2.3505,72020,-55486,16534,54617,-66165,-11548,13040,-18026,-4986,NaN,NaN,NaN,NaN,153387,72020,-55486,16534,54617,-66165,-11548,13040,-18026,-4986
2015-10-08T22:00:00Z,2.3515,2.4375,2.346,2.4195,72020,-55486,16534,54617,-66165,-11548,13040,-18026,-4986,NaN,NaN,NaN,NaN,153387,72020,-55486,16534,54617,-66165,-11548,13040,-18026,-4986
2015-10-11T22:00:00Z,2.4185,2.437,2.404,2.409,72020,-55486,16534,54617,-66165,-11548,13040,-18026,-4986,NaN,NaN,NaN,NaN,153387,72020,-55486,16534,54617,-66165,-11548,13040,-18026,-4986
2015-10-12T22:00:00Z,2.4085,2.4135,2.377,2.377,70513,-60297,10216,54291,-60432,-6141,13312,-17387,-4075,NaN,NaN,NaN,NaN,156482,70513,-60297,10216,54291,-60432,-6141,13312,-17387,-4075
2015-10-13T22:00:00Z,2.382,2.4225,2.3775,2.4165,70513,-60297,10216,54291,-60432,-6141,13312,-17387,-4075,NaN,NaN,NaN,NaN,156482,70513,-60297,10216,54291,-60432,-6141,13312,-17387,-4075
2015-10-14T22:00:00Z,2.415,2.4355,2.402,2.4315,70513,-60297,10216,54291,-60432,-6141,13312,-17387,-4075,NaN,NaN,NaN,NaN,156482,70513,-60297,10216,54291,-60432,-6141,13312,-17387,-4075
2015-10-15T22:00:00Z,2.43,2.435,2.381,2.401,70513,-60297,10216,54291,-60432,-6141,13312,-17387,-4075,NaN,NaN,NaN,NaN,156482,70513,-60297,10216,54291,-60432,-6141,13312,-17387,-4075
2015-10-18T22:00:00Z,2.4015,2.4065,2.357,2.364,70513,-60297,10216,54291,-60432,-6141,13312,-17387,-4075,NaN,NaN,NaN,NaN,156482,70513,-60297,10216,54291,-60432,-6141,13312,-17387,-4075
2015-10-19T22:00:00Z,2.3645,2.383,2.351,2.359,70231,-61490,8741,56571,-61154,-4583,13946,-18104,-4158,NaN,NaN,NaN,NaN,162963,70231,-61490,8741,56571,-61154,-4583,13946,-18104,-4158
2015-10-20T22:00:00Z,2.359,2.365,2.3305,2.3565,70231,-61490,8741,56571,-61154,-4583,13946,-18104,-4158,NaN,NaN,NaN,NaN,162963,70231,-61490,8741,56571,-61154,-4583,13946,-18104,-4158
2015-10-21T22:00:00Z,2.36,2.405,2.355,2.3825,70231,-61490,8741,56571,-61154,-4583,13946,-18104,-4158,NaN,NaN,NaN,NaN,162963,70231,-61490,8741,56571,-61154,-4583,13946,-18104,-4158
2015-10-22T22:00:00Z,2.3805,2.418,2.342,2.3485,70231,-61490,8741,56571,-61154,-4583,13946,-18104,-4158,NaN,NaN,NaN,NaN,162963,70231,-61490,8741,56571,-61154,-4583,13946,-18104,-4158
2015-10-25T22:00:00Z,2.35,2.351,2.35,2.351,70231,-61490,8741,56571,-61154,-4583,13946,-18104,-4158,NaN,NaN,NaN,NaN,162963,70231,-61490,8741,56571,-61154,-4583,13946,-18104,-4158
2015-10-26T22:00:00Z,2.35,2.38,2.342,2.3675,71732,-65587,6145,58172,-59021,-849,13687,-18983,-5296,NaN,NaN,NaN,NaN,165946,71732,-65587,6145,58172,-59021,-849,13687,-18983,-5296
2015-10-27T22:00:00Z,2.3665,2.3725,2.3255,2.3675,71732,-65587,6145,58172,-59021,-849,13687,-18983,-5296,NaN,NaN,NaN,NaN,165946,71732,-65587,6145,58172,-59021,-849,13687,-18983,-5296
2015-10-28T22:00:00Z,2.364,2.365,2.3165,2.322,71732,-65587,6145,58172,-59021,-849,13687,-18983,-5296,NaN,NaN,NaN,NaN,165946,71732,-65587,6145,58172,-59021,-849,13687,-18983,-5296
2015-10-29T22:00:00Z,2.3245,2.3375,2.309,2.316,71732,-65587,6145,58172,-59021,-849,13687,-18983,-5296,NaN,NaN,NaN,NaN,165946,71732,-65587,6145,58172,-59021,-849,13687,-18983,-5296
2015-11-01T23:00:00Z,2.306,2.323,2.2885,2.3115,71732,-65587,6145,58172,-59021,-849,13687,-18983,-5296,NaN,NaN,NaN,NaN,165946,71732,-65587,6145,58172,-59021,-849,13687,-18983,-5296
2015-11-02T23:00:00Z,2.314,2.342,2.3,2.335,76694,-58720,17974,55293,-67071,-11778,13567,-19763,-6196,NaN,NaN,NaN,NaN,165386,76694,-58720,17974,55293,-67071,-11778,13567,-19763,-6196
2015-11-03T23:00:00Z,2.331,2.362,2.3165,2.3215,76694,-58720,17974,55293,-67071,-11778,13567,-19763,-6196,NaN,NaN,NaN,NaN,165386,76694,-58720,17974,55293,-67071,-11778,13567,-19763,-6196
2015-11-04T23:00:00Z,2.3185,2.332,2.2505,2.2555,76694,-58720,17974,55293,-67071,-11778,13567,-19763,-6196,NaN,NaN,NaN,NaN,165386,76694,-58720,17974,55293,-67071,-11778,13567,-19763,-6196
2015-11-05T23:00:00Z,2.254,2.271,2.2355,2.243,76694,-58720,17974,55293,-67071,-11778,13567,-19763,-6196,NaN,NaN,NaN,NaN,165386,76694,-58720,17974,55293,-67071,-11778,13567,-19763,-6196
2015-11-08T23:00:00Z,2.235,2.251,2.226,2.2285,76694,-58720,17974,55293,-67071,-11778,13567,-19763,-6196,NaN,NaN,NaN,NaN,165386,76694,-58720,17974,55293,-67071,-11778,13567,-19763,-6196
2015-11-09T23:00:00Z,2.228,2.242,2.206,2.2195,80345,-48776,31569,52814,-80242,-27428,16191,-20332,-4141,NaN,NaN,NaN,NaN,173872,80345,-48776,31569,52814,-80242,-27428,16191,-20332,-4141
2015-11-10T23:00:00Z,2.219,2.2275,2.197,2.2175,80345,-48776,31569,52814,-80242,-27428,16191,-20332,-4141,NaN,NaN,NaN,NaN,173872,80345,-48776,31569,52814,-80242,-27428,16191,-20332,-4141
2015-11-11T23:00:00Z,2.214,2.2265,2.1585,2.165,80345,-48776,31569,52814,-80242,-27428,16191,-20332,-4141,NaN,NaN,NaN,NaN,173872,80345,-48776,31569,52814,-80242,-27428,16191,-20332,-4141
2015-11-12T23:00:00Z,2.167,2.1725,2.151,2.162,80345,-48776,31569,52814,-80242,-27428,16191,-20332,-4141,NaN,NaN,NaN,NaN,173872,80345,-48776,31569,52814,-80242,-27428,16191,-20332,-4141
2015-11-15T23:00:00Z,2.1585,2.171,2.1065,2.1205,80345,-48776,31569,52814,-80242,-27428,16191,-20332,-4141,NaN,NaN,NaN,NaN,173872,80345,-48776,31569,52814,-80242,-27428,16191,-20332,-4141
2015-11-16T23:00:00Z,2.124,2.1285,2.066,2.0945,84208,-49850,34358,61534,-90817,-29283,16178,-21253,-5075,NaN,NaN,NaN,NaN,193328,84208,-49850,34358,61534,-90817,-29283,16178,-21253,-5075
2015-11-17T23:00:00Z,2.0945,2.1025,2.067,2.072,84208,-49850,34358,61534,-90817,-29283,16178,-21253,-5075,NaN,NaN,NaN,NaN,193328,84208,-49850,34358,61534,-90817,-29283,16178,-21253,-5075
2015-11-18T23:00:00Z,2.0705,2.089,2.059,2.075,84208,-49850,34358,61534,-90817,-29283,16178,-21253,-5075,NaN,NaN,NaN,NaN,193328,84208,-49850,34358,61534,-90817,-29283,16178,-21253,-5075
2015-11-19T23:00:00Z,2.073,2.103,2.0305,2.0385,84208,-49850,34358,61534,-90817,-29283,16178,-21253,-5075,NaN,NaN,NaN,NaN,193328,84208,-49850,34358,61534,-90817,-29283,16178,-21253,-5075
2015-11-22T23:00:00Z,2.0425,2.0545,2.0015,2.0185,84208,-49850,34358,61534,-90817,-29283,16178,-21253,-5075,NaN,NaN,NaN,NaN,193328,84208,-49850,34358,61534,-90817,-29283,16178,-21253,-5075
2015-11-23T23:00:00Z,2.019,2.07,2.0105,2.056,83953,-46557,37396,64527,-98293,-33766,16304,-19934,-3630,NaN,NaN,NaN,NaN,186199,83953,-46557,37396,64527,-98293,-33766,16304,-19934,-3630
2015-11-24T23:00:00Z,2.056,2.065,2.028,2.043,83953,-46557,37396,64527,-98293,-33766,16304,-19934,-3630,NaN,NaN,NaN,NaN,186199,83953,-46557,37396,64527,-98293,-33766,16304,-19934,-3630
2015-11-25T23:00:00Z,2.0475,2.1345,2.0465,2.0635,83953,-46557,37396,64527,-98293,-33766,16304,-19934,-3630,NaN,NaN,NaN,NaN,186199,83953,-46557,37396,64527,-98293,-33766,16304,-19934,-3630
2015-11-29T23:00:00Z,2.08,2.084,2.04,2.045,83953,-46557,37396,64527,-98293,-33766,16304,-19934,-3630,NaN,NaN,NaN,NaN,186199,83953,-46557,37396,64527,-98293,-33766,16304,-19934,-3630
2015-11-30T23:00:00Z,2.0475,2.0855,2.044,2.0725,82846,-45306,37540,66155,-100408,-34253,15936,-19223,-3287,NaN,NaN,NaN,NaN,180517,82846,-45306,37540,66155,-100408,-34253,15936,-19223,-3287
2015-12-01T23:00:00Z,2.074,2.0885,2.0295,2.0455,82846,-45306,37540,66155,-100408,-34253,15936,-19223,-3287,NaN,NaN,NaN,NaN,180517,82846,-45306,37540,66155,-100408,-34253,15936,-19223,-3287
2015-12-02T23:00:00Z,2.046,2.064,2.0255,2.0585,82846,-45306,37540,66155,-100408,-34253,15936,-19223,-3287,NaN,NaN,NaN,NaN,180517,82846,-45306,37540,66155,-100408,-34253,15936,-19223,-3287
2015-12-03T23:00:00Z,2.059,2.097,2.042,2.076,82846,-45306,37540,66155,-100408,-34253,15936,-19223,-3287,NaN,NaN,NaN,NaN,180517,82846,-45306,37540,66155,-100408,-34253,15936,-19223,-3287
2015-12-06T23:00:00Z,2.0785,2.0945,2.043,2.045,82846,-45306,37540,66155,-100408,-34253,15936,-19223,-3287,NaN,NaN,NaN,NaN,180517,82846,-45306,37540,66155,-100408,-34253,15936,-19223,-3287
2015-12-07T23:00:00Z,2.044,2.074,2.0355,2.0565,81927,-43773,38154,65812,-100004,-34192,14723,-18685,-3962,NaN,NaN,NaN,NaN,179248,81927,-43773,38154,65812,-100004,-34192,14723,-18685,-3962
2015-12-08T23:00:00Z,2.0595,2.0965,2.0575,2.0645,81927,-43773,38154,65812,-100004,-34192,14723,-18685,-3962,NaN,NaN,NaN,NaN,179248,81927,-43773,38154,65812,-100004,-34192,14723,-18685,-3962
2015-12-09T23:00:00Z,2.064,2.077,2.0555,2.064,81927,-43773,38154,65812,-100004,-34192,14723,-18685,-3962,NaN,NaN,NaN,NaN,179248,81927,-43773,38154,65812,-100004,-34192,14723,-18685,-3962
2015-12-10T23:00:00Z,2.07,2.1385,2.063,2.1135,81927,-43773,38154,65812,-100004,-34192,14723,-18685,-3962,NaN,NaN,NaN,NaN,179248,81927,-43773,38154,65812,-100004,-34192,14723,-18685,-3962
2015-12-13T23:00:00Z,2.112,2.1275,2.091,2.106,81927,-43773,38154,65812,-100004,-34192,14723,-18685,-3962,NaN,NaN,NaN,NaN,179248,81927,-43773,38154,65812,-100004,-34192,14723,-18685,-3962
2015-12-14T23:00:00Z,2.1075,2.117,2.045,2.0455,79212,-43369,35843,68029,-100662,-32633,13689,-16899,-3210,NaN,NaN,NaN,NaN,178761,79212,-43369,35843,68029,-100662,-32633,13689,-16899,-3210
2015-12-15T23:00:00Z,2.0505,2.0905,2.05,2.0715,79212,-43369,35843,68029,-100662,-32633,13689,-16899,-3210,NaN,NaN,NaN,NaN,178761,79212,-43369,35843,68029,-100662,-32633,13689,-16899,-3210
2015-12-16T23:00:00Z,2.0725,2.0785,2.034,2.0425,79212,-43369,35843,68029,-100662,-32633,13689,-16899,-3210,NaN,NaN,NaN,NaN,178761,79212,-43369,35843,68029,-100662,-32633,13689,-16899,-3210
2015-12-17T23:00:00Z,2.041,2.114,2.0405,2.108,79212,-43369,35843,68029,-100662,-32633,13689,-16899,-3210,NaN,NaN,NaN,NaN,178761,79212,-43369,35843,68029,-100662,-32633,13689,-16899,-3210
2015-12-20T23:00:00Z,2.119,2.144,2.102,2.1375,79212,-43369,35843,68029,-100662,-32633,13689,-16899,-3210,NaN,NaN,NaN,NaN,178761,79212,-43369,35843,68029,-100662,-32633,13689,-16899,-3210
2015-12-21T23:00:00Z,2.1415,2.1435,2.105,2.109,79311,-43004,36307,63124,-93463,-30339,12315,-18283,-5968,NaN,NaN,NaN,NaN,170210,79311,-43004,36307,63124,-93463,-30339,12315,-18283,-5968
2015-12-22T23:00:00Z,2.11,2.1305,2.1005,2.127,79311,-43004,36307,63124,-93463,-30339,12315,-18283,-5968,NaN,NaN,NaN,NaN,170210,79311,-43004,36307,63124,-93463,-30339,12315,-18283,-5968
2015-12-23T23:00:00Z,2.1275,2.1335,2.111,2.1215,79311,-43004,36307,63124,-93463,-30339,12315,-18283,-5968,NaN,NaN,NaN,NaN,170210,79311,-43004,36307,63124,-93463,-30339,12315,-18283,-5968
2015-12-27T23:00:00Z,2.127,2.128,2.076,2.0825,79311,-43004,36307,63124,-93463,-30339,12315,-18283,-5968,NaN,NaN,NaN,NaN,170210,79311,-43004,36307,63124,-93463,-30339,12315,-18283,-5968
2015-12-28T23:00:00Z,2.0825,2.148,2.08,2.1365,78884,-43214,35670,59955,-90061,-30106,12828,-18392,-5564,NaN,NaN,NaN,NaN,167689,78884,-43214,35670,59955,-90061,-30106,12828,-18392,-5564
2015-12-29T23:00:00Z,2.138,2.1485,2.126,2.147,78884,-43214,35670,59955,-90061,-30106,12828,-18392,-5564,NaN,NaN,NaN,NaN,167689,78884,-43214,35670,59955,-90061,-30106,12828,-18392,-5564
2015-12-30T23:00:00Z,2.147,2.148,2.117,2.135,78884,-43214,35670,59955,-90061,-30106,12828,-18392,-5564,NaN,NaN,NaN,NaN,167689,78884,-43214,35670,59955,-90061,-30106,12828,-18392,-5564
2016-01-03T23:00:00Z,2.1335,2.1395,2.069,2.0815,78884,-43214,35670,59955,-90061,-30106,12828,-18392,-5564,NaN,NaN,NaN,NaN,167689,78884,-43214,35670,59955,-90061,-30106,12828,-18392,-5564
2016-01-04T23:00:00Z,2.0825,2.1115,2.0735,2.094,79330,-42180,37150,63058,-94871,-31813,12567,-17904,-5337,NaN,NaN,NaN,NaN,171819,79330,-42180,37150,63058,-94871,-31813,12567,-17904,-5337
2016-01-05T23:00:00Z,2.095,2.0955,2.0715,2.089,79330,-42180,37150,63058,-94871,-31813,12567,-17904,-5337,NaN,NaN,NaN,NaN,171819,79330,-42180,37150,63058,-94871,-31813,12567,-17904,-5337
2016-01-06T23:00:00Z,2.091,2.094,1.99,2.0225,79330,-42180,37150,63058,-94871,-31813,12567,-17904,-5337,NaN,NaN,NaN,NaN,171819,79330,-42180,37150,63058,-94871,-31813,12567,-17904,-5337
2016-01-07T23:00:00Z,2.0225,2.0515,2.011,2.015,79330,-42180,37150,63058,-94871,-31813,12567,-17904,-5337,NaN,NaN,NaN,NaN,171819,79330,-42180,37150,63058,-94871,-31813,12567,-17904,-5337
2016-01-10T23:00:00Z,2.013,2.0155,1.9665,1.976,79330,-42180,37150,63058,-94871,-31813,12567,-17904,-5337,NaN,NaN,NaN,NaN,171819,79330,-42180,37150,63058,-94871,-31813,12567,-17904,-5337
2016-01-11T23:00:00Z,1.975,1.981,1.9525,1.96,88452,-40280,48172,68662,-110687,-42025,14270,-20417,-6147,NaN,NaN,NaN,NaN,193520,88452,-40280,48172,68662,-110687,-42025,14270,-20417,-6147
2016-01-12T23:00:00Z,1.9595,1.98,1.951,1.955,88452,-40280,48172,68662,-110687,-42025,14270,-20417,-6147,NaN,NaN,NaN,NaN,193520,88452,-40280,48172,68662,-110687,-42025,14270,-20417,-6147
2016-01-13T23:00:00Z,1.956,1.992,1.9425,1.979,88452,-40280,48172,68662,-110687,-42025,14270,-20417,-6147,NaN,NaN,NaN,NaN,193520,88452,-40280,48172,68662,-110687,-42025,14270,-20417,-6147
2016-01-14T23:00:00Z,1.979,1.985,1.9365,1.9485,88452,-40280,48172,68662,-110687,-42025,14270,-20417,-6147,NaN,NaN,NaN,NaN,193520,88452,-40280,48172,68662,-110687,-42025,14270,-20417,-6147
2016-01-17T23:00:00Z,1.9385,2.013,1.9355,1.968,92728,-43574,49154,68711,-112117,-43406,13786,-19534,-5748,NaN,NaN,NaN,NaN,199011,92728,-43574,49154,68711,-112117,-43406,13786,-19534,-5748
2016-01-19T23:00:00Z,1.9705,1.991,1.953,1.981,92728,-43574,49154,68711,-112117,-43406,13786,-19534,-5748,NaN,NaN,NaN,NaN,199011,92728,-43574,49154,68711,-112117,-43406,13786,-19534,-5748
2016-01-20T23:00:00Z,1.98,2.0015,1.9575,1.993,92728,-43574,49154,68711,-112117,-43406,13786,-19534,-5748,NaN,NaN,NaN,NaN,199011,92728,-43574,49154,68711,-112117,-43406,13786,-19534,-5748
2016-01-21T23:00:00Z,1.995,2.023,1.9885,2.003,92728,-43574,49154,68711,-112117,-43406,13786,-19534,-5748,NaN,NaN,NaN,NaN,199011,92728,-43574,49154,68711,-112117,-43406,13786,-19534,-5748
2016-01-24T23:00:00Z,2.0015,2.015,1.9815,1.9925,92728,-43574,49154,68711,-112117,-43406,13786,-19534,-5748,NaN,NaN,NaN,NaN,199011,92728,-43574,49154,68711,-112117,-43406,13786,-19534,-5748
2016-01-25T23:00:00Z,1.993,2.0495,1.981,2.037,94258,-50133,44125,64968,-101795,-36827,12697,-19995,-7298,NaN,NaN,NaN,NaN,202900,94258,-50133,44125,64968,-101795,-36827,12697,-19995,-7298
2016-01-26T23:00:00Z,2.038,2.0755,2.031,2.0595,94258,-50133,44125,64968,-101795,-36827,12697,-19995,-7298,NaN,NaN,NaN,NaN,202900,94258,-50133,44125,64968,-101795,-36827,12697,-19995,-7298
2016-01-27T23:00:00Z,2.06,2.0675,2.037,2.054,94258,-50133,44125,64968,-101795,-36827,12697,-19995,-7298,NaN,NaN,NaN,NaN,202900,94258,-50133,44125,64968,-101795,-36827,12697,-19995,-7298
2016-01-28T23:00:00Z,2.052,2.0695,2.0455,2.061,94258,-50133,44125,64968,-101795,-36827,12697,-19995,-7298,NaN,NaN,NaN,NaN,202900,94258,-50133,44125,64968,-101795,-36827,12697,-19995,-7298
2016-01-31T23:00:00Z,2.062,2.066,2.0285,2.0605,94258,-50133,44125,64968,-101795,-36827,12697,-19995,-7298,NaN,NaN,NaN,NaN,202900,94258,-50133,44125,64968,-101795,-36827,12697,-19995,-7298
2016-02-01T23:00:00Z,2.0635,2.0875,2.0405,2.046,90906,-48979,41927,63562,-99073,-35511,13012,-19428,-6416,NaN,NaN,NaN,NaN,201682,90906,-48979,41927,63562,-99073,-35511,13012,-19428,-6416
2016-02-02T23:00:00Z,2.048,2.1025,2.0375,2.0995,90906,-48979,41927,63562,-99073,-35511,13012,-19428,-6416,NaN,NaN,NaN,NaN,201682,90906,-48979,41927,63562,-99073,-35511,13012,-19428,-6416
2016-02-03T23:00:00Z,2.1,2.138,2.0955,2.121,90906,-48979,41927,63562,-99073,-35511,13012,-19428,-6416,NaN,NaN,NaN,NaN,201682,90906,-48979,41927,63562,-99073,-35511,13012,-19428,-6416
2016-02-04T23:00:00Z,2.1205,2.1275,2.08,2.0895,90906,-48979,41927,63562,-99073,-35511,13012,-19428,-6416,NaN,NaN,NaN,NaN,201682,90906,-48979,41927,63562,-99073,-35511,13012,-19428,-6416
2016-02-07T23:00:00Z,2.093,2.1065,2.071,2.0935,90906,-48979,41927,63562,-99073,-35511,13012,-19428,-6416,NaN,NaN,NaN,NaN,201682,90906,-48979,41927,63562,-99073,-35511,13012,-19428,-6416
2016-02-08T23:00:00Z,2.091,2.104,2.013,2.0395,82362,-51598,30764,63452,-90280,-26828,13948,-17884,-3936,NaN,NaN,NaN,NaN,189518,82362,-51598,30764,63452,-90280,-26828,13948,-17884,-3936
2016-02-09T23:00:00Z,2.041,2.043,1.999,2.0165,82362,-51598,30764,63452,-90280,-26828,13948,-17884,-3936,NaN,NaN,NaN,NaN,189518,82362,-51598,30764,63452,-90280,-26828,13948,-17884,-3936
2016-02-10T23:00:00Z,2.0185,2.0305,1.9985,2.0125,82362,-51598,30764,63452,-90280,-26828,13948,-17884,-3936,NaN,NaN,NaN,NaN,189518,82362,-51598,30764,63452,-90280,-26828,13948,-17884,-3936
2016-02-11T23:00:00Z,2.0135,2.044,2.0065,2.0335,82362,-51598,30764,63452,-90280,-26828,13948,-17884,-3936,NaN,NaN,NaN,NaN,189518,82362,-51598,30764,63452,-90280,-26828,13948,-17884,-3936
2016-02-14T23:00:00Z,2.0395,2.085,2.0375,2.0485,84081,-55020,29061,60041,-87379,-27338,14737,-16460,-1723,NaN,NaN,NaN,NaN,191131,84081,-55020,29061,60041,-87379,-27338,14737,-16460,-1723
2016-02-16T23:00:00Z,2.0495,2.081,2.041,2.073,84081,-55020,29061,60041,-87379,-27338,14737,-16460,-1723,NaN,NaN,NaN,NaN,191131,84081,-55020,29061,60041,-87379,-27338,14737,-16460,-1723
2016-02-17T23:00:00Z,2.0745,2.0785,2.053,2.071,84081,-55020,29061,60041,-87379,-27338,14737,-16460,-1723,NaN,NaN,NaN,NaN,191131,84081,-55020,29061,60041,-87379,-27338,14737,-16460,-1723
2016-02-18T23:00:00Z,2.0735,2.0945,2.06,2.08,84081,-55020,29061,60041,-87379,-27338,14737,-16460,-1723,NaN,NaN,NaN,NaN,191131,84081,-55020,29061,60041,-87379,-27338,14737,-16460,-1723
2016-02-21T23:00:00Z,2.0775,2.129,2.077,2.116,84081,-55020,29061,60041,-87379,-27338,14737,-16460,-1723,NaN,NaN,NaN,NaN,191131,84081,-55020,29061,60041,-87379,-27338,14737,-16460,-1723
2016-02-22T23:00:00Z,2.116,2.12,2.0895,2.1,77038,-51058,25980,57954,-80901,-22947,13956,-16989,-3033,NaN,NaN,NaN,NaN,173541,77038,-51058,25980,57954,-80901,-22947,13956,-16989,-3033
2016-02-23T23:00:00Z,2.1005,2.1185,2.0645,2.118,77038,-51058,25980,57954,-80901,-22947,13956,-16989,-3033,NaN,NaN,NaN,NaN,173541,77038,-51058,25980,57954,-80901,-22947,13956,-16989,-3033
2016-02-24T23:00:00Z,2.1165,2.1185,2.0605,2.0785,77038,-51058,25980,57954,-80901,-22947,13956,-16989,-3033,NaN,NaN,NaN,NaN,173541,77038,-51058,25980,57954,-80901,-22947,13956,-16989,-3033
2016-02-25T23:00:00Z,2.086,2.164,2.082,2.1205,77038,-51058,25980,57954,-80901,-22947,13956,-16989,-3033,NaN,NaN,NaN,NaN,173541,77038,-51058,25980,57954,-80901,-22947,13956,-16989,-3033
2016-02-28T23:00:00Z,2.1245,2.134,2.099,2.1295,77038,-51058,25980,57954,-80901,-22947,13956,-16989,-3033,NaN,NaN,NaN,NaN,173541,77038,-51058,25980,57954,-80901,-22947,13956,-16989,-3033
2016-02-29T23:00:00Z,2.129,2.148,2.0955,2.143,73508,-47245,26263,55749,-80365,-24616,14280,-15927,-1647,NaN,NaN,NaN,NaN,160010,73508,-47245,26263,55749,-80365,-24616,14280,-15927,-1647
2016-03-01T23:00:00Z,2.142,2.2,2.1355,2.188,73508,-47245,26263,55749,-80365,-24616,14280,-15927,-1647,NaN,NaN,NaN,NaN,160010,73508,-47245,26263,55749,-80365,-24616,14280,-15927,-1647
2016-03-02T23:00:00Z,2.191,2.22,2.1705,2.21,73508,-47245,26263,55749,-80365,-24616,14280,-15927,-1647,NaN,NaN,NaN,NaN,160010,73508,-47245,26263,55749,-80365,-24616,14280,-15927,-1647
2016-03-03T23:00:00Z,2.2105,2.304,2.208,2.26,73508,-47245,26263,55749,-80365,-24616,14280,-15927,-1647,NaN,NaN,NaN,NaN,160010,73508,-47245,26263,55749,-80365,-24616,14280,-15927,-1647
2016-03-06T23:00:00Z,2.276,2.2925,2.245,2.274,73508,-47245,26263,55749,-80365,-24616,14280,-15927,-1647,NaN,NaN,NaN,NaN,160010,73508,-47245,26263,55749,-80365,-24616,14280,-15927,-1647
2016-03-07T23:00:00Z,2.274,2.2765,2.2035,2.2145,70111,-66455,3656,63178,-66056,-2878,14821,-15599,-778,NaN,NaN,NaN,NaN,165888,70111,-66455,3656,63178,-66056,-2878,14821,-15599,-778
2016-03-08T23:00:00Z,2.22,2.253,2.2045,2.234,70111,-66455,3656,63178,-66056,-2878,14821,-15599,-778,NaN,NaN,NaN,NaN,165888,70111,-66455,3656,63178,-66056,-2878,14821,-15599,-778
2016-03-09T23:00:00Z,2.234,2.242,2.207,2.225,70111,-66455,3656,63178,-66056,-2878,14821,-15599,-778,NaN,NaN,NaN,NaN,165888,70111,-66455,3656,63178,-66056,-2878,14821,-15599,-778
2016-03-10T23:00:00Z,2.226,2.2565,2.2175,2.236,70111,-66455,3656,63178,-66056,-2878,14821,-15599,-778,NaN,NaN,NaN,NaN,165888,70111,-66455,3656,63178,-66056,-2878,14821,-15599,-778
2016-03-13T22:00:00Z,2.2385,2.2775,2.227,2.2395,70111,-66455,3656,63178,-66056,-2878,14821,-15599,-778,NaN,NaN,NaN,NaN,165888,70111,-66455,3656,63178,-66056,-2878,14821,-15599,-778
2016-03-14T22:00:00Z,2.2415,2.245,2.207,2.2365,72119,-71009,1110,63343,-63890,-547,15278,-15841,-563,NaN,NaN,NaN,NaN,175443,72119,-71009,1110,63343,-63890,-547,15278,-15841,-563
2016-03-15T22:00:00Z,2.238,2.268,2.223,2.254,72119,-71009,1110,63343,-63890,-547,15278,-15841,-563,NaN,NaN,NaN,NaN,175443,72119,-71009,1110,63343,-63890,-547,15278,-15841,-563
2016-03-16T22:00:00Z,2.2535,2.2975,2.252,2.2885,72119,-71009,1110,63343,-63890,-547,15278,-15841,-563,NaN,NaN,NaN,NaN,175443,72119,-71009,1110,63343,-63890,-547,15278,-15841,-563
2016-03-17T22:00:00Z,2.29,2.3235,2.276,2.286,72119,-71009,1110,63343,-63890,-547,15278,-15841,-563,NaN,NaN,NaN,NaN,175443,72119,-71009,1110,63343,-63890,-547,15278,-15841,-563
2016-03-20T22:00:00Z,2.292,2.302,2.27,2.287,72119,-71009,1110,63343,-63890,-547,15278,-15841,-563,NaN,NaN,NaN,NaN,175443,72119,-71009,1110,63343,-63890,-547,15278,-15841,-563
2016-03-21T22:00:00Z,2.29,2.2945,2.272,2.2915,72166,-73203,-1037,62514,-61596,918,14844,-14725,119,NaN,NaN,NaN,NaN,178177,72166,-73203,-1037,62514,-61596,918,14844,-14725,119
2016-03-22T22:00:00Z,2.288,2.2965,2.2305,2.2385,72166,-73203,-1037,62514,-61596,918,14844,-14725,119,NaN,NaN,NaN,NaN,178177,72166,-73203,-1037,62514,-61596,918,14844,-14725,119
2016-03-23T22:00:00Z,2.2395,2.2435,2.2055,2.238,72166,-73203,-1037,62514,-61596,918,14844,-14725,119,NaN,NaN,NaN,NaN,178177,72166,-73203,-1037,62514,-61596,918,14844,-14725,119
2016-03-27T22:00:00Z,2.2365,2.2555,2.2215,2.2435,72166,-73203,-1037,62514,-61596,918,14844,-14725,119,NaN,NaN,NaN,NaN,178177,72166,-73203,-1037,62514,-61596,918,14844,-14725,119
2016-03-28T22:00:00Z,2.242,2.248,2.197,2.2125,76022,-72557,3465,67603,-72029,-4426,15262,-14301,961,NaN,NaN,NaN,NaN,186775,76022,-72557,3465,67603,-72029,-4426,15262,-14301,961
2016-03-29T22:00:00Z,2.2115,2.221,2.1815,2.1875,76022,-72557,3465,67603,-72029,-4426,15262,-14301,961,NaN,NaN,NaN,NaN,186775,76022,-72557,3465,67603,-72029,-4426,15262,-14301,961
2016-03-30T22:00:00Z,2.1895,2.201,2.166,2.183,76022,-72557,3465,67603,-72029,-4426,15262,-14301,961,NaN,NaN,NaN,NaN,186775,76022,-72557,3465,67603,-72029,-4426,15262,-14301,961
2016-03-31T22:00:00Z,2.185,2.204,2.1585,2.169,76022,-72557,3465,67603,-72029,-4426,15262,-14301,961,NaN,NaN,NaN,NaN,186775,76022,-72557,3465,67603,-72029,-4426,15262,-14301,961
2016-04-03T22:00:00Z,2.165,2.173,2.1365,2.1415,76022,-72557,3465,67603,-72029,-4426,15262,-14301,961,NaN,NaN,NaN,NaN,186775,76022,-72557,3465,67603,-72029,-4426,15262,-14301,961
2016-04-04T22:00:00Z,2.145,2.1605,2.1315,2.143,76425,-66055,10370,67537,-77622,-10085,16796,-17081,-285,NaN,NaN,NaN,NaN,192906,76425,-66055,10370,67537,-77622,-10085,16796,-17081,-285
2016-04-05T22:00:00Z,2.143,2.151,2.1305,2.1425,76425,-66055,10370,67537,-77622,-10085,16796,-17081,-285,NaN,NaN,NaN,NaN,192906,76425,-66055,10370,67537,-77622,-10085,16796,-17081,-285
2016-04-06T22:00:00Z,2.14,2.1535,2.067,2.079,76425,-66055,10370,67537,-77622,-10085,16796,-17081,-285,NaN,NaN,NaN,NaN,192906,76425,-66055,10370,67537,-77622,-10085,16796,-17081,-285
2016-04-07T22:00:00Z,2.076,2.0965,2.071,2.086,76425,-66055,10370,67537,-77622,-10085,16796,-17081,-285,NaN,NaN,NaN,NaN,192906,76425,-66055,10370,67537,-77622,-10085,16796,-17081,-285
2016-04-10T22:00:00Z,2.0845,2.105,2.0735,2.082,76425,-66055,10370,67537,-77622,-10085,16796,-17081,-285,NaN,NaN,NaN,NaN,192906,76425,-66055,10370,67537,-77622,-10085,16796,-17081,-285
2016-04-11T22:00:00Z,2.0835,2.1565,2.0735,2.15,84007,-59754,24253,68479,-90800,-22321,15373,-17305,-1932,NaN,NaN,NaN,NaN,201236,84007,-59754,24253,68479,-90800,-22321,15373,-17305,-1932
2016-04-12T22:00:00Z,2.151,2.18,2.144,2.1715,84007,-59754,24253,68479,-90800,-22321,15373,-17305,-1932,NaN,NaN,NaN,NaN,201236,84007,-59754,24253,68479,-90800,-22321,15373,-17305,-1932
2016-04-13T22:00:00Z,2.171,2.177,2.1405,2.168,84007,-59754,24253,68479,-90800,-22321,15373,-17305,-1932,NaN,NaN,NaN,NaN,201236,84007,-59754,24253,68479,-90800,-22321,15373,-17305,-1932
2016-04-14T22:00:00Z,2.166,2.1725,2.1355,2.154,84007,-59754,24253,68479,-90800,-22321,15373,-17305,-1932,NaN,NaN,NaN,NaN,201236,84007,-59754,24253,68479,-90800,-22321,15373,-17305,-1932
2016-04-17T22:00:00Z,2.1435,2.1745,2.128,2.164,84007,-59754,24253,68479,-90800,-22321,15373,-17305,-1932,NaN,NaN,NaN,NaN,201236,84007,-59754,24253,68479,-90800,-22321,15373,-17305,-1932
2016-04-18T22:00:00Z,2.1645,2.228,2.1425,2.2255,86690,-61270,25420,66318,-90834,-24516,16759,-17663,-904,NaN,NaN,NaN,NaN,201891,86690,-61270,25420,66318,-90834,-24516,16759,-17663,-904
2016-04-19T22:00:00Z,2.225,2.242,2.1935,2.235,86690,-61270,25420,66318,-90834,-24516,16759,-17663,-904,NaN,NaN,NaN,NaN,201891,86690,-61270,25420,66318,-90834,-24516,16759,-17663,-904
2016-04-20T22:00:00Z,2.233,2.2835,2.2185,2.2515,86690,-61270,25420,66318,-90834,-24516,16759,-17663,-904,NaN,NaN,NaN,NaN,201891,86690,-61270,25420,66318,-90834,-24516,16759,-17663,-904
2016-04-21T22:00:00Z,2.2535,2.302,2.235,2.265,86690,-61270,25420,66318,-90834,-24516,16759,-17663,-904,NaN,NaN,NaN,NaN,201891,86690,-61270,25420,66318,-90834,-24516,16759,-17663,-904
2016-04-24T22:00:00Z,2.2655,2.2725,2.2445,2.252,86690,-61270,25420,66318,-90834,-24516,16759,-17663,-904,NaN,NaN,NaN,NaN,201891,86690,-61270,25420,66318,-90834,-24516,16759,-17663,-904
2016-04-25T22:00:00Z,2.2505,2.2625,2.2225,2.25,74069,-63893,10176,65274,-73350,-8076,14555,-16655,-2100,NaN,NaN,NaN,NaN,172378,74069,-63893,10176,65274,-73350,-8076,14555,-16655,-2100
2016-04-26T22:00:00Z,2.248,2.2505,2.194,2.225,74069,-63893,10176,65274,-73350,-8076,14555,-16655,-2100,NaN,NaN,NaN,NaN,172378,74069,-63893,10176,65274,-73350,-8076,14555,-16655,-2100
2016-04-27T22:00:00Z,2.2315,2.241,2.208,2.229,74069,-63893,10176,65274,-73350,-8076,14555,-16655,-2100,NaN,NaN,NaN,NaN,172378,74069,-63893,10176,65274,-73350,-8076,14555,-16655,-2100
2016-04-28T22:00:00Z,2.2275,2.2985,2.225,2.282,74069,-63893,10176,65274,-73350,-8076,14555,-16655,-2100,NaN,NaN,NaN,NaN,172378,74069,-63893,10176,65274,-73350,-8076,14555,-16655,-2100
2016-05-01T22:00:00Z,2.287,2.294,2.2565,2.2655,74069,-63893,10176,65274,-73350,-8076,14555,-16655,-2100,NaN,NaN,NaN,NaN,172378,74069,-63893,10176,65274,-73350,-8076,14555,-16655,-2100
2016-05-02T22:00:00Z,2.265,2.2695,2.211,2.2175,75186,-66922,8264,65651,-73111,-7460,14663,-15467,-804,NaN,NaN,NaN,NaN,176458,75186,-66922,8264,65651,-73111,-7460,14663,-15467,-804
2016-05-03T22:00:00Z,2.217,2.222,2.1795,2.183,75186,-66922,8264,65651,-73111,-7460,14663,-15467,-804,NaN,NaN,NaN,NaN,176458,75186,-66922,8264,65651,-73111,-7460,14663,-15467,-804
2016-05-04T22:00:00Z,2.182,2.1905,2.143,2.1445,75186,-66922,8264,65651,-73111,-7460,14663,-15467,-804,NaN,NaN,NaN,NaN,176458,75186,-66922,8264,65651,-73111,-7460,14663,-15467,-804
2016-05-05T22:00:00Z,2.144,2.17,2.1355,2.152,75186,-66922,8264,65651,-73111,-7460,14663,-15467,-804,NaN,NaN,NaN,NaN,176458,75186,-66922,8264,65651,-73111,-7460,14663,-15467,-804
2016-05-08T22:00:00Z,2.15,2.1555,2.1005,2.1025,75186,-66922,8264,65651,-73111,-7460,14663,-15467,-804,NaN,NaN,NaN,NaN,176458,75186,-66922,8264,65651,-73111,-7460,14663,-15467,-804
2016-05-09T22:00:00Z,2.1005,2.12,2.0905,2.0965,81612,-59207,22405,71365,-94191,-22826,16181,-15760,421,NaN,NaN,NaN,NaN,184768,81612,-59207,22405,71365,-94191,-22826,16181,-15760,421
2016-05-10T22:00:00Z,2.0985,2.132,2.0935,2.098,81612,-59207,22405,71365,-94191,-22826,16181,-15760,421,NaN,NaN,NaN,NaN,184768,81612,-59207,22405,71365,-94191,-22826,16181,-15760,421
2016-05-11T22:00:00Z,2.097,2.139,2.059,2.075,81612,-59207,22405,71365,-94191,-22826,16181,-15760,421,NaN,NaN,NaN,NaN,184768,81612,-59207,22405,71365,-94191,-22826,16181,-15760,421
2016-05-12T22:00:00Z,2.076,2.088,2.0625,2.078,81612,-59207,22405,71365,-94191,-22826,16181,-15760,421,NaN,NaN,NaN,NaN,184768,81612,-59207,22405,71365,-94191,-22826,16181,-15760,421
2016-05-15T22:00:00Z,2.074,2.1065,2.0625,2.0915,81612,-59207,22405,71365,-94191,-22826,16181,-15760,421,NaN,NaN,NaN,NaN,184768,81612,-59207,22405,71365,-94191,-22826,16181,-15760,421
2016-05-16T22:00:00Z,2.09,2.1115,2.069,2.09,88280,-58337,29943,79184,-109830,-30646,16480,-15777,703,NaN,NaN,NaN,NaN,203157,88280,-58337,29943,79184,-109830,-30646,16480,-15777,703
2016-05-17T22:00:00Z,2.089,2.097,2.048,2.0645,88280,-58337,29943,79184,-109830,-30646,16480,-15777,703,NaN,NaN,NaN,NaN,203157,88280,-58337,29943,79184,-109830,-30646,16480,-15777,703
2016-05-18T22:00:00Z,2.0615,2.0705,2.038,2.0655,88280,-58337,29943,79184,-109830,-30646,16480,-15777,703,NaN,NaN,NaN,NaN,203157,88280,-58337,29943,79184,-109830,-30646,16480,-15777,703
2016-05-19T22:00:00Z,2.0635,2.086,2.0515,2.0565,88280,-58337,29943,79184,-109830,-30646,16480,-15777,703,NaN,NaN,NaN,NaN,203157,88280,-58337,29943,79184,-109830,-30646,16480,-15777,703
2016-05-22T22:00:00Z,2.0535,2.064,2.0435,2.054,88280,-58337,29943,79184,-109830,-30646,16480,-15777,703,NaN,NaN,NaN,NaN,203157,88280,-58337,29943,79184,-109830,-30646,16480,-15777,703
2016-05-23T22:00:00Z,2.0495,2.0895,2.049,2.0665,101182,-59397,41785,72160,-113213,-41053,15127,-15859,-732,NaN,NaN,NaN,NaN,210264,101182,-59397,41785,72160,-113213,-41053,15127,-15859,-732
2016-05-24T22:00:00Z,2.0655,2.109,2.065,2.102,101182,-59397,41785,72160,-113213,-41053,15127,-15859,-732,NaN,NaN,NaN,NaN,210264,101182,-59397,41785,72160,-113213,-41053,15127,-15859,-732
2016-05-25T22:00:00Z,2.102,2.125,2.0965,2.0995,101182,-59397,41785,72160,-113213,-41053,15127,-15859,-732,NaN,NaN,NaN,NaN,210264,101182,-59397,41785,72160,-113213,-41053,15127,-15859,-732
2016-05-26T22:00:00Z,2.1,2.13,2.0905,2.111,101182,-59397,41785,72160,-113213,-41053,15127,-15859,-732,NaN,NaN,NaN,NaN,210264,101182,-59397,41785,72160,-113213,-41053,15127,-15859,-732
2016-05-29T22:00:00Z,2.1105,2.116,2.075,2.0845,102473,-61117,41356,71316,-110143,-38827,13945,-16474,-2529,NaN,NaN,NaN,NaN,217128,102473,-61117,41356,71316,-110143,-38827,13945,-16474,-2529
2016-05-31T22:00:00Z,2.087,2.0895,2.0515,2.073,102473,-61117,41356,71316,-110143,-38827,13945,-16474,-2529,NaN,NaN,NaN,NaN,217128,102473,-61117,41356,71316,-110143,-38827,13945,-16474,-2529
2016-06-01T22:00:00Z,2.071,2.078,2.058,2.067,102473,-61117,41356,71316,-110143,-38827,13945,-16474,-2529,NaN,NaN,NaN,NaN,217128,102473,-61117,41356,71316,-110143,-38827,13945,-16474,-2529
2016-06-02T22:00:00Z,2.066,2.1355,2.065,2.12,102473,-61117,41356,71316,-110143,-38827,13945,-16474,-2529,NaN,NaN,NaN,NaN,217128,102473,-61117,41356,71316,-110143,-38827,13945,-16474,-2529
2016-06-05T22:00:00Z,2.12,2.145,2.1125,2.117,102473,-61117,41356,71316,-110143,-38827,13945,-16474,-2529,NaN,NaN,NaN,NaN,217128,102473,-61117,41356,71316,-110143,-38827,13945,-16474,-2529
2016-06-06T22:00:00Z,2.1185,2.125,2.045,2.0525,101886,-65651,36235,72543,-111837,-39294,19407,-16348,3059,NaN,NaN,NaN,NaN,227927,101886,-65651,36235,72543,-111837,-39294,19407,-16348,3059
2016-06-07T22:00:00Z,2.056,2.0815,2.051,2.065,101886,-65651,36235,72543,-111837,-39294,19407,-16348,3059,NaN,NaN,NaN,NaN,227927,101886,-65651,36235,72543,-111837,-39294,19407,-16348,3059
2016-06-08T22:00:00Z,2.065,2.0855,2.013,2.041,101886,-65651,36235,72543,-111837,-39294,19407,-16348,3059,NaN,NaN,NaN,NaN,227927,101886,-65651,36235,72543,-111837,-39294,19407,-16348,3059
2016-06-09T22:00:00Z,2.0405,2.0455,2.0175,2.0265,101886,-65651,36235,72543,-111837,-39294,19407,-16348,3059,NaN,NaN,NaN,NaN,227927,101886,-65651,36235,72543,-111837,-39294,19407,-16348,3059
2016-06-12T22:00:00Z,2.0325,2.066,2.021,2.052,101886,-65651,36235,72543,-111837,-39294,19407,-16348,3059,NaN,NaN,NaN,NaN,227927,101886,-65651,36235,72543,-111837,-39294,19407,-16348,3059
2016-06-13T22:00:00Z,2.0535,2.059,2.032,2.043,108111,-62804,45307,71360,-116171,-44811,17483,-17979,-496,NaN,NaN,NaN,NaN,239071,108111,-62804,45307,71360,-116171,-44811,17483,-17979,-496
2016-06-14T22:00:00Z,2.0425,2.119,2.0385,2.0905,108111,-62804,45307,71360,-116171,-44811,17483,-17979,-496,NaN,NaN,NaN,NaN,239071,108111,-62804,45307,71360,-116171,-44811,17483,-17979,-496
2016-06-15T22:00:00Z,2.092,2.093,2.0355,2.053,108111,-62804,45307,71360,-116171,-44811,17483,-17979,-496,NaN,NaN,NaN,NaN,239071,108111,-62804,45307,71360,-116171,-44811,17483,-17979,-496
2016-06-16T22:00:00Z,2.0515,2.0735,2.0455,2.0535,108111,-62804,45307,71360,-116171,-44811,17483,-17979,-496,NaN,NaN,NaN,NaN,239071,108111,-62804,45307,71360,-116171,-44811,17483,-17979,-496
2016-06-19T22:00:00Z,2.054,2.0995,2.052,2.0875,108111,-62804,45307,71360,-116171,-44811,17483,-17979,-496,NaN,NaN,NaN,NaN,239071,108111,-62804,45307,71360,-116171,-44811,17483,-17979,-496
2016-06-20T22:00:00Z,2.092,2.1305,2.071,2.126,95785,-61300,34485,63839,-96765,-32926,16008,-17567,-1559,NaN,NaN,NaN,NaN,215529,95785,-61300,34485,63839,-96765,-32926,16008,-17567,-1559
2016-06-21T22:00:00Z,2.1265,2.1445,2.1065,2.1355,95785,-61300,34485,63839,-96765,-32926,16008,-17567,-1559,NaN,NaN,NaN,NaN,215529,95785,-61300,34485,63839,-96765,-32926,16008,-17567,-1559
2016-06-22T22:00:00Z,2.14,2.17,2.1255,2.163,95785,-61300,34485,63839,-96765,-32926,16008,-17567,-1559,NaN,NaN,NaN,NaN,215529,95785,-61300,34485,63839,-96765,-32926,16008,-17567,-1559
2016-06-23T22:00:00Z,2.167,2.1755,2.066,2.1135,95785,-61300,34485,63839,-96765,-32926,16008,-17567,-1559,NaN,NaN,NaN,NaN,215529,95785,-61300,34485,63839,-96765,-32926,16008,-17567,-1559
2016-06-26T22:00:00Z,2.112,2.139,2.0995,2.1275,95785,-61300,34485,63839,-96765,-32926,16008,-17567,-1559,NaN,NaN,NaN,NaN,215529,95785,-61300,34485,63839,-96765,-32926,16008,-17567,-1559
2016-06-27T22:00:00Z,2.1295,2.1835,2.1185,2.176,83357,-60873,22484,53692,-73506,-19814,12651,-15321,-2670,NaN,NaN,NaN,NaN,167927,83357,-60873,22484,53692,-73506,-19814,12651,-15321,-2670
2016-06-28T22:00:00Z,2.1835,2.197,2.1615,2.1945,83357,-60873,22484,53692,-73506,-19814,12651,-15321,-2670,NaN,NaN,NaN,NaN,167927,83357,-60873,22484,53692,-73506,-19814,12651,-15321,-2670
2016-06-29T22:00:00Z,2.194,2.206,2.1735,2.2,83357,-60873,22484,53692,-73506,-19814,12651,-15321,-2670,NaN,NaN,NaN,NaN,167927,83357,-60873,22484,53692,-73506,-19814,12651,-15321,-2670
2016-06-30T22:00:00Z,2.2015,2.2375,2.1635,2.2215,83357,-60873,22484,53692,-73506,-19814,12651,-15321,-2670,NaN,NaN,NaN,NaN,167927,83357,-60873,22484,53692,-73506,-19814,12651,-15321,-2670
2016-07-03T22:00:00Z,2.23,2.248,2.162,2.184,83339,-61420,21919,50675,-70144,-19469,13650,-16100,-2450,NaN,NaN,NaN,NaN,164665,83339,-61420,21919,50675,-70144,-19469,13650,-16100,-2450
2016-07-05T22:00:00Z,2.184,2.19,2.133,2.155,83339,-61420,21919,50675,-70144,-19469,13650,-16100,-2450,NaN,NaN,NaN,NaN,164665,83339,-61420,21919,50675,-70144,-19469,13650,-16100,-2450
2016-07-06T22:00:00Z,2.1545,2.1625,2.117,2.122,83339,-61420,21919,50675,-70144,-19469,13650,-16100,-2450,NaN,NaN,NaN,NaN,164665,83339,-61420,21919,50675,-70144,-19469,13650,-16100,-2450
2016-07-07T22:00:00Z,2.121,2.142,2.1165,2.124,83339,-61420,21919,50675,-70144,-19469,13650,-16100,-2450,NaN,NaN,NaN,NaN,164665,83339,-61420,21919,50675,-70144,-19469,13650,-16100,-2450
2016-07-10T22:00:00Z,2.125,2.1675,2.1215,2.147,83339,-61420,21919,50675,-70144,-19469,13650,-16100,-2450,NaN,NaN,NaN,NaN,164665,83339,-61420,21919,50675,-70144,-19469,13650,-16100,-2450
2016-07-11T22:00:00Z,2.147,2.225,2.1445,2.2145,81522,-65891,15631,54430,-68660,-14230,14479,-15880,-1401,NaN,NaN,NaN,NaN,166225,81522,-65891,15631,54430,-68660,-14230,14479,-15880,-1401
2016-07-12T22:00:00Z,2.2145,2.2775,2.2065,2.2365,81522,-65891,15631,54430,-68660,-14230,14479,-15880,-1401,NaN,NaN,NaN,NaN,166225,81522,-65891,15631,54430,-68660,-14230,14479,-15880,-1401
2016-07-13T22:00:00Z,2.239,2.257,2.227,2.2405,81522,-65891,15631,54430,-68660,-14230,14479,-15880,-1401,NaN,NaN,NaN,NaN,166225,81522,-65891,15631,54430,-68660,-14230,14479,-15880,-1401
2016-07-14T22:00:00Z,2.238,2.2715,2.2305,2.233,81522,-65891,15631,54430,-68660,-14230,14479,-15880,-1401,NaN,NaN,NaN,NaN,166225,81522,-65891,15631,54430,-68660,-14230,14479,-15880,-1401
2016-07-17T22:00:00Z,2.22,2.2465,2.203,2.245,81522,-65891,15631,54430,-68660,-14230,14479,-15880,-1401,NaN,NaN,NaN,NaN,166225,81522,-65891,15631,54430,-68660,-14230,14479,-15880,-1401
2016-07-18T22:00:00Z,2.241,2.2665,2.2235,2.2575,79046,-79937,-891,66010,-63646,2364,15069,-16542,-1473,NaN,NaN,NaN,NaN,178364,79046,-79937,-891,66010,-63646,2364,15069,-16542,-1473
2016-07-19T22:00:00Z,2.259,2.2685,2.221,2.244,79046,-79937,-891,66010,-63646,2364,15069,-16542,-1473,NaN,NaN,NaN,NaN,178364,79046,-79937,-891,66010,-63646,2364,15069,-16542,-1473
2016-07-20T22:00:00Z,2.245,2.273,2.245,2.2595,79046,-79937,-891,66010,-63646,2364,15069,-16542,-1473,NaN,NaN,NaN,NaN,178364,79046,-79937,-891,66010,-63646,2364,15069,-16542,-1473
2016-07-21T22:00:00Z,2.2685,2.2705,2.2255,2.236,79046,-79937,-891,66010,-63646,2364,15069,-16542,-1473,NaN,NaN,NaN,NaN,178364,79046,-79937,-891,66010,-63646,2364,15069,-16542,-1473
2016-07-24T22:00:00Z,2.2355,2.246,2.207,2.2275,79046,-79937,-891,66010,-63646,2364,15069,-16542,-1473,NaN,NaN,NaN,NaN,178364,79046,-79937,-891,66010,-63646,2364,15069,-16542,-1473
2016-07-25T22:00:00Z,2.226,2.2315,2.199,2.223,80625,-84320,-3695,69284,-64466,4818,14917,-16040,-1123,NaN,NaN,NaN,NaN,187184,80625,-84320,-3695,69284,-64466,4818,14917,-16040,-1123
2016-07-26T22:00:00Z,2.224,2.2345,2.1815,2.1915,80625,-84320,-3695,69284,-64466,4818,14917,-16040,-1123,NaN,NaN,NaN,NaN,187184,80625,-84320,-3695,69284,-64466,4818,14917,-16040,-1123
2016-07-27T22:00:00Z,2.188,2.225,2.187,2.215,80625,-84320,-3695,69284,-64466,4818,14917,-16040,-1123,NaN,NaN,NaN,NaN,187184,80625,-84320,-3695,69284,-64466,4818,14917,-16040,-1123
2016-07-28T22:00:00Z,2.213,2.2395,2.1895,2.2285,80625,-84320,-3695,69284,-64466,4818,14917,-16040,-1123,NaN,NaN,NaN,NaN,187184,80625,-84320,-3695,69284,-64466,4818,14917,-16040,-1123
2016-07-31T22:00:00Z,2.231,2.2475,2.1865,2.1955,80625,-84320,-3695,69284,-64466,4818,14917,-16040,-1123,NaN,NaN,NaN,NaN,187184,80625,-84320,-3695,69284,-64466,4818,14917,-16040,-1123
2016-08-01T22:00:00Z,2.1925,2.2455,2.192,2.2065,82290,-85727,-3437,68768,-66086,2682,16045,-15290,755,NaN,NaN,NaN,NaN,188805,82290,-85727,-3437,68768,-66086,2682,16045,-15290,755
2016-08-02T22:00:00Z,2.2085,2.2145,2.172,2.2,82290,-85727,-3437,68768,-66086,2682,16045,-15290,755,NaN,NaN,NaN,NaN,188805,82290,-85727,-3437,68768,-66086,2682,16045,-15290,755
2016-08-03T22:00:00Z,2.2,2.204,2.1555,2.1745,82290,-85727,-3437,68768,-66086,2682,16045,-15290,755,NaN,NaN,NaN,NaN,188805,82290,-85727,-3437,68768,-66086,2682,16045,-15290,755
2016-08-04T22:00:00Z,2.174,2.1815,2.1505,2.159,82290,-85727,-3437,68768,-66086,2682,16045,-15290,755,NaN,NaN,NaN,NaN,188805,82290,-85727,-3437,68768,-66086,2682,16045,-15290,755
2016-08-07T22:00:00Z,2.156,2.181,2.1535,2.161,82290,-85727,-3437,68768,-66086,2682,16045,-15290,755,NaN,NaN,NaN,NaN,188805,82290,-85727,-3437,68768,-66086,2682,16045,-15290,755
2016-08-08T22:00:00Z,2.1625,2.165,2.14,2.153,81248,-78533,2715,66712,-71890,-5178,17848,-15385,2463,NaN,NaN,NaN,NaN,188297,81248,-78533,2715,66712,-71890,-5178,17848,-15385,2463
2016-08-09T22:00:00Z,2.15,2.205,2.145,2.1735,81248,-78533,2715,66712,-71890,-5178,17848,-15385,2463,NaN,NaN,NaN,NaN,188297,81248,-78533,2715,66712,-71890,-5178,17848,-15385,2463
2016-08-10T22:00:00Z,2.1735,2.193,2.169,2.186,81248,-78533,2715,66712,-71890,-5178,17848,-15385,2463,NaN,NaN,NaN,NaN,188297,81248,-78533,2715,66712,-71890,-5178,17848,-15385,2463
2016-08-11T22:00:00Z,2.185,2.1945,2.1355,2.1365,81248,-78533,2715,66712,-71890,-5178,17848,-15385,2463,NaN,NaN,NaN,NaN,188297,81248,-78533,2715,66712,-71890,-5178,17848,-15385,2463
2016-08-14T22:00:00Z,2.14,2.156,2.133,2.149,81248,-78533,2715,66712,-71890,-5178,17848,-15385,2463,NaN,NaN,NaN,NaN,188297,81248,-78533,2715,66712,-71890,-5178,17848,-15385,2463
2016-08-15T22:00:00Z,2.149,2.1785,2.1435,2.1715,80860,-77040,3820,61208,-66282,-5074,16740,-15486,1254,NaN,NaN,NaN,NaN,180360,80860,-77040,3820,61208,-66282,-5074,16740,-15486,1254
2016-08-16T22:00:00Z,2.172,2.175,2.1465,2.157,80860,-77040,3820,61208,-66282,-5074,16740,-15486,1254,NaN,NaN,NaN,NaN,180360,80860,-77040,3820,61208,-66282,-5074,16740,-15486,1254
2016-08-17T22:00:00Z,2.1555,2.189,2.1555,2.1675,80860,-77040,3820,61208,-66282,-5074,16740,-15486,1254,NaN,NaN,NaN,NaN,180360,80860,-77040,3820,61208,-66282,-5074,16740,-15486,1254
2016-08-18T22:00:00Z,2.165,2.1745,2.158,2.1705,80860,-77040,3820,61208,-66282,-5074,16740,-15486,1254,NaN,NaN,NaN,NaN,180360,80860,-77040,3820,61208,-66282,-5074,16740,-15486,1254
2016-08-21T22:00:00Z,2.172,2.1745,2.127,2.1415,80860,-77040,3820,61208,-66282,-5074,16740,-15486,1254,NaN,NaN,NaN,NaN,180360,80860,-77040,3820,61208,-66282,-5074,16740,-15486,1254
2016-08-22T22:00:00Z,2.143,2.1485,2.1105,2.1145,78581,-76444,2137,70207,-76873,-6666,20138,-15609,4529,NaN,NaN,NaN,NaN,192196,78581,-76444,2137,70207,-76873,-6666,20138,-15609,4529
2016-08-23T22:00:00Z,2.1155,2.121,2.0755,2.0805,78581,-76444,2137,70207,-76873,-6666,20138,-15609,4529,NaN,NaN,NaN,NaN,192196,78581,-76444,2137,70207,-76873,-6666,20138,-15609,4529
2016-08-24T22:00:00Z,2.08,2.091,2.0745,2.0775,78581,-76444,2137,70207,-76873,-6666,20138,-15609,4529,NaN,NaN,NaN,NaN,192196,78581,-76444,2137,70207,-76873,-6666,20138,-15609,4529
2016-08-25T22:00:00Z,2.077,2.0995,2.0705,2.0785,78581,-76444,2137,70207,-76873,-6666,20138,-15609,4529,NaN,NaN,NaN,NaN,192196,78581,-76444,2137,70207,-76873,-6666,20138,-15609,4529
2016-08-28T22:00:00Z,2.0785,2.086,2.072,2.083,78581,-76444,2137,70207,-76873,-6666,20138,-15609,4529,NaN,NaN,NaN,NaN,192196,78581,-76444,2137,70207,-76873,-6666,20138,-15609,4529
2016-08-29T22:00:00Z,2.083,2.092,2.0695,2.0775,83132,-62594,20538,69279,-91152,-21873,17872,-16537,1335,NaN,NaN,NaN,NaN,187028,83132,-62594,20538,69279,-91152,-21873,17872,-16537,1335
2016-08-30T22:00:00Z,2.0765,2.091,2.0745,2.079,83132,-62594,20538,69279,-91152,-21873,17872,-16537,1335,NaN,NaN,NaN,NaN,187028,83132,-62594,20538,69279,-91152,-21873,17872,-16537,1335
2016-08-31T22:00:00Z,2.0795,2.097,2.074,2.0805,83132,-62594,20538,69279,-91152,-21873,17872,-16537,1335,NaN,NaN,NaN,NaN,187028,83132,-62594,20538,69279,-91152,-21873,17872,-16537,1335
2016-09-01T22:00:00Z,2.08,2.0935,2.0745,2.0775,83132,-62594,20538,69279,-91152,-21873,17872,-16537,1335,NaN,NaN,NaN,NaN,187028,83132,-62594,20538,69279,-91152,-21873,17872,-16537,1335
2016-09-04T22:00:00Z,2.0745,2.099,2.072,2.094,88295,-59323,28972,79928,-110153,-30225,18426,-17173,1253,NaN,NaN,NaN,NaN,203453,88295,-59323,28972,79928,-110153,-30225,18426,-17173,1253
2016-09-06T22:00:00Z,2.0915,2.112,2.087,2.099,88295,-59323,28972,79928,-110153,-30225,18426,-17173,1253,NaN,NaN,NaN,NaN,203453,88295,-59323,28972,79928,-110153,-30225,18426,-17173,1253
2016-09-07T22:00:00Z,2.096,2.106,2.0835,2.099,88295,-59323,28972,79928,-110153,-30225,18426,-17173,1253,NaN,NaN,NaN,NaN,203453,88295,-59323,28972,79928,-110153,-30225,18426,-17173,1253
2016-09-08T22:00:00Z,2.1,2.105,2.0855,2.0895,88295,-59323,28972,79928,-110153,-30225,18426,-17173,1253,NaN,NaN,NaN,NaN,203453,88295,-59323,28972,79928,-110153,-30225,18426,-17173,1253
2016-09-11T22:00:00Z,2.092,2.11,2.064,2.107,88295,-59323,28972,79928,-110153,-30225,18426,-17173,1253,NaN,NaN,NaN,NaN,203453,88295,-59323,28972,79928,-110153,-30225,18426,-17173,1253
2016-09-12T22:00:00Z,2.099,2.1185,2.0915,2.103,80099,-55217,24882,88681,-113974,-25293,16587,-16176,411,NaN,NaN,NaN,NaN,203945,80099,-55217,24882,88681,-113974,-25293,16587,-16176,411
2016-09-13T22:00:00Z,2.1,2.1615,2.1,2.152,80099,-55217,24882,88681,-113974,-25293,16587,-16176,411,NaN,NaN,NaN,NaN,203945,80099,-55217,24882,88681,-113974,-25293,16587,-16176,411
2016-09-14T22:00:00Z,2.1545,2.1655,2.145,2.1625,80099,-55217,24882,88681,-113974,-25293,16587,-16176,411,NaN,NaN,NaN,NaN,203945,80099,-55217,24882,88681,-113974,-25293,16587,-16176,411
2016-09-15T22:00:00Z,2.16,2.168,2.1475,2.159,80099,-55217,24882,88681,-113974,-25293,16587,-16176,411,NaN,NaN,NaN,NaN,203945,80099,-55217,24882,88681,-113974,-25293,16587,-16176,411
2016-09-18T22:00:00Z,2.157,2.1595,2.139,2.154,80099,-55217,24882,88681,-113974,-25293,16587,-16176,411,NaN,NaN,NaN,NaN,203945,80099,-55217,24882,88681,-113974,-25293,16587,-16176,411
2016-09-19T22:00:00Z,2.1555,2.1725,2.146,2.1655,74737,-61223,13514,82274,-95425,-13151,16135,-16498,-363,NaN,NaN,NaN,NaN,190574,74737,-61223,13514,82274,-95425,-13151,16135,-16498,-363
2016-09-20T22:00:00Z,2.166,2.1705,2.1505,2.165,74737,-61223,13514,82274,-95425,-13151,16135,-16498,-363,NaN,NaN,NaN,NaN,190574,74737,-61223,13514,82274,-95425,-13151,16135,-16498,-363
2016-09-21T22:00:00Z,2.162,2.201,2.1605,2.189,74737,-61223,13514,82274,-95425,-13151,16135,-16498,-363,NaN,NaN,NaN,NaN,190574,74737,-61223,13514,82274,-95425,-13151,16135,-16498,-363
2016-09-22T22:00:00Z,2.1885,2.2065,2.1855,2.2,74737,-61223,13514,82274,-95425,-13151,16135,-16498,-363,NaN,NaN,NaN,NaN,190574,74737,-61223,13514,82274,-95425,-13151,16135,-16498,-363
2016-09-25T22:00:00Z,2.2025,2.205,2.1815,2.1895,74737,-61223,13514,82274,-95425,-13151,16135,-16498,-363,NaN,NaN,NaN,NaN,190574,74737,-61223,13514,82274,-95425,-13151,16135,-16498,-363
2016-09-26T22:00:00Z,2.192,2.1965,2.161,2.172,72312,-70341,1971,74769,-76859,-2090,16546,-16427,119,NaN,NaN,NaN,NaN,179904,72312,-70341,1971,74769,-76859,-2090,16546,-16427,119
2016-09-27T22:00:00Z,2.1725,2.204,2.1685,2.204,72312,-70341,1971,74769,-76859,-2090,16546,-16427,119,NaN,NaN,NaN,NaN,179904,72312,-70341,1971,74769,-76859,-2090,16546,-16427,119
2016-09-28T22:00:00Z,2.204,2.2055,2.1815,2.1885,72312,-70341,1971,74769,-76859,-2090,16546,-16427,119,NaN,NaN,NaN,NaN,179904,72312,-70341,1971,74769,-76859,-2090,16546,-16427,119
2016-09-29T22:00:00Z,2.191,2.219,2.1805,2.2135,72312,-70341,1971,74769,-76859,-2090,16546,-16427,119,NaN,NaN,NaN,NaN,179904,72312,-70341,1971,74769,-76859,-2090,16546,-16427,119
2016-10-02T22:00:00Z,2.2145,2.216,2.167,2.1915,72312,-70341,1971,74769,-76859,-2090,16546,-16427,119,NaN,NaN,NaN,NaN,179904,72312,-70341,1971,74769,-76859,-2090,16546,-16427,119
2016-10-03T22:00:00Z,2.192,2.196,2.163,2.1695,70272,-71224,-952,77097,-76198,899,15145,-15092,53,NaN,NaN,NaN,NaN,181809,70272,-71224,-952,77097,-76198,899,15145,-15092,53
2016-10-04T22:00:00Z,2.172,2.1815,2.1585,2.1685,70272,-71224,-952,77097,-76198,899,15145,-15092,53,NaN,NaN,NaN,NaN,181809,70272,-71224,-952,77097,-76198,899,15145,-15092,53
2016-10-05T22:00:00Z,2.1685,2.1715,2.1455,2.156,70272,-71224,-952,77097,-76198,899,15145,-15092,53,NaN,NaN,NaN,NaN,181809,70272,-71224,-952,77097,-76198,899,15145,-15092,53
2016-10-06T22:00:00Z,2.1545,2.183,2.1475,2.167,70272,-71224,-952,77097,-76198,899,15145,-15092,53,NaN,NaN,NaN,NaN,181809,70272,-71224,-952,77097,-76198,899,15145,-15092,53
2016-10-09T22:00:00Z,2.1695,2.2025,2.1645,2.194,70272,-71224,-952,77097,-76198,899,15145,-15092,53,NaN,NaN,NaN,NaN,181809,70272,-71224,-952,77097,-76198,899,15145,-15092,53
2016-10-10T22:00:00Z,2.1945,2.1995,2.17,2.1875,69184,-72810,-3626,79132,-74806,4326,15681,-16381,-700,NaN,NaN,NaN,NaN,185814,69184,-72810,-3626,79132,-74806,4326,15681,-16381,-700
2016-10-11T22:00:00Z,2.188,2.194,2.175,2.175,69184,-72810,-3626,79132,-74806,4326,15681,-16381,-700,NaN,NaN,NaN,NaN,185814,69184,-72810,-3626,79132,-74806,4326,15681,-16381,-700
2016-10-12T22:00:00Z,2.176,2.18,2.1165,2.124,69184,-72810,-3626,79132,-74806,4326,15681,-16381,-700,NaN,NaN,NaN,NaN,185814,69184,-72810,-3626,79132,-74806,4326,15681,-16381,-700
2016-10-13T22:00:00Z,2.126,2.132,2.1045,2.1055,69184,-72810,-3626,79132,-74806,4326,15681,-16381,-700,NaN,NaN,NaN,NaN,185814,69184,-72810,-3626,79132,-74806,4326,15681,-16381,-700
2016-10-16T22:00:00Z,2.109,2.12,2.1,2.104,69184,-72810,-3626,79132,-74806,4326,15681,-16381,-700,NaN,NaN,NaN,NaN,185814,69184,-72810,-3626,79132,-74806,4326,15681,-16381,-700
2016-10-17T22:00:00Z,2.1035,2.123,2.0915,2.1,77369,-68856,8513,87535,-98677,-11142,18385,-15756,2629,NaN,NaN,NaN,NaN,207729,77369,-68856,8513,87535,-98677,-11142,18385,-15756,2629
2016-10-18T22:00:00Z,2.1,2.111,2.0875,2.1035,77369,-68856,8513,87535,-98677,-11142,18385,-15756,2629,NaN,NaN,NaN,NaN,207729,77369,-68856,8513,87535,-98677,-11142,18385,-15756,2629
2016-10-19T22:00:00Z,2.1015,2.1115,2.0845,2.095,77369,-68856,8513,87535,-98677,-11142,18385,-15756,2629,NaN,NaN,NaN,NaN,207729,77369,-68856,8513,87535,-98677,-11142,18385,-15756,2629
2016-10-20T22:00:00Z,2.096,2.101,2.086,2.09,77369,-68856,8513,87535,-98677,-11142,18385,-15756,2629,NaN,NaN,NaN,NaN,207729,77369,-68856,8513,87535,-98677,-11142,18385,-15756,2629
2016-10-23T22:00:00Z,2.089,2.1035,2.0855,2.097,77369,-68856,8513,87535,-98677,-11142,18385,-15756,2629,NaN,NaN,NaN,NaN,207729,77369,-68856,8513,87535,-98677,-11142,18385,-15756,2629
2016-10-24T22:00:00Z,2.0965,2.1465,2.0935,2.134,79101,-66345,12756,90935,-104689,-13754,16555,-15557,998,NaN,NaN,NaN,NaN,213569,79101,-66345,12756,90935,-104689,-13754,16555,-15557,998
2016-10-25T22:00:00Z,2.139,2.149,2.1265,2.14,79101,-66345,12756,90935,-104689,-13754,16555,-15557,998,NaN,NaN,NaN,NaN,213569,79101,-66345,12756,90935,-104689,-13754,16555,-15557,998
2016-10-26T22:00:00Z,2.1425,2.167,2.1305,2.164,79101,-66345,12756,90935,-104689,-13754,16555,-15557,998,NaN,NaN,NaN,NaN,213569,79101,-66345,12756,90935,-104689,-13754,16555,-15557,998
2016-10-27T22:00:00Z,2.1655,2.199,2.158,2.1975,79101,-66345,12756,90935,-104689,-13754,16555,-15557,998,NaN,NaN,NaN,NaN,213569,79101,-66345,12756,90935,-104689,-13754,16555,-15557,998
2016-10-30T22:00:00Z,2.2,2.211,2.1815,2.2075,79101,-66345,12756,90935,-104689,-13754,16555,-15557,998,NaN,NaN,NaN,NaN,213569,79101,-66345,12756,90935,-104689,-13754,16555,-15557,998
2016-10-31T22:00:00Z,2.2055,2.233,2.1985,2.233,73188,-79722,-6534,88669,-77371,11298,15902,-20666,-4764,NaN,NaN,NaN,NaN,203042,73188,-79722,-6534,88669,-77371,11298,15902,-20666,-4764
2016-11-01T22:00:00Z,2.234,2.2365,2.2065,2.219,73188,-79722,-6534,88669,-77371,11298,15902,-20666,-4764,NaN,NaN,NaN,NaN,203042,73188,-79722,-6534,88669,-77371,11298,15902,-20666,-4764
2016-11-02T22:00:00Z,2.2205,2.2535,2.218,2.243,73188,-79722,-6534,88669,-77371,11298,15902,-20666,-4764,NaN,NaN,NaN,NaN,203042,73188,-79722,-6534,88669,-77371,11298,15902,-20666,-4764
2016-11-03T22:00:00Z,2.2435,2.2695,2.2355,2.258,73188,-79722,-6534,88669,-77371,11298,15902,-20666,-4764,NaN,NaN,NaN,NaN,203042,73188,-79722,-6534,88669,-77371,11298,15902,-20666,-4764
2016-11-06T23:00:00Z,2.2615,2.317,2.2555,2.3125,73188,-79722,-6534,88669,-77371,11298,15902,-20666,-4764,NaN,NaN,NaN,NaN,203042,73188,-79722,-6534,88669,-77371,11298,15902,-20666,-4764
2016-11-07T23:00:00Z,2.3125,2.3825,2.29,2.3765,69406,-107339,-37933,118385,-78749,39636,18100,-19803,-1703,NaN,NaN,NaN,NaN,233922,69406,-107339,-37933,118385,-78749,39636,18100,-19803,-1703
2016-11-08T23:00:00Z,2.379,2.4655,2.3165,2.461,69406,-107339,-37933,118385,-78749,39636,18100,-19803,-1703,NaN,NaN,NaN,NaN,233922,69406,-107339,-37933,118385,-78749,39636,18100,-19803,-1703
2016-11-09T23:00:00Z,2.4635,2.591,2.453,2.54,69406,-107339,-37933,118385,-78749,39636,18100,-19803,-1703,NaN,NaN,NaN,NaN,233922,69406,-107339,-37933,118385,-78749,39636,18100,-19803,-1703
2016-11-10T23:00:00Z,2.534,2.7345,2.496,2.506,69406,-107339,-37933,118385,-78749,39636,18100,-19803,-1703,NaN,NaN,NaN,NaN,233922,69406,-107339,-37933,118385,-78749,39636,18100,-19803,-1703
2016-11-13T23:00:00Z,2.5285,2.599,2.471,2.5185,69406,-107339,-37933,118385,-78749,39636,18100,-19803,-1703,NaN,NaN,NaN,NaN,233922,69406,-107339,-37933,118385,-78749,39636,18100,-19803,-1703
2016-11-14T23:00:00Z,2.5205,2.57,2.426,2.5075,70609,-113873,-43264,117916,-72921,44995,18623,-20354,-1731,NaN,NaN,NaN,NaN,238615,70609,-113873,-43264,117916,-72921,44995,18623,-20354,-1731
2016-11-15T23:00:00Z,2.508,2.512,2.4445,2.4695,70609,-113873,-43264,117916,-72921,44995,18623,-20354,-1731,NaN,NaN,NaN,NaN,238615,70609,-113873,-43264,117916,-72921,44995,18623,-20354,-1731
2016-11-16T23:00:00Z,2.4695,2.506,2.438,2.4845,70609,-113873,-43264,117916,-72921,44995,18623,-20354,-1731,NaN,NaN,NaN,NaN,238615,70609,-113873,-43264,117916,-72921,44995,18623,-20354,-1731
2016-11-17T23:00:00Z,2.4885,2.4985,2.4485,2.4675,70609,-113873,-43264,117916,-72921,44995,18623,-20354,-1731,NaN,NaN,NaN,NaN,238615,70609,-113873,-43264,117916,-72921,44995,18623,-20354,-1731
2016-11-20T23:00:00Z,2.4725,2.535,2.4645,2.519,70609,-113873,-43264,117916,-72921,44995,18623,-20354,-1731,NaN,NaN,NaN,NaN,238615,70609,-113873,-43264,117916,-72921,44995,18623,-20354,-1731
2016-11-21T23:00:00Z,2.5185,2.5755,2.5165,2.544,67936,-115984,-48048,118089,-71777,46312,18336,-16600,1736,NaN,NaN,NaN,NaN,236293,67936,-115984,-48048,118089,-71777,46312,18336,-16600,1736
2016-11-22T23:00:00Z,2.5445,2.625,2.52,2.616,67936,-115984,-48048,118089,-71777,46312,18336,-16600,1736,NaN,NaN,NaN,NaN,236293,67936,-115984,-48048,118089,-71777,46312,18336,-16600,1736
2016-11-23T23:00:00Z,2.6155,2.699,2.6125,2.6785,67936,-115984,-48048,118089,-71777,46312,18336,-16600,1736,NaN,NaN,NaN,NaN,236293,67936,-115984,-48048,118089,-71777,46312,18336,-16600,1736
2016-11-27T23:00:00Z,2.671,2.74,2.632,2.6465,67936,-115984,-48048,118089,-71777,46312,18336,-16600,1736,NaN,NaN,NaN,NaN,236293,67936,-115984,-48048,118089,-71777,46312,18336,-16600,1736
2016-11-28T23:00:00Z,2.6655,2.677,2.589,2.605,66855,-119455,-52600,121067,-67706,53361,15918,-16679,-761,NaN,NaN,NaN,NaN,230420,66855,-119455,-52600,121067,-67706,53361,15918,-16679,-761
2016-11-29T23:00:00Z,2.602,2.656,2.5505,2.6335,66855,-119455,-52600,121067,-67706,53361,15918,-16679,-761,NaN,NaN,NaN,NaN,230420,66855,-119455,-52600,121067,-67706,53361,15918,-16679,-761
2016-11-30T23:00:00Z,2.635,2.6685,2.613,2.6355,66855,-119455,-52600,121067,-67706,53361,15918,-16679,-761,NaN,NaN,NaN,NaN,230420,66855,-119455,-52600,121067,-67706,53361,15918,-16679,-761
2016-12-01T23:00:00Z,2.632,2.6385,2.5965,2.628,66855,-119455,-52600,121067,-67706,53361,15918,-16679,-761,NaN,NaN,NaN,NaN,230420,66855,-119455,-52600,121067,-67706,53361,15918,-16679,-761
2016-12-04T23:00:00Z,2.625,2.713,2.601,2.6945,66855,-119455,-52600,121067,-67706,53361,15918,-16679,-761,NaN,NaN,NaN,NaN,230420,66855,-119455,-52600,121067,-67706,53361,15918,-16679,-761
2016-12-05T23:00:00Z,2.691,2.7035,2.6505,2.67,66365,-123834,-57469,123820,-67429,56391,16793,-15715,1078,NaN,NaN,NaN,NaN,236290,66365,-123834,-57469,123820,-67429,56391,16793,-15715,1078
2016-12-06T23:00:00Z,2.6685,2.707,2.6255,2.6455,66365,-123834,-57469,123820,-67429,56391,16793,-15715,1078,NaN,NaN,NaN,NaN,236290,66365,-123834,-57469,123820,-67429,56391,16793,-15715,1078
2016-12-07T23:00:00Z,2.644,2.671,2.6125,2.626,66365,-123834,-57469,123820,-67429,56391,16793,-15715,1078,NaN,NaN,NaN,NaN,236290,66365,-123834,-57469,123820,-67429,56391,16793,-15715,1078
2016-12-08T23:00:00Z,2.623,2.666,2.6205,2.655,66365,-123834,-57469,123820,-67429,56391,16793,-15715,1078,NaN,NaN,NaN,NaN,236290,66365,-123834,-57469,123820,-67429,56391,16793,-15715,1078
2016-12-11T23:00:00Z,2.649,2.685,2.602,2.6055,66365,-123834,-57469,123820,-67429,56391,16793,-15715,1078,NaN,NaN,NaN,NaN,236290,66365,-123834,-57469,123820,-67429,56391,16793,-15715,1078
2016-12-12T23:00:00Z,2.602,2.6305,2.5665,2.596,64364,-125034,-60670,127666,-66551,61115,15963,-16408,-445,NaN,NaN,NaN,NaN,236822,64364,-125034,-60670,127666,-66551,61115,15963,-16408,-445
2016-12-13T23:00:00Z,2.596,2.645,2.57,2.6005,64364,-125034,-60670,127666,-66551,61115,15963,-16408,-445,NaN,NaN,NaN,NaN,236822,64364,-125034,-60670,127666,-66551,61115,15963,-16408,-445
2016-12-14T23:00:00Z,2.599,2.626,2.576,2.597,64364,-125034,-60670,127666,-66551,61115,15963,-16408,-445,NaN,NaN,NaN,NaN,236822,64364,-125034,-60670,127666,-66551,61115,15963,-16408,-445
2016-12-15T23:00:00Z,2.5985,2.6155,2.543,2.5475,64364,-125034,-60670,127666,-66551,61115,15963,-16408,-445,NaN,NaN,NaN,NaN,236822,64364,-125034,-60670,127666,-66551,61115,15963,-16408,-445
2016-12-18T23:00:00Z,2.545,2.56,2.4775,2.5035,64364,-125034,-60670,127666,-66551,61115,15963,-16408,-445,NaN,NaN,NaN,NaN,236822,64364,-125034,-60670,127666,-66551,61115,15963,-16408,-445
2016-12-19T23:00:00Z,2.4995,2.511,2.4835,2.5045,68111,-120663,-52552,119225,-67199,52026,15067,-14541,526,NaN,NaN,NaN,NaN,233042,68111,-120663,-52552,119225,-67199,52026,15067,-14541,526
2016-12-20T23:00:00Z,2.5045,2.5225,2.4925,2.4945,68111,-120663,-52552,119225,-67199,52026,15067,-14541,526,NaN,NaN,NaN,NaN,233042,68111,-120663,-52552,119225,-67199,52026,15067,-14541,526
2016-12-21T23:00:00Z,2.493,2.5095,2.457,2.507,68111,-120663,-52552,119225,-67199,52026,15067,-14541,526,NaN,NaN,NaN,NaN,233042,68111,-120663,-52552,119225,-67199,52026,15067,-14541,526
2016-12-22T23:00:00Z,2.507,2.518,2.475,2.4775,68111,-120663,-52552,119225,-67199,52026,15067,-14541,526,NaN,NaN,NaN,NaN,233042,68111,-120663,-52552,119225,-67199,52026,15067,-14541,526
2016-12-26T23:00:00Z,2.466,2.5305,2.448,2.523,70391,-118773,-48382,112505,-66742,45763,16295,-13676,2619,NaN,NaN,NaN,NaN,227733,70391,-118773,-48382,112505,-66742,45763,16295,-13676,2619
2016-12-27T23:00:00Z,2.521,2.5375,2.4845,2.505,70391,-118773,-48382,112505,-66742,45763,16295,-13676,2619,NaN,NaN,NaN,NaN,227733,70391,-118773,-48382,112505,-66742,45763,16295,-13676,2619
2016-12-28T23:00:00Z,2.506,2.526,2.484,2.486,70391,-118773,-48382,112505,-66742,45763,16295,-13676,2619,NaN,NaN,NaN,NaN,227733,70391,-118773,-48382,112505,-66742,45763,16295,-13676,2619
2016-12-29T23:00:00Z,2.488,2.519,2.4875,2.5085,70391,-118773,-48382,112505,-66742,45763,16295,-13676,2619,NaN,NaN,NaN,NaN,227733,70391,-118773,-48382,112505,-66742,45763,16295,-13676,2619
2017-01-02T23:00:00Z,2.507,2.5485,2.486,2.487,70583,-117526,-46943,109243,-64759,44484,15936,-13477,2459,NaN,NaN,NaN,NaN,223874,70583,-117526,-46943,109243,-64759,44484,15936,-13477,2459
2017-01-03T23:00:00Z,2.488,2.563,2.4725,2.558,70583,-117526,-46943,109243,-64759,44484,15936,-13477,2459,NaN,NaN,NaN,NaN,223874,70583,-117526,-46943,109243,-64759,44484,15936,-13477,2459
2017-01-04T23:00:00Z,2.557,2.5885,2.5305,2.5345,70583,-117526,-46943,109243,-64759,44484,15936,-13477,2459,NaN,NaN,NaN,NaN,223874,70583,-117526,-46943,109243,-64759,44484,15936,-13477,2459
2017-01-05T23:00:00Z,2.535,2.548,2.5125,2.544,70583,-117526,-46943,109243,-64759,44484,15936,-13477,2459,NaN,NaN,NaN,NaN,223874,70583,-117526,-46943,109243,-64759,44484,15936,-13477,2459
2017-01-08T23:00:00Z,2.544,2.5505,2.5195,2.532,70583,-117526,-46943,109243,-64759,44484,15936,-13477,2459,NaN,NaN,NaN,NaN,223874,70583,-117526,-46943,109243,-64759,44484,15936,-13477,2459
2017-01-09T23:00:00Z,2.532,2.63,2.53,2.61,71308,-121407,-50099,116854,-69151,47703,16430,-14034,2396,NaN,NaN,NaN,NaN,236637,71308,-121407,-50099,116854,-69151,47703,16430,-14034,2396
2017-01-10T23:00:00Z,2.6095,2.631,2.597,2.5995,71308,-121407,-50099,116854,-69151,47703,16430,-14034,2396,NaN,NaN,NaN,NaN,236637,71308,-121407,-50099,116854,-69151,47703,16430,-14034,2396
2017-01-11T23:00:00Z,2.602,2.6755,2.6,2.6675,71308,-121407,-50099,116854,-69151,47703,16430,-14034,2396,NaN,NaN,NaN,NaN,236637,71308,-121407,-50099,116854,-69151,47703,16430,-14034,2396
2017-01-12T23:00:00Z,2.667,2.716,2.642,2.7055,71308,-121407,-50099,116854,-69151,47703,16430,-14034,2396,NaN,NaN,NaN,NaN,236637,71308,-121407,-50099,116854,-69151,47703,16430,-14034,2396
2017-01-15T23:00:00Z,2.701,2.7125,2.6045,2.619,75868,-125140,-49272,118944,-72445,46499,18207,-15434,2773,NaN,NaN,NaN,NaN,251782,75868,-125140,-49272,118944,-72445,46499,18207,-15434,2773
2017-01-17T23:00:00Z,2.618,2.6305,2.607,2.615,75868,-125140,-49272,118944,-72445,46499,18207,-15434,2773,NaN,NaN,NaN,NaN,251782,75868,-125140,-49272,118944,-72445,46499,18207,-15434,2773
2017-01-18T23:00:00Z,2.6145,2.634,2.5815,2.611,75868,-125140,-49272,118944,-72445,46499,18207,-15434,2773,NaN,NaN,NaN,NaN,251782,75868,-125140,-49272,118944,-72445,46499,18207,-15434,2773
2017-01-19T23:00:00Z,2.612,2.645,2.5875,2.6155,75868,-125140,-49272,118944,-72445,46499,18207,-15434,2773,NaN,NaN,NaN,NaN,251782,75868,-125140,-49272,118944,-72445,46499,18207,-15434,2773
2017-01-22T23:00:00Z,2.621,2.668,2.613,2.6465,75868,-125140,-49272,118944,-72445,46499,18207,-15434,2773,NaN,NaN,NaN,NaN,251782,75868,-125140,-49272,118944,-72445,46499,18207,-15434,2773
2017-01-23T23:00:00Z,2.647,2.7155,2.6395,2.7085,82224,-133948,-51724,128015,-77705,50310,17246,-15832,1414,NaN,NaN,NaN,NaN,270892,82224,-133948,-51724,128015,-77705,50310,17246,-15832,1414
2017-01-24T23:00:00Z,2.708,2.732,2.685,2.714,82224,-133948,-51724,128015,-77705,50310,17246,-15832,1414,NaN,NaN,NaN,NaN,270892,82224,-133948,-51724,128015,-77705,50310,17246,-15832,1414
2017-01-25T23:00:00Z,2.7145,2.73,2.6505,2.662,82224,-133948,-51724,128015,-77705,50310,17246,-15832,1414,NaN,NaN,NaN,NaN,270892,82224,-133948,-51724,128015,-77705,50310,17246,-15832,1414
2017-01-26T23:00:00Z,2.661,2.6965,2.6545,2.6965,82224,-133948,-51724,128015,-77705,50310,17246,-15832,1414,NaN,NaN,NaN,NaN,270892,82224,-133948,-51724,128015,-77705,50310,17246,-15832,1414
2017-01-29T23:00:00Z,2.6945,2.7045,2.634,2.67,82224,-133948,-51724,128015,-77705,50310,17246,-15832,1414,NaN,NaN,NaN,NaN,270892,82224,-133948,-51724,128015,-77705,50310,17246,-15832,1414
2017-01-30T23:00:00Z,2.67,2.7375,2.6595,2.726,89428,-147207,-57779,134989,-77713,57276,17220,-16717,503,NaN,NaN,NaN,NaN,291702,89428,-147207,-57779,134989,-77713,57276,17220,-16717,503
2017-01-31T23:00:00Z,2.729,2.738,2.704,2.711,89428,-147207,-57779,134989,-77713,57276,17220,-16717,503,NaN,NaN,NaN,NaN,291702,89428,-147207,-57779,134989,-77713,57276,17220,-16717,503
2017-02-01T23:00:00Z,2.7135,2.724,2.664,2.682,89428,-147207,-57779,134989,-77713,57276,17220,-16717,503,NaN,NaN,NaN,NaN,291702,89428,-147207,-57779,134989,-77713,57276,17220,-16717,503
2017-02-02T23:00:00Z,2.6825,2.694,2.612,2.615,89428,-147207,-57779,134989,-77713,57276,17220,-16717,503,NaN,NaN,NaN,NaN,291702,89428,-147207,-57779,134989,-77713,57276,17220,-16717,503
2017-02-05T23:00:00Z,2.6195,2.657,2.615,2.652,89428,-147207,-57779,134989,-77713,57276,17220,-16717,503,NaN,NaN,NaN,NaN,291702,89428,-147207,-57779,134989,-77713,57276,17220,-16717,503
2017-02-06T23:00:00Z,2.649,2.6565,2.6235,2.636,93332,-147984,-54652,131026,-79467,51559,17039,-13946,3093,NaN,NaN,NaN,NaN,291924,93332,-147984,-54652,131026,-79467,51559,17039,-13946,3093
2017-02-07T23:00:00Z,2.6385,2.691,2.632,2.6645,93332,-147984,-54652,131026,-79467,51559,17039,-13946,3093,NaN,NaN,NaN,NaN,291924,93332,-147984,-54652,131026,-79467,51559,17039,-13946,3093
2017-02-08T23:00:00Z,2.666,2.6765,2.641,2.657,93332,-147984,-54652,131026,-79467,51559,17039,-13946,3093,NaN,NaN,NaN,NaN,291924,93332,-147984,-54652,131026,-79467,51559,17039,-13946,3093
2017-02-09T23:00:00Z,2.6565,2.791,2.6365,2.7765,93332,-147984,-54652,131026,-79467,51559,17039,-13946,3093,NaN,NaN,NaN,NaN,291924,93332,-147984,-54652,131026,-79467,51559,17039,-13946,3093
2017-02-12T23:00:00Z,2.7765,2.823,2.7695,2.7845,93332,-147984,-54652,131026,-79467,51559,17039,-13946,3093,NaN,NaN,NaN,NaN,291924,93332,-147984,-54652,131026,-79467,51559,17039,-13946,3093
2017-02-13T23:00:00Z,2.7855,2.8145,2.7135,2.745,92457,-140974,-48517,131446,-86203,45243,19305,-16031,3274,NaN,NaN,NaN,NaN,296125,92457,-140974,-48517,131446,-86203,45243,19305,-16031,3274
2017-02-14T23:00:00Z,2.743,2.7565,2.7195,2.7405,92457,-140974,-48517,131446,-86203,45243,19305,-16031,3274,NaN,NaN,NaN,NaN,296125,92457,-140974,-48517,131446,-86203,45243,19305,-16031,3274
2017-02-15T23:00:00Z,2.741,2.763,2.6935,2.711,92457,-140974,-48517,131446,-86203,45243,19305,-16031,3274,NaN,NaN,NaN,NaN,296125,92457,-140974,-48517,131446,-86203,45243,19305,-16031,3274
2017-02-16T23:00:00Z,2.7105,2.735,2.678,2.7065,92457,-140974,-48517,131446,-86203,45243,19305,-16031,3274,NaN,NaN,NaN,NaN,296125,92457,-140974,-48517,131446,-86203,45243,19305,-16031,3274
2017-02-19T23:00:00Z,2.707,2.7585,2.7,2.742,93995,-141913,-47918,128204,-85410,42794,18459,-13335,5124,NaN,NaN,NaN,NaN,283805,93995,-141913,-47918,128204,-85410,42794,18459,-13335,5124
2017-02-21T23:00:00Z,2.742,2.7495,2.71,2.736,93995,-141913,-47918,128204,-85410,42794,18459,-13335,5124,NaN,NaN,NaN,NaN,283805,93995,-141913,-47918,128204,-85410,42794,18459,-13335,5124
2017-02-22T23:00:00Z,2.7365,2.7385,2.637,2.638,93995,-141913,-47918,128204,-85410,42794,18459,-13335,5124,NaN,NaN,NaN,NaN,283805,93995,-141913,-47918,128204,-85410,42794,18459,-13335,5124
2017-02-23T23:00:00Z,2.6375,2.691,2.6375,2.6685,93995,-141913,-47918,128204,-85410,42794,18459,-13335,5124,NaN,NaN,NaN,NaN,283805,93995,-141913,-47918,128204,-85410,42794,18459,-13335,5124
2017-02-26T23:00:00Z,2.686,2.704,2.6675,2.692,93995,-141913,-47918,128204,-85410,42794,18459,-13335,5124,NaN,NaN,NaN,NaN,283805,93995,-141913,-47918,128204,-85410,42794,18459,-13335,5124
2017-02-27T23:00:00Z,2.6945,2.723,2.678,2.7135,90031,-132757,-42726,120913,-82915,37998,17103,-12375,4728,NaN,NaN,NaN,NaN,267935,90031,-132757,-42726,120913,-82915,37998,17103,-12375,4728
2017-02-28T23:00:00Z,2.714,2.7685,2.706,2.731,90031,-132757,-42726,120913,-82915,37998,17103,-12375,4728,NaN,NaN,NaN,NaN,267935,90031,-132757,-42726,120913,-82915,37998,17103,-12375,4728
2017-03-01T23:00:00Z,2.738,2.745,2.681,2.6885,90031,-132757,-42726,120913,-82915,37998,17103,-12375,4728,NaN,NaN,NaN,NaN,267935,90031,-132757,-42726,120913,-82915,37998,17103,-12375,4728
2017-03-02T23:00:00Z,2.687,2.7115,2.6775,2.7075,90031,-132757,-42726,120913,-82915,37998,17103,-12375,4728,NaN,NaN,NaN,NaN,267935,90031,-132757,-42726,120913,-82915,37998,17103,-12375,4728
2017-03-05T23:00:00Z,2.7075,2.7095,2.646,2.656,90031,-132757,-42726,120913,-82915,37998,17103,-12375,4728,NaN,NaN,NaN,NaN,267935,90031,-132757,-42726,120913,-82915,37998,17103,-12375,4728
2017-03-06T23:00:00Z,2.654,2.664,2.608,2.6155,87052,-123421,-36369,117779,-88060,29719,19258,-12608,6650,NaN,NaN,NaN,NaN,267379,87052,-123421,-36369,117779,-88060,29719,19258,-12608,6650
2017-03-07T23:00:00Z,2.6145,2.6345,2.588,2.593,87052,-123421,-36369,117779,-88060,29719,19258,-12608,6650,NaN,NaN,NaN,NaN,267379,87052,-123421,-36369,117779,-88060,29719,19258,-12608,6650
2017-03-08T23:00:00Z,2.59,2.6,2.5585,2.5775,87052,-123421,-36369,117779,-88060,29719,19258,-12608,6650,NaN,NaN,NaN,NaN,267379,87052,-123421,-36369,117779,-88060,29719,19258,-12608,6650
2017-03-09T23:00:00Z,2.5775,2.616,2.5735,2.6,87052,-123421,-36369,117779,-88060,29719,19258,-12608,6650,NaN,NaN,NaN,NaN,267379,87052,-123421,-36369,117779,-88060,29719,19258,-12608,6650
2017-03-12T22:00:00Z,2.599,2.6395,2.597,2.6275,87052,-123421,-36369,117779,-88060,29719,19258,-12608,6650,NaN,NaN,NaN,NaN,267379,87052,-123421,-36369,117779,-88060,29719,19258,-12608,6650
2017-03-13T22:00:00Z,2.628,2.6505,2.599,2.6445,92375,-118993,-26618,110578,-88139,22439,17269,-13090,4179,NaN,NaN,NaN,NaN,260056,92375,-118993,-26618,110578,-88139,22439,17269,-13090,4179
2017-03-14T22:00:00Z,2.6435,2.677,2.637,2.6695,92375,-118993,-26618,110578,-88139,22439,17269,-13090,4179,NaN,NaN,NaN,NaN,260056,92375,-118993,-26618,110578,-88139,22439,17269,-13090,4179
2017-03-15T22:00:00Z,2.6695,2.6975,2.6665,2.677,92375,-118993,-26618,110578,-88139,22439,17269,-13090,4179,NaN,NaN,NaN,NaN,260056,92375,-118993,-26618,110578,-88139,22439,17269,-13090,4179
2017-03-16T22:00:00Z,2.6765,2.6965,2.658,2.6915,92375,-118993,-26618,110578,-88139,22439,17269,-13090,4179,NaN,NaN,NaN,NaN,260056,92375,-118993,-26618,110578,-88139,22439,17269,-13090,4179
2017-03-19T22:00:00Z,2.6895,2.7,2.652,2.654,92375,-118993,-26618,110578,-88139,22439,17269,-13090,4179,NaN,NaN,NaN,NaN,260056,92375,-118993,-26618,110578,-88139,22439,17269,-13090,4179
2017-03-20T22:00:00Z,2.654,2.6605,2.6035,2.609,96185,-122042,-25857,111829,-90159,21670,18763,-14576,4187,NaN,NaN,NaN,NaN,269323,96185,-122042,-25857,111829,-90159,21670,18763,-14576,4187
2017-03-21T22:00:00Z,2.6065,2.642,2.5875,2.6395,96185,-122042,-25857,111829,-90159,21670,18763,-14576,4187,NaN,NaN,NaN,NaN,269323,96185,-122042,-25857,111829,-90159,21670,18763,-14576,4187
2017-03-22T22:00:00Z,2.639,2.655,2.615,2.651,96185,-122042,-25857,111829,-90159,21670,18763,-14576,4187,NaN,NaN,NaN,NaN,269323,96185,-122042,-25857,111829,-90159,21670,18763,-14576,4187
2017-03-23T22:00:00Z,2.651,2.6525,2.617,2.6395,96185,-122042,-25857,111829,-90159,21670,18763,-14576,4187,NaN,NaN,NaN,NaN,269323,96185,-122042,-25857,111829,-90159,21670,18763,-14576,4187
2017-03-26T22:00:00Z,2.635,2.6375,2.5665,2.6375,96185,-122042,-25857,111829,-90159,21670,18763,-14576,4187,NaN,NaN,NaN,NaN,269323,96185,-122042,-25857,111829,-90159,21670,18763,-14576,4187
2017-03-27T22:00:00Z,2.6375,2.678,2.615,2.669,100198,-129841,-29643,112041,-82176,29865,14428,-14650,-222,NaN,NaN,NaN,NaN,273316,100198,-129841,-29643,112041,-82176,29865,14428,-14650,-222
2017-03-28T22:00:00Z,2.668,2.687,2.657,2.6725,100198,-129841,-29643,112041,-82176,29865,14428,-14650,-222,NaN,NaN,NaN,NaN,273316,100198,-129841,-29643,112041,-82176,29865,14428,-14650,-222
2017-03-29T22:00:00Z,2.673,2.717,2.6535,2.6765,100198,-129841,-29643,112041,-82176,29865,14428,-14650,-222,NaN,NaN,NaN,NaN,273316,100198,-129841,-29643,112041,-82176,29865,14428,-14650,-222
2017-03-30T22:00:00Z,2.677,2.6805,2.6315,2.6555,100198,-129841,-29643,112041,-82176,29865,14428,-14650,-222,NaN,NaN,NaN,NaN,273316,100198,-129841,-29643,112041,-82176,29865,14428,-14650,-222
2017-04-02T22:00:00Z,2.6535,2.6605,2.602,2.6065,100198,-129841,-29643,112041,-82176,29865,14428,-14650,-222,NaN,NaN,NaN,NaN,273316,100198,-129841,-29643,112041,-82176,29865,14428,-14650,-222
2017-04-03T22:00:00Z,2.604,2.621,2.594,2.619,97060,-126943,-29883,111665,-84797,26868,16747,-13732,3015,NaN,NaN,NaN,NaN,277949,97060,-126943,-29883,111665,-84797,26868,16747,-13732,3015
2017-04-04T22:00:00Z,2.62,2.695,2.6135,2.6765,97060,-126943,-29883,111665,-84797,26868,16747,-13732,3015,NaN,NaN,NaN,NaN,277949,97060,-126943,-29883,111665,-84797,26868,16747,-13732,3015
2017-04-05T22:00:00Z,2.676,2.689,2.6485,2.6585,97060,-126943,-29883,111665,-84797,26868,16747,-13732,3015,NaN,NaN,NaN,NaN,277949,97060,-126943,-29883,111665,-84797,26868,16747,-13732,3015
2017-04-06T22:00:00Z,2.6585,2.671,2.604,2.6445,97060,-126943,-29883,111665,-84797,26868,16747,-13732,3015,NaN,NaN,NaN,NaN,277949,97060,-126943,-29883,111665,-84797,26868,16747,-13732,3015
2017-04-09T22:00:00Z,2.6435,2.6455,2.599,2.607,97060,-126943,-29883,111665,-84797,26868,16747,-13732,3015,NaN,NaN,NaN,NaN,277949,97060,-126943,-29883,111665,-84797,26868,16747,-13732,3015
2017-04-10T22:00:00Z,2.607,2.624,2.583,2.6095,97209,-127474,-30265,114238,-88393,25845,18075,-13655,4420,NaN,NaN,NaN,NaN,284852,97209,-127474,-30265,114238,-88393,25845,18075,-13655,4420
2017-04-11T22:00:00Z,2.6095,2.61,2.5345,2.541,97209,-127474,-30265,114238,-88393,25845,18075,-13655,4420,NaN,NaN,NaN,NaN,284852,97209,-127474,-30265,114238,-88393,25845,18075,-13655,4420
2017-04-12T22:00:00Z,2.538,2.589,2.5375,2.571,97209,-127474,-30265,114238,-88393,25845,18075,-13655,4420,NaN,NaN,NaN,NaN,284852,97209,-127474,-30265,114238,-88393,25845,18075,-13655,4420
2017-04-16T22:00:00Z,2.5655,2.6115,2.5565,2.596,97209,-127474,-30265,114238,-88393,25845,18075,-13655,4420,NaN,NaN,NaN,NaN,284852,97209,-127474,-30265,114238,-88393,25845,18075,-13655,4420
2017-04-17T22:00:00Z,2.596,2.596,2.5155,2.5295,103458,-121850,-18392,106292,-90249,16043,20921,-18572,2349,NaN,NaN,NaN,NaN,275401,103458,-121850,-18392,106292,-90249,16043,20921,-18572,2349
2017-04-18T22:00:00Z,2.528,2.5635,2.494,2.5285,103458,-121850,-18392,106292,-90249,16043,20921,-18572,2349,NaN,NaN,NaN,NaN,275401,103458,-121850,-18392,106292,-90249,16043,20921,-18572,2349
2017-04-19T22:00:00Z,2.529,2.554,2.504,2.5455,103458,-121850,-18392,106292,-90249,16043,20921,-18572,2349,NaN,NaN,NaN,NaN,275401,103458,-121850,-18392,106292,-90249,16043,20921,-18572,2349
2017-04-20T22:00:00Z,2.544,2.566,2.5245,2.546,103458,-121850,-18392,106292,-90249,16043,20921,-18572,2349,NaN,NaN,NaN,NaN,275401,103458,-121850,-18392,106292,-90249,16043,20921,-18572,2349
2017-04-23T22:00:00Z,2.546,2.572,2.535,2.554,103458,-121850,-18392,106292,-90249,16043,20921,-18572,2349,NaN,NaN,NaN,NaN,275401,103458,-121850,-18392,106292,-90249,16043,20921,-18572,2349
2017-04-24T22:00:00Z,2.5545,2.593,2.5455,2.588,101785,-113775,-11990,103581,-91123,12458,16375,-16843,-468,NaN,NaN,NaN,NaN,260513,101785,-113775,-11990,103581,-91123,12458,16375,-16843,-468
2017-04-25T22:00:00Z,2.5865,2.597,2.572,2.591,101785,-113775,-11990,103581,-91123,12458,16375,-16843,-468,NaN,NaN,NaN,NaN,260513,101785,-113775,-11990,103581,-91123,12458,16375,-16843,-468
2017-04-26T22:00:00Z,2.6015,2.6015,2.5655,2.5975,101785,-113775,-11990,103581,-91123,12458,16375,-16843,-468,NaN,NaN,NaN,NaN,260513,101785,-113775,-11990,103581,-91123,12458,16375,-16843,-468
2017-04-27T22:00:00Z,2.596,2.616,2.5875,2.613,101785,-113775,-11990,103581,-91123,12458,16375,-16843,-468,NaN,NaN,NaN,NaN,260513,101785,-113775,-11990,103581,-91123,12458,16375,-16843,-468
2017-04-30T22:00:00Z,2.599,2.6945,2.594,2.6585,101785,-113775,-11990,103581,-91123,12458,16375,-16843,-468,NaN,NaN,NaN,NaN,260513,101785,-113775,-11990,103581,-91123,12458,16375,-16843,-468
2017-05-01T22:00:00Z,2.662,2.663,2.622,2.64,92346,-111828,-19482,104855,-86317,18538,16294,-15350,944,NaN,NaN,NaN,NaN,248643,92346,-111828,-19482,104855,-86317,18538,16294,-15350,944
2017-05-02T22:00:00Z,2.639,2.6395,2.5135,2.517,92346,-111828,-19482,104855,-86317,18538,16294,-15350,944,NaN,NaN,NaN,NaN,248643,92346,-111828,-19482,104855,-86317,18538,16294,-15350,944
2017-05-03T22:00:00Z,2.5175,2.5455,2.49,2.5145,92346,-111828,-19482,104855,-86317,18538,16294,-15350,944,NaN,NaN,NaN,NaN,248643,92346,-111828,-19482,104855,-86317,18538,16294,-15350,944
2017-05-04T22:00:00Z,2.512,2.539,2.503,2.539,92346,-111828,-19482,104855,-86317,18538,16294,-15350,944,NaN,NaN,NaN,NaN,248643,92346,-111828,-19482,104855,-86317,18538,16294,-15350,944
2017-05-07T22:00:00Z,2.5375,2.547,2.4725,2.494,92346,-111828,-19482,104855,-86317,18538,16294,-15350,944,NaN,NaN,NaN,NaN,248643,92346,-111828,-19482,104855,-86317,18538,16294,-15350,944
2017-05-08T22:00:00Z,2.494,2.5175,2.4805,2.496,92701,-101001,-8300,98601,-90520,8081,16517,-16298,219,NaN,NaN,NaN,NaN,243123,92701,-101001,-8300,98601,-90520,8081,16517,-16298,219
2017-05-09T22:00:00Z,2.495,2.5115,2.484,2.497,92701,-101001,-8300,98601,-90520,8081,16517,-16298,219,NaN,NaN,NaN,NaN,243123,92701,-101001,-8300,98601,-90520,8081,16517,-16298,219
2017-05-10T22:00:00Z,2.495,2.553,2.489,2.5075,92701,-101001,-8300,98601,-90520,8081,16517,-16298,219,NaN,NaN,NaN,NaN,243123,92701,-101001,-8300,98601,-90520,8081,16517,-16298,219
2017-05-11T22:00:00Z,2.506,2.5295,2.504,2.529,92701,-101001,-8300,98601,-90520,8081,16517,-16298,219,NaN,NaN,NaN,NaN,243123,92701,-101001,-8300,98601,-90520,8081,16517,-16298,219
2017-05-14T22:00:00Z,2.525,2.557,2.518,2.5375,92701,-101001,-8300,98601,-90520,8081,16517,-16298,219,NaN,NaN,NaN,NaN,243123,92701,-101001,-8300,98601,-90520,8081,16517,-16298,219
2017-05-15T22:00:00Z,2.538,2.553,2.522,2.549,100625,-107913,-7288,96922,-88276,8646,15398,-16756,-1358,NaN,NaN,NaN,NaN,250251,100625,-107913,-7288,96922,-88276,8646,15398,-16756,-1358
2017-05-16T22:00:00Z,2.549,2.5595,2.5265,2.545,100625,-107913,-7288,96922,-88276,8646,15398,-16756,-1358,NaN,NaN,NaN,NaN,250251,100625,-107913,-7288,96922,-88276,8646,15398,-16756,-1358
2017-05-17T22:00:00Z,2.545,2.545,2.4845,2.5315,100625,-107913,-7288,96922,-88276,8646,15398,-16756,-1358,NaN,NaN,NaN,NaN,250251,100625,-107913,-7288,96922,-88276,8646,15398,-16756,-1358
2017-05-18T22:00:00Z,2.535,2.5905,2.5285,2.5885,100625,-107913,-7288,96922,-88276,8646,15398,-16756,-1358,NaN,NaN,NaN,NaN,250251,100625,-107913,-7288,96922,-88276,8646,15398,-16756,-1358
2017-05-21T22:00:00Z,2.587,2.6045,2.566,2.603,100625,-107913,-7288,96922,-88276,8646,15398,-16756,-1358,NaN,NaN,NaN,NaN,250251,100625,-107913,-7288,96922,-88276,8646,15398,-16756,-1358
2017-05-22T22:00:00Z,2.6015,2.6015,2.5735,2.599,105830,-116559,-10729,97688,-84657,13031,15675,-17977,-2302,NaN,NaN,NaN,NaN,256097,105830,-116559,-10729,97688,-84657,13031,15675,-17977,-2302
2017-05-23T22:00:00Z,2.6005,2.6005,2.5555,2.5905,105830,-116559,-10729,97688,-84657,13031,15675,-17977,-2302,NaN,NaN,NaN,NaN,256097,105830,-116559,-10729,97688,-84657,13031,15675,-17977,-2302
2017-05-24T22:00:00Z,2.589,2.6195,2.5725,2.5925,105830,-116559,-10729,97688,-84657,13031,15675,-17977,-2302,NaN,NaN,NaN,NaN,256097,105830,-116559,-10729,97688,-84657,13031,15675,-17977,-2302
2017-05-25T22:00:00Z,2.5945,2.6055,2.5535,2.5685,105830,-116559,-10729,97688,-84657,13031,15675,-17977,-2302,NaN,NaN,NaN,NaN,256097,105830,-116559,-10729,97688,-84657,13031,15675,-17977,-2302
2017-05-28T22:00:00Z,2.568,2.5945,2.539,2.5695,106516,-116079,-9563,96704,-87060,9644,15904,-15985,-81,NaN,NaN,NaN,NaN,249317,106516,-116079,-9563,96704,-87060,9644,15904,-15985,-81
2017-05-30T22:00:00Z,2.57,2.5875,2.554,2.584,106516,-116079,-9563,96704,-87060,9644,15904,-15985,-81,NaN,NaN,NaN,NaN,249317,106516,-116079,-9563,96704,-87060,9644,15904,-15985,-81
2017-05-31T22:00:00Z,2.584,2.596,2.5615,2.584,106516,-116079,-9563,96704,-87060,9644,15904,-15985,-81,NaN,NaN,NaN,NaN,249317,106516,-116079,-9563,96704,-87060,9644,15904,-15985,-81
2017-06-01T22:00:00Z,2.5845,2.585,2.526,2.5765,106516,-116079,-9563,96704,-87060,9644,15904,-15985,-81,NaN,NaN,NaN,NaN,249317,106516,-116079,-9563,96704,-87060,9644,15904,-15985,-81
2017-06-04T22:00:00Z,2.575,2.5755,2.5405,2.5595,106516,-116079,-9563,96704,-87060,9644,15904,-15985,-81,NaN,NaN,NaN,NaN,249317,106516,-116079,-9563,96704,-87060,9644,15904,-15985,-81
2017-06-05T22:00:00Z,2.5585,2.5655,2.5155,2.5475,107435,-120761,-13326,97394,-84668,12726,17214,-16614,600,NaN,NaN,NaN,NaN,253643,107435,-120761,-13326,97394,-84668,12726,17214,-16614,600
2017-06-06T22:00:00Z,2.5475,2.5585,2.533,2.554,107435,-120761,-13326,97394,-84668,12726,17214,-16614,600,NaN,NaN,NaN,NaN,253643,107435,-120761,-13326,97394,-84668,12726,17214,-16614,600
2017-06-07T22:00:00Z,2.554,2.6175,2.543,2.6145,107435,-120761,-13326,97394,-84668,12726,17214,-16614,600,NaN,NaN,NaN,NaN,253643,107435,-120761,-13326,97394,-84668,12726,17214,-16614,600
2017-06-08T22:00:00Z,2.6115,2.652,2.5975,2.6445,107435,-120761,-13326,97394,-84668,12726,17214,-16614,600,NaN,NaN,NaN,NaN,253643,107435,-120761,-13326,97394,-84668,12726,17214,-16614,600
2017-06-11T22:00:00Z,2.6455,2.649,2.6095,2.614,107435,-120761,-13326,97394,-84668,12726,17214,-16614,600,NaN,NaN,NaN,NaN,253643,107435,-120761,-13326,97394,-84668,12726,17214,-16614,600
2017-06-12T22:00:00Z,2.6145,2.625,2.5805,2.599,98675,-119272,-20597,108011,-89213,18798,17657,-15858,1799,NaN,NaN,NaN,NaN,260631,98675,-119272,-20597,108011,-89213,18798,17657,-15858,1799
2017-06-13T22:00:00Z,2.599,2.605,2.5605,2.5645,98675,-119272,-20597,108011,-89213,18798,17657,-15858,1799,NaN,NaN,NaN,NaN,260631,98675,-119272,-20597,108011,-89213,18798,17657,-15858,1799
2017-06-14T22:00:00Z,2.565,2.583,2.534,2.568,98675,-119272,-20597,108011,-89213,18798,17657,-15858,1799,NaN,NaN,NaN,NaN,260631,98675,-119272,-20597,108011,-89213,18798,17657,-15858,1799
2017-06-15T22:00:00Z,2.5675,2.5785,2.555,2.57,98675,-119272,-20597,108011,-89213,18798,17657,-15858,1799,NaN,NaN,NaN,NaN,260631,98675,-119272,-20597,108011,-89213,18798,17657,-15858,1799
2017-06-18T22:00:00Z,2.568,2.598,2.5595,2.5895,98675,-119272,-20597,108011,-89213,18798,17657,-15858,1799,NaN,NaN,NaN,NaN,260631,98675,-119272,-20597,108011,-89213,18798,17657,-15858,1799
2017-06-19T22:00:00Z,2.588,2.592,2.5455,2.5555,105947,-120070,-14123,103559,-90780,12779,17006,-15662,1344,NaN,NaN,NaN,NaN,271774,105947,-120070,-14123,103559,-90780,12779,17006,-15662,1344
2017-06-20T22:00:00Z,2.555,2.609,2.5395,2.5965,105947,-120070,-14123,103559,-90780,12779,17006,-15662,1344,NaN,NaN,NaN,NaN,271774,105947,-120070,-14123,103559,-90780,12779,17006,-15662,1344
2017-06-21T22:00:00Z,2.596,2.615,2.571,2.594,105947,-120070,-14123,103559,-90780,12779,17006,-15662,1344,NaN,NaN,NaN,NaN,271774,105947,-120070,-14123,103559,-90780,12779,17006,-15662,1344
2017-06-22T22:00:00Z,2.593,2.6515,2.591,2.6255,105947,-120070,-14123,103559,-90780,12779,17006,-15662,1344,NaN,NaN,NaN,NaN,271774,105947,-120070,-14123,103559,-90780,12779,17006,-15662,1344
2017-06-25T22:00:00Z,2.625,2.6465,2.602,2.624,105947,-120070,-14123,103559,-90780,12779,17006,-15662,1344,NaN,NaN,NaN,NaN,271774,105947,-120070,-14123,103559,-90780,12779,17006,-15662,1344
2017-06-26T22:00:00Z,2.6245,2.655,2.6135,2.642,95179,-110189,-15010,106572,-92884,13688,17394,-16072,1322,NaN,NaN,NaN,NaN,253503,95179,-110189,-15010,106572,-92884,13688,17394,-16072,1322
2017-06-27T22:00:00Z,2.643,2.6625,2.6355,2.6605,95179,-110189,-15010,106572,-92884,13688,17394,-16072,1322,NaN,NaN,NaN,NaN,253503,95179,-110189,-15010,106572,-92884,13688,17394,-16072,1322
2017-06-28T22:00:00Z,2.675,2.7155,2.6705,2.697,95179,-110189,-15010,106572,-92884,13688,17394,-16072,1322,NaN,NaN,NaN,NaN,253503,95179,-110189,-15010,106572,-92884,13688,17394,-16072,1322
2017-06-29T22:00:00Z,2.6965,2.7185,2.682,2.707,95179,-110189,-15010,106572,-92884,13688,17394,-16072,1322,NaN,NaN,NaN,NaN,253503,95179,-110189,-15010,106572,-92884,13688,17394,-16072,1322
2017-07-02T22:00:00Z,2.711,2.7165,2.685,2.689,96051,-113572,-17521,116393,-100048,16345,17247,-16071,1176,NaN,NaN,NaN,NaN,267148,96051,-113572,-17521,116393,-100048,16345,17247,-16071,1176
2017-07-03T22:00:00Z,2.6875,2.6915,2.6435,2.6635,96051,-113572,-17521,116393,-100048,16345,17247,-16071,1176,NaN,NaN,NaN,NaN,267148,96051,-113572,-17521,116393,-100048,16345,17247,-16071,1176
2017-07-05T22:00:00Z,2.6615,2.671,2.6515,2.6635,96051,-113572,-17521,116393,-100048,16345,17247,-16071,1176,NaN,NaN,NaN,NaN,267148,96051,-113572,-17521,116393,-100048,16345,17247,-16071,1176
2017-07-06T22:00:00Z,2.662,2.6695,2.6405,2.649,96051,-113572,-17521,116393,-100048,16345,17247,-16071,1176,NaN,NaN,NaN,NaN,267148,96051,-113572,-17521,116393,-100048,16345,17247,-16071,1176
2017-07-09T22:00:00Z,2.6525,2.6605,2.631,2.6525,96051,-113572,-17521,116393,-100048,16345,17247,-16071,1176,NaN,NaN,NaN,NaN,267148,96051,-113572,-17521,116393,-100048,16345,17247,-16071,1176
2017-07-10T22:00:00Z,2.651,2.677,2.642,2.676,96163,-111064,-14901,112768,-100762,12006,17084,-14189,2895,NaN,NaN,NaN,NaN,264039,96163,-111064,-14901,112768,-100762,12006,17084,-14189,2895
2017-07-11T22:00:00Z,2.675,2.6985,2.672,2.6825,96163,-111064,-14901,112768,-100762,12006,17084,-14189,2895,NaN,NaN,NaN,NaN,264039,96163,-111064,-14901,112768,-100762,12006,17084,-14189,2895
2017-07-12T22:00:00Z,2.685,2.6965,2.66,2.666,96163,-111064,-14901,112768,-100762,12006,17084,-14189,2895,NaN,NaN,NaN,NaN,264039,96163,-111064,-14901,112768,-100762,12006,17084,-14189,2895
2017-07-13T22:00:00Z,2.6655,2.696,2.663,2.695,96163,-111064,-14901,112768,-100762,12006,17084,-14189,2895,NaN,NaN,NaN,NaN,264039,96163,-111064,-14901,112768,-100762,12006,17084,-14189,2895
2017-07-16T22:00:00Z,2.6915,2.7375,2.6835,2.7265,96163,-111064,-14901,112768,-100762,12006,17084,-14189,2895,NaN,NaN,NaN,NaN,264039,96163,-111064,-14901,112768,-100762,12006,17084,-14189,2895
2017-07-17T22:00:00Z,2.728,2.7335,2.712,2.7265,99519,-117099,-17580,121936,-106606,15330,17259,-15009,2250,NaN,NaN,NaN,NaN,276841,99519,-117099,-17580,121936,-106606,15330,17259,-15009,2250
2017-07-18T22:00:00Z,2.729,2.7355,2.706,2.7065,99519,-117099,-17580,121936,-106606,15330,17259,-15009,2250,NaN,NaN,NaN,NaN,276841,99519,-117099,-17580,121936,-106606,15330,17259,-15009,2250
2017-07-19T22:00:00Z,2.7075,2.723,2.6985,2.716,99519,-117099,-17580,121936,-106606,15330,17259,-15009,2250,NaN,NaN,NaN,NaN,276841,99519,-117099,-17580,121936,-106606,15330,17259,-15009,2250
2017-07-20T22:00:00Z,2.7175,2.7505,2.712,2.722,99519,-117099,-17580,121936,-106606,15330,17259,-15009,2250,NaN,NaN,NaN,NaN,276841,99519,-117099,-17580,121936,-106606,15330,17259,-15009,2250
2017-07-23T22:00:00Z,2.7255,2.7445,2.717,2.7435,99519,-117099,-17580,121936,-106606,15330,17259,-15009,2250,NaN,NaN,NaN,NaN,276841,99519,-117099,-17580,121936,-106606,15330,17259,-15009,2250
2017-07-24T22:00:00Z,2.7445,2.854,2.7345,2.847,101929,-125270,-23341,137242,-112985,24257,17649,-18565,-916,NaN,NaN,NaN,NaN,298264,101929,-125270,-23341,137242,-112985,24257,17649,-18565,-916
2017-07-25T22:00:00Z,2.8425,2.9055,2.832,2.871,101929,-125270,-23341,137242,-112985,24257,17649,-18565,-916,NaN,NaN,NaN,NaN,298264,101929,-125270,-23341,137242,-112985,24257,17649,-18565,-916
2017-07-26T22:00:00Z,2.873,2.8975,2.862,2.8675,101929,-125270,-23341,137242,-112985,24257,17649,-18565,-916,NaN,NaN,NaN,NaN,298264,101929,-125270,-23341,137242,-112985,24257,17649,-18565,-916
2017-07-27T22:00:00Z,2.8675,2.8835,2.841,2.88,101929,-125270,-23341,137242,-112985,24257,17649,-18565,-916,NaN,NaN,NaN,NaN,298264,101929,-125270,-23341,137242,-112985,24257,17649,-18565,-916
2017-07-30T22:00:00Z,2.883,2.92,2.8775,2.8915,101929,-125270,-23341,137242,-112985,24257,17649,-18565,-916,NaN,NaN,NaN,NaN,298264,101929,-125270,-23341,137242,-112985,24257,17649,-18565,-916
2017-07-31T22:00:00Z,2.8895,2.902,2.866,2.8745,102487,-135048,-32561,153081,-121866,31215,19587,-18241,1346,NaN,NaN,NaN,NaN,321510,102487,-135048,-32561,153081,-121866,31215,19587,-18241,1346
2017-08-01T22:00:00Z,2.8765,2.891,2.8615,2.8825,102487,-135048,-32561,153081,-121866,31215,19587,-18241,1346,NaN,NaN,NaN,NaN,321510,102487,-135048,-32561,153081,-121866,31215,19587,-18241,1346
2017-08-02T22:00:00Z,2.885,2.895,2.86,2.878,102487,-135048,-32561,153081,-121866,31215,19587,-18241,1346,NaN,NaN,NaN,NaN,321510,102487,-135048,-32561,153081,-121866,31215,19587,-18241,1346
2017-08-03T22:00:00Z,2.882,2.8985,2.8655,2.888,102487,-135048,-32561,153081,-121866,31215,19587,-18241,1346,NaN,NaN,NaN,NaN,321510,102487,-135048,-32561,153081,-121866,31215,19587,-18241,1346
2017-08-06T22:00:00Z,2.8945,2.9265,2.872,2.911,102487,-135048,-32561,153081,-121866,31215,19587,-18241,1346,NaN,NaN,NaN,NaN,321510,102487,-135048,-32561,153081,-121866,31215,19587,-18241,1346
2017-08-07T22:00:00Z,2.914,2.947,2.892,2.943,101644,-135571,-33927,157369,-124233,33136,19668,-18877,791,NaN,NaN,NaN,NaN,328814,101644,-135571,-33927,157369,-124233,33136,19668,-18877,791
2017-08-08T22:00:00Z,2.9445,2.955,2.916,2.9285,101644,-135571,-33927,157369,-124233,33136,19668,-18877,791,NaN,NaN,NaN,NaN,328814,101644,-135571,-33927,157369,-124233,33136,19668,-18877,791
2017-08-09T22:00:00Z,2.928,2.939,2.8935,2.9035,101644,-135571,-33927,157369,-124233,33136,19668,-18877,791,NaN,NaN,NaN,NaN,328814,101644,-135571,-33927,157369,-124233,33136,19668,-18877,791
2017-08-10T22:00:00Z,2.903,2.922,2.8715,2.914,101644,-135571,-33927,157369,-124233,33136,19668,-18877,791,NaN,NaN,NaN,NaN,328814,101644,-135571,-33927,157369,-124233,33136,19668,-18877,791
2017-08-13T22:00:00Z,2.9125,2.9205,2.8875,2.902,101644,-135571,-33927,157369,-124233,33136,19668,-18877,791,NaN,NaN,NaN,NaN,328814,101644,-135571,-33927,157369,-124233,33136,19668,-18877,791
2017-08-14T22:00:00Z,2.9035,2.9135,2.8755,2.879,97858,-135003,-37145,163551,-126722,36829,17933,-17617,316,NaN,NaN,NaN,NaN,333951,97858,-135003,-37145,163551,-126722,36829,17933,-17617,316
2017-08-15T22:00:00Z,2.8785,2.9795,2.876,2.965,97858,-135003,-37145,163551,-126722,36829,17933,-17617,316,NaN,NaN,NaN,NaN,333951,97858,-135003,-37145,163551,-126722,36829,17933,-17617,316
2017-08-16T22:00:00Z,2.964,2.9825,2.877,2.9105,97858,-135003,-37145,163551,-126722,36829,17933,-17617,316,NaN,NaN,NaN,NaN,333951,97858,-135003,-37145,163551,-126722,36829,17933,-17617,316
2017-08-17T22:00:00Z,2.912,2.9605,2.9095,2.938,97858,-135003,-37145,163551,-126722,36829,17933,-17617,316,NaN,NaN,NaN,NaN,333951,97858,-135003,-37145,163551,-126722,36829,17933,-17617,316
2017-08-20T22:00:00Z,2.942,3.0025,2.9305,2.9805,97858,-135003,-37145,163551,-126722,36829,17933,-17617,316,NaN,NaN,NaN,NaN,333951,97858,-135003,-37145,163551,-126722,36829,17933,-17617,316
2017-08-21T22:00:00Z,2.979,3.0145,2.967,2.9895,96991,-138053,-41062,164982,-124136,40846,17885,-17669,216,NaN,NaN,NaN,NaN,329725,96991,-138053,-41062,164982,-124136,40846,17885,-17669,216
2017-08-22T22:00:00Z,2.99,2.992,2.9645,2.9845,96991,-138053,-41062,164982,-124136,40846,17885,-17669,216,NaN,NaN,NaN,NaN,329725,96991,-138053,-41062,164982,-124136,40846,17885,-17669,216
2017-08-23T22:00:00Z,2.985,3.048,2.9805,3.036,96991,-138053,-41062,164982,-124136,40846,17885,-17669,216,NaN,NaN,NaN,NaN,329725,96991,-138053,-41062,164982,-124136,40846,17885,-17669,216
2017-08-24T22:00:00Z,3.0365,3.056,3.0175,3.039,96991,-138053,-41062,164982,-124136,40846,17885,-17669,216,NaN,NaN,NaN,NaN,329725,96991,-138053,-41062,164982,-124136,40846,17885,-17669,216
2017-08-27T22:00:00Z,3.0345,3.087,3.0345,3.067,96991,-138053,-41062,164982,-124136,40846,17885,-17669,216,NaN,NaN,NaN,NaN,329725,96991,-138053,-41062,164982,-124136,40846,17885,-17669,216
2017-08-28T22:00:00Z,3.0675,3.0985,3.054,3.0785,100159,-144985,-44826,166629,-122977,43652,17670,-16496,1174,NaN,NaN,NaN,NaN,329513,100159,-144985,-44826,166629,-122977,43652,17670,-16496,1174
2017-08-29T22:00:00Z,3.105,3.1175,3.084,3.087,100159,-144985,-44826,166629,-122977,43652,17670,-16496,1174,NaN,NaN,NaN,NaN,329513,100159,-144985,-44826,166629,-122977,43652,17670,-16496,1174
2017-08-30T22:00:00Z,3.088,3.1355,3.087,3.103,100159,-144985,-44826,166629,-122977,43652,17670,-16496,1174,NaN,NaN,NaN,NaN,329513,100159,-144985,-44826,166629,-122977,43652,17670,-16496,1174
2017-08-31T22:00:00Z,3.102,3.1285,3.091,3.1195,100159,-144985,-44826,166629,-122977,43652,17670,-16496,1174,NaN,NaN,NaN,NaN,329513,100159,-144985,-44826,166629,-122977,43652,17670,-16496,1174
2017-09-03T22:00:00Z,3.1225,3.1785,3.113,3.1265,97890,-149529,-51639,172088,-123223,48865,19141,-16367,2774,NaN,NaN,NaN,NaN,330702,97890,-149529,-51639,172088,-123223,48865,19141,-16367,2774
2017-09-05T22:00:00Z,3.13,3.1605,3.125,3.158,97890,-149529,-51639,172088,-123223,48865,19141,-16367,2774,NaN,NaN,NaN,NaN,330702,97890,-149529,-51639,172088,-123223,48865,19141,-16367,2774
2017-09-06T22:00:00Z,3.1585,3.16,3.1115,3.149,97890,-149529,-51639,172088,-123223,48865,19141,-16367,2774,NaN,NaN,NaN,NaN,330702,97890,-149529,-51639,172088,-123223,48865,19141,-16367,2774
2017-09-07T22:00:00Z,3.148,3.1635,3.034,3.0405,97890,-149529,-51639,172088,-123223,48865,19141,-16367,2774,NaN,NaN,NaN,NaN,330702,97890,-149529,-51639,172088,-123223,48865,19141,-16367,2774
2017-09-10T22:00:00Z,3.0425,3.083,3.0325,3.072,97890,-149529,-51639,172088,-123223,48865,19141,-16367,2774,NaN,NaN,NaN,NaN,330702,97890,-149529,-51639,172088,-123223,48865,19141,-16367,2774
2017-09-11T22:00:00Z,3.071,3.075,3.019,3.0395,93018,-144830,-51812,161636,-115022,46614,19005,-13807,5198,NaN,NaN,NaN,NaN,316294,93018,-144830,-51812,161636,-115022,46614,19005,-13807,5198
2017-09-12T22:00:00Z,3.041,3.045,2.971,2.9835,93018,-144830,-51812,161636,-115022,46614,19005,-13807,5198,NaN,NaN,NaN,NaN,316294,93018,-144830,-51812,161636,-115022,46614,19005,-13807,5198
2017-09-13T22:00:00Z,2.9775,2.9895,2.9365,2.964,93018,-144830,-51812,161636,-115022,46614,19005,-13807,5198,NaN,NaN,NaN,NaN,316294,93018,-144830,-51812,161636,-115022,46614,19005,-13807,5198
2017-09-14T22:00:00Z,2.9625,2.9755,2.931,2.95,93018,-144830,-51812,161636,-115022,46614,19005,-13807,5198,NaN,NaN,NaN,NaN,316294,93018,-144830,-51812,161636,-115022,46614,19005,-13807,5198
2017-09-17T22:00:00Z,2.944,2.9935,2.9425,2.969,93018,-144830,-51812,161636,-115022,46614,19005,-13807,5198,NaN,NaN,NaN,NaN,316294,93018,-144830,-51812,161636,-115022,46614,19005,-13807,5198
2017-09-18T22:00:00Z,2.9705,2.9845,2.9585,2.9765,89998,-128801,-38803,142821,-110234,32587,19568,-13352,6216,NaN,NaN,NaN,NaN,289998,89998,-128801,-38803,142821,-110234,32587,19568,-13352,6216
2017-09-19T22:00:00Z,2.977,2.993,2.9535,2.9585,89998,-128801,-38803,142821,-110234,32587,19568,-13352,6216,NaN,NaN,NaN,NaN,289998,89998,-128801,-38803,142821,-110234,32587,19568,-13352,6216
2017-09-20T22:00:00Z,2.959,2.963,2.92,2.9375,89998,-128801,-38803,142821,-110234,32587,19568,-13352,6216,NaN,NaN,NaN,NaN,289998,89998,-128801,-38803,142821,-110234,32587,19568,-13352,6216
2017-09-21T22:00:00Z,2.9335,2.9565,2.894,2.9535,89998,-128801,-38803,142821,-110234,32587,19568,-13352,6216,NaN,NaN,NaN,NaN,289998,89998,-128801,-38803,142821,-110234,32587,19568,-13352,6216
2017-09-24T22:00:00Z,2.943,2.9605,2.9245,2.9365,89998,-128801,-38803,142821,-110234,32587,19568,-13352,6216,NaN,NaN,NaN,NaN,289998,89998,-128801,-38803,142821,-110234,32587,19568,-13352,6216
2017-09-25T22:00:00Z,2.939,2.9665,2.9075,2.919,85947,-122343,-36396,136358,-106222,30136,18222,-11962,6260,NaN,NaN,NaN,NaN,275999,85947,-122343,-36396,136358,-106222,30136,18222,-11962,6260
2017-09-26T22:00:00Z,2.917,2.95,2.9125,2.927,85947,-122343,-36396,136358,-106222,30136,18222,-11962,6260,NaN,NaN,NaN,NaN,275999,85947,-122343,-36396,136358,-106222,30136,18222,-11962,6260
2017-09-27T22:00:00Z,2.9255,2.99,2.905,2.9785,85947,-122343,-36396,136358,-106222,30136,18222,-11962,6260,NaN,NaN,NaN,NaN,275999,85947,-122343,-36396,136358,-106222,30136,18222,-11962,6260
2017-09-28T22:00:00Z,2.9775,2.9925,2.9455,2.9475,85947,-122343,-36396,136358,-106222,30136,18222,-11962,6260,NaN,NaN,NaN,NaN,275999,85947,-122343,-36396,136358,-106222,30136,18222,-11962,6260
2017-10-01T22:00:00Z,2.9585,2.99,2.9375,2.947,85947,-122343,-36396,136358,-106222,30136,18222,-11962,6260,NaN,NaN,NaN,NaN,275999,85947,-122343,-36396,136358,-106222,30136,18222,-11962,6260
2017-10-02T22:00:00Z,2.945,2.972,2.926,2.958,80495,-120284,-39789,140250,-106421,33829,17529,-11569,5960,NaN,NaN,NaN,NaN,273497,80495,-120284,-39789,140250,-106421,33829,17529,-11569,5960
2017-10-03T22:00:00Z,2.9575,2.972,2.947,2.9565,80495,-120284,-39789,140250,-106421,33829,17529,-11569,5960,NaN,NaN,NaN,NaN,273497,80495,-120284,-39789,140250,-106421,33829,17529,-11569,5960
2017-10-04T22:00:00Z,2.9565,3.05,2.954,3.043,80495,-120284,-39789,140250,-106421,33829,17529,-11569,5960,NaN,NaN,NaN,NaN,273497,80495,-120284,-39789,140250,-106421,33829,17529,-11569,5960
2017-10-05T22:00:00Z,3.0405,3.056,3.018,3.0245,80495,-120284,-39789,140250,-106421,33829,17529,-11569,5960,NaN,NaN,NaN,NaN,273497,80495,-120284,-39789,140250,-106421,33829,17529,-11569,5960
2017-10-08T22:00:00Z,3.0185,3.0365,3.012,3.0275,80495,-120284,-39789,140250,-106421,33829,17529,-11569,5960,NaN,NaN,NaN,NaN,273497,80495,-120284,-39789,140250,-106421,33829,17529,-11569,5960
2017-10-09T22:00:00Z,3.0285,3.0705,3.0275,3.0595,81658,-128254,-46596,148019,-107281,40738,18524,-12666,5858,NaN,NaN,NaN,NaN,289779,81658,-128254,-46596,148019,-107281,40738,18524,-12666,5858
2017-10-10T22:00:00Z,3.064,3.0995,3.0525,3.094,81658,-128254,-46596,148019,-107281,40738,18524,-12666,5858,NaN,NaN,NaN,NaN,289779,81658,-128254,-46596,148019,-107281,40738,18524,-12666,5858
2017-10-11T22:00:00Z,3.0935,3.136,3.0835,3.1205,81658,-128254,-46596,148019,-107281,40738,18524,-12666,5858,NaN,NaN,NaN,NaN,289779,81658,-128254,-46596,148019,-107281,40738,18524,-12666,5858
2017-10-12T22:00:00Z,3.122,3.1425,3.1125,3.1335,81658,-128254,-46596,148019,-107281,40738,18524,-12666,5858,NaN,NaN,NaN,NaN,289779,81658,-128254,-46596,148019,-107281,40738,18524,-12666,5858
2017-10-15T22:00:00Z,3.1335,3.2595,3.112,3.2425,81658,-128254,-46596,148019,-107281,40738,18524,-12666,5858,NaN,NaN,NaN,NaN,289779,81658,-128254,-46596,148019,-107281,40738,18524,-12666,5858
2017-10-16T22:00:00Z,3.2425,3.243,3.1875,3.2015,86744,-141458,-54714,155965,-104478,51487,18106,-14879,3227,NaN,NaN,NaN,NaN,306618,86744,-141458,-54714,155965,-104478,51487,18106,-14879,3227
2017-10-17T22:00:00Z,3.2,3.216,3.171,3.1755,86744,-141458,-54714,155965,-104478,51487,18106,-14879,3227,NaN,NaN,NaN,NaN,306618,86744,-141458,-54714,155965,-104478,51487,18106,-14879,3227
2017-10-18T22:00:00Z,3.1755,3.1865,3.138,3.172,86744,-141458,-54714,155965,-104478,51487,18106,-14879,3227,NaN,NaN,NaN,NaN,306618,86744,-141458,-54714,155965,-104478,51487,18106,-14879,3227
2017-10-19T22:00:00Z,3.172,3.2105,3.143,3.17,86744,-141458,-54714,155965,-104478,51487,18106,-14879,3227,NaN,NaN,NaN,NaN,306618,86744,-141458,-54714,155965,-104478,51487,18106,-14879,3227
2017-10-22T22:00:00Z,3.17,3.1895,3.152,3.185,86744,-141458,-54714,155965,-104478,51487,18106,-14879,3227,NaN,NaN,NaN,NaN,306618,86744,-141458,-54714,155965,-104478,51487,18106,-14879,3227
2017-10-23T22:00:00Z,3.185,3.239,3.182,3.1985,87457,-144264,-56807,155756,-102504,53252,18269,-14714,3555,NaN,NaN,NaN,NaN,308996,87457,-144264,-56807,155756,-102504,53252,18269,-14714,3555
2017-10-24T22:00:00Z,3.1985,3.203,3.144,3.1865,87457,-144264,-56807,155756,-102504,53252,18269,-14714,3555,NaN,NaN,NaN,NaN,308996,87457,-144264,-56807,155756,-102504,53252,18269,-14714,3555
2017-10-25T22:00:00Z,3.1865,3.2,3.158,3.176,87457,-144264,-56807,155756,-102504,53252,18269,-14714,3555,NaN,NaN,NaN,NaN,308996,87457,-144264,-56807,155756,-102504,53252,18269,-14714,3555
2017-10-26T22:00:00Z,3.1785,3.1795,3.073,3.104,87457,-144264,-56807,155756,-102504,53252,18269,-14714,3555,NaN,NaN,NaN,NaN,308996,87457,-144264,-56807,155756,-102504,53252,18269,-14714,3555
2017-10-29T22:00:00Z,3.1045,3.118,3.087,3.1095,87457,-144264,-56807,155756,-102504,53252,18269,-14714,3555,NaN,NaN,NaN,NaN,308996,87457,-144264,-56807,155756,-102504,53252,18269,-14714,3555
2017-10-30T22:00:00Z,3.1075,3.137,3.0925,3.112,87595,-140038,-52443,145513,-97920,47593,17550,-12700,4850,NaN,NaN,NaN,NaN,299573,87595,-140038,-52443,145513,-97920,47593,17550,-12700,4850
2017-10-31T22:00:00Z,3.1115,3.183,3.1075,3.1385,87595,-140038,-52443,145513,-97920,47593,17550,-12700,4850,NaN,NaN,NaN,NaN,299573,87595,-140038,-52443,145513,-97920,47593,17550,-12700,4850
2017-11-01T22:00:00Z,3.137,3.171,3.1035,3.138,87595,-140038,-52443,145513,-97920,47593,17550,-12700,4850,NaN,NaN,NaN,NaN,299573,87595,-140038,-52443,145513,-97920,47593,17550,-12700,4850
2017-11-02T22:00:00Z,3.1375,3.155,3.105,3.115,87595,-140038,-52443,145513,-97920,47593,17550,-12700,4850,NaN,NaN,NaN,NaN,299573,87595,-140038,-52443,145513,-97920,47593,17550,-12700,4850
2017-11-05T23:00:00Z,3.113,3.173,3.1115,3.158,87595,-140038,-52443,145513,-97920,47593,17550,-12700,4850,NaN,NaN,NaN,NaN,299573,87595,-140038,-52443,145513,-97920,47593,17550,-12700,4850
2017-11-06T23:00:00Z,3.1565,3.166,3.083,3.0875,85071,-134710,-49639,140327,-97752,42575,19583,-12519,7064,NaN,NaN,NaN,NaN,299392,85071,-134710,-49639,140327,-97752,42575,19583,-12519,7064
2017-11-07T23:00:00Z,3.0875,3.1115,3.0665,3.0985,85071,-134710,-49639,140327,-97752,42575,19583,-12519,7064,NaN,NaN,NaN,NaN,299392,85071,-134710,-49639,140327,-97752,42575,19583,-12519,7064
2017-11-08T23:00:00Z,3.098,3.1075,3.0585,3.0905,85071,-134710,-49639,140327,-97752,42575,19583,-12519,7064,NaN,NaN,NaN,NaN,299392,85071,-134710,-49639,140327,-97752,42575,19583,-12519,7064
2017-11-09T23:00:00Z,3.089,3.1095,3.067,3.073,85071,-134710,-49639,140327,-97752,42575,19583,-12519,7064,NaN,NaN,NaN,NaN,299392,85071,-134710,-49639,140327,-97752,42575,19583,-12519,7064
2017-11-12T23:00:00Z,3.075,3.1365,3.068,3.1255,85071,-134710,-49639,140327,-97752,42575,19583,-12519,7064,NaN,NaN,NaN,NaN,299392,85071,-134710,-49639,140327,-97752,42575,19583,-12519,7064
2017-11-13T23:00:00Z,3.124,3.1285,3.0485,3.054,84856,-130500,-45644,132942,-93228,39714,19019,-13089,5930,NaN,NaN,NaN,NaN,283153,84856,-130500,-45644,132942,-93228,39714,19019,-13089,5930
2017-11-14T23:00:00Z,3.0525,3.0645,3.034,3.0505,84856,-130500,-45644,132942,-93228,39714,19019,-13089,5930,NaN,NaN,NaN,NaN,283153,84856,-130500,-45644,132942,-93228,39714,19019,-13089,5930
2017-11-15T23:00:00Z,3.049,3.079,3.0345,3.0525,84856,-130500,-45644,132942,-93228,39714,19019,-13089,5930,NaN,NaN,NaN,NaN,283153,84856,-130500,-45644,132942,-93228,39714,19019,-13089,5930
2017-11-16T23:00:00Z,3.0485,3.0725,3.0315,3.0715,84856,-130500,-45644,132942,-93228,39714,19019,-13089,5930,NaN,NaN,NaN,NaN,283153,84856,-130500,-45644,132942,-93228,39714,19019,-13089,5930
2017-11-19T23:00:00Z,3.07,3.094,3.0495,3.0885,84856,-130500,-45644,132942,-93228,39714,19019,-13089,5930,NaN,NaN,NaN,NaN,283153,84856,-130500,-45644,132942,-93228,39714,19019,-13089,5930
2017-11-20T23:00:00Z,3.088,3.1325,3.0795,3.1295,85241,-131154,-45913,130954,-90341,40613,17726,-12426,5300,NaN,NaN,NaN,NaN,277126,85241,-131154,-45913,130954,-90341,40613,17726,-12426,5300
2017-11-21T23:00:00Z,3.129,3.1445,3.1185,3.137,85241,-131154,-45913,130954,-90341,40613,17726,-12426,5300,NaN,NaN,NaN,NaN,277126,85241,-131154,-45913,130954,-90341,40613,17726,-12426,5300
2017-11-22T23:00:00Z,3.136,3.176,3.1245,3.1735,85241,-131154,-45913,130954,-90341,40613,17726,-12426,5300,NaN,NaN,NaN,NaN,277126,85241,-131154,-45913,130954,-90341,40613,17726,-12426,5300
2017-11-26T23:00:00Z,3.172,3.176,3.1215,3.1305,85241,-131154,-45913,130954,-90341,40613,17726,-12426,5300,NaN,NaN,NaN,NaN,277126,85241,-131154,-45913,130954,-90341,40613,17726,-12426,5300
2017-11-27T23:00:00Z,3.1315,3.1345,3.065,3.068,81417,-132288,-50871,132756,-88833,43923,18765,-11817,6948,NaN,NaN,NaN,NaN,273314,81417,-132288,-50871,132756,-88833,43923,18765,-11817,6948
2017-11-28T23:00:00Z,3.095,3.1125,3.0615,3.0665,81417,-132288,-50871,132756,-88833,43923,18765,-11817,6948,NaN,NaN,NaN,NaN,273314,81417,-132288,-50871,132756,-88833,43923,18765,-11817,6948
2017-11-29T23:00:00Z,3.067,3.093,3.051,3.07,81417,-132288,-50871,132756,-88833,43923,18765,-11817,6948,NaN,NaN,NaN,NaN,273314,81417,-132288,-50871,132756,-88833,43923,18765,-11817,6948
2017-11-30T23:00:00Z,3.07,3.1255,3.067,3.0945,81417,-132288,-50871,132756,-88833,43923,18765,-11817,6948,NaN,NaN,NaN,NaN,273314,81417,-132288,-50871,132756,-88833,43923,18765,-11817,6948
2017-12-03T23:00:00Z,3.0965,3.118,3.084,3.087,81417,-132288,-50871,132756,-88833,43923,18765,-11817,6948,NaN,NaN,NaN,NaN,273314,81417,-132288,-50871,132756,-88833,43923,18765,-11817,6948
2017-12-04T23:00:00Z,3.0875,3.1005,2.943,2.9515,80412,-115624,-35212,116872,-90219,26653,19596,-11037,8559,NaN,NaN,NaN,NaN,258050,80412,-115624,-35212,116872,-90219,26653,19596,-11037,8559
2017-12-05T23:00:00Z,2.95,2.9885,2.9475,2.966,80412,-115624,-35212,116872,-90219,26653,19596,-11037,8559,NaN,NaN,NaN,NaN,258050,80412,-115624,-35212,116872,-90219,26653,19596,-11037,8559
2017-12-06T23:00:00Z,2.964,2.996,2.9515,2.965,80412,-115624,-35212,116872,-90219,26653,19596,-11037,8559,NaN,NaN,NaN,NaN,258050,80412,-115624,-35212,116872,-90219,26653,19596,-11037,8559
2017-12-07T23:00:00Z,2.9635,2.9915,2.9595,2.981,80412,-115624,-35212,116872,-90219,26653,19596,-11037,8559,NaN,NaN,NaN,NaN,258050,80412,-115624,-35212,116872,-90219,26653,19596,-11037,8559
2017-12-10T23:00:00Z,2.9815,3.019,2.9635,3.0145,80412,-115624,-35212,116872,-90219,26653,19596,-11037,8559,NaN,NaN,NaN,NaN,258050,80412,-115624,-35212,116872,-90219,26653,19596,-11037,8559
2017-12-11T23:00:00Z,3.0145,3.0285,3.0005,3.023,79385,-110514,-31129,106244,-78490,27754,16331,-12956,3375,NaN,NaN,NaN,NaN,235080,79385,-110514,-31129,106244,-78490,27754,16331,-12956,3375
2017-12-12T23:00:00Z,3.0225,3.062,3.013,3.0565,79385,-110514,-31129,106244,-78490,27754,16331,-12956,3375,NaN,NaN,NaN,NaN,235080,79385,-110514,-31129,106244,-78490,27754,16331,-12956,3375
2017-12-13T23:00:00Z,3.0565,3.09,3.032,3.0735,79385,-110514,-31129,106244,-78490,27754,16331,-12956,3375,NaN,NaN,NaN,NaN,235080,79385,-110514,-31129,106244,-78490,27754,16331,-12956,3375
2017-12-14T23:00:00Z,3.0735,3.14,3.0635,3.1395,79385,-110514,-31129,106244,-78490,27754,16331,-12956,3375,NaN,NaN,NaN,NaN,235080,79385,-110514,-31129,106244,-78490,27754,16331,-12956,3375
2017-12-17T23:00:00Z,3.1345,3.1475,3.111,3.145,79385,-110514,-31129,106244,-78490,27754,16331,-12956,3375,NaN,NaN,NaN,NaN,235080,79385,-110514,-31129,106244,-78490,27754,16331,-12956,3375
2017-12-18T23:00:00Z,3.1445,3.158,3.1145,3.147,83794,-126860,-43066,118876,-76178,42698,15401,-15033,368,NaN,NaN,NaN,NaN,249462,83794,-126860,-43066,118876,-76178,42698,15401,-15033,368
2017-12-19T23:00:00Z,3.1465,3.212,3.139,3.195,83794,-126860,-43066,118876,-76178,42698,15401,-15033,368,NaN,NaN,NaN,NaN,249462,83794,-126860,-43066,118876,-76178,42698,15401,-15033,368
2017-12-20T23:00:00Z,3.196,3.22,3.1825,3.2155,83794,-126860,-43066,118876,-76178,42698,15401,-15033,368,NaN,NaN,NaN,NaN,249462,83794,-126860,-43066,118876,-76178,42698,15401,-15033,368
2017-12-21T23:00:00Z,3.2145,3.25,3.1955,3.2465,83794,-126860,-43066,118876,-76178,42698,15401,-15033,368,NaN,NaN,NaN,NaN,249462,83794,-126860,-43066,118876,-76178,42698,15401,-15033,368
2017-12-25T23:00:00Z,3.2435,3.3,3.231,3.277,83321,-136134,-52813,136816,-83547,53269,14992,-15448,-456,NaN,NaN,NaN,NaN,268478,83321,-136134,-52813,136816,-83547,53269,14992,-15448,-456
2017-12-26T23:00:00Z,3.2755,3.2975,3.2485,3.2815,83321,-136134,-52813,136816,-83547,53269,14992,-15448,-456,NaN,NaN,NaN,NaN,268478,83321,-136134,-52813,136816,-83547,53269,14992,-15448,-456
2017-12-27T23:00:00Z,3.282,3.322,3.2695,3.306,83321,-136134,-52813,136816,-83547,53269,14992,-15448,-456,NaN,NaN,NaN,NaN,268478,83321,-136134,-52813,136816,-83547,53269,14992,-15448,-456
2017-12-28T23:00:00Z,3.3065,3.3145,3.26,3.295,83321,-136134,-52813,136816,-83547,53269,14992,-15448,-456,NaN,NaN,NaN,NaN,268478,83321,-136134,-52813,136816,-83547,53269,14992,-15448,-456
2018-01-01T23:00:00Z,3.2965,3.3095,3.2675,3.278,79800,-144683,-64883,150141,-86229,63912,17507,-16536,971,NaN,NaN,NaN,NaN,288846,79800,-144683,-64883,150141,-86229,63912,17507,-16536,971
2018-01-02T23:00:00Z,3.2775,3.28,3.2365,3.2575,79800,-144683,-64883,150141,-86229,63912,17507,-16536,971,NaN,NaN,NaN,NaN,288846,79800,-144683,-64883,150141,-86229,63912,17507,-16536,971
2018-01-03T23:00:00Z,3.257,3.298,3.245,3.259,79800,-144683,-64883,150141,-86229,63912,17507,-16536,971,NaN,NaN,NaN,NaN,288846,79800,-144683,-64883,150141,-86229,63912,17507,-16536,971
2018-01-04T23:00:00Z,3.2585,3.276,3.2225,3.2315,79800,-144683,-64883,150141,-86229,63912,17507,-16536,971,NaN,NaN,NaN,NaN,288846,79800,-144683,-64883,150141,-86229,63912,17507,-16536,971
2018-01-07T23:00:00Z,3.2335,3.2455,3.2205,3.2305,79800,-144683,-64883,150141,-86229,63912,17507,-16536,971,NaN,NaN,NaN,NaN,288846,79800,-144683,-64883,150141,-86229,63912,17507,-16536,971
2018-01-08T23:00:00Z,3.2305,3.259,3.2125,3.2215,76150,-142372,-66222,147973,-85689,62284,17931,-13993,3938,NaN,NaN,NaN,NaN,292480,76150,-142372,-66222,147973,-85689,62284,17931,-13993,3938
2018-01-09T23:00:00Z,3.2205,3.2745,3.2175,3.2365,76150,-142372,-66222,147973,-85689,62284,17931,-13993,3938,NaN,NaN,NaN,NaN,292480,76150,-142372,-66222,147973,-85689,62284,17931,-13993,3938
2018-01-10T23:00:00Z,3.236,3.2565,3.2065,3.2275,76150,-142372,-66222,147973,-85689,62284,17931,-13993,3938,NaN,NaN,NaN,NaN,292480,76150,-142372,-66222,147973,-85689,62284,17931,-13993,3938
2018-01-11T23:00:00Z,3.2255,3.249,3.216,3.223,76150,-142372,-66222,147973,-85689,62284,17931,-13993,3938,NaN,NaN,NaN,NaN,292480,76150,-142372,-66222,147973,-85689,62284,17931,-13993,3938
2018-01-14T23:00:00Z,3.224,3.291,3.1835,3.219,76474,-141452,-64978,138575,-77409,61166,17755,-13943,3812,NaN,NaN,NaN,NaN,288577,76474,-141452,-64978,138575,-77409,61166,17755,-13943,3812
2018-01-16T23:00:00Z,3.219,3.221,3.1785,3.1925,76474,-141452,-64978,138575,-77409,61166,17755,-13943,3812,NaN,NaN,NaN,NaN,288577,76474,-141452,-64978,138575,-77409,61166,17755,-13943,3812
2018-01-17T23:00:00Z,3.192,3.216,3.184,3.2,76474,-141452,-64978,138575,-77409,61166,17755,-13943,3812,NaN,NaN,NaN,NaN,288577,76474,-141452,-64978,138575,-77409,61166,17755,-13943,3812
2018-01-18T23:00:00Z,3.201,3.234,3.18,3.1805,76474,-141452,-64978,138575,-77409,61166,17755,-13943,3812,NaN,NaN,NaN,NaN,288577,76474,-141452,-64978,138575,-77409,61166,17755,-13943,3812
2018-01-21T23:00:00Z,3.1865,3.2185,3.1795,3.2015,76474,-141452,-64978,138575,-77409,61166,17755,-13943,3812,NaN,NaN,NaN,NaN,288577,76474,-141452,-64978,138575,-77409,61166,17755,-13943,3812
2018-01-22T23:00:00Z,3.1985,3.2125,3.108,3.1195,73371,-132834,-59463,134151,-82116,52035,19560,-12132,7428,NaN,NaN,NaN,NaN,284300,73371,-132834,-59463,134151,-82116,52035,19560,-12132,7428
2018-01-23T23:00:00Z,3.1185,3.2425,3.114,3.2305,73371,-132834,-59463,134151,-82116,52035,19560,-12132,7428,NaN,NaN,NaN,NaN,284300,73371,-132834,-59463,134151,-82116,52035,19560,-12132,7428
2018-01-24T23:00:00Z,3.23,3.258,3.196,3.2025,73371,-132834,-59463,134151,-82116,52035,19560,-12132,7428,NaN,NaN,NaN,NaN,284300,73371,-132834,-59463,134151,-82116,52035,19560,-12132,7428
2018-01-25T23:00:00Z,3.204,3.228,3.185,3.1995,73371,-132834,-59463,134151,-82116,52035,19560,-12132,7428,NaN,NaN,NaN,NaN,284300,73371,-132834,-59463,134151,-82116,52035,19560,-12132,7428
2018-01-28T23:00:00Z,3.2,3.2355,3.191,3.195,73371,-132834,-59463,134151,-82116,52035,19560,-12132,7428,NaN,NaN,NaN,NaN,284300,73371,-132834,-59463,134151,-82116,52035,19560,-12132,7428
2018-01-29T23:00:00Z,3.1985,3.211,3.152,3.191,82882,-141276,-58394,128405,-74566,53839,17494,-12939,4555,NaN,NaN,NaN,NaN,287352,82882,-141276,-58394,128405,-74566,53839,17494,-12939,4555
2018-01-30T23:00:00Z,3.191,3.233,3.177,3.201,82882,-141276,-58394,128405,-74566,53839,17494,-12939,4555,NaN,NaN,NaN,NaN,287352,82882,-141276,-58394,128405,-74566,53839,17494,-12939,4555
2018-01-31T23:00:00Z,3.198,3.2225,3.183,3.2155,82882,-141276,-58394,128405,-74566,53839,17494,-12939,4555,NaN,NaN,NaN,NaN,287352,82882,-141276,-58394,128405,-74566,53839,17494,-12939,4555
2018-02-01T23:00:00Z,3.2155,3.244,3.165,3.1815,82882,-141276,-58394,128405,-74566,53839,17494,-12939,4555,NaN,NaN,NaN,NaN,287352,82882,-141276,-58394,128405,-74566,53839,17494,-12939,4555
2018-02-04T23:00:00Z,3.1755,3.2575,3.1705,3.19,82882,-141276,-58394,128405,-74566,53839,17494,-12939,4555,NaN,NaN,NaN,NaN,287352,82882,-141276,-58394,128405,-74566,53839,17494,-12939,4555
2018-02-05T23:00:00Z,3.1915,3.2195,3.16,3.215,80652,-139174,-58522,124116,-71161,52955,17412,-11845,5567,NaN,NaN,NaN,NaN,285964,80652,-139174,-58522,124116,-71161,52955,17412,-11845,5567
2018-02-06T23:00:00Z,3.213,3.2285,3.085,3.0965,80652,-139174,-58522,124116,-71161,52955,17412,-11845,5567,NaN,NaN,NaN,NaN,285964,80652,-139174,-58522,124116,-71161,52955,17412,-11845,5567
2018-02-07T23:00:00Z,3.095,3.119,3.0615,3.0735,80652,-139174,-58522,124116,-71161,52955,17412,-11845,5567,NaN,NaN,NaN,NaN,285964,80652,-139174,-58522,124116,-71161,52955,17412,-11845,5567
2018-02-08T23:00:00Z,3.0765,3.084,3.026,3.05,80652,-139174,-58522,124116,-71161,52955,17412,-11845,5567,NaN,NaN,NaN,NaN,285964,80652,-139174,-58522,124116,-71161,52955,17412,-11845,5567
2018-02-11T23:00:00Z,3.05,3.097,3.0425,3.087,80652,-139174,-58522,124116,-71161,52955,17412,-11845,5567,NaN,NaN,NaN,NaN,285964,80652,-139174,-58522,124116,-71161,52955,17412,-11845,5567
2018-02-12T23:00:00Z,3.0865,3.169,3.0795,3.164,73463,-122331,-48868,112722,-67974,44748,17784,-13664,4120,NaN,NaN,NaN,NaN,255708,73463,-122331,-48868,112722,-67974,44748,17784,-13664,4120
2018-02-13T23:00:00Z,3.1635,3.2375,3.139,3.2345,73463,-122331,-48868,112722,-67974,44748,17784,-13664,4120,NaN,NaN,NaN,NaN,255708,73463,-122331,-48868,112722,-67974,44748,17784,-13664,4120
2018-02-14T23:00:00Z,3.237,3.249,3.2125,3.246,73463,-122331,-48868,112722,-67974,44748,17784,-13664,4120,NaN,NaN,NaN,NaN,255708,73463,-122331,-48868,112722,-67974,44748,17784,-13664,4120
2018-02-15T23:00:00Z,3.2455,3.272,3.2355,3.2385,73463,-122331,-48868,112722,-67974,44748,17784,-13664,4120,NaN,NaN,NaN,NaN,255708,73463,-122331,-48868,112722,-67974,44748,17784,-13664,4120
2018-02-18T23:00:00Z,3.2395,3.246,3.1805,3.186,75737,-130427,-54690,113187,-65886,47301,19519,-12130,7389,NaN,NaN,NaN,NaN,256420,75737,-130427,-54690,113187,-65886,47301,19519,-12130,7389
2018-02-20T23:00:00Z,3.187,3.2295,3.164,3.201,75737,-130427,-54690,113187,-65886,47301,19519,-12130,7389,NaN,NaN,NaN,NaN,256420,75737,-130427,-54690,113187,-65886,47301,19519,-12130,7389
2018-02-21T23:00:00Z,3.2005,3.2435,3.1535,3.2345,75737,-130427,-54690,113187,-65886,47301,19519,-12130,7389,NaN,NaN,NaN,NaN,256420,75737,-130427,-54690,113187,-65886,47301,19519,-12130,7389
2018-02-22T23:00:00Z,3.234,3.2355,3.19,3.207,75737,-130427,-54690,113187,-65886,47301,19519,-12130,7389,NaN,NaN,NaN,NaN,256420,75737,-130427,-54690,113187,-65886,47301,19519,-12130,7389
2018-02-25T23:00:00Z,3.2085,3.234,3.188,3.198,75737,-130427,-54690,113187,-65886,47301,19519,-12130,7389,NaN,NaN,NaN,NaN,256420,75737,-130427,-54690,113187,-65886,47301,19519,-12130,7389
2018-02-26T23:00:00Z,3.2235,3.237,3.163,3.1825,84756,-131777,-47021,114277,-72876,41401,17247,-11627,5620,NaN,NaN,NaN,NaN,264683,84756,-131777,-47021,114277,-72876,41401,17247,-11627,5620
2018-02-27T23:00:00Z,3.1835,3.186,3.1255,3.129,84756,-131777,-47021,114277,-72876,41401,17247,-11627,5620,NaN,NaN,NaN,NaN,264683,84756,-131777,-47021,114277,-72876,41401,17247,-11627,5620
2018-02-28T23:00:00Z,3.1285,3.1475,3.098,3.1255,84756,-131777,-47021,114277,-72876,41401,17247,-11627,5620,NaN,NaN,NaN,NaN,264683,84756,-131777,-47021,114277,-72876,41401,17247,-11627,5620
2018-03-01T23:00:00Z,3.1235,3.1455,3.1085,3.1335,84756,-131777,-47021,114277,-72876,41401,17247,-11627,5620,NaN,NaN,NaN,NaN,264683,84756,-131777,-47021,114277,-72876,41401,17247,-11627,5620
2018-03-04T23:00:00Z,3.1325,3.1385,3.0955,3.1275,84756,-131777,-47021,114277,-72876,41401,17247,-11627,5620,NaN,NaN,NaN,NaN,264683,84756,-131777,-47021,114277,-72876,41401,17247,-11627,5620
2018-03-05T23:00:00Z,3.1285,3.178,3.1265,3.1565,83295,-132773,-49478,112589,-70669,41920,18748,-11190,7558,NaN,NaN,NaN,NaN,260097,83295,-132773,-49478,112589,-70669,41920,18748,-11190,7558
2018-03-06T23:00:00Z,3.155,3.1585,3.1175,3.134,83295,-132773,-49478,112589,-70669,41920,18748,-11190,7558,NaN,NaN,NaN,NaN,260097,83295,-132773,-49478,112589,-70669,41920,18748,-11190,7558
2018-03-07T23:00:00Z,3.135,3.1395,3.0705,3.079,83295,-132773,-49478,112589,-70669,41920,18748,-11190,7558,NaN,NaN,NaN,NaN,260097,83295,-132773,-49478,112589,-70669,41920,18748,-11190,7558
2018-03-08T23:00:00Z,3.078,3.147,3.0555,3.1445,83295,-132773,-49478,112589,-70669,41920,18748,-11190,7558,NaN,NaN,NaN,NaN,260097,83295,-132773,-49478,112589,-70669,41920,18748,-11190,7558
2018-03-11T22:00:00Z,3.147,3.1555,3.1095,3.121,83295,-132773,-49478,112589,-70669,41920,18748,-11190,7558,NaN,NaN,NaN,NaN,260097,83295,-132773,-49478,112589,-70669,41920,18748,-11190,7558
2018-03-12T22:00:00Z,3.121,3.1445,3.1025,3.1345,92159,-137691,-45532,108709,-69074,39635,18834,-12937,5897,NaN,NaN,NaN,NaN,273651,92159,-137691,-45532,108709,-69074,39635,18834,-12937,5897
2018-03-13T22:00:00Z,3.134,3.192,3.1265,3.1485,92159,-137691,-45532,108709,-69074,39635,18834,-12937,5897,NaN,NaN,NaN,NaN,273651,92159,-137691,-45532,108709,-69074,39635,18834,-12937,5897
2018-03-14T22:00:00Z,3.1495,3.166,3.1075,3.1255,92159,-137691,-45532,108709,-69074,39635,18834,-12937,5897,NaN,NaN,NaN,NaN,273651,92159,-137691,-45532,108709,-69074,39635,18834,-12937,5897
2018-03-15T22:00:00Z,3.1265,3.1495,3.09,3.1125,92159,-137691,-45532,108709,-69074,39635,18834,-12937,5897,NaN,NaN,NaN,NaN,273651,92159,-137691,-45532,108709,-69074,39635,18834,-12937,5897
2018-03-18T22:00:00Z,3.115,3.1155,3.058,3.077,92159,-137691,-45532,108709,-69074,39635,18834,-12937,5897,NaN,NaN,NaN,NaN,273651,92159,-137691,-45532,108709,-69074,39635,18834,-12937,5897
2018-03-19T22:00:00Z,3.076,3.094,3.029,3.0375,100673,-141281,-40608,107919,-77058,30861,22830,-13083,9747,NaN,NaN,NaN,NaN,283457,100673,-141281,-40608,107919,-77058,30861,22830,-13083,9747
2018-03-20T22:00:00Z,3.0385,3.093,3.015,3.08,100673,-141281,-40608,107919,-77058,30861,22830,-13083,9747,NaN,NaN,NaN,NaN,283457,100673,-141281,-40608,107919,-77058,30861,22830,-13083,9747
2018-03-21T22:00:00Z,3.0785,3.089,3.003,3.024,100673,-141281,-40608,107919,-77058,30861,22830,-13083,9747,NaN,NaN,NaN,NaN,283457,100673,-141281,-40608,107919,-77058,30861,22830,-13083,9747
2018-03-22T22:00:00Z,3.023,3.0305,2.9705,2.9765,100673,-141281,-40608,107919,-77058,30861,22830,-13083,9747,NaN,NaN,NaN,NaN,283457,100673,-141281,-40608,107919,-77058,30861,22830,-13083,9747
2018-03-25T22:00:00Z,2.9795,3.002,2.9375,2.9855,100673,-141281,-40608,107919,-77058,30861,22830,-13083,9747,NaN,NaN,NaN,NaN,283457,100673,-141281,-40608,107919,-77058,30861,22830,-13083,9747
2018-03-26T22:00:00Z,2.984,3.024,2.9775,2.9845,115589,-141882,-26293,106932,-87745,19187,21624,-14518,7106,NaN,NaN,NaN,NaN,293335,115589,-141882,-26293,106932,-87745,19187,21624,-14518,7106
2018-03-27T22:00:00Z,2.983,3.01,2.9685,2.998,115589,-141882,-26293,106932,-87745,19187,21624,-14518,7106,NaN,NaN,NaN,NaN,293335,115589,-141882,-26293,106932,-87745,19187,21624,-14518,7106
2018-03-28T22:00:00Z,3.001,3.049,2.9945,3.023,115589,-141882,-26293,106932,-87745,19187,21624,-14518,7106,NaN,NaN,NaN,NaN,293335,115589,-141882,-26293,106932,-87745,19187,21624,-14518,7106
2018-04-01T22:00:00Z,3.048,3.0725,3.037,3.044,115589,-141882,-26293,106932,-87745,19187,21624,-14518,7106,NaN,NaN,NaN,NaN,293335,115589,-141882,-26293,106932,-87745,19187,21624,-14518,7106
2018-04-02T22:00:00Z,3.0445,3.0695,3.0385,3.0655,117045,-142322,-25277,102027,-81117,20910,19731,-15364,4367,NaN,NaN,NaN,NaN,289138,117045,-142322,-25277,102027,-81117,20910,19731,-15364,4367
2018-04-03T22:00:00Z,3.067,3.0695,2.97,3.0245,117045,-142322,-25277,102027,-81117,20910,19731,-15364,4367,NaN,NaN,NaN,NaN,289138,117045,-142322,-25277,102027,-81117,20910,19731,-15364,4367
2018-04-04T22:00:00Z,3.0285,3.088,3.0135,3.068,117045,-142322,-25277,102027,-81117,20910,19731,-15364,4367,NaN,NaN,NaN,NaN,289138,117045,-142322,-25277,102027,-81117,20910,19731,-15364,4367
2018-04-05T22:00:00Z,3.0685,3.0685,3.0245,3.0385,117045,-142322,-25277,102027,-81117,20910,19731,-15364,4367,NaN,NaN,NaN,NaN,289138,117045,-142322,-25277,102027,-81117,20910,19731,-15364,4367
2018-04-08T22:00:00Z,3.0425,3.0855,3.0355,3.076,117045,-142322,-25277,102027,-81117,20910,19731,-15364,4367,NaN,NaN,NaN,NaN,289138,117045,-142322,-25277,102027,-81117,20910,19731,-15364,4367
2018-04-09T22:00:00Z,3.076,3.141,3.068,3.1395,95352,-121489,-26137,94928,-71222,23706,17860,-15429,2431,NaN,NaN,NaN,NaN,255757,95352,-121489,-26137,94928,-71222,23706,17860,-15429,2431
2018-04-10T22:00:00Z,3.138,3.1475,3.1015,3.113,95352,-121489,-26137,94928,-71222,23706,17860,-15429,2431,NaN,NaN,NaN,NaN,255757,95352,-121489,-26137,94928,-71222,23706,17860,-15429,2431
2018-04-11T22:00:00Z,3.1135,3.123,3.0405,3.0615,95352,-121489,-26137,94928,-71222,23706,17860,-15429,2431,NaN,NaN,NaN,NaN,255757,95352,-121489,-26137,94928,-71222,23706,17860,-15429,2431
2018-04-12T22:00:00Z,3.062,3.0925,3.0525,3.0635,95352,-121489,-26137,94928,-71222,23706,17860,-15429,2431,NaN,NaN,NaN,NaN,255757,95352,-121489,-26137,94928,-71222,23706,17860,-15429,2431
2018-04-15T22:00:00Z,3.0645,3.117,3.044,3.0865,95352,-121489,-26137,94928,-71222,23706,17860,-15429,2431,NaN,NaN,NaN,NaN,255757,95352,-121489,-26137,94928,-71222,23706,17860,-15429,2431
2018-04-16T22:00:00Z,3.0835,3.102,3.0545,3.0865,75213,-111392,-36179,95532,-64815,30717,20226,-14764,5462,NaN,NaN,NaN,NaN,240008,75213,-111392,-36179,95532,-64815,30717,20226,-14764,5462
2018-04-17T22:00:00Z,3.085,3.1785,3.076,3.1615,75213,-111392,-36179,95532,-64815,30717,20226,-14764,5462,NaN,NaN,NaN,NaN,240008,75213,-111392,-36179,95532,-64815,30717,20226,-14764,5462
2018-04-18T22:00:00Z,3.1615,3.1955,3.112,3.1275,75213,-111392,-36179,95532,-64815,30717,20226,-14764,5462,NaN,NaN,NaN,NaN,240008,75213,-111392,-36179,95532,-64815,30717,20226,-14764,5462
2018-04-19T22:00:00Z,3.126,3.147,3.1055,3.137,75213,-111392,-36179,95532,-64815,30717,20226,-14764,5462,NaN,NaN,NaN,NaN,240008,75213,-111392,-36179,95532,-64815,30717,20226,-14764,5462
2018-04-22T22:00:00Z,3.131,3.1615,3.078,3.106,75213,-111392,-36179,95532,-64815,30717,20226,-14764,5462,NaN,NaN,NaN,NaN,240008,75213,-111392,-36179,95532,-64815,30717,20226,-14764,5462
2018-04-23T22:00:00Z,3.107,3.1675,3.1005,3.134,77564,-122695,-45131,101054,-58418,42636,17846,-15351,2495,NaN,NaN,NaN,NaN,240990,77564,-122695,-45131,101054,-58418,42636,17846,-15351,2495
2018-04-24T22:00:00Z,3.131,3.154,3.1165,3.1285,77564,-122695,-45131,101054,-58418,42636,17846,-15351,2495,NaN,NaN,NaN,NaN,240990,77564,-122695,-45131,101054,-58418,42636,17846,-15351,2495
2018-04-25T22:00:00Z,3.129,3.144,3.087,3.1155,77564,-122695,-45131,101054,-58418,42636,17846,-15351,2495,NaN,NaN,NaN,NaN,240990,77564,-122695,-45131,101054,-58418,42636,17846,-15351,2495
2018-04-26T22:00:00Z,3.14,3.146,3.052,3.071,77564,-122695,-45131,101054,-58418,42636,17846,-15351,2495,NaN,NaN,NaN,NaN,240990,77564,-122695,-45131,101054,-58418,42636,17846,-15351,2495
2018-04-29T22:00:00Z,3.072,3.089,3.0575,3.071,77564,-122695,-45131,101054,-58418,42636,17846,-15351,2495,NaN,NaN,NaN,NaN,240990,77564,-122695,-45131,101054,-58418,42636,17846,-15351,2495
2018-04-30T22:00:00Z,3.0705,3.085,3.0195,3.051,76486,-118085,-41599,106141,-71225,34916,20440,-13757,6683,NaN,NaN,NaN,NaN,243337,76486,-118085,-41599,106141,-71225,34916,20440,-13757,6683
2018-05-01T22:00:00Z,3.051,3.088,3.0475,3.0625,76486,-118085,-41599,106141,-71225,34916,20440,-13757,6683,NaN,NaN,NaN,NaN,243337,76486,-118085,-41599,106141,-71225,34916,20440,-13757,6683
2018-05-02T22:00:00Z,3.0635,3.1215,3.0565,3.092,76486,-118085,-41599,106141,-71225,34916,20440,-13757,6683,NaN,NaN,NaN,NaN,243337,76486,-118085,-41599,106141,-71225,34916,20440,-13757,6683
2018-05-03T22:00:00Z,3.0915,3.105,3.053,3.0805,76486,-118085,-41599,106141,-71225,34916,20440,-13757,6683,NaN,NaN,NaN,NaN,243337,76486,-118085,-41599,106141,-71225,34916,20440,-13757,6683
2018-05-06T22:00:00Z,3.085,3.1045,3.0625,3.0725,76486,-118085,-41599,106141,-71225,34916,20440,-13757,6683,NaN,NaN,NaN,NaN,243337,76486,-118085,-41599,106141,-71225,34916,20440,-13757,6683
2018-05-07T22:00:00Z,3.0735,3.091,3.014,3.069,78709,-117936,-39227,106333,-72881,33452,19787,-14012,5775,NaN,NaN,NaN,NaN,253834,78709,-117936,-39227,106333,-72881,33452,19787,-14012,5775
2018-05-08T22:00:00Z,3.0685,3.0695,3.04,3.062,78709,-117936,-39227,106333,-72881,33452,19787,-14012,5775,NaN,NaN,NaN,NaN,253834,78709,-117936,-39227,106333,-72881,33452,19787,-14012,5775
2018-05-09T22:00:00Z,3.061,3.118,3.052,3.11,78709,-117936,-39227,106333,-72881,33452,19787,-14012,5775,NaN,NaN,NaN,NaN,253834,78709,-117936,-39227,106333,-72881,33452,19787,-14012,5775
2018-05-10T22:00:00Z,3.1095,3.1265,3.1015,3.1105,78709,-117936,-39227,106333,-72881,33452,19787,-14012,5775,NaN,NaN,NaN,NaN,253834,78709,-117936,-39227,106333,-72881,33452,19787,-14012,5775
2018-05-13T22:00:00Z,3.111,3.131,3.0765,3.088,78709,-117936,-39227,106333,-72881,33452,19787,-14012,5775,NaN,NaN,NaN,NaN,253834,78709,-117936,-39227,106333,-72881,33452,19787,-14012,5775
2018-05-14T22:00:00Z,3.088,3.103,3.0345,3.059,85935,-127212,-41277,107169,-70814,36355,19214,-14292,4922,NaN,NaN,NaN,NaN,258587,85935,-127212,-41277,107169,-70814,36355,19214,-14292,4922
2018-05-15T22:00:00Z,3.0605,3.08,3.044,3.0765,85935,-127212,-41277,107169,-70814,36355,19214,-14292,4922,NaN,NaN,NaN,NaN,258587,85935,-127212,-41277,107169,-70814,36355,19214,-14292,4922
2018-05-16T22:00:00Z,3.078,3.101,3.069,3.083,85935,-127212,-41277,107169,-70814,36355,19214,-14292,4922,NaN,NaN,NaN,NaN,258587,85935,-127212,-41277,107169,-70814,36355,19214,-14292,4922
2018-05-17T22:00:00Z,3.0835,3.091,3.0555,3.0615,85935,-127212,-41277,107169,-70814,36355,19214,-14292,4922,NaN,NaN,NaN,NaN,258587,85935,-127212,-41277,107169,-70814,36355,19214,-14292,4922
2018-05-20T22:00:00Z,3.065,3.1115,3.065,3.1005,85935,-127212,-41277,107169,-70814,36355,19214,-14292,4922,NaN,NaN,NaN,NaN,258587,85935,-127212,-41277,107169,-70814,36355,19214,-14292,4922
2018-05-21T22:00:00Z,3.1005,3.1485,3.088,3.122,84604,-128353,-43749,109623,-70611,39012,19983,-15246,4737,NaN,NaN,NaN,NaN,260111,84604,-128353,-43749,109623,-70611,39012,19983,-15246,4737
2018-05-22T22:00:00Z,3.122,3.132,3.0485,3.07,84604,-128353,-43749,109623,-70611,39012,19983,-15246,4737,NaN,NaN,NaN,NaN,260111,84604,-128353,-43749,109623,-70611,39012,19983,-15246,4737
2018-05-23T22:00:00Z,3.069,3.1025,3.066,3.1,84604,-128353,-43749,109623,-70611,39012,19983,-15246,4737,NaN,NaN,NaN,NaN,260111,84604,-128353,-43749,109623,-70611,39012,19983,-15246,4737
2018-05-24T22:00:00Z,3.102,3.117,3.069,3.077,84604,-128353,-43749,109623,-70611,39012,19983,-15246,4737,NaN,NaN,NaN,NaN,260111,84604,-128353,-43749,109623,-70611,39012,19983,-15246,4737
2018-05-27T22:00:00Z,3.068,3.1135,3.046,3.055,92104,-133339,-41235,108885,-71285,37600,19239,-15604,3635,NaN,NaN,NaN,NaN,266370,92104,-133339,-41235,108885,-71285,37600,19239,-15604,3635
2018-05-29T22:00:00Z,3.055,3.0765,3.01,3.0725,92104,-133339,-41235,108885,-71285,37600,19239,-15604,3635,NaN,NaN,NaN,NaN,266370,92104,-133339,-41235,108885,-71285,37600,19239,-15604,3635
2018-05-30T22:00:00Z,3.0715,3.092,3.046,3.0645,92104,-133339,-41235,108885,-71285,37600,19239,-15604,3635,NaN,NaN,NaN,NaN,266370,92104,-133339,-41235,108885,-71285,37600,19239,-15604,3635
2018-05-31T22:00:00Z,3.063,3.1,3.056,3.0915,92104,-133339,-41235,108885,-71285,37600,19239,-15604,3635,NaN,NaN,NaN,NaN,266370,92104,-133339,-41235,108885,-71285,37600,19239,-15604,3635
2018-06-03T22:00:00Z,3.098,3.142,3.09,3.138,92104,-133339,-41235,108885,-71285,37600,19239,-15604,3635,NaN,NaN,NaN,NaN,266370,92104,-133339,-41235,108885,-71285,37600,19239,-15604,3635
2018-06-04T22:00:00Z,3.138,3.25,3.1235,3.2135,92559,-140410,-47851,112774,-65067,47707,16871,-16727,144,NaN,NaN,NaN,NaN,264350,92559,-140410,-47851,112774,-65067,47707,16871,-16727,144
2018-06-05T22:00:00Z,3.212,3.274,3.193,3.2685,92559,-140410,-47851,112774,-65067,47707,16871,-16727,144,NaN,NaN,NaN,NaN,264350,92559,-140410,-47851,112774,-65067,47707,16871,-16727,144
2018-06-06T22:00:00Z,3.2675,3.3155,3.2575,3.263,92559,-140410,-47851,112774,-65067,47707,16871,-16727,144,NaN,NaN,NaN,NaN,264350,92559,-140410,-47851,112774,-65067,47707,16871,-16727,144
2018-06-07T22:00:00Z,3.265,3.305,3.247,3.2995,92559,-140410,-47851,112774,-65067,47707,16871,-16727,144,NaN,NaN,NaN,NaN,264350,92559,-140410,-47851,112774,-65067,47707,16871,-16727,144
2018-06-10T22:00:00Z,3.2995,3.3035,3.2445,3.251,92559,-140410,-47851,112774,-65067,47707,16871,-16727,144,NaN,NaN,NaN,NaN,264350,92559,-140410,-47851,112774,-65067,47707,16871,-16727,144
2018-06-11T22:00:00Z,3.2525,3.2685,3.2335,3.2455,79252,-150778,-71526,128503,-57966,70537,17807,-16818,989,NaN,NaN,NaN,NaN,285593,79252,-150778,-71526,128503,-57966,70537,17807,-16818,989
2018-06-12T22:00:00Z,3.2455,3.2715,3.224,3.2555,79252,-150778,-71526,128503,-57966,70537,17807,-16818,989,NaN,NaN,NaN,NaN,285593,79252,-150778,-71526,128503,-57966,70537,17807,-16818,989
2018-06-13T22:00:00Z,3.256,3.256,3.1865,3.201,79252,-150778,-71526,128503,-57966,70537,17807,-16818,989,NaN,NaN,NaN,NaN,285593,79252,-150778,-71526,128503,-57966,70537,17807,-16818,989
2018-06-14T22:00:00Z,3.256,3.256,3.131,3.136,79252,-150778,-71526,128503,-57966,70537,17807,-16818,989,NaN,NaN,NaN,NaN,285593,79252,-150778,-71526,128503,-57966,70537,17807,-16818,989
2018-06-17T22:00:00Z,3.136,3.1515,3.0965,3.126,79252,-150778,-71526,128503,-57966,70537,17807,-16818,989,NaN,NaN,NaN,NaN,285593,79252,-150778,-71526,128503,-57966,70537,17807,-16818,989
2018-06-18T22:00:00Z,3.1265,3.1335,3.0365,3.0385,79807,-141792,-61985,119036,-62725,56311,19677,-14003,5674,NaN,NaN,NaN,NaN,268435,79807,-141792,-61985,119036,-62725,56311,19677,-14003,5674
2018-06-19T22:00:00Z,3.0345,3.0675,3.021,3.039,79807,-141792,-61985,119036,-62725,56311,19677,-14003,5674,NaN,NaN,NaN,NaN,268435,79807,-141792,-61985,119036,-62725,56311,19677,-14003,5674
2018-06-20T22:00:00Z,3.0375,3.0535,3.018,3.028,79807,-141792,-61985,119036,-62725,56311,19677,-14003,5674,NaN,NaN,NaN,NaN,268435,79807,-141792,-61985,119036,-62725,56311,19677,-14003,5674
2018-06-21T22:00:00Z,3.028,3.0465,3.0135,3.027,79807,-141792,-61985,119036,-62725,56311,19677,-14003,5674,NaN,NaN,NaN,NaN,268435,79807,-141792,-61985,119036,-62725,56311,19677,-14003,5674
2018-06-24T22:00:00Z,3.0275,3.045,2.968,2.9835,79807,-141792,-61985,119036,-62725,56311,19677,-14003,5674,NaN,NaN,NaN,NaN,268435,79807,-141792,-61985,119036,-62725,56311,19677,-14003,5674
2018-06-25T22:00:00Z,2.984,2.9985,2.975,2.993,92700,-132814,-40114,104151,-70106,34045,19503,-13434,6069,NaN,NaN,NaN,NaN,268714,92700,-132814,-40114,104151,-70106,34045,19503,-13434,6069
2018-06-26T22:00:00Z,2.9955,3.0045,2.9605,2.976,92700,-132814,-40114,104151,-70106,34045,19503,-13434,6069,NaN,NaN,NaN,NaN,268714,92700,-132814,-40114,104151,-70106,34045,19503,-13434,6069
2018-06-27T22:00:00Z,2.998,3.004,2.9515,2.9685,92700,-132814,-40114,104151,-70106,34045,19503,-13434,6069,NaN,NaN,NaN,NaN,268714,92700,-132814,-40114,104151,-70106,34045,19503,-13434,6069
2018-06-28T22:00:00Z,2.97,2.997,2.958,2.9645,92700,-132814,-40114,104151,-70106,34045,19503,-13434,6069,NaN,NaN,NaN,NaN,268714,92700,-132814,-40114,104151,-70106,34045,19503,-13434,6069
2018-07-01T22:00:00Z,2.9695,2.973,2.921,2.945,92700,-132814,-40114,104151,-70106,34045,19503,-13434,6069,NaN,NaN,NaN,NaN,268714,92700,-132814,-40114,104151,-70106,34045,19503,-13434,6069
2018-07-02T22:00:00Z,2.945,2.9665,2.908,2.9235,96870,-126986,-30116,99847,-74342,25505,18215,-13604,4611,NaN,NaN,NaN,NaN,261618,96870,-126986,-30116,99847,-74342,25505,18215,-13604,4611
2018-07-03T22:00:00Z,2.863,2.8775,2.8205,2.8345,96870,-126986,-30116,99847,-74342,25505,18215,-13604,4611,NaN,NaN,NaN,NaN,261618,96870,-126986,-30116,99847,-74342,25505,18215,-13604,4611
2018-07-05T22:00:00Z,2.8305,2.839,2.7825,2.8195,96870,-126986,-30116,99847,-74342,25505,18215,-13604,4611,NaN,NaN,NaN,NaN,261618,96870,-126986,-30116,99847,-74342,25505,18215,-13604,4611
2018-07-08T22:00:00Z,2.8235,2.877,2.815,2.871,96870,-126986,-30116,99847,-74342,25505,18215,-13604,4611,NaN,NaN,NaN,NaN,261618,96870,-126986,-30116,99847,-74342,25505,18215,-13604,4611
2018-07-09T22:00:00Z,2.87,2.8805,2.8135,2.83,114003,-130741,-16738,102110,-87927,14183,17951,-15396,2555,NaN,NaN,NaN,NaN,280668,114003,-130741,-16738,102110,-87927,14183,17951,-15396,2555
2018-07-10T22:00:00Z,2.83,2.8305,2.717,2.751,114003,-130741,-16738,102110,-87927,14183,17951,-15396,2555,NaN,NaN,NaN,NaN,280668,114003,-130741,-16738,102110,-87927,14183,17951,-15396,2555
2018-07-11T22:00:00Z,2.7505,2.792,2.731,2.7755,114003,-130741,-16738,102110,-87927,14183,17951,-15396,2555,NaN,NaN,NaN,NaN,280668,114003,-130741,-16738,102110,-87927,14183,17951,-15396,2555
2018-07-12T22:00:00Z,2.776,2.7885,2.7495,2.777,114003,-130741,-16738,102110,-87927,14183,17951,-15396,2555,NaN,NaN,NaN,NaN,280668,114003,-130741,-16738,102110,-87927,14183,17951,-15396,2555
2018-07-15T22:00:00Z,2.776,2.798,2.7445,2.7675,114003,-130741,-16738,102110,-87927,14183,17951,-15396,2555,NaN,NaN,NaN,NaN,280668,114003,-130741,-16738,102110,-87927,14183,17951,-15396,2555
2018-07-16T22:00:00Z,2.7655,2.7995,2.7415,2.7445,125907,-138470,-12563,106423,-97310,9113,19240,-15790,3450,NaN,NaN,NaN,NaN,303929,125907,-138470,-12563,106423,-97310,9113,19240,-15790,3450
2018-07-17T22:00:00Z,2.7445,2.771,2.7155,2.764,125907,-138470,-12563,106423,-97310,9113,19240,-15790,3450,NaN,NaN,NaN,NaN,303929,125907,-138470,-12563,106423,-97310,9113,19240,-15790,3450
2018-07-18T22:00:00Z,2.7655,2.7785,2.6735,2.716,125907,-138470,-12563,106423,-97310,9113,19240,-15790,3450,NaN,NaN,NaN,NaN,303929,125907,-138470,-12563,106423,-97310,9113,19240,-15790,3450
2018-07-19T22:00:00Z,2.7175,2.761,2.6825,2.7505,125907,-138470,-12563,106423,-97310,9113,19240,-15790,3450,NaN,NaN,NaN,NaN,303929,125907,-138470,-12563,106423,-97310,9113,19240,-15790,3450
2018-07-22T22:00:00Z,2.7515,2.7765,2.734,2.7415,125907,-138470,-12563,106423,-97310,9113,19240,-15790,3450,NaN,NaN,NaN,NaN,303929,125907,-138470,-12563,106423,-97310,9113,19240,-15790,3450
2018-07-23T22:00:00Z,2.742,2.835,2.7335,2.8025,127591,-138694,-11103,110551,-101184,9367,17889,-16153,1736,NaN,NaN,NaN,NaN,315586,127591,-138694,-11103,110551,-101184,9367,17889,-16153,1736
2018-07-24T22:00:00Z,2.804,2.867,2.7935,2.8635,127591,-138694,-11103,110551,-101184,9367,17889,-16153,1736,NaN,NaN,NaN,NaN,315586,127591,-138694,-11103,110551,-101184,9367,17889,-16153,1736
2018-07-25T22:00:00Z,2.8615,2.8645,2.8015,2.805,127591,-138694,-11103,110551,-101184,9367,17889,-16153,1736,NaN,NaN,NaN,NaN,315586,127591,-138694,-11103,110551,-101184,9367,17889,-16153,1736
2018-07-26T22:00:00Z,2.8075,2.835,2.781,2.796,127591,-138694,-11103,110551,-101184,9367,17889,-16153,1736,NaN,NaN,NaN,NaN,315586,127591,-138694,-11103,110551,-101184,9367,17889,-16153,1736
2018-07-29T22:00:00Z,2.8035,2.8095,2.7585,2.794,127591,-138694,-11103,110551,-101184,9367,17889,-16153,1736,NaN,NaN,NaN,NaN,315586,127591,-138694,-11103,110551,-101184,9367,17889,-16153,1736
2018-07-30T22:00:00Z,2.795,2.8415,2.769,2.8265,116018,-125443,-9425,102058,-93834,8224,17592,-16391,1201,NaN,NaN,NaN,NaN,300522,116018,-125443,-9425,102058,-93834,8224,17592,-16391,1201
2018-07-31T22:00:00Z,2.8255,2.8285,2.726,2.742,116018,-125443,-9425,102058,-93834,8224,17592,-16391,1201,NaN,NaN,NaN,NaN,300522,116018,-125443,-9425,102058,-93834,8224,17592,-16391,1201
2018-08-01T22:00:00Z,2.7475,2.7595,2.7075,2.727,116018,-125443,-9425,102058,-93834,8224,17592,-16391,1201,NaN,NaN,NaN,NaN,300522,116018,-125443,-9425,102058,-93834,8224,17592,-16391,1201
2018-08-02T22:00:00Z,2.7265,2.784,2.709,2.7535,116018,-125443,-9425,102058,-93834,8224,17592,-16391,1201,NaN,NaN,NaN,NaN,300522,116018,-125443,-9425,102058,-93834,8224,17592,-16391,1201
2018-08-05T22:00:00Z,2.7555,2.7585,2.7065,2.724,116018,-125443,-9425,102058,-93834,8224,17592,-16391,1201,NaN,NaN,NaN,NaN,300522,116018,-125443,-9425,102058,-93834,8224,17592,-16391,1201
2018-08-06T22:00:00Z,2.7255,2.767,2.7225,2.7525,110569,-116025,-5456,97351,-95161,2190,19464,-16198,3266,NaN,NaN,NaN,NaN,289908,110569,-116025,-5456,97351,-95161,2190,19464,-16198,3266
2018-08-07T22:00:00Z,2.753,2.7735,2.736,2.7545,110569,-116025,-5456,97351,-95161,2190,19464,-16198,3266,NaN,NaN,NaN,NaN,289908,110569,-116025,-5456,97351,-95161,2190,19464,-16198,3266
2018-08-08T22:00:00Z,2.7555,2.818,2.7505,2.7635,110569,-116025,-5456,97351,-95161,2190,19464,-16198,3266,NaN,NaN,NaN,NaN,289908,110569,-116025,-5456,97351,-95161,2190,19464,-16198,3266
2018-08-09T22:00:00Z,2.764,2.7745,2.731,2.7455,110569,-116025,-5456,97351,-95161,2190,19464,-16198,3266,NaN,NaN,NaN,NaN,289908,110569,-116025,-5456,97351,-95161,2190,19464,-16198,3266
2018-08-12T22:00:00Z,2.7385,2.7565,2.713,2.735,110569,-116025,-5456,97351,-95161,2190,19464,-16198,3266,NaN,NaN,NaN,NaN,289908,110569,-116025,-5456,97351,-95161,2190,19464,-16198,3266
2018-08-13T22:00:00Z,2.7325,2.74,2.677,2.6845,113521,-119585,-6064,95786,-92698,3088,20319,-17343,2976,NaN,NaN,NaN,NaN,286872,113521,-119585,-6064,95786,-92698,3088,20319,-17343,2976
2018-08-14T22:00:00Z,2.685,2.689,2.552,2.584,113521,-119585,-6064,95786,-92698,3088,20319,-17343,2976,NaN,NaN,NaN,NaN,286872,113521,-119585,-6064,95786,-92698,3088,20319,-17343,2976
2018-08-15T22:00:00Z,2.583,2.643,2.564,2.606,113521,-119585,-6064,95786,-92698,3088,20319,-17343,2976,NaN,NaN,NaN,NaN,286872,113521,-119585,-6064,95786,-92698,3088,20319,-17343,2976
2018-08-16T22:00:00Z,2.606,2.669,2.5985,2.66,113521,-119585,-6064,95786,-92698,3088,20319,-17343,2976,NaN,NaN,NaN,NaN,286872,113521,-119585,-6064,95786,-92698,3088,20319,-17343,2976
2018-08-19T22:00:00Z,2.655,2.6825,2.642,2.6655,113521,-119585,-6064,95786,-92698,3088,20319,-17343,2976,NaN,NaN,NaN,NaN,286872,113521,-119585,-6064,95786,-92698,3088,20319,-17343,2976
2018-08-20T22:00:00Z,2.6645,2.7045,2.664,2.686,116270,-114794,1476,85463,-87162,-1699,16279,-16056,223,NaN,NaN,NaN,NaN,265239,116270,-114794,1476,85463,-87162,-1699,16279,-16056,223
2018-08-21T22:00:00Z,2.687,2.6935,2.653,2.667,116270,-114794,1476,85463,-87162,-1699,16279,-16056,223,NaN,NaN,NaN,NaN,265239,116270,-114794,1476,85463,-87162,-1699,16279,-16056,223
2018-08-22T22:00:00Z,2.6665,2.6685,2.613,2.644,116270,-114794,1476,85463,-87162,-1699,16279,-16056,223,NaN,NaN,NaN,NaN,265239,116270,-114794,1476,85463,-87162,-1699,16279,-16056,223
2018-08-23T22:00:00Z,2.645,2.7165,2.6415,2.691,116270,-114794,1476,85463,-87162,-1699,16279,-16056,223,NaN,NaN,NaN,NaN,265239,116270,-114794,1476,85463,-87162,-1699,16279,-16056,223
2018-08-26T22:00:00Z,2.694,2.7225,2.694,2.707,116270,-114794,1476,85463,-87162,-1699,16279,-16056,223,NaN,NaN,NaN,NaN,265239,116270,-114794,1476,85463,-87162,-1699,16279,-16056,223
2018-08-27T22:00:00Z,2.707,2.7455,2.6905,2.7225,95697,-96522,-825,81237,-80946,291,16188,-15654,534,NaN,NaN,NaN,NaN,235094,95697,-96522,-825,81237,-80946,291,16188,-15654,534
2018-08-28T22:00:00Z,2.722,2.7345,2.6955,2.7055,95697,-96522,-825,81237,-80946,291,16188,-15654,534,NaN,NaN,NaN,NaN,235094,95697,-96522,-825,81237,-80946,291,16188,-15654,534
2018-08-29T22:00:00Z,2.731,2.7405,2.684,2.7015,95697,-96522,-825,81237,-80946,291,16188,-15654,534,NaN,NaN,NaN,NaN,235094,95697,-96522,-825,81237,-80946,291,16188,-15654,534
2018-08-30T22:00:00Z,2.6995,2.7125,2.662,2.6655,95697,-96522,-825,81237,-80946,291,16188,-15654,534,NaN,NaN,NaN,NaN,235094,95697,-96522,-825,81237,-80946,291,16188,-15654,534
2018-09-02T22:00:00Z,2.655,2.6645,2.58,2.5985,99794,-94788,5006,77952,-83929,-5977,17121,-16150,971,NaN,NaN,NaN,NaN,238426,99794,-94788,5006,77952,-83929,-5977,17121,-16150,971
2018-09-04T22:00:00Z,2.6025,2.6215,2.591,2.6205,99794,-94788,5006,77952,-83929,-5977,17121,-16150,971,NaN,NaN,NaN,NaN,238426,99794,-94788,5006,77952,-83929,-5977,17121,-16150,971
2018-09-05T22:00:00Z,2.62,2.672,2.6105,2.6355,99794,-94788,5006,77952,-83929,-5977,17121,-16150,971,NaN,NaN,NaN,NaN,238426,99794,-94788,5006,77952,-83929,-5977,17121,-16150,971
2018-09-06T22:00:00Z,2.6355,2.6525,2.5935,2.6195,99794,-94788,5006,77952,-83929,-5977,17121,-16150,971,NaN,NaN,NaN,NaN,238426,99794,-94788,5006,77952,-83929,-5977,17121,-16150,971
2018-09-09T22:00:00Z,2.6115,2.6365,2.6025,2.627,99794,-94788,5006,77952,-83929,-5977,17121,-16150,971,NaN,NaN,NaN,NaN,238426,99794,-94788,5006,77952,-83929,-5977,17121,-16150,971
2018-09-10T22:00:00Z,2.624,2.6615,2.582,2.6245,94757,-85911,8846,72184,-81078,-8894,15931,-15883,48,NaN,NaN,NaN,NaN,230351,94757,-85911,8846,72184,-81078,-8894,15931,-15883,48
2018-09-11T22:00:00Z,2.622,2.6885,2.6065,2.684,94757,-85911,8846,72184,-81078,-8894,15931,-15883,48,NaN,NaN,NaN,NaN,230351,94757,-85911,8846,72184,-81078,-8894,15931,-15883,48
2018-09-12T22:00:00Z,2.685,2.7175,2.673,2.6765,94757,-85911,8846,72184,-81078,-8894,15931,-15883,48,NaN,NaN,NaN,NaN,230351,94757,-85911,8846,72184,-81078,-8894,15931,-15883,48
2018-09-13T22:00:00Z,2.6765,2.699,2.6075,2.613,94757,-85911,8846,72184,-81078,-8894,15931,-15883,48,NaN,NaN,NaN,NaN,230351,94757,-85911,8846,72184,-81078,-8894,15931,-15883,48
2018-09-16T22:00:00Z,2.615,2.6575,2.606,2.649,94757,-85911,8846,72184,-81078,-8894,15931,-15883,48,NaN,NaN,NaN,NaN,230351,94757,-85911,8846,72184,-81078,-8894,15931,-15883,48
2018-09-17T22:00:00Z,2.6505,2.74,2.588,2.7375,92483,-90602,1881,74577,-74768,-191,15091,-16781,-1690,NaN,NaN,NaN,NaN,235543,92483,-90602,1881,74577,-74768,-191,15091,-16781,-1690
2018-09-18T22:00:00Z,2.736,2.7535,2.717,2.7275,92483,-90602,1881,74577,-74768,-191,15091,-16781,-1690,NaN,NaN,NaN,NaN,235543,92483,-90602,1881,74577,-74768,-191,15091,-16781,-1690
2018-09-19T22:00:00Z,2.727,2.78,2.7065,2.7655,92483,-90602,1881,74577,-74768,-191,15091,-16781,-1690,NaN,NaN,NaN,NaN,235543,92483,-90602,1881,74577,-74768,-191,15091,-16781,-1690
2018-09-20T22:00:00Z,2.762,2.871,2.752,2.8445,92483,-90602,1881,74577,-74768,-191,15091,-16781,-1690,NaN,NaN,NaN,NaN,235543,92483,-90602,1881,74577,-74768,-191,15091,-16781,-1690
2018-09-23T22:00:00Z,2.8415,2.867,2.8225,2.8245,92483,-90602,1881,74577,-74768,-191,15091,-16781,-1690,NaN,NaN,NaN,NaN,235543,92483,-90602,1881,74577,-74768,-191,15091,-16781,-1690
2018-09-24T22:00:00Z,2.824,2.848,2.789,2.822,89179,-100907,-11728,77987,-66883,11104,15124,-14500,624,NaN,NaN,NaN,NaN,237120,89179,-100907,-11728,77987,-66883,11104,15124,-14500,624
2018-09-25T22:00:00Z,2.823,2.842,2.8125,2.818,89179,-100907,-11728,77987,-66883,11104,15124,-14500,624,NaN,NaN,NaN,NaN,237120,89179,-100907,-11728,77987,-66883,11104,15124,-14500,624
2018-09-26T22:00:00Z,2.816,2.828,2.7635,2.776,89179,-100907,-11728,77987,-66883,11104,15124,-14500,624,NaN,NaN,NaN,NaN,237120,89179,-100907,-11728,77987,-66883,11104,15124,-14500,624
2018-09-27T22:00:00Z,2.774,2.813,2.763,2.803,89179,-100907,-11728,77987,-66883,11104,15124,-14500,624,NaN,NaN,NaN,NaN,237120,89179,-100907,-11728,77987,-66883,11104,15124,-14500,624
2018-09-30T22:00:00Z,2.801,2.8225,2.7555,2.785,89179,-100907,-11728,77987,-66883,11104,15124,-14500,624,NaN,NaN,NaN,NaN,237120,89179,-100907,-11728,77987,-66883,11104,15124,-14500,624
2018-10-01T22:00:00Z,2.7845,2.8525,2.76,2.7995,91956,-105228,-13272,77360,-65385,11975,15017,-13720,1297,NaN,NaN,NaN,NaN,234368,91956,-105228,-13272,77360,-65385,11975,15017,-13720,1297
2018-10-02T22:00:00Z,2.8,2.8395,2.7965,2.8245,91956,-105228,-13272,77360,-65385,11975,15017,-13720,1297,NaN,NaN,NaN,NaN,234368,91956,-105228,-13272,77360,-65385,11975,15017,-13720,1297
2018-10-03T22:00:00Z,2.823,2.8665,2.7715,2.7855,91956,-105228,-13272,77360,-65385,11975,15017,-13720,1297,NaN,NaN,NaN,NaN,234368,91956,-105228,-13272,77360,-65385,11975,15017,-13720,1297
2018-10-04T22:00:00Z,2.7895,2.7945,2.7455,2.759,91956,-105228,-13272,77360,-65385,11975,15017,-13720,1297,NaN,NaN,NaN,NaN,234368,91956,-105228,-13272,77360,-65385,11975,15017,-13720,1297
2018-10-07T22:00:00Z,2.7685,2.781,2.735,2.771,91956,-105228,-13272,77360,-65385,11975,15017,-13720,1297,NaN,NaN,NaN,NaN,234368,91956,-105228,-13272,77360,-65385,11975,15017,-13720,1297
2018-10-08T22:00:00Z,2.7685,2.8185,2.7505,2.8115,104463,-113387,-8924,73094,-64847,8247,14808,-14131,677,NaN,NaN,NaN,NaN,235478,104463,-113387,-8924,73094,-64847,8247,14808,-14131,677
2018-10-09T22:00:00Z,2.814,2.82,2.741,2.749,104463,-113387,-8924,73094,-64847,8247,14808,-14131,677,NaN,NaN,NaN,NaN,235478,104463,-113387,-8924,73094,-64847,8247,14808,-14131,677
2018-10-10T22:00:00Z,2.749,2.816,2.713,2.775,104463,-113387,-8924,73094,-64847,8247,14808,-14131,677,NaN,NaN,NaN,NaN,235478,104463,-113387,-8924,73094,-64847,8247,14808,-14131,677
2018-10-11T22:00:00Z,2.7755,2.8325,2.7745,2.812,104463,-113387,-8924,73094,-64847,8247,14808,-14131,677,NaN,NaN,NaN,NaN,235478,104463,-113387,-8924,73094,-64847,8247,14808,-14131,677
2018-10-14T22:00:00Z,2.8085,2.839,2.772,2.779,104463,-113387,-8924,73094,-64847,8247,14808,-14131,677,NaN,NaN,NaN,NaN,235478,104463,-113387,-8924,73094,-64847,8247,14808,-14131,677
2018-10-15T22:00:00Z,2.7795,2.793,2.758,2.7835,107788,-116746,-8958,71672,-62754,8918,14323,-14283,40,NaN,NaN,NaN,NaN,237336,107788,-116746,-8958,71672,-62754,8918,14323,-14283,40
2018-10-16T22:00:00Z,2.7815,2.8045,2.754,2.7765,107788,-116746,-8958,71672,-62754,8918,14323,-14283,40,NaN,NaN,NaN,NaN,237336,107788,-116746,-8958,71672,-62754,8918,14323,-14283,40
2018-10-17T22:00:00Z,2.775,2.782,2.726,2.731,107788,-116746,-8958,71672,-62754,8918,14323,-14283,40,NaN,NaN,NaN,NaN,237336,107788,-116746,-8958,71672,-62754,8918,14323,-14283,40
2018-10-18T22:00:00Z,2.7325,2.788,2.728,2.7815,107788,-116746,-8958,71672,-62754,8918,14323,-14283,40,NaN,NaN,NaN,NaN,237336,107788,-116746,-8958,71672,-62754,8918,14323,-14283,40
2018-10-21T22:00:00Z,2.777,2.8335,2.7725,2.781,107788,-116746,-8958,71672,-62754,8918,14323,-14283,40,NaN,NaN,NaN,NaN,237336,107788,-116746,-8958,71672,-62754,8918,14323,-14283,40
2018-10-22T22:00:00Z,2.778,2.785,2.739,2.76,108348,-118358,-10010,70970,-61623,9347,14678,-14015,663,NaN,NaN,NaN,NaN,246254,108348,-118358,-10010,70970,-61623,9347,14678,-14015,663
2018-10-23T22:00:00Z,2.761,2.804,2.743,2.746,108348,-118358,-10010,70970,-61623,9347,14678,-14015,663,NaN,NaN,NaN,NaN,246254,108348,-118358,-10010,70970,-61623,9347,14678,-14015,663
2018-10-24T22:00:00Z,2.747,2.7735,2.7155,2.7545,108348,-118358,-10010,70970,-61623,9347,14678,-14015,663,NaN,NaN,NaN,NaN,246254,108348,-118358,-10010,70970,-61623,9347,14678,-14015,663
2018-10-25T22:00:00Z,2.7525,2.754,2.7075,2.7485,108348,-118358,-10010,70970,-61623,9347,14678,-14015,663,NaN,NaN,NaN,NaN,246254,108348,-118358,-10010,70970,-61623,9347,14678,-14015,663
2018-10-28T22:00:00Z,2.747,2.78,2.69,2.7115,108348,-118358,-10010,70970,-61623,9347,14678,-14015,663,NaN,NaN,NaN,NaN,246254,108348,-118358,-10010,70970,-61623,9347,14678,-14015,663
2018-10-29T22:00:00Z,2.7085,2.733,2.6615,2.671,113891,-116212,-2321,71620,-70953,667,14981,-13327,1654,NaN,NaN,NaN,NaN,256266,113891,-116212,-2321,71620,-70953,667,14981,-13327,1654
2018-10-30T22:00:00Z,2.673,2.6805,2.646,2.6535,113891,-116212,-2321,71620,-70953,667,14981,-13327,1654,NaN,NaN,NaN,NaN,256266,113891,-116212,-2321,71620,-70953,667,14981,-13327,1654
2018-10-31T22:00:00Z,2.6545,2.7275,2.6425,2.719,113891,-116212,-2321,71620,-70953,667,14981,-13327,1654,NaN,NaN,NaN,NaN,256266,113891,-116212,-2321,71620,-70953,667,14981,-13327,1654
2018-11-01T22:00:00Z,2.7205,2.82,2.702,2.818,113891,-116212,-2321,71620,-70953,667,14981,-13327,1654,NaN,NaN,NaN,NaN,256266,113891,-116212,-2321,71620,-70953,667,14981,-13327,1654
2018-11-04T23:00:00Z,2.82,2.8235,2.745,2.7515,113891,-116212,-2321,71620,-70953,667,14981,-13327,1654,NaN,NaN,NaN,NaN,256266,113891,-116212,-2321,71620,-70953,667,14981,-13327,1654
2018-11-05T23:00:00Z,2.7525,2.777,2.724,2.733,100517,-107294,-6777,73447,-67061,6386,13248,-12857,391,NaN,NaN,NaN,NaN,247313,100517,-107294,-6777,73447,-67061,6386,13248,-12857,391
2018-11-06T23:00:00Z,2.73,2.773,2.728,2.743,100517,-107294,-6777,73447,-67061,6386,13248,-12857,391,NaN,NaN,NaN,NaN,247313,100517,-107294,-6777,73447,-67061,6386,13248,-12857,391
2018-11-07T23:00:00Z,2.741,2.748,2.703,2.732,100517,-107294,-6777,73447,-67061,6386,13248,-12857,391,NaN,NaN,NaN,NaN,247313,100517,-107294,-6777,73447,-67061,6386,13248,-12857,391
2018-11-08T23:00:00Z,2.7295,2.7315,2.677,2.6785,100517,-107294,-6777,73447,-67061,6386,13248,-12857,391,NaN,NaN,NaN,NaN,247313,100517,-107294,-6777,73447,-67061,6386,13248,-12857,391
2018-11-11T23:00:00Z,2.681,2.7,2.6655,2.6685,100517,-107294,-6777,73447,-67061,6386,13248,-12857,391,NaN,NaN,NaN,NaN,247313,100517,-107294,-6777,73447,-67061,6386,13248,-12857,391
2018-11-12T23:00:00Z,2.667,2.7485,2.6625,2.682,99593,-103345,-3752,73469,-70054,3415,13995,-13658,337,NaN,NaN,NaN,NaN,241052,99593,-103345,-3752,73469,-70054,3415,13995,-13658,337
2018-11-13T23:00:00Z,2.6835,2.722,2.664,2.7105,99593,-103345,-3752,73469,-70054,3415,13995,-13658,337,NaN,NaN,NaN,NaN,241052,99593,-103345,-3752,73469,-70054,3415,13995,-13658,337
2018-11-14T23:00:00Z,2.711,2.766,2.703,2.745,99593,-103345,-3752,73469,-70054,3415,13995,-13658,337,NaN,NaN,NaN,NaN,241052,99593,-103345,-3752,73469,-70054,3415,13995,-13658,337
2018-11-15T23:00:00Z,2.744,2.8025,2.733,2.7905,99593,-103345,-3752,73469,-70054,3415,13995,-13658,337,NaN,NaN,NaN,NaN,241052,99593,-103345,-3752,73469,-70054,3415,13995,-13658,337
2018-11-18T23:00:00Z,2.783,2.8095,2.76,2.7995,99593,-103345,-3752,73469,-70054,3415,13995,-13658,337,NaN,NaN,NaN,NaN,241052,99593,-103345,-3752,73469,-70054,3415,13995,-13658,337
2018-11-19T23:00:00Z,2.799,2.846,2.74,2.758,86869,-99993,-13124,80698,-68096,12602,13645,-13123,522,NaN,NaN,NaN,NaN,229249,86869,-99993,-13124,80698,-68096,12602,13645,-13123,522
2018-11-20T23:00:00Z,2.758,2.804,2.754,2.786,86869,-99993,-13124,80698,-68096,12602,13645,-13123,522,NaN,NaN,NaN,NaN,229249,86869,-99993,-13124,80698,-68096,12602,13645,-13123,522
2018-11-21T23:00:00Z,2.8,2.8025,2.751,2.7525,86869,-99993,-13124,80698,-68096,12602,13645,-13123,522,NaN,NaN,NaN,NaN,229249,86869,-99993,-13124,80698,-68096,12602,13645,-13123,522
2018-11-25T23:00:00Z,2.759,2.7815,2.737,2.745,86869,-99993,-13124,80698,-68096,12602,13645,-13123,522,NaN,NaN,NaN,NaN,229249,86869,-99993,-13124,80698,-68096,12602,13645,-13123,522
2018-11-26T23:00:00Z,2.746,2.7515,2.7055,2.7145,85277,-95513,-10236,76742,-66050,10692,13362,-13818,-456,NaN,NaN,NaN,NaN,220177,85277,-95513,-10236,76742,-66050,10692,13362,-13818,-456
2018-11-27T23:00:00Z,2.7165,2.8025,2.7145,2.789,85277,-95513,-10236,76742,-66050,10692,13362,-13818,-456,NaN,NaN,NaN,NaN,220177,85277,-95513,-10236,76742,-66050,10692,13362,-13818,-456
2018-11-28T23:00:00Z,2.809,2.8135,2.779,2.789,85277,-95513,-10236,76742,-66050,10692,13362,-13818,-456,NaN,NaN,NaN,NaN,220177,85277,-95513,-10236,76742,-66050,10692,13362,-13818,-456
2018-11-29T23:00:00Z,2.7895,2.801,2.7685,2.792,85277,-95513,-10236,76742,-66050,10692,13362,-13818,-456,NaN,NaN,NaN,NaN,220177,85277,-95513,-10236,76742,-66050,10692,13362,-13818,-456
2018-12-02T23:00:00Z,2.85,2.858,2.7875,2.7915,85277,-95513,-10236,76742,-66050,10692,13362,-13818,-456,NaN,NaN,NaN,NaN,220177,85277,-95513,-10236,76742,-66050,10692,13362,-13818,-456
2018-12-03T23:00:00Z,2.795,2.823,2.75,2.758,84955,-96808,-11853,75348,-64665,10683,13817,-12647,1170,NaN,NaN,NaN,NaN,216791,84955,-96808,-11853,75348,-64665,10683,13817,-12647,1170
2018-12-04T23:00:00Z,2.7595,2.7775,2.745,2.773,84955,-96808,-11853,75348,-64665,10683,13817,-12647,1170,NaN,NaN,NaN,NaN,216791,84955,-96808,-11853,75348,-64665,10683,13817,-12647,1170
2018-12-05T23:00:00Z,2.771,2.771,2.708,2.7475,84955,-96808,-11853,75348,-64665,10683,13817,-12647,1170,NaN,NaN,NaN,NaN,216791,84955,-96808,-11853,75348,-64665,10683,13817,-12647,1170
2018-12-06T23:00:00Z,2.7505,2.775,2.742,2.7485,84955,-96808,-11853,75348,-64665,10683,13817,-12647,1170,NaN,NaN,NaN,NaN,216791,84955,-96808,-11853,75348,-64665,10683,13817,-12647,1170
2018-12-09T23:00:00Z,2.7365,2.7545,2.715,2.731,84955,-96808,-11853,75348,-64665,10683,13817,-12647,1170,NaN,NaN,NaN,NaN,216791,84955,-96808,-11853,75348,-64665,10683,13817,-12647,1170
2018-12-10T23:00:00Z,2.733,2.7805,2.726,2.763,79614,-86420,-6806,72307,-65060,7247,13135,-13576,-441,NaN,NaN,NaN,NaN,208742,79614,-86420,-6806,72307,-65060,7247,13135,-13576,-441
2018-12-11T23:00:00Z,2.763,2.779,2.7555,2.764,79614,-86420,-6806,72307,-65060,7247,13135,-13576,-441,NaN,NaN,NaN,NaN,208742,79614,-86420,-6806,72307,-65060,7247,13135,-13576,-441
2018-12-12T23:00:00Z,2.767,2.8035,2.763,2.7675,79614,-86420,-6806,72307,-65060,7247,13135,-13576,-441,NaN,NaN,NaN,NaN,208742,79614,-86420,-6806,72307,-65060,7247,13135,-13576,-441
2018-12-13T23:00:00Z,2.768,2.77,2.728,2.7535,79614,-86420,-6806,72307,-65060,7247,13135,-13576,-441,NaN,NaN,NaN,NaN,208742,79614,-86420,-6806,72307,-65060,7247,13135,-13576,-441
2018-12-16T23:00:00Z,2.7535,2.7595,2.7195,2.743,79614,-86420,-6806,72307,-65060,7247,13135,-13576,-441,NaN,NaN,NaN,NaN,208742,79614,-86420,-6806,72307,-65060,7247,13135,-13576,-441
2018-12-17T23:00:00Z,2.743,2.7525,2.6515,2.6525,79125,-77461,1664,76807,-79485,-2678,15030,-14016,1014,NaN,NaN,NaN,NaN,214050,79125,-77461,1664,76807,-79485,-2678,15030,-14016,1014
2018-12-18T23:00:00Z,2.6545,2.7195,2.654,2.675,79125,-77461,1664,76807,-79485,-2678,15030,-14016,1014,NaN,NaN,NaN,NaN,214050,79125,-77461,1664,76807,-79485,-2678,15030,-14016,1014
2018-12-19T23:00:00Z,2.677,2.71,2.65,2.703,79125,-77461,1664,76807,-79485,-2678,15030,-14016,1014,NaN,NaN,NaN,NaN,214050,79125,-77461,1664,76807,-79485,-2678,15030,-14016,1014
2018-12-20T23:00:00Z,2.701,2.712,2.664,2.667,79125,-77461,1664,76807,-79485,-2678,15030,-14016,1014,NaN,NaN,NaN,NaN,214050,79125,-77461,1664,76807,-79485,-2678,15030,-14016,1014
2018-12-23T23:00:00Z,2.6675,2.681,2.65,2.6615,85467,-76253,9214,73635,-83487,-9852,14427,-13789,638,NaN,NaN,NaN,NaN,218191,85467,-76253,9214,73635,-83487,-9852,14427,-13789,638
2018-12-25T23:00:00Z,2.671,2.728,2.642,2.701,85467,-76253,9214,73635,-83487,-9852,14427,-13789,638,NaN,NaN,NaN,NaN,218191,85467,-76253,9214,73635,-83487,-9852,14427,-13789,638
2018-12-26T23:00:00Z,2.702,2.707,2.658,2.6825,85467,-76253,9214,73635,-83487,-9852,14427,-13789,638,NaN,NaN,NaN,NaN,218191,85467,-76253,9214,73635,-83487,-9852,14427,-13789,638
2018-12-27T23:00:00Z,2.6815,2.7255,2.671,2.6775,85467,-76253,9214,73635,-83487,-9852,14427,-13789,638,NaN,NaN,NaN,NaN,218191,85467,-76253,9214,73635,-83487,-9852,14427,-13789,638
2018-12-30T23:00:00Z,2.678,2.7035,2.6245,2.643,87902,-78511,9391,74541,-84889,-10348,14834,-13877,957,NaN,NaN,NaN,NaN,224760,87902,-78511,9391,74541,-84889,-10348,14834,-13877,957
2019-01-01T23:00:00Z,2.642,2.675,2.5945,2.604,87902,-78511,9391,74541,-84889,-10348,14834,-13877,957,NaN,NaN,NaN,NaN,224760,87902,-78511,9391,74541,-84889,-10348,14834,-13877,957
2019-01-02T23:00:00Z,2.6015,2.6205,2.543,2.576,87902,-78511,9391,74541,-84889,-10348,14834,-13877,957,NaN,NaN,NaN,NaN,224760,87902,-78511,9391,74541,-84889,-10348,14834,-13877,957
2019-01-03T23:00:00Z,2.576,2.655,2.567,2.643,87902,-78511,9391,74541,-84889,-10348,14834,-13877,957,NaN,NaN,NaN,NaN,224760,87902,-78511,9391,74541,-84889,-10348,14834,-13877,957
2019-01-06T23:00:00Z,2.65,2.6595,2.6315,2.6365,87902,-78511,9391,74541,-84889,-10348,14834,-13877,957,NaN,NaN,NaN,NaN,224760,87902,-78511,9391,74541,-84889,-10348,14834,-13877,957
2019-01-07T23:00:00Z,2.638,2.658,2.6235,2.6505,100974,-81951,19023,72344,-91796,-19452,15290,-14861,429,NaN,NaN,NaN,NaN,242731,100974,-81951,19023,72344,-91796,-19452,15290,-14861,429
2019-01-08T23:00:00Z,2.6515,2.6865,2.6485,2.66,100974,-81951,19023,72344,-91796,-19452,15290,-14861,429,NaN,NaN,NaN,NaN,242731,100974,-81951,19023,72344,-91796,-19452,15290,-14861,429
2019-01-09T23:00:00Z,2.66,2.6705,2.629,2.636,100974,-81951,19023,72344,-91796,-19452,15290,-14861,429,NaN,NaN,NaN,NaN,242731,100974,-81951,19023,72344,-91796,-19452,15290,-14861,429
2019-01-10T23:00:00Z,2.635,2.667,2.6335,2.657,100974,-81951,19023,72344,-91796,-19452,15290,-14861,429,NaN,NaN,NaN,NaN,242731,100974,-81951,19023,72344,-91796,-19452,15290,-14861,429
2019-01-13T23:00:00Z,2.6535,2.661,2.6165,2.6295,100974,-81951,19023,72344,-91796,-19452,15290,-14861,429,NaN,NaN,NaN,NaN,242731,100974,-81951,19023,72344,-91796,-19452,15290,-14861,429
2019-01-14T23:00:00Z,2.63,2.664,2.63,2.6405,120431,-93526,26905,75666,-103258,-27592,15488,-14801,687,NaN,NaN,NaN,NaN,271303,120431,-93526,26905,75666,-103258,-27592,15488,-14801,687
2019-01-15T23:00:00Z,2.641,2.68,2.636,2.6705,120431,-93526,26905,75666,-103258,-27592,15488,-14801,687,NaN,NaN,NaN,NaN,271303,120431,-93526,26905,75666,-103258,-27592,15488,-14801,687
2019-01-16T23:00:00Z,2.6715,2.712,2.6585,2.697,120431,-93526,26905,75666,-103258,-27592,15488,-14801,687,NaN,NaN,NaN,NaN,271303,120431,-93526,26905,75666,-103258,-27592,15488,-14801,687
2019-01-17T23:00:00Z,2.697,2.727,2.6865,2.712,120431,-93526,26905,75666,-103258,-27592,15488,-14801,687,NaN,NaN,NaN,NaN,271303,120431,-93526,26905,75666,-103258,-27592,15488,-14801,687
2019-01-20T23:00:00Z,2.715,2.7155,2.6505,2.663,120315,-98092,22223,76080,-100605,-24525,16277,-13975,2302,NaN,NaN,NaN,NaN,271968,120315,-98092,22223,76080,-100605,-24525,16277,-13975,2302
2019-01-22T23:00:00Z,2.663,2.6765,2.648,2.6555,120315,-98092,22223,76080,-100605,-24525,16277,-13975,2302,NaN,NaN,NaN,NaN,271968,120315,-98092,22223,76080,-100605,-24525,16277,-13975,2302
2019-01-23T23:00:00Z,2.6535,2.664,2.6345,2.6465,120315,-98092,22223,76080,-100605,-24525,16277,-13975,2302,NaN,NaN,NaN,NaN,271968,120315,-98092,22223,76080,-100605,-24525,16277,-13975,2302
2019-01-24T23:00:00Z,2.645,2.737,2.6445,2.733,120315,-98092,22223,76080,-100605,-24525,16277,-13975,2302,NaN,NaN,NaN,NaN,271968,120315,-98092,22223,76080,-100605,-24525,16277,-13975,2302
2019-01-27T23:00:00Z,2.733,2.7335,2.676,2.679,120315,-98092,22223,76080,-100605,-24525,16277,-13975,2302,NaN,NaN,NaN,NaN,271968,120315,-98092,22223,76080,-100605,-24525,16277,-13975,2302
2019-01-28T23:00:00Z,2.6805,2.7255,2.6785,2.721,110333,-90057,20276,76124,-98037,-21913,15587,-13950,1637,NaN,NaN,NaN,NaN,265588,110333,-90057,20276,76124,-98037,-21913,15587,-13950,1637
2019-01-29T23:00:00Z,2.721,2.7865,2.7165,2.774,110333,-90057,20276,76124,-98037,-21913,15587,-13950,1637,NaN,NaN,NaN,NaN,265588,110333,-90057,20276,76124,-98037,-21913,15587,-13950,1637
2019-01-30T23:00:00Z,2.775,2.797,2.766,2.785,110333,-90057,20276,76124,-98037,-21913,15587,-13950,1637,NaN,NaN,NaN,NaN,265588,110333,-90057,20276,76124,-98037,-21913,15587,-13950,1637
2019-01-31T23:00:00Z,2.7825,2.7855,2.7535,2.771,110333,-90057,20276,76124,-98037,-21913,15587,-13950,1637,NaN,NaN,NaN,NaN,265588,110333,-90057,20276,76124,-98037,-21913,15587,-13950,1637
2019-02-03T23:00:00Z,2.77,2.802,2.7505,2.8,110333,-90057,20276,76124,-98037,-21913,15587,-13950,1637,NaN,NaN,NaN,NaN,265588,110333,-90057,20276,76124,-98037,-21913,15587,-13950,1637
2019-02-04T23:00:00Z,2.8025,2.8245,2.797,2.8175,87263,-81622,5641,79336,-85418,-6082,15092,-14651,441,NaN,NaN,NaN,NaN,245629,87263,-81622,5641,79336,-85418,-6082,15092,-14651,441
2019-02-05T23:00:00Z,2.8175,2.848,2.813,2.824,87263,-81622,5641,79336,-85418,-6082,15092,-14651,441,NaN,NaN,NaN,NaN,245629,87263,-81622,5641,79336,-85418,-6082,15092,-14651,441
2019-02-06T23:00:00Z,2.826,2.8505,2.822,2.831,87263,-81622,5641,79336,-85418,-6082,15092,-14651,441,NaN,NaN,NaN,NaN,245629,87263,-81622,5641,79336,-85418,-6082,15092,-14651,441
2019-02-07T23:00:00Z,2.8335,2.838,2.806,2.8135,87263,-81622,5641,79336,-85418,-6082,15092,-14651,441,NaN,NaN,NaN,NaN,245629,87263,-81622,5641,79336,-85418,-6082,15092,-14651,441
2019-02-10T23:00:00Z,2.8085,2.813,2.774,2.788,87263,-81622,5641,79336,-85418,-6082,15092,-14651,441,NaN,NaN,NaN,NaN,245629,87263,-81622,5641,79336,-85418,-6082,15092,-14651,441
2019-02-11T23:00:00Z,2.7895,2.796,2.7575,2.7735,81616,-83574,-1958,82926,-81723,1203,16263,-15508,755,NaN,NaN,NaN,NaN,245475,81616,-83574,-1958,82926,-81723,1203,16263,-15508,755
2019-02-12T23:00:00Z,2.775,2.7875,2.766,2.7785,81616,-83574,-1958,82926,-81723,1203,16263,-15508,755,NaN,NaN,NaN,NaN,245475,81616,-83574,-1958,82926,-81723,1203,16263,-15508,755
2019-02-13T23:00:00Z,2.778,2.802,2.7535,2.7705,81616,-83574,-1958,82926,-81723,1203,16263,-15508,755,NaN,NaN,NaN,NaN,245475,81616,-83574,-1958,82926,-81723,1203,16263,-15508,755
2019-02-14T23:00:00Z,2.771,2.8215,2.7515,2.815,81616,-83574,-1958,82926,-81723,1203,16263,-15508,755,NaN,NaN,NaN,NaN,245475,81616,-83574,-1958,82926,-81723,1203,16263,-15508,755
2019-02-17T23:00:00Z,2.813,2.878,2.8035,2.8735,84008,-86445,-2437,84724,-83846,878,15823,-14264,1559,NaN,NaN,NaN,NaN,253256,84008,-86445,-2437,84724,-83846,878,15823,-14264,1559
2019-02-19T23:00:00Z,2.874,2.9245,2.869,2.9155,84008,-86445,-2437,84724,-83846,878,15823,-14264,1559,NaN,NaN,NaN,NaN,253256,84008,-86445,-2437,84724,-83846,878,15823,-14264,1559
2019-02-20T23:00:00Z,2.915,2.919,2.889,2.8995,84008,-86445,-2437,84724,-83846,878,15823,-14264,1559,NaN,NaN,NaN,NaN,253256,84008,-86445,-2437,84724,-83846,878,15823,-14264,1559
2019-02-21T23:00:00Z,2.899,2.9545,2.894,2.9495,84008,-86445,-2437,84724,-83846,878,15823,-14264,1559,NaN,NaN,NaN,NaN,253256,84008,-86445,-2437,84724,-83846,878,15823,-14264,1559
2019-02-24T23:00:00Z,2.9515,2.9765,2.9385,2.9455,84008,-86445,-2437,84724,-83846,878,15823,-14264,1559,NaN,NaN,NaN,NaN,253256,84008,-86445,-2437,84724,-83846,878,15823,-14264,1559
2019-02-25T23:00:00Z,2.948,2.958,2.9325,2.943,78308,-104929,-26621,96982,-74598,22384,18536,-14299,4237,NaN,NaN,NaN,NaN,256269,78308,-104929,-26621,96982,-74598,22384,18536,-14299,4237
2019-02-26T23:00:00Z,2.9495,2.9725,2.9345,2.9675,78308,-104929,-26621,96982,-74598,22384,18536,-14299,4237,NaN,NaN,NaN,NaN,256269,78308,-104929,-26621,96982,-74598,22384,18536,-14299,4237
2019-02-27T23:00:00Z,2.967,2.968,2.939,2.944,78308,-104929,-26621,96982,-74598,22384,18536,-14299,4237,NaN,NaN,NaN,NaN,256269,78308,-104929,-26621,96982,-74598,22384,18536,-14299,4237
2019-02-28T23:00:00Z,2.9435,2.977,2.9225,2.926,78308,-104929,-26621,96982,-74598,22384,18536,-14299,4237,NaN,NaN,NaN,NaN,256269,78308,-104929,-26621,96982,-74598,22384,18536,-14299,4237
2019-03-03T23:00:00Z,2.933,2.955,2.8965,2.9105,78308,-104929,-26621,96982,-74598,22384,18536,-14299,4237,NaN,NaN,NaN,NaN,256269,78308,-104929,-26621,96982,-74598,22384,18536,-14299,4237
2019-03-04T23:00:00Z,2.911,2.9515,2.9075,2.9365,80856,-114980,-34124,94231,-62975,31256,17712,-14844,2868,NaN,NaN,NaN,NaN,255162,80856,-114980,-34124,94231,-62975,31256,17712,-14844,2868
2019-03-05T23:00:00Z,2.9345,2.9445,2.9155,2.9255,80856,-114980,-34124,94231,-62975,31256,17712,-14844,2868,NaN,NaN,NaN,NaN,255162,80856,-114980,-34124,94231,-62975,31256,17712,-14844,2868
2019-03-06T23:00:00Z,2.9265,2.929,2.8945,2.914,80856,-114980,-34124,94231,-62975,31256,17712,-14844,2868,NaN,NaN,NaN,NaN,255162,80856,-114980,-34124,94231,-62975,31256,17712,-14844,2868
2019-03-07T23:00:00Z,2.9145,2.9185,2.8745,2.8995,80856,-114980,-34124,94231,-62975,31256,17712,-14844,2868,NaN,NaN,NaN,NaN,255162,80856,-114980,-34124,94231,-62975,31256,17712,-14844,2868
2019-03-10T22:00:00Z,2.8915,2.9115,2.884,2.907,80856,-114980,-34124,94231,-62975,31256,17712,-14844,2868,NaN,NaN,NaN,NaN,255162,80856,-114980,-34124,94231,-62975,31256,17712,-14844,2868
2019-03-11T22:00:00Z,2.9065,2.957,2.905,2.9315,84272,-113941,-29669,89572,-64005,25567,18284,-14182,4102,NaN,NaN,NaN,NaN,258881,84272,-113941,-29669,89572,-64005,25567,18284,-14182,4102
2019-03-12T22:00:00Z,2.9295,2.9395,2.9135,2.9325,84272,-113941,-29669,89572,-64005,25567,18284,-14182,4102,NaN,NaN,NaN,NaN,258881,84272,-113941,-29669,89572,-64005,25567,18284,-14182,4102
2019-03-13T22:00:00Z,2.9325,2.9345,2.882,2.8895,84272,-113941,-29669,89572,-64005,25567,18284,-14182,4102,NaN,NaN,NaN,NaN,258881,84272,-113941,-29669,89572,-64005,25567,18284,-14182,4102
2019-03-14T22:00:00Z,2.889,2.9245,2.884,2.9085,84272,-113941,-29669,89572,-64005,25567,18284,-14182,4102,NaN,NaN,NaN,NaN,258881,84272,-113941,-29669,89572,-64005,25567,18284,-14182,4102
2019-03-17T22:00:00Z,2.9095,2.9325,2.899,2.912,84272,-113941,-29669,89572,-64005,25567,18284,-14182,4102,NaN,NaN,NaN,NaN,258881,84272,-113941,-29669,89572,-64005,25567,18284,-14182,4102
2019-03-18T22:00:00Z,2.9125,2.944,2.908,2.919,89114,-110183,-21069,82765,-66410,16355,19243,-14529,4714,NaN,NaN,NaN,NaN,253741,89114,-110183,-21069,82765,-66410,16355,19243,-14529,4714
2019-03-19T22:00:00Z,2.9195,2.942,2.9075,2.927,89114,-110183,-21069,82765,-66410,16355,19243,-14529,4714,NaN,NaN,NaN,NaN,253741,89114,-110183,-21069,82765,-66410,16355,19243,-14529,4714
2019-03-20T22:00:00Z,2.9275,2.969,2.892,2.91,89114,-110183,-21069,82765,-66410,16355,19243,-14529,4714,NaN,NaN,NaN,NaN,253741,89114,-110183,-21069,82765,-66410,16355,19243,-14529,4714
2019-03-21T22:00:00Z,2.9105,2.915,2.8395,2.8485,89114,-110183,-21069,82765,-66410,16355,19243,-14529,4714,NaN,NaN,NaN,NaN,253741,89114,-110183,-21069,82765,-66410,16355,19243,-14529,4714
2019-03-24T22:00:00Z,2.843,2.8595,2.8345,2.858,89114,-110183,-21069,82765,-66410,16355,19243,-14529,4714,NaN,NaN,NaN,NaN,253741,89114,-110183,-21069,82765,-66410,16355,19243,-14529,4714
2019-03-25T22:00:00Z,2.8565,2.867,2.846,2.863,100979,-105851,-4872,75834,-73892,1942,16511,-13581,2930,NaN,NaN,NaN,NaN,251953,100979,-105851,-4872,75834,-73892,1942,16511,-13581,2930
2019-03-26T22:00:00Z,2.863,2.8755,2.8435,2.8615,100979,-105851,-4872,75834,-73892,1942,16511,-13581,2930,NaN,NaN,NaN,NaN,251953,100979,-105851,-4872,75834,-73892,1942,16511,-13581,2930
2019-03-27T22:00:00Z,2.862,2.888,2.853,2.878,100979,-105851,-4872,75834,-73892,1942,16511,-13581,2930,NaN,NaN,NaN,NaN,251953,100979,-105851,-4872,75834,-73892,1942,16511,-13581,2930
2019-03-28T22:00:00Z,2.88,2.9445,2.878,2.9315,100979,-105851,-4872,75834,-73892,1942,16511,-13581,2930,NaN,NaN,NaN,NaN,251953,100979,-105851,-4872,75834,-73892,1942,16511,-13581,2930
2019-03-31T22:00:00Z,2.9415,2.9885,2.9155,2.929,100979,-105851,-4872,75834,-73892,1942,16511,-13581,2930,NaN,NaN,NaN,NaN,251953,100979,-105851,-4872,75834,-73892,1942,16511,-13581,2930
2019-04-01T22:00:00Z,2.929,2.935,2.897,2.9085,91874,-102655,-10781,81945,-77389,4556,19068,-12843,6225,NaN,NaN,NaN,NaN,250309,91874,-102655,-10781,81945,-77389,4556,19068,-12843,6225
2019-04-02T22:00:00Z,2.9095,2.953,2.905,2.943,91874,-102655,-10781,81945,-77389,4556,19068,-12843,6225,NaN,NaN,NaN,NaN,250309,91874,-102655,-10781,81945,-77389,4556,19068,-12843,6225
2019-04-03T22:00:00Z,2.943,2.9525,2.9035,2.916,91874,-102655,-10781,81945,-77389,4556,19068,-12843,6225,NaN,NaN,NaN,NaN,250309,91874,-102655,-10781,81945,-77389,4556,19068,-12843,6225
2019-04-04T22:00:00Z,2.916,2.9255,2.8865,2.889,91874,-102655,-10781,81945,-77389,4556,19068,-12843,6225,NaN,NaN,NaN,NaN,250309,91874,-102655,-10781,81945,-77389,4556,19068,-12843,6225
2019-04-07T22:00:00Z,2.901,2.942,2.8925,2.934,91874,-102655,-10781,81945,-77389,4556,19068,-12843,6225,NaN,NaN,NaN,NaN,250309,91874,-102655,-10781,81945,-77389,4556,19068,-12843,6225
2019-04-08T22:00:00Z,2.934,2.962,2.927,2.933,89747,-98190,-8443,81503,-78489,3014,18193,-12764,5429,NaN,NaN,NaN,NaN,246628,89747,-98190,-8443,81503,-78489,3014,18193,-12764,5429
2019-04-09T22:00:00Z,2.9325,2.9425,2.911,2.921,89747,-98190,-8443,81503,-78489,3014,18193,-12764,5429,NaN,NaN,NaN,NaN,246628,89747,-98190,-8443,81503,-78489,3014,18193,-12764,5429
2019-04-10T22:00:00Z,2.9235,2.926,2.8835,2.8935,89747,-98190,-8443,81503,-78489,3014,18193,-12764,5429,NaN,NaN,NaN,NaN,246628,89747,-98190,-8443,81503,-78489,3014,18193,-12764,5429
2019-04-11T22:00:00Z,2.8945,2.9565,2.893,2.9415,89747,-98190,-8443,81503,-78489,3014,18193,-12764,5429,NaN,NaN,NaN,NaN,246628,89747,-98190,-8443,81503,-78489,3014,18193,-12764,5429
2019-04-14T22:00:00Z,2.9455,2.9475,2.9165,2.9335,89747,-98190,-8443,81503,-78489,3014,18193,-12764,5429,NaN,NaN,NaN,NaN,246628,89747,-98190,-8443,81503,-78489,3014,18193,-12764,5429
2019-04-15T22:00:00Z,2.9345,2.948,2.9235,2.933,96180,-106010,-9830,84245,-78933,5312,18497,-13979,4518,NaN,NaN,NaN,NaN,257913,96180,-106010,-9830,84245,-78933,5312,18497,-13979,4518
2019-04-16T22:00:00Z,2.934,2.9955,2.928,2.962,96180,-106010,-9830,84245,-78933,5312,18497,-13979,4518,NaN,NaN,NaN,NaN,257913,96180,-106010,-9830,84245,-78933,5312,18497,-13979,4518
2019-04-17T22:00:00Z,2.961,2.964,2.903,2.9185,96180,-106010,-9830,84245,-78933,5312,18497,-13979,4518,NaN,NaN,NaN,NaN,257913,96180,-106010,-9830,84245,-78933,5312,18497,-13979,4518
2019-04-21T22:00:00Z,2.9275,2.9325,2.8925,2.9035,96180,-106010,-9830,84245,-78933,5312,18497,-13979,4518,NaN,NaN,NaN,NaN,257913,96180,-106010,-9830,84245,-78933,5312,18497,-13979,4518
2019-04-22T22:00:00Z,2.9035,2.9135,2.8775,2.894,99974,-108839,-8865,83083,-80957,2126,20353,-13614,6739,NaN,NaN,NaN,NaN,256267,99974,-108839,-8865,83083,-80957,2126,20353,-13614,6739
2019-04-23T22:00:00Z,2.8955,2.915,2.8865,2.909,99974,-108839,-8865,83083,-80957,2126,20353,-13614,6739,NaN,NaN,NaN,NaN,256267,99974,-108839,-8865,83083,-80957,2126,20353,-13614,6739
2019-04-24T22:00:00Z,2.9085,2.918,2.856,2.8605,99974,-108839,-8865,83083,-80957,2126,20353,-13614,6739,NaN,NaN,NaN,NaN,256267,99974,-108839,-8865,83083,-80957,2126,20353,-13614,6739
2019-04-25T22:00:00Z,2.86,2.892,2.859,2.884,99974,-108839,-8865,83083,-80957,2126,20353,-13614,6739,NaN,NaN,NaN,NaN,256267,99974,-108839,-8865,83083,-80957,2126,20353,-13614,6739
2019-04-28T22:00:00Z,2.8935,2.907,2.873,2.895,99974,-108839,-8865,83083,-80957,2126,20353,-13614,6739,NaN,NaN,NaN,NaN,256267,99974,-108839,-8865,83083,-80957,2126,20353,-13614,6739
2019-04-29T22:00:00Z,2.892,2.9235,2.88,2.907,102067,-106866,-4799,79599,-79732,-133,17163,-12231,4932,NaN,NaN,NaN,NaN,249602,102067,-106866,-4799,79599,-79732,-133,17163,-12231,4932
2019-04-30T22:00:00Z,2.9075,2.9135,2.7865,2.7905,102067,-106866,-4799,79599,-79732,-133,17163,-12231,4932,NaN,NaN,NaN,NaN,249602,102067,-106866,-4799,79599,-79732,-133,17163,-12231,4932
2019-05-01T22:00:00Z,2.793,2.8065,2.7715,2.7845,102067,-106866,-4799,79599,-79732,-133,17163,-12231,4932,NaN,NaN,NaN,NaN,249602,102067,-106866,-4799,79599,-79732,-133,17163,-12231,4932
2019-05-02T22:00:00Z,2.782,2.833,2.775,2.822,102067,-106866,-4799,79599,-79732,-133,17163,-12231,4932,NaN,NaN,NaN,NaN,249602,102067,-106866,-4799,79599,-79732,-133,17163,-12231,4932
2019-05-05T22:00:00Z,2.799,2.8485,2.7415,2.8305,102067,-106866,-4799,79599,-79732,-133,17163,-12231,4932,NaN,NaN,NaN,NaN,249602,102067,-106866,-4799,79599,-79732,-133,17163,-12231,4932
2019-05-06T22:00:00Z,2.8275,2.841,2.7755,2.7875,112700,-104097,8603,73622,-86500,-12878,17698,-13423,4275,NaN,NaN,NaN,NaN,245088,112700,-104097,8603,73622,-86500,-12878,17698,-13423,4275
2019-05-07T22:00:00Z,2.7875,2.81,2.76,2.7705,112700,-104097,8603,73622,-86500,-12878,17698,-13423,4275,NaN,NaN,NaN,NaN,245088,112700,-104097,8603,73622,-86500,-12878,17698,-13423,4275
2019-05-08T22:00:00Z,2.7695,2.778,2.731,2.767,112700,-104097,8603,73622,-86500,-12878,17698,-13423,4275,NaN,NaN,NaN,NaN,245088,112700,-104097,8603,73622,-86500,-12878,17698,-13423,4275
2019-05-09T22:00:00Z,2.7675,2.797,2.756,2.777,112700,-104097,8603,73622,-86500,-12878,17698,-13423,4275,NaN,NaN,NaN,NaN,245088,112700,-104097,8603,73622,-86500,-12878,17698,-13423,4275
2019-05-12T22:00:00Z,2.768,2.7735,2.709,2.7185,112700,-104097,8603,73622,-86500,-12878,17698,-13423,4275,NaN,NaN,NaN,NaN,245088,112700,-104097,8603,73622,-86500,-12878,17698,-13423,4275
2019-05-13T22:00:00Z,2.72,2.738,2.714,2.7235,121751,-106039,15712,73379,-92745,-19366,17941,-14287,3654,NaN,NaN,NaN,NaN,256800,121751,-106039,15712,73379,-92745,-19366,17941,-14287,3654
2019-05-14T22:00:00Z,2.7225,2.7525,2.7155,2.7475,121751,-106039,15712,73379,-92745,-19366,17941,-14287,3654,NaN,NaN,NaN,NaN,256800,121751,-106039,15712,73379,-92745,-19366,17941,-14287,3654
2019-05-15T22:00:00Z,2.7465,2.7775,2.738,2.7485,121751,-106039,15712,73379,-92745,-19366,17941,-14287,3654,NaN,NaN,NaN,NaN,256800,121751,-106039,15712,73379,-92745,-19366,17941,-14287,3654
2019-05-16T22:00:00Z,2.748,2.753,2.721,2.7345,121751,-106039,15712,73379,-92745,-19366,17941,-14287,3654,NaN,NaN,NaN,NaN,256800,121751,-106039,15712,73379,-92745,-19366,17941,-14287,3654
2019-05-19T22:00:00Z,2.746,2.7495,2.712,2.729,121751,-106039,15712,73379,-92745,-19366,17941,-14287,3654,NaN,NaN,NaN,NaN,256800,121751,-106039,15712,73379,-92745,-19366,17941,-14287,3654
2019-05-20T22:00:00Z,2.7305,2.7425,2.7055,2.714,119994,-100596,19398,72490,-94209,-21719,16580,-14259,2321,NaN,NaN,NaN,NaN,261724,119994,-100596,19398,72490,-94209,-21719,16580,-14259,2321
2019-05-21T22:00:00Z,2.7115,2.7155,2.67,2.6775,119994,-100596,19398,72490,-94209,-21719,16580,-14259,2321,NaN,NaN,NaN,NaN,261724,119994,-100596,19398,72490,-94209,-21719,16580,-14259,2321
2019-05-22T22:00:00Z,2.6725,2.689,2.6545,2.683,119994,-100596,19398,72490,-94209,-21719,16580,-14259,2321,NaN,NaN,NaN,NaN,261724,119994,-100596,19398,72490,-94209,-21719,16580,-14259,2321
2019-05-23T22:00:00Z,2.6815,2.7085,2.6805,2.6975,119994,-100596,19398,72490,-94209,-21719,16580,-14259,2321,NaN,NaN,NaN,NaN,261724,119994,-100596,19398,72490,-94209,-21719,16580,-14259,2321
2019-05-26T22:00:00Z,2.701,2.718,2.6885,2.6965,123675,-100585,23090,73784,-97617,-23833,16086,-15343,743,NaN,NaN,NaN,NaN,272194,123675,-100585,23090,73784,-97617,-23833,16086,-15343,743
2019-05-28T22:00:00Z,2.696,2.698,2.6585,2.6665,123675,-100585,23090,73784,-97617,-23833,16086,-15343,743,NaN,NaN,NaN,NaN,272194,123675,-100585,23090,73784,-97617,-23833,16086,-15343,743
2019-05-29T22:00:00Z,2.667,2.675,2.6365,2.65,123675,-100585,23090,73784,-97617,-23833,16086,-15343,743,NaN,NaN,NaN,NaN,272194,123675,-100585,23090,73784,-97617,-23833,16086,-15343,743
2019-05-30T22:00:00Z,2.6485,2.656,2.6295,2.63,123675,-100585,23090,73784,-97617,-23833,16086,-15343,743,NaN,NaN,NaN,NaN,272194,123675,-100585,23090,73784,-97617,-23833,16086,-15343,743
2019-06-02T22:00:00Z,2.6305,2.6645,2.611,2.656,123675,-100585,23090,73784,-97617,-23833,16086,-15343,743,NaN,NaN,NaN,NaN,272194,123675,-100585,23090,73784,-97617,-23833,16086,-15343,743
2019-06-03T22:00:00Z,2.6565,2.671,2.639,2.6665,121910,-97298,24612,76217,-102963,-26746,17112,-14978,2134,NaN,NaN,NaN,NaN,281813,121910,-97298,24612,76217,-102963,-26746,17112,-14978,2134
2019-06-04T22:00:00Z,2.6665,2.6745,2.6205,2.6275,121910,-97298,24612,76217,-102963,-26746,17112,-14978,2134,NaN,NaN,NaN,NaN,281813,121910,-97298,24612,76217,-102963,-26746,17112,-14978,2134
2019-06-05T22:00:00Z,2.626,2.6555,2.622,2.647,121910,-97298,24612,76217,-102963,-26746,17112,-14978,2134,NaN,NaN,NaN,NaN,281813,121910,-97298,24612,76217,-102963,-26746,17112,-14978,2134
2019-06-06T22:00:00Z,2.6465,2.661,2.5995,2.6235,121910,-97298,24612,76217,-102963,-26746,17112,-14978,2134,NaN,NaN,NaN,NaN,281813,121910,-97298,24612,76217,-102963,-26746,17112,-14978,2134
2019-06-09T22:00:00Z,2.6305,2.6665,2.6255,2.6615,121910,-97298,24612,76217,-102963,-26746,17112,-14978,2134,NaN,NaN,NaN,NaN,281813,121910,-97298,24612,76217,-102963,-26746,17112,-14978,2134
2019-06-10T22:00:00Z,2.6615,2.702,2.66,2.6685,124879,-97773,27106,79399,-109920,-30521,19699,-16284,3415,NaN,NaN,NaN,NaN,284848,124879,-97773,27106,79399,-109920,-30521,19699,-16284,3415
2019-06-11T22:00:00Z,2.669,2.673,2.6375,2.6495,124879,-97773,27106,79399,-109920,-30521,19699,-16284,3415,NaN,NaN,NaN,NaN,284848,124879,-97773,27106,79399,-109920,-30521,19699,-16284,3415
2019-06-12T22:00:00Z,2.6505,2.662,2.632,2.658,124879,-97773,27106,79399,-109920,-30521,19699,-16284,3415,NaN,NaN,NaN,NaN,284848,124879,-97773,27106,79399,-109920,-30521,19699,-16284,3415
2019-06-13T22:00:00Z,2.6575,2.6655,2.6275,2.6285,124879,-97773,27106,79399,-109920,-30521,19699,-16284,3415,NaN,NaN,NaN,NaN,284848,124879,-97773,27106,79399,-109920,-30521,19699,-16284,3415
2019-06-16T22:00:00Z,2.6345,2.656,2.6155,2.65,124879,-97773,27106,79399,-109920,-30521,19699,-16284,3415,NaN,NaN,NaN,NaN,284848,124879,-97773,27106,79399,-109920,-30521,19699,-16284,3415
2019-06-17T22:00:00Z,2.65,2.7125,2.6435,2.7055,119103,-97462,21641,82255,-106207,-23952,18995,-16684,2311,NaN,NaN,NaN,NaN,280643,119103,-97462,21641,82255,-106207,-23952,18995,-16684,2311
2019-06-18T22:00:00Z,2.706,2.709,2.6735,2.6965,119103,-97462,21641,82255,-106207,-23952,18995,-16684,2311,NaN,NaN,NaN,NaN,280643,119103,-97462,21641,82255,-106207,-23952,18995,-16684,2311
2019-06-19T22:00:00Z,2.6975,2.7375,2.694,2.7105,119103,-97462,21641,82255,-106207,-23952,18995,-16684,2311,NaN,NaN,NaN,NaN,280643,119103,-97462,21641,82255,-106207,-23952,18995,-16684,2311
2019-06-20T22:00:00Z,2.7105,2.7235,2.686,2.702,119103,-97462,21641,82255,-106207,-23952,18995,-16684,2311,NaN,NaN,NaN,NaN,280643,119103,-97462,21641,82255,-106207,-23952,18995,-16684,2311
2019-06-23T22:00:00Z,2.7065,2.7125,2.68,2.7075,119103,-97462,21641,82255,-106207,-23952,18995,-16684,2311,NaN,NaN,NaN,NaN,280643,119103,-97462,21641,82255,-106207,-23952,18995,-16684,2311
2019-06-24T22:00:00Z,2.709,2.7475,2.699,2.731,91311,-69149,22162,73297,-99836,-26539,19295,-14918,4377,NaN,NaN,NaN,NaN,244461,91311,-69149,22162,73297,-99836,-26539,19295,-14918,4377
2019-06-25T22:00:00Z,2.7275,2.7515,2.6995,2.7115,91311,-69149,22162,73297,-99836,-26539,19295,-14918,4377,NaN,NaN,NaN,NaN,244461,91311,-69149,22162,73297,-99836,-26539,19295,-14918,4377
2019-06-26T22:00:00Z,2.7135,2.728,2.7,2.7215,91311,-69149,22162,73297,-99836,-26539,19295,-14918,4377,NaN,NaN,NaN,NaN,244461,91311,-69149,22162,73297,-99836,-26539,19295,-14918,4377
2019-06-27T22:00:00Z,2.721,2.728,2.7025,2.7175,91311,-69149,22162,73297,-99836,-26539,19295,-14918,4377,NaN,NaN,NaN,NaN,244461,91311,-69149,22162,73297,-99836,-26539,19295,-14918,4377
2019-06-30T22:00:00Z,2.75,2.757,2.677,2.6855,91311,-69149,22162,73297,-99836,-26539,19295,-14918,4377,NaN,NaN,NaN,NaN,244461,91311,-69149,22162,73297,-99836,-26539,19295,-14918,4377
2019-07-01T22:00:00Z,2.688,2.6965,2.6555,2.6645,97312,-72285,25027,76478,-105694,-29216,18446,-14257,4189,NaN,NaN,NaN,NaN,254342,97312,-72285,25027,76478,-105694,-29216,18446,-14257,4189
2019-07-02T22:00:00Z,2.665,2.686,2.6365,2.686,97312,-72285,25027,76478,-105694,-29216,18446,-14257,4189,NaN,NaN,NaN,NaN,254342,97312,-72285,25027,76478,-105694,-29216,18446,-14257,4189
2019-07-03T22:00:00Z,2.6845,2.6875,2.6445,2.6655,97312,-72285,25027,76478,-105694,-29216,18446,-14257,4189,NaN,NaN,NaN,NaN,254342,97312,-72285,25027,76478,-105694,-29216,18446,-14257,4189
2019-07-07T22:00:00Z,2.6695,2.689,2.6545,2.6575,97312,-72285,25027,76478,-105694,-29216,18446,-14257,4189,NaN,NaN,NaN,NaN,254342,97312,-72285,25027,76478,-105694,-29216,18446,-14257,4189
2019-07-08T22:00:00Z,2.6575,2.659,2.612,2.628,104531,-69516,35015,76596,-116583,-39987,18808,-13836,4972,NaN,NaN,NaN,NaN,265419,104531,-69516,35015,76596,-116583,-39987,18808,-13836,4972
2019-07-09T22:00:00Z,2.628,2.6995,2.625,2.691,104531,-69516,35015,76596,-116583,-39987,18808,-13836,4972,NaN,NaN,NaN,NaN,265419,104531,-69516,35015,76596,-116583,-39987,18808,-13836,4972
2019-07-10T22:00:00Z,2.689,2.698,2.6785,2.6875,104531,-69516,35015,76596,-116583,-39987,18808,-13836,4972,NaN,NaN,NaN,NaN,265419,104531,-69516,35015,76596,-116583,-39987,18808,-13836,4972
2019-07-11T22:00:00Z,2.688,2.7145,2.6725,2.694,104531,-69516,35015,76596,-116583,-39987,18808,-13836,4972,NaN,NaN,NaN,NaN,265419,104531,-69516,35015,76596,-116583,-39987,18808,-13836,4972
2019-07-14T22:00:00Z,2.6975,2.728,2.6855,2.714,104531,-69516,35015,76596,-116583,-39987,18808,-13836,4972,NaN,NaN,NaN,NaN,265419,104531,-69516,35015,76596,-116583,-39987,18808,-13836,4972
2019-07-15T22:00:00Z,2.715,2.7355,2.694,2.6955,107168,-78591,28577,73722,-105665,-31943,17406,-14040,3366,NaN,NaN,NaN,NaN,266882,107168,-78591,28577,73722,-105665,-31943,17406,-14040,3366
2019-07-16T22:00:00Z,2.695,2.717,2.682,2.7025,107168,-78591,28577,73722,-105665,-31943,17406,-14040,3366,NaN,NaN,NaN,NaN,266882,107168,-78591,28577,73722,-105665,-31943,17406,-14040,3366
2019-07-17T22:00:00Z,2.701,2.7205,2.6925,2.72,107168,-78591,28577,73722,-105665,-31943,17406,-14040,3366,NaN,NaN,NaN,NaN,266882,107168,-78591,28577,73722,-105665,-31943,17406,-14040,3366
2019-07-18T22:00:00Z,2.7195,2.803,2.715,2.741,107168,-78591,28577,73722,-105665,-31943,17406,-14040,3366,NaN,NaN,NaN,NaN,266882,107168,-78591,28577,73722,-105665,-31943,17406,-14040,3366
2019-07-21T22:00:00Z,2.753,2.7595,2.718,2.7185,107168,-78591,28577,73722,-105665,-31943,17406,-14040,3366,NaN,NaN,NaN,NaN,266882,107168,-78591,28577,73722,-105665,-31943,17406,-14040,3366
2019-07-22T22:00:00Z,2.716,2.73,2.6875,2.7055,99428,-79226,20202,76464,-100513,-24049,17781,-13934,3847,NaN,NaN,NaN,NaN,264229,99428,-79226,20202,76464,-100513,-24049,17781,-13934,3847
2019-07-23T22:00:00Z,2.706,2.7205,2.698,2.7115,99428,-79226,20202,76464,-100513,-24049,17781,-13934,3847,NaN,NaN,NaN,NaN,264229,99428,-79226,20202,76464,-100513,-24049,17781,-13934,3847
2019-07-24T22:00:00Z,2.7115,2.7385,2.7,2.706,99428,-79226,20202,76464,-100513,-24049,17781,-13934,3847,NaN,NaN,NaN,NaN,264229,99428,-79226,20202,76464,-100513,-24049,17781,-13934,3847
2019-07-25T22:00:00Z,2.7065,2.712,2.684,2.691,99428,-79226,20202,76464,-100513,-24049,17781,-13934,3847,NaN,NaN,NaN,NaN,264229,99428,-79226,20202,76464,-100513,-24049,17781,-13934,3847
2019-07-28T22:00:00Z,2.6905,2.721,2.6815,2.7195,99428,-79226,20202,76464,-100513,-24049,17781,-13934,3847,NaN,NaN,NaN,NaN,264229,99428,-79226,20202,76464,-100513,-24049,17781,-13934,3847
2019-07-29T22:00:00Z,2.7185,2.7265,2.675,2.6775,99517,-74780,24737,77334,-106089,-28755,18964,-14946,4018,NaN,NaN,NaN,NaN,268804,99517,-74780,24737,77334,-106089,-28755,18964,-14946,4018
2019-07-30T22:00:00Z,2.6775,2.691,2.6575,2.6615,99517,-74780,24737,77334,-106089,-28755,18964,-14946,4018,NaN,NaN,NaN,NaN,268804,99517,-74780,24737,77334,-106089,-28755,18964,-14946,4018
2019-07-31T22:00:00Z,2.6595,2.668,2.619,2.619,99517,-74780,24737,77334,-106089,-28755,18964,-14946,4018,NaN,NaN,NaN,NaN,268804,99517,-74780,24737,77334,-106089,-28755,18964,-14946,4018
2019-08-01T22:00:00Z,2.6195,2.6275,2.56,2.5675,99517,-74780,24737,77334,-106089,-28755,18964,-14946,4018,NaN,NaN,NaN,NaN,268804,99517,-74780,24737,77334,-106089,-28755,18964,-14946,4018
2019-08-04T22:00:00Z,2.5605,2.578,2.5315,2.549,99517,-74780,24737,77334,-106089,-28755,18964,-14946,4018,NaN,NaN,NaN,NaN,268804,99517,-74780,24737,77334,-106089,-28755,18964,-14946,4018
2019-08-05T22:00:00Z,2.544,2.569,2.535,2.565,118006,-61039,56967,79133,-137582,-58449,21112,-19630,1482,NaN,NaN,NaN,NaN,303764,118006,-61039,56967,79133,-137582,-58449,21112,-19630,1482
2019-08-06T22:00:00Z,2.567,2.592,2.5425,2.5875,118006,-61039,56967,79133,-137582,-58449,21112,-19630,1482,NaN,NaN,NaN,NaN,303764,118006,-61039,56967,79133,-137582,-58449,21112,-19630,1482
2019-08-07T22:00:00Z,2.5845,2.615,2.5715,2.598,118006,-61039,56967,79133,-137582,-58449,21112,-19630,1482,NaN,NaN,NaN,NaN,303764,118006,-61039,56967,79133,-137582,-58449,21112,-19630,1482
2019-08-08T22:00:00Z,2.597,2.6175,2.582,2.5945,118006,-61039,56967,79133,-137582,-58449,21112,-19630,1482,NaN,NaN,NaN,NaN,303764,118006,-61039,56967,79133,-137582,-58449,21112,-19630,1482
2019-08-11T22:00:00Z,2.5975,2.612,2.568,2.583,118006,-61039,56967,79133,-137582,-58449,21112,-19630,1482,NaN,NaN,NaN,NaN,303764,118006,-61039,56967,79133,-137582,-58449,21112,-19630,1482
2019-08-12T22:00:00Z,2.582,2.6415,2.567,2.6325,118704,-65380,53324,76207,-129807,-53600,18242,-17966,276,NaN,NaN,NaN,NaN,295608,118704,-65380,53324,76207,-129807,-53600,18242,-17966,276
2019-08-13T22:00:00Z,2.6305,2.635,2.5785,2.5925,118704,-65380,53324,76207,-129807,-53600,18242,-17966,276,NaN,NaN,NaN,NaN,295608,118704,-65380,53324,76207,-129807,-53600,18242,-17966,276
2019-08-14T22:00:00Z,2.592,2.606,2.5745,2.592,118704,-65380,53324,76207,-129807,-53600,18242,-17966,276,NaN,NaN,NaN,NaN,295608,118704,-65380,53324,76207,-129807,-53600,18242,-17966,276
2019-08-15T22:00:00Z,2.5935,2.6065,2.585,2.587,118704,-65380,53324,76207,-129807,-53600,18242,-17966,276,NaN,NaN,NaN,NaN,295608,118704,-65380,53324,76207,-129807,-53600,18242,-17966,276
2019-08-18T22:00:00Z,2.598,2.626,2.589,2.599,118704,-65380,53324,76207,-129807,-53600,18242,-17966,276,NaN,NaN,NaN,NaN,295608,118704,-65380,53324,76207,-129807,-53600,18242,-17966,276
2019-08-19T22:00:00Z,2.599,2.6035,2.57,2.575,112260,-65023,47237,75489,-124434,-48945,21129,-19421,1708,NaN,NaN,NaN,NaN,281852,112260,-65023,47237,75489,-124434,-48945,21129,-19421,1708
2019-08-20T22:00:00Z,2.576,2.591,2.5735,2.579,112260,-65023,47237,75489,-124434,-48945,21129,-19421,1708,NaN,NaN,NaN,NaN,281852,112260,-65023,47237,75489,-124434,-48945,21129,-19421,1708
2019-08-21T22:00:00Z,2.58,2.5835,2.5475,2.5585,112260,-65023,47237,75489,-124434,-48945,21129,-19421,1708,NaN,NaN,NaN,NaN,281852,112260,-65023,47237,75489,-124434,-48945,21129,-19421,1708
2019-08-22T22:00:00Z,2.5585,2.5755,2.5235,2.527,112260,-65023,47237,75489,-124434,-48945,21129,-19421,1708,NaN,NaN,NaN,NaN,281852,112260,-65023,47237,75489,-124434,-48945,21129,-19421,1708
2019-08-25T22:00:00Z,2.516,2.549,2.491,2.5375,112260,-65023,47237,75489,-124434,-48945,21129,-19421,1708,NaN,NaN,NaN,NaN,281852,112260,-65023,47237,75489,-124434,-48945,21129,-19421,1708
2019-08-26T22:00:00Z,2.5365,2.571,2.529,2.55,115444,-59559,55885,72795,-131275,-58480,17405,-14810,2595,NaN,NaN,NaN,NaN,262762,115444,-59559,55885,72795,-131275,-58480,17405,-14810,2595
2019-08-27T22:00:00Z,2.5495,2.566,2.537,2.5585,115444,-59559,55885,72795,-131275,-58480,17405,-14810,2595,NaN,NaN,NaN,NaN,262762,115444,-59559,55885,72795,-131275,-58480,17405,-14810,2595
2019-08-28T22:00:00Z,2.569,2.597,2.553,2.5755,115444,-59559,55885,72795,-131275,-58480,17405,-14810,2595,NaN,NaN,NaN,NaN,262762,115444,-59559,55885,72795,-131275,-58480,17405,-14810,2595
2019-08-29T22:00:00Z,2.575,2.5835,2.546,2.557,115444,-59559,55885,72795,-131275,-58480,17405,-14810,2595,NaN,NaN,NaN,NaN,262762,115444,-59559,55885,72795,-131275,-58480,17405,-14810,2595
2019-09-01T22:00:00Z,2.555,2.568,2.482,2.529,113577,-54580,58997,76099,-134940,-58841,16377,-16533,-156,NaN,NaN,NaN,NaN,260040,113577,-54580,58997,76099,-134940,-58841,16377,-16533,-156
2019-09-03T22:00:00Z,2.529,2.5975,2.5275,2.595,113577,-54580,58997,76099,-134940,-58841,16377,-16533,-156,NaN,NaN,NaN,NaN,260040,113577,-54580,58997,76099,-134940,-58841,16377,-16533,-156
2019-09-04T22:00:00Z,2.5905,2.649,2.5875,2.6315,113577,-54580,58997,76099,-134940,-58841,16377,-16533,-156,NaN,NaN,NaN,NaN,260040,113577,-54580,58997,76099,-134940,-58841,16377,-16533,-156
2019-09-05T22:00:00Z,2.6315,2.649,2.62,2.6305,113577,-54580,58997,76099,-134940,-58841,16377,-16533,-156,NaN,NaN,NaN,NaN,260040,113577,-54580,58997,76099,-134940,-58841,16377,-16533,-156
2019-09-08T22:00:00Z,2.6315,2.633,2.6135,2.6275,113577,-54580,58997,76099,-134940,-58841,16377,-16533,-156,NaN,NaN,NaN,NaN,260040,113577,-54580,58997,76099,-134940,-58841,16377,-16533,-156
2019-09-09T22:00:00Z,2.6275,2.643,2.6025,2.6225,94434,-54013,40421,77185,-118371,-41186,15235,-14470,765,NaN,NaN,NaN,NaN,241910,94434,-54013,40421,77185,-118371,-41186,15235,-14470,765
2019-09-10T22:00:00Z,2.623,2.638,2.6005,2.6165,94434,-54013,40421,77185,-118371,-41186,15235,-14470,765,NaN,NaN,NaN,NaN,241910,94434,-54013,40421,77185,-118371,-41186,15235,-14470,765
2019-09-11T22:00:00Z,2.618,2.668,2.59,2.6425,94434,-54013,40421,77185,-118371,-41186,15235,-14470,765,NaN,NaN,NaN,NaN,241910,94434,-54013,40421,77185,-118371,-41186,15235,-14470,765
2019-09-12T22:00:00Z,2.6425,2.7045,2.6405,2.7025,94434,-54013,40421,77185,-118371,-41186,15235,-14470,765,NaN,NaN,NaN,NaN,241910,94434,-54013,40421,77185,-118371,-41186,15235,-14470,765
2019-09-15T22:00:00Z,2.6915,2.7065,2.638,2.642,94434,-54013,40421,77185,-118371,-41186,15235,-14470,765,NaN,NaN,NaN,NaN,241910,94434,-54013,40421,77185,-118371,-41186,15235,-14470,765
2019-09-16T22:00:00Z,2.6425,2.6475,2.606,2.6265,90337,-57645,32692,75083,-112033,-36950,16436,-12178,4258,NaN,NaN,NaN,NaN,234574,90337,-57645,32692,75083,-112033,-36950,16436,-12178,4258
2019-09-17T22:00:00Z,2.625,2.638,2.5975,2.613,90337,-57645,32692,75083,-112033,-36950,16436,-12178,4258,NaN,NaN,NaN,NaN,234574,90337,-57645,32692,75083,-112033,-36950,16436,-12178,4258
2019-09-18T22:00:00Z,2.613,2.624,2.6035,2.6065,90337,-57645,32692,75083,-112033,-36950,16436,-12178,4258,NaN,NaN,NaN,NaN,234574,90337,-57645,32692,75083,-112033,-36950,16436,-12178,4258
2019-09-19T22:00:00Z,2.6075,2.634,2.586,2.5915,90337,-57645,32692,75083,-112033,-36950,16436,-12178,4258,NaN,NaN,NaN,NaN,234574,90337,-57645,32692,75083,-112033,-36950,16436,-12178,4258
2019-09-22T22:00:00Z,2.594,2.6195,2.5725,2.6175,90337,-57645,32692,75083,-112033,-36950,16436,-12178,4258,NaN,NaN,NaN,NaN,234574,90337,-57645,32692,75083,-112033,-36950,16436,-12178,4258
2019-09-23T22:00:00Z,2.6185,2.6235,2.596,2.6025,91341,-53983,37358,71205,-111944,-40739,16237,-12856,3381,NaN,NaN,NaN,NaN,230727,91341,-53983,37358,71205,-111944,-40739,16237,-12856,3381
2019-09-24T22:00:00Z,2.604,2.615,2.587,2.6115,91341,-53983,37358,71205,-111944,-40739,16237,-12856,3381,NaN,NaN,NaN,NaN,230727,91341,-53983,37358,71205,-111944,-40739,16237,-12856,3381
2019-09-25T22:00:00Z,2.6115,2.6185,2.5735,2.576,91341,-53983,37358,71205,-111944,-40739,16237,-12856,3381,NaN,NaN,NaN,NaN,230727,91341,-53983,37358,71205,-111944,-40739,16237,-12856,3381
2019-09-26T22:00:00Z,2.577,2.613,2.5705,2.599,91341,-53983,37358,71205,-111944,-40739,16237,-12856,3381,NaN,NaN,NaN,NaN,230727,91341,-53983,37358,71205,-111944,-40739,16237,-12856,3381
2019-09-29T22:00:00Z,2.598,2.6185,2.5725,2.573,91341,-53983,37358,71205,-111944,-40739,16237,-12856,3381,NaN,NaN,NaN,NaN,230727,91341,-53983,37358,71205,-111944,-40739,16237,-12856,3381
2019-09-30T22:00:00Z,2.574,2.577,2.515,2.5645,96937,-53891,43046,71271,-118044,-46773,17101,-13374,3727,NaN,NaN,NaN,NaN,242951,96937,-53891,43046,71271,-118044,-46773,17101,-13374,3727
2019-10-01T22:00:00Z,2.565,2.5855,2.5475,2.5705,96937,-53891,43046,71271,-118044,-46773,17101,-13374,3727,NaN,NaN,NaN,NaN,242951,96937,-53891,43046,71271,-118044,-46773,17101,-13374,3727
2019-10-02T22:00:00Z,2.566,2.582,2.5385,2.553,96937,-53891,43046,71271,-118044,-46773,17101,-13374,3727,NaN,NaN,NaN,NaN,242951,96937,-53891,43046,71271,-118044,-46773,17101,-13374,3727
2019-10-03T22:00:00Z,2.5535,2.566,2.53,2.5645,96937,-53891,43046,71271,-118044,-46773,17101,-13374,3727,NaN,NaN,NaN,NaN,242951,96937,-53891,43046,71271,-118044,-46773,17101,-13374,3727
2019-10-06T22:00:00Z,2.557,2.5895,2.5525,2.573,96937,-53891,43046,71271,-118044,-46773,17101,-13374,3727,NaN,NaN,NaN,NaN,242951,96937,-53891,43046,71271,-118044,-46773,17101,-13374,3727
2019-10-07T22:00:00Z,2.573,2.6015,2.5615,2.5665,108105,-60124,47981,69884,-117977,-48093,14773,-14661,112,NaN,NaN,NaN,NaN,256724,108105,-60124,47981,69884,-117977,-48093,14773,-14661,112
2019-10-08T22:00:00Z,2.567,2.5795,2.5605,2.5675,108105,-60124,47981,69884,-117977,-48093,14773,-14661,112,NaN,NaN,NaN,NaN,256724,108105,-60124,47981,69884,-117977,-48093,14773,-14661,112
2019-10-09T22:00:00Z,2.569,2.62,2.5475,2.6125,108105,-60124,47981,69884,-117977,-48093,14773,-14661,112,NaN,NaN,NaN,NaN,256724,108105,-60124,47981,69884,-117977,-48093,14773,-14661,112
2019-10-10T22:00:00Z,2.611,2.6385,2.606,2.624,108105,-60124,47981,69884,-117977,-48093,14773,-14661,112,NaN,NaN,NaN,NaN,256724,108105,-60124,47981,69884,-117977,-48093,14773,-14661,112
2019-10-13T22:00:00Z,2.6275,2.6345,2.594,2.6325,108105,-60124,47981,69884,-117977,-48093,14773,-14661,112,NaN,NaN,NaN,NaN,256724,108105,-60124,47981,69884,-117977,-48093,14773,-14661,112
2019-10-14T22:00:00Z,2.632,2.6415,2.606,2.6115,110400,-64622,45778,67383,-114638,-47255,16188,-14711,1477,NaN,NaN,NaN,NaN,257178,110400,-64622,45778,67383,-114638,-47255,16188,-14711,1477
2019-10-15T22:00:00Z,2.6125,2.613,2.573,2.5865,110400,-64622,45778,67383,-114638,-47255,16188,-14711,1477,NaN,NaN,NaN,NaN,257178,110400,-64622,45778,67383,-114638,-47255,16188,-14711,1477
2019-10-16T22:00:00Z,2.587,2.6175,2.577,2.5995,110400,-64622,45778,67383,-114638,-47255,16188,-14711,1477,NaN,NaN,NaN,NaN,257178,110400,-64622,45778,67383,-114638,-47255,16188,-14711,1477
2019-10-17T22:00:00Z,2.6,2.646,2.585,2.644,110400,-64622,45778,67383,-114638,-47255,16188,-14711,1477,NaN,NaN,NaN,NaN,257178,110400,-64622,45778,67383,-114638,-47255,16188,-14711,1477
2019-10-20T22:00:00Z,2.6395,2.66,2.6305,2.646,110400,-64622,45778,67383,-114638,-47255,16188,-14711,1477,NaN,NaN,NaN,NaN,257178,110400,-64622,45778,67383,-114638,-47255,16188,-14711,1477
2019-10-21T22:00:00Z,2.645,2.6505,2.6295,2.6355,106650,-65810,40840,68744,-110317,-41573,17047,-16314,733,NaN,NaN,NaN,NaN,251164,106650,-65810,40840,68744,-110317,-41573,17047,-16314,733
2019-10-22T22:00:00Z,2.6355,2.6745,2.6145,2.6675,106650,-65810,40840,68744,-110317,-41573,17047,-16314,733,NaN,NaN,NaN,NaN,251164,106650,-65810,40840,68744,-110317,-41573,17047,-16314,733
2019-10-23T22:00:00Z,2.669,2.6795,2.659,2.6665,106650,-65810,40840,68744,-110317,-41573,17047,-16314,733,NaN,NaN,NaN,NaN,251164,106650,-65810,40840,68744,-110317,-41573,17047,-16314,733
2019-10-24T22:00:00Z,2.6665,2.6905,2.659,2.6845,106650,-65810,40840,68744,-110317,-41573,17047,-16314,733,NaN,NaN,NaN,NaN,251164,106650,-65810,40840,68744,-110317,-41573,17047,-16314,733
2019-10-27T22:00:00Z,2.685,2.689,2.6735,2.683,106650,-65810,40840,68744,-110317,-41573,17047,-16314,733,NaN,NaN,NaN,NaN,251164,106650,-65810,40840,68744,-110317,-41573,17047,-16314,733
2019-10-28T22:00:00Z,2.682,2.697,2.6725,2.692,95839,-71745,24094,76814,-102039,-25225,16962,-15831,1131,NaN,NaN,NaN,NaN,246252,95839,-71745,24094,76814,-102039,-25225,16962,-15831,1131
2019-10-29T22:00:00Z,2.692,2.6955,2.6605,2.6795,95839,-71745,24094,76814,-102039,-25225,16962,-15831,1131,NaN,NaN,NaN,NaN,246252,95839,-71745,24094,76814,-102039,-25225,16962,-15831,1131
2019-10-30T22:00:00Z,2.681,2.6875,2.628,2.6385,95839,-71745,24094,76814,-102039,-25225,16962,-15831,1131,NaN,NaN,NaN,NaN,246252,95839,-71745,24094,76814,-102039,-25225,16962,-15831,1131
2019-10-31T22:00:00Z,2.637,2.664,2.6315,2.6615,95839,-71745,24094,76814,-102039,-25225,16962,-15831,1131,NaN,NaN,NaN,NaN,246252,95839,-71745,24094,76814,-102039,-25225,16962,-15831,1131
2019-11-03T23:00:00Z,2.6625,2.677,2.6535,2.6625,95839,-71745,24094,76814,-102039,-25225,16962,-15831,1131,NaN,NaN,NaN,NaN,246252,95839,-71745,24094,76814,-102039,-25225,16962,-15831,1131
2019-11-04T23:00:00Z,2.6655,2.7155,2.663,2.7,87029,-66780,20249,81652,-104963,-23311,17973,-14911,3062,NaN,NaN,NaN,NaN,239147,87029,-66780,20249,81652,-104963,-23311,17973,-14911,3062
2019-11-05T23:00:00Z,2.6995,2.7015,2.6605,2.6715,87029,-66780,20249,81652,-104963,-23311,17973,-14911,3062,NaN,NaN,NaN,NaN,239147,87029,-66780,20249,81652,-104963,-23311,17973,-14911,3062
2019-11-06T23:00:00Z,2.6705,2.73,2.6655,2.712,87029,-66780,20249,81652,-104963,-23311,17973,-14911,3062,NaN,NaN,NaN,NaN,239147,87029,-66780,20249,81652,-104963,-23311,17973,-14911,3062
2019-11-07T23:00:00Z,2.712,2.7215,2.6765,2.6885,87029,-66780,20249,81652,-104963,-23311,17973,-14911,3062,NaN,NaN,NaN,NaN,239147,87029,-66780,20249,81652,-104963,-23311,17973,-14911,3062
2019-11-10T23:00:00Z,2.683,2.69,2.656,2.662,87029,-66780,20249,81652,-104963,-23311,17973,-14911,3062,NaN,NaN,NaN,NaN,239147,87029,-66780,20249,81652,-104963,-23311,17973,-14911,3062
2019-11-11T23:00:00Z,2.663,2.6835,2.642,2.6455,91310,-70023,21287,73303,-99590,-26287,20938,-15938,5000,NaN,NaN,NaN,NaN,239830,91310,-70023,21287,73303,-99590,-26287,20938,-15938,5000
2019-11-12T23:00:00Z,2.6465,2.6515,2.633,2.637,91310,-70023,21287,73303,-99590,-26287,20938,-15938,5000,NaN,NaN,NaN,NaN,239830,91310,-70023,21287,73303,-99590,-26287,20938,-15938,5000
2019-11-13T23:00:00Z,2.6375,2.658,2.613,2.623,91310,-70023,21287,73303,-99590,-26287,20938,-15938,5000,NaN,NaN,NaN,NaN,239830,91310,-70023,21287,73303,-99590,-26287,20938,-15938,5000
2019-11-14T23:00:00Z,2.625,2.643,2.6225,2.6365,91310,-70023,21287,73303,-99590,-26287,20938,-15938,5000,NaN,NaN,NaN,NaN,239830,91310,-70023,21287,73303,-99590,-26287,20938,-15938,5000
2019-11-17T23:00:00Z,2.637,2.6485,2.614,2.619,91310,-70023,21287,73303,-99590,-26287,20938,-15938,5000,NaN,NaN,NaN,NaN,239830,91310,-70023,21287,73303,-99590,-26287,20938,-15938,5000
2019-11-18T23:00:00Z,2.6195,2.6625,2.6165,2.6555,93647,-61093,32554,63747,-98853,-35106,18999,-16447,2552,NaN,NaN,NaN,NaN,228961,93647,-61093,32554,63747,-98853,-35106,18999,-16447,2552
2019-11-19T23:00:00Z,2.654,2.666,2.641,2.6475,93647,-61093,32554,63747,-98853,-35106,18999,-16447,2552,NaN,NaN,NaN,NaN,228961,93647,-61093,32554,63747,-98853,-35106,18999,-16447,2552
2019-11-20T23:00:00Z,2.648,2.651,2.621,2.625,93647,-61093,32554,63747,-98853,-35106,18999,-16447,2552,NaN,NaN,NaN,NaN,228961,93647,-61093,32554,63747,-98853,-35106,18999,-16447,2552
2019-11-21T23:00:00Z,2.6255,2.6525,2.6155,2.646,93647,-61093,32554,63747,-98853,-35106,18999,-16447,2552,NaN,NaN,NaN,NaN,228961,93647,-61093,32554,63747,-98853,-35106,18999,-16447,2552
2019-11-24T23:00:00Z,2.6455,2.67,2.6365,2.645,93647,-61093,32554,63747,-98853,-35106,18999,-16447,2552,NaN,NaN,NaN,NaN,228961,93647,-61093,32554,63747,-98853,-35106,18999,-16447,2552
2019-11-25T23:00:00Z,2.645,2.679,2.6355,2.675,95079,-58441,36638,61166,-99728,-38562,15681,-13757,1924,NaN,NaN,NaN,NaN,212577,95079,-58441,36638,61166,-99728,-38562,15681,-13757,1924
2019-11-26T23:00:00Z,2.696,2.71,2.6845,2.6985,95079,-58441,36638,61166,-99728,-38562,15681,-13757,1924,NaN,NaN,NaN,NaN,212577,95079,-58441,36638,61166,-99728,-38562,15681,-13757,1924
2019-11-27T23:00:00Z,2.699,2.7005,2.6535,2.661,95079,-58441,36638,61166,-99728,-38562,15681,-13757,1924,NaN,NaN,NaN,NaN,212577,95079,-58441,36638,61166,-99728,-38562,15681,-13757,1924
2019-12-01T23:00:00Z,2.662,2.679,2.647,2.6505,95079,-58441,36638,61166,-99728,-38562,15681,-13757,1924,NaN,NaN,NaN,NaN,212577,95079,-58441,36638,61166,-99728,-38562,15681,-13757,1924
2019-12-02T23:00:00Z,2.651,2.655,2.6205,2.6265,99143,-63515,35628,64225,-101932,-37707,15533,-13454,2079,NaN,NaN,NaN,NaN,215424,99143,-63515,35628,64225,-101932,-37707,15533,-13454,2079
2019-12-03T23:00:00Z,2.6265,2.6665,2.6205,2.661,99143,-63515,35628,64225,-101932,-37707,15533,-13454,2079,NaN,NaN,NaN,NaN,215424,99143,-63515,35628,64225,-101932,-37707,15533,-13454,2079
2019-12-04T23:00:00Z,2.662,2.6765,2.6535,2.6665,99143,-63515,35628,64225,-101932,-37707,15533,-13454,2079,NaN,NaN,NaN,NaN,215424,99143,-63515,35628,64225,-101932,-37707,15533,-13454,2079
2019-12-05T23:00:00Z,2.666,2.7535,2.6645,2.748,99143,-63515,35628,64225,-101932,-37707,15533,-13454,2079,NaN,NaN,NaN,NaN,215424,99143,-63515,35628,64225,-101932,-37707,15533,-13454,2079
2019-12-08T23:00:00Z,2.7455,2.762,2.72,2.754,99143,-63515,35628,64225,-101932,-37707,15533,-13454,2079,NaN,NaN,NaN,NaN,215424,99143,-63515,35628,64225,-101932,-37707,15533,-13454,2079
2019-12-09T23:00:00Z,2.7535,2.77,2.7485,2.764,89913,-73811,16102,79231,-96379,-17148,16085,-15039,1046,NaN,NaN,NaN,NaN,226987,89913,-73811,16102,79231,-96379,-17148,16085,-15039,1046
2019-12-10T23:00:00Z,2.766,2.798,2.7575,2.792,89913,-73811,16102,79231,-96379,-17148,16085,-15039,1046,NaN,NaN,NaN,NaN,226987,89913,-73811,16102,79231,-96379,-17148,16085,-15039,1046
2019-12-11T23:00:00Z,2.7945,2.8145,2.7635,2.8095,89913,-73811,16102,79231,-96379,-17148,16085,-15039,1046,NaN,NaN,NaN,NaN,226987,89913,-73811,16102,79231,-96379,-17148,16085,-15039,1046
2019-12-12T23:00:00Z,2.8135,2.831,2.7655,2.785,89913,-73811,16102,79231,-96379,-17148,16085,-15039,1046,NaN,NaN,NaN,NaN,226987,89913,-73811,16102,79231,-96379,-17148,16085,-15039,1046
2019-12-15T23:00:00Z,2.7865,2.8185,2.7815,2.808,89913,-73811,16102,79231,-96379,-17148,16085,-15039,1046,NaN,NaN,NaN,NaN,226987,89913,-73811,16102,79231,-96379,-17148,16085,-15039,1046
2019-12-16T23:00:00Z,2.8095,2.8265,2.801,2.8095,90846,-95281,-4435,95804,-95635,169,17847,-13581,4266,NaN,NaN,NaN,NaN,259207,90846,-95281,-4435,95804,-95635,169,17847,-13581,4266
2019-12-17T23:00:00Z,2.81,2.8145,2.7875,2.8105,90846,-95281,-4435,95804,-95635,169,17847,-13581,4266,NaN,NaN,NaN,NaN,259207,90846,-95281,-4435,95804,-95635,169,17847,-13581,4266
2019-12-18T23:00:00Z,2.8115,2.8275,2.8005,2.8255,90846,-95281,-4435,95804,-95635,169,17847,-13581,4266,NaN,NaN,NaN,NaN,259207,90846,-95281,-4435,95804,-95635,169,17847,-13581,4266
2019-12-19T23:00:00Z,2.8255,2.834,2.7985,2.804,90846,-95281,-4435,95804,-95635,169,17847,-13581,4266,NaN,NaN,NaN,NaN,259207,90846,-95281,-4435,95804,-95635,169,17847,-13581,4266
2019-12-22T23:00:00Z,2.807,2.8135,2.794,2.8095,90846,-95281,-4435,95804,-95635,169,17847,-13581,4266,NaN,NaN,NaN,NaN,259207,90846,-95281,-4435,95804,-95635,169,17847,-13581,4266
2019-12-23T23:00:00Z,2.8095,2.8325,2.8035,2.825,89267,-96683,-7416,97993,-94526,3467,17552,-13603,3949,NaN,NaN,NaN,NaN,263899,89267,-96683,-7416,97993,-94526,3467,17552,-13603,3949
2019-12-25T23:00:00Z,2.8375,2.8565,2.8255,2.85,89267,-96683,-7416,97993,-94526,3467,17552,-13603,3949,NaN,NaN,NaN,NaN,263899,89267,-96683,-7416,97993,-94526,3467,17552,-13603,3949
2019-12-26T23:00:00Z,2.851,2.851,2.8145,2.8245,89267,-96683,-7416,97993,-94526,3467,17552,-13603,3949,NaN,NaN,NaN,NaN,263899,89267,-96683,-7416,97993,-94526,3467,17552,-13603,3949
2019-12-29T23:00:00Z,2.8255,2.838,2.819,2.819,89267,-96683,-7416,97993,-94526,3467,17552,-13603,3949,NaN,NaN,NaN,NaN,263899,89267,-96683,-7416,97993,-94526,3467,17552,-13603,3949
2019-12-30T23:00:00Z,2.8205,2.822,2.796,2.7985,87605,-98663,-11058,98583,-93439,5144,17908,-11994,5914,NaN,NaN,NaN,NaN,266891,87605,-98663,-11058,98583,-93439,5144,17908,-11994,5914
2020-01-01T23:00:00Z,2.8035,2.8295,2.794,2.8235,87605,-98663,-11058,98583,-93439,5144,17908,-11994,5914,NaN,NaN,NaN,NaN,266891,87605,-98663,-11058,98583,-93439,5144,17908,-11994,5914
2020-01-02T23:00:00Z,2.825,2.8255,2.7595,2.7805,87605,-98663,-11058,98583,-93439,5144,17908,-11994,5914,NaN,NaN,NaN,NaN,266891,87605,-98663,-11058,98583,-93439,5144,17908,-11994,5914
2020-01-05T23:00:00Z,2.765,2.7955,2.7645,2.789,87605,-98663,-11058,98583,-93439,5144,17908,-11994,5914,NaN,NaN,NaN,NaN,266891,87605,-98663,-11058,98583,-93439,5144,17908,-11994,5914
2020-01-06T23:00:00Z,2.789,2.804,2.78,2.7955,92237,-95035,-2798,92710,-95850,-3140,18729,-12791,5938,NaN,NaN,NaN,NaN,270889,92237,-95035,-2798,92710,-95850,-3140,18729,-12791,5938
2020-01-07T23:00:00Z,2.7955,2.814,2.763,2.809,92237,-95035,-2798,92710,-95850,-3140,18729,-12791,5938,NaN,NaN,NaN,NaN,270889,92237,-95035,-2798,92710,-95850,-3140,18729,-12791,5938
2020-01-08T23:00:00Z,2.808,2.819,2.7955,2.7985,92237,-95035,-2798,92710,-95850,-3140,18729,-12791,5938,NaN,NaN,NaN,NaN,270889,92237,-95035,-2798,92710,-95850,-3140,18729,-12791,5938
2020-01-09T23:00:00Z,2.8,2.836,2.7955,2.81,92237,-95035,-2798,92710,-95850,-3140,18729,-12791,5938,NaN,NaN,NaN,NaN,270889,92237,-95035,-2798,92710,-95850,-3140,18729,-12791,5938
2020-01-12T23:00:00Z,2.8055,2.864,2.8055,2.8555,92237,-95035,-2798,92710,-95850,-3140,18729,-12791,5938,NaN,NaN,NaN,NaN,270889,92237,-95035,-2798,92710,-95850,-3140,18729,-12791,5938
2020-01-13T23:00:00Z,2.856,2.8745,2.8495,2.867,88559,-97830,-9271,103537,-100070,3467,19422,-13618,5804,NaN,NaN,NaN,NaN,281166,88559,-97830,-9271,103537,-100070,3467,19422,-13618,5804
2020-01-14T23:00:00Z,2.87,2.8705,2.8365,2.8625,88559,-97830,-9271,103537,-100070,3467,19422,-13618,5804,NaN,NaN,NaN,NaN,281166,88559,-97830,-9271,103537,-100070,3467,19422,-13618,5804
2020-01-15T23:00:00Z,2.8625,2.886,2.8415,2.852,88559,-97830,-9271,103537,-100070,3467,19422,-13618,5804,NaN,NaN,NaN,NaN,281166,88559,-97830,-9271,103537,-100070,3467,19422,-13618,5804
2020-01-16T23:00:00Z,2.852,2.8755,2.8415,2.846,88559,-97830,-9271,103537,-100070,3467,19422,-13618,5804,NaN,NaN,NaN,NaN,281166,88559,-97830,-9271,103537,-100070,3467,19422,-13618,5804
2020-01-19T23:00:00Z,2.847,2.861,2.79,2.7905,86080,-97982,-11902,103727,-97938,5789,18159,-12046,6113,NaN,NaN,NaN,NaN,282358,86080,-97982,-11902,103727,-97938,5789,18159,-12046,6113
2020-01-21T23:00:00Z,2.788,2.805,2.7635,2.7685,86080,-97982,-11902,103727,-97938,5789,18159,-12046,6113,NaN,NaN,NaN,NaN,282358,86080,-97982,-11902,103727,-97938,5789,18159,-12046,6113
2020-01-22T23:00:00Z,2.768,2.7725,2.711,2.735,86080,-97982,-11902,103727,-97938,5789,18159,-12046,6113,NaN,NaN,NaN,NaN,282358,86080,-97982,-11902,103727,-97938,5789,18159,-12046,6113
2020-01-23T23:00:00Z,2.731,2.736,2.6775,2.6835,86080,-97982,-11902,103727,-97938,5789,18159,-12046,6113,NaN,NaN,NaN,NaN,282358,86080,-97982,-11902,103727,-97938,5789,18159,-12046,6113
2020-01-26T23:00:00Z,2.6675,2.673,2.5915,2.5965,86080,-97982,-11902,103727,-97938,5789,18159,-12046,6113,NaN,NaN,NaN,NaN,282358,86080,-97982,-11902,103727,-97938,5789,18159,-12046,6113
2020-01-27T23:00:00Z,2.5935,2.6085,2.5775,2.5885,90138,-80793,9345,77213,-91603,-14390,17789,-12744,5045,NaN,NaN,NaN,NaN,248958,90138,-80793,9345,77213,-91603,-14390,17789,-12744,5045
2020-01-28T23:00:00Z,2.588,2.6065,2.553,2.5615,90138,-80793,9345,77213,-91603,-14390,17789,-12744,5045,NaN,NaN,NaN,NaN,248958,90138,-80793,9345,77213,-91603,-14390,17789,-12744,5045
2020-01-29T23:00:00Z,2.562,2.5665,2.516,2.549,90138,-80793,9345,77213,-91603,-14390,17789,-12744,5045,NaN,NaN,NaN,NaN,248958,90138,-80793,9345,77213,-91603,-14390,17789,-12744,5045
2020-01-30T23:00:00Z,2.5455,2.5635,2.5035,2.512,90138,-80793,9345,77213,-91603,-14390,17789,-12744,5045,NaN,NaN,NaN,NaN,248958,90138,-80793,9345,77213,-91603,-14390,17789,-12744,5045
2020-02-02T23:00:00Z,2.49,2.5635,2.4875,2.507,90138,-80793,9345,77213,-91603,-14390,17789,-12744,5045,NaN,NaN,NaN,NaN,248958,90138,-80793,9345,77213,-91603,-14390,17789,-12744,5045
2020-02-03T23:00:00Z,2.5055,2.5725,2.5015,2.545,105011,-75536,29475,69638,-103957,-34319,18530,-13686,4844,NaN,NaN,NaN,NaN,264032,105011,-75536,29475,69638,-103957,-34319,18530,-13686,4844
2020-02-04T23:00:00Z,2.547,2.6055,2.5425,2.585,105011,-75536,29475,69638,-103957,-34319,18530,-13686,4844,NaN,NaN,NaN,NaN,264032,105011,-75536,29475,69638,-103957,-34319,18530,-13686,4844
2020-02-05T23:00:00Z,2.5825,2.6225,2.5765,2.5975,105011,-75536,29475,69638,-103957,-34319,18530,-13686,4844,NaN,NaN,NaN,NaN,264032,105011,-75536,29475,69638,-103957,-34319,18530,-13686,4844
2020-02-06T23:00:00Z,2.594,2.599,2.5455,2.5465,105011,-75536,29475,69638,-103957,-34319,18530,-13686,4844,NaN,NaN,NaN,NaN,264032,105011,-75536,29475,69638,-103957,-34319,18530,-13686,4844
2020-02-09T23:00:00Z,2.55,2.576,2.54,2.557,105011,-75536,29475,69638,-103957,-34319,18530,-13686,4844,NaN,NaN,NaN,NaN,264032,105011,-75536,29475,69638,-103957,-34319,18530,-13686,4844
2020-02-10T23:00:00Z,2.556,2.6075,2.5555,2.582,117426,-77003,40423,67556,-113215,-45659,18323,-13087,5236,NaN,NaN,NaN,NaN,269208,117426,-77003,40423,67556,-113215,-45659,18323,-13087,5236
2020-02-11T23:00:00Z,2.582,2.61,2.58,2.6045,117426,-77003,40423,67556,-113215,-45659,18323,-13087,5236,NaN,NaN,NaN,NaN,269208,117426,-77003,40423,67556,-113215,-45659,18323,-13087,5236
2020-02-12T23:00:00Z,2.602,2.6275,2.5815,2.6155,117426,-77003,40423,67556,-113215,-45659,18323,-13087,5236,NaN,NaN,NaN,NaN,269208,117426,-77003,40423,67556,-113215,-45659,18323,-13087,5236
2020-02-13T23:00:00Z,2.615,2.6175,2.5925,2.5995,117426,-77003,40423,67556,-113215,-45659,18323,-13087,5236,NaN,NaN,NaN,NaN,269208,117426,-77003,40423,67556,-113215,-45659,18323,-13087,5236
2020-02-16T23:00:00Z,2.604,2.6325,2.594,2.6095,114476,-76846,37630,70397,-112410,-42013,18572,-14189,4383,NaN,NaN,NaN,NaN,275462,114476,-76846,37630,70397,-112410,-42013,18572,-14189,4383
2020-02-18T23:00:00Z,2.6055,2.627,2.5775,2.608,114476,-76846,37630,70397,-112410,-42013,18572,-14189,4383,NaN,NaN,NaN,NaN,275462,114476,-76846,37630,70397,-112410,-42013,18572,-14189,4383
2020-02-19T23:00:00Z,2.606,2.6235,2.5775,2.59,114476,-76846,37630,70397,-112410,-42013,18572,-14189,4383,NaN,NaN,NaN,NaN,275462,114476,-76846,37630,70397,-112410,-42013,18572,-14189,4383
2020-02-20T23:00:00Z,2.5895,2.6175,2.5605,2.602,114476,-76846,37630,70397,-112410,-42013,18572,-14189,4383,NaN,NaN,NaN,NaN,275462,114476,-76846,37630,70397,-112410,-42013,18572,-14189,4383
2020-02-23T23:00:00Z,2.5915,2.592,2.5585,2.57,114476,-76846,37630,70397,-112410,-42013,18572,-14189,4383,NaN,NaN,NaN,NaN,275462,114476,-76846,37630,70397,-112410,-42013,18572,-14189,4383
2020-02-24T23:00:00Z,2.5705,2.5915,2.558,2.565,112376,-69767,42609,69989,-114208,-44219,15682,-14072,1610,NaN,NaN,NaN,NaN,260777,112376,-69767,42609,69989,-114208,-44219,15682,-14072,1610
2020-02-25T23:00:00Z,2.564,2.5785,2.543,2.563,112376,-69767,42609,69989,-114208,-44219,15682,-14072,1610,NaN,NaN,NaN,NaN,260777,112376,-69767,42609,69989,-114208,-44219,15682,-14072,1610
2020-02-26T23:00:00Z,2.5665,2.582,2.5255,2.553,112376,-69767,42609,69989,-114208,-44219,15682,-14072,1610,NaN,NaN,NaN,NaN,260777,112376,-69767,42609,69989,-114208,-44219,15682,-14072,1610
2020-02-27T23:00:00Z,2.5565,2.5775,2.506,2.5445,112376,-69767,42609,69989,-114208,-44219,15682,-14072,1610,NaN,NaN,NaN,NaN,260777,112376,-69767,42609,69989,-114208,-44219,15682,-14072,1610
2020-03-01T23:00:00Z,2.522,2.613,2.501,2.606,112376,-69767,42609,69989,-114208,-44219,15682,-14072,1610,NaN,NaN,NaN,NaN,260777,112376,-69767,42609,69989,-114208,-44219,15682,-14072,1610
2020-03-02T23:00:00Z,2.6165,2.625,2.5465,2.5845,107837,-69326,38511,66736,-105616,-38880,13576,-13207,369,NaN,NaN,NaN,NaN,242931,107837,-69326,38511,66736,-105616,-38880,13576,-13207,369
2020-03-03T23:00:00Z,2.587,2.6,2.57,2.587,107837,-69326,38511,66736,-105616,-38880,13576,-13207,369,NaN,NaN,NaN,NaN,242931,107837,-69326,38511,66736,-105616,-38880,13576,-13207,369
2020-03-04T23:00:00Z,2.5825,2.6,2.561,2.5675,107837,-69326,38511,66736,-105616,-38880,13576,-13207,369,NaN,NaN,NaN,NaN,242931,107837,-69326,38511,66736,-105616,-38880,13576,-13207,369
2020-03-05T23:00:00Z,2.57,2.577,2.532,2.554,107837,-69326,38511,66736,-105616,-38880,13576,-13207,369,NaN,NaN,NaN,NaN,242931,107837,-69326,38511,66736,-105616,-38880,13576,-13207,369
2020-03-08T22:00:00Z,2.535,2.535,2.4565,2.4855,107837,-69326,38511,66736,-105616,-38880,13576,-13207,369,NaN,NaN,NaN,NaN,242931,107837,-69326,38511,66736,-105616,-38880,13576,-13207,369
2020-03-09T22:00:00Z,2.487,2.5655,2.482,2.54,103923,-63737,40186,60208,-99274,-39066,12630,-13750,-1120,NaN,NaN,NaN,NaN,227198,103923,-63737,40186,60208,-99274,-39066,12630,-13750,-1120
2020-03-10T22:00:00Z,2.541,2.542,2.4725,2.478,103923,-63737,40186,60208,-99274,-39066,12630,-13750,-1120,NaN,NaN,NaN,NaN,227198,103923,-63737,40186,60208,-99274,-39066,12630,-13750,-1120
2020-03-11T22:00:00Z,2.4775,2.4845,2.428,2.4415,103923,-63737,40186,60208,-99274,-39066,12630,-13750,-1120,NaN,NaN,NaN,NaN,227198,103923,-63737,40186,60208,-99274,-39066,12630,-13750,-1120
2020-03-12T22:00:00Z,2.443,2.532,2.4015,2.4935,103923,-63737,40186,60208,-99274,-39066,12630,-13750,-1120,NaN,NaN,NaN,NaN,227198,103923,-63737,40186,60208,-99274,-39066,12630,-13750,-1120
2020-03-15T22:00:00Z,2.51,2.5155,2.335,2.384,103923,-63737,40186,60208,-99274,-39066,12630,-13750,-1120,NaN,NaN,NaN,NaN,227198,103923,-63737,40186,60208,-99274,-39066,12630,-13750,-1120
2020-03-16T22:00:00Z,2.386,2.4255,2.302,2.3115,99906,-60104,39802,54628,-92683,-38055,13249,-14996,-1747,NaN,NaN,NaN,NaN,215842,99906,-60104,39802,54628,-92683,-38055,13249,-14996,-1747
2020-03-17T22:00:00Z,2.317,2.3415,2.111,2.162,99906,-60104,39802,54628,-92683,-38055,13249,-14996,-1747,NaN,NaN,NaN,NaN,215842,99906,-60104,39802,54628,-92683,-38055,13249,-14996,-1747
2020-03-18T22:00:00Z,2.1625,2.199,1.9725,2.154,99906,-60104,39802,54628,-92683,-38055,13249,-14996,-1747,NaN,NaN,NaN,NaN,215842,99906,-60104,39802,54628,-92683,-38055,13249,-14996,-1747
2020-03-19T22:00:00Z,2.1485,2.2365,2.093,2.153,99906,-60104,39802,54628,-92683,-38055,13249,-14996,-1747,NaN,NaN,NaN,NaN,215842,99906,-60104,39802,54628,-92683,-38055,13249,-14996,-1747
2020-03-22T22:00:00Z,2.1465,2.1465,2.0205,2.088,99906,-60104,39802,54628,-92683,-38055,13249,-14996,-1747,NaN,NaN,NaN,NaN,215842,99906,-60104,39802,54628,-92683,-38055,13249,-14996,-1747
2020-03-23T22:00:00Z,2.087,2.2395,2.0845,2.204,89316,-58496,30820,46499,-72946,-26447,10078,-14451,-4373,NaN,NaN,NaN,NaN,183715,89316,-58496,30820,46499,-72946,-26447,10078,-14451,-4373
2020-03-24T22:00:00Z,2.1995,2.227,2.1495,2.21,89316,-58496,30820,46499,-72946,-26447,10078,-14451,-4373,NaN,NaN,NaN,NaN,183715,89316,-58496,30820,46499,-72946,-26447,10078,-14451,-4373
2020-03-25T22:00:00Z,2.204,2.2155,2.159,2.183,89316,-58496,30820,46499,-72946,-26447,10078,-14451,-4373,NaN,NaN,NaN,NaN,183715,89316,-58496,30820,46499,-72946,-26447,10078,-14451,-4373
2020-03-26T22:00:00Z,2.1845,2.2035,2.158,2.167,89316,-58496,30820,46499,-72946,-26447,10078,-14451,-4373,NaN,NaN,NaN,NaN,183715,89316,-58496,30820,46499,-72946,-26447,10078,-14451,-4373
2020-03-29T22:00:00Z,2.1465,2.175,2.1355,2.1685,89316,-58496,30820,46499,-72946,-26447,10078,-14451,-4373,NaN,NaN,NaN,NaN,183715,89316,-58496,30820,46499,-72946,-26447,10078,-14451,-4373
2020-03-30T22:00:00Z,2.1655,2.248,2.1655,2.216,92716,-64860,27856,42278,-67111,-24833,11636,-14659,-3023,NaN,NaN,NaN,NaN,182253,92716,-64860,27856,42278,-67111,-24833,11636,-14659,-3023
2020-03-31T22:00:00Z,2.216,2.222,2.1545,2.169,92716,-64860,27856,42278,-67111,-24833,11636,-14659,-3023,NaN,NaN,NaN,NaN,182253,92716,-64860,27856,42278,-67111,-24833,11636,-14659,-3023
2020-04-01T22:00:00Z,2.172,2.236,2.1505,2.2215,92716,-64860,27856,42278,-67111,-24833,11636,-14659,-3023,NaN,NaN,NaN,NaN,182253,92716,-64860,27856,42278,-67111,-24833,11636,-14659,-3023
2020-04-02T22:00:00Z,2.2205,2.2315,2.1705,2.1775,92716,-64860,27856,42278,-67111,-24833,11636,-14659,-3023,NaN,NaN,NaN,NaN,182253,92716,-64860,27856,42278,-67111,-24833,11636,-14659,-3023
2020-04-05T22:00:00Z,2.1885,2.229,2.182,2.224,92716,-64860,27856,42278,-67111,-24833,11636,-14659,-3023,NaN,NaN,NaN,NaN,182253,92716,-64860,27856,42278,-67111,-24833,11636,-14659,-3023
2020-04-06T22:00:00Z,2.22,2.3175,2.2185,2.249,92012,-65250,26762,41631,-67207,-25576,13375,-14561,-1186,NaN,NaN,NaN,NaN,185408,92012,-65250,26762,41631,-67207,-25576,13375,-14561,-1186
2020-04-07T22:00:00Z,2.249,2.2875,2.2425,2.2725,92012,-65250,26762,41631,-67207,-25576,13375,-14561,-1186,NaN,NaN,NaN,NaN,185408,92012,-65250,26762,41631,-67207,-25576,13375,-14561,-1186
2020-04-08T22:00:00Z,2.2715,2.2885,2.2465,2.27,92012,-65250,26762,41631,-67207,-25576,13375,-14561,-1186,NaN,NaN,NaN,NaN,185408,92012,-65250,26762,41631,-67207,-25576,13375,-14561,-1186
2020-04-12T22:00:00Z,2.3005,2.3525,2.2635,2.321,92012,-65250,26762,41631,-67207,-25576,13375,-14561,-1186,NaN,NaN,NaN,NaN,185408,92012,-65250,26762,41631,-67207,-25576,13375,-14561,-1186
2020-04-13T22:00:00Z,2.3155,2.3355,2.308,2.3285,95674,-69875,25799,42230,-66960,-24730,13702,-14771,-1069,NaN,NaN,NaN,NaN,194265,95674,-69875,25799,42230,-66960,-24730,13702,-14771,-1069
2020-04-14T22:00:00Z,2.33,2.33,2.277,2.2995,95674,-69875,25799,42230,-66960,-24730,13702,-14771,-1069,NaN,NaN,NaN,NaN,194265,95674,-69875,25799,42230,-66960,-24730,13702,-14771,-1069
2020-04-15T22:00:00Z,2.298,2.319,2.2865,2.3095,95674,-69875,25799,42230,-66960,-24730,13702,-14771,-1069,NaN,NaN,NaN,NaN,194265,95674,-69875,25799,42230,-66960,-24730,13702,-14771,-1069
2020-04-16T22:00:00Z,2.3125,2.358,2.3115,2.3395,95674,-69875,25799,42230,-66960,-24730,13702,-14771,-1069,NaN,NaN,NaN,NaN,194265,95674,-69875,25799,42230,-66960,-24730,13702,-14771,-1069
2020-04-19T22:00:00Z,2.346,2.355,2.294,2.3045,95674,-69875,25799,42230,-66960,-24730,13702,-14771,-1069,NaN,NaN,NaN,NaN,194265,95674,-69875,25799,42230,-66960,-24730,13702,-14771,-1069
2020-04-20T22:00:00Z,2.306,2.3135,2.1495,2.247,86108,-62826,23282,46338,-67260,-20922,12238,-14598,-2360,NaN,NaN,NaN,NaN,181947,86108,-62826,23282,46338,-67260,-20922,12238,-14598,-2360
2020-04-21T22:00:00Z,2.251,2.2935,2.2105,2.286,86108,-62826,23282,46338,-67260,-20922,12238,-14598,-2360,NaN,NaN,NaN,NaN,181947,86108,-62826,23282,46338,-67260,-20922,12238,-14598,-2360
2020-04-22T22:00:00Z,2.2845,2.3395,2.272,2.307,86108,-62826,23282,46338,-67260,-20922,12238,-14598,-2360,NaN,NaN,NaN,NaN,181947,86108,-62826,23282,46338,-67260,-20922,12238,-14598,-2360
2020-04-23T22:00:00Z,2.308,2.363,2.2885,2.36,86108,-62826,23282,46338,-67260,-20922,12238,-14598,-2360,NaN,NaN,NaN,NaN,181947,86108,-62826,23282,46338,-67260,-20922,12238,-14598,-2360
2020-04-26T22:00:00Z,2.355,2.3855,2.3165,2.3485,86108,-62826,23282,46338,-67260,-20922,12238,-14598,-2360,NaN,NaN,NaN,NaN,181947,86108,-62826,23282,46338,-67260,-20922,12238,-14598,-2360
2020-04-27T22:00:00Z,2.3485,2.3745,2.329,2.3405,76363,-56880,19483,46958,-63741,-16783,11626,-14326,-2700,NaN,NaN,NaN,NaN,167291,76363,-56880,19483,46958,-63741,-16783,11626,-14326,-2700
2020-04-28T22:00:00Z,2.3425,2.386,2.337,2.379,76363,-56880,19483,46958,-63741,-16783,11626,-14326,-2700,NaN,NaN,NaN,NaN,167291,76363,-56880,19483,46958,-63741,-16783,11626,-14326,-2700
2020-04-29T22:00:00Z,2.377,2.395,2.335,2.3445,76363,-56880,19483,46958,-63741,-16783,11626,-14326,-2700,NaN,NaN,NaN,NaN,167291,76363,-56880,19483,46958,-63741,-16783,11626,-14326,-2700
2020-04-30T22:00:00Z,2.34,2.342,2.286,2.31,76363,-56880,19483,46958,-63741,-16783,11626,-14326,-2700,NaN,NaN,NaN,NaN,167291,76363,-56880,19483,46958,-63741,-16783,11626,-14326,-2700
2020-05-03T22:00:00Z,2.305,2.322,2.284,2.321,76363,-56880,19483,46958,-63741,-16783,11626,-14326,-2700,NaN,NaN,NaN,NaN,167291,76363,-56880,19483,46958,-63741,-16783,11626,-14326,-2700
2020-05-04T22:00:00Z,2.321,2.34,2.307,2.333,73112,-52136,20976,46074,-65231,-19157,11682,-13501,-1819,NaN,NaN,NaN,NaN,162899,73112,-52136,20976,46074,-65231,-19157,11682,-13501,-1819
2020-05-05T22:00:00Z,2.3325,2.3655,2.3185,2.342,73112,-52136,20976,46074,-65231,-19157,11682,-13501,-1819,NaN,NaN,NaN,NaN,162899,73112,-52136,20976,46074,-65231,-19157,11682,-13501,-1819
2020-05-06T22:00:00Z,2.342,2.391,2.334,2.379,73112,-52136,20976,46074,-65231,-19157,11682,-13501,-1819,NaN,NaN,NaN,NaN,162899,73112,-52136,20976,46074,-65231,-19157,11682,-13501,-1819
2020-05-07T22:00:00Z,2.379,2.43,2.378,2.416,73112,-52136,20976,46074,-65231,-19157,11682,-13501,-1819,NaN,NaN,NaN,NaN,162899,73112,-52136,20976,46074,-65231,-19157,11682,-13501,-1819
2020-05-10T22:00:00Z,2.4095,2.43,2.367,2.38,73112,-52136,20976,46074,-65231,-19157,11682,-13501,-1819,NaN,NaN,NaN,NaN,162899,73112,-52136,20976,46074,-65231,-19157,11682,-13501,-1819
2020-05-11T22:00:00Z,2.384,2.3865,2.3305,2.334,72956,-55684,17272,48104,-63633,-15529,12514,-14257,-1743,NaN,NaN,NaN,NaN,168470,72956,-55684,17272,48104,-63633,-15529,12514,-14257,-1743
2020-05-12T22:00:00Z,2.3355,2.375,2.3325,2.3515,72956,-55684,17272,48104,-63633,-15529,12514,-14257,-1743,NaN,NaN,NaN,NaN,168470,72956,-55684,17272,48104,-63633,-15529,12514,-14257,-1743
2020-05-13T22:00:00Z,2.353,2.365,2.314,2.363,72956,-55684,17272,48104,-63633,-15529,12514,-14257,-1743,NaN,NaN,NaN,NaN,168470,72956,-55684,17272,48104,-63633,-15529,12514,-14257,-1743
2020-05-14T22:00:00Z,2.362,2.3755,2.3285,2.331,72956,-55684,17272,48104,-63633,-15529,12514,-14257,-1743,NaN,NaN,NaN,NaN,168470,72956,-55684,17272,48104,-63633,-15529,12514,-14257,-1743
2020-05-17T22:00:00Z,2.3375,2.4285,2.334,2.4225,72956,-55684,17272,48104,-63633,-15529,12514,-14257,-1743,NaN,NaN,NaN,NaN,168470,72956,-55684,17272,48104,-63633,-15529,12514,-14257,-1743
2020-05-18T22:00:00Z,2.4245,2.4385,2.4035,2.409,73989,-58143,15846,51254,-64670,-13416,12309,-14739,-2430,NaN,NaN,NaN,NaN,171040,73989,-58143,15846,51254,-64670,-13416,12309,-14739,-2430
2020-05-19T22:00:00Z,2.41,2.465,2.401,2.4575,73989,-58143,15846,51254,-64670,-13416,12309,-14739,-2430,NaN,NaN,NaN,NaN,171040,73989,-58143,15846,51254,-64670,-13416,12309,-14739,-2430
2020-05-20T22:00:00Z,2.4605,2.468,2.422,2.424,73989,-58143,15846,51254,-64670,-13416,12309,-14739,-2430,NaN,NaN,NaN,NaN,171040,73989,-58143,15846,51254,-64670,-13416,12309,-14739,-2430
2020-05-21T22:00:00Z,2.4275,2.431,2.3715,2.3915,73989,-58143,15846,51254,-64670,-13416,12309,-14739,-2430,NaN,NaN,NaN,NaN,171040,73989,-58143,15846,51254,-64670,-13416,12309,-14739,-2430
2020-05-24T22:00:00Z,2.3905,2.439,2.386,2.4125,73537,-63507,10030,50347,-59986,-9639,14059,-14450,-391,NaN,NaN,NaN,NaN,175499,73537,-63507,10030,50347,-59986,-9639,14059,-14450,-391
2020-05-26T22:00:00Z,2.411,2.422,2.3585,2.386,73537,-63507,10030,50347,-59986,-9639,14059,-14450,-391,NaN,NaN,NaN,NaN,175499,73537,-63507,10030,50347,-59986,-9639,14059,-14450,-391
2020-05-27T22:00:00Z,2.3875,2.4245,2.3835,2.408,73537,-63507,10030,50347,-59986,-9639,14059,-14450,-391,NaN,NaN,NaN,NaN,175499,73537,-63507,10030,50347,-59986,-9639,14059,-14450,-391
2020-05-28T22:00:00Z,2.405,2.4585,2.3915,2.4425,73537,-63507,10030,50347,-59986,-9639,14059,-14450,-391,NaN,NaN,NaN,NaN,175499,73537,-63507,10030,50347,-59986,-9639,14059,-14450,-391
2020-05-31T22:00:00Z,2.43,2.4775,2.4235,2.468,73537,-63507,10030,50347,-59986,-9639,14059,-14450,-391,NaN,NaN,NaN,NaN,175499,73537,-63507,10030,50347,-59986,-9639,14059,-14450,-391
2020-06-01T22:00:00Z,2.468,2.4975,2.459,2.4945,73316,-71633,1683,56002,-56948,-946,13848,-14585,-737,NaN,NaN,NaN,NaN,182043,73316,-71633,1683,56002,-56948,-946,13848,-14585,-737
2020-06-02T22:00:00Z,2.4935,2.505,2.475,2.484,73316,-71633,1683,56002,-56948,-946,13848,-14585,-737,NaN,NaN,NaN,NaN,182043,73316,-71633,1683,56002,-56948,-946,13848,-14585,-737
2020-06-03T22:00:00Z,2.4835,2.503,2.455,2.485,73316,-71633,1683,56002,-56948,-946,13848,-14585,-737,NaN,NaN,NaN,NaN,182043,73316,-71633,1683,56002,-56948,-946,13848,-14585,-737
2020-06-04T22:00:00Z,2.486,2.5715,2.481,2.5425,73316,-71633,1683,56002,-56948,-946,13848,-14585,-737,NaN,NaN,NaN,NaN,182043,73316,-71633,1683,56002,-56948,-946,13848,-14585,-737
2020-06-07T22:00:00Z,2.543,2.5865,2.5305,2.581,73316,-71633,1683,56002,-56948,-946,13848,-14585,-737,NaN,NaN,NaN,NaN,182043,73316,-71633,1683,56002,-56948,-946,13848,-14585,-737
2020-06-08T22:00:00Z,2.5795,2.606,2.5555,2.599,71994,-84330,-12336,60810,-48499,12311,13862,-13837,25,NaN,NaN,NaN,NaN,181310,71994,-84330,-12336,60810,-48499,12311,13862,-13837,25
2020-06-09T22:00:00Z,2.6005,2.7,2.597,2.6775,71994,-84330,-12336,60810,-48499,12311,13862,-13837,25,NaN,NaN,NaN,NaN,181310,71994,-84330,-12336,60810,-48499,12311,13862,-13837,25
2020-06-10T22:00:00Z,2.68,2.6805,2.5575,2.575,71994,-84330,-12336,60810,-48499,12311,13862,-13837,25,NaN,NaN,NaN,NaN,181310,71994,-84330,-12336,60810,-48499,12311,13862,-13837,25
2020-06-11T22:00:00Z,2.577,2.623,2.5585,2.6155,71994,-84330,-12336,60810,-48499,12311,13862,-13837,25,NaN,NaN,NaN,NaN,181310,71994,-84330,-12336,60810,-48499,12311,13862,-13837,25
2020-06-14T22:00:00Z,2.591,2.6015,2.5375,2.5855,71994,-84330,-12336,60810,-48499,12311,13862,-13837,25,NaN,NaN,NaN,NaN,181310,71994,-84330,-12336,60810,-48499,12311,13862,-13837,25
2020-06-15T22:00:00Z,2.58,2.615,2.531,2.565,74629,-86780,-12151,57146,-47544,9602,14765,-12216,2549,NaN,NaN,NaN,NaN,180741,74629,-86780,-12151,57146,-47544,9602,14765,-12216,2549
2020-06-16T22:00:00Z,2.5635,2.5995,2.5515,2.5895,74629,-86780,-12151,57146,-47544,9602,14765,-12216,2549,NaN,NaN,NaN,NaN,180741,74629,-86780,-12151,57146,-47544,9602,14765,-12216,2549
2020-06-17T22:00:00Z,2.588,2.626,2.572,2.594,74629,-86780,-12151,57146,-47544,9602,14765,-12216,2549,NaN,NaN,NaN,NaN,180741,74629,-86780,-12151,57146,-47544,9602,14765,-12216,2549
2020-06-18T22:00:00Z,2.5935,2.65,2.588,2.6065,74629,-86780,-12151,57146,-47544,9602,14765,-12216,2549,NaN,NaN,NaN,NaN,180741,74629,-86780,-12151,57146,-47544,9602,14765,-12216,2549
2020-06-21T22:00:00Z,2.6015,2.6615,2.595,2.6525,74629,-86780,-12151,57146,-47544,9602,14765,-12216,2549,NaN,NaN,NaN,NaN,180741,74629,-86780,-12151,57146,-47544,9602,14765,-12216,2549
2020-06-22T22:00:00Z,2.658,2.6745,2.6195,2.651,75997,-94415,-18418,63749,-47051,16698,14323,-12603,1720,NaN,NaN,NaN,NaN,190457,75997,-94415,-18418,63749,-47051,16698,14323,-12603,1720
2020-06-23T22:00:00Z,2.652,2.6845,2.6265,2.6425,75997,-94415,-18418,63749,-47051,16698,14323,-12603,1720,NaN,NaN,NaN,NaN,190457,75997,-94415,-18418,63749,-47051,16698,14323,-12603,1720
2020-06-24T22:00:00Z,2.645,2.669,2.6285,2.6655,75997,-94415,-18418,63749,-47051,16698,14323,-12603,1720,NaN,NaN,NaN,NaN,190457,75997,-94415,-18418,63749,-47051,16698,14323,-12603,1720
2020-06-25T22:00:00Z,2.6655,2.699,2.6505,2.6525,75997,-94415,-18418,63749,-47051,16698,14323,-12603,1720,NaN,NaN,NaN,NaN,190457,75997,-94415,-18418,63749,-47051,16698,14323,-12603,1720
2020-06-28T22:00:00Z,2.67,2.7055,2.668,2.698,75997,-94415,-18418,63749,-47051,16698,14323,-12603,1720,NaN,NaN,NaN,NaN,190457,75997,-94415,-18418,63749,-47051,16698,14323,-12603,1720
2020-06-29T22:00:00Z,2.698,2.737,2.6955,2.7295,75035,-96719,-21684,68377,-47800,20577,14612,-13505,1107,NaN,NaN,NaN,NaN,193194,75035,-96719,-21684,68377,-47800,20577,14612,-13505,1107
2020-06-30T22:00:00Z,2.7305,2.7585,2.7065,2.7585,75035,-96719,-21684,68377,-47800,20577,14612,-13505,1107,NaN,NaN,NaN,NaN,193194,75035,-96719,-21684,68377,-47800,20577,14612,-13505,1107
2020-07-01T22:00:00Z,2.759,2.769,2.7305,2.747,75035,-96719,-21684,68377,-47800,20577,14612,-13505,1107,NaN,NaN,NaN,NaN,193194,75035,-96719,-21684,68377,-47800,20577,14612,-13505,1107
2020-07-02T22:00:00Z,2.749,2.7925,2.7035,2.787,75035,-96719,-21684,68377,-47800,20577,14612,-13505,1107,NaN,NaN,NaN,NaN,193194,75035,-96719,-21684,68377,-47800,20577,14612,-13505,1107
2020-07-06T22:00:00Z,2.79,2.799,2.746,2.7865,73363,-100116,-26753,77377,-53565,23812,16264,-13323,2941,NaN,NaN,NaN,NaN,206843,73363,-100116,-26753,77377,-53565,23812,16264,-13323,2941
2020-07-07T22:00:00Z,2.785,2.8255,2.785,2.8245,73363,-100116,-26753,77377,-53565,23812,16264,-13323,2941,NaN,NaN,NaN,NaN,206843,73363,-100116,-26753,77377,-53565,23812,16264,-13323,2941
2020-07-08T22:00:00Z,2.8285,2.8755,2.8235,2.837,73363,-100116,-26753,77377,-53565,23812,16264,-13323,2941,NaN,NaN,NaN,NaN,206843,73363,-100116,-26753,77377,-53565,23812,16264,-13323,2941
2020-07-09T22:00:00Z,2.8425,2.917,2.8225,2.913,73363,-100116,-26753,77377,-53565,23812,16264,-13323,2941,NaN,NaN,NaN,NaN,206843,73363,-100116,-26753,77377,-53565,23812,16264,-13323,2941
2020-07-12T22:00:00Z,2.9195,2.993,2.8955,2.91,73363,-100116,-26753,77377,-53565,23812,16264,-13323,2941,NaN,NaN,NaN,NaN,206843,73363,-100116,-26753,77377,-53565,23812,16264,-13323,2941
2020-07-13T22:00:00Z,2.916,2.946,2.898,2.9385,72461,-109696,-37235,89241,-55833,33408,16339,-12512,3827,NaN,NaN,NaN,NaN,221410,72461,-109696,-37235,89241,-55833,33408,16339,-12512,3827
2020-07-14T22:00:00Z,2.939,2.976,2.873,2.894,72461,-109696,-37235,89241,-55833,33408,16339,-12512,3827,NaN,NaN,NaN,NaN,221410,72461,-109696,-37235,89241,-55833,33408,16339,-12512,3827
2020-07-15T22:00:00Z,2.894,2.906,2.845,2.895,72461,-109696,-37235,89241,-55833,33408,16339,-12512,3827,NaN,NaN,NaN,NaN,221410,72461,-109696,-37235,89241,-55833,33408,16339,-12512,3827
2020-07-16T22:00:00Z,2.898,2.9175,2.88,2.901,72461,-109696,-37235,89241,-55833,33408,16339,-12512,3827,NaN,NaN,NaN,NaN,221410,72461,-109696,-37235,89241,-55833,33408,16339,-12512,3827
2020-07-19T22:00:00Z,2.9065,2.944,2.8815,2.921,72461,-109696,-37235,89241,-55833,33408,16339,-12512,3827,NaN,NaN,NaN,NaN,221410,72461,-109696,-37235,89241,-55833,33408,16339,-12512,3827
2020-07-20T22:00:00Z,2.921,2.975,2.9195,2.962,71193,-113122,-41929,95888,-57254,38634,16577,-13282,3295,NaN,NaN,NaN,NaN,227565,71193,-113122,-41929,95888,-57254,38634,16577,-13282,3295
2020-07-21T22:00:00Z,2.9635,2.982,2.8915,2.9255,71193,-113122,-41929,95888,-57254,38634,16577,-13282,3295,NaN,NaN,NaN,NaN,227565,71193,-113122,-41929,95888,-57254,38634,16577,-13282,3295
2020-07-22T22:00:00Z,2.9265,2.954,2.899,2.9215,71193,-113122,-41929,95888,-57254,38634,16577,-13282,3295,NaN,NaN,NaN,NaN,227565,71193,-113122,-41929,95888,-57254,38634,16577,-13282,3295
2020-07-23T22:00:00Z,2.9215,2.9305,2.8665,2.8945,71193,-113122,-41929,95888,-57254,38634,16577,-13282,3295,NaN,NaN,NaN,NaN,227565,71193,-113122,-41929,95888,-57254,38634,16577,-13282,3295
2020-07-26T22:00:00Z,2.8925,2.92,2.882,2.9105,71193,-113122,-41929,95888,-57254,38634,16577,-13282,3295,NaN,NaN,NaN,NaN,227565,71193,-113122,-41929,95888,-57254,38634,16577,-13282,3295
2020-07-27T22:00:00Z,2.909,2.94,2.879,2.912,70702,-116895,-46193,99285,-56795,42490,17017,-13314,3703,NaN,NaN,NaN,NaN,234724,70702,-116895,-46193,99285,-56795,42490,17017,-13314,3703
2020-07-28T22:00:00Z,2.9145,2.9435,2.895,2.934,70702,-116895,-46193,99285,-56795,42490,17017,-13314,3703,NaN,NaN,NaN,NaN,234724,70702,-116895,-46193,99285,-56795,42490,17017,-13314,3703
2020-07-29T22:00:00Z,2.934,2.936,2.8765,2.919,70702,-116895,-46193,99285,-56795,42490,17017,-13314,3703,NaN,NaN,NaN,NaN,234724,70702,-116895,-46193,99285,-56795,42490,17017,-13314,3703
2020-07-30T22:00:00Z,2.9205,2.9315,2.8465,2.8595,70702,-116895,-46193,99285,-56795,42490,17017,-13314,3703,NaN,NaN,NaN,NaN,234724,70702,-116895,-46193,99285,-56795,42490,17017,-13314,3703
2020-08-02T22:00:00Z,2.8665,2.925,2.831,2.914,70702,-116895,-46193,99285,-56795,42490,17017,-13314,3703,NaN,NaN,NaN,NaN,234724,70702,-116895,-46193,99285,-56795,42490,17017,-13314,3703
2020-08-03T22:00:00Z,2.9145,2.9185,2.875,2.9025,69149,-113388,-44239,97111,-58261,38850,17934,-12545,5389,NaN,NaN,NaN,NaN,232022,69149,-113388,-44239,97111,-58261,38850,17934,-12545,5389
2020-08-04T22:00:00Z,2.906,2.9395,2.8875,2.9175,69149,-113388,-44239,97111,-58261,38850,17934,-12545,5389,NaN,NaN,NaN,NaN,232022,69149,-113388,-44239,97111,-58261,38850,17934,-12545,5389
2020-08-05T22:00:00Z,2.9165,2.927,2.886,2.9135,69149,-113388,-44239,97111,-58261,38850,17934,-12545,5389,NaN,NaN,NaN,NaN,232022,69149,-113388,-44239,97111,-58261,38850,17934,-12545,5389
2020-08-06T22:00:00Z,2.918,2.9185,2.783,2.7905,69149,-113388,-44239,97111,-58261,38850,17934,-12545,5389,NaN,NaN,NaN,NaN,232022,69149,-113388,-44239,97111,-58261,38850,17934,-12545,5389
2020-08-09T22:00:00Z,2.786,2.885,2.782,2.8665,69149,-113388,-44239,97111,-58261,38850,17934,-12545,5389,NaN,NaN,NaN,NaN,232022,69149,-113388,-44239,97111,-58261,38850,17934,-12545,5389
2020-08-10T22:00:00Z,2.864,2.8795,2.839,2.849,75837,-111801,-35964,89501,-55868,33633,15481,-13150,2331,NaN,NaN,NaN,NaN,227430,75837,-111801,-35964,89501,-55868,33633,15481,-13150,2331
2020-08-11T22:00:00Z,2.8495,2.9025,2.8075,2.882,75837,-111801,-35964,89501,-55868,33633,15481,-13150,2331,NaN,NaN,NaN,NaN,227430,75837,-111801,-35964,89501,-55868,33633,15481,-13150,2331
2020-08-12T22:00:00Z,2.8815,2.8925,2.769,2.7965,75837,-111801,-35964,89501,-55868,33633,15481,-13150,2331,NaN,NaN,NaN,NaN,227430,75837,-111801,-35964,89501,-55868,33633,15481,-13150,2331
2020-08-13T22:00:00Z,2.7965,2.8645,2.791,2.8635,75837,-111801,-35964,89501,-55868,33633,15481,-13150,2331,NaN,NaN,NaN,NaN,227430,75837,-111801,-35964,89501,-55868,33633,15481,-13150,2331
2020-08-16T22:00:00Z,2.8605,2.917,2.8445,2.9085,75837,-111801,-35964,89501,-55868,33633,15481,-13150,2331,NaN,NaN,NaN,NaN,227430,75837,-111801,-35964,89501,-55868,33633,15481,-13150,2331
2020-08-17T22:00:00Z,2.906,2.9815,2.886,2.973,70105,-116192,-46087,99975,-56457,43518,16559,-13990,2569,NaN,NaN,NaN,NaN,232581,70105,-116192,-46087,99975,-56457,43518,16559,-13990,2569
2020-08-18T22:00:00Z,2.9745,3.0295,2.967,2.9995,70105,-116192,-46087,99975,-56457,43518,16559,-13990,2569,NaN,NaN,NaN,NaN,232581,70105,-116192,-46087,99975,-56457,43518,16559,-13990,2569
2020-08-19T22:00:00Z,3.001,3.001,2.952,2.99,70105,-116192,-46087,99975,-56457,43518,16559,-13990,2569,NaN,NaN,NaN,NaN,232581,70105,-116192,-46087,99975,-56457,43518,16559,-13990,2569
2020-08-20T22:00:00Z,2.9895,3.0045,2.9065,2.9265,70105,-116192,-46087,99975,-56457,43518,16559,-13990,2569,NaN,NaN,NaN,NaN,232581,70105,-116192,-46087,99975,-56457,43518,16559,-13990,2569
2020-08-23T22:00:00Z,2.9195,2.9635,2.9135,2.924,70105,-116192,-46087,99975,-56457,43518,16559,-13990,2569,NaN,NaN,NaN,NaN,232581,70105,-116192,-46087,99975,-56457,43518,16559,-13990,2569
2020-08-24T22:00:00Z,2.924,2.943,2.9115,2.9385,68930,-121192,-52262,98761,-50897,47864,16980,-12582,4398,NaN,NaN,NaN,NaN,227062,68930,-121192,-52262,98761,-50897,47864,16980,-12582,4398
2020-08-25T22:00:00Z,2.942,2.978,2.9325,2.977,68930,-121192,-52262,98761,-50897,47864,16980,-12582,4398,NaN,NaN,NaN,NaN,227062,68930,-121192,-52262,98761,-50897,47864,16980,-12582,4398
2020-08-26T22:00:00Z,2.978,2.99,2.934,2.9765,68930,-121192,-52262,98761,-50897,47864,16980,-12582,4398,NaN,NaN,NaN,NaN,227062,68930,-121192,-52262,98761,-50897,47864,16980,-12582,4398
2020-08-27T22:00:00Z,3,3.0405,2.996,3.03,68930,-121192,-52262,98761,-50897,47864,16980,-12582,4398,NaN,NaN,NaN,NaN,227062,68930,-121192,-52262,98761,-50897,47864,16980,-12582,4398
2020-08-30T22:00:00Z,3.028,3.0675,3.028,3.0515,68930,-121192,-52262,98761,-50897,47864,16980,-12582,4398,NaN,NaN,NaN,NaN,227062,68930,-121192,-52262,98761,-50897,47864,16980,-12582,4398
2020-08-31T22:00:00Z,3.0505,3.0945,3.014,3.022,73130,-133445,-60315,104091,-50975,53116,17582,-10383,7199,NaN,NaN,NaN,NaN,233226,73130,-133445,-60315,104091,-50975,53116,17582,-10383,7199
2020-09-01T22:00:00Z,3.024,3.0395,2.999,3.0305,73130,-133445,-60315,104091,-50975,53116,17582,-10383,7199,NaN,NaN,NaN,NaN,233226,73130,-133445,-60315,104091,-50975,53116,17582,-10383,7199
2020-09-02T22:00:00Z,3.031,3.042,2.9535,2.979,73130,-133445,-60315,104091,-50975,53116,17582,-10383,7199,NaN,NaN,NaN,NaN,233226,73130,-133445,-60315,104091,-50975,53116,17582,-10383,7199
2020-09-03T22:00:00Z,2.9785,3.0835,2.9645,3.0745,73130,-133445,-60315,104091,-50975,53116,17582,-10383,7199,NaN,NaN,NaN,NaN,233226,73130,-133445,-60315,104091,-50975,53116,17582,-10383,7199
2020-09-06T22:00:00Z,3.0755,3.0885,2.998,3.0175,74895,-135404,-60509,105485,-49735,55750,16306,-11547,4759,NaN,NaN,NaN,NaN,236149,74895,-135404,-60509,105485,-49735,55750,16306,-11547,4759
2020-09-08T22:00:00Z,3.0175,3.0605,3.003,3.054,74895,-135404,-60509,105485,-49735,55750,16306,-11547,4759,NaN,NaN,NaN,NaN,236149,74895,-135404,-60509,105485,-49735,55750,16306,-11547,4759
2020-09-09T22:00:00Z,3.055,3.059,2.9555,2.9745,74895,-135404,-60509,105485,-49735,55750,16306,-11547,4759,NaN,NaN,NaN,NaN,236149,74895,-135404,-60509,105485,-49735,55750,16306,-11547,4759
2020-09-10T22:00:00Z,2.975,3.0525,2.972,3.044,74895,-135404,-60509,105485,-49735,55750,16306,-11547,4759,NaN,NaN,NaN,NaN,236149,74895,-135404,-60509,105485,-49735,55750,16306,-11547,4759
2020-09-13T22:00:00Z,3.047,3.076,3.025,3.0645,74895,-135404,-60509,105485,-49735,55750,16306,-11547,4759,NaN,NaN,NaN,NaN,236149,74895,-135404,-60509,105485,-49735,55750,16306,-11547,4759
2020-09-14T22:00:00Z,3.066,3.091,3.0455,3.057,76108,-138446,-62338,110329,-51722,58607,16486,-12755,3731,NaN,NaN,NaN,NaN,244071,76108,-138446,-62338,110329,-51722,58607,16486,-12755,3731
2020-09-15T22:00:00Z,3.057,3.083,3.044,3.0685,76108,-138446,-62338,110329,-51722,58607,16486,-12755,3731,NaN,NaN,NaN,NaN,244071,76108,-138446,-62338,110329,-51722,58607,16486,-12755,3731
2020-09-16T22:00:00Z,3.0695,3.086,3.0125,3.08,76108,-138446,-62338,110329,-51722,58607,16486,-12755,3731,NaN,NaN,NaN,NaN,244071,76108,-138446,-62338,110329,-51722,58607,16486,-12755,3731
2020-09-17T22:00:00Z,3.0805,3.1175,3.064,3.107,76108,-138446,-62338,110329,-51722,58607,16486,-12755,3731,NaN,NaN,NaN,NaN,244071,76108,-138446,-62338,110329,-51722,58607,16486,-12755,3731
2020-09-20T22:00:00Z,3.104,3.121,3.0135,3.0375,76108,-138446,-62338,110329,-51722,58607,16486,-12755,3731,NaN,NaN,NaN,NaN,244071,76108,-138446,-62338,110329,-51722,58607,16486,-12755,3731
2020-09-21T22:00:00Z,3.0375,3.0875,3.033,3.07,76035,-144947,-68912,123585,-55744,67841,15203,-14132,1071,NaN,NaN,NaN,NaN,252360,76035,-144947,-68912,123585,-55744,67841,15203,-14132,1071
2020-09-22T22:00:00Z,3.07,3.0725,2.945,2.9585,76035,-144947,-68912,123585,-55744,67841,15203,-14132,1071,NaN,NaN,NaN,NaN,252360,76035,-144947,-68912,123585,-55744,67841,15203,-14132,1071
2020-09-23T22:00:00Z,2.957,2.9795,2.9135,2.9655,76035,-144947,-68912,123585,-55744,67841,15203,-14132,1071,NaN,NaN,NaN,NaN,252360,76035,-144947,-68912,123585,-55744,67841,15203,-14132,1071
2020-09-24T22:00:00Z,2.965,2.995,2.944,2.978,76035,-144947,-68912,123585,-55744,67841,15203,-14132,1071,NaN,NaN,NaN,NaN,252360,76035,-144947,-68912,123585,-55744,67841,15203,-14132,1071
2020-09-27T22:00:00Z,2.9835,3.0115,2.9645,3.0015,76035,-144947,-68912,123585,-55744,67841,15203,-14132,1071,NaN,NaN,NaN,NaN,252360,76035,-144947,-68912,123585,-55744,67841,15203,-14132,1071
2020-09-28T22:00:00Z,3,3.006,2.955,2.996,73605,-129934,-56329,114003,-59941,54062,15081,-12814,2267,NaN,NaN,NaN,NaN,236095,73605,-129934,-56329,114003,-59941,54062,15081,-12814,2267
2020-09-29T22:00:00Z,2.9955,3.0415,2.9755,3.0225,73605,-129934,-56329,114003,-59941,54062,15081,-12814,2267,NaN,NaN,NaN,NaN,236095,73605,-129934,-56329,114003,-59941,54062,15081,-12814,2267
2020-09-30T22:00:00Z,3.016,3.0465,2.854,2.8775,73605,-129934,-56329,114003,-59941,54062,15081,-12814,2267,NaN,NaN,NaN,NaN,236095,73605,-129934,-56329,114003,-59941,54062,15081,-12814,2267
2020-10-01T22:00:00Z,2.8775,2.9865,2.8345,2.98,73605,-129934,-56329,114003,-59941,54062,15081,-12814,2267,NaN,NaN,NaN,NaN,236095,73605,-129934,-56329,114003,-59941,54062,15081,-12814,2267
2020-10-04T22:00:00Z,2.98,2.9845,2.932,2.964,73605,-129934,-56329,114003,-59941,54062,15081,-12814,2267,NaN,NaN,NaN,NaN,236095,73605,-129934,-56329,114003,-59941,54062,15081,-12814,2267
2020-10-05T22:00:00Z,2.9635,2.9765,2.9205,2.9225,72086,-126990,-54904,107106,-53528,53578,14373,-13047,1326,NaN,NaN,NaN,NaN,228717,72086,-126990,-54904,107106,-53528,53578,14373,-13047,1326
2020-10-06T22:00:00Z,2.927,3.055,2.9225,3.0305,72086,-126990,-54904,107106,-53528,53578,14373,-13047,1326,NaN,NaN,NaN,NaN,228717,72086,-126990,-54904,107106,-53528,53578,14373,-13047,1326
2020-10-07T22:00:00Z,3.0315,3.0475,3.0115,3.041,72086,-126990,-54904,107106,-53528,53578,14373,-13047,1326,NaN,NaN,NaN,NaN,228717,72086,-126990,-54904,107106,-53528,53578,14373,-13047,1326
2020-10-08T22:00:00Z,3.042,3.098,3.039,3.084,72086,-126990,-54904,107106,-53528,53578,14373,-13047,1326,NaN,NaN,NaN,NaN,228717,72086,-126990,-54904,107106,-53528,53578,14373,-13047,1326
2020-10-11T22:00:00Z,3.0795,3.093,3.052,3.063,72086,-126990,-54904,107106,-53528,53578,14373,-13047,1326,NaN,NaN,NaN,NaN,228717,72086,-126990,-54904,107106,-53528,53578,14373,-13047,1326
2020-10-12T22:00:00Z,3.0635,3.067,3.0265,3.04,68479,-129717,-61238,119134,-59918,59216,14788,-12766,2022,NaN,NaN,NaN,NaN,237283,68479,-129717,-61238,119134,-59918,59216,14788,-12766,2022
2020-10-13T22:00:00Z,3.0415,3.0685,3.038,3.052,68479,-129717,-61238,119134,-59918,59216,14788,-12766,2022,NaN,NaN,NaN,NaN,237283,68479,-129717,-61238,119134,-59918,59216,14788,-12766,2022
2020-10-14T22:00:00Z,3.0505,3.0935,3.0245,3.085,68479,-129717,-61238,119134,-59918,59216,14788,-12766,2022,NaN,NaN,NaN,NaN,237283,68479,-129717,-61238,119134,-59918,59216,14788,-12766,2022
2020-10-15T22:00:00Z,3.0875,3.096,3.0555,3.063,68479,-129717,-61238,119134,-59918,59216,14788,-12766,2022,NaN,NaN,NaN,NaN,237283,68479,-129717,-61238,119134,-59918,59216,14788,-12766,2022
2020-10-18T22:00:00Z,3.0605,3.108,3.057,3.0845,68479,-129717,-61238,119134,-59918,59216,14788,-12766,2022,NaN,NaN,NaN,NaN,237283,68479,-129717,-61238,119134,-59918,59216,14788,-12766,2022
2020-10-19T22:00:00Z,3.0835,3.1705,3.073,3.143,69021,-138070,-69049,130993,-63728,67265,15899,-14115,1784,NaN,NaN,NaN,NaN,249001,69021,-138070,-69049,130993,-63728,67265,15899,-14115,1784
2020-10-20T22:00:00Z,3.1415,3.218,3.1405,3.195,69021,-138070,-69049,130993,-63728,67265,15899,-14115,1784,NaN,NaN,NaN,NaN,249001,69021,-138070,-69049,130993,-63728,67265,15899,-14115,1784
2020-10-21T22:00:00Z,3.1955,3.196,3.1425,3.1645,69021,-138070,-69049,130993,-63728,67265,15899,-14115,1784,NaN,NaN,NaN,NaN,249001,69021,-138070,-69049,130993,-63728,67265,15899,-14115,1784
2020-10-22T22:00:00Z,3.164,3.1645,3.1245,3.143,69021,-138070,-69049,130993,-63728,67265,15899,-14115,1784,NaN,NaN,NaN,NaN,249001,69021,-138070,-69049,130993,-63728,67265,15899,-14115,1784
2020-10-25T22:00:00Z,3.1415,3.143,3.077,3.0905,69021,-138070,-69049,130993,-63728,67265,15899,-14115,1784,NaN,NaN,NaN,NaN,249001,69021,-138070,-69049,130993,-63728,67265,15899,-14115,1784
2020-10-26T22:00:00Z,3.0915,3.1125,3.08,3.0875,67831,-138980,-71149,126722,-59806,66916,17271,-13038,4233,NaN,NaN,NaN,NaN,241268,67831,-138980,-71149,126722,-59806,66916,17271,-13038,4233
2020-10-27T22:00:00Z,3.088,3.1065,3.042,3.067,67831,-138980,-71149,126722,-59806,66916,17271,-13038,4233,NaN,NaN,NaN,NaN,241268,67831,-138980,-71149,126722,-59806,66916,17271,-13038,4233
2020-10-28T22:00:00Z,3.069,3.094,3.0435,3.058,67831,-138980,-71149,126722,-59806,66916,17271,-13038,4233,NaN,NaN,NaN,NaN,241268,67831,-138980,-71149,126722,-59806,66916,17271,-13038,4233
2020-10-29T22:00:00Z,3.058,3.08,3.037,3.0505,67831,-138980,-71149,126722,-59806,66916,17271,-13038,4233,NaN,NaN,NaN,NaN,241268,67831,-138980,-71149,126722,-59806,66916,17271,-13038,4233
2020-11-01T23:00:00Z,3.043,3.0965,3.028,3.0865,67831,-138980,-71149,126722,-59806,66916,17271,-13038,4233,NaN,NaN,NaN,NaN,241268,67831,-138980,-71149,126722,-59806,66916,17271,-13038,4233
2020-11-02T23:00:00Z,3.086,3.123,3.0795,3.099,67430,-132200,-64770,115597,-54459,61138,16436,-12804,3632,NaN,NaN,NaN,NaN,233351,67430,-132200,-64770,115597,-54459,61138,16436,-12804,3632
2020-11-03T23:00:00Z,3.0995,3.121,3.0285,3.1035,67430,-132200,-64770,115597,-54459,61138,16436,-12804,3632,NaN,NaN,NaN,NaN,233351,67430,-132200,-64770,115597,-54459,61138,16436,-12804,3632
2020-11-04T23:00:00Z,3.11,3.1365,3.08,3.1125,67430,-132200,-64770,115597,-54459,61138,16436,-12804,3632,NaN,NaN,NaN,NaN,233351,67430,-132200,-64770,115597,-54459,61138,16436,-12804,3632
2020-11-05T23:00:00Z,3.115,3.174,3.1015,3.1495,67430,-132200,-64770,115597,-54459,61138,16436,-12804,3632,NaN,NaN,NaN,NaN,233351,67430,-132200,-64770,115597,-54459,61138,16436,-12804,3632
2020-11-08T23:00:00Z,3.1625,3.208,3.1315,3.136,67430,-132200,-64770,115597,-54459,61138,16436,-12804,3632,NaN,NaN,NaN,NaN,233351,67430,-132200,-64770,115597,-54459,61138,16436,-12804,3632
2020-11-09T23:00:00Z,3.1355,3.1625,3.0965,3.155,61733,-129495,-67762,120398,-55329,65069,15789,-13096,2693,NaN,NaN,NaN,NaN,228128,61733,-129495,-67762,120398,-55329,65069,15789,-13096,2693
2020-11-10T23:00:00Z,3.154,3.1755,3.1075,3.133,61733,-129495,-67762,120398,-55329,65069,15789,-13096,2693,NaN,NaN,NaN,NaN,228128,61733,-129495,-67762,120398,-55329,65069,15789,-13096,2693
2020-11-11T23:00:00Z,3.132,3.164,3.121,3.1355,61733,-129495,-67762,120398,-55329,65069,15789,-13096,2693,NaN,NaN,NaN,NaN,228128,61733,-129495,-67762,120398,-55329,65069,15789,-13096,2693
2020-11-12T23:00:00Z,3.135,3.189,3.1275,3.182,61733,-129495,-67762,120398,-55329,65069,15789,-13096,2693,NaN,NaN,NaN,NaN,228128,61733,-129495,-67762,120398,-55329,65069,15789,-13096,2693
2020-11-15T23:00:00Z,3.179,3.2625,3.179,3.226,61733,-129495,-67762,120398,-55329,65069,15789,-13096,2693,NaN,NaN,NaN,NaN,228128,61733,-129495,-67762,120398,-55329,65069,15789,-13096,2693
2020-11-16T23:00:00Z,3.2265,3.2395,3.1765,3.2065,59096,-131014,-71918,123701,-56539,67162,17718,-12962,4756,NaN,NaN,NaN,NaN,228338,59096,-131014,-71918,123701,-56539,67162,17718,-12962,4756
2020-11-17T23:00:00Z,3.2065,3.242,3.188,3.196,59096,-131014,-71918,123701,-56539,67162,17718,-12962,4756,NaN,NaN,NaN,NaN,228338,59096,-131014,-71918,123701,-56539,67162,17718,-12962,4756
2020-11-18T23:00:00Z,3.1945,3.2175,3.169,3.214,59096,-131014,-71918,123701,-56539,67162,17718,-12962,4756,NaN,NaN,NaN,NaN,228338,59096,-131014,-71918,123701,-56539,67162,17718,-12962,4756
2020-11-19T23:00:00Z,3.212,3.3015,3.2035,3.293,59096,-131014,-71918,123701,-56539,67162,17718,-12962,4756,NaN,NaN,NaN,NaN,228338,59096,-131014,-71918,123701,-56539,67162,17718,-12962,4756
2020-11-22T23:00:00Z,3.29,3.296,3.235,3.2625,59096,-131014,-71918,123701,-56539,67162,17718,-12962,4756,NaN,NaN,NaN,NaN,228338,59096,-131014,-71918,123701,-56539,67162,17718,-12962,4756
2020-11-23T23:00:00Z,3.2625,3.316,3.261,3.3035,61402,-140091,-78689,130293,-56522,73771,18089,-13171,4918,NaN,NaN,NaN,NaN,236644,61402,-140091,-78689,130293,-56522,73771,18089,-13171,4918
2020-11-24T23:00:00Z,3.3005,3.3305,3.28,3.3165,61402,-140091,-78689,130293,-56522,73771,18089,-13171,4918,NaN,NaN,NaN,NaN,236644,61402,-140091,-78689,130293,-56522,73771,18089,-13171,4918
2020-11-25T23:00:00Z,3.336,3.425,3.33,3.422,61402,-140091,-78689,130293,-56522,73771,18089,-13171,4918,NaN,NaN,NaN,NaN,236644,61402,-140091,-78689,130293,-56522,73771,18089,-13171,4918
2020-11-29T23:00:00Z,3.418,3.505,3.417,3.4505,61402,-140091,-78689,130293,-56522,73771,18089,-13171,4918,NaN,NaN,NaN,NaN,236644,61402,-140091,-78689,130293,-56522,73771,18089,-13171,4918
2020-11-30T23:00:00Z,3.4495,3.5215,3.447,3.504,59131,-143621,-84490,134470,-54614,79856,18379,-13745,4634,NaN,NaN,NaN,NaN,240738,59131,-143621,-84490,134470,-54614,79856,18379,-13745,4634
2020-12-01T23:00:00Z,3.502,3.512,3.439,3.4945,59131,-143621,-84490,134470,-54614,79856,18379,-13745,4634,NaN,NaN,NaN,NaN,240738,59131,-143621,-84490,134470,-54614,79856,18379,-13745,4634
2020-12-02T23:00:00Z,3.4935,3.523,3.4695,3.484,59131,-143621,-84490,134470,-54614,79856,18379,-13745,4634,NaN,NaN,NaN,NaN,240738,59131,-143621,-84490,134470,-54614,79856,18379,-13745,4634
2020-12-03T23:00:00Z,3.484,3.536,3.4805,3.529,59131,-143621,-84490,134470,-54614,79856,18379,-13745,4634,NaN,NaN,NaN,NaN,240738,59131,-143621,-84490,134470,-54614,79856,18379,-13745,4634
2020-12-06T23:00:00Z,3.5275,3.546,3.4785,3.507,59131,-143621,-84490,134470,-54614,79856,18379,-13745,4634,NaN,NaN,NaN,NaN,240738,59131,-143621,-84490,134470,-54614,79856,18379,-13745,4634
2020-12-07T23:00:00Z,3.5075,3.5085,3.467,3.501,59120,-145348,-86228,136878,-56839,80039,19002,-12813,6189,NaN,NaN,NaN,NaN,242850,59120,-145348,-86228,136878,-56839,80039,19002,-12813,6189
2020-12-08T23:00:00Z,3.504,3.535,3.485,3.499,59120,-145348,-86228,136878,-56839,80039,19002,-12813,6189,NaN,NaN,NaN,NaN,242850,59120,-145348,-86228,136878,-56839,80039,19002,-12813,6189
2020-12-09T23:00:00Z,3.498,3.5935,3.45,3.582,59120,-145348,-86228,136878,-56839,80039,19002,-12813,6189,NaN,NaN,NaN,NaN,242850,59120,-145348,-86228,136878,-56839,80039,19002,-12813,6189
2020-12-10T23:00:00Z,3.583,3.6245,3.4965,3.5345,59120,-145348,-86228,136878,-56839,80039,19002,-12813,6189,NaN,NaN,NaN,NaN,242850,59120,-145348,-86228,136878,-56839,80039,19002,-12813,6189
2020-12-13T23:00:00Z,3.5405,3.556,3.508,3.5205,59120,-145348,-86228,136878,-56839,80039,19002,-12813,6189,NaN,NaN,NaN,NaN,242850,59120,-145348,-86228,136878,-56839,80039,19002,-12813,6189
2020-12-14T23:00:00Z,3.522,3.556,3.5,3.544,61964,-141266,-79302,133972,-61852,72120,18834,-11652,7182,NaN,NaN,NaN,NaN,244491,61964,-141266,-79302,133972,-61852,72120,18834,-11652,7182
2020-12-15T23:00:00Z,3.5445,3.58,3.536,3.569,61964,-141266,-79302,133972,-61852,72120,18834,-11652,7182,NaN,NaN,NaN,NaN,244491,61964,-141266,-79302,133972,-61852,72120,18834,-11652,7182
2020-12-16T23:00:00Z,3.5645,3.614,3.5615,3.6125,61964,-141266,-79302,133972,-61852,72120,18834,-11652,7182,NaN,NaN,NaN,NaN,244491,61964,-141266,-79302,133972,-61852,72120,18834,-11652,7182
2020-12-17T23:00:00Z,3.611,3.6455,3.59,3.6425,61964,-141266,-79302,133972,-61852,72120,18834,-11652,7182,NaN,NaN,NaN,NaN,244491,61964,-141266,-79302,133972,-61852,72120,18834,-11652,7182
2020-12-20T23:00:00Z,3.6405,3.6445,3.5465,3.581,63577,-144069,-80492,133440,-62002,71438,20551,-11497,9054,NaN,NaN,NaN,NaN,248003,63577,-144069,-80492,133440,-62002,71438,20551,-11497,9054
2020-12-21T23:00:00Z,3.5805,3.5925,3.505,3.513,63577,-144069,-80492,133440,-62002,71438,20551,-11497,9054,NaN,NaN,NaN,NaN,248003,63577,-144069,-80492,133440,-62002,71438,20551,-11497,9054
2020-12-22T23:00:00Z,3.5105,3.5635,3.478,3.546,63577,-144069,-80492,133440,-62002,71438,20551,-11497,9054,NaN,NaN,NaN,NaN,248003,63577,-144069,-80492,133440,-62002,71438,20551,-11497,9054
2020-12-23T23:00:00Z,3.546,3.5735,3.531,3.5715,63577,-144069,-80492,133440,-62002,71438,20551,-11497,9054,NaN,NaN,NaN,NaN,248003,63577,-144069,-80492,133440,-62002,71438,20551,-11497,9054
2020-12-27T23:00:00Z,3.569,3.618,3.5565,3.5725,63577,-144069,-80492,133440,-62002,71438,20551,-11497,9054,NaN,NaN,NaN,NaN,248003,63577,-144069,-80492,133440,-62002,71438,20551,-11497,9054
2020-12-28T23:00:00Z,3.5725,3.5915,3.544,3.553,62216,-144121,-81905,132395,-61114,71281,21950,-11326,10624,NaN,NaN,NaN,NaN,247232,62216,-144121,-81905,132395,-61114,71281,21950,-11326,10624
2020-12-29T23:00:00Z,3.5525,3.583,3.5405,3.5445,62216,-144121,-81905,132395,-61114,71281,21950,-11326,10624,NaN,NaN,NaN,NaN,247232,62216,-144121,-81905,132395,-61114,71281,21950,-11326,10624
2020-12-30T23:00:00Z,3.5445,3.5595,3.5055,3.52,62216,-144121,-81905,132395,-61114,71281,21950,-11326,10624,NaN,NaN,NaN,NaN,247232,62216,-144121,-81905,132395,-61114,71281,21950,-11326,10624
2021-01-03T23:00:00Z,3.527,3.607,3.522,3.564,62216,-144121,-81905,132395,-61114,71281,21950,-11326,10624,NaN,NaN,NaN,NaN,247232,62216,-144121,-81905,132395,-61114,71281,21950,-11326,10624
2021-01-04T23:00:00Z,3.556,3.663,3.556,3.647,65798,-145199,-79401,135088,-65850,69238,22158,-11995,10163,NaN,NaN,NaN,NaN,256942,65798,-145199,-79401,135088,-65850,69238,22158,-11995,10163
2021-01-05T23:00:00Z,3.6465,3.7075,3.6245,3.6625,65798,-145199,-79401,135088,-65850,69238,22158,-11995,10163,NaN,NaN,NaN,NaN,256942,65798,-145199,-79401,135088,-65850,69238,22158,-11995,10163
2021-01-06T23:00:00Z,3.6615,3.7115,3.6405,3.707,65798,-145199,-79401,135088,-65850,69238,22158,-11995,10163,NaN,NaN,NaN,NaN,256942,65798,-145199,-79401,135088,-65850,69238,22158,-11995,10163
2021-01-07T23:00:00Z,3.706,3.734,3.629,3.6935,65798,-145199,-79401,135088,-65850,69238,22158,-11995,10163,NaN,NaN,NaN,NaN,256942,65798,-145199,-79401,135088,-65850,69238,22158,-11995,10163
2021-01-10T23:00:00Z,3.6925,3.6925,3.5515,3.5555,65798,-145199,-79401,135088,-65850,69238,22158,-11995,10163,NaN,NaN,NaN,NaN,256942,65798,-145199,-79401,135088,-65850,69238,22158,-11995,10163
2021-01-11T23:00:00Z,3.558,3.6485,3.557,3.644,62779,-138822,-76043,131399,-64757,66642,20324,-10923,9401,NaN,NaN,NaN,NaN,251140,62779,-138822,-76043,131399,-64757,66642,20324,-10923,9401
2021-01-12T23:00:00Z,3.646,3.6495,3.605,3.6105,62779,-138822,-76043,131399,-64757,66642,20324,-10923,9401,NaN,NaN,NaN,NaN,251140,62779,-138822,-76043,131399,-64757,66642,20324,-10923,9401
2021-01-13T23:00:00Z,3.6105,3.675,3.6015,3.6715,62779,-138822,-76043,131399,-64757,66642,20324,-10923,9401,NaN,NaN,NaN,NaN,251140,62779,-138822,-76043,131399,-64757,66642,20324,-10923,9401
2021-01-14T23:00:00Z,3.6735,3.684,3.5865,3.601,62779,-138822,-76043,131399,-64757,66642,20324,-10923,9401,NaN,NaN,NaN,NaN,251140,62779,-138822,-76043,131399,-64757,66642,20324,-10923,9401
2021-01-17T23:00:00Z,3.593,3.6535,3.5585,3.6305,62401,-139558,-77157,132237,-64131,68106,21058,-12007,9051,NaN,NaN,NaN,NaN,254998,62401,-139558,-77157,132237,-64131,68106,21058,-12007,9051
2021-01-19T23:00:00Z,3.627,3.664,3.616,3.645,62401,-139558,-77157,132237,-64131,68106,21058,-12007,9051,NaN,NaN,NaN,NaN,254998,62401,-139558,-77157,132237,-64131,68106,21058,-12007,9051
2021-01-20T23:00:00Z,3.644,3.6735,3.6335,3.6465,62401,-139558,-77157,132237,-64131,68106,21058,-12007,9051,NaN,NaN,NaN,NaN,254998,62401,-139558,-77157,132237,-64131,68106,21058,-12007,9051
2021-01-21T23:00:00Z,3.647,3.652,3.5635,3.6195,62401,-139558,-77157,132237,-64131,68106,21058,-12007,9051,NaN,NaN,NaN,NaN,254998,62401,-139558,-77157,132237,-64131,68106,21058,-12007,9051
2021-01-24T23:00:00Z,3.6215,3.6405,3.592,3.6305,62401,-139558,-77157,132237,-64131,68106,21058,-12007,9051,NaN,NaN,NaN,NaN,254998,62401,-139558,-77157,132237,-64131,68106,21058,-12007,9051
2021-01-25T23:00:00Z,3.6295,3.6415,3.581,3.6165,64577,-143320,-78743,131420,-61152,70268,20103,-11628,8475,NaN,NaN,NaN,NaN,256365,64577,-143320,-78743,131420,-61152,70268,20103,-11628,8475
2021-01-26T23:00:00Z,3.617,3.628,3.5205,3.547,64577,-143320,-78743,131420,-61152,70268,20103,-11628,8475,NaN,NaN,NaN,NaN,256365,64577,-143320,-78743,131420,-61152,70268,20103,-11628,8475
2021-01-27T23:00:00Z,3.547,3.5985,3.491,3.5745,64577,-143320,-78743,131420,-61152,70268,20103,-11628,8475,NaN,NaN,NaN,NaN,256365,64577,-143320,-78743,131420,-61152,70268,20103,-11628,8475
2021-01-28T23:00:00Z,3.5745,3.6125,3.532,3.5405,64577,-143320,-78743,131420,-61152,70268,20103,-11628,8475,NaN,NaN,NaN,NaN,256365,64577,-143320,-78743,131420,-61152,70268,20103,-11628,8475
2021-01-31T23:00:00Z,3.5555,3.585,3.5235,3.5515,64577,-143320,-78743,131420,-61152,70268,20103,-11628,8475,NaN,NaN,NaN,NaN,256365,64577,-143320,-78743,131420,-61152,70268,20103,-11628,8475
2021-02-01T23:00:00Z,3.551,3.569,3.5,3.5265,65716,-141460,-75744,131607,-65261,66346,20809,-11411,9398,NaN,NaN,NaN,NaN,257036,65716,-141460,-75744,131607,-65261,66346,20809,-11411,9398
2021-02-02T23:00:00Z,3.5275,3.573,3.5035,3.562,65716,-141460,-75744,131607,-65261,66346,20809,-11411,9398,NaN,NaN,NaN,NaN,257036,65716,-141460,-75744,131607,-65261,66346,20809,-11411,9398
2021-02-03T23:00:00Z,3.562,3.583,3.537,3.551,65716,-141460,-75744,131607,-65261,66346,20809,-11411,9398,NaN,NaN,NaN,NaN,257036,65716,-141460,-75744,131607,-65261,66346,20809,-11411,9398
2021-02-04T23:00:00Z,3.552,3.64,3.5515,3.64,65716,-141460,-75744,131607,-65261,66346,20809,-11411,9398,NaN,NaN,NaN,NaN,257036,65716,-141460,-75744,131607,-65261,66346,20809,-11411,9398
2021-02-07T23:00:00Z,3.639,3.68,3.6225,3.679,65716,-141460,-75744,131607,-65261,66346,20809,-11411,9398,NaN,NaN,NaN,NaN,257036,65716,-141460,-75744,131607,-65261,66346,20809,-11411,9398
2021-02-08T23:00:00Z,3.6785,3.7255,3.667,3.7185,67275,-148594,-81319,140927,-69632,71295,22848,-12824,10024,NaN,NaN,NaN,NaN,264096,67275,-148594,-81319,140927,-69632,71295,22848,-12824,10024
2021-02-09T23:00:00Z,3.717,3.7955,3.714,3.7735,67275,-148594,-81319,140927,-69632,71295,22848,-12824,10024,NaN,NaN,NaN,NaN,264096,67275,-148594,-81319,140927,-69632,71295,22848,-12824,10024
2021-02-10T23:00:00Z,3.774,3.792,3.75,3.781,67275,-148594,-81319,140927,-69632,71295,22848,-12824,10024,NaN,NaN,NaN,NaN,264096,67275,-148594,-81319,140927,-69632,71295,22848,-12824,10024
2021-02-11T23:00:00Z,3.7805,3.805,3.721,3.7995,67275,-148594,-81319,140927,-69632,71295,22848,-12824,10024,NaN,NaN,NaN,NaN,264096,67275,-148594,-81319,140927,-69632,71295,22848,-12824,10024
2021-02-14T23:00:00Z,3.803,3.845,3.795,3.837,65911,-151581,-85670,146763,-72854,73909,24707,-12946,11761,NaN,NaN,NaN,NaN,272276,65911,-151581,-85670,146763,-72854,73909,24707,-12946,11761
2021-02-16T23:00:00Z,3.8355,3.8405,3.794,3.821,65911,-151581,-85670,146763,-72854,73909,24707,-12946,11761,NaN,NaN,NaN,NaN,272276,65911,-151581,-85670,146763,-72854,73909,24707,-12946,11761
2021-02-17T23:00:00Z,3.821,3.931,3.819,3.9065,65911,-151581,-85670,146763,-72854,73909,24707,-12946,11761,NaN,NaN,NaN,NaN,272276,65911,-151581,-85670,146763,-72854,73909,24707,-12946,11761
2021-02-18T23:00:00Z,3.902,4.091,3.8865,4.067,65911,-151581,-85670,146763,-72854,73909,24707,-12946,11761,NaN,NaN,NaN,NaN,272276,65911,-151581,-85670,146763,-72854,73909,24707,-12946,11761
2021-02-21T23:00:00Z,4.0715,4.216,4.0665,4.148,65911,-151581,-85670,146763,-72854,73909,24707,-12946,11761,NaN,NaN,NaN,NaN,272276,65911,-151581,-85670,146763,-72854,73909,24707,-12946,11761
2021-02-22T23:00:00Z,4.1505,4.2245,4.0875,4.214,65083,-151605,-86522,140530,-65125,75405,24089,-12972,11117,NaN,NaN,NaN,NaN,268170,65083,-151605,-86522,140530,-65125,75405,24089,-12972,11117
2021-02-23T23:00:00Z,4.2145,4.3195,4.1395,4.3165,65083,-151605,-86522,140530,-65125,75405,24089,-12972,11117,NaN,NaN,NaN,NaN,268170,65083,-151605,-86522,140530,-65125,75405,24089,-12972,11117
2021-02-24T23:00:00Z,4.3215,4.3755,4.191,4.205,65083,-151605,-86522,140530,-65125,75405,24089,-12972,11117,NaN,NaN,NaN,NaN,268170,65083,-151605,-86522,140530,-65125,75405,24089,-12972,11117
2021-02-25T23:00:00Z,4.2055,4.2555,4.0765,4.102,65083,-151605,-86522,140530,-65125,75405,24089,-12972,11117,NaN,NaN,NaN,NaN,268170,65083,-151605,-86522,140530,-65125,75405,24089,-12972,11117
2021-02-28T23:00:00Z,4.106,4.181,4.089,4.1005,65083,-151605,-86522,140530,-65125,75405,24089,-12972,11117,NaN,NaN,NaN,NaN,268170,65083,-151605,-86522,140530,-65125,75405,24089,-12972,11117
2021-03-01T23:00:00Z,4.1005,4.2275,4.0415,4.211,67335,-145102,-77767,132144,-66127,66017,22939,-11189,11750,NaN,NaN,NaN,NaN,251989,67335,-145102,-77767,132144,-66127,66017,22939,-11189,11750
2021-03-02T23:00:00Z,4.208,4.2215,4.102,4.1045,67335,-145102,-77767,132144,-66127,66017,22939,-11189,11750,NaN,NaN,NaN,NaN,251989,67335,-145102,-77767,132144,-66127,66017,22939,-11189,11750
2021-03-03T23:00:00Z,4.1065,4.1505,3.849,3.9455,67335,-145102,-77767,132144,-66127,66017,22939,-11189,11750,NaN,NaN,NaN,NaN,251989,67335,-145102,-77767,132144,-66127,66017,22939,-11189,11750
2021-03-04T23:00:00Z,3.9535,4.1105,3.9015,4.1,67335,-145102,-77767,132144,-66127,66017,22939,-11189,11750,NaN,NaN,NaN,NaN,251989,67335,-145102,-77767,132144,-66127,66017,22939,-11189,11750
2021-03-07T23:00:00Z,4.117,4.1705,3.9965,4.0755,67335,-145102,-77767,132144,-66127,66017,22939,-11189,11750,NaN,NaN,NaN,NaN,251989,67335,-145102,-77767,132144,-66127,66017,22939,-11189,11750
2021-03-08T23:00:00Z,4.0795,4.121,3.972,4.013,70402,-133252,-62850,114067,-62688,51379,22575,-11104,11471,NaN,NaN,NaN,NaN,239307,70402,-133252,-62850,114067,-62688,51379,22575,-11104,11471
2021-03-09T23:00:00Z,4.0135,4.0625,3.9815,4.032,70402,-133252,-62850,114067,-62688,51379,22575,-11104,11471,NaN,NaN,NaN,NaN,239307,70402,-133252,-62850,114067,-62688,51379,22575,-11104,11471
2021-03-10T23:00:00Z,4.0355,4.15,4.0095,4.1455,70402,-133252,-62850,114067,-62688,51379,22575,-11104,11471,NaN,NaN,NaN,NaN,239307,70402,-133252,-62850,114067,-62688,51379,22575,-11104,11471
2021-03-11T23:00:00Z,4.144,4.158,4.0665,4.157,70402,-133252,-62850,114067,-62688,51379,22575,-11104,11471,NaN,NaN,NaN,NaN,239307,70402,-133252,-62850,114067,-62688,51379,22575,-11104,11471
2021-03-14T22:00:00Z,4.16,4.19,4.1105,4.139,70402,-133252,-62850,114067,-62688,51379,22575,-11104,11471,NaN,NaN,NaN,NaN,239307,70402,-133252,-62850,114067,-62688,51379,22575,-11104,11471
2021-03-15T22:00:00Z,4.1415,4.1495,4.0405,4.061,72841,-131008,-58167,109118,-62739,46379,23134,-11346,11788,NaN,NaN,NaN,NaN,239811,72841,-131008,-58167,109118,-62739,46379,23134,-11346,11788
2021-03-16T22:00:00Z,4.0625,4.1615,4.046,4.1455,72841,-131008,-58167,109118,-62739,46379,23134,-11346,11788,NaN,NaN,NaN,NaN,239811,72841,-131008,-58167,109118,-62739,46379,23134,-11346,11788
2021-03-17T22:00:00Z,4.144,4.157,4.048,4.0635,72841,-131008,-58167,109118,-62739,46379,23134,-11346,11788,NaN,NaN,NaN,NaN,239811,72841,-131008,-58167,109118,-62739,46379,23134,-11346,11788
2021-03-18T22:00:00Z,4.063,4.1215,4.0105,4.104,72841,-131008,-58167,109118,-62739,46379,23134,-11346,11788,NaN,NaN,NaN,NaN,239811,72841,-131008,-58167,109118,-62739,46379,23134,-11346,11788
2021-03-21T22:00:00Z,4.1075,4.148,4.076,4.1425,72841,-131008,-58167,109118,-62739,46379,23134,-11346,11788,NaN,NaN,NaN,NaN,239811,72841,-131008,-58167,109118,-62739,46379,23134,-11346,11788
2021-03-22T22:00:00Z,4.1445,4.165,4.016,4.028,73119,-128264,-55145,109933,-64525,45408,22251,-12514,9737,NaN,NaN,NaN,NaN,238358,73119,-128264,-55145,109933,-64525,45408,22251,-12514,9737
2021-03-23T22:00:00Z,4.0265,4.105,4.017,4.028,73119,-128264,-55145,109933,-64525,45408,22251,-12514,9737,NaN,NaN,NaN,NaN,238358,73119,-128264,-55145,109933,-64525,45408,22251,-12514,9737
2021-03-24T22:00:00Z,4.026,4.046,3.942,3.997,73119,-128264,-55145,109933,-64525,45408,22251,-12514,9737,NaN,NaN,NaN,NaN,238358,73119,-128264,-55145,109933,-64525,45408,22251,-12514,9737
2021-03-25T22:00:00Z,3.997,4.083,3.994,4.0795,73119,-128264,-55145,109933,-64525,45408,22251,-12514,9737,NaN,NaN,NaN,NaN,238358,73119,-128264,-55145,109933,-64525,45408,22251,-12514,9737
2021-03-28T22:00:00Z,4.08,4.0825,4.008,4.037,73119,-128264,-55145,109933,-64525,45408,22251,-12514,9737,NaN,NaN,NaN,NaN,238358,73119,-128264,-55145,109933,-64525,45408,22251,-12514,9737
2021-03-29T22:00:00Z,4.0365,4.0505,3.964,3.9785,69345,-123164,-53819,104500,-60633,43867,20508,-10556,9952,NaN,NaN,NaN,NaN,229202,69345,-123164,-53819,104500,-60633,43867,20508,-10556,9952
2021-03-30T22:00:00Z,3.9785,4.0175,3.9545,3.983,69345,-123164,-53819,104500,-60633,43867,20508,-10556,9952,NaN,NaN,NaN,NaN,229202,69345,-123164,-53819,104500,-60633,43867,20508,-10556,9952
2021-03-31T22:00:00Z,3.984,4.019,3.9435,4.0135,69345,-123164,-53819,104500,-60633,43867,20508,-10556,9952,NaN,NaN,NaN,NaN,229202,69345,-123164,-53819,104500,-60633,43867,20508,-10556,9952
2021-04-04T22:00:00Z,4.028,4.16,4.024,4.138,69345,-123164,-53819,104500,-60633,43867,20508,-10556,9952,NaN,NaN,NaN,NaN,229202,69345,-123164,-53819,104500,-60633,43867,20508,-10556,9952
2021-04-05T22:00:00Z,4.14,4.152,4.0715,4.1075,72136,-125765,-53629,109985,-66975,43010,22246,-11627,10619,NaN,NaN,NaN,NaN,243342,72136,-125765,-53629,109985,-66975,43010,22246,-11627,10619
2021-04-06T22:00:00Z,4.1065,4.118,4.0355,4.0615,72136,-125765,-53629,109985,-66975,43010,22246,-11627,10619,NaN,NaN,NaN,NaN,243342,72136,-125765,-53629,109985,-66975,43010,22246,-11627,10619
2021-04-07T22:00:00Z,4.063,4.0975,4.045,4.092,72136,-125765,-53629,109985,-66975,43010,22246,-11627,10619,NaN,NaN,NaN,NaN,243342,72136,-125765,-53629,109985,-66975,43010,22246,-11627,10619
2021-04-08T22:00:00Z,4.093,4.1075,4.036,4.045,72136,-125765,-53629,109985,-66975,43010,22246,-11627,10619,NaN,NaN,NaN,NaN,243342,72136,-125765,-53629,109985,-66975,43010,22246,-11627,10619
2021-04-11T22:00:00Z,4.046,4.059,3.988,4.0195,72136,-125765,-53629,109985,-66975,43010,22246,-11627,10619,NaN,NaN,NaN,NaN,243342,72136,-125765,-53629,109985,-66975,43010,22246,-11627,10619
2021-04-12T22:00:00Z,4.013,4.059,3.9985,4.039,72903,-121517,-48614,104129,-68134,35995,23513,-10894,12619,NaN,NaN,NaN,NaN,236602,72903,-121517,-48614,104129,-68134,35995,23513,-10894,12619
2021-04-13T22:00:00Z,4.039,4.133,4.0295,4.106,72903,-121517,-48614,104129,-68134,35995,23513,-10894,12619,NaN,NaN,NaN,NaN,236602,72903,-121517,-48614,104129,-68134,35995,23513,-10894,12619
2021-04-14T22:00:00Z,4.105,4.236,4.105,4.2255,72903,-121517,-48614,104129,-68134,35995,23513,-10894,12619,NaN,NaN,NaN,NaN,236602,72903,-121517,-48614,104129,-68134,35995,23513,-10894,12619
2021-04-15T22:00:00Z,4.2255,4.244,4.1605,4.1645,72903,-121517,-48614,104129,-68134,35995,23513,-10894,12619,NaN,NaN,NaN,NaN,236602,72903,-121517,-48614,104129,-68134,35995,23513,-10894,12619
2021-04-18T22:00:00Z,4.166,4.277,4.152,4.2385,72903,-121517,-48614,104129,-68134,35995,23513,-10894,12619,NaN,NaN,NaN,NaN,236602,72903,-121517,-48614,104129,-68134,35995,23513,-10894,12619
2021-04-19T22:00:00Z,4.238,4.2965,4.2015,4.204,74326,-129942,-55616,109912,-67049,42863,25244,-12491,12753,NaN,NaN,NaN,NaN,248509,74326,-129942,-55616,109912,-67049,42863,25244,-12491,12753
2021-04-20T22:00:00Z,4.2085,4.296,4.205,4.2875,74326,-129942,-55616,109912,-67049,42863,25244,-12491,12753,NaN,NaN,NaN,NaN,248509,74326,-129942,-55616,109912,-67049,42863,25244,-12491,12753
2021-04-21T22:00:00Z,4.286,4.292,4.2465,4.2685,74326,-129942,-55616,109912,-67049,42863,25244,-12491,12753,NaN,NaN,NaN,NaN,248509,74326,-129942,-55616,109912,-67049,42863,25244,-12491,12753
2021-04-22T22:00:00Z,4.2645,4.344,4.26,4.3325,74326,-129942,-55616,109912,-67049,42863,25244,-12491,12753,NaN,NaN,NaN,NaN,248509,74326,-129942,-55616,109912,-67049,42863,25244,-12491,12753
2021-04-25T22:00:00Z,4.338,4.4515,4.3295,4.446,74326,-129942,-55616,109912,-67049,42863,25244,-12491,12753,NaN,NaN,NaN,NaN,248509,74326,-129942,-55616,109912,-67049,42863,25244,-12491,12753
2021-04-26T22:00:00Z,4.447,4.517,4.439,4.4825,74222,-135719,-61497,120135,-70874,49261,25418,-13182,12236,NaN,NaN,NaN,NaN,254183,74222,-135719,-61497,120135,-70874,49261,25418,-13182,12236
2021-04-27T22:00:00Z,4.482,4.5175,4.417,4.4975,74222,-135719,-61497,120135,-70874,49261,25418,-13182,12236,NaN,NaN,NaN,NaN,254183,74222,-135719,-61497,120135,-70874,49261,25418,-13182,12236
2021-04-28T22:00:00Z,4.5,4.551,4.4645,4.482,74222,-135719,-61497,120135,-70874,49261,25418,-13182,12236,NaN,NaN,NaN,NaN,254183,74222,-135719,-61497,120135,-70874,49261,25418,-13182,12236
2021-04-29T22:00:00Z,4.483,4.5305,4.446,4.456,74222,-135719,-61497,120135,-70874,49261,25418,-13182,12236,NaN,NaN,NaN,NaN,254183,74222,-135719,-61497,120135,-70874,49261,25418,-13182,12236
2021-05-02T22:00:00Z,4.462,4.5355,4.435,4.5265,74222,-135719,-61497,120135,-70874,49261,25418,-13182,12236,NaN,NaN,NaN,NaN,254183,74222,-135719,-61497,120135,-70874,49261,25418,-13182,12236
2021-05-03T22:00:00Z,4.5285,4.5625,4.49,4.558,76757,-140504,-63747,128571,-74801,53770,23259,-13282,9977,NaN,NaN,NaN,NaN,259609,76757,-140504,-63747,128571,-74801,53770,23259,-13282,9977
2021-05-04T22:00:00Z,4.556,4.5725,4.5035,4.518,76757,-140504,-63747,128571,-74801,53770,23259,-13282,9977,NaN,NaN,NaN,NaN,259609,76757,-140504,-63747,128571,-74801,53770,23259,-13282,9977
2021-05-05T22:00:00Z,4.519,4.6125,4.5005,4.6095,76757,-140504,-63747,128571,-74801,53770,23259,-13282,9977,NaN,NaN,NaN,NaN,259609,76757,-140504,-63747,128571,-74801,53770,23259,-13282,9977
2021-05-06T22:00:00Z,4.609,4.751,4.5975,4.749,76757,-140504,-63747,128571,-74801,53770,23259,-13282,9977,NaN,NaN,NaN,NaN,259609,76757,-140504,-63747,128571,-74801,53770,23259,-13282,9977
2021-05-09T22:00:00Z,4.78,4.888,4.6875,4.694,76757,-140504,-63747,128571,-74801,53770,23259,-13282,9977,NaN,NaN,NaN,NaN,259609,76757,-140504,-63747,128571,-74801,53770,23259,-13282,9977
2021-05-10T22:00:00Z,4.665,4.8035,4.6625,4.798,80761,-139080,-58319,118656,-72825,45831,24754,-12266,12488,NaN,NaN,NaN,NaN,258498,80761,-139080,-58319,118656,-72825,45831,24754,-12266,12488
2021-05-11T22:00:00Z,4.8,4.8245,4.706,4.718,80761,-139080,-58319,118656,-72825,45831,24754,-12266,12488,NaN,NaN,NaN,NaN,258498,80761,-139080,-58319,118656,-72825,45831,24754,-12266,12488
2021-05-12T22:00:00Z,4.719,4.7675,4.6435,4.681,80761,-139080,-58319,118656,-72825,45831,24754,-12266,12488,NaN,NaN,NaN,NaN,258498,80761,-139080,-58319,118656,-72825,45831,24754,-12266,12488
2021-05-13T22:00:00Z,4.686,4.712,4.606,4.6635,80761,-139080,-58319,118656,-72825,45831,24754,-12266,12488,NaN,NaN,NaN,NaN,258498,80761,-139080,-58319,118656,-72825,45831,24754,-12266,12488
2021-05-16T22:00:00Z,4.6675,4.722,4.6405,4.718,80761,-139080,-58319,118656,-72825,45831,24754,-12266,12488,NaN,NaN,NaN,NaN,258498,80761,-139080,-58319,118656,-72825,45831,24754,-12266,12488
2021-05-17T22:00:00Z,4.7155,4.782,4.704,4.7075,75069,-125903,-50834,108903,-69925,38978,24751,-12895,11856,NaN,NaN,NaN,NaN,241354,75069,-125903,-50834,108903,-69925,38978,24751,-12895,11856
2021-05-18T22:00:00Z,4.7065,4.728,4.5285,4.568,75069,-125903,-50834,108903,-69925,38978,24751,-12895,11856,NaN,NaN,NaN,NaN,241354,75069,-125903,-50834,108903,-69925,38978,24751,-12895,11856
2021-05-19T22:00:00Z,4.572,4.625,4.523,4.53,75069,-125903,-50834,108903,-69925,38978,24751,-12895,11856,NaN,NaN,NaN,NaN,241354,75069,-125903,-50834,108903,-69925,38978,24751,-12895,11856
2021-05-20T22:00:00Z,4.535,4.5625,4.469,4.5095,75069,-125903,-50834,108903,-69925,38978,24751,-12895,11856,NaN,NaN,NaN,NaN,241354,75069,-125903,-50834,108903,-69925,38978,24751,-12895,11856
2021-05-23T22:00:00Z,4.502,4.5415,4.444,4.533,75069,-125903,-50834,108903,-69925,38978,24751,-12895,11856,NaN,NaN,NaN,NaN,241354,75069,-125903,-50834,108903,-69925,38978,24751,-12895,11856
2021-05-24T22:00:00Z,4.5315,4.5815,4.491,4.5105,76319,-112521,-36202,94206,-70493,23713,23807,-11318,12489,NaN,NaN,NaN,NaN,230730,76319,-112521,-36202,94206,-70493,23713,23807,-11318,12489
2021-05-25T22:00:00Z,4.5105,4.547,4.4945,4.523,76319,-112521,-36202,94206,-70493,23713,23807,-11318,12489,NaN,NaN,NaN,NaN,230730,76319,-112521,-36202,94206,-70493,23713,23807,-11318,12489
2021-05-26T22:00:00Z,4.525,4.677,4.5015,4.6675,76319,-112521,-36202,94206,-70493,23713,23807,-11318,12489,NaN,NaN,NaN,NaN,230730,76319,-112521,-36202,94206,-70493,23713,23807,-11318,12489
2021-05-27T22:00:00Z,4.666,4.695,4.5925,4.6695,76319,-112521,-36202,94206,-70493,23713,23807,-11318,12489,NaN,NaN,NaN,NaN,230730,76319,-112521,-36202,94206,-70493,23713,23807,-11318,12489
2021-05-30T22:00:00Z,4.6755,4.707,4.6375,4.652,77715,-109158,-31443,92238,-73715,18523,25058,-12138,12920,NaN,NaN,NaN,NaN,232824,77715,-109158,-31443,92238,-73715,18523,25058,-12138,12920
2021-06-01T22:00:00Z,4.653,4.6675,4.579,4.602,77715,-109158,-31443,92238,-73715,18523,25058,-12138,12920,NaN,NaN,NaN,NaN,232824,77715,-109158,-31443,92238,-73715,18523,25058,-12138,12920
2021-06-02T22:00:00Z,4.604,4.6205,4.4295,4.4685,77715,-109158,-31443,92238,-73715,18523,25058,-12138,12920,NaN,NaN,NaN,NaN,232824,77715,-109158,-31443,92238,-73715,18523,25058,-12138,12920
2021-06-03T22:00:00Z,4.4675,4.5395,4.437,4.5165,77715,-109158,-31443,92238,-73715,18523,25058,-12138,12920,NaN,NaN,NaN,NaN,232824,77715,-109158,-31443,92238,-73715,18523,25058,-12138,12920
2021-06-06T22:00:00Z,4.523,4.539,4.4685,4.522,77715,-109158,-31443,92238,-73715,18523,25058,-12138,12920,NaN,NaN,NaN,NaN,232824,77715,-109158,-31443,92238,-73715,18523,25058,-12138,12920
2021-06-07T22:00:00Z,4.52,4.56,4.4605,4.543,78359,-104462,-26103,91156,-76521,14635,25257,-13789,11468,NaN,NaN,NaN,NaN,234207,78359,-104462,-26103,91156,-76521,14635,25257,-13789,11468
2021-06-08T22:00:00Z,4.542,4.559,4.485,4.516,78359,-104462,-26103,91156,-76521,14635,25257,-13789,11468,NaN,NaN,NaN,NaN,234207,78359,-104462,-26103,91156,-76521,14635,25257,-13789,11468
2021-06-09T22:00:00Z,4.5185,4.5345,4.4415,4.49,78359,-104462,-26103,91156,-76521,14635,25257,-13789,11468,NaN,NaN,NaN,NaN,234207,78359,-104462,-26103,91156,-76521,14635,25257,-13789,11468
2021-06-10T22:00:00Z,4.493,4.595,4.4775,4.552,78359,-104462,-26103,91156,-76521,14635,25257,-13789,11468,NaN,NaN,NaN,NaN,234207,78359,-104462,-26103,91156,-76521,14635,25257,-13789,11468
2021-06-13T22:00:00Z,4.5425,4.5815,4.501,4.5245,78359,-104462,-26103,91156,-76521,14635,25257,-13789,11468,NaN,NaN,NaN,NaN,234207,78359,-104462,-26103,91156,-76521,14635,25257,-13789,11468
2021-06-14T22:00:00Z,4.525,4.5365,4.3155,4.336,79272,-102689,-23417,90209,-79438,10771,27369,-14723,12646,NaN,NaN,NaN,NaN,229832,79272,-102689,-23417,90209,-79438,10771,27369,-14723,12646
2021-06-15T22:00:00Z,4.3355,4.399,4.266,4.269,79272,-102689,-23417,90209,-79438,10771,27369,-14723,12646,NaN,NaN,NaN,NaN,229832,79272,-102689,-23417,90209,-79438,10771,27369,-14723,12646
2021-06-16T22:00:00Z,4.273,4.3395,4.1545,4.1735,79272,-102689,-23417,90209,-79438,10771,27369,-14723,12646,NaN,NaN,NaN,NaN,229832,79272,-102689,-23417,90209,-79438,10771,27369,-14723,12646
2021-06-17T22:00:00Z,4.1725,4.2185,4.12,4.122,79272,-102689,-23417,90209,-79438,10771,27369,-14723,12646,NaN,NaN,NaN,NaN,229832,79272,-102689,-23417,90209,-79438,10771,27369,-14723,12646
2021-06-20T22:00:00Z,4.125,4.191,4.088,4.1775,79272,-102689,-23417,90209,-79438,10771,27369,-14723,12646,NaN,NaN,NaN,NaN,229832,79272,-102689,-23417,90209,-79438,10771,27369,-14723,12646
2021-06-21T22:00:00Z,4.1775,4.259,4.165,4.2295,78778,-95502,-16724,82540,-74854,7686,21914,-12876,9038,NaN,NaN,NaN,NaN,206167,78778,-95502,-16724,82540,-74854,7686,21914,-12876,9038
2021-06-22T22:00:00Z,4.2305,4.3425,4.2275,4.317,78778,-95502,-16724,82540,-74854,7686,21914,-12876,9038,NaN,NaN,NaN,NaN,206167,78778,-95502,-16724,82540,-74854,7686,21914,-12876,9038
2021-06-23T22:00:00Z,4.317,4.328,4.264,4.3105,78778,-95502,-16724,82540,-74854,7686,21914,-12876,9038,NaN,NaN,NaN,NaN,206167,78778,-95502,-16724,82540,-74854,7686,21914,-12876,9038
2021-06-24T22:00:00Z,4.3105,4.338,4.2675,4.276,78778,-95502,-16724,82540,-74854,7686,21914,-12876,9038,NaN,NaN,NaN,NaN,206167,78778,-95502,-16724,82540,-74854,7686,21914,-12876,9038
2021-06-27T22:00:00Z,4.279,4.307,4.252,4.276,78778,-95502,-16724,82540,-74854,7686,21914,-12876,9038,NaN,NaN,NaN,NaN,206167,78778,-95502,-16724,82540,-74854,7686,21914,-12876,9038
2021-06-28T22:00:00Z,4.278,4.281,4.203,4.258,76695,-95536,-18841,83473,-72112,11361,19663,-12183,7480,NaN,NaN,NaN,NaN,197783,76695,-95536,-18841,83473,-72112,11361,19663,-12183,7480
2021-06-29T22:00:00Z,4.2575,4.335,4.2515,4.2915,76695,-95536,-18841,83473,-72112,11361,19663,-12183,7480,NaN,NaN,NaN,NaN,197783,76695,-95536,-18841,83473,-72112,11361,19663,-12183,7480
2021-06-30T22:00:00Z,4.289,4.3145,4.2265,4.242,76695,-95536,-18841,83473,-72112,11361,19663,-12183,7480,NaN,NaN,NaN,NaN,197783,76695,-95536,-18841,83473,-72112,11361,19663,-12183,7480
2021-07-01T22:00:00Z,4.2425,4.2945,4.2275,4.279,76695,-95536,-18841,83473,-72112,11361,19663,-12183,7480,NaN,NaN,NaN,NaN,197783,76695,-95536,-18841,83473,-72112,11361,19663,-12183,7480
2021-07-04T22:00:00Z,4.281,4.4025,4.234,4.2505,75804,-101386,-25582,84324,-68551,15773,21489,-11680,9809,NaN,NaN,NaN,NaN,202781,75804,-101386,-25582,84324,-68551,15773,21489,-11680,9809
2021-07-06T22:00:00Z,4.2505,4.362,4.2475,4.3065,75804,-101386,-25582,84324,-68551,15773,21489,-11680,9809,NaN,NaN,NaN,NaN,202781,75804,-101386,-25582,84324,-68551,15773,21489,-11680,9809
2021-07-07T22:00:00Z,4.308,4.324,4.2325,4.269,75804,-101386,-25582,84324,-68551,15773,21489,-11680,9809,NaN,NaN,NaN,NaN,202781,75804,-101386,-25582,84324,-68551,15773,21489,-11680,9809
2021-07-08T22:00:00Z,4.27,4.369,4.2535,4.342,75804,-101386,-25582,84324,-68551,15773,21489,-11680,9809,NaN,NaN,NaN,NaN,202781,75804,-101386,-25582,84324,-68551,15773,21489,-11680,9809
2021-07-11T22:00:00Z,4.3465,4.364,4.2805,4.3285,75804,-101386,-25582,84324,-68551,15773,21489,-11680,9809,NaN,NaN,NaN,NaN,202781,75804,-101386,-25582,84324,-68551,15773,21489,-11680,9809
2021-07-12T22:00:00Z,4.329,4.3425,4.255,4.292,75895,-102883,-26988,82971,-65992,16979,20675,-10666,10009,NaN,NaN,NaN,NaN,199936,75895,-102883,-26988,82971,-65992,16979,20675,-10666,10009
2021-07-13T22:00:00Z,4.2925,4.307,4.2575,4.267,75895,-102883,-26988,82971,-65992,16979,20675,-10666,10009,NaN,NaN,NaN,NaN,199936,75895,-102883,-26988,82971,-65992,16979,20675,-10666,10009
2021-07-14T22:00:00Z,4.266,4.3465,4.2515,4.3115,75895,-102883,-26988,82971,-65992,16979,20675,-10666,10009,NaN,NaN,NaN,NaN,199936,75895,-102883,-26988,82971,-65992,16979,20675,-10666,10009
2021-07-15T22:00:00Z,4.3115,4.3445,4.3015,4.306,75895,-102883,-26988,82971,-65992,16979,20675,-10666,10009,NaN,NaN,NaN,NaN,199936,75895,-102883,-26988,82971,-65992,16979,20675,-10666,10009
2021-07-18T22:00:00Z,4.31,4.31,4.1665,4.202,75895,-102883,-26988,82971,-65992,16979,20675,-10666,10009,NaN,NaN,NaN,NaN,199936,75895,-102883,-26988,82971,-65992,16979,20675,-10666,10009
2021-07-19T22:00:00Z,4.201,4.27,4.1945,4.2585,76387,-103765,-27378,81809,-61536,20273,19039,-11934,7105,NaN,NaN,NaN,NaN,197428,76387,-103765,-27378,81809,-61536,20273,19039,-11934,7105
2021-07-20T22:00:00Z,4.2595,4.29,4.226,4.2795,76387,-103765,-27378,81809,-61536,20273,19039,-11934,7105,NaN,NaN,NaN,NaN,197428,76387,-103765,-27378,81809,-61536,20273,19039,-11934,7105
2021-07-21T22:00:00Z,4.28,4.3445,4.273,4.338,76387,-103765,-27378,81809,-61536,20273,19039,-11934,7105,NaN,NaN,NaN,NaN,197428,76387,-103765,-27378,81809,-61536,20273,19039,-11934,7105
2021-07-22T22:00:00Z,4.3375,4.4605,4.3335,4.455,76387,-103765,-27378,81809,-61536,20273,19039,-11934,7105,NaN,NaN,NaN,NaN,197428,76387,-103765,-27378,81809,-61536,20273,19039,-11934,7105
2021-07-25T22:00:00Z,4.449,4.6085,4.419,4.591,76387,-103765,-27378,81809,-61536,20273,19039,-11934,7105,NaN,NaN,NaN,NaN,197428,76387,-103765,-27378,81809,-61536,20273,19039,-11934,7105
2021-07-26T22:00:00Z,4.593,4.6275,4.505,4.56,76570,-119577,-43007,92484,-55133,37351,19717,-14061,5656,NaN,NaN,NaN,NaN,208816,76570,-119577,-43007,92484,-55133,37351,19717,-14061,5656
2021-07-27T22:00:00Z,4.558,4.5875,4.4295,4.475,76570,-119577,-43007,92484,-55133,37351,19717,-14061,5656,NaN,NaN,NaN,NaN,208816,76570,-119577,-43007,92484,-55133,37351,19717,-14061,5656
2021-07-28T22:00:00Z,4.4795,4.549,4.4595,4.521,76570,-119577,-43007,92484,-55133,37351,19717,-14061,5656,NaN,NaN,NaN,NaN,208816,76570,-119577,-43007,92484,-55133,37351,19717,-14061,5656
2021-07-29T22:00:00Z,4.524,4.556,4.445,4.4805,76570,-119577,-43007,92484,-55133,37351,19717,-14061,5656,NaN,NaN,NaN,NaN,208816,76570,-119577,-43007,92484,-55133,37351,19717,-14061,5656
2021-08-01T22:00:00Z,4.4935,4.5315,4.4095,4.432,76570,-119577,-43007,92484,-55133,37351,19717,-14061,5656,NaN,NaN,NaN,NaN,208816,76570,-119577,-43007,92484,-55133,37351,19717,-14061,5656
2021-08-02T22:00:00Z,4.433,4.4425,4.3385,4.3805,77829,-123019,-45190,91973,-56913,35060,21046,-10916,10130,NaN,NaN,NaN,NaN,211071,77829,-123019,-45190,91973,-56913,35060,21046,-10916,10130
2021-08-03T22:00:00Z,4.381,4.398,4.316,4.332,77829,-123019,-45190,91973,-56913,35060,21046,-10916,10130,NaN,NaN,NaN,NaN,211071,77829,-123019,-45190,91973,-56913,35060,21046,-10916,10130
2021-08-04T22:00:00Z,4.3325,4.359,4.3055,4.3475,77829,-123019,-45190,91973,-56913,35060,21046,-10916,10130,NaN,NaN,NaN,NaN,211071,77829,-123019,-45190,91973,-56913,35060,21046,-10916,10130
2021-08-05T22:00:00Z,4.3485,4.4215,4.3315,4.336,77829,-123019,-45190,91973,-56913,35060,21046,-10916,10130,NaN,NaN,NaN,NaN,211071,77829,-123019,-45190,91973,-56913,35060,21046,-10916,10130
2021-08-08T22:00:00Z,4.3365,4.3435,4.2435,4.2925,77829,-123019,-45190,91973,-56913,35060,21046,-10916,10130,NaN,NaN,NaN,NaN,211071,77829,-123019,-45190,91973,-56913,35060,21046,-10916,10130
2021-08-09T22:00:00Z,4.292,4.3725,4.284,4.3475,72552,-111784,-39232,88960,-59929,29031,20216,-10015,10201,NaN,NaN,NaN,NaN,199899,72552,-111784,-39232,88960,-59929,29031,20216,-10015,10201
2021-08-10T22:00:00Z,4.3465,4.3785,4.318,4.3665,72552,-111784,-39232,88960,-59929,29031,20216,-10015,10201,NaN,NaN,NaN,NaN,199899,72552,-111784,-39232,88960,-59929,29031,20216,-10015,10201
2021-08-11T22:00:00Z,4.3675,4.416,4.3365,4.3625,72552,-111784,-39232,88960,-59929,29031,20216,-10015,10201,NaN,NaN,NaN,NaN,199899,72552,-111784,-39232,88960,-59929,29031,20216,-10015,10201
2021-08-12T22:00:00Z,4.362,4.431,4.3515,4.36,72552,-111784,-39232,88960,-59929,29031,20216,-10015,10201,NaN,NaN,NaN,NaN,199899,72552,-111784,-39232,88960,-59929,29031,20216,-10015,10201
2021-08-15T22:00:00Z,4.3605,4.3815,4.3035,4.3275,72552,-111784,-39232,88960,-59929,29031,20216,-10015,10201,NaN,NaN,NaN,NaN,199899,72552,-111784,-39232,88960,-59929,29031,20216,-10015,10201
2021-08-16T22:00:00Z,4.327,4.3425,4.2015,4.223,81424,-111079,-29655,85953,-65873,20080,20453,-10878,9575,NaN,NaN,NaN,NaN,208878,81424,-111079,-29655,85953,-65873,20080,20453,-10878,9575
2021-08-17T22:00:00Z,4.225,4.2495,4.0985,4.1155,81424,-111079,-29655,85953,-65873,20080,20453,-10878,9575,NaN,NaN,NaN,NaN,208878,81424,-111079,-29655,85953,-65873,20080,20453,-10878,9575
2021-08-18T22:00:00Z,4.1155,4.1335,3.9615,4.0465,81424,-111079,-29655,85953,-65873,20080,20453,-10878,9575,NaN,NaN,NaN,NaN,208878,81424,-111079,-29655,85953,-65873,20080,20453,-10878,9575
2021-08-19T22:00:00Z,4.044,4.147,4.041,4.145,81424,-111079,-29655,85953,-65873,20080,20453,-10878,9575,NaN,NaN,NaN,NaN,208878,81424,-111079,-29655,85953,-65873,20080,20453,-10878,9575
2021-08-22T22:00:00Z,4.1325,4.2565,4.129,4.2215,81424,-111079,-29655,85953,-65873,20080,20453,-10878,9575,NaN,NaN,NaN,NaN,208878,81424,-111079,-29655,85953,-65873,20080,20453,-10878,9575
2021-08-23T22:00:00Z,4.221,4.297,4.1905,4.253,85537,-99147,-13610,73890,-65266,8624,15941,-10955,4986,NaN,NaN,NaN,NaN,192968,85537,-99147,-13610,73890,-65266,8624,15941,-10955,4986
2021-08-24T22:00:00Z,4.256,4.3025,4.2385,4.2625,85537,-99147,-13610,73890,-65266,8624,15941,-10955,4986,NaN,NaN,NaN,NaN,192968,85537,-99147,-13610,73890,-65266,8624,15941,-10955,4986
2021-08-25T22:00:00Z,4.2665,4.274,4.218,4.235,85537,-99147,-13610,73890,-65266,8624,15941,-10955,4986,NaN,NaN,NaN,NaN,192968,85537,-99147,-13610,73890,-65266,8624,15941,-10955,4986
2021-08-26T22:00:00Z,4.2355,4.3285,4.222,4.3205,85537,-99147,-13610,73890,-65266,8624,15941,-10955,4986,NaN,NaN,NaN,NaN,192968,85537,-99147,-13610,73890,-65266,8624,15941,-10955,4986
2021-08-29T22:00:00Z,4.338,4.418,4.3305,4.3775,85537,-99147,-13610,73890,-65266,8624,15941,-10955,4986,NaN,NaN,NaN,NaN,192968,85537,-99147,-13610,73890,-65266,8624,15941,-10955,4986
2021-08-30T22:00:00Z,4.3785,4.3935,4.336,4.3655,76853,-103952,-27099,78177,-56270,21907,17148,-11956,5192,NaN,NaN,NaN,NaN,190030,76853,-103952,-27099,78177,-56270,21907,17148,-11956,5192
2021-08-31T22:00:00Z,4.3655,4.373,4.256,4.2805,76853,-103952,-27099,78177,-56270,21907,17148,-11956,5192,NaN,NaN,NaN,NaN,190030,76853,-103952,-27099,78177,-56270,21907,17148,-11956,5192
2021-09-01T22:00:00Z,4.283,4.311,4.252,4.2965,76853,-103952,-27099,78177,-56270,21907,17148,-11956,5192,NaN,NaN,NaN,NaN,190030,76853,-103952,-27099,78177,-56270,21907,17148,-11956,5192
2021-09-02T22:00:00Z,4.2975,4.351,4.28,4.338,76853,-103952,-27099,78177,-56270,21907,17148,-11956,5192,NaN,NaN,NaN,NaN,190030,76853,-103952,-27099,78177,-56270,21907,17148,-11956,5192
2021-09-05T22:00:00Z,4.334,4.3465,4.255,4.2745,75467,-104930,-29463,78326,-54734,23592,17278,-11407,5871,NaN,NaN,NaN,NaN,190379,75467,-104930,-29463,78326,-54734,23592,17278,-11407,5871
2021-09-07T22:00:00Z,4.275,4.2995,4.206,4.2355,75467,-104930,-29463,78326,-54734,23592,17278,-11407,5871,NaN,NaN,NaN,NaN,190379,75467,-104930,-29463,78326,-54734,23592,17278,-11407,5871
2021-09-08T22:00:00Z,4.2375,4.314,4.2155,4.279,75467,-104930,-29463,78326,-54734,23592,17278,-11407,5871,NaN,NaN,NaN,NaN,190379,75467,-104930,-29463,78326,-54734,23592,17278,-11407,5871
2021-09-09T22:00:00Z,4.28,4.469,4.273,4.429,75467,-104930,-29463,78326,-54734,23592,17278,-11407,5871,NaN,NaN,NaN,NaN,190379,75467,-104930,-29463,78326,-54734,23592,17278,-11407,5871
2021-09-12T22:00:00Z,4.426,4.4715,4.3315,4.366,75467,-104930,-29463,78326,-54734,23592,17278,-11407,5871,NaN,NaN,NaN,NaN,190379,75467,-104930,-29463,78326,-54734,23592,17278,-11407,5871
2021-09-13T22:00:00Z,4.3675,4.3775,4.287,4.3145,73999,-110108,-36109,81223,-52444,28779,17569,-10239,7330,NaN,NaN,NaN,NaN,192156,73999,-110108,-36109,81223,-52444,28779,17569,-10239,7330
2021-09-14T22:00:00Z,4.3155,4.4225,4.2915,4.4025,73999,-110108,-36109,81223,-52444,28779,17569,-10239,7330,NaN,NaN,NaN,NaN,192156,73999,-110108,-36109,81223,-52444,28779,17569,-10239,7330
2021-09-15T22:00:00Z,4.402,4.412,4.256,4.282,73999,-110108,-36109,81223,-52444,28779,17569,-10239,7330,NaN,NaN,NaN,NaN,192156,73999,-110108,-36109,81223,-52444,28779,17569,-10239,7330
2021-09-16T22:00:00Z,4.2815,4.359,4.231,4.24,73999,-110108,-36109,81223,-52444,28779,17569,-10239,7330,NaN,NaN,NaN,NaN,192156,73999,-110108,-36109,81223,-52444,28779,17569,-10239,7330
2021-09-19T22:00:00Z,4.2395,4.246,4.094,4.1255,73999,-110108,-36109,81223,-52444,28779,17569,-10239,7330,NaN,NaN,NaN,NaN,192156,73999,-110108,-36109,81223,-52444,28779,17569,-10239,7330
2021-09-20T22:00:00Z,4.1245,4.179,4.016,4.11,74936,-99420,-24484,78931,-59661,19270,16223,-11009,5214,NaN,NaN,NaN,NaN,190659,74936,-99420,-24484,78931,-59661,19270,16223,-11009,5214
2021-09-21T22:00:00Z,4.1125,4.2775,4.107,4.2245,74936,-99420,-24484,78931,-59661,19270,16223,-11009,5214,NaN,NaN,NaN,NaN,190659,74936,-99420,-24484,78931,-59661,19270,16223,-11009,5214
2021-09-22T22:00:00Z,4.225,4.288,4.1945,4.2315,74936,-99420,-24484,78931,-59661,19270,16223,-11009,5214,NaN,NaN,NaN,NaN,190659,74936,-99420,-24484,78931,-59661,19270,16223,-11009,5214
2021-09-23T22:00:00Z,4.23,4.302,4.203,4.2815,74936,-99420,-24484,78931,-59661,19270,16223,-11009,5214,NaN,NaN,NaN,NaN,190659,74936,-99420,-24484,78931,-59661,19270,16223,-11009,5214
2021-09-26T22:00:00Z,4.2925,4.3175,4.255,4.2795,74936,-99420,-24484,78931,-59661,19270,16223,-11009,5214,NaN,NaN,NaN,NaN,190659,74936,-99420,-24484,78931,-59661,19270,16223,-11009,5214
2021-09-27T22:00:00Z,4.2785,4.3015,4.231,4.2485,73815,-95535,-21720,78291,-59714,18577,15663,-12520,3143,NaN,NaN,NaN,NaN,184988,73815,-95535,-21720,78291,-59714,18577,15663,-12520,3143
2021-09-28T22:00:00Z,4.2485,4.2575,4.1665,4.177,73815,-95535,-21720,78291,-59714,18577,15663,-12520,3143,NaN,NaN,NaN,NaN,184988,73815,-95535,-21720,78291,-59714,18577,15663,-12520,3143
2021-09-29T22:00:00Z,4.1775,4.208,4.0545,4.106,73815,-95535,-21720,78291,-59714,18577,15663,-12520,3143,NaN,NaN,NaN,NaN,184988,73815,-95535,-21720,78291,-59714,18577,15663,-12520,3143
2021-09-30T22:00:00Z,4.1065,4.21,4.0585,4.2085,73815,-95535,-21720,78291,-59714,18577,15663,-12520,3143,NaN,NaN,NaN,NaN,184988,73815,-95535,-21720,78291,-59714,18577,15663,-12520,3143
2021-10-03T22:00:00Z,4.2145,4.303,4.1775,4.2365,73815,-95535,-21720,78291,-59714,18577,15663,-12520,3143,NaN,NaN,NaN,NaN,184988,73815,-95535,-21720,78291,-59714,18577,15663,-12520,3143
2021-10-04T22:00:00Z,4.239,4.242,4.151,4.1815,74348,-93266,-18918,76437,-62020,14417,15692,-11191,4501,NaN,NaN,NaN,NaN,185655,74348,-93266,-18918,76437,-62020,14417,15692,-11191,4501
2021-10-05T22:00:00Z,4.182,4.2185,4.114,4.173,74348,-93266,-18918,76437,-62020,14417,15692,-11191,4501,NaN,NaN,NaN,NaN,185655,74348,-93266,-18918,76437,-62020,14417,15692,-11191,4501
2021-10-06T22:00:00Z,4.1755,4.26,4.1625,4.2485,74348,-93266,-18918,76437,-62020,14417,15692,-11191,4501,NaN,NaN,NaN,NaN,185655,74348,-93266,-18918,76437,-62020,14417,15692,-11191,4501
2021-10-07T22:00:00Z,4.2495,4.301,4.2225,4.2785,74348,-93266,-18918,76437,-62020,14417,15692,-11191,4501,NaN,NaN,NaN,NaN,185655,74348,-93266,-18918,76437,-62020,14417,15692,-11191,4501
2021-10-10T22:00:00Z,4.2795,4.385,4.2555,4.339,74348,-93266,-18918,76437,-62020,14417,15692,-11191,4501,NaN,NaN,NaN,NaN,185655,74348,-93266,-18918,76437,-62020,14417,15692,-11191,4501
2021-10-11T22:00:00Z,4.339,4.3955,4.2865,4.321,74878,-100745,-25867,83816,-61335,22481,15582,-12196,3386,NaN,NaN,NaN,NaN,194817,74878,-100745,-25867,83816,-61335,22481,15582,-12196,3386
2021-10-12T22:00:00Z,4.3225,4.528,4.305,4.49,74878,-100745,-25867,83816,-61335,22481,15582,-12196,3386,NaN,NaN,NaN,NaN,194817,74878,-100745,-25867,83816,-61335,22481,15582,-12196,3386
2021-10-13T22:00:00Z,4.4905,4.6365,4.483,4.6105,74878,-100745,-25867,83816,-61335,22481,15582,-12196,3386,NaN,NaN,NaN,NaN,194817,74878,-100745,-25867,83816,-61335,22481,15582,-12196,3386
2021-10-14T22:00:00Z,4.6185,4.781,4.6035,4.72,74878,-100745,-25867,83816,-61335,22481,15582,-12196,3386,NaN,NaN,NaN,NaN,194817,74878,-100745,-25867,83816,-61335,22481,15582,-12196,3386
2021-10-17T22:00:00Z,4.7305,4.823,4.6855,4.713,74878,-100745,-25867,83816,-61335,22481,15582,-12196,3386,NaN,NaN,NaN,NaN,194817,74878,-100745,-25867,83816,-61335,22481,15582,-12196,3386
2021-10-18T22:00:00Z,4.716,4.815,4.6685,4.686,79080,-125288,-46208,103496,-62912,40584,19249,-13625,5624,NaN,NaN,NaN,NaN,225225,79080,-125288,-46208,103496,-62912,40584,19249,-13625,5624
2021-10-19T22:00:00Z,4.6875,4.749,4.5935,4.732,79080,-125288,-46208,103496,-62912,40584,19249,-13625,5624,NaN,NaN,NaN,NaN,225225,79080,-125288,-46208,103496,-62912,40584,19249,-13625,5624
2021-10-20T22:00:00Z,4.7335,4.7575,4.537,4.5585,79080,-125288,-46208,103496,-62912,40584,19249,-13625,5624,NaN,NaN,NaN,NaN,225225,79080,-125288,-46208,103496,-62912,40584,19249,-13625,5624
2021-10-21T22:00:00Z,4.5625,4.619,4.461,4.502,79080,-125288,-46208,103496,-62912,40584,19249,-13625,5624,NaN,NaN,NaN,NaN,225225,79080,-125288,-46208,103496,-62912,40584,19249,-13625,5624
2021-10-24T22:00:00Z,4.514,4.5685,4.5015,4.53,79080,-125288,-46208,103496,-62912,40584,19249,-13625,5624,NaN,NaN,NaN,NaN,225225,79080,-125288,-46208,103496,-62912,40584,19249,-13625,5624
2021-10-25T22:00:00Z,4.53,4.5545,4.472,4.4975,80168,-126038,-45870,98232,-60953,37279,20017,-11426,8591,NaN,NaN,NaN,NaN,222927,80168,-126038,-45870,98232,-60953,37279,20017,-11426,8591
2021-10-26T22:00:00Z,4.4955,4.51,4.363,4.388,80168,-126038,-45870,98232,-60953,37279,20017,-11426,8591,NaN,NaN,NaN,NaN,222927,80168,-126038,-45870,98232,-60953,37279,20017,-11426,8591
2021-10-27T22:00:00Z,4.3885,4.4635,4.3525,4.4325,80168,-126038,-45870,98232,-60953,37279,20017,-11426,8591,NaN,NaN,NaN,NaN,222927,80168,-126038,-45870,98232,-60953,37279,20017,-11426,8591
2021-10-28T22:00:00Z,4.4345,4.453,4.334,4.374,80168,-126038,-45870,98232,-60953,37279,20017,-11426,8591,NaN,NaN,NaN,NaN,222927,80168,-126038,-45870,98232,-60953,37279,20017,-11426,8591
2021-10-31T22:00:00Z,4.3775,4.403,4.3285,4.3895,80168,-126038,-45870,98232,-60953,37279,20017,-11426,8591,NaN,NaN,NaN,NaN,222927,80168,-126038,-45870,98232,-60953,37279,20017,-11426,8591
2021-11-01T22:00:00Z,4.39,4.433,4.333,4.3715,81457,-122751,-41294,88632,-56297,32335,19927,-10968,8959,NaN,NaN,NaN,NaN,217216,81457,-122751,-41294,88632,-56297,32335,19927,-10968,8959
2021-11-02T22:00:00Z,4.37,4.4505,4.28,4.3485,81457,-122751,-41294,88632,-56297,32335,19927,-10968,8959,NaN,NaN,NaN,NaN,217216,81457,-122751,-41294,88632,-56297,32335,19927,-10968,8959
2021-11-03T22:00:00Z,4.352,4.404,4.278,4.322,81457,-122751,-41294,88632,-56297,32335,19927,-10968,8959,NaN,NaN,NaN,NaN,217216,81457,-122751,-41294,88632,-56297,32335,19927,-10968,8959
2021-11-04T22:00:00Z,4.326,4.3735,4.282,4.343,81457,-122751,-41294,88632,-56297,32335,19927,-10968,8959,NaN,NaN,NaN,NaN,217216,81457,-122751,-41294,88632,-56297,32335,19927,-10968,8959
2021-11-07T23:00:00Z,4.36,4.4145,4.33,4.398,81457,-122751,-41294,88632,-56297,32335,19927,-10968,8959,NaN,NaN,NaN,NaN,217216,81457,-122751,-41294,88632,-56297,32335,19927,-10968,8959
2021-11-08T23:00:00Z,4.399,4.4475,4.3375,4.3735,82413,-115607,-33194,82781,-59992,22789,21232,-10827,10405,NaN,NaN,NaN,NaN,213365,82413,-115607,-33194,82781,-59992,22789,21232,-10827,10405
2021-11-09T23:00:00Z,4.374,4.414,4.285,4.302,82413,-115607,-33194,82781,-59992,22789,21232,-10827,10405,NaN,NaN,NaN,NaN,213365,82413,-115607,-33194,82781,-59992,22789,21232,-10827,10405
2021-11-10T23:00:00Z,4.3045,4.432,4.3005,4.4035,82413,-115607,-33194,82781,-59992,22789,21232,-10827,10405,NaN,NaN,NaN,NaN,213365,82413,-115607,-33194,82781,-59992,22789,21232,-10827,10405
2021-11-11T23:00:00Z,4.403,4.459,4.374,4.4535,82413,-115607,-33194,82781,-59992,22789,21232,-10827,10405,NaN,NaN,NaN,NaN,213365,82413,-115607,-33194,82781,-59992,22789,21232,-10827,10405
2021-11-14T23:00:00Z,4.455,4.489,4.391,4.411,82413,-115607,-33194,82781,-59992,22789,21232,-10827,10405,NaN,NaN,NaN,NaN,213365,82413,-115607,-33194,82781,-59992,22789,21232,-10827,10405
2021-11-15T23:00:00Z,4.4115,4.4425,4.323,4.3455,79856,-110661,-30805,81599,-61262,20337,21469,-11001,10468,NaN,NaN,NaN,NaN,208066,79856,-110661,-30805,81599,-61262,20337,21469,-11001,10468
2021-11-16T23:00:00Z,4.344,4.3605,4.1915,4.2025,79856,-110661,-30805,81599,-61262,20337,21469,-11001,10468,NaN,NaN,NaN,NaN,208066,79856,-110661,-30805,81599,-61262,20337,21469,-11001,10468
2021-11-17T23:00:00Z,4.207,4.3235,4.2065,4.3,79856,-110661,-30805,81599,-61262,20337,21469,-11001,10468,NaN,NaN,NaN,NaN,208066,79856,-110661,-30805,81599,-61262,20337,21469,-11001,10468
2021-11-18T23:00:00Z,4.3035,4.419,4.2915,4.3985,79856,-110661,-30805,81599,-61262,20337,21469,-11001,10468,NaN,NaN,NaN,NaN,208066,79856,-110661,-30805,81599,-61262,20337,21469,-11001,10468
2021-11-21T23:00:00Z,4.4035,4.423,4.352,4.3935,79856,-110661,-30805,81599,-61262,20337,21469,-11001,10468,NaN,NaN,NaN,NaN,208066,79856,-110661,-30805,81599,-61262,20337,21469,-11001,10468
2021-11-22T23:00:00Z,4.392,4.452,4.3705,4.419,77592,-98533,-20941,71699,-57977,13722,18094,-10875,7219,NaN,NaN,NaN,NaN,190681,77592,-98533,-20941,71699,-57977,13722,18094,-10875,7219
2021-11-23T23:00:00Z,4.417,4.491,4.3915,4.4745,77592,-98533,-20941,71699,-57977,13722,18094,-10875,7219,NaN,NaN,NaN,NaN,190681,77592,-98533,-20941,71699,-57977,13722,18094,-10875,7219
2021-11-24T23:00:00Z,4.47,4.5005,4.275,4.279,77592,-98533,-20941,71699,-57977,13722,18094,-10875,7219,NaN,NaN,NaN,NaN,190681,77592,-98533,-20941,71699,-57977,13722,18094,-10875,7219
2021-11-28T23:00:00Z,4.303,4.3815,4.2875,4.355,77592,-98533,-20941,71699,-57977,13722,18094,-10875,7219,NaN,NaN,NaN,NaN,190681,77592,-98533,-20941,71699,-57977,13722,18094,-10875,7219
2021-11-29T23:00:00Z,4.3555,4.3675,4.2505,4.3085,78773,-94536,-15763,68310,-59119,9191,16876,-10304,6572,NaN,NaN,NaN,NaN,184214,78773,-94536,-15763,68310,-59119,9191,16876,-10304,6572
2021-11-30T23:00:00Z,4.3055,4.3515,4.2065,4.231,78773,-94536,-15763,68310,-59119,9191,16876,-10304,6572,NaN,NaN,NaN,NaN,184214,78773,-94536,-15763,68310,-59119,9191,16876,-10304,6572
2021-12-01T23:00:00Z,4.233,4.3145,4.2305,4.29,78773,-94536,-15763,68310,-59119,9191,16876,-10304,6572,NaN,NaN,NaN,NaN,184214,78773,-94536,-15763,68310,-59119,9191,16876,-10304,6572
2021-12-02T23:00:00Z,4.291,4.338,4.2455,4.2695,78773,-94536,-15763,68310,-59119,9191,16876,-10304,6572,NaN,NaN,NaN,NaN,184214,78773,-94536,-15763,68310,-59119,9191,16876,-10304,6572
2021-12-05T23:00:00Z,4.277,4.3485,4.2535,4.334,78773,-94536,-15763,68310,-59119,9191,16876,-10304,6572,NaN,NaN,NaN,NaN,184214,78773,-94536,-15763,68310,-59119,9191,16876,-10304,6572
2021-12-06T23:00:00Z,4.3375,4.3925,4.3025,4.341,76370,-90589,-14219,63403,-56199,7204,16787,-9772,7015,NaN,NaN,NaN,NaN,173954,76370,-90589,-14219,63403,-56199,7204,16787,-9772,7015
2021-12-07T23:00:00Z,4.3395,4.3975,4.3205,4.38,76370,-90589,-14219,63403,-56199,7204,16787,-9772,7015,NaN,NaN,NaN,NaN,173954,76370,-90589,-14219,63403,-56199,7204,16787,-9772,7015
2021-12-08T23:00:00Z,4.3775,4.398,4.2975,4.3155,76370,-90589,-14219,63403,-56199,7204,16787,-9772,7015,NaN,NaN,NaN,NaN,173954,76370,-90589,-14219,63403,-56199,7204,16787,-9772,7015
2021-12-09T23:00:00Z,4.3155,4.3595,4.2735,4.294,76370,-90589,-14219,63403,-56199,7204,16787,-9772,7015,NaN,NaN,NaN,NaN,173954,76370,-90589,-14219,63403,-56199,7204,16787,-9772,7015
2021-12-12T23:00:00Z,4.2955,4.333,4.277,4.293,76370,-90589,-14219,63403,-56199,7204,16787,-9772,7015,NaN,NaN,NaN,NaN,173954,76370,-90589,-14219,63403,-56199,7204,16787,-9772,7015
2021-12-13T23:00:00Z,4.2925,4.306,4.2505,4.2675,75561,-88669,-13108,62990,-56293,6697,17403,-10992,6411,NaN,NaN,NaN,NaN,171976,75561,-88669,-13108,62990,-56293,6697,17403,-10992,6411
2021-12-14T23:00:00Z,4.266,4.2775,4.1195,4.245,75561,-88669,-13108,62990,-56293,6697,17403,-10992,6411,NaN,NaN,NaN,NaN,171976,75561,-88669,-13108,62990,-56293,6697,17403,-10992,6411
2021-12-15T23:00:00Z,4.2435,4.3215,4.221,4.2995,75561,-88669,-13108,62990,-56293,6697,17403,-10992,6411,NaN,NaN,NaN,NaN,171976,75561,-88669,-13108,62990,-56293,6697,17403,-10992,6411
2021-12-16T23:00:00Z,4.3015,4.331,4.273,4.29,75561,-88669,-13108,62990,-56293,6697,17403,-10992,6411,NaN,NaN,NaN,NaN,171976,75561,-88669,-13108,62990,-56293,6697,17403,-10992,6411
2021-12-19T23:00:00Z,4.288,4.31,4.232,4.3035,75561,-88669,-13108,62990,-56293,6697,17403,-10992,6411,NaN,NaN,NaN,NaN,171976,75561,-88669,-13108,62990,-56293,6697,17403,-10992,6411
2021-12-20T23:00:00Z,4.3015,4.3585,4.2945,4.3495,77851,-87628,-9777,60983,-56546,4437,16453,-11113,5340,NaN,NaN,NaN,NaN,170353,77851,-87628,-9777,60983,-56546,4437,16453,-11113,5340
2021-12-21T23:00:00Z,4.349,4.3945,4.327,4.3885,77851,-87628,-9777,60983,-56546,4437,16453,-11113,5340,NaN,NaN,NaN,NaN,170353,77851,-87628,-9777,60983,-56546,4437,16453,-11113,5340
2021-12-22T23:00:00Z,4.3895,4.412,4.343,4.405,77851,-87628,-9777,60983,-56546,4437,16453,-11113,5340,NaN,NaN,NaN,NaN,170353,77851,-87628,-9777,60983,-56546,4437,16453,-11113,5340
2021-12-26T23:00:00Z,4.3885,4.4915,4.345,4.4655,77851,-87628,-9777,60983,-56546,4437,16453,-11113,5340,NaN,NaN,NaN,NaN,170353,77851,-87628,-9777,60983,-56546,4437,16453,-11113,5340
2021-12-27T23:00:00Z,4.4665,4.4985,4.4235,4.4355,77057,-96736,-19679,70980,-56597,14383,16594,-11298,5296,NaN,NaN,NaN,NaN,180736,77057,-96736,-19679,70980,-56597,14383,16594,-11298,5296
2021-12-28T23:00:00Z,4.434,4.448,4.382,4.4155,77057,-96736,-19679,70980,-56597,14383,16594,-11298,5296,NaN,NaN,NaN,NaN,180736,77057,-96736,-19679,70980,-56597,14383,16594,-11298,5296
2021-12-29T23:00:00Z,4.417,4.4355,4.3795,4.388,77057,-96736,-19679,70980,-56597,14383,16594,-11298,5296,NaN,NaN,NaN,NaN,180736,77057,-96736,-19679,70980,-56597,14383,16594,-11298,5296
2021-12-30T23:00:00Z,4.3895,4.474,4.382,4.46,77057,-96736,-19679,70980,-56597,14383,16594,-11298,5296,NaN,NaN,NaN,NaN,180736,77057,-96736,-19679,70980,-56597,14383,16594,-11298,5296
2022-01-02T23:00:00Z,4.4585,4.4805,4.335,4.4225,77057,-96736,-19679,70980,-56597,14383,16594,-11298,5296,NaN,NaN,NaN,NaN,180736,77057,-96736,-19679,70980,-56597,14383,16594,-11298,5296
2022-01-03T23:00:00Z,4.4245,4.4785,4.378,4.4705,74398,-99243,-24845,75207,-55448,19759,17048,-11962,5086,NaN,NaN,NaN,NaN,185905,74398,-99243,-24845,75207,-55448,19759,17048,-11962,5086
2022-01-04T23:00:00Z,4.4725,4.473,4.372,4.392,74398,-99243,-24845,75207,-55448,19759,17048,-11962,5086,NaN,NaN,NaN,NaN,185905,74398,-99243,-24845,75207,-55448,19759,17048,-11962,5086
2022-01-05T23:00:00Z,4.392,4.408,4.3135,4.3545,74398,-99243,-24845,75207,-55448,19759,17048,-11962,5086,NaN,NaN,NaN,NaN,185905,74398,-99243,-24845,75207,-55448,19759,17048,-11962,5086
2022-01-06T23:00:00Z,4.354,4.4175,4.3435,4.401,74398,-99243,-24845,75207,-55448,19759,17048,-11962,5086,NaN,NaN,NaN,NaN,185905,74398,-99243,-24845,75207,-55448,19759,17048,-11962,5086
2022-01-09T23:00:00Z,4.4015,4.431,4.3305,4.373,74398,-99243,-24845,75207,-55448,19759,17048,-11962,5086,NaN,NaN,NaN,NaN,185905,74398,-99243,-24845,75207,-55448,19759,17048,-11962,5086
2022-01-10T23:00:00Z,4.372,4.4385,4.366,4.4325,75817,-98358,-22541,73808,-57102,16706,17477,-11642,5835,NaN,NaN,NaN,NaN,189678,75817,-98358,-22541,73808,-57102,16706,17477,-11642,5835
2022-01-11T23:00:00Z,4.4315,4.601,4.42,4.5565,75817,-98358,-22541,73808,-57102,16706,17477,-11642,5835,NaN,NaN,NaN,NaN,189678,75817,-98358,-22541,73808,-57102,16706,17477,-11642,5835
2022-01-12T23:00:00Z,4.557,4.577,4.5045,4.5115,75817,-98358,-22541,73808,-57102,16706,17477,-11642,5835,NaN,NaN,NaN,NaN,189678,75817,-98358,-22541,73808,-57102,16706,17477,-11642,5835
2022-01-13T23:00:00Z,4.5115,4.5475,4.4125,4.431,75817,-98358,-22541,73808,-57102,16706,17477,-11642,5835,NaN,NaN,NaN,NaN,189678,75817,-98358,-22541,73808,-57102,16706,17477,-11642,5835
2022-01-16T23:00:00Z,4.431,4.449,4.376,4.4035,79455,-109993,-30538,77673,-55363,22310,18943,-10715,8228,NaN,NaN,NaN,NaN,203198,79455,-109993,-30538,77673,-55363,22310,18943,-10715,8228
2022-01-18T23:00:00Z,4.4035,4.4885,4.392,4.45,79455,-109993,-30538,77673,-55363,22310,18943,-10715,8228,NaN,NaN,NaN,NaN,203198,79455,-109993,-30538,77673,-55363,22310,18943,-10715,8228
2022-01-19T23:00:00Z,4.449,4.586,4.444,4.5325,79455,-109993,-30538,77673,-55363,22310,18943,-10715,8228,NaN,NaN,NaN,NaN,203198,79455,-109993,-30538,77673,-55363,22310,18943,-10715,8228
2022-01-20T23:00:00Z,4.5295,4.5805,4.484,4.5205,79455,-109993,-30538,77673,-55363,22310,18943,-10715,8228,NaN,NaN,NaN,NaN,203198,79455,-109993,-30538,77673,-55363,22310,18943,-10715,8228
2022-01-23T23:00:00Z,4.522,4.538,4.3865,4.4525,79455,-109993,-30538,77673,-55363,22310,18943,-10715,8228,NaN,NaN,NaN,NaN,203198,79455,-109993,-30538,77673,-55363,22310,18943,-10715,8228
2022-01-24T23:00:00Z,4.456,4.478,4.3855,4.459,80969,-113805,-32836,78616,-52135,26481,18431,-12076,6355,NaN,NaN,NaN,NaN,205771,80969,-113805,-32836,78616,-52135,26481,18431,-12076,6355
2022-01-25T23:00:00Z,4.4565,4.5345,4.419,4.457,80969,-113805,-32836,78616,-52135,26481,18431,-12076,6355,NaN,NaN,NaN,NaN,205771,80969,-113805,-32836,78616,-52135,26481,18431,-12076,6355
2022-01-26T23:00:00Z,4.457,4.491,4.399,4.416,80969,-113805,-32836,78616,-52135,26481,18431,-12076,6355,NaN,NaN,NaN,NaN,205771,80969,-113805,-32836,78616,-52135,26481,18431,-12076,6355
2022-01-27T23:00:00Z,4.4185,4.45,4.2985,4.328,80969,-113805,-32836,78616,-52135,26481,18431,-12076,6355,NaN,NaN,NaN,NaN,205771,80969,-113805,-32836,78616,-52135,26481,18431,-12076,6355
2022-01-30T23:00:00Z,4.3275,4.355,4.282,4.3275,80969,-113805,-32836,78616,-52135,26481,18431,-12076,6355,NaN,NaN,NaN,NaN,205771,80969,-113805,-32836,78616,-52135,26481,18431,-12076,6355
2022-01-31T23:00:00Z,4.33,4.4455,4.311,4.4355,84446,-105499,-21053,68984,-52829,16155,16522,-11624,4898,NaN,NaN,NaN,NaN,198437,84446,-105499,-21053,68984,-52829,16155,16522,-11624,4898
2022-02-01T23:00:00Z,4.4335,4.509,4.43,4.481,84446,-105499,-21053,68984,-52829,16155,16522,-11624,4898,NaN,NaN,NaN,NaN,198437,84446,-105499,-21053,68984,-52829,16155,16522,-11624,4898
2022-02-02T23:00:00Z,4.4785,4.502,4.423,4.48,84446,-105499,-21053,68984,-52829,16155,16522,-11624,4898,NaN,NaN,NaN,NaN,198437,84446,-105499,-21053,68984,-52829,16155,16522,-11624,4898
2022-02-03T23:00:00Z,4.481,4.5145,4.4125,4.506,84446,-105499,-21053,68984,-52829,16155,16522,-11624,4898,NaN,NaN,NaN,NaN,198437,84446,-105499,-21053,68984,-52829,16155,16522,-11624,4898
2022-02-06T23:00:00Z,4.4995,4.5195,4.429,4.484,84446,-105499,-21053,68984,-52829,16155,16522,-11624,4898,NaN,NaN,NaN,NaN,198437,84446,-105499,-21053,68984,-52829,16155,16522,-11624,4898
2022-02-07T23:00:00Z,4.482,4.484,4.395,4.4715,83203,-108726,-25523,74302,-55447,18855,18191,-11523,6668,NaN,NaN,NaN,NaN,201860,83203,-108726,-25523,74302,-55447,18855,18191,-11523,6668
2022-02-08T23:00:00Z,4.474,4.643,4.4185,4.635,83203,-108726,-25523,74302,-55447,18855,18191,-11523,6668,NaN,NaN,NaN,NaN,201860,83203,-108726,-25523,74302,-55447,18855,18191,-11523,6668
2022-02-09T23:00:00Z,4.6335,4.7085,4.5855,4.6185,83203,-108726,-25523,74302,-55447,18855,18191,-11523,6668,NaN,NaN,NaN,NaN,201860,83203,-108726,-25523,74302,-55447,18855,18191,-11523,6668
2022-02-10T23:00:00Z,4.615,4.629,4.4315,4.4415,83203,-108726,-25523,74302,-55447,18855,18191,-11523,6668,NaN,NaN,NaN,NaN,201860,83203,-108726,-25523,74302,-55447,18855,18191,-11523,6668
2022-02-13T23:00:00Z,4.453,4.5195,4.444,4.4895,83203,-108726,-25523,74302,-55447,18855,18191,-11523,6668,NaN,NaN,NaN,NaN,201860,83203,-108726,-25523,74302,-55447,18855,18191,-11523,6668
2022-02-14T23:00:00Z,4.4935,4.552,4.4725,4.5325,81004,-120425,-39421,84415,-53723,30692,20249,-11520,8729,NaN,NaN,NaN,NaN,210089,81004,-120425,-39421,84415,-53723,30692,20249,-11520,8729
2022-02-15T23:00:00Z,4.53,4.5895,4.518,4.536,81004,-120425,-39421,84415,-53723,30692,20249,-11520,8729,NaN,NaN,NaN,NaN,210089,81004,-120425,-39421,84415,-53723,30692,20249,-11520,8729
2022-02-16T23:00:00Z,4.5365,4.5505,4.4655,4.5,81004,-120425,-39421,84415,-53723,30692,20249,-11520,8729,NaN,NaN,NaN,NaN,210089,81004,-120425,-39421,84415,-53723,30692,20249,-11520,8729
2022-02-17T23:00:00Z,4.5,4.572,4.496,4.514,81004,-120425,-39421,84415,-53723,30692,20249,-11520,8729,NaN,NaN,NaN,NaN,210089,81004,-120425,-39421,84415,-53723,30692,20249,-11520,8729
2022-02-20T23:00:00Z,4.51,4.5445,4.4675,4.505,77398,-112152,-34754,80940,-55365,25575,20535,-11356,9179,NaN,NaN,NaN,NaN,204123,77398,-112152,-34754,80940,-55365,25575,20535,-11356,9179
2022-02-22T23:00:00Z,4.51,4.5455,4.4495,4.4605,77398,-112152,-34754,80940,-55365,25575,20535,-11356,9179,NaN,NaN,NaN,NaN,204123,77398,-112152,-34754,80940,-55365,25575,20535,-11356,9179
2022-02-23T23:00:00Z,4.4625,4.585,4.442,4.4965,77398,-112152,-34754,80940,-55365,25575,20535,-11356,9179,NaN,NaN,NaN,NaN,204123,77398,-112152,-34754,80940,-55365,25575,20535,-11356,9179
2022-02-24T23:00:00Z,4.5075,4.5285,4.456,4.487,77398,-112152,-34754,80940,-55365,25575,20535,-11356,9179,NaN,NaN,NaN,NaN,204123,77398,-112152,-34754,80940,-55365,25575,20535,-11356,9179
2022-02-27T23:00:00Z,4.4925,4.532,4.45,4.506,77398,-112152,-34754,80940,-55365,25575,20535,-11356,9179,NaN,NaN,NaN,NaN,204123,77398,-112152,-34754,80940,-55365,25575,20535,-11356,9179
2022-02-28T23:00:00Z,4.506,4.602,4.492,4.5735,75232,-104612,-29380,75526,-53433,22093,18908,-11621,7287,NaN,NaN,NaN,NaN,195398,75232,-104612,-29380,75526,-53433,22093,18908,-11621,7287
2022-03-01T23:00:00Z,4.571,4.705,4.5525,4.6765,75232,-104612,-29380,75526,-53433,22093,18908,-11621,7287,NaN,NaN,NaN,NaN,195398,75232,-104612,-29380,75526,-53433,22093,18908,-11621,7287
2022-03-02T23:00:00Z,4.671,4.7985,4.6615,4.784,75232,-104612,-29380,75526,-53433,22093,18908,-11621,7287,NaN,NaN,NaN,NaN,195398,75232,-104612,-29380,75526,-53433,22093,18908,-11621,7287
2022-03-03T23:00:00Z,4.7825,4.949,4.751,4.9185,75232,-104612,-29380,75526,-53433,22093,18908,-11621,7287,NaN,NaN,NaN,NaN,195398,75232,-104612,-29380,75526,-53433,22093,18908,-11621,7287
2022-03-06T23:00:00Z,4.92,5.0395,4.668,4.749,75232,-104612,-29380,75526,-53433,22093,18908,-11621,7287,NaN,NaN,NaN,NaN,195398,75232,-104612,-29380,75526,-53433,22093,18908,-11621,7287
2022-03-07T23:00:00Z,4.745,4.967,4.603,4.711,74975,-115045,-40070,87744,-55925,31819,19023,-10772,8251,NaN,NaN,NaN,NaN,198844,74975,-115045,-40070,87744,-55925,31819,19023,-10772,8251
2022-03-08T23:00:00Z,4.7105,4.7885,4.553,4.593,74975,-115045,-40070,87744,-55925,31819,19023,-10772,8251,NaN,NaN,NaN,NaN,198844,74975,-115045,-40070,87744,-55925,31819,19023,-10772,8251
2022-03-09T23:00:00Z,4.5965,4.6785,4.574,4.6375,74975,-115045,-40070,87744,-55925,31819,19023,-10772,8251,NaN,NaN,NaN,NaN,198844,74975,-115045,-40070,87744,-55925,31819,19023,-10772,8251
2022-03-10T23:00:00Z,4.6335,4.724,4.5945,4.61,74975,-115045,-40070,87744,-55925,31819,19023,-10772,8251,NaN,NaN,NaN,NaN,198844,74975,-115045,-40070,87744,-55925,31819,19023,-10772,8251
2022-03-13T22:00:00Z,4.598,4.6155,4.496,4.5085,74975,-115045,-40070,87744,-55925,31819,19023,-10772,8251,NaN,NaN,NaN,NaN,198844,74975,-115045,-40070,87744,-55925,31819,19023,-10772,8251
2022-03-14T22:00:00Z,4.5155,4.543,4.4685,4.502,76948,-103665,-26717,73338,-54308,19030,17878,-10191,7687,NaN,NaN,NaN,NaN,183170,76948,-103665,-26717,73338,-54308,19030,17878,-10191,7687
2022-03-15T22:00:00Z,4.501,4.6405,4.4985,4.624,76948,-103665,-26717,73338,-54308,19030,17878,-10191,7687,NaN,NaN,NaN,NaN,183170,76948,-103665,-26717,73338,-54308,19030,17878,-10191,7687
2022-03-16T22:00:00Z,4.621,4.717,4.6105,4.697,76948,-103665,-26717,73338,-54308,19030,17878,-10191,7687,NaN,NaN,NaN,NaN,183170,76948,-103665,-26717,73338,-54308,19030,17878,-10191,7687
2022-03-17T22:00:00Z,4.702,4.76,4.673,4.716,76948,-103665,-26717,73338,-54308,19030,17878,-10191,7687,NaN,NaN,NaN,NaN,183170,76948,-103665,-26717,73338,-54308,19030,17878,-10191,7687
2022-03-20T22:00:00Z,4.727,4.732,4.656,4.7025,76948,-103665,-26717,73338,-54308,19030,17878,-10191,7687,NaN,NaN,NaN,NaN,183170,76948,-103665,-26717,73338,-54308,19030,17878,-10191,7687
2022-03-21T22:00:00Z,4.704,4.769,4.68,4.71,81894,-116498,-34604,81523,-54711,26812,18568,-10776,7792,NaN,NaN,NaN,NaN,197244,81894,-116498,-34604,81523,-54711,26812,18568,-10776,7792
2022-03-22T22:00:00Z,4.71,4.7855,4.689,4.777,81894,-116498,-34604,81523,-54711,26812,18568,-10776,7792,NaN,NaN,NaN,NaN,197244,81894,-116498,-34604,81523,-54711,26812,18568,-10776,7792
2022-03-23T22:00:00Z,4.776,4.8175,4.7085,4.7255,81894,-116498,-34604,81523,-54711,26812,18568,-10776,7792,NaN,NaN,NaN,NaN,197244,81894,-116498,-34604,81523,-54711,26812,18568,-10776,7792
2022-03-24T22:00:00Z,4.7275,4.773,4.686,4.69,81894,-116498,-34604,81523,-54711,26812,18568,-10776,7792,NaN,NaN,NaN,NaN,197244,81894,-116498,-34604,81523,-54711,26812,18568,-10776,7792
2022-03-27T22:00:00Z,4.696,4.739,4.642,4.723,81894,-116498,-34604,81523,-54711,26812,18568,-10776,7792,NaN,NaN,NaN,NaN,197244,81894,-116498,-34604,81523,-54711,26812,18568,-10776,7792
2022-03-28T22:00:00Z,4.7245,4.7575,4.699,4.749,83024,-120357,-37333,86553,-55972,30581,17961,-11209,6752,NaN,NaN,NaN,NaN,203692,83024,-120357,-37333,86553,-55972,30581,17961,-11209,6752
2022-03-29T22:00:00Z,4.749,4.828,4.726,4.746,83024,-120357,-37333,86553,-55972,30581,17961,-11209,6752,NaN,NaN,NaN,NaN,203692,83024,-120357,-37333,86553,-55972,30581,17961,-11209,6752
2022-03-30T22:00:00Z,4.748,4.769,4.705,4.7295,83024,-120357,-37333,86553,-55972,30581,17961,-11209,6752,NaN,NaN,NaN,NaN,203692,83024,-120357,-37333,86553,-55972,30581,17961,-11209,6752
2022-03-31T22:00:00Z,4.7255,4.7515,4.669,4.7055,83024,-120357,-37333,86553,-55972,30581,17961,-11209,6752,NaN,NaN,NaN,NaN,203692,83024,-120357,-37333,86553,-55972,30581,17961,-11209,6752
2022-04-03T22:00:00Z,4.7055,4.809,4.688,4.784,83024,-120357,-37333,86553,-55972,30581,17961,-11209,6752,NaN,NaN,NaN,NaN,203692,83024,-120357,-37333,86553,-55972,30581,17961,-11209,6752
2022-04-04T22:00:00Z,4.7825,4.86,4.7525,4.765,82054,-125093,-43039,90779,-54637,36142,18675,-11778,6897,NaN,NaN,NaN,NaN,216157,82054,-125093,-43039,90779,-54637,36142,18675,-11778,6897
2022-04-05T22:00:00Z,4.766,4.7885,4.697,4.704,82054,-125093,-43039,90779,-54637,36142,18675,-11778,6897,NaN,NaN,NaN,NaN,216157,82054,-125093,-43039,90779,-54637,36142,18675,-11778,6897
2022-04-06T22:00:00Z,4.705,4.7295,4.6725,4.716,82054,-125093,-43039,90779,-54637,36142,18675,-11778,6897,NaN,NaN,NaN,NaN,216157,82054,-125093,-43039,90779,-54637,36142,18675,-11778,6897
2022-04-07T22:00:00Z,4.7185,4.7655,4.702,4.7295,82054,-125093,-43039,90779,-54637,36142,18675,-11778,6897,NaN,NaN,NaN,NaN,216157,82054,-125093,-43039,90779,-54637,36142,18675,-11778,6897
2022-04-10T22:00:00Z,4.727,4.7395,4.624,4.63,82054,-125093,-43039,90779,-54637,36142,18675,-11778,6897,NaN,NaN,NaN,NaN,216157,82054,-125093,-43039,90779,-54637,36142,18675,-11778,6897
2022-04-11T22:00:00Z,4.6295,4.726,4.625,4.6915,81559,-110808,-29249,81940,-58590,23350,17972,-12073,5899,NaN,NaN,NaN,NaN,204825,81559,-110808,-29249,81940,-58590,23350,17972,-12073,5899
2022-04-12T22:00:00Z,4.6935,4.756,4.6745,4.699,81559,-110808,-29249,81940,-58590,23350,17972,-12073,5899,NaN,NaN,NaN,NaN,204825,81559,-110808,-29249,81940,-58590,23350,17972,-12073,5899
2022-04-13T22:00:00Z,4.7,4.741,4.666,4.7205,81559,-110808,-29249,81940,-58590,23350,17972,-12073,5899,NaN,NaN,NaN,NaN,204825,81559,-110808,-29249,81940,-58590,23350,17972,-12073,5899
2022-04-17T22:00:00Z,4.745,4.8425,4.688,4.802,81559,-110808,-29249,81940,-58590,23350,17972,-12073,5899,NaN,NaN,NaN,NaN,204825,81559,-110808,-29249,81940,-58590,23350,17972,-12073,5899
2022-04-18T22:00:00Z,4.8,4.8095,4.6805,4.698,80280,-108587,-28307,83261,-64421,18840,20538,-11071,9467,NaN,NaN,NaN,NaN,203896,80280,-108587,-28307,83261,-64421,18840,20538,-11071,9467
2022-04-19T22:00:00Z,4.698,4.709,4.6195,4.6645,80280,-108587,-28307,83261,-64421,18840,20538,-11071,9467,NaN,NaN,NaN,NaN,203896,80280,-108587,-28307,83261,-64421,18840,20538,-11071,9467
2022-04-20T22:00:00Z,4.664,4.718,4.6275,4.6835,80280,-108587,-28307,83261,-64421,18840,20538,-11071,9467,NaN,NaN,NaN,NaN,203896,80280,-108587,-28307,83261,-64421,18840,20538,-11071,9467
2022-04-21T22:00:00Z,4.679,4.7065,4.57,4.5835,80280,-108587,-28307,83261,-64421,18840,20538,-11071,9467,NaN,NaN,NaN,NaN,203896,80280,-108587,-28307,83261,-64421,18840,20538,-11071,9467
2022-04-24T22:00:00Z,4.5815,4.6055,4.4065,4.479,80280,-108587,-28307,83261,-64421,18840,20538,-11071,9467,NaN,NaN,NaN,NaN,203896,80280,-108587,-28307,83261,-64421,18840,20538,-11071,9467
2022-04-25T22:00:00Z,4.477,4.5245,4.383,4.3905,83543,-86694,-3151,70659,-74444,-3785,19147,-12211,6936,NaN,NaN,NaN,NaN,193763,83543,-86694,-3151,70659,-74444,-3785,19147,-12211,6936
2022-04-26T22:00:00Z,4.3915,4.487,4.3915,4.44,83543,-86694,-3151,70659,-74444,-3785,19147,-12211,6936,NaN,NaN,NaN,NaN,193763,83543,-86694,-3151,70659,-74444,-3785,19147,-12211,6936
2022-04-27T22:00:00Z,4.4645,4.4935,4.3865,4.443,83543,-86694,-3151,70659,-74444,-3785,19147,-12211,6936,NaN,NaN,NaN,NaN,193763,83543,-86694,-3151,70659,-74444,-3785,19147,-12211,6936
2022-04-28T22:00:00Z,4.444,4.512,4.3715,4.386,83543,-86694,-3151,70659,-74444,-3785,19147,-12211,6936,NaN,NaN,NaN,NaN,193763,83543,-86694,-3151,70659,-74444,-3785,19147,-12211,6936
2022-05-01T22:00:00Z,4.393,4.404,4.204,4.2825,83543,-86694,-3151,70659,-74444,-3785,19147,-12211,6936,NaN,NaN,NaN,NaN,193763,83543,-86694,-3151,70659,-74444,-3785,19147,-12211,6936
2022-05-02T22:00:00Z,4.2855,4.36,4.2635,4.301,86458,-76378,10080,65590,-81213,-15623,18009,-12466,5543,NaN,NaN,NaN,NaN,185255,86458,-76378,10080,65590,-81213,-15623,18009,-12466,5543
2022-05-03T22:00:00Z,4.299,4.3835,4.251,4.364,86458,-76378,10080,65590,-81213,-15623,18009,-12466,5543,NaN,NaN,NaN,NaN,185255,86458,-76378,10080,65590,-81213,-15623,18009,-12466,5543
2022-05-04T22:00:00Z,4.367,4.44,4.2765,4.291,86458,-76378,10080,65590,-81213,-15623,18009,-12466,5543,NaN,NaN,NaN,NaN,185255,86458,-76378,10080,65590,-81213,-15623,18009,-12466,5543
2022-05-05T22:00:00Z,4.2905,4.319,4.231,4.2485,86458,-76378,10080,65590,-81213,-15623,18009,-12466,5543,NaN,NaN,NaN,NaN,185255,86458,-76378,10080,65590,-81213,-15623,18009,-12466,5543
2022-05-08T22:00:00Z,4.238,4.245,4.124,4.1995,86458,-76378,10080,65590,-81213,-15623,18009,-12466,5543,NaN,NaN,NaN,NaN,185255,86458,-76378,10080,65590,-81213,-15623,18009,-12466,5543
2022-05-09T22:00:00Z,4.196,4.258,4.1285,4.1605,93318,-74069,19249,57510,-80136,-22626,17183,-13806,3377,NaN,NaN,NaN,NaN,184502,93318,-74069,19249,57510,-80136,-22626,17183,-13806,3377
2022-05-10T22:00:00Z,4.155,4.25,4.1485,4.216,93318,-74069,19249,57510,-80136,-22626,17183,-13806,3377,NaN,NaN,NaN,NaN,184502,93318,-74069,19249,57510,-80136,-22626,17183,-13806,3377
2022-05-11T22:00:00Z,4.2115,4.223,4.037,4.0885,93318,-74069,19249,57510,-80136,-22626,17183,-13806,3377,NaN,NaN,NaN,NaN,184502,93318,-74069,19249,57510,-80136,-22626,17183,-13806,3377
2022-05-12T22:00:00Z,4.086,4.185,4.055,4.1645,93318,-74069,19249,57510,-80136,-22626,17183,-13806,3377,NaN,NaN,NaN,NaN,184502,93318,-74069,19249,57510,-80136,-22626,17183,-13806,3377
2022-05-15T22:00:00Z,4.1795,4.22,4.1335,4.2065,93318,-74069,19249,57510,-80136,-22626,17183,-13806,3377,NaN,NaN,NaN,NaN,184502,93318,-74069,19249,57510,-80136,-22626,17183,-13806,3377
2022-05-16T22:00:00Z,4.203,4.2835,4.203,4.231,101533,-78474,23059,53159,-77567,-24408,15747,-14398,1349,NaN,NaN,NaN,NaN,189483,101533,-78474,23059,53159,-77567,-24408,15747,-14398,1349
2022-05-17T22:00:00Z,4.2295,4.248,4.1315,4.153,101533,-78474,23059,53159,-77567,-24408,15747,-14398,1349,NaN,NaN,NaN,NaN,189483,101533,-78474,23059,53159,-77567,-24408,15747,-14398,1349
2022-05-18T22:00:00Z,4.155,4.298,4.1445,4.277,101533,-78474,23059,53159,-77567,-24408,15747,-14398,1349,NaN,NaN,NaN,NaN,189483,101533,-78474,23059,53159,-77567,-24408,15747,-14398,1349
2022-05-19T22:00:00Z,4.2775,4.3275,4.2505,4.3015,101533,-78474,23059,53159,-77567,-24408,15747,-14398,1349,NaN,NaN,NaN,NaN,189483,101533,-78474,23059,53159,-77567,-24408,15747,-14398,1349
2022-05-22T22:00:00Z,4.2945,4.355,4.272,4.3395,101533,-78474,23059,53159,-77567,-24408,15747,-14398,1349,NaN,NaN,NaN,NaN,189483,101533,-78474,23059,53159,-77567,-24408,15747,-14398,1349
2022-05-23T22:00:00Z,4.341,4.3415,4.2565,4.3125,99318,-80030,19288,54130,-73763,-19633,14993,-14648,345,NaN,NaN,NaN,NaN,186433,99318,-80030,19288,54130,-73763,-19633,14993,-14648,345
2022-05-24T22:00:00Z,4.314,4.3225,4.223,4.27,99318,-80030,19288,54130,-73763,-19633,14993,-14648,345,NaN,NaN,NaN,NaN,186433,99318,-80030,19288,54130,-73763,-19633,14993,-14648,345
2022-05-25T22:00:00Z,4.2685,4.28,4.2035,4.273,99318,-80030,19288,54130,-73763,-19633,14993,-14648,345,NaN,NaN,NaN,NaN,186433,99318,-80030,19288,54130,-73763,-19633,14993,-14648,345
2022-05-26T22:00:00Z,4.273,4.327,4.255,4.3225,99318,-80030,19288,54130,-73763,-19633,14993,-14648,345,NaN,NaN,NaN,NaN,186433,99318,-80030,19288,54130,-73763,-19633,14993,-14648,345
2022-05-29T22:00:00Z,4.32,4.3665,4.274,4.283,99692,-84267,15425,53404,-71429,-18025,17184,-14584,2600,NaN,NaN,NaN,NaN,189923,99692,-84267,15425,53404,-71429,-18025,17184,-14584,2600
2022-05-31T22:00:00Z,4.2855,4.35,4.259,4.326,99692,-84267,15425,53404,-71429,-18025,17184,-14584,2600,NaN,NaN,NaN,NaN,189923,99692,-84267,15425,53404,-71429,-18025,17184,-14584,2600
2022-06-01T22:00:00Z,4.328,4.569,4.3075,4.558,99692,-84267,15425,53404,-71429,-18025,17184,-14584,2600,NaN,NaN,NaN,NaN,189923,99692,-84267,15425,53404,-71429,-18025,17184,-14584,2600
2022-06-02T22:00:00Z,4.555,4.577,4.458,4.48,99692,-84267,15425,53404,-71429,-18025,17184,-14584,2600,NaN,NaN,NaN,NaN,189923,99692,-84267,15425,53404,-71429,-18025,17184,-14584,2600
2022-06-05T22:00:00Z,4.467,4.472,4.406,4.4295,99692,-84267,15425,53404,-71429,-18025,17184,-14584,2600,NaN,NaN,NaN,NaN,189923,99692,-84267,15425,53404,-71429,-18025,17184,-14584,2600
2022-06-06T22:00:00Z,4.4325,4.4615,4.3705,4.449,100449,-99570,879,58232,-61946,-3714,16646,-13811,2835,NaN,NaN,NaN,NaN,194187,100449,-99570,879,58232,-61946,-3714,16646,-13811,2835
2022-06-07T22:00:00Z,4.4435,4.4575,4.3965,4.445,100449,-99570,879,58232,-61946,-3714,16646,-13811,2835,NaN,NaN,NaN,NaN,194187,100449,-99570,879,58232,-61946,-3714,16646,-13811,2835
2022-06-08T22:00:00Z,4.445,4.4515,4.3555,4.3685,100449,-99570,879,58232,-61946,-3714,16646,-13811,2835,NaN,NaN,NaN,NaN,194187,100449,-99570,879,58232,-61946,-3714,16646,-13811,2835
2022-06-09T22:00:00Z,4.368,4.383,4.2745,4.2785,100449,-99570,879,58232,-61946,-3714,16646,-13811,2835,NaN,NaN,NaN,NaN,194187,100449,-99570,879,58232,-61946,-3714,16646,-13811,2835
2022-06-12T22:00:00Z,4.2775,4.278,4.17,4.2,100449,-99570,879,58232,-61946,-3714,16646,-13811,2835,NaN,NaN,NaN,NaN,194187,100449,-99570,879,58232,-61946,-3714,16646,-13811,2835
2022-06-13T22:00:00Z,4.2005,4.251,4.116,4.138,103433,-93146,10287,51077,-64874,-13797,16449,-12939,3510,NaN,NaN,NaN,NaN,187247,103433,-93146,10287,51077,-64874,-13797,16449,-12939,3510
2022-06-14T22:00:00Z,4.144,4.204,4.117,4.1615,103433,-93146,10287,51077,-64874,-13797,16449,-12939,3510,NaN,NaN,NaN,NaN,187247,103433,-93146,10287,51077,-64874,-13797,16449,-12939,3510
2022-06-15T22:00:00Z,4.173,4.219,4.041,4.1055,103433,-93146,10287,51077,-64874,-13797,16449,-12939,3510,NaN,NaN,NaN,NaN,187247,103433,-93146,10287,51077,-64874,-13797,16449,-12939,3510
2022-06-16T22:00:00Z,4.1025,4.116,3.99,4.0115,103433,-93146,10287,51077,-64874,-13797,16449,-12939,3510,NaN,NaN,NaN,NaN,187247,103433,-93146,10287,51077,-64874,-13797,16449,-12939,3510
2022-06-19T22:00:00Z,3.9975,4.083,3.9455,4.0255,103789,-84861,18928,50230,-71168,-20938,16909,-14899,2010,NaN,NaN,NaN,NaN,187170,103789,-84861,18928,50230,-71168,-20938,16909,-14899,2010
2022-06-21T22:00:00Z,4.024,4.028,3.8805,3.93,103789,-84861,18928,50230,-71168,-20938,16909,-14899,2010,NaN,NaN,NaN,NaN,187170,103789,-84861,18928,50230,-71168,-20938,16909,-14899,2010
2022-06-22T22:00:00Z,3.9325,3.9465,3.723,3.74,103789,-84861,18928,50230,-71168,-20938,16909,-14899,2010,NaN,NaN,NaN,NaN,187170,103789,-84861,18928,50230,-71168,-20938,16909,-14899,2010
2022-06-23T22:00:00Z,3.741,3.798,3.64,3.739,103789,-84861,18928,50230,-71168,-20938,16909,-14899,2010,NaN,NaN,NaN,NaN,187170,103789,-84861,18928,50230,-71168,-20938,16909,-14899,2010
2022-06-26T22:00:00Z,3.7395,3.813,3.736,3.752,103789,-84861,18928,50230,-71168,-20938,16909,-14899,2010,NaN,NaN,NaN,NaN,187170,103789,-84861,18928,50230,-71168,-20938,16909,-14899,2010
2022-06-27T22:00:00Z,3.7535,3.843,3.7325,3.752,103666,-72469,31197,47782,-78478,-30696,14516,-15017,-501,NaN,NaN,NaN,NaN,182352,103666,-72469,31197,47782,-78478,-30696,14516,-15017,-501
2022-06-28T22:00:00Z,3.758,3.819,3.708,3.772,103666,-72469,31197,47782,-78478,-30696,14516,-15017,-501,NaN,NaN,NaN,NaN,182352,103666,-72469,31197,47782,-78478,-30696,14516,-15017,-501
2022-06-29T22:00:00Z,3.772,3.795,3.6725,3.678,103666,-72469,31197,47782,-78478,-30696,14516,-15017,-501,NaN,NaN,NaN,NaN,182352,103666,-72469,31197,47782,-78478,-30696,14516,-15017,-501
2022-06-30T22:00:00Z,3.678,3.7025,3.5535,3.613,103666,-72469,31197,47782,-78478,-30696,14516,-15017,-501,NaN,NaN,NaN,NaN,182352,103666,-72469,31197,47782,-78478,-30696,14516,-15017,-501
2022-07-03T22:00:00Z,3.615,3.6235,3.4,3.4285,94749,-63409,31340,54073,-85869,-31796,15516,-15060,456,NaN,NaN,NaN,NaN,183331,94749,-63409,31340,54073,-85869,-31796,15516,-15060,456
2022-07-05T22:00:00Z,3.4265,3.4595,3.273,3.4395,94749,-63409,31340,54073,-85869,-31796,15516,-15060,456,NaN,NaN,NaN,NaN,183331,94749,-63409,31340,54073,-85869,-31796,15516,-15060,456
2022-07-06T22:00:00Z,3.441,3.58,3.3965,3.5415,94749,-63409,31340,54073,-85869,-31796,15516,-15060,456,NaN,NaN,NaN,NaN,183331,94749,-63409,31340,54073,-85869,-31796,15516,-15060,456
2022-07-07T22:00:00Z,3.543,3.5715,3.444,3.52,94749,-63409,31340,54073,-85869,-31796,15516,-15060,456,NaN,NaN,NaN,NaN,183331,94749,-63409,31340,54073,-85869,-31796,15516,-15060,456
2022-07-10T22:00:00Z,3.505,3.5205,3.3865,3.425,94749,-63409,31340,54073,-85869,-31796,15516,-15060,456,NaN,NaN,NaN,NaN,183331,94749,-63409,31340,54073,-85869,-31796,15516,-15060,456
2022-07-11T22:00:00Z,3.4255,3.457,3.2465,3.259,87389,-60328,27061,52623,-78918,-26295,13967,-14733,-766,NaN,NaN,NaN,NaN,172037,87389,-60328,27061,52623,-78918,-26295,13967,-14733,-766
2022-07-12T22:00:00Z,3.261,3.343,3.2165,3.317,87389,-60328,27061,52623,-78918,-26295,13967,-14733,-766,NaN,NaN,NaN,NaN,172037,87389,-60328,27061,52623,-78918,-26295,13967,-14733,-766
2022-07-13T22:00:00Z,3.3105,3.33,3.1745,3.226,87389,-60328,27061,52623,-78918,-26295,13967,-14733,-766,NaN,NaN,NaN,NaN,172037,87389,-60328,27061,52623,-78918,-26295,13967,-14733,-766
2022-07-14T22:00:00Z,3.2285,3.2775,3.1315,3.245,87389,-60328,27061,52623,-78918,-26295,13967,-14733,-766,NaN,NaN,NaN,NaN,172037,87389,-60328,27061,52623,-78918,-26295,13967,-14733,-766
2022-07-17T22:00:00Z,3.2465,3.371,3.217,3.3165,87389,-60328,27061,52623,-78918,-26295,13967,-14733,-766,NaN,NaN,NaN,NaN,172037,87389,-60328,27061,52623,-78918,-26295,13967,-14733,-766
2022-07-18T22:00:00Z,3.3155,3.328,3.253,3.2935,86505,-62760,23745,52000,-75836,-23836,14616,-14525,91,NaN,NaN,NaN,NaN,174592,86505,-62760,23745,52000,-75836,-23836,14616,-14525,91
2022-07-19T22:00:00Z,3.2945,3.3755,3.2915,3.3135,86505,-62760,23745,52000,-75836,-23836,14616,-14525,91,NaN,NaN,NaN,NaN,174592,86505,-62760,23745,52000,-75836,-23836,14616,-14525,91
2022-07-20T22:00:00Z,3.3135,3.324,3.2505,3.306,86505,-62760,23745,52000,-75836,-23836,14616,-14525,91,NaN,NaN,NaN,NaN,174592,86505,-62760,23745,52000,-75836,-23836,14616,-14525,91
2022-07-21T22:00:00Z,3.305,3.399,3.2955,3.3225,86505,-62760,23745,52000,-75836,-23836,14616,-14525,91,NaN,NaN,NaN,NaN,174592,86505,-62760,23745,52000,-75836,-23836,14616,-14525,91
2022-07-24T22:00:00Z,3.323,3.405,3.3135,3.367,86505,-62760,23745,52000,-75836,-23836,14616,-14525,91,NaN,NaN,NaN,NaN,174592,86505,-62760,23745,52000,-75836,-23836,14616,-14525,91
2022-07-25T22:00:00Z,3.3675,3.4655,3.349,3.3905,87146,-60307,26839,52377,-78939,-26562,14193,-14470,-277,NaN,NaN,NaN,NaN,183958,87146,-60307,26839,52377,-78939,-26562,14193,-14470,-277
2022-07-26T22:00:00Z,3.3925,3.478,3.368,3.472,87146,-60307,26839,52377,-78939,-26562,14193,-14470,-277,NaN,NaN,NaN,NaN,183958,87146,-60307,26839,52377,-78939,-26562,14193,-14470,-277
2022-07-27T22:00:00Z,3.4705,3.5265,3.4515,3.493,87146,-60307,26839,52377,-78939,-26562,14193,-14470,-277,NaN,NaN,NaN,NaN,183958,87146,-60307,26839,52377,-78939,-26562,14193,-14470,-277
2022-07-28T22:00:00Z,3.4935,3.5945,3.4605,3.5945,87146,-60307,26839,52377,-78939,-26562,14193,-14470,-277,NaN,NaN,NaN,NaN,183958,87146,-60307,26839,52377,-78939,-26562,14193,-14470,-277
2022-07-31T22:00:00Z,3.575,3.597,3.512,3.5305,87146,-60307,26839,52377,-78939,-26562,14193,-14470,-277,NaN,NaN,NaN,NaN,183958,87146,-60307,26839,52377,-78939,-26562,14193,-14470,-277
2022-08-01T22:00:00Z,3.535,3.5595,3.4485,3.473,84447,-56775,27672,50317,-77723,-27406,13430,-13696,-266,NaN,NaN,NaN,NaN,184441,84447,-56775,27672,50317,-77723,-27406,13430,-13696,-266
2022-08-02T22:00:00Z,3.472,3.5305,3.4465,3.4775,84447,-56775,27672,50317,-77723,-27406,13430,-13696,-266,NaN,NaN,NaN,NaN,184441,84447,-56775,27672,50317,-77723,-27406,13430,-13696,-266
2022-08-03T22:00:00Z,3.477,3.5205,3.416,3.474,84447,-56775,27672,50317,-77723,-27406,13430,-13696,-266,NaN,NaN,NaN,NaN,184441,84447,-56775,27672,50317,-77723,-27406,13430,-13696,-266
2022-08-04T22:00:00Z,3.4735,3.585,3.4735,3.551,84447,-56775,27672,50317,-77723,-27406,13430,-13696,-266,NaN,NaN,NaN,NaN,184441,84447,-56775,27672,50317,-77723,-27406,13430,-13696,-266
2022-08-07T22:00:00Z,3.548,3.6225,3.5315,3.588,84447,-56775,27672,50317,-77723,-27406,13430,-13696,-266,NaN,NaN,NaN,NaN,184441,84447,-56775,27672,50317,-77723,-27406,13430,-13696,-266
2022-08-08T22:00:00Z,3.587,3.6305,3.561,3.588,85085,-57385,27700,49477,-77954,-28477,14822,-14045,777,NaN,NaN,NaN,NaN,187988,85085,-57385,27700,49477,-77954,-28477,14822,-14045,777
2022-08-09T22:00:00Z,3.5855,3.6575,3.5495,3.6365,85085,-57385,27700,49477,-77954,-28477,14822,-14045,777,NaN,NaN,NaN,NaN,187988,85085,-57385,27700,49477,-77954,-28477,14822,-14045,777
2022-08-10T22:00:00Z,3.6355,3.7085,3.634,3.6935,85085,-57385,27700,49477,-77954,-28477,14822,-14045,777,NaN,NaN,NaN,NaN,187988,85085,-57385,27700,49477,-77954,-28477,14822,-14045,777
2022-08-11T22:00:00Z,3.6915,3.713,3.6425,3.6795,85085,-57385,27700,49477,-77954,-28477,14822,-14045,777,NaN,NaN,NaN,NaN,187988,85085,-57385,27700,49477,-77954,-28477,14822,-14045,777
2022-08-14T22:00:00Z,3.676,3.6785,3.546,3.604,85085,-57385,27700,49477,-77954,-28477,14822,-14045,777,NaN,NaN,NaN,NaN,187988,85085,-57385,27700,49477,-77954,-28477,14822,-14045,777
2022-08-15T22:00:00Z,3.605,3.6435,3.5825,3.625,85187,-56255,28932,46797,-75017,-28220,14097,-14809,-712,NaN,NaN,NaN,NaN,183500,85187,-56255,28932,46797,-75017,-28220,14097,-14809,-712
2022-08-16T22:00:00Z,3.6245,3.6515,3.566,3.588,85187,-56255,28932,46797,-75017,-28220,14097,-14809,-712,NaN,NaN,NaN,NaN,183500,85187,-56255,28932,46797,-75017,-28220,14097,-14809,-712
2022-08-17T22:00:00Z,3.5895,3.6665,3.542,3.6495,85187,-56255,28932,46797,-75017,-28220,14097,-14809,-712,NaN,NaN,NaN,NaN,183500,85187,-56255,28932,46797,-75017,-28220,14097,-14809,-712
2022-08-18T22:00:00Z,3.648,3.6795,3.608,3.67,85187,-56255,28932,46797,-75017,-28220,14097,-14809,-712,NaN,NaN,NaN,NaN,183500,85187,-56255,28932,46797,-75017,-28220,14097,-14809,-712
2022-08-21T22:00:00Z,3.668,3.688,3.604,3.654,85187,-56255,28932,46797,-75017,-28220,14097,-14809,-712,NaN,NaN,NaN,NaN,183500,85187,-56255,28932,46797,-75017,-28220,14097,-14809,-712
2022-08-22T22:00:00Z,3.652,3.7315,3.6255,3.6845,81258,-60027,21231,50210,-69200,-18990,13172,-15413,-2241,NaN,NaN,NaN,NaN,173145,81258,-60027,21231,50210,-69200,-18990,13172,-15413,-2241
2022-08-23T22:00:00Z,3.685,3.698,3.623,3.639,81258,-60027,21231,50210,-69200,-18990,13172,-15413,-2241,NaN,NaN,NaN,NaN,173145,81258,-60027,21231,50210,-69200,-18990,13172,-15413,-2241
2022-08-24T22:00:00Z,3.6425,3.709,3.632,3.7005,81258,-60027,21231,50210,-69200,-18990,13172,-15413,-2241,NaN,NaN,NaN,NaN,173145,81258,-60027,21231,50210,-69200,-18990,13172,-15413,-2241
2022-08-25T22:00:00Z,3.6965,3.783,3.681,3.694,81258,-60027,21231,50210,-69200,-18990,13172,-15413,-2241,NaN,NaN,NaN,NaN,173145,81258,-60027,21231,50210,-69200,-18990,13172,-15413,-2241
2022-08-28T22:00:00Z,3.6935,3.701,3.5625,3.6025,81258,-60027,21231,50210,-69200,-18990,13172,-15413,-2241,NaN,NaN,NaN,NaN,173145,81258,-60027,21231,50210,-69200,-18990,13172,-15413,-2241
2022-08-29T22:00:00Z,3.6,3.6355,3.535,3.5575,82023,-57038,24985,46105,-69360,-23255,13256,-14986,-1730,NaN,NaN,NaN,NaN,158390,82023,-57038,24985,46105,-69360,-23255,13256,-14986,-1730
2022-08-30T22:00:00Z,3.557,3.599,3.4445,3.5115,82023,-57038,24985,46105,-69360,-23255,13256,-14986,-1730,NaN,NaN,NaN,NaN,158390,82023,-57038,24985,46105,-69360,-23255,13256,-14986,-1730
2022-08-31T22:00:00Z,3.5155,3.5165,3.4035,3.408,82023,-57038,24985,46105,-69360,-23255,13256,-14986,-1730,NaN,NaN,NaN,NaN,158390,82023,-57038,24985,46105,-69360,-23255,13256,-14986,-1730
2022-09-01T22:00:00Z,3.411,3.455,3.3815,3.401,82023,-57038,24985,46105,-69360,-23255,13256,-14986,-1730,NaN,NaN,NaN,NaN,158390,82023,-57038,24985,46105,-69360,-23255,13256,-14986,-1730
2022-09-04T22:00:00Z,3.3995,3.5,3.361,3.4595,82038,-55218,26820,46581,-70571,-23990,12521,-15351,-2830,NaN,NaN,NaN,NaN,160251,82038,-55218,26820,46581,-70571,-23990,12521,-15351,-2830
2022-09-06T22:00:00Z,3.46,3.467,3.403,3.442,82038,-55218,26820,46581,-70571,-23990,12521,-15351,-2830,NaN,NaN,NaN,NaN,160251,82038,-55218,26820,46581,-70571,-23990,12521,-15351,-2830
2022-09-07T22:00:00Z,3.446,3.557,3.442,3.5545,82038,-55218,26820,46581,-70571,-23990,12521,-15351,-2830,NaN,NaN,NaN,NaN,160251,82038,-55218,26820,46581,-70571,-23990,12521,-15351,-2830
2022-09-08T22:00:00Z,3.552,3.6285,3.5365,3.555,82038,-55218,26820,46581,-70571,-23990,12521,-15351,-2830,NaN,NaN,NaN,NaN,160251,82038,-55218,26820,46581,-70571,-23990,12521,-15351,-2830
2022-09-11T22:00:00Z,3.556,3.6225,3.532,3.616,82038,-55218,26820,46581,-70571,-23990,12521,-15351,-2830,NaN,NaN,NaN,NaN,160251,82038,-55218,26820,46581,-70571,-23990,12521,-15351,-2830
2022-09-12T22:00:00Z,3.619,3.6925,3.522,3.5305,78682,-58170,20512,44574,-63560,-18986,13738,-15264,-1526,NaN,NaN,NaN,NaN,157900,78682,-58170,20512,44574,-63560,-18986,13738,-15264,-1526
2022-09-13T22:00:00Z,3.5315,3.5575,3.5015,3.516,78682,-58170,20512,44574,-63560,-18986,13738,-15264,-1526,NaN,NaN,NaN,NaN,157900,78682,-58170,20512,44574,-63560,-18986,13738,-15264,-1526
2022-09-14T22:00:00Z,3.5175,3.5525,3.4665,3.473,78682,-58170,20512,44574,-63560,-18986,13738,-15264,-1526,NaN,NaN,NaN,NaN,157900,78682,-58170,20512,44574,-63560,-18986,13738,-15264,-1526
2022-09-15T22:00:00Z,3.478,3.544,3.4285,3.5415,78682,-58170,20512,44574,-63560,-18986,13738,-15264,-1526,NaN,NaN,NaN,NaN,157900,78682,-58170,20512,44574,-63560,-18986,13738,-15264,-1526
2022-09-18T22:00:00Z,3.5525,3.558,3.4745,3.5255,78682,-58170,20512,44574,-63560,-18986,13738,-15264,-1526,NaN,NaN,NaN,NaN,157900,78682,-58170,20512,44574,-63560,-18986,13738,-15264,-1526
2022-09-19T22:00:00Z,3.527,3.5475,3.483,3.498,82693,-59478,23215,46773,-67059,-20286,13179,-16108,-2929,NaN,NaN,NaN,NaN,163058,82693,-59478,23215,46773,-67059,-20286,13179,-16108,-2929
2022-09-20T22:00:00Z,3.4995,3.516,3.4025,3.439,82693,-59478,23215,46773,-67059,-20286,13179,-16108,-2929,NaN,NaN,NaN,NaN,163058,82693,-59478,23215,46773,-67059,-20286,13179,-16108,-2929
2022-09-21T22:00:00Z,3.44,3.522,3.4205,3.463,82693,-59478,23215,46773,-67059,-20286,13179,-16108,-2929,NaN,NaN,NaN,NaN,163058,82693,-59478,23215,46773,-67059,-20286,13179,-16108,-2929
2022-09-22T22:00:00Z,3.464,3.4725,3.327,3.3485,82693,-59478,23215,46773,-67059,-20286,13179,-16108,-2929,NaN,NaN,NaN,NaN,163058,82693,-59478,23215,46773,-67059,-20286,13179,-16108,-2929
2022-09-25T22:00:00Z,3.3505,3.3645,3.274,3.294,82693,-59478,23215,46773,-67059,-20286,13179,-16108,-2929,NaN,NaN,NaN,NaN,163058,82693,-59478,23215,46773,-67059,-20286,13179,-16108,-2929
2022-09-26T22:00:00Z,3.2955,3.353,3.268,3.2935,87188,-58304,28884,50726,-78482,-27756,14608,-15736,-1128,NaN,NaN,NaN,NaN,173661,87188,-58304,28884,50726,-78482,-27756,14608,-15736,-1128
2022-09-27T22:00:00Z,3.294,3.392,3.243,3.3805,87188,-58304,28884,50726,-78482,-27756,14608,-15736,-1128,NaN,NaN,NaN,NaN,173661,87188,-58304,28884,50726,-78482,-27756,14608,-15736,-1128
2022-09-28T22:00:00Z,3.381,3.4335,3.3055,3.427,87188,-58304,28884,50726,-78482,-27756,14608,-15736,-1128,NaN,NaN,NaN,NaN,173661,87188,-58304,28884,50726,-78482,-27756,14608,-15736,-1128
2022-09-29T22:00:00Z,3.427,3.4745,3.3885,3.3885,87188,-58304,28884,50726,-78482,-27756,14608,-15736,-1128,NaN,NaN,NaN,NaN,173661,87188,-58304,28884,50726,-78482,-27756,14608,-15736,-1128
2022-10-02T22:00:00Z,3.3965,3.424,3.352,3.4165,87188,-58304,28884,50726,-78482,-27756,14608,-15736,-1128,NaN,NaN,NaN,NaN,173661,87188,-58304,28884,50726,-78482,-27756,14608,-15736,-1128
2022-10-03T22:00:00Z,3.4165,3.5315,3.402,3.495,78817,-60794,18023,50470,-68721,-18251,14537,-14309,228,NaN,NaN,NaN,NaN,166161,78817,-60794,18023,50470,-68721,-18251,14537,-14309,228
2022-10-04T22:00:00Z,3.494,3.5555,3.4465,3.5435,78817,-60794,18023,50470,-68721,-18251,14537,-14309,228,NaN,NaN,NaN,NaN,166161,78817,-60794,18023,50470,-68721,-18251,14537,-14309,228
2022-10-05T22:00:00Z,3.5415,3.593,3.431,3.4375,78817,-60794,18023,50470,-68721,-18251,14537,-14309,228,NaN,NaN,NaN,NaN,166161,78817,-60794,18023,50470,-68721,-18251,14537,-14309,228
2022-10-06T22:00:00Z,3.4395,3.448,3.373,3.383,78817,-60794,18023,50470,-68721,-18251,14537,-14309,228,NaN,NaN,NaN,NaN,166161,78817,-60794,18023,50470,-68721,-18251,14537,-14309,228
2022-10-09T22:00:00Z,3.384,3.477,3.371,3.4375,78817,-60794,18023,50470,-68721,-18251,14537,-14309,228,NaN,NaN,NaN,NaN,166161,78817,-60794,18023,50470,-68721,-18251,14537,-14309,228
2022-10-10T22:00:00Z,3.4365,3.4745,3.3835,3.4205,79079,-62176,16903,51021,-66920,-15899,13853,-14857,-1004,NaN,NaN,NaN,NaN,167449,79079,-62176,16903,51021,-66920,-15899,13853,-14857,-1004
2022-10-11T22:00:00Z,3.4245,3.465,3.398,3.4285,79079,-62176,16903,51021,-66920,-15899,13853,-14857,-1004,NaN,NaN,NaN,NaN,167449,79079,-62176,16903,51021,-66920,-15899,13853,-14857,-1004
2022-10-12T22:00:00Z,3.4285,3.477,3.354,3.461,79079,-62176,16903,51021,-66920,-15899,13853,-14857,-1004,NaN,NaN,NaN,NaN,167449,79079,-62176,16903,51021,-66920,-15899,13853,-14857,-1004
2022-10-13T22:00:00Z,3.4635,3.501,3.4005,3.4055,79079,-62176,16903,51021,-66920,-15899,13853,-14857,-1004,NaN,NaN,NaN,NaN,167449,79079,-62176,16903,51021,-66920,-15899,13853,-14857,-1004
2022-10-16T22:00:00Z,3.4125,3.4675,3.3905,3.408,79079,-62176,16903,51021,-66920,-15899,13853,-14857,-1004,NaN,NaN,NaN,NaN,167449,79079,-62176,16903,51021,-66920,-15899,13853,-14857,-1004
2022-10-17T22:00:00Z,3.413,3.4355,3.339,3.363,82890,-63194,19696,49335,-69637,-20302,15118,-14512,606,NaN,NaN,NaN,NaN,178730,82890,-63194,19696,49335,-69637,-20302,15118,-14512,606
2022-10-18T22:00:00Z,3.366,3.3755,3.307,3.3245,82890,-63194,19696,49335,-69637,-20302,15118,-14512,606,NaN,NaN,NaN,NaN,178730,82890,-63194,19696,49335,-69637,-20302,15118,-14512,606
2022-10-19T22:00:00Z,3.3255,3.437,3.303,3.3985,82890,-63194,19696,49335,-69637,-20302,15118,-14512,606,NaN,NaN,NaN,NaN,178730,82890,-63194,19696,49335,-69637,-20302,15118,-14512,606
2022-10-20T22:00:00Z,3.398,3.4825,3.3455,3.479,82890,-63194,19696,49335,-69637,-20302,15118,-14512,606,NaN,NaN,NaN,NaN,178730,82890,-63194,19696,49335,-69637,-20302,15118,-14512,606
2022-10-23T22:00:00Z,3.485,3.5045,3.4225,3.4345,82890,-63194,19696,49335,-69637,-20302,15118,-14512,606,NaN,NaN,NaN,NaN,178730,82890,-63194,19696,49335,-69637,-20302,15118,-14512,606
2022-10-24T22:00:00Z,3.4315,3.441,3.3625,3.4025,79742,-63835,15907,50000,-66919,-16919,15339,-14327,1012,NaN,NaN,NaN,NaN,179344,79742,-63835,15907,50000,-66919,-16919,15339,-14327,1012
2022-10-25T22:00:00Z,3.4055,3.5545,3.3825,3.54,79742,-63835,15907,50000,-66919,-16919,15339,-14327,1012,NaN,NaN,NaN,NaN,179344,79742,-63835,15907,50000,-66919,-16919,15339,-14327,1012
2022-10-26T22:00:00Z,3.539,3.5565,3.491,3.528,79742,-63835,15907,50000,-66919,-16919,15339,-14327,1012,NaN,NaN,NaN,NaN,179344,79742,-63835,15907,50000,-66919,-16919,15339,-14327,1012
2022-10-27T22:00:00Z,3.5265,3.53,3.416,3.432,79742,-63835,15907,50000,-66919,-16919,15339,-14327,1012,NaN,NaN,NaN,NaN,179344,79742,-63835,15907,50000,-66919,-16919,15339,-14327,1012
2022-10-30T22:00:00Z,3.43,3.4435,3.3615,3.379,79742,-63835,15907,50000,-66919,-16919,15339,-14327,1012,NaN,NaN,NaN,NaN,179344,79742,-63835,15907,50000,-66919,-16919,15339,-14327,1012
2022-10-31T22:00:00Z,3.38,3.5015,3.378,3.4675,76394,-68396,7998,50738,-58222,-7484,14103,-14617,-514,NaN,NaN,NaN,NaN,179801,76394,-68396,7998,50738,-58222,-7484,14103,-14617,-514
2022-11-01T22:00:00Z,3.4715,3.516,3.433,3.4355,76394,-68396,7998,50738,-58222,-7484,14103,-14617,-514,NaN,NaN,NaN,NaN,179801,76394,-68396,7998,50738,-58222,-7484,14103,-14617,-514
2022-11-02T22:00:00Z,3.4395,3.4645,3.3795,3.4245,76394,-68396,7998,50738,-58222,-7484,14103,-14617,-514,NaN,NaN,NaN,NaN,179801,76394,-68396,7998,50738,-58222,-7484,14103,-14617,-514
2022-11-03T22:00:00Z,3.4255,3.7085,3.418,3.701,76394,-68396,7998,50738,-58222,-7484,14103,-14617,-514,NaN,NaN,NaN,NaN,179801,76394,-68396,7998,50738,-58222,-7484,14103,-14617,-514
2022-11-06T23:00:00Z,3.645,3.6605,3.578,3.6005,76394,-68396,7998,50738,-58222,-7484,14103,-14617,-514,NaN,NaN,NaN,NaN,179801,76394,-68396,7998,50738,-58222,-7484,14103,-14617,-514
2022-11-07T23:00:00Z,3.6005,3.6995,3.5625,3.6635,63309,-66735,-3426,55028,-52115,2913,16492,-15979,513,NaN,NaN,NaN,NaN,169929,63309,-66735,-3426,55028,-52115,2913,16492,-15979,513
2022-11-08T23:00:00Z,3.6615,3.748,3.627,3.675,63309,-66735,-3426,55028,-52115,2913,16492,-15979,513,NaN,NaN,NaN,NaN,169929,63309,-66735,-3426,55028,-52115,2913,16492,-15979,513
2022-11-09T23:00:00Z,3.678,3.7925,3.6285,3.776,63309,-66735,-3426,55028,-52115,2913,16492,-15979,513,NaN,NaN,NaN,NaN,169929,63309,-66735,-3426,55028,-52115,2913,16492,-15979,513
2022-11-10T23:00:00Z,3.778,3.9445,3.7615,3.936,63309,-66735,-3426,55028,-52115,2913,16492,-15979,513,NaN,NaN,NaN,NaN,169929,63309,-66735,-3426,55028,-52115,2913,16492,-15979,513
2022-11-13T23:00:00Z,3.9325,3.96,3.8165,3.84,63309,-66735,-3426,55028,-52115,2913,16492,-15979,513,NaN,NaN,NaN,NaN,169929,63309,-66735,-3426,55028,-52115,2913,16492,-15979,513
2022-11-14T23:00:00Z,3.838,3.889,3.7915,3.8195,61693,-75276,-13583,60730,-50909,9821,17332,-13570,3762,NaN,NaN,NaN,NaN,168962,61693,-75276,-13583,60730,-50909,9821,17332,-13570,3762
2022-11-15T23:00:00Z,3.819,3.8235,3.749,3.7575,61693,-75276,-13583,60730,-50909,9821,17332,-13570,3762,NaN,NaN,NaN,NaN,168962,61693,-75276,-13583,60730,-50909,9821,17332,-13570,3762
2022-11-16T23:00:00Z,3.761,3.7725,3.665,3.68,61693,-75276,-13583,60730,-50909,9821,17332,-13570,3762,NaN,NaN,NaN,NaN,168962,61693,-75276,-13583,60730,-50909,9821,17332,-13570,3762
2022-11-17T23:00:00Z,3.6895,3.7075,3.6275,3.638,61693,-75276,-13583,60730,-50909,9821,17332,-13570,3762,NaN,NaN,NaN,NaN,168962,61693,-75276,-13583,60730,-50909,9821,17332,-13570,3762
2022-11-20T23:00:00Z,3.6435,3.648,3.5475,3.581,61693,-75276,-13583,60730,-50909,9821,17332,-13570,3762,NaN,NaN,NaN,NaN,168962,61693,-75276,-13583,60730,-50909,9821,17332,-13570,3762
2022-11-21T23:00:00Z,3.5815,3.669,3.574,3.6215,64127,-70240,-6113,52701,-49597,3104,15619,-12610,3009,NaN,NaN,NaN,NaN,155127,64127,-70240,-6113,52701,-49597,3104,15619,-12610,3009
2022-11-22T23:00:00Z,3.6195,3.6565,3.591,3.6435,64127,-70240,-6113,52701,-49597,3104,15619,-12610,3009,NaN,NaN,NaN,NaN,155127,64127,-70240,-6113,52701,-49597,3104,15619,-12610,3009
2022-11-23T23:00:00Z,3.643,3.6885,3.611,3.6175,64127,-70240,-6113,52701,-49597,3104,15619,-12610,3009,NaN,NaN,NaN,NaN,155127,64127,-70240,-6113,52701,-49597,3104,15619,-12610,3009
2022-11-27T23:00:00Z,3.585,3.6215,3.541,3.594,64127,-70240,-6113,52701,-49597,3104,15619,-12610,3009,NaN,NaN,NaN,NaN,155127,64127,-70240,-6113,52701,-49597,3104,15619,-12610,3009
2022-11-28T23:00:00Z,3.6015,3.6845,3.5955,3.6465,63196,-66558,-3362,51433,-49449,1984,13549,-12171,1378,NaN,NaN,NaN,NaN,146760,63196,-66558,-3362,51433,-49449,1984,13549,-12171,1378
2022-11-29T23:00:00Z,3.644,3.7925,3.634,3.784,63196,-66558,-3362,51433,-49449,1984,13549,-12171,1378,NaN,NaN,NaN,NaN,146760,63196,-66558,-3362,51433,-49449,1984,13549,-12171,1378
2022-11-30T23:00:00Z,3.782,3.8225,3.735,3.796,63196,-66558,-3362,51433,-49449,1984,13549,-12171,1378,NaN,NaN,NaN,NaN,146760,63196,-66558,-3362,51433,-49449,1984,13549,-12171,1378
2022-12-01T23:00:00Z,3.7975,3.865,3.7445,3.855,63196,-66558,-3362,51433,-49449,1984,13549,-12171,1378,NaN,NaN,NaN,NaN,146760,63196,-66558,-3362,51433,-49449,1984,13549,-12171,1378
2022-12-04T23:00:00Z,3.853,3.8945,3.773,3.7885,63196,-66558,-3362,51433,-49449,1984,13549,-12171,1378,NaN,NaN,NaN,NaN,146760,63196,-66558,-3362,51433,-49449,1984,13549,-12171,1378
2022-12-05T23:00:00Z,3.7915,3.8635,3.7845,3.822,66286,-70640,-4354,55496,-53817,1679,15368,-12693,2675,NaN,NaN,NaN,NaN,158762,66286,-70640,-4354,55496,-53817,1679,15368,-12693,2675
2022-12-06T23:00:00Z,3.821,3.874,3.775,3.8445,66286,-70640,-4354,55496,-53817,1679,15368,-12693,2675,NaN,NaN,NaN,NaN,158762,66286,-70640,-4354,55496,-53817,1679,15368,-12693,2675
2022-12-07T23:00:00Z,3.8435,3.9125,3.833,3.8805,66286,-70640,-4354,55496,-53817,1679,15368,-12693,2675,NaN,NaN,NaN,NaN,158762,66286,-70640,-4354,55496,-53817,1679,15368,-12693,2675
2022-12-08T23:00:00Z,3.8815,3.9245,3.846,3.8565,66286,-70640,-4354,55496,-53817,1679,15368,-12693,2675,NaN,NaN,NaN,NaN,158762,66286,-70640,-4354,55496,-53817,1679,15368,-12693,2675
2022-12-11T23:00:00Z,3.8595,3.8595,3.786,3.8075,66286,-70640,-4354,55496,-53817,1679,15368,-12693,2675,NaN,NaN,NaN,NaN,158762,66286,-70640,-4354,55496,-53817,1679,15368,-12693,2675
2022-12-12T23:00:00Z,3.808,3.929,3.8035,3.847,66265,-72824,-6559,58057,-55501,2556,16760,-12757,4003,NaN,NaN,NaN,NaN,162191,66265,-72824,-6559,58057,-55501,2556,16760,-12757,4003
2022-12-13T23:00:00Z,3.8455,3.892,3.823,3.8615,66265,-72824,-6559,58057,-55501,2556,16760,-12757,4003,NaN,NaN,NaN,NaN,162191,66265,-72824,-6559,58057,-55501,2556,16760,-12757,4003
2022-12-14T23:00:00Z,3.8635,3.8675,3.757,3.777,66265,-72824,-6559,58057,-55501,2556,16760,-12757,4003,NaN,NaN,NaN,NaN,162191,66265,-72824,-6559,58057,-55501,2556,16760,-12757,4003
2022-12-15T23:00:00Z,3.776,3.805,3.733,3.77,66265,-72824,-6559,58057,-55501,2556,16760,-12757,4003,NaN,NaN,NaN,NaN,162191,66265,-72824,-6559,58057,-55501,2556,16760,-12757,4003
2022-12-18T23:00:00Z,3.7695,3.8245,3.7495,3.762,66265,-72824,-6559,58057,-55501,2556,16760,-12757,4003,NaN,NaN,NaN,NaN,162191,66265,-72824,-6559,58057,-55501,2556,16760,-12757,4003
2022-12-19T23:00:00Z,3.761,3.8305,3.723,3.8075,66289,-69796,-3507,55940,-55165,775,15159,-12427,2732,NaN,NaN,NaN,NaN,156204,66289,-69796,-3507,55940,-55165,775,15159,-12427,2732
2022-12-20T23:00:00Z,3.807,3.8285,3.789,3.8175,66289,-69796,-3507,55940,-55165,775,15159,-12427,2732,NaN,NaN,NaN,NaN,156204,66289,-69796,-3507,55940,-55165,775,15159,-12427,2732
2022-12-21T23:00:00Z,3.818,3.849,3.7495,3.7655,66289,-69796,-3507,55940,-55165,775,15159,-12427,2732,NaN,NaN,NaN,NaN,156204,66289,-69796,-3507,55940,-55165,775,15159,-12427,2732
2022-12-22T23:00:00Z,3.7645,3.817,3.761,3.813,66289,-69796,-3507,55940,-55165,775,15159,-12427,2732,NaN,NaN,NaN,NaN,156204,66289,-69796,-3507,55940,-55165,775,15159,-12427,2732
2022-12-26T23:00:00Z,3.84,3.9415,3.832,3.851,67065,-71766,-4701,58470,-57746,724,16103,-12126,3977,NaN,NaN,NaN,NaN,160334,67065,-71766,-4701,58470,-57746,724,16103,-12126,3977
2022-12-27T23:00:00Z,3.849,3.873,3.821,3.8335,67065,-71766,-4701,58470,-57746,724,16103,-12126,3977,NaN,NaN,NaN,NaN,160334,67065,-71766,-4701,58470,-57746,724,16103,-12126,3977
2022-12-28T23:00:00Z,3.835,3.852,3.8075,3.829,67065,-71766,-4701,58470,-57746,724,16103,-12126,3977,NaN,NaN,NaN,NaN,160334,67065,-71766,-4701,58470,-57746,724,16103,-12126,3977
2022-12-29T23:00:00Z,3.8285,3.8515,3.7955,3.82,67065,-71766,-4701,58470,-57746,724,16103,-12126,3977,NaN,NaN,NaN,NaN,160334,67065,-71766,-4701,58470,-57746,724,16103,-12126,3977
2023-01-02T23:00:00Z,3.8355,3.8715,3.7585,3.769,68905,-69068,-163,57191,-61866,-4675,17079,-12241,4838,NaN,NaN,NaN,NaN,164594,68905,-69068,-163,57191,-61866,-4675,17079,-12241,4838
2023-01-03T23:00:00Z,3.771,3.807,3.7085,3.7425,68905,-69068,-163,57191,-61866,-4675,17079,-12241,4838,NaN,NaN,NaN,NaN,164594,68905,-69068,-163,57191,-61866,-4675,17079,-12241,4838
2023-01-04T23:00:00Z,3.7405,3.842,3.7215,3.827,68905,-69068,-163,57191,-61866,-4675,17079,-12241,4838,NaN,NaN,NaN,NaN,164594,68905,-69068,-163,57191,-61866,-4675,17079,-12241,4838
2023-01-05T23:00:00Z,3.8255,3.93,3.7985,3.9235,68905,-69068,-163,57191,-61866,-4675,17079,-12241,4838,NaN,NaN,NaN,NaN,164594,68905,-69068,-163,57191,-61866,-4675,17079,-12241,4838