{
 "cells": [
  {
   "cell_type": "code",
   "execution_count": 1,
   "metadata": {},
   "outputs": [],
   "source": [
    "import numpy as np\n",
    "import pandas as pd\n",
    "\n",
    "import seaborn as sns\n",
    "import matplotlib.pyplot as plt"
   ]
  },
  {
   "cell_type": "code",
   "execution_count": null,
   "metadata": {},
   "outputs": [],
   "source": [
    "dir = r'C:\\Users\\James Stanley\\Desktop\\Stocks'"
   ]
  },
  {
   "cell_type": "code",
   "execution_count": 18,
   "metadata": {},
   "outputs": [],
   "source": [
    "import pandas as pd\n",
    "import os\n",
    "import glob\n",
    "  \n",
    "  \n",
    "# use glob to get all the csv files \n",
    "# in the folder\n",
    "path = r'C:\\Users\\James Stanley\\Desktop\\Stocks'\n",
    "csv_files = glob.glob(os.path.join(path, \"*.csv\"))\n",
    "  \n",
    "col_names = []\n",
    "concat_df = []\n",
    "\n",
    "# loop over the list of csv files\n",
    "for f in csv_files:\n",
    "      \n",
    "    # read the csv file\n",
    "    df = pd.read_csv(f,parse_dates=True,index_col='time')\n",
    "\n",
    "    col_names.append(f.split(r\"\"\"BATS_\"\"\")[-1].split(\",\")[0]+'_close')\n",
    "    # print(df)   \n",
    "    df.rename(columns = {'close': f.split(r\"\"\"BATS_\"\"\")[-1].split(\",\")[0] + '_close'},inplace=True)\n",
    "    # print(df[col_names[-1]])\n",
    "    concat_df.append(df[col_names[-1]])\n"
   ]
  },
  {
   "cell_type": "code",
   "execution_count": 17,
   "metadata": {},
   "outputs": [
    {
     "name": "stdout",
     "output_type": "stream",
     "text": [
      "[]\n"
     ]
    }
   ],
   "source": [
    "print(concat_df)"
   ]
  },
  {
   "cell_type": "code",
   "execution_count": 19,
   "metadata": {},
   "outputs": [],
   "source": [
    "df2 = pd.concat(concat_df, axis=1)"
   ]
  },
  {
   "cell_type": "code",
   "execution_count": 20,
   "metadata": {},
   "outputs": [
    {
     "data": {
      "text/html": [
       "<div>\n",
       "<style scoped>\n",
       "    .dataframe tbody tr th:only-of-type {\n",
       "        vertical-align: middle;\n",
       "    }\n",
       "\n",
       "    .dataframe tbody tr th {\n",
       "        vertical-align: top;\n",
       "    }\n",
       "\n",
       "    .dataframe thead th {\n",
       "        text-align: right;\n",
       "    }\n",
       "</style>\n",
       "<table border=\"1\" class=\"dataframe\">\n",
       "  <thead>\n",
       "    <tr style=\"text-align: right;\">\n",
       "      <th></th>\n",
       "      <th>DAX_close</th>\n",
       "      <th>ECH_close</th>\n",
       "      <th>EEM_close</th>\n",
       "      <th>EIDO_close</th>\n",
       "      <th>EPU_close</th>\n",
       "      <th>EWA_close</th>\n",
       "      <th>EWJ_close</th>\n",
       "      <th>EWM_close</th>\n",
       "      <th>EWT_close</th>\n",
       "      <th>EWZ_close</th>\n",
       "      <th>FEZ_close</th>\n",
       "      <th>MCHI_close</th>\n",
       "      <th>SPY_close</th>\n",
       "      <th>THD_close</th>\n",
       "    </tr>\n",
       "    <tr>\n",
       "      <th>time</th>\n",
       "      <th></th>\n",
       "      <th></th>\n",
       "      <th></th>\n",
       "      <th></th>\n",
       "      <th></th>\n",
       "      <th></th>\n",
       "      <th></th>\n",
       "      <th></th>\n",
       "      <th></th>\n",
       "      <th></th>\n",
       "      <th></th>\n",
       "      <th></th>\n",
       "      <th></th>\n",
       "      <th></th>\n",
       "    </tr>\n",
       "  </thead>\n",
       "  <tbody>\n",
       "    <tr>\n",
       "      <th>1993-01-29 14:30:00+00:00</th>\n",
       "      <td>NaN</td>\n",
       "      <td>NaN</td>\n",
       "      <td>NaN</td>\n",
       "      <td>NaN</td>\n",
       "      <td>NaN</td>\n",
       "      <td>NaN</td>\n",
       "      <td>NaN</td>\n",
       "      <td>NaN</td>\n",
       "      <td>NaN</td>\n",
       "      <td>NaN</td>\n",
       "      <td>NaN</td>\n",
       "      <td>NaN</td>\n",
       "      <td>43.93800</td>\n",
       "      <td>NaN</td>\n",
       "    </tr>\n",
       "    <tr>\n",
       "      <th>1993-02-01 14:30:00+00:00</th>\n",
       "      <td>NaN</td>\n",
       "      <td>NaN</td>\n",
       "      <td>NaN</td>\n",
       "      <td>NaN</td>\n",
       "      <td>NaN</td>\n",
       "      <td>NaN</td>\n",
       "      <td>NaN</td>\n",
       "      <td>NaN</td>\n",
       "      <td>NaN</td>\n",
       "      <td>NaN</td>\n",
       "      <td>NaN</td>\n",
       "      <td>NaN</td>\n",
       "      <td>44.25000</td>\n",
       "      <td>NaN</td>\n",
       "    </tr>\n",
       "    <tr>\n",
       "      <th>1993-02-02 14:30:00+00:00</th>\n",
       "      <td>NaN</td>\n",
       "      <td>NaN</td>\n",
       "      <td>NaN</td>\n",
       "      <td>NaN</td>\n",
       "      <td>NaN</td>\n",
       "      <td>NaN</td>\n",
       "      <td>NaN</td>\n",
       "      <td>NaN</td>\n",
       "      <td>NaN</td>\n",
       "      <td>NaN</td>\n",
       "      <td>NaN</td>\n",
       "      <td>NaN</td>\n",
       "      <td>44.34375</td>\n",
       "      <td>NaN</td>\n",
       "    </tr>\n",
       "    <tr>\n",
       "      <th>1993-02-03 14:30:00+00:00</th>\n",
       "      <td>NaN</td>\n",
       "      <td>NaN</td>\n",
       "      <td>NaN</td>\n",
       "      <td>NaN</td>\n",
       "      <td>NaN</td>\n",
       "      <td>NaN</td>\n",
       "      <td>NaN</td>\n",
       "      <td>NaN</td>\n",
       "      <td>NaN</td>\n",
       "      <td>NaN</td>\n",
       "      <td>NaN</td>\n",
       "      <td>NaN</td>\n",
       "      <td>44.81250</td>\n",
       "      <td>NaN</td>\n",
       "    </tr>\n",
       "    <tr>\n",
       "      <th>1993-02-04 14:30:00+00:00</th>\n",
       "      <td>NaN</td>\n",
       "      <td>NaN</td>\n",
       "      <td>NaN</td>\n",
       "      <td>NaN</td>\n",
       "      <td>NaN</td>\n",
       "      <td>NaN</td>\n",
       "      <td>NaN</td>\n",
       "      <td>NaN</td>\n",
       "      <td>NaN</td>\n",
       "      <td>NaN</td>\n",
       "      <td>NaN</td>\n",
       "      <td>NaN</td>\n",
       "      <td>45.00000</td>\n",
       "      <td>NaN</td>\n",
       "    </tr>\n",
       "  </tbody>\n",
       "</table>\n",
       "</div>"
      ],
      "text/plain": [
       "                           DAX_close  ECH_close  EEM_close  EIDO_close  \\\n",
       "time                                                                     \n",
       "1993-01-29 14:30:00+00:00        NaN        NaN        NaN         NaN   \n",
       "1993-02-01 14:30:00+00:00        NaN        NaN        NaN         NaN   \n",
       "1993-02-02 14:30:00+00:00        NaN        NaN        NaN         NaN   \n",
       "1993-02-03 14:30:00+00:00        NaN        NaN        NaN         NaN   \n",
       "1993-02-04 14:30:00+00:00        NaN        NaN        NaN         NaN   \n",
       "\n",
       "                           EPU_close  EWA_close  EWJ_close  EWM_close  \\\n",
       "time                                                                    \n",
       "1993-01-29 14:30:00+00:00        NaN        NaN        NaN        NaN   \n",
       "1993-02-01 14:30:00+00:00        NaN        NaN        NaN        NaN   \n",
       "1993-02-02 14:30:00+00:00        NaN        NaN        NaN        NaN   \n",
       "1993-02-03 14:30:00+00:00        NaN        NaN        NaN        NaN   \n",
       "1993-02-04 14:30:00+00:00        NaN        NaN        NaN        NaN   \n",
       "\n",
       "                           EWT_close  EWZ_close  FEZ_close  MCHI_close  \\\n",
       "time                                                                     \n",
       "1993-01-29 14:30:00+00:00        NaN        NaN        NaN         NaN   \n",
       "1993-02-01 14:30:00+00:00        NaN        NaN        NaN         NaN   \n",
       "1993-02-02 14:30:00+00:00        NaN        NaN        NaN         NaN   \n",
       "1993-02-03 14:30:00+00:00        NaN        NaN        NaN         NaN   \n",
       "1993-02-04 14:30:00+00:00        NaN        NaN        NaN         NaN   \n",
       "\n",
       "                           SPY_close  THD_close  \n",
       "time                                             \n",
       "1993-01-29 14:30:00+00:00   43.93800        NaN  \n",
       "1993-02-01 14:30:00+00:00   44.25000        NaN  \n",
       "1993-02-02 14:30:00+00:00   44.34375        NaN  \n",
       "1993-02-03 14:30:00+00:00   44.81250        NaN  \n",
       "1993-02-04 14:30:00+00:00   45.00000        NaN  "
      ]
     },
     "execution_count": 20,
     "metadata": {},
     "output_type": "execute_result"
    }
   ],
   "source": [
    "df2.head()"
   ]
  },
  {
   "cell_type": "code",
   "execution_count": 21,
   "metadata": {},
   "outputs": [
    {
     "data": {
      "text/html": [
       "<div>\n",
       "<style scoped>\n",
       "    .dataframe tbody tr th:only-of-type {\n",
       "        vertical-align: middle;\n",
       "    }\n",
       "\n",
       "    .dataframe tbody tr th {\n",
       "        vertical-align: top;\n",
       "    }\n",
       "\n",
       "    .dataframe thead th {\n",
       "        text-align: right;\n",
       "    }\n",
       "</style>\n",
       "<table border=\"1\" class=\"dataframe\">\n",
       "  <thead>\n",
       "    <tr style=\"text-align: right;\">\n",
       "      <th></th>\n",
       "      <th>DAX_close</th>\n",
       "      <th>ECH_close</th>\n",
       "      <th>EEM_close</th>\n",
       "      <th>EIDO_close</th>\n",
       "      <th>EPU_close</th>\n",
       "      <th>EWA_close</th>\n",
       "      <th>EWJ_close</th>\n",
       "      <th>EWM_close</th>\n",
       "      <th>EWT_close</th>\n",
       "      <th>EWZ_close</th>\n",
       "      <th>FEZ_close</th>\n",
       "      <th>MCHI_close</th>\n",
       "      <th>SPY_close</th>\n",
       "      <th>THD_close</th>\n",
       "    </tr>\n",
       "  </thead>\n",
       "  <tbody>\n",
       "    <tr>\n",
       "      <th>DAX_close</th>\n",
       "      <td>1.000000</td>\n",
       "      <td>0.157240</td>\n",
       "      <td>0.883982</td>\n",
       "      <td>0.211149</td>\n",
       "      <td>0.441180</td>\n",
       "      <td>0.799323</td>\n",
       "      <td>0.841190</td>\n",
       "      <td>-0.021614</td>\n",
       "      <td>0.618966</td>\n",
       "      <td>0.378182</td>\n",
       "      <td>0.931206</td>\n",
       "      <td>0.744894</td>\n",
       "      <td>0.478476</td>\n",
       "      <td>0.478882</td>\n",
       "    </tr>\n",
       "    <tr>\n",
       "      <th>ECH_close</th>\n",
       "      <td>0.157240</td>\n",
       "      <td>1.000000</td>\n",
       "      <td>0.191477</td>\n",
       "      <td>0.786431</td>\n",
       "      <td>0.778093</td>\n",
       "      <td>0.366272</td>\n",
       "      <td>-0.556632</td>\n",
       "      <td>0.758533</td>\n",
       "      <td>-0.520340</td>\n",
       "      <td>0.762922</td>\n",
       "      <td>-0.086632</td>\n",
       "      <td>-0.367917</td>\n",
       "      <td>-0.680395</td>\n",
       "      <td>-0.009800</td>\n",
       "    </tr>\n",
       "    <tr>\n",
       "      <th>EEM_close</th>\n",
       "      <td>0.883982</td>\n",
       "      <td>0.191477</td>\n",
       "      <td>1.000000</td>\n",
       "      <td>0.165703</td>\n",
       "      <td>0.435626</td>\n",
       "      <td>0.884637</td>\n",
       "      <td>0.625057</td>\n",
       "      <td>0.368218</td>\n",
       "      <td>0.643927</td>\n",
       "      <td>0.588576</td>\n",
       "      <td>0.454928</td>\n",
       "      <td>0.781939</td>\n",
       "      <td>0.527079</td>\n",
       "      <td>0.564487</td>\n",
       "    </tr>\n",
       "    <tr>\n",
       "      <th>EIDO_close</th>\n",
       "      <td>0.211149</td>\n",
       "      <td>0.786431</td>\n",
       "      <td>0.165703</td>\n",
       "      <td>1.000000</td>\n",
       "      <td>0.734084</td>\n",
       "      <td>0.550606</td>\n",
       "      <td>-0.510272</td>\n",
       "      <td>0.675666</td>\n",
       "      <td>-0.426129</td>\n",
       "      <td>0.709913</td>\n",
       "      <td>-0.144392</td>\n",
       "      <td>-0.363611</td>\n",
       "      <td>-0.562644</td>\n",
       "      <td>0.233215</td>\n",
       "    </tr>\n",
       "    <tr>\n",
       "      <th>EPU_close</th>\n",
       "      <td>0.441180</td>\n",
       "      <td>0.778093</td>\n",
       "      <td>0.435626</td>\n",
       "      <td>0.734084</td>\n",
       "      <td>1.000000</td>\n",
       "      <td>0.504812</td>\n",
       "      <td>-0.253196</td>\n",
       "      <td>0.463676</td>\n",
       "      <td>-0.228331</td>\n",
       "      <td>0.650384</td>\n",
       "      <td>-0.063802</td>\n",
       "      <td>0.007682</td>\n",
       "      <td>-0.360564</td>\n",
       "      <td>0.302415</td>\n",
       "    </tr>\n",
       "    <tr>\n",
       "      <th>EWA_close</th>\n",
       "      <td>0.799323</td>\n",
       "      <td>0.366272</td>\n",
       "      <td>0.884637</td>\n",
       "      <td>0.550606</td>\n",
       "      <td>0.504812</td>\n",
       "      <td>1.000000</td>\n",
       "      <td>0.383381</td>\n",
       "      <td>0.529561</td>\n",
       "      <td>0.525165</td>\n",
       "      <td>0.766459</td>\n",
       "      <td>0.673185</td>\n",
       "      <td>0.148282</td>\n",
       "      <td>0.499018</td>\n",
       "      <td>0.485454</td>\n",
       "    </tr>\n",
       "    <tr>\n",
       "      <th>EWJ_close</th>\n",
       "      <td>0.841190</td>\n",
       "      <td>-0.556632</td>\n",
       "      <td>0.625057</td>\n",
       "      <td>-0.510272</td>\n",
       "      <td>-0.253196</td>\n",
       "      <td>0.383381</td>\n",
       "      <td>1.000000</td>\n",
       "      <td>0.012857</td>\n",
       "      <td>0.827329</td>\n",
       "      <td>0.154964</td>\n",
       "      <td>0.615395</td>\n",
       "      <td>0.835562</td>\n",
       "      <td>0.645229</td>\n",
       "      <td>0.599613</td>\n",
       "    </tr>\n",
       "    <tr>\n",
       "      <th>EWM_close</th>\n",
       "      <td>-0.021614</td>\n",
       "      <td>0.758533</td>\n",
       "      <td>0.368218</td>\n",
       "      <td>0.675666</td>\n",
       "      <td>0.463676</td>\n",
       "      <td>0.529561</td>\n",
       "      <td>0.012857</td>\n",
       "      <td>1.000000</td>\n",
       "      <td>-0.117313</td>\n",
       "      <td>0.715167</td>\n",
       "      <td>0.136288</td>\n",
       "      <td>-0.499532</td>\n",
       "      <td>-0.201209</td>\n",
       "      <td>-0.000540</td>\n",
       "    </tr>\n",
       "    <tr>\n",
       "      <th>EWT_close</th>\n",
       "      <td>0.618966</td>\n",
       "      <td>-0.520340</td>\n",
       "      <td>0.643927</td>\n",
       "      <td>-0.426129</td>\n",
       "      <td>-0.228331</td>\n",
       "      <td>0.525165</td>\n",
       "      <td>0.827329</td>\n",
       "      <td>-0.117313</td>\n",
       "      <td>1.000000</td>\n",
       "      <td>0.086592</td>\n",
       "      <td>0.340702</td>\n",
       "      <td>0.698923</td>\n",
       "      <td>0.934354</td>\n",
       "      <td>0.466302</td>\n",
       "    </tr>\n",
       "    <tr>\n",
       "      <th>EWZ_close</th>\n",
       "      <td>0.378182</td>\n",
       "      <td>0.762922</td>\n",
       "      <td>0.588576</td>\n",
       "      <td>0.709913</td>\n",
       "      <td>0.650384</td>\n",
       "      <td>0.766459</td>\n",
       "      <td>0.154964</td>\n",
       "      <td>0.715167</td>\n",
       "      <td>0.086592</td>\n",
       "      <td>1.000000</td>\n",
       "      <td>0.449493</td>\n",
       "      <td>-0.231396</td>\n",
       "      <td>-0.084640</td>\n",
       "      <td>-0.320743</td>\n",
       "    </tr>\n",
       "    <tr>\n",
       "      <th>FEZ_close</th>\n",
       "      <td>0.931206</td>\n",
       "      <td>-0.086632</td>\n",
       "      <td>0.454928</td>\n",
       "      <td>-0.144392</td>\n",
       "      <td>-0.063802</td>\n",
       "      <td>0.673185</td>\n",
       "      <td>0.615395</td>\n",
       "      <td>0.136288</td>\n",
       "      <td>0.340702</td>\n",
       "      <td>0.449493</td>\n",
       "      <td>1.000000</td>\n",
       "      <td>0.615306</td>\n",
       "      <td>0.161596</td>\n",
       "      <td>0.170920</td>\n",
       "    </tr>\n",
       "    <tr>\n",
       "      <th>MCHI_close</th>\n",
       "      <td>0.744894</td>\n",
       "      <td>-0.367917</td>\n",
       "      <td>0.781939</td>\n",
       "      <td>-0.363611</td>\n",
       "      <td>0.007682</td>\n",
       "      <td>0.148282</td>\n",
       "      <td>0.835562</td>\n",
       "      <td>-0.499532</td>\n",
       "      <td>0.698923</td>\n",
       "      <td>-0.231396</td>\n",
       "      <td>0.615306</td>\n",
       "      <td>1.000000</td>\n",
       "      <td>0.638369</td>\n",
       "      <td>0.415413</td>\n",
       "    </tr>\n",
       "    <tr>\n",
       "      <th>SPY_close</th>\n",
       "      <td>0.478476</td>\n",
       "      <td>-0.680395</td>\n",
       "      <td>0.527079</td>\n",
       "      <td>-0.562644</td>\n",
       "      <td>-0.360564</td>\n",
       "      <td>0.499018</td>\n",
       "      <td>0.645229</td>\n",
       "      <td>-0.201209</td>\n",
       "      <td>0.934354</td>\n",
       "      <td>-0.084640</td>\n",
       "      <td>0.161596</td>\n",
       "      <td>0.638369</td>\n",
       "      <td>1.000000</td>\n",
       "      <td>0.540174</td>\n",
       "    </tr>\n",
       "    <tr>\n",
       "      <th>THD_close</th>\n",
       "      <td>0.478882</td>\n",
       "      <td>-0.009800</td>\n",
       "      <td>0.564487</td>\n",
       "      <td>0.233215</td>\n",
       "      <td>0.302415</td>\n",
       "      <td>0.485454</td>\n",
       "      <td>0.599613</td>\n",
       "      <td>-0.000540</td>\n",
       "      <td>0.466302</td>\n",
       "      <td>-0.320743</td>\n",
       "      <td>0.170920</td>\n",
       "      <td>0.415413</td>\n",
       "      <td>0.540174</td>\n",
       "      <td>1.000000</td>\n",
       "    </tr>\n",
       "  </tbody>\n",
       "</table>\n",
       "</div>"
      ],
      "text/plain": [
       "            DAX_close  ECH_close  EEM_close  EIDO_close  EPU_close  EWA_close  \\\n",
       "DAX_close    1.000000   0.157240   0.883982    0.211149   0.441180   0.799323   \n",
       "ECH_close    0.157240   1.000000   0.191477    0.786431   0.778093   0.366272   \n",
       "EEM_close    0.883982   0.191477   1.000000    0.165703   0.435626   0.884637   \n",
       "EIDO_close   0.211149   0.786431   0.165703    1.000000   0.734084   0.550606   \n",
       "EPU_close    0.441180   0.778093   0.435626    0.734084   1.000000   0.504812   \n",
       "EWA_close    0.799323   0.366272   0.884637    0.550606   0.504812   1.000000   \n",
       "EWJ_close    0.841190  -0.556632   0.625057   -0.510272  -0.253196   0.383381   \n",
       "EWM_close   -0.021614   0.758533   0.368218    0.675666   0.463676   0.529561   \n",
       "EWT_close    0.618966  -0.520340   0.643927   -0.426129  -0.228331   0.525165   \n",
       "EWZ_close    0.378182   0.762922   0.588576    0.709913   0.650384   0.766459   \n",
       "FEZ_close    0.931206  -0.086632   0.454928   -0.144392  -0.063802   0.673185   \n",
       "MCHI_close   0.744894  -0.367917   0.781939   -0.363611   0.007682   0.148282   \n",
       "SPY_close    0.478476  -0.680395   0.527079   -0.562644  -0.360564   0.499018   \n",
       "THD_close    0.478882  -0.009800   0.564487    0.233215   0.302415   0.485454   \n",
       "\n",
       "            EWJ_close  EWM_close  EWT_close  EWZ_close  FEZ_close  MCHI_close  \\\n",
       "DAX_close    0.841190  -0.021614   0.618966   0.378182   0.931206    0.744894   \n",
       "ECH_close   -0.556632   0.758533  -0.520340   0.762922  -0.086632   -0.367917   \n",
       "EEM_close    0.625057   0.368218   0.643927   0.588576   0.454928    0.781939   \n",
       "EIDO_close  -0.510272   0.675666  -0.426129   0.709913  -0.144392   -0.363611   \n",
       "EPU_close   -0.253196   0.463676  -0.228331   0.650384  -0.063802    0.007682   \n",
       "EWA_close    0.383381   0.529561   0.525165   0.766459   0.673185    0.148282   \n",
       "EWJ_close    1.000000   0.012857   0.827329   0.154964   0.615395    0.835562   \n",
       "EWM_close    0.012857   1.000000  -0.117313   0.715167   0.136288   -0.499532   \n",
       "EWT_close    0.827329  -0.117313   1.000000   0.086592   0.340702    0.698923   \n",
       "EWZ_close    0.154964   0.715167   0.086592   1.000000   0.449493   -0.231396   \n",
       "FEZ_close    0.615395   0.136288   0.340702   0.449493   1.000000    0.615306   \n",
       "MCHI_close   0.835562  -0.499532   0.698923  -0.231396   0.615306    1.000000   \n",
       "SPY_close    0.645229  -0.201209   0.934354  -0.084640   0.161596    0.638369   \n",
       "THD_close    0.599613  -0.000540   0.466302  -0.320743   0.170920    0.415413   \n",
       "\n",
       "            SPY_close  THD_close  \n",
       "DAX_close    0.478476   0.478882  \n",
       "ECH_close   -0.680395  -0.009800  \n",
       "EEM_close    0.527079   0.564487  \n",
       "EIDO_close  -0.562644   0.233215  \n",
       "EPU_close   -0.360564   0.302415  \n",
       "EWA_close    0.499018   0.485454  \n",
       "EWJ_close    0.645229   0.599613  \n",
       "EWM_close   -0.201209  -0.000540  \n",
       "EWT_close    0.934354   0.466302  \n",
       "EWZ_close   -0.084640  -0.320743  \n",
       "FEZ_close    0.161596   0.170920  \n",
       "MCHI_close   0.638369   0.415413  \n",
       "SPY_close    1.000000   0.540174  \n",
       "THD_close    0.540174   1.000000  "
      ]
     },
     "execution_count": 21,
     "metadata": {},
     "output_type": "execute_result"
    }
   ],
   "source": [
    "df2.corr()"
   ]
  }
 ],
 "metadata": {
  "kernelspec": {
   "display_name": "airflow-env",
   "language": "python",
   "name": "python3"
  },
  "language_info": {
   "codemirror_mode": {
    "name": "ipython",
    "version": 3
   },
   "file_extension": ".py",
   "mimetype": "text/x-python",
   "name": "python",
   "nbconvert_exporter": "python",
   "pygments_lexer": "ipython3",
   "version": "3.7.13"
  },
  "orig_nbformat": 4
 },
 "nbformat": 4,
 "nbformat_minor": 2
}
