time,open,high,low,close,Commercials long,Commercials short,Commercials net,Large Speculators long,Large Speculators short,Large Speculators net,Small Speculators long,Small Speculators short,Small Speculators net,MA,Smoothing Line,Volume,Volume MA,OI,Commercials long,Commercials short,Commercials net,Large Speculators long,Large Speculators short,Large Speculators net,Small Speculators long,Small Speculators short,Small Speculators net
1998-07-12T22:00:00Z,5.31,5.405,5.235,5.333,16304,-50680,-34376,29066,-11041,18025,28410,-12059,16351,NaN,NaN,NaN,NaN,75445,16304,-50680,-34376,29066,-11041,18025,28410,-12059,16351
1998-07-13T22:00:00Z,5.335,5.385,5.285,5.325,17202,-53218,-36016,29569,-10769,18800,27771,-10555,17216,NaN,NaN,NaN,NaN,76839,17202,-53218,-36016,29569,-10769,18800,27771,-10555,17216
1998-07-14T22:00:00Z,5.34,5.36,5.29,5.343,17202,-53218,-36016,29569,-10769,18800,27771,-10555,17216,NaN,NaN,NaN,NaN,76839,17202,-53218,-36016,29569,-10769,18800,27771,-10555,17216
1998-07-15T22:00:00Z,5.35,5.42,5.295,5.34,17202,-53218,-36016,29569,-10769,18800,27771,-10555,17216,NaN,NaN,NaN,NaN,76839,17202,-53218,-36016,29569,-10769,18800,27771,-10555,17216
1998-07-16T22:00:00Z,5.335,5.395,5.285,5.373,17202,-53218,-36016,29569,-10769,18800,27771,-10555,17216,NaN,NaN,NaN,NaN,76839,17202,-53218,-36016,29569,-10769,18800,27771,-10555,17216
1998-07-19T22:00:00Z,5.375,5.475,5.375,5.47,17202,-53218,-36016,29569,-10769,18800,27771,-10555,17216,NaN,NaN,NaN,NaN,76839,17202,-53218,-36016,29569,-10769,18800,27771,-10555,17216
1998-07-20T22:00:00Z,5.47,5.575,5.405,5.54,18118,-56908,-38790,32248,-9965,22283,28743,-12236,16507,NaN,NaN,NaN,NaN,81787,18118,-56908,-38790,32248,-9965,22283,28743,-12236,16507
1998-07-21T22:00:00Z,5.54,5.71,5.525,5.66,18118,-56908,-38790,32248,-9965,22283,28743,-12236,16507,NaN,NaN,NaN,NaN,81787,18118,-56908,-38790,32248,-9965,22283,28743,-12236,16507
1998-07-22T22:00:00Z,5.67,5.85,5.645,5.802,18118,-56908,-38790,32248,-9965,22283,28743,-12236,16507,NaN,NaN,NaN,NaN,81787,18118,-56908,-38790,32248,-9965,22283,28743,-12236,16507
1998-07-23T22:00:00Z,5.84,5.885,5.635,5.707,18118,-56908,-38790,32248,-9965,22283,28743,-12236,16507,NaN,NaN,NaN,NaN,81787,18118,-56908,-38790,32248,-9965,22283,28743,-12236,16507
1998-07-26T22:00:00Z,5.71,5.72,5.61,5.65,18118,-56908,-38790,32248,-9965,22283,28743,-12236,16507,NaN,NaN,NaN,NaN,81787,18118,-56908,-38790,32248,-9965,22283,28743,-12236,16507
1998-07-27T22:00:00Z,5.655,5.705,5.615,5.67,14462,-63694,-49232,32914,-2247,30667,30318,-11753,18565,NaN,NaN,NaN,NaN,80261,14462,-63694,-49232,32914,-2247,30667,30318,-11753,18565
1998-07-28T22:00:00Z,5.68,5.75,5.58,5.593,14462,-63694,-49232,32914,-2247,30667,30318,-11753,18565,NaN,NaN,NaN,NaN,80261,14462,-63694,-49232,32914,-2247,30667,30318,-11753,18565
1998-07-29T22:00:00Z,5.59,5.6,5.48,5.515,14462,-63694,-49232,32914,-2247,30667,30318,-11753,18565,NaN,NaN,NaN,NaN,80261,14462,-63694,-49232,32914,-2247,30667,30318,-11753,18565
1998-07-30T22:00:00Z,5.52,5.54,5.425,5.458,14462,-63694,-49232,32914,-2247,30667,30318,-11753,18565,NaN,NaN,NaN,NaN,80261,14462,-63694,-49232,32914,-2247,30667,30318,-11753,18565
1998-08-02T22:00:00Z,5.46,5.485,5.355,5.36,14462,-63694,-49232,32914,-2247,30667,30318,-11753,18565,NaN,NaN,NaN,NaN,80261,14462,-63694,-49232,32914,-2247,30667,30318,-11753,18565
1998-08-03T22:00:00Z,5.365,5.48,5.35,5.453,15399,-63510,-48111,33391,-3512,29879,29674,-11442,18232,NaN,NaN,NaN,NaN,81012,15399,-63510,-48111,33391,-3512,29879,29674,-11442,18232
1998-08-04T22:00:00Z,5.45,5.5,5.385,5.405,15399,-63510,-48111,33391,-3512,29879,29674,-11442,18232,NaN,NaN,NaN,NaN,81012,15399,-63510,-48111,33391,-3512,29879,29674,-11442,18232
1998-08-05T22:00:00Z,5.41,5.48,5.395,5.43,15399,-63510,-48111,33391,-3512,29879,29674,-11442,18232,NaN,NaN,NaN,NaN,81012,15399,-63510,-48111,33391,-3512,29879,29674,-11442,18232
1998-08-06T22:00:00Z,5.43,5.45,5.265,5.273,15399,-63510,-48111,33391,-3512,29879,29674,-11442,18232,NaN,NaN,NaN,NaN,81012,15399,-63510,-48111,33391,-3512,29879,29674,-11442,18232
1998-08-09T22:00:00Z,5.275,5.325,5.265,5.31,15399,-63510,-48111,33391,-3512,29879,29674,-11442,18232,NaN,NaN,NaN,NaN,81012,15399,-63510,-48111,33391,-3512,29879,29674,-11442,18232
1998-08-10T22:00:00Z,5.32,5.335,5.14,5.178,18208,-59727,-41519,32264,-6483,25781,29273,-13535,15738,NaN,NaN,NaN,NaN,82378,18208,-59727,-41519,32264,-6483,25781,29273,-13535,15738
1998-08-11T22:00:00Z,5.17,5.25,5.12,5.14,18208,-59727,-41519,32264,-6483,25781,29273,-13535,15738,NaN,NaN,NaN,NaN,82378,18208,-59727,-41519,32264,-6483,25781,29273,-13535,15738
1998-08-12T22:00:00Z,5.15,5.2,5.04,5.188,18208,-59727,-41519,32264,-6483,25781,29273,-13535,15738,NaN,NaN,NaN,NaN,82378,18208,-59727,-41519,32264,-6483,25781,29273,-13535,15738
1998-08-13T22:00:00Z,5.18,5.2,5.1,5.15,18208,-59727,-41519,32264,-6483,25781,29273,-13535,15738,NaN,NaN,NaN,NaN,82378,18208,-59727,-41519,32264,-6483,25781,29273,-13535,15738
1998-08-16T22:00:00Z,5.165,5.165,5.03,5.11,18208,-59727,-41519,32264,-6483,25781,29273,-13535,15738,NaN,NaN,NaN,NaN,82378,18208,-59727,-41519,32264,-6483,25781,29273,-13535,15738
1998-08-17T22:00:00Z,5.12,5.12,5.04,5.07,20068,-54411,-34343,31039,-12433,18606,30226,-14489,15737,NaN,NaN,NaN,NaN,83930,20068,-54411,-34343,31039,-12433,18606,30226,-14489,15737
1998-08-18T22:00:00Z,5.07,5.12,5.04,5.068,20068,-54411,-34343,31039,-12433,18606,30226,-14489,15737,NaN,NaN,NaN,NaN,83930,20068,-54411,-34343,31039,-12433,18606,30226,-14489,15737
1998-08-19T22:00:00Z,5.065,5.18,5.045,5.145,20068,-54411,-34343,31039,-12433,18606,30226,-14489,15737,NaN,NaN,NaN,NaN,83930,20068,-54411,-34343,31039,-12433,18606,30226,-14489,15737
1998-08-23T22:00:00Z,5.175,5.175,5.12,5.125,20068,-54411,-34343,31039,-12433,18606,30226,-14489,15737,NaN,NaN,NaN,NaN,83930,20068,-54411,-34343,31039,-12433,18606,30226,-14489,15737
1998-08-24T22:00:00Z,5.125,5.13,4.99,5.01,19404,-51158,-31754,31874,-14672,17202,30277,-15725,14552,NaN,NaN,NaN,NaN,83468,19404,-51158,-31754,31874,-14672,17202,30277,-15725,14552
1998-08-25T22:00:00Z,5.01,5.085,4.895,4.965,19404,-51158,-31754,31874,-14672,17202,30277,-15725,14552,NaN,NaN,NaN,NaN,83468,19404,-51158,-31754,31874,-14672,17202,30277,-15725,14552
1998-08-26T22:00:00Z,4.96,4.985,4.84,4.855,19404,-51158,-31754,31874,-14672,17202,30277,-15725,14552,NaN,NaN,NaN,NaN,83468,19404,-51158,-31754,31874,-14672,17202,30277,-15725,14552
1998-08-27T22:00:00Z,4.9,4.935,4.675,4.695,19404,-51158,-31754,31874,-14672,17202,30277,-15725,14552,NaN,NaN,NaN,NaN,83468,19404,-51158,-31754,31874,-14672,17202,30277,-15725,14552
1998-08-30T22:00:00Z,4.705,4.78,4.67,4.678,19404,-51158,-31754,31874,-14672,17202,30277,-15725,14552,NaN,NaN,NaN,NaN,83468,19404,-51158,-31754,31874,-14672,17202,30277,-15725,14552
1998-08-31T22:00:00Z,4.68,4.885,4.605,4.79,18685,-41554,-22869,30157,-21464,8693,28497,-14321,14176,NaN,NaN,NaN,NaN,79403,18685,-41554,-22869,30157,-21464,8693,28497,-14321,14176
1998-09-01T22:00:00Z,4.79,4.885,4.79,4.84,18685,-41554,-22869,30157,-21464,8693,28497,-14321,14176,NaN,NaN,NaN,NaN,79403,18685,-41554,-22869,30157,-21464,8693,28497,-14321,14176
1998-09-02T22:00:00Z,4.84,5,4.75,4.95,18685,-41554,-22869,30157,-21464,8693,28497,-14321,14176,NaN,NaN,NaN,NaN,79403,18685,-41554,-22869,30157,-21464,8693,28497,-14321,14176
1998-09-03T22:00:00Z,4.96,5.06,4.93,5.03,18685,-41554,-22869,30157,-21464,8693,28497,-14321,14176,NaN,NaN,NaN,NaN,79403,18685,-41554,-22869,30157,-21464,8693,28497,-14321,14176
1998-09-07T22:00:00Z,5.04,5.055,4.86,4.913,16247,-39909,-23662,30026,-20847,9179,28513,-14030,14483,NaN,NaN,NaN,NaN,76854,16247,-39909,-23662,30026,-20847,9179,28513,-14030,14483
1998-09-08T22:00:00Z,4.91,4.985,4.855,4.95,16247,-39909,-23662,30026,-20847,9179,28513,-14030,14483,NaN,NaN,NaN,NaN,76854,16247,-39909,-23662,30026,-20847,9179,28513,-14030,14483
1998-09-09T22:00:00Z,4.95,5.11,4.94,5.05,16247,-39909,-23662,30026,-20847,9179,28513,-14030,14483,NaN,NaN,NaN,NaN,76854,16247,-39909,-23662,30026,-20847,9179,28513,-14030,14483
1998-09-10T22:00:00Z,5.05,5.15,4.935,5.025,16247,-39909,-23662,30026,-20847,9179,28513,-14030,14483,NaN,NaN,NaN,NaN,76854,16247,-39909,-23662,30026,-20847,9179,28513,-14030,14483
1998-09-13T22:00:00Z,5.005,5.03,4.94,4.96,16247,-39909,-23662,30026,-20847,9179,28513,-14030,14483,NaN,NaN,NaN,NaN,76854,16247,-39909,-23662,30026,-20847,9179,28513,-14030,14483
1998-09-15T22:00:00Z,4.94,5.005,4.91,4.92,12460,-39265,-26805,29339,-18476,10863,28943,-13001,15942,NaN,NaN,NaN,NaN,72989,12460,-39265,-26805,29339,-18476,10863,28943,-13001,15942
1998-09-16T22:00:00Z,4.92,5.02,4.905,4.985,12460,-39265,-26805,29339,-18476,10863,28943,-13001,15942,NaN,NaN,NaN,NaN,72989,12460,-39265,-26805,29339,-18476,10863,28943,-13001,15942
1998-09-17T22:00:00Z,5,5.01,4.94,4.975,12460,-39265,-26805,29339,-18476,10863,28943,-13001,15942,NaN,NaN,NaN,NaN,72989,12460,-39265,-26805,29339,-18476,10863,28943,-13001,15942
1998-09-20T22:00:00Z,4.985,5.055,4.84,4.855,12460,-39265,-26805,29339,-18476,10863,28943,-13001,15942,NaN,NaN,NaN,NaN,72989,12460,-39265,-26805,29339,-18476,10863,28943,-13001,15942
1998-09-21T22:00:00Z,4.87,4.925,4.865,4.89,12875,-38840,-25965,30608,-18436,12172,28410,-14617,13793,NaN,NaN,NaN,NaN,74894,12875,-38840,-25965,30608,-18436,12172,28410,-14617,13793
1998-09-22T22:00:00Z,4.89,5.07,4.88,5.043,12875,-38840,-25965,30608,-18436,12172,28410,-14617,13793,NaN,NaN,NaN,NaN,74894,12875,-38840,-25965,30608,-18436,12172,28410,-14617,13793
1998-09-23T22:00:00Z,5.05,5.175,5.025,5.153,12875,-38840,-25965,30608,-18436,12172,28410,-14617,13793,NaN,NaN,NaN,NaN,74894,12875,-38840,-25965,30608,-18436,12172,28410,-14617,13793
1998-09-24T22:00:00Z,5.16,5.25,5.145,5.168,12875,-38840,-25965,30608,-18436,12172,28410,-14617,13793,NaN,NaN,NaN,NaN,74894,12875,-38840,-25965,30608,-18436,12172,28410,-14617,13793
1998-09-27T22:00:00Z,5.21,5.3,5.12,5.29,12875,-38840,-25965,30608,-18436,12172,28410,-14617,13793,NaN,NaN,NaN,NaN,74894,12875,-38840,-25965,30608,-18436,12172,28410,-14617,13793
1998-09-28T22:00:00Z,5.29,5.4,5.28,5.36,9978,-49115,-39137,31316,-7307,24009,28353,-13225,15128,NaN,NaN,NaN,NaN,72508,9978,-49115,-39137,31316,-7307,24009,28353,-13225,15128
1998-09-29T22:00:00Z,5.36,5.4,5.24,5.36,9978,-49115,-39137,31316,-7307,24009,28353,-13225,15128,NaN,NaN,NaN,NaN,72508,9978,-49115,-39137,31316,-7307,24009,28353,-13225,15128
1998-09-30T22:00:00Z,5.36,5.475,5.28,5.295,9978,-49115,-39137,31316,-7307,24009,28353,-13225,15128,NaN,NaN,NaN,NaN,72508,9978,-49115,-39137,31316,-7307,24009,28353,-13225,15128
1998-10-01T22:00:00Z,5.295,5.345,5.195,5.207,9978,-49115,-39137,31316,-7307,24009,28353,-13225,15128,NaN,NaN,NaN,NaN,72508,9978,-49115,-39137,31316,-7307,24009,28353,-13225,15128
1998-10-04T22:00:00Z,5.2,5.23,5.055,5.065,9978,-49115,-39137,31316,-7307,24009,28353,-13225,15128,NaN,NaN,NaN,NaN,72508,9978,-49115,-39137,31316,-7307,24009,28353,-13225,15128
1998-10-05T22:00:00Z,5.07,5.12,5.05,5.09,11027,-50040,-39013,29448,-6245,23203,28846,-13036,15810,NaN,NaN,NaN,NaN,72198,11027,-50040,-39013,29448,-6245,23203,28846,-13036,15810
1998-10-06T22:00:00Z,5.1,5.165,5.03,5.137,11027,-50040,-39013,29448,-6245,23203,28846,-13036,15810,NaN,NaN,NaN,NaN,72198,11027,-50040,-39013,29448,-6245,23203,28846,-13036,15810
1998-10-07T22:00:00Z,5.15,5.23,4.95,4.997,11027,-50040,-39013,29448,-6245,23203,28846,-13036,15810,NaN,NaN,NaN,NaN,72198,11027,-50040,-39013,29448,-6245,23203,28846,-13036,15810
1998-10-11T22:00:00Z,4.835,4.89,4.81,4.838,11027,-50040,-39013,29448,-6245,23203,28846,-13036,15810,NaN,NaN,NaN,NaN,72198,11027,-50040,-39013,29448,-6245,23203,28846,-13036,15810
1998-10-12T22:00:00Z,4.84,4.88,4.82,4.84,12012,-47023,-35011,28426,-10540,17886,30097,-12972,17125,NaN,NaN,NaN,NaN,74184,12012,-47023,-35011,28426,-10540,17886,30097,-12972,17125
1998-10-13T22:00:00Z,4.835,4.865,4.79,4.83,12012,-47023,-35011,28426,-10540,17886,30097,-12972,17125,NaN,NaN,NaN,NaN,74184,12012,-47023,-35011,28426,-10540,17886,30097,-12972,17125
1998-10-14T22:00:00Z,4.845,4.935,4.765,4.895,12012,-47023,-35011,28426,-10540,17886,30097,-12972,17125,NaN,NaN,NaN,NaN,74184,12012,-47023,-35011,28426,-10540,17886,30097,-12972,17125
1998-10-15T22:00:00Z,4.915,4.99,4.83,4.95,12012,-47023,-35011,28426,-10540,17886,30097,-12972,17125,NaN,NaN,NaN,NaN,74184,12012,-47023,-35011,28426,-10540,17886,30097,-12972,17125
1998-10-18T22:00:00Z,4.935,4.95,4.88,4.885,12012,-47023,-35011,28426,-10540,17886,30097,-12972,17125,NaN,NaN,NaN,NaN,74184,12012,-47023,-35011,28426,-10540,17886,30097,-12972,17125
1998-10-19T22:00:00Z,4.89,4.92,4.84,4.885,12727,-46752,-34025,28789,-10973,17816,29207,-12998,16209,NaN,NaN,NaN,NaN,74847,12727,-46752,-34025,28789,-10973,17816,29207,-12998,16209
1998-10-20T22:00:00Z,4.88,4.94,4.865,4.885,12727,-46752,-34025,28789,-10973,17816,29207,-12998,16209,NaN,NaN,NaN,NaN,74847,12727,-46752,-34025,28789,-10973,17816,29207,-12998,16209
1998-10-21T22:00:00Z,4.89,4.895,4.835,4.883,12727,-46752,-34025,28789,-10973,17816,29207,-12998,16209,NaN,NaN,NaN,NaN,74847,12727,-46752,-34025,28789,-10973,17816,29207,-12998,16209
1998-10-22T22:00:00Z,4.885,4.91,4.855,4.875,12727,-46752,-34025,28789,-10973,17816,29207,-12998,16209,NaN,NaN,NaN,NaN,74847,12727,-46752,-34025,28789,-10973,17816,29207,-12998,16209
1998-10-25T23:00:00Z,4.87,5,4.82,4.983,12727,-46752,-34025,28789,-10973,17816,29207,-12998,16209,NaN,NaN,NaN,NaN,74847,12727,-46752,-34025,28789,-10973,17816,29207,-12998,16209
1998-10-26T23:00:00Z,4.98,5.03,4.915,4.945,12840,-47228,-34388,28808,-11440,17368,30368,-13348,17020,NaN,NaN,NaN,NaN,76173,12840,-47228,-34388,28808,-11440,17368,30368,-13348,17020
1998-10-27T23:00:00Z,4.945,5.11,4.945,5.048,12840,-47228,-34388,28808,-11440,17368,30368,-13348,17020,NaN,NaN,NaN,NaN,76173,12840,-47228,-34388,28808,-11440,17368,30368,-13348,17020
1998-10-28T23:00:00Z,5.05,5.13,5.02,5.075,12840,-47228,-34388,28808,-11440,17368,30368,-13348,17020,NaN,NaN,NaN,NaN,76173,12840,-47228,-34388,28808,-11440,17368,30368,-13348,17020
1998-10-29T23:00:00Z,5.075,5.09,5.02,5.043,12840,-47228,-34388,28808,-11440,17368,30368,-13348,17020,NaN,NaN,NaN,NaN,76173,12840,-47228,-34388,28808,-11440,17368,30368,-13348,17020
1998-11-01T23:00:00Z,5.05,5.07,4.995,5.03,12840,-47228,-34388,28808,-11440,17368,30368,-13348,17020,NaN,NaN,NaN,NaN,76173,12840,-47228,-34388,28808,-11440,17368,30368,-13348,17020
1998-11-02T23:00:00Z,5.03,5.03,4.86,4.92,12371,-46302,-33931,28055,-9397,18658,29336,-14063,15273,NaN,NaN,NaN,NaN,74429,12371,-46302,-33931,28055,-9397,18658,29336,-14063,15273
1998-11-04T23:00:00Z,4.93,5.055,4.93,5.045,12371,-46302,-33931,28055,-9397,18658,29336,-14063,15273,NaN,NaN,NaN,NaN,74429,12371,-46302,-33931,28055,-9397,18658,29336,-14063,15273
1998-11-05T23:00:00Z,5.045,5.085,4.99,5.01,12371,-46302,-33931,28055,-9397,18658,29336,-14063,15273,NaN,NaN,NaN,NaN,74429,12371,-46302,-33931,28055,-9397,18658,29336,-14063,15273
1998-11-08T23:00:00Z,5,5.05,4.975,5.035,12371,-46302,-33931,28055,-9397,18658,29336,-14063,15273,NaN,NaN,NaN,NaN,74429,12371,-46302,-33931,28055,-9397,18658,29336,-14063,15273
1998-11-09T23:00:00Z,5.04,5.045,4.975,4.993,12903,-49696,-36793,28143,-7831,20312,29328,-12847,16481,NaN,NaN,NaN,NaN,75074,12903,-49696,-36793,28143,-7831,20312,29328,-12847,16481
1998-11-10T23:00:00Z,4.99,5.015,4.975,5,12903,-49696,-36793,28143,-7831,20312,29328,-12847,16481,NaN,NaN,NaN,NaN,75074,12903,-49696,-36793,28143,-7831,20312,29328,-12847,16481
1998-11-11T23:00:00Z,5,5.15,4.98,5.133,12903,-49696,-36793,28143,-7831,20312,29328,-12847,16481,NaN,NaN,NaN,NaN,75074,12903,-49696,-36793,28143,-7831,20312,29328,-12847,16481
1998-11-12T23:00:00Z,5.135,5.15,5.005,5.025,12903,-49696,-36793,28143,-7831,20312,29328,-12847,16481,NaN,NaN,NaN,NaN,75074,12903,-49696,-36793,28143,-7831,20312,29328,-12847,16481
1998-11-15T23:00:00Z,5.01,5.05,4.895,4.927,12903,-49696,-36793,28143,-7831,20312,29328,-12847,16481,NaN,NaN,NaN,NaN,75074,12903,-49696,-36793,28143,-7831,20312,29328,-12847,16481
1998-11-16T23:00:00Z,4.935,4.96,4.905,4.927,16226,-52125,-35899,27325,-8319,19006,29214,-12321,16893,NaN,NaN,NaN,NaN,77804,16226,-52125,-35899,27325,-8319,19006,29214,-12321,16893
1998-11-17T23:00:00Z,4.915,5.005,4.915,4.972,16226,-52125,-35899,27325,-8319,19006,29214,-12321,16893,NaN,NaN,NaN,NaN,77804,16226,-52125,-35899,27325,-8319,19006,29214,-12321,16893
1998-11-18T23:00:00Z,4.965,5.01,4.94,4.95,16226,-52125,-35899,27325,-8319,19006,29214,-12321,16893,NaN,NaN,NaN,NaN,77804,16226,-52125,-35899,27325,-8319,19006,29214,-12321,16893
1998-11-19T23:00:00Z,4.95,4.965,4.85,4.89,16226,-52125,-35899,27325,-8319,19006,29214,-12321,16893,NaN,NaN,NaN,NaN,77804,16226,-52125,-35899,27325,-8319,19006,29214,-12321,16893
1998-11-22T23:00:00Z,4.9,4.91,4.865,4.892,16226,-52125,-35899,27325,-8319,19006,29214,-12321,16893,NaN,NaN,NaN,NaN,77804,16226,-52125,-35899,27325,-8319,19006,29214,-12321,16893
1998-11-24T23:00:00Z,4.88,4.985,4.87,4.901,16531,-46883,-30352,26256,-11885,14371,29042,-13061,15981,NaN,NaN,NaN,NaN,76932,16531,-46883,-30352,26256,-11885,14371,29042,-13061,15981
1998-11-29T23:00:00Z,4.95,4.995,4.865,4.885,16531,-46883,-30352,26256,-11885,14371,29042,-13061,15981,NaN,NaN,NaN,NaN,76932,16531,-46883,-30352,26256,-11885,14371,29042,-13061,15981
1998-11-30T23:00:00Z,4.9,4.94,4.875,4.91,16248,-45588,-29340,28329,-12850,15479,26969,-13108,13861,NaN,NaN,NaN,NaN,74764,16248,-45588,-29340,28329,-12850,15479,26969,-13108,13861
1998-12-01T23:00:00Z,4.905,4.91,4.71,4.72,16248,-45588,-29340,28329,-12850,15479,26969,-13108,13861,NaN,NaN,NaN,NaN,74764,16248,-45588,-29340,28329,-12850,15479,26969,-13108,13861
1998-12-02T23:00:00Z,4.74,4.8,4.585,4.795,16248,-45588,-29340,28329,-12850,15479,26969,-13108,13861,NaN,NaN,NaN,NaN,74764,16248,-45588,-29340,28329,-12850,15479,26969,-13108,13861
1998-12-03T23:00:00Z,4.79,4.875,4.775,4.787,16248,-45588,-29340,28329,-12850,15479,26969,-13108,13861,NaN,NaN,NaN,NaN,74764,16248,-45588,-29340,28329,-12850,15479,26969,-13108,13861
1998-12-06T23:00:00Z,4.79,4.85,4.76,4.808,16248,-45588,-29340,28329,-12850,15479,26969,-13108,13861,NaN,NaN,NaN,NaN,74764,16248,-45588,-29340,28329,-12850,15479,26969,-13108,13861
1998-12-07T23:00:00Z,4.8,4.86,4.76,4.805,23343,-43427,-20084,28158,-21298,6860,28128,-14904,13224,NaN,NaN,NaN,NaN,82305,23343,-43427,-20084,28158,-21298,6860,28128,-14904,13224
1998-12-08T23:00:00Z,4.805,4.865,4.785,4.79,23343,-43427,-20084,28158,-21298,6860,28128,-14904,13224,NaN,NaN,NaN,NaN,82305,23343,-43427,-20084,28158,-21298,6860,28128,-14904,13224
1998-12-09T23:00:00Z,4.795,4.86,4.79,4.81,23343,-43427,-20084,28158,-21298,6860,28128,-14904,13224,NaN,NaN,NaN,NaN,82305,23343,-43427,-20084,28158,-21298,6860,28128,-14904,13224
1998-12-10T23:00:00Z,4.825,4.84,4.72,4.8,23343,-43427,-20084,28158,-21298,6860,28128,-14904,13224,NaN,NaN,NaN,NaN,82305,23343,-43427,-20084,28158,-21298,6860,28128,-14904,13224
1998-12-13T23:00:00Z,4.805,4.93,4.79,4.892,23343,-43427,-20084,28158,-21298,6860,28128,-14904,13224,NaN,NaN,NaN,NaN,82305,23343,-43427,-20084,28158,-21298,6860,28128,-14904,13224
1998-12-14T23:00:00Z,4.895,4.92,4.875,4.892,22226,-42980,-20754,27150,-19953,7197,28052,-14495,13557,NaN,NaN,NaN,NaN,80768,22226,-42980,-20754,27150,-19953,7197,28052,-14495,13557
1998-12-15T23:00:00Z,4.9,5.08,4.9,5.075,22226,-42980,-20754,27150,-19953,7197,28052,-14495,13557,NaN,NaN,NaN,NaN,80768,22226,-42980,-20754,27150,-19953,7197,28052,-14495,13557
1998-12-16T23:00:00Z,5.07,5.11,4.895,4.96,22226,-42980,-20754,27150,-19953,7197,28052,-14495,13557,NaN,NaN,NaN,NaN,80768,22226,-42980,-20754,27150,-19953,7197,28052,-14495,13557
1998-12-17T23:00:00Z,4.96,5,4.92,4.947,22226,-42980,-20754,27150,-19953,7197,28052,-14495,13557,NaN,NaN,NaN,NaN,80768,22226,-42980,-20754,27150,-19953,7197,28052,-14495,13557
1998-12-20T23:00:00Z,4.98,4.98,4.895,4.905,22226,-42980,-20754,27150,-19953,7197,28052,-14495,13557,NaN,NaN,NaN,NaN,80768,22226,-42980,-20754,27150,-19953,7197,28052,-14495,13557
1998-12-21T23:00:00Z,4.915,4.96,4.88,4.918,19738,-45906,-26168,27868,-14689,13179,25393,-12404,12989,NaN,NaN,NaN,NaN,76273,19738,-45906,-26168,27868,-14689,13179,25393,-12404,12989
1998-12-22T23:00:00Z,4.925,4.93,4.84,4.903,19738,-45906,-26168,27868,-14689,13179,25393,-12404,12989,NaN,NaN,NaN,NaN,76273,19738,-45906,-26168,27868,-14689,13179,25393,-12404,12989
1998-12-23T23:00:00Z,4.91,4.945,4.905,4.93,19738,-45906,-26168,27868,-14689,13179,25393,-12404,12989,NaN,NaN,NaN,NaN,76273,19738,-45906,-26168,27868,-14689,13179,25393,-12404,12989
1998-12-27T23:00:00Z,4.925,4.945,4.915,4.935,19738,-45906,-26168,27868,-14689,13179,25393,-12404,12989,NaN,NaN,NaN,NaN,76273,19738,-45906,-26168,27868,-14689,13179,25393,-12404,12989
1998-12-28T23:00:00Z,4.935,5.055,4.92,5.035,18211,-46018,-27807,28994,-14744,14250,25484,-11927,13557,NaN,NaN,NaN,NaN,75987,18211,-46018,-27807,28994,-14744,14250,25484,-11927,13557
1998-12-29T23:00:00Z,5.03,5.095,4.995,5.035,18211,-46018,-27807,28994,-14744,14250,25484,-11927,13557,NaN,NaN,NaN,NaN,75987,18211,-46018,-27807,28994,-14744,14250,25484,-11927,13557
1998-12-30T23:00:00Z,5.035,5.065,5.005,5.02,18211,-46018,-27807,28994,-14744,14250,25484,-11927,13557,NaN,NaN,NaN,NaN,75987,18211,-46018,-27807,28994,-14744,14250,25484,-11927,13557
1999-01-03T23:00:00Z,5.03,5.04,4.86,4.94,18211,-46018,-27807,28994,-14744,14250,25484,-11927,13557,NaN,NaN,NaN,NaN,75987,18211,-46018,-27807,28994,-14744,14250,25484,-11927,13557
1999-01-04T23:00:00Z,4.925,5.06,4.9,5.042,17494,-46256,-28762,29939,-13288,16651,25100,-12989,12111,NaN,NaN,NaN,NaN,76063,17494,-46256,-28762,29939,-13288,16651,25100,-12989,12111
1999-01-05T23:00:00Z,5.04,5.24,5.04,5.165,17494,-46256,-28762,29939,-13288,16651,25100,-12989,12111,NaN,NaN,NaN,NaN,76063,17494,-46256,-28762,29939,-13288,16651,25100,-12989,12111
1999-01-06T23:00:00Z,5.16,5.35,5.15,5.24,17494,-46256,-28762,29939,-13288,16651,25100,-12989,12111,NaN,NaN,NaN,NaN,76063,17494,-46256,-28762,29939,-13288,16651,25100,-12989,12111
1999-01-07T23:00:00Z,5.235,5.305,5.175,5.288,17494,-46256,-28762,29939,-13288,16651,25100,-12989,12111,NaN,NaN,NaN,NaN,76063,17494,-46256,-28762,29939,-13288,16651,25100,-12989,12111
1999-01-10T23:00:00Z,5.285,5.385,5.215,5.355,17494,-46256,-28762,29939,-13288,16651,25100,-12989,12111,NaN,NaN,NaN,NaN,76063,17494,-46256,-28762,29939,-13288,16651,25100,-12989,12111
1999-01-11T23:00:00Z,5.355,5.41,5.225,5.245,12228,-60189,-47961,37222,-4415,32807,27241,-12087,15154,NaN,NaN,NaN,NaN,80352,12228,-60189,-47961,37222,-4415,32807,27241,-12087,15154
1999-01-12T23:00:00Z,5.25,5.25,5.07,5.19,12228,-60189,-47961,37222,-4415,32807,27241,-12087,15154,NaN,NaN,NaN,NaN,80352,12228,-60189,-47961,37222,-4415,32807,27241,-12087,15154
1999-01-13T23:00:00Z,5.19,5.2,5.08,5.175,12228,-60189,-47961,37222,-4415,32807,27241,-12087,15154,NaN,NaN,NaN,NaN,80352,12228,-60189,-47961,37222,-4415,32807,27241,-12087,15154
1999-01-14T23:00:00Z,5.175,5.175,5.05,5.13,12228,-60189,-47961,37222,-4415,32807,27241,-12087,15154,NaN,NaN,NaN,NaN,80352,12228,-60189,-47961,37222,-4415,32807,27241,-12087,15154
1999-01-18T23:00:00Z,5.13,5.18,5.06,5.133,11864,-58071,-46207,34777,-4701,30076,26696,-10565,16131,NaN,NaN,NaN,NaN,76822,11864,-58071,-46207,34777,-4701,30076,26696,-10565,16131
1999-01-19T23:00:00Z,5.135,5.18,5.11,5.163,11864,-58071,-46207,34777,-4701,30076,26696,-10565,16131,NaN,NaN,NaN,NaN,76822,11864,-58071,-46207,34777,-4701,30076,26696,-10565,16131
1999-01-20T23:00:00Z,5.165,5.21,5.085,5.123,11864,-58071,-46207,34777,-4701,30076,26696,-10565,16131,NaN,NaN,NaN,NaN,76822,11864,-58071,-46207,34777,-4701,30076,26696,-10565,16131
1999-01-21T23:00:00Z,5.125,5.145,5.085,5.095,11864,-58071,-46207,34777,-4701,30076,26696,-10565,16131,NaN,NaN,NaN,NaN,76822,11864,-58071,-46207,34777,-4701,30076,26696,-10565,16131
1999-01-24T23:00:00Z,5.09,5.19,5.085,5.182,11864,-58071,-46207,34777,-4701,30076,26696,-10565,16131,NaN,NaN,NaN,NaN,76822,11864,-58071,-46207,34777,-4701,30076,26696,-10565,16131
1999-01-25T23:00:00Z,5.185,5.185,5.08,5.115,11045,-57265,-46220,34715,-4594,30121,27015,-10916,16099,NaN,NaN,NaN,NaN,76505,11045,-57265,-46220,34715,-4594,30121,27015,-10916,16099
1999-01-26T23:00:00Z,5.105,5.135,5.06,5.103,11045,-57265,-46220,34715,-4594,30121,27015,-10916,16099,NaN,NaN,NaN,NaN,76505,11045,-57265,-46220,34715,-4594,30121,27015,-10916,16099
1999-01-27T23:00:00Z,5.1,5.25,5.08,5.245,11045,-57265,-46220,34715,-4594,30121,27015,-10916,16099,NaN,NaN,NaN,NaN,76505,11045,-57265,-46220,34715,-4594,30121,27015,-10916,16099
1999-01-28T23:00:00Z,5.245,5.29,5.21,5.235,11045,-57265,-46220,34715,-4594,30121,27015,-10916,16099,NaN,NaN,NaN,NaN,76505,11045,-57265,-46220,34715,-4594,30121,27015,-10916,16099
1999-01-31T23:00:00Z,5.235,5.32,5.235,5.308,11045,-57265,-46220,34715,-4594,30121,27015,-10916,16099,NaN,NaN,NaN,NaN,76505,11045,-57265,-46220,34715,-4594,30121,27015,-10916,16099
1999-02-01T23:00:00Z,5.31,5.475,5.24,5.468,11835,-66791,-54956,44079,-3962,40117,28250,-13411,14839,NaN,NaN,NaN,NaN,89734,11835,-66791,-54956,44079,-3962,40117,28250,-13411,14839
1999-02-02T23:00:00Z,5.465,5.58,5.41,5.543,11835,-66791,-54956,44079,-3962,40117,28250,-13411,14839,NaN,NaN,NaN,NaN,89734,11835,-66791,-54956,44079,-3962,40117,28250,-13411,14839
1999-02-03T23:00:00Z,5.54,5.8,5.49,5.76,11835,-66791,-54956,44079,-3962,40117,28250,-13411,14839,NaN,NaN,NaN,NaN,89734,11835,-66791,-54956,44079,-3962,40117,28250,-13411,14839
1999-02-04T23:00:00Z,5.765,5.81,5.61,5.642,11835,-66791,-54956,44079,-3962,40117,28250,-13411,14839,NaN,NaN,NaN,NaN,89734,11835,-66791,-54956,44079,-3962,40117,28250,-13411,14839
1999-02-07T23:00:00Z,5.625,5.635,5.555,5.622,11835,-66791,-54956,44079,-3962,40117,28250,-13411,14839,NaN,NaN,NaN,NaN,89734,11835,-66791,-54956,44079,-3962,40117,28250,-13411,14839
1999-02-08T23:00:00Z,5.62,5.62,5.5,5.505,9689,-77740,-68051,56505,-2869,53636,28375,-13960,14415,NaN,NaN,NaN,NaN,100332,9689,-77740,-68051,56505,-2869,53636,28375,-13960,14415
1999-02-09T23:00:00Z,5.51,5.565,5.46,5.488,9689,-77740,-68051,56505,-2869,53636,28375,-13960,14415,NaN,NaN,NaN,NaN,100332,9689,-77740,-68051,56505,-2869,53636,28375,-13960,14415
1999-02-10T23:00:00Z,5.48,5.575,5.45,5.565,9689,-77740,-68051,56505,-2869,53636,28375,-13960,14415,NaN,NaN,NaN,NaN,100332,9689,-77740,-68051,56505,-2869,53636,28375,-13960,14415
1999-02-11T23:00:00Z,5.56,5.7,5.56,5.662,9689,-77740,-68051,56505,-2869,53636,28375,-13960,14415,NaN,NaN,NaN,NaN,100332,9689,-77740,-68051,56505,-2869,53636,28375,-13960,14415
1999-02-15T23:00:00Z,5.735,5.735,5.31,5.445,7940,-74160,-66220,55186,-3405,51781,29012,-14573,14439,NaN,NaN,NaN,NaN,98123,7940,-74160,-66220,55186,-3405,51781,29012,-14573,14439
1999-02-16T23:00:00Z,5.44,5.475,5.345,5.408,7940,-74160,-66220,55186,-3405,51781,29012,-14573,14439,NaN,NaN,NaN,NaN,98123,7940,-74160,-66220,55186,-3405,51781,29012,-14573,14439
1999-02-17T23:00:00Z,5.41,5.51,5.37,5.48,7940,-74160,-66220,55186,-3405,51781,29012,-14573,14439,NaN,NaN,NaN,NaN,98123,7940,-74160,-66220,55186,-3405,51781,29012,-14573,14439
1999-02-18T23:00:00Z,5.495,5.615,5.495,5.6,7940,-74160,-66220,55186,-3405,51781,29012,-14573,14439,NaN,NaN,NaN,NaN,98123,7940,-74160,-66220,55186,-3405,51781,29012,-14573,14439
1999-02-21T23:00:00Z,5.62,5.62,5.425,5.46,7940,-74160,-66220,55186,-3405,51781,29012,-14573,14439,NaN,NaN,NaN,NaN,98123,7940,-74160,-66220,55186,-3405,51781,29012,-14573,14439
1999-02-22T23:00:00Z,5.445,5.55,5.44,5.46,5929,-70690,-64761,54471,-3587,50884,28877,-15000,13877,NaN,NaN,NaN,NaN,95748,5929,-70690,-64761,54471,-3587,50884,28877,-15000,13877
1999-02-23T23:00:00Z,5.46,5.525,5.325,5.373,5929,-70690,-64761,54471,-3587,50884,28877,-15000,13877,NaN,NaN,NaN,NaN,95748,5929,-70690,-64761,54471,-3587,50884,28877,-15000,13877
1999-02-24T23:00:00Z,5.4,5.62,5.38,5.565,5929,-70690,-64761,54471,-3587,50884,28877,-15000,13877,NaN,NaN,NaN,NaN,95748,5929,-70690,-64761,54471,-3587,50884,28877,-15000,13877
1999-02-25T23:00:00Z,5.56,5.64,5.46,5.63,5929,-70690,-64761,54471,-3587,50884,28877,-15000,13877,NaN,NaN,NaN,NaN,95748,5929,-70690,-64761,54471,-3587,50884,28877,-15000,13877
1999-02-28T23:00:00Z,5.625,5.66,5.49,5.525,5929,-70690,-64761,54471,-3587,50884,28877,-15000,13877,NaN,NaN,NaN,NaN,95748,5929,-70690,-64761,54471,-3587,50884,28877,-15000,13877
1999-03-01T23:00:00Z,5.52,5.58,5.29,5.323,6771,-74843,-68072,55330,-3430,51900,30382,-14210,16172,NaN,NaN,NaN,NaN,97800,6771,-74843,-68072,55330,-3430,51900,30382,-14210,16172
1999-03-02T23:00:00Z,5.34,5.36,5.17,5.245,6771,-74843,-68072,55330,-3430,51900,30382,-14210,16172,NaN,NaN,NaN,NaN,97800,6771,-74843,-68072,55330,-3430,51900,30382,-14210,16172
1999-03-03T23:00:00Z,5.24,5.315,5.195,5.273,6771,-74843,-68072,55330,-3430,51900,30382,-14210,16172,NaN,NaN,NaN,NaN,97800,6771,-74843,-68072,55330,-3430,51900,30382,-14210,16172
1999-03-04T23:00:00Z,5.27,5.325,5.13,5.203,6771,-74843,-68072,55330,-3430,51900,30382,-14210,16172,NaN,NaN,NaN,NaN,97800,6771,-74843,-68072,55330,-3430,51900,30382,-14210,16172
1999-03-07T23:00:00Z,5.19,5.3,5.185,5.288,6771,-74843,-68072,55330,-3430,51900,30382,-14210,16172,NaN,NaN,NaN,NaN,97800,6771,-74843,-68072,55330,-3430,51900,30382,-14210,16172
1999-03-08T23:00:00Z,5.3,5.325,5.21,5.24,5666,-65911,-60245,43428,-1962,41466,31084,-12305,18779,NaN,NaN,NaN,NaN,85178,5666,-65911,-60245,43428,-1962,41466,31084,-12305,18779
1999-03-09T23:00:00Z,5.24,5.3,5.21,5.268,5666,-65911,-60245,43428,-1962,41466,31084,-12305,18779,NaN,NaN,NaN,NaN,85178,5666,-65911,-60245,43428,-1962,41466,31084,-12305,18779
1999-03-10T23:00:00Z,5.275,5.35,5.265,5.343,5666,-65911,-60245,43428,-1962,41466,31084,-12305,18779,NaN,NaN,NaN,NaN,85178,5666,-65911,-60245,43428,-1962,41466,31084,-12305,18779
1999-03-11T23:00:00Z,5.335,5.36,5.25,5.31,5666,-65911,-60245,43428,-1962,41466,31084,-12305,18779,NaN,NaN,NaN,NaN,85178,5666,-65911,-60245,43428,-1962,41466,31084,-12305,18779
1999-03-14T23:00:00Z,5.29,5.3,5.08,5.098,5666,-65911,-60245,43428,-1962,41466,31084,-12305,18779,NaN,NaN,NaN,NaN,85178,5666,-65911,-60245,43428,-1962,41466,31084,-12305,18779
1999-03-15T23:00:00Z,5.1,5.13,4.955,5.043,10261,-58332,-48071,33646,-3932,29714,31469,-13112,18357,NaN,NaN,NaN,NaN,80622,10261,-58332,-48071,33646,-3932,29714,31469,-13112,18357
1999-03-16T23:00:00Z,5.045,5.07,4.985,5.04,10261,-58332,-48071,33646,-3932,29714,31469,-13112,18357,NaN,NaN,NaN,NaN,80622,10261,-58332,-48071,33646,-3932,29714,31469,-13112,18357
1999-03-17T23:00:00Z,5.05,5.065,4.99,5.015,10261,-58332,-48071,33646,-3932,29714,31469,-13112,18357,NaN,NaN,NaN,NaN,80622,10261,-58332,-48071,33646,-3932,29714,31469,-13112,18357
1999-03-18T23:00:00Z,5.01,5.095,4.99,5.045,10261,-58332,-48071,33646,-3932,29714,31469,-13112,18357,NaN,NaN,NaN,NaN,80622,10261,-58332,-48071,33646,-3932,29714,31469,-13112,18357
1999-03-21T23:00:00Z,5.05,5.115,5.04,5.107,10261,-58332,-48071,33646,-3932,29714,31469,-13112,18357,NaN,NaN,NaN,NaN,80622,10261,-58332,-48071,33646,-3932,29714,31469,-13112,18357
1999-03-22T23:00:00Z,5.105,5.135,5.035,5.11,10777,-52295,-41518,29659,-6404,23255,30705,-12442,18263,NaN,NaN,NaN,NaN,76062,10777,-52295,-41518,29659,-6404,23255,30705,-12442,18263
1999-03-23T23:00:00Z,5.1,5.115,5.06,5.075,10777,-52295,-41518,29659,-6404,23255,30705,-12442,18263,NaN,NaN,NaN,NaN,76062,10777,-52295,-41518,29659,-6404,23255,30705,-12442,18263
1999-03-24T23:00:00Z,5.075,5.12,5.04,5.105,10777,-52295,-41518,29659,-6404,23255,30705,-12442,18263,NaN,NaN,NaN,NaN,76062,10777,-52295,-41518,29659,-6404,23255,30705,-12442,18263
1999-03-25T23:00:00Z,5.1,5.115,5.035,5.09,10777,-52295,-41518,29659,-6404,23255,30705,-12442,18263,NaN,NaN,NaN,NaN,76062,10777,-52295,-41518,29659,-6404,23255,30705,-12442,18263
1999-03-28T23:00:00Z,5.09,5.18,5.05,5.115,10777,-52295,-41518,29659,-6404,23255,30705,-12442,18263,NaN,NaN,NaN,NaN,76062,10777,-52295,-41518,29659,-6404,23255,30705,-12442,18263
1999-03-29T23:00:00Z,5.11,5.12,4.995,5.003,10710,-51927,-41217,32303,-6971,25332,30518,-14633,15885,NaN,NaN,NaN,NaN,78567,10710,-51927,-41217,32303,-6971,25332,30518,-14633,15885
1999-03-30T23:00:00Z,5.01,5.06,4.96,4.97,10710,-51927,-41217,32303,-6971,25332,30518,-14633,15885,NaN,NaN,NaN,NaN,78567,10710,-51927,-41217,32303,-6971,25332,30518,-14633,15885
1999-03-31T23:00:00Z,4.975,5.04,4.97,5.028,10710,-51927,-41217,32303,-6971,25332,30518,-14633,15885,NaN,NaN,NaN,NaN,78567,10710,-51927,-41217,32303,-6971,25332,30518,-14633,15885
1999-04-04T22:00:00Z,5.03,5.04,4.905,4.918,10710,-51927,-41217,32303,-6971,25332,30518,-14633,15885,NaN,NaN,NaN,NaN,78567,10710,-51927,-41217,32303,-6971,25332,30518,-14633,15885
1999-04-05T22:00:00Z,4.915,4.965,4.885,4.948,10679,-48005,-37326,33420,-11537,21883,30175,-14732,15443,NaN,NaN,NaN,NaN,79770,10679,-48005,-37326,33420,-11537,21883,30175,-14732,15443
1999-04-06T22:00:00Z,4.95,4.985,4.935,4.96,10679,-48005,-37326,33420,-11537,21883,30175,-14732,15443,NaN,NaN,NaN,NaN,79770,10679,-48005,-37326,33420,-11537,21883,30175,-14732,15443
1999-04-07T22:00:00Z,4.96,4.985,4.88,4.885,10679,-48005,-37326,33420,-11537,21883,30175,-14732,15443,NaN,NaN,NaN,NaN,79770,10679,-48005,-37326,33420,-11537,21883,30175,-14732,15443
1999-04-08T22:00:00Z,4.88,4.945,4.845,4.93,10679,-48005,-37326,33420,-11537,21883,30175,-14732,15443,NaN,NaN,NaN,NaN,79770,10679,-48005,-37326,33420,-11537,21883,30175,-14732,15443
1999-04-11T22:00:00Z,4.935,5.005,4.885,4.895,10679,-48005,-37326,33420,-11537,21883,30175,-14732,15443,NaN,NaN,NaN,NaN,79770,10679,-48005,-37326,33420,-11537,21883,30175,-14732,15443
1999-04-12T22:00:00Z,4.895,4.94,4.825,4.905,18208,-44914,-26706,31968,-20163,11805,29226,-14325,14901,NaN,NaN,NaN,NaN,84956,18208,-44914,-26706,31968,-20163,11805,29226,-14325,14901
1999-04-13T22:00:00Z,4.92,4.95,4.82,4.86,18208,-44914,-26706,31968,-20163,11805,29226,-14325,14901,NaN,NaN,NaN,NaN,84956,18208,-44914,-26706,31968,-20163,11805,29226,-14325,14901
1999-04-14T22:00:00Z,4.855,5.03,4.85,5.01,18208,-44914,-26706,31968,-20163,11805,29226,-14325,14901,NaN,NaN,NaN,NaN,84956,18208,-44914,-26706,31968,-20163,11805,29226,-14325,14901
1999-04-15T22:00:00Z,5.005,5.065,4.995,5.04,18208,-44914,-26706,31968,-20163,11805,29226,-14325,14901,NaN,NaN,NaN,NaN,84956,18208,-44914,-26706,31968,-20163,11805,29226,-14325,14901
1999-04-18T22:00:00Z,5.05,5.17,5.045,5.15,18208,-44914,-26706,31968,-20163,11805,29226,-14325,14901,NaN,NaN,NaN,NaN,84956,18208,-44914,-26706,31968,-20163,11805,29226,-14325,14901
1999-04-19T22:00:00Z,5.15,5.18,5.1,5.125,17998,-51640,-33642,30840,-9356,21484,28339,-16181,12158,NaN,NaN,NaN,NaN,83096,17998,-51640,-33642,30840,-9356,21484,28339,-16181,12158
1999-04-20T22:00:00Z,5.13,5.17,5.085,5.155,17998,-51640,-33642,30840,-9356,21484,28339,-16181,12158,NaN,NaN,NaN,NaN,83096,17998,-51640,-33642,30840,-9356,21484,28339,-16181,12158
1999-04-21T22:00:00Z,5.155,5.2,5.09,5.167,17998,-51640,-33642,30840,-9356,21484,28339,-16181,12158,NaN,NaN,NaN,NaN,83096,17998,-51640,-33642,30840,-9356,21484,28339,-16181,12158
1999-04-22T22:00:00Z,5.17,5.19,5.12,5.145,17998,-51640,-33642,30840,-9356,21484,28339,-16181,12158,NaN,NaN,NaN,NaN,83096,17998,-51640,-33642,30840,-9356,21484,28339,-16181,12158
1999-04-25T22:00:00Z,5.135,5.14,5.055,5.1,17998,-51640,-33642,30840,-9356,21484,28339,-16181,12158,NaN,NaN,NaN,NaN,83096,17998,-51640,-33642,30840,-9356,21484,28339,-16181,12158
1999-04-26T22:00:00Z,5.1,5.19,5.085,5.183,16616,-51308,-34692,31972,-8545,23427,27781,-16516,11265,NaN,NaN,NaN,NaN,82409,16616,-51308,-34692,31972,-8545,23427,27781,-16516,11265
1999-04-27T22:00:00Z,5.175,5.28,5.165,5.253,16616,-51308,-34692,31972,-8545,23427,27781,-16516,11265,NaN,NaN,NaN,NaN,82409,16616,-51308,-34692,31972,-8545,23427,27781,-16516,11265
1999-04-28T22:00:00Z,5.275,5.42,5.265,5.413,16616,-51308,-34692,31972,-8545,23427,27781,-16516,11265,NaN,NaN,NaN,NaN,82409,16616,-51308,-34692,31972,-8545,23427,27781,-16516,11265
1999-04-29T22:00:00Z,5.395,5.485,5.36,5.43,16616,-51308,-34692,31972,-8545,23427,27781,-16516,11265,NaN,NaN,NaN,NaN,82409,16616,-51308,-34692,31972,-8545,23427,27781,-16516,11265
1999-05-02T22:00:00Z,5.425,5.47,5.38,5.385,16616,-51308,-34692,31972,-8545,23427,27781,-16516,11265,NaN,NaN,NaN,NaN,82409,16616,-51308,-34692,31972,-8545,23427,27781,-16516,11265
1999-05-03T22:00:00Z,5.38,5.38,5.305,5.325,6026,-53044,-47018,35807,-3425,32382,27752,-13116,14636,NaN,NaN,NaN,NaN,76614,6026,-53044,-47018,35807,-3425,32382,27752,-13116,14636
1999-05-04T22:00:00Z,5.325,5.41,5.305,5.397,6026,-53044,-47018,35807,-3425,32382,27752,-13116,14636,NaN,NaN,NaN,NaN,76614,6026,-53044,-47018,35807,-3425,32382,27752,-13116,14636
1999-05-05T22:00:00Z,5.395,5.45,5.375,5.387,6026,-53044,-47018,35807,-3425,32382,27752,-13116,14636,NaN,NaN,NaN,NaN,76614,6026,-53044,-47018,35807,-3425,32382,27752,-13116,14636
1999-05-06T22:00:00Z,5.395,5.455,5.2,5.445,6026,-53044,-47018,35807,-3425,32382,27752,-13116,14636,NaN,NaN,NaN,NaN,76614,6026,-53044,-47018,35807,-3425,32382,27752,-13116,14636
1999-05-09T22:00:00Z,5.425,5.47,5.37,5.43,6026,-53044,-47018,35807,-3425,32382,27752,-13116,14636,NaN,NaN,NaN,NaN,76614,6026,-53044,-47018,35807,-3425,32382,27752,-13116,14636
1999-05-10T22:00:00Z,5.455,5.48,5.38,5.415,5977,-58717,-52740,40591,-2136,38455,27609,-13324,14285,NaN,NaN,NaN,NaN,82022,5977,-58717,-52740,40591,-2136,38455,27609,-13324,14285
1999-05-11T22:00:00Z,5.42,5.425,5.365,5.383,5977,-58717,-52740,40591,-2136,38455,27609,-13324,14285,NaN,NaN,NaN,NaN,82022,5977,-58717,-52740,40591,-2136,38455,27609,-13324,14285
1999-05-12T22:00:00Z,5.375,5.58,5.365,5.57,5977,-58717,-52740,40591,-2136,38455,27609,-13324,14285,NaN,NaN,NaN,NaN,82022,5977,-58717,-52740,40591,-2136,38455,27609,-13324,14285
1999-05-13T22:00:00Z,5.58,5.58,5.34,5.39,5977,-58717,-52740,40591,-2136,38455,27609,-13324,14285,NaN,NaN,NaN,NaN,82022,5977,-58717,-52740,40591,-2136,38455,27609,-13324,14285
1999-05-16T22:00:00Z,5.39,5.435,5.375,5.39,5977,-58717,-52740,40591,-2136,38455,27609,-13324,14285,NaN,NaN,NaN,NaN,82022,5977,-58717,-52740,40591,-2136,38455,27609,-13324,14285
1999-05-17T22:00:00Z,5.38,5.41,5.27,5.338,7076,-58537,-51461,39323,-1768,37555,26963,-13057,13906,NaN,NaN,NaN,NaN,81269,7076,-58537,-51461,39323,-1768,37555,26963,-13057,13906
1999-05-18T22:00:00Z,5.34,5.345,5.255,5.285,7076,-58537,-51461,39323,-1768,37555,26963,-13057,13906,NaN,NaN,NaN,NaN,81269,7076,-58537,-51461,39323,-1768,37555,26963,-13057,13906
1999-05-19T22:00:00Z,5.295,5.355,5.29,5.31,7076,-58537,-51461,39323,-1768,37555,26963,-13057,13906,NaN,NaN,NaN,NaN,81269,7076,-58537,-51461,39323,-1768,37555,26963,-13057,13906
1999-05-20T22:00:00Z,5.305,5.335,5.19,5.21,7076,-58537,-51461,39323,-1768,37555,26963,-13057,13906,NaN,NaN,NaN,NaN,81269,7076,-58537,-51461,39323,-1768,37555,26963,-13057,13906
1999-05-23T22:00:00Z,5.22,5.22,5.05,5.055,7076,-58537,-51461,39323,-1768,37555,26963,-13057,13906,NaN,NaN,NaN,NaN,81269,7076,-58537,-51461,39323,-1768,37555,26963,-13057,13906
1999-05-24T22:00:00Z,5.055,5.105,5.05,5.06,9364,-50695,-41331,29275,-2781,26494,27396,-12559,14837,NaN,NaN,NaN,NaN,74250,9364,-50695,-41331,29275,-2781,26494,27396,-12559,14837
1999-05-25T22:00:00Z,5.06,5.12,5.04,5.055,9364,-50695,-41331,29275,-2781,26494,27396,-12559,14837,NaN,NaN,NaN,NaN,74250,9364,-50695,-41331,29275,-2781,26494,27396,-12559,14837
1999-05-26T22:00:00Z,5.055,5.06,4.93,4.94,9364,-50695,-41331,29275,-2781,26494,27396,-12559,14837,NaN,NaN,NaN,NaN,74250,9364,-50695,-41331,29275,-2781,26494,27396,-12559,14837
1999-05-27T22:00:00Z,4.945,4.98,4.88,4.895,9364,-50695,-41331,29275,-2781,26494,27396,-12559,14837,NaN,NaN,NaN,NaN,74250,9364,-50695,-41331,29275,-2781,26494,27396,-12559,14837
1999-05-31T22:00:00Z,4.9,5.01,4.885,4.985,14022,-46264,-32242,26831,-8868,17963,27800,-13521,14279,NaN,NaN,NaN,NaN,76488,14022,-46264,-32242,26831,-8868,17963,27800,-13521,14279
1999-06-01T22:00:00Z,4.985,5.025,4.945,4.978,14022,-46264,-32242,26831,-8868,17963,27800,-13521,14279,NaN,NaN,NaN,NaN,76488,14022,-46264,-32242,26831,-8868,17963,27800,-13521,14279
1999-06-02T22:00:00Z,4.97,5,4.92,4.938,14022,-46264,-32242,26831,-8868,17963,27800,-13521,14279,NaN,NaN,NaN,NaN,76488,14022,-46264,-32242,26831,-8868,17963,27800,-13521,14279
1999-06-03T22:00:00Z,4.945,4.965,4.85,4.94,14022,-46264,-32242,26831,-8868,17963,27800,-13521,14279,NaN,NaN,NaN,NaN,76488,14022,-46264,-32242,26831,-8868,17963,27800,-13521,14279
1999-06-06T22:00:00Z,4.94,5,4.94,4.98,14022,-46264,-32242,26831,-8868,17963,27800,-13521,14279,NaN,NaN,NaN,NaN,76488,14022,-46264,-32242,26831,-8868,17963,27800,-13521,14279
1999-06-07T22:00:00Z,4.985,4.995,4.925,4.94,19196,-44360,-25164,26609,-15520,11089,29283,-15208,14075,NaN,NaN,NaN,NaN,82171,19196,-44360,-25164,26609,-15520,11089,29283,-15208,14075
1999-06-08T22:00:00Z,4.955,5.03,4.91,5.027,19196,-44360,-25164,26609,-15520,11089,29283,-15208,14075,NaN,NaN,NaN,NaN,82171,19196,-44360,-25164,26609,-15520,11089,29283,-15208,14075
1999-06-09T22:00:00Z,5.03,5.14,5.015,5.095,19196,-44360,-25164,26609,-15520,11089,29283,-15208,14075,NaN,NaN,NaN,NaN,82171,19196,-44360,-25164,26609,-15520,11089,29283,-15208,14075
1999-06-10T22:00:00Z,5.095,5.13,5.05,5.115,19196,-44360,-25164,26609,-15520,11089,29283,-15208,14075,NaN,NaN,NaN,NaN,82171,19196,-44360,-25164,26609,-15520,11089,29283,-15208,14075
1999-06-13T22:00:00Z,5.115,5.15,5.1,5.105,19196,-44360,-25164,26609,-15520,11089,29283,-15208,14075,NaN,NaN,NaN,NaN,82171,19196,-44360,-25164,26609,-15520,11089,29283,-15208,14075
1999-06-14T22:00:00Z,5.1,5.12,5.02,5.05,13829,-43300,-29471,27625,-13138,14487,27995,-13011,14984,NaN,NaN,NaN,NaN,76482,13829,-43300,-29471,27625,-13138,14487,27995,-13011,14984
1999-06-15T22:00:00Z,5.045,5.045,4.995,5.033,13829,-43300,-29471,27625,-13138,14487,27995,-13011,14984,NaN,NaN,NaN,NaN,76482,13829,-43300,-29471,27625,-13138,14487,27995,-13011,14984
1999-06-16T22:00:00Z,5.03,5.08,5.02,5.073,13829,-43300,-29471,27625,-13138,14487,27995,-13011,14984,NaN,NaN,NaN,NaN,76482,13829,-43300,-29471,27625,-13138,14487,27995,-13011,14984
1999-06-17T22:00:00Z,5.075,5.1,4.93,4.96,13829,-43300,-29471,27625,-13138,14487,27995,-13011,14984,NaN,NaN,NaN,NaN,76482,13829,-43300,-29471,27625,-13138,14487,27995,-13011,14984
1999-06-20T22:00:00Z,4.96,5.055,4.95,5.015,13829,-43300,-29471,27625,-13138,14487,27995,-13011,14984,NaN,NaN,NaN,NaN,76482,13829,-43300,-29471,27625,-13138,14487,27995,-13011,14984
1999-06-21T22:00:00Z,5.02,5.07,5.01,5.04,15323,-42456,-27133,27561,-15528,12033,29882,-14782,15100,NaN,NaN,NaN,NaN,79866,15323,-42456,-27133,27561,-15528,12033,29882,-14782,15100
1999-06-22T22:00:00Z,5.045,5.12,5.025,5.105,15323,-42456,-27133,27561,-15528,12033,29882,-14782,15100,NaN,NaN,NaN,NaN,79866,15323,-42456,-27133,27561,-15528,12033,29882,-14782,15100
1999-06-23T22:00:00Z,5.1,5.15,5.09,5.13,15323,-42456,-27133,27561,-15528,12033,29882,-14782,15100,NaN,NaN,NaN,NaN,79866,15323,-42456,-27133,27561,-15528,12033,29882,-14782,15100
1999-06-24T22:00:00Z,5.12,5.15,5.05,5.065,15323,-42456,-27133,27561,-15528,12033,29882,-14782,15100,NaN,NaN,NaN,NaN,79866,15323,-42456,-27133,27561,-15528,12033,29882,-14782,15100
1999-06-27T22:00:00Z,5.055,5.185,5.045,5.152,15323,-42456,-27133,27561,-15528,12033,29882,-14782,15100,NaN,NaN,NaN,NaN,79866,15323,-42456,-27133,27561,-15528,12033,29882,-14782,15100
1999-06-28T22:00:00Z,5.17,5.24,5.14,5.207,12353,-44203,-31850,29679,-9507,20172,27313,-15635,11678,NaN,NaN,NaN,NaN,78443,12353,-44203,-31850,29679,-9507,20172,27313,-15635,11678
1999-06-29T22:00:00Z,5.21,5.305,5.205,5.287,12353,-44203,-31850,29679,-9507,20172,27313,-15635,11678,NaN,NaN,NaN,NaN,78443,12353,-44203,-31850,29679,-9507,20172,27313,-15635,11678
1999-06-30T22:00:00Z,5.3,5.38,5.26,5.302,12353,-44203,-31850,29679,-9507,20172,27313,-15635,11678,NaN,NaN,NaN,NaN,78443,12353,-44203,-31850,29679,-9507,20172,27313,-15635,11678
1999-07-01T22:00:00Z,5.285,5.38,5.26,5.367,12353,-44203,-31850,29679,-9507,20172,27313,-15635,11678,NaN,NaN,NaN,NaN,78443,12353,-44203,-31850,29679,-9507,20172,27313,-15635,11678
1999-07-05T22:00:00Z,5.31,5.32,5.18,5.23,12456,-55779,-43323,35687,-3343,32344,25451,-14472,10979,NaN,NaN,NaN,NaN,81775,12456,-55779,-43323,35687,-3343,32344,25451,-14472,10979
1999-07-06T22:00:00Z,5.225,5.27,5.185,5.25,12456,-55779,-43323,35687,-3343,32344,25451,-14472,10979,NaN,NaN,NaN,NaN,81775,12456,-55779,-43323,35687,-3343,32344,25451,-14472,10979
1999-07-07T22:00:00Z,5.25,5.33,5.23,5.27,12456,-55779,-43323,35687,-3343,32344,25451,-14472,10979,NaN,NaN,NaN,NaN,81775,12456,-55779,-43323,35687,-3343,32344,25451,-14472,10979
1999-07-08T22:00:00Z,5.26,5.29,5.22,5.263,12456,-55779,-43323,35687,-3343,32344,25451,-14472,10979,NaN,NaN,NaN,NaN,81775,12456,-55779,-43323,35687,-3343,32344,25451,-14472,10979
1999-07-11T22:00:00Z,5.255,5.28,5.24,5.26,12456,-55779,-43323,35687,-3343,32344,25451,-14472,10979,NaN,NaN,NaN,NaN,81775,12456,-55779,-43323,35687,-3343,32344,25451,-14472,10979
1999-07-12T22:00:00Z,5.255,5.255,5.12,5.16,13566,-56759,-43193,35368,-3193,32175,23931,-12913,11018,NaN,NaN,NaN,NaN,81007,13566,-56759,-43193,35368,-3193,32175,23931,-12913,11018
1999-07-13T22:00:00Z,5.155,5.16,5.07,5.11,13566,-56759,-43193,35368,-3193,32175,23931,-12913,11018,NaN,NaN,NaN,NaN,81007,13566,-56759,-43193,35368,-3193,32175,23931,-12913,11018
1999-07-14T22:00:00Z,5.1,5.145,5.06,5.127,13566,-56759,-43193,35368,-3193,32175,23931,-12913,11018,NaN,NaN,NaN,NaN,81007,13566,-56759,-43193,35368,-3193,32175,23931,-12913,11018
1999-07-15T22:00:00Z,5.12,5.155,5.08,5.105,13566,-56759,-43193,35368,-3193,32175,23931,-12913,11018,NaN,NaN,NaN,NaN,81007,13566,-56759,-43193,35368,-3193,32175,23931,-12913,11018
1999-07-18T22:00:00Z,5.11,5.11,5.065,5.07,13566,-56759,-43193,35368,-3193,32175,23931,-12913,11018,NaN,NaN,NaN,NaN,81007,13566,-56759,-43193,35368,-3193,32175,23931,-12913,11018
1999-07-19T22:00:00Z,5.07,5.105,5.025,5.082,13929,-47550,-33621,29595,-6865,22730,23894,-13003,10891,NaN,NaN,NaN,NaN,74994,13929,-47550,-33621,29595,-6865,22730,23894,-13003,10891
1999-07-20T22:00:00Z,5.085,5.17,5.04,5.142,13929,-47550,-33621,29595,-6865,22730,23894,-13003,10891,NaN,NaN,NaN,NaN,74994,13929,-47550,-33621,29595,-6865,22730,23894,-13003,10891
1999-07-21T22:00:00Z,5.15,5.19,5.09,5.162,13929,-47550,-33621,29595,-6865,22730,23894,-13003,10891,NaN,NaN,NaN,NaN,74994,13929,-47550,-33621,29595,-6865,22730,23894,-13003,10891
1999-07-22T22:00:00Z,5.155,5.2,5.135,5.172,13929,-47550,-33621,29595,-6865,22730,23894,-13003,10891,NaN,NaN,NaN,NaN,74994,13929,-47550,-33621,29595,-6865,22730,23894,-13003,10891
1999-07-25T22:00:00Z,5.17,5.185,5.115,5.165,13929,-47550,-33621,29595,-6865,22730,23894,-13003,10891,NaN,NaN,NaN,NaN,74994,13929,-47550,-33621,29595,-6865,22730,23894,-13003,10891
1999-07-26T22:00:00Z,5.165,5.215,5.14,5.195,12710,-49141,-36431,30824,-5174,25650,24365,-13584,10781,NaN,NaN,NaN,NaN,74673,12710,-49141,-36431,30824,-5174,25650,24365,-13584,10781
1999-07-27T22:00:00Z,5.19,5.275,5.16,5.265,12710,-49141,-36431,30824,-5174,25650,24365,-13584,10781,NaN,NaN,NaN,NaN,74673,12710,-49141,-36431,30824,-5174,25650,24365,-13584,10781
1999-07-28T22:00:00Z,5.265,5.46,5.24,5.435,12710,-49141,-36431,30824,-5174,25650,24365,-13584,10781,NaN,NaN,NaN,NaN,74673,12710,-49141,-36431,30824,-5174,25650,24365,-13584,10781
1999-07-29T22:00:00Z,5.435,5.49,5.41,5.465,12710,-49141,-36431,30824,-5174,25650,24365,-13584,10781,NaN,NaN,NaN,NaN,74673,12710,-49141,-36431,30824,-5174,25650,24365,-13584,10781
1999-08-01T22:00:00Z,5.46,5.47,5.35,5.385,12710,-49141,-36431,30824,-5174,25650,24365,-13584,10781,NaN,NaN,NaN,NaN,74673,12710,-49141,-36431,30824,-5174,25650,24365,-13584,10781
1999-08-02T22:00:00Z,5.38,5.495,5.37,5.462,8212,-64713,-56501,44995,-3035,41960,26240,-11699,14541,NaN,NaN,NaN,NaN,86060,8212,-64713,-56501,44995,-3035,41960,26240,-11699,14541
1999-08-03T22:00:00Z,5.46,5.57,5.45,5.505,8212,-64713,-56501,44995,-3035,41960,26240,-11699,14541,NaN,NaN,NaN,NaN,86060,8212,-64713,-56501,44995,-3035,41960,26240,-11699,14541
1999-08-04T22:00:00Z,5.51,5.56,5.405,5.435,8212,-64713,-56501,44995,-3035,41960,26240,-11699,14541,NaN,NaN,NaN,NaN,86060,8212,-64713,-56501,44995,-3035,41960,26240,-11699,14541
1999-08-05T22:00:00Z,5.43,5.45,5.35,5.412,8212,-64713,-56501,44995,-3035,41960,26240,-11699,14541,NaN,NaN,NaN,NaN,86060,8212,-64713,-56501,44995,-3035,41960,26240,-11699,14541
1999-08-08T22:00:00Z,5.39,5.405,5.305,5.337,8212,-64713,-56501,44995,-3035,41960,26240,-11699,14541,NaN,NaN,NaN,NaN,86060,8212,-64713,-56501,44995,-3035,41960,26240,-11699,14541
1999-08-09T22:00:00Z,5.335,5.35,5.29,5.342,9074,-72574,-63500,51159,-2721,48438,27304,-12242,15062,NaN,NaN,NaN,NaN,94386,9074,-72574,-63500,51159,-2721,48438,27304,-12242,15062
1999-08-10T22:00:00Z,5.345,5.425,5.335,5.415,9074,-72574,-63500,51159,-2721,48438,27304,-12242,15062,NaN,NaN,NaN,NaN,94386,9074,-72574,-63500,51159,-2721,48438,27304,-12242,15062
1999-08-11T22:00:00Z,5.42,5.45,5.36,5.372,9074,-72574,-63500,51159,-2721,48438,27304,-12242,15062,NaN,NaN,NaN,NaN,94386,9074,-72574,-63500,51159,-2721,48438,27304,-12242,15062
1999-08-12T22:00:00Z,5.37,5.385,5.305,5.322,9074,-72574,-63500,51159,-2721,48438,27304,-12242,15062,NaN,NaN,NaN,NaN,94386,9074,-72574,-63500,51159,-2721,48438,27304,-12242,15062
1999-08-15T22:00:00Z,5.325,5.325,5.23,5.257,9074,-72574,-63500,51159,-2721,48438,27304,-12242,15062,NaN,NaN,NaN,NaN,94386,9074,-72574,-63500,51159,-2721,48438,27304,-12242,15062
1999-08-16T22:00:00Z,5.26,5.285,5.22,5.27,8409,-65775,-57366,44582,-2666,41916,26101,-10651,15450,NaN,NaN,NaN,NaN,86799,8409,-65775,-57366,44582,-2666,41916,26101,-10651,15450
1999-08-17T22:00:00Z,5.265,5.295,5.225,5.24,8409,-65775,-57366,44582,-2666,41916,26101,-10651,15450,NaN,NaN,NaN,NaN,86799,8409,-65775,-57366,44582,-2666,41916,26101,-10651,15450
1999-08-18T22:00:00Z,5.235,5.245,5.15,5.22,8409,-65775,-57366,44582,-2666,41916,26101,-10651,15450,NaN,NaN,NaN,NaN,86799,8409,-65775,-57366,44582,-2666,41916,26101,-10651,15450
1999-08-19T22:00:00Z,5.22,5.27,5.18,5.255,8409,-65775,-57366,44582,-2666,41916,26101,-10651,15450,NaN,NaN,NaN,NaN,86799,8409,-65775,-57366,44582,-2666,41916,26101,-10651,15450
1999-08-22T22:00:00Z,5.25,5.285,5.14,5.145,8409,-65775,-57366,44582,-2666,41916,26101,-10651,15450,NaN,NaN,NaN,NaN,86799,8409,-65775,-57366,44582,-2666,41916,26101,-10651,15450
1999-08-23T22:00:00Z,5.15,5.18,5.13,5.15,10811,-58917,-48106,38351,-3888,34463,25929,-12286,13643,NaN,NaN,NaN,NaN,83534,10811,-58917,-48106,38351,-3888,34463,25929,-12286,13643
1999-08-24T22:00:00Z,5.145,5.165,5.07,5.095,10811,-58917,-48106,38351,-3888,34463,25929,-12286,13643,NaN,NaN,NaN,NaN,83534,10811,-58917,-48106,38351,-3888,34463,25929,-12286,13643
1999-08-25T22:00:00Z,5.1,5.15,5.075,5.13,10811,-58917,-48106,38351,-3888,34463,25929,-12286,13643,NaN,NaN,NaN,NaN,83534,10811,-58917,-48106,38351,-3888,34463,25929,-12286,13643
1999-08-26T22:00:00Z,5.13,5.145,5.09,5.1,10811,-58917,-48106,38351,-3888,34463,25929,-12286,13643,NaN,NaN,NaN,NaN,83534,10811,-58917,-48106,38351,-3888,34463,25929,-12286,13643
1999-08-29T22:00:00Z,5.15,5.175,5.095,5.152,10811,-58917,-48106,38351,-3888,34463,25929,-12286,13643,NaN,NaN,NaN,NaN,83534,10811,-58917,-48106,38351,-3888,34463,25929,-12286,13643
1999-08-30T22:00:00Z,5.15,5.27,5.115,5.22,6978,-48034,-41056,34083,-7463,26620,26082,-11646,14436,NaN,NaN,NaN,NaN,73844,6978,-48034,-41056,34083,-7463,26620,26082,-11646,14436
1999-08-31T22:00:00Z,5.22,5.25,5.165,5.185,6978,-48034,-41056,34083,-7463,26620,26082,-11646,14436,NaN,NaN,NaN,NaN,73844,6978,-48034,-41056,34083,-7463,26620,26082,-11646,14436
1999-09-01T22:00:00Z,5.175,5.275,5.15,5.255,6978,-48034,-41056,34083,-7463,26620,26082,-11646,14436,NaN,NaN,NaN,NaN,73844,6978,-48034,-41056,34083,-7463,26620,26082,-11646,14436
1999-09-02T22:00:00Z,5.255,5.26,5.15,5.173,6978,-48034,-41056,34083,-7463,26620,26082,-11646,14436,NaN,NaN,NaN,NaN,73844,6978,-48034,-41056,34083,-7463,26620,26082,-11646,14436
1999-09-06T22:00:00Z,5.175,5.235,5.175,5.225,6058,-45610,-39552,33765,-8430,25335,26555,-12338,14217,NaN,NaN,NaN,NaN,72739,6058,-45610,-39552,33765,-8430,25335,26555,-12338,14217
1999-09-07T22:00:00Z,5.23,5.24,5.165,5.225,6058,-45610,-39552,33765,-8430,25335,26555,-12338,14217,NaN,NaN,NaN,NaN,72739,6058,-45610,-39552,33765,-8430,25335,26555,-12338,14217
1999-09-08T22:00:00Z,5.225,5.285,5.21,5.24,6058,-45610,-39552,33765,-8430,25335,26555,-12338,14217,NaN,NaN,NaN,NaN,72739,6058,-45610,-39552,33765,-8430,25335,26555,-12338,14217
1999-09-09T22:00:00Z,5.235,5.255,5.2,5.225,6058,-45610,-39552,33765,-8430,25335,26555,-12338,14217,NaN,NaN,NaN,NaN,72739,6058,-45610,-39552,33765,-8430,25335,26555,-12338,14217
1999-09-12T22:00:00Z,5.225,5.23,5.155,5.182,6058,-45610,-39552,33765,-8430,25335,26555,-12338,14217,NaN,NaN,NaN,NaN,72739,6058,-45610,-39552,33765,-8430,25335,26555,-12338,14217
1999-09-13T22:00:00Z,5.18,5.2,5.145,5.155,6460,-46947,-40487,34187,-9341,24846,27461,-11820,15641,NaN,NaN,NaN,NaN,74979,6460,-46947,-40487,34187,-9341,24846,27461,-11820,15641
1999-09-14T22:00:00Z,5.16,5.17,5.105,5.115,6460,-46947,-40487,34187,-9341,24846,27461,-11820,15641,NaN,NaN,NaN,NaN,74979,6460,-46947,-40487,34187,-9341,24846,27461,-11820,15641
1999-09-15T22:00:00Z,5.115,5.155,5.115,5.135,6460,-46947,-40487,34187,-9341,24846,27461,-11820,15641,NaN,NaN,NaN,NaN,74979,6460,-46947,-40487,34187,-9341,24846,27461,-11820,15641
1999-09-16T22:00:00Z,5.13,5.15,5.11,5.123,6460,-46947,-40487,34187,-9341,24846,27461,-11820,15641,NaN,NaN,NaN,NaN,74979,6460,-46947,-40487,34187,-9341,24846,27461,-11820,15641
1999-09-19T22:00:00Z,5.12,5.14,5.11,5.122,6460,-46947,-40487,34187,-9341,24846,27461,-11820,15641,NaN,NaN,NaN,NaN,74979,6460,-46947,-40487,34187,-9341,24846,27461,-11820,15641
1999-09-20T22:00:00Z,5.12,5.29,5.115,5.282,4538,-51871,-47333,39471,-8370,31101,28202,-11970,16232,NaN,NaN,NaN,NaN,79137,4538,-51871,-47333,39471,-8370,31101,28202,-11970,16232
1999-09-21T22:00:00Z,5.28,5.33,5.26,5.29,4538,-51871,-47333,39471,-8370,31101,28202,-11970,16232,NaN,NaN,NaN,NaN,79137,4538,-51871,-47333,39471,-8370,31101,28202,-11970,16232
1999-09-22T22:00:00Z,5.29,5.32,5.25,5.275,4538,-51871,-47333,39471,-8370,31101,28202,-11970,16232,NaN,NaN,NaN,NaN,79137,4538,-51871,-47333,39471,-8370,31101,28202,-11970,16232
1999-09-23T22:00:00Z,5.275,5.31,5.245,5.255,4538,-51871,-47333,39471,-8370,31101,28202,-11970,16232,NaN,NaN,NaN,NaN,79137,4538,-51871,-47333,39471,-8370,31101,28202,-11970,16232
1999-09-26T22:00:00Z,5.26,5.4,5.26,5.355,4538,-51871,-47333,39471,-8370,31101,28202,-11970,16232,NaN,NaN,NaN,NaN,79137,4538,-51871,-47333,39471,-8370,31101,28202,-11970,16232
1999-09-27T22:00:00Z,5.355,5.95,5.35,5.77,3872,-68109,-64237,49826,-5020,44806,29059,-9628,19431,NaN,NaN,NaN,NaN,89783,3872,-68109,-64237,49826,-5020,44806,29059,-9628,19431
1999-09-28T22:00:00Z,5.77,5.805,5.595,5.607,3872,-68109,-64237,49826,-5020,44806,29059,-9628,19431,NaN,NaN,NaN,NaN,89783,3872,-68109,-64237,49826,-5020,44806,29059,-9628,19431
1999-09-29T22:00:00Z,5.595,5.64,5.55,5.615,3872,-68109,-64237,49826,-5020,44806,29059,-9628,19431,NaN,NaN,NaN,NaN,89783,3872,-68109,-64237,49826,-5020,44806,29059,-9628,19431
1999-09-30T22:00:00Z,5.61,5.715,5.52,5.582,3872,-68109,-64237,49826,-5020,44806,29059,-9628,19431,NaN,NaN,NaN,NaN,89783,3872,-68109,-64237,49826,-5020,44806,29059,-9628,19431
1999-10-03T22:00:00Z,5.57,5.64,5.56,5.63,3872,-68109,-64237,49826,-5020,44806,29059,-9628,19431,NaN,NaN,NaN,NaN,89783,3872,-68109,-64237,49826,-5020,44806,29059,-9628,19431
1999-10-04T22:00:00Z,5.64,5.765,5.545,5.563,4904,-69604,-64700,49990,-4758,45232,30008,-10540,19468,NaN,NaN,NaN,NaN,92737,4904,-69604,-64700,49990,-4758,45232,30008,-10540,19468
1999-10-05T22:00:00Z,5.56,5.58,5.475,5.53,4904,-69604,-64700,49990,-4758,45232,30008,-10540,19468,NaN,NaN,NaN,NaN,92737,4904,-69604,-64700,49990,-4758,45232,30008,-10540,19468
1999-10-06T22:00:00Z,5.535,5.63,5.535,5.595,4904,-69604,-64700,49990,-4758,45232,30008,-10540,19468,NaN,NaN,NaN,NaN,92737,4904,-69604,-64700,49990,-4758,45232,30008,-10540,19468
1999-10-07T22:00:00Z,5.6,5.63,5.49,5.55,4904,-69604,-64700,49990,-4758,45232,30008,-10540,19468,NaN,NaN,NaN,NaN,92737,4904,-69604,-64700,49990,-4758,45232,30008,-10540,19468
1999-10-10T22:00:00Z,5.525,5.575,5.51,5.532,4904,-69604,-64700,49990,-4758,45232,30008,-10540,19468,NaN,NaN,NaN,NaN,92737,4904,-69604,-64700,49990,-4758,45232,30008,-10540,19468
1999-10-11T22:00:00Z,5.53,5.61,5.525,5.567,4105,-73622,-69517,53320,-3134,50186,29924,-10593,19331,NaN,NaN,NaN,NaN,95551,4105,-73622,-69517,53320,-3134,50186,29924,-10593,19331
1999-10-12T22:00:00Z,5.56,5.64,5.55,5.6,4105,-73622,-69517,53320,-3134,50186,29924,-10593,19331,NaN,NaN,NaN,NaN,95551,4105,-73622,-69517,53320,-3134,50186,29924,-10593,19331
1999-10-13T22:00:00Z,5.61,5.675,5.3,5.34,4105,-73622,-69517,53320,-3134,50186,29924,-10593,19331,NaN,NaN,NaN,NaN,95551,4105,-73622,-69517,53320,-3134,50186,29924,-10593,19331
1999-10-14T22:00:00Z,5.34,5.41,5.32,5.338,4105,-73622,-69517,53320,-3134,50186,29924,-10593,19331,NaN,NaN,NaN,NaN,95551,4105,-73622,-69517,53320,-3134,50186,29924,-10593,19331
1999-10-17T22:00:00Z,5.36,5.38,5.205,5.24,4105,-73622,-69517,53320,-3134,50186,29924,-10593,19331,NaN,NaN,NaN,NaN,95551,4105,-73622,-69517,53320,-3134,50186,29924,-10593,19331
1999-10-18T22:00:00Z,5.245,5.265,5.17,5.223,6556,-58396,-51840,37266,-2571,34695,29137,-11992,17145,NaN,NaN,NaN,NaN,80320,6556,-58396,-51840,37266,-2571,34695,29137,-11992,17145
1999-10-19T22:00:00Z,5.225,5.28,5.2,5.205,6556,-58396,-51840,37266,-2571,34695,29137,-11992,17145,NaN,NaN,NaN,NaN,80320,6556,-58396,-51840,37266,-2571,34695,29137,-11992,17145
1999-10-20T22:00:00Z,5.21,5.25,5.15,5.233,6556,-58396,-51840,37266,-2571,34695,29137,-11992,17145,NaN,NaN,NaN,NaN,80320,6556,-58396,-51840,37266,-2571,34695,29137,-11992,17145
1999-10-21T22:00:00Z,5.23,5.26,5.2,5.25,6556,-58396,-51840,37266,-2571,34695,29137,-11992,17145,NaN,NaN,NaN,NaN,80320,6556,-58396,-51840,37266,-2571,34695,29137,-11992,17145
1999-10-24T22:00:00Z,5.26,5.3,5.24,5.263,6556,-58396,-51840,37266,-2571,34695,29137,-11992,17145,NaN,NaN,NaN,NaN,80320,6556,-58396,-51840,37266,-2571,34695,29137,-11992,17145
1999-10-25T22:00:00Z,5.265,5.31,5.18,5.21,8546,-54903,-46357,33033,-4787,28246,28599,-10488,18111,NaN,NaN,NaN,NaN,77899,8546,-54903,-46357,33033,-4787,28246,28599,-10488,18111
1999-10-26T22:00:00Z,5.205,5.245,5.17,5.208,8546,-54903,-46357,33033,-4787,28246,28599,-10488,18111,NaN,NaN,NaN,NaN,77899,8546,-54903,-46357,33033,-4787,28246,28599,-10488,18111
1999-10-27T22:00:00Z,5.2,5.29,5.2,5.28,8546,-54903,-46357,33033,-4787,28246,28599,-10488,18111,NaN,NaN,NaN,NaN,77899,8546,-54903,-46357,33033,-4787,28246,28599,-10488,18111
1999-10-28T22:00:00Z,5.285,5.33,5.17,5.18,8546,-54903,-46357,33033,-4787,28246,28599,-10488,18111,NaN,NaN,NaN,NaN,77899,8546,-54903,-46357,33033,-4787,28246,28599,-10488,18111
1999-10-31T23:00:00Z,5.205,5.23,5.155,5.22,8546,-54903,-46357,33033,-4787,28246,28599,-10488,18111,NaN,NaN,NaN,NaN,77899,8546,-54903,-46357,33033,-4787,28246,28599,-10488,18111
1999-11-01T23:00:00Z,5.22,5.23,5.18,5.225,7908,-52676,-44768,34051,-6711,27340,29299,-11871,17428,NaN,NaN,NaN,NaN,79536,7908,-52676,-44768,34051,-6711,27340,29299,-11871,17428
1999-11-02T23:00:00Z,5.225,5.245,5.205,5.227,7908,-52676,-44768,34051,-6711,27340,29299,-11871,17428,NaN,NaN,NaN,NaN,79536,7908,-52676,-44768,34051,-6711,27340,29299,-11871,17428
1999-11-03T23:00:00Z,5.225,5.255,5.215,5.222,7908,-52676,-44768,34051,-6711,27340,29299,-11871,17428,NaN,NaN,NaN,NaN,79536,7908,-52676,-44768,34051,-6711,27340,29299,-11871,17428
1999-11-04T23:00:00Z,5.22,5.235,5.08,5.085,7908,-52676,-44768,34051,-6711,27340,29299,-11871,17428,NaN,NaN,NaN,NaN,79536,7908,-52676,-44768,34051,-6711,27340,29299,-11871,17428
1999-11-07T23:00:00Z,5.09,5.105,5.025,5.053,7908,-52676,-44768,34051,-6711,27340,29299,-11871,17428,NaN,NaN,NaN,NaN,79536,7908,-52676,-44768,34051,-6711,27340,29299,-11871,17428
1999-11-08T23:00:00Z,5.055,5.12,5.055,5.088,14267,-47845,-33578,32436,-16595,15841,32850,-15113,17737,NaN,NaN,NaN,NaN,86458,14267,-47845,-33578,32436,-16595,15841,32850,-15113,17737
1999-11-09T23:00:00Z,5.095,5.205,5.085,5.13,14267,-47845,-33578,32436,-16595,15841,32850,-15113,17737,NaN,NaN,NaN,NaN,86458,14267,-47845,-33578,32436,-16595,15841,32850,-15113,17737
1999-11-10T23:00:00Z,5.14,5.15,5.085,5.098,14267,-47845,-33578,32436,-16595,15841,32850,-15113,17737,NaN,NaN,NaN,NaN,86458,14267,-47845,-33578,32436,-16595,15841,32850,-15113,17737
1999-11-11T23:00:00Z,5.12,5.12,5.05,5.055,14267,-47845,-33578,32436,-16595,15841,32850,-15113,17737,NaN,NaN,NaN,NaN,86458,14267,-47845,-33578,32436,-16595,15841,32850,-15113,17737
1999-11-14T23:00:00Z,5.08,5.105,5.055,5.098,14267,-47845,-33578,32436,-16595,15841,32850,-15113,17737,NaN,NaN,NaN,NaN,86458,14267,-47845,-33578,32436,-16595,15841,32850,-15113,17737
1999-11-15T23:00:00Z,5.085,5.185,5.08,5.165,10875,-46755,-35880,32714,-14121,18593,32168,-14881,17287,NaN,NaN,NaN,NaN,81061,10875,-46755,-35880,32714,-14121,18593,32168,-14881,17287
1999-11-16T23:00:00Z,5.155,5.185,5.09,5.108,10875,-46755,-35880,32714,-14121,18593,32168,-14881,17287,NaN,NaN,NaN,NaN,81061,10875,-46755,-35880,32714,-14121,18593,32168,-14881,17287
1999-11-17T23:00:00Z,5.115,5.155,5.11,5.15,10875,-46755,-35880,32714,-14121,18593,32168,-14881,17287,NaN,NaN,NaN,NaN,81061,10875,-46755,-35880,32714,-14121,18593,32168,-14881,17287
1999-11-18T23:00:00Z,5.15,5.18,5.12,5.13,10875,-46755,-35880,32714,-14121,18593,32168,-14881,17287,NaN,NaN,NaN,NaN,81061,10875,-46755,-35880,32714,-14121,18593,32168,-14881,17287
1999-11-21T23:00:00Z,5.13,5.215,5.125,5.2,10875,-46755,-35880,32714,-14121,18593,32168,-14881,17287,NaN,NaN,NaN,NaN,81061,10875,-46755,-35880,32714,-14121,18593,32168,-14881,17287
1999-11-23T23:00:00Z,5.285,5.285,5.215,5.235,6194,-50398,-44204,33429,-7137,26292,32685,-14773,17912,NaN,NaN,NaN,NaN,76209,6194,-50398,-44204,33429,-7137,26292,32685,-14773,17912
1999-11-28T23:00:00Z,5.25,5.255,5.2,5.208,6194,-50398,-44204,33429,-7137,26292,32685,-14773,17912,NaN,NaN,NaN,NaN,76209,6194,-50398,-44204,33429,-7137,26292,32685,-14773,17912
1999-11-29T23:00:00Z,5.21,5.31,5.21,5.24,6984,-46364,-39380,32267,-7834,24433,28116,-13169,14947,NaN,NaN,NaN,NaN,71574,6984,-46364,-39380,32267,-7834,24433,28116,-13169,14947
1999-11-30T23:00:00Z,5.24,5.25,5.18,5.218,6984,-46364,-39380,32267,-7834,24433,28116,-13169,14947,NaN,NaN,NaN,NaN,71574,6984,-46364,-39380,32267,-7834,24433,28116,-13169,14947
1999-12-01T23:00:00Z,5.22,5.23,5.11,5.135,6984,-46364,-39380,32267,-7834,24433,28116,-13169,14947,NaN,NaN,NaN,NaN,71574,6984,-46364,-39380,32267,-7834,24433,28116,-13169,14947
1999-12-02T23:00:00Z,5.135,5.16,5.105,5.145,6984,-46364,-39380,32267,-7834,24433,28116,-13169,14947,NaN,NaN,NaN,NaN,71574,6984,-46364,-39380,32267,-7834,24433,28116,-13169,14947
1999-12-05T23:00:00Z,5.14,5.16,5.055,5.155,6984,-46364,-39380,32267,-7834,24433,28116,-13169,14947,NaN,NaN,NaN,NaN,71574,6984,-46364,-39380,32267,-7834,24433,28116,-13169,14947
1999-12-06T23:00:00Z,5.155,5.2,5.145,5.193,6867,-44784,-37917,31749,-8771,22978,27499,-12560,14939,NaN,NaN,NaN,NaN,69769,6867,-44784,-37917,31749,-8771,22978,27499,-12560,14939
1999-12-07T23:00:00Z,5.195,5.225,5.13,5.165,6867,-44784,-37917,31749,-8771,22978,27499,-12560,14939,NaN,NaN,NaN,NaN,69769,6867,-44784,-37917,31749,-8771,22978,27499,-12560,14939
1999-12-08T23:00:00Z,5.17,5.17,5.13,5.153,6867,-44784,-37917,31749,-8771,22978,27499,-12560,14939,NaN,NaN,NaN,NaN,69769,6867,-44784,-37917,31749,-8771,22978,27499,-12560,14939
1999-12-09T23:00:00Z,5.15,5.185,5.15,5.165,6867,-44784,-37917,31749,-8771,22978,27499,-12560,14939,NaN,NaN,NaN,NaN,69769,6867,-44784,-37917,31749,-8771,22978,27499,-12560,14939
1999-12-12T23:00:00Z,5.16,5.18,5.145,5.163,6867,-44784,-37917,31749,-8771,22978,27499,-12560,14939,NaN,NaN,NaN,NaN,69769,6867,-44784,-37917,31749,-8771,22978,27499,-12560,14939
1999-12-13T23:00:00Z,5.17,5.26,5.15,5.23,6949,-45573,-38624,30943,-8514,22429,28038,-11843,16195,NaN,NaN,NaN,NaN,69789,6949,-45573,-38624,30943,-8514,22429,28038,-11843,16195
1999-12-14T23:00:00Z,5.24,5.25,5.205,5.225,6949,-45573,-38624,30943,-8514,22429,28038,-11843,16195,NaN,NaN,NaN,NaN,69789,6949,-45573,-38624,30943,-8514,22429,28038,-11843,16195
1999-12-15T23:00:00Z,5.235,5.26,5.19,5.25,6949,-45573,-38624,30943,-8514,22429,28038,-11843,16195,NaN,NaN,NaN,NaN,69789,6949,-45573,-38624,30943,-8514,22429,28038,-11843,16195
1999-12-16T23:00:00Z,5.25,5.31,5.235,5.262,6949,-45573,-38624,30943,-8514,22429,28038,-11843,16195,NaN,NaN,NaN,NaN,69789,6949,-45573,-38624,30943,-8514,22429,28038,-11843,16195
1999-12-19T23:00:00Z,5.265,5.275,5.23,5.235,6949,-45573,-38624,30943,-8514,22429,28038,-11843,16195,NaN,NaN,NaN,NaN,69789,6949,-45573,-38624,30943,-8514,22429,28038,-11843,16195
1999-12-20T23:00:00Z,5.23,5.24,5.185,5.2,7927,-49516,-41589,32542,-6574,25968,23558,-7937,15621,NaN,NaN,NaN,NaN,69062,7927,-49516,-41589,32542,-6574,25968,23558,-7937,15621
1999-12-21T23:00:00Z,5.22,5.28,5.195,5.267,7927,-49516,-41589,32542,-6574,25968,23558,-7937,15621,NaN,NaN,NaN,NaN,69062,7927,-49516,-41589,32542,-6574,25968,23558,-7937,15621
1999-12-22T23:00:00Z,5.27,5.27,5.24,5.247,7927,-49516,-41589,32542,-6574,25968,23558,-7937,15621,NaN,NaN,NaN,NaN,69062,7927,-49516,-41589,32542,-6574,25968,23558,-7937,15621
1999-12-26T23:00:00Z,5.23,5.285,5.215,5.255,7927,-49516,-41589,32542,-6574,25968,23558,-7937,15621,NaN,NaN,NaN,NaN,69062,7927,-49516,-41589,32542,-6574,25968,23558,-7937,15621
1999-12-27T23:00:00Z,5.255,5.27,5.225,5.242,8501,-50544,-42043,32641,-6583,26058,23782,-7797,15985,NaN,NaN,NaN,NaN,70000,8501,-50544,-42043,32641,-6583,26058,23782,-7797,15985
1999-12-28T23:00:00Z,5.24,5.44,5.235,5.415,8501,-50544,-42043,32641,-6583,26058,23782,-7797,15985,NaN,NaN,NaN,NaN,70000,8501,-50544,-42043,32641,-6583,26058,23782,-7797,15985
1999-12-29T23:00:00Z,5.425,5.47,5.37,5.453,8501,-50544,-42043,32641,-6583,26058,23782,-7797,15985,NaN,NaN,NaN,NaN,70000,8501,-50544,-42043,32641,-6583,26058,23782,-7797,15985
2000-01-03T23:00:00Z,5.42,5.42,5.32,5.375,6355,-58287,-51932,39893,-5045,34848,24600,-7516,17084,NaN,NaN,NaN,NaN,76093,6355,-58287,-51932,39893,-5045,34848,24600,-7516,17084
2000-01-04T23:00:00Z,5.375,5.38,5.16,5.21,6355,-58287,-51932,39893,-5045,34848,24600,-7516,17084,NaN,NaN,NaN,NaN,76093,6355,-58287,-51932,39893,-5045,34848,24600,-7516,17084
2000-01-05T23:00:00Z,5.205,5.215,5.15,5.167,6355,-58287,-51932,39893,-5045,34848,24600,-7516,17084,NaN,NaN,NaN,NaN,76093,6355,-58287,-51932,39893,-5045,34848,24600,-7516,17084
2000-01-06T23:00:00Z,5.17,5.215,5.15,5.195,6355,-58287,-51932,39893,-5045,34848,24600,-7516,17084,NaN,NaN,NaN,NaN,76093,6355,-58287,-51932,39893,-5045,34848,24600,-7516,17084
2000-01-09T23:00:00Z,5.19,5.23,5.17,5.19,6355,-58287,-51932,39893,-5045,34848,24600,-7516,17084,NaN,NaN,NaN,NaN,76093,6355,-58287,-51932,39893,-5045,34848,24600,-7516,17084
2000-01-10T23:00:00Z,5.19,5.22,5.19,5.195,8310,-54504,-46194,35479,-5710,29769,23855,-7430,16425,NaN,NaN,NaN,NaN,73157,8310,-54504,-46194,35479,-5710,29769,23855,-7430,16425
2000-01-11T23:00:00Z,5.205,5.225,5.125,5.143,8310,-54504,-46194,35479,-5710,29769,23855,-7430,16425,NaN,NaN,NaN,NaN,73157,8310,-54504,-46194,35479,-5710,29769,23855,-7430,16425
2000-01-12T23:00:00Z,5.14,5.175,5.125,5.153,8310,-54504,-46194,35479,-5710,29769,23855,-7430,16425,NaN,NaN,NaN,NaN,73157,8310,-54504,-46194,35479,-5710,29769,23855,-7430,16425
2000-01-13T23:00:00Z,5.16,5.18,5.13,5.15,8310,-54504,-46194,35479,-5710,29769,23855,-7430,16425,NaN,NaN,NaN,NaN,73157,8310,-54504,-46194,35479,-5710,29769,23855,-7430,16425
2000-01-17T23:00:00Z,5.16,5.19,5.125,5.165,10351,-51509,-41158,35224,-11157,24067,25297,-8206,17091,NaN,NaN,NaN,NaN,76432,10351,-51509,-41158,35224,-11157,24067,25297,-8206,17091
2000-01-18T23:00:00Z,5.17,5.19,5.14,5.173,10351,-51509,-41158,35224,-11157,24067,25297,-8206,17091,NaN,NaN,NaN,NaN,76432,10351,-51509,-41158,35224,-11157,24067,25297,-8206,17091
2000-01-19T23:00:00Z,5.18,5.285,5.155,5.257,10351,-51509,-41158,35224,-11157,24067,25297,-8206,17091,NaN,NaN,NaN,NaN,76432,10351,-51509,-41158,35224,-11157,24067,25297,-8206,17091
2000-01-20T23:00:00Z,5.26,5.3,5.23,5.26,10351,-51509,-41158,35224,-11157,24067,25297,-8206,17091,NaN,NaN,NaN,NaN,76432,10351,-51509,-41158,35224,-11157,24067,25297,-8206,17091
2000-01-23T23:00:00Z,5.26,5.32,5.255,5.293,10351,-51509,-41158,35224,-11157,24067,25297,-8206,17091,NaN,NaN,NaN,NaN,76432,10351,-51509,-41158,35224,-11157,24067,25297,-8206,17091
2000-01-24T23:00:00Z,5.295,5.36,5.29,5.315,7762,-58060,-50298,39143,-6602,32541,24907,-7150,17757,NaN,NaN,NaN,NaN,76786,7762,-58060,-50298,39143,-6602,32541,24907,-7150,17757
2000-01-25T23:00:00Z,5.32,5.325,5.255,5.283,7762,-58060,-50298,39143,-6602,32541,24907,-7150,17757,NaN,NaN,NaN,NaN,76786,7762,-58060,-50298,39143,-6602,32541,24907,-7150,17757
2000-01-26T23:00:00Z,5.28,5.43,5.255,5.415,7762,-58060,-50298,39143,-6602,32541,24907,-7150,17757,NaN,NaN,NaN,NaN,76786,7762,-58060,-50298,39143,-6602,32541,24907,-7150,17757
2000-01-27T23:00:00Z,5.415,5.5,5.32,5.327,7762,-58060,-50298,39143,-6602,32541,24907,-7150,17757,NaN,NaN,NaN,NaN,76786,7762,-58060,-50298,39143,-6602,32541,24907,-7150,17757
2000-01-30T23:00:00Z,5.31,5.36,5.275,5.317,7762,-58060,-50298,39143,-6602,32541,24907,-7150,17757,NaN,NaN,NaN,NaN,76786,7762,-58060,-50298,39143,-6602,32541,24907,-7150,17757
2000-01-31T23:00:00Z,5.32,5.325,5.23,5.253,6882,-61918,-55036,43190,-4252,38938,24459,-8361,16098,NaN,NaN,NaN,NaN,80659,6882,-61918,-55036,43190,-4252,38938,24459,-8361,16098
2000-02-01T23:00:00Z,5.255,5.315,5.235,5.24,6882,-61918,-55036,43190,-4252,38938,24459,-8361,16098,NaN,NaN,NaN,NaN,80659,6882,-61918,-55036,43190,-4252,38938,24459,-8361,16098
2000-02-02T23:00:00Z,5.24,5.295,5.235,5.288,6882,-61918,-55036,43190,-4252,38938,24459,-8361,16098,NaN,NaN,NaN,NaN,80659,6882,-61918,-55036,43190,-4252,38938,24459,-8361,16098
2000-02-03T23:00:00Z,5.29,5.6,5.28,5.572,6882,-61918,-55036,43190,-4252,38938,24459,-8361,16098,NaN,NaN,NaN,NaN,80659,6882,-61918,-55036,43190,-4252,38938,24459,-8361,16098
2000-02-06T23:00:00Z,5.57,5.6,5.26,5.285,6882,-61918,-55036,43190,-4252,38938,24459,-8361,16098,NaN,NaN,NaN,NaN,80659,6882,-61918,-55036,43190,-4252,38938,24459,-8361,16098
2000-02-07T23:00:00Z,5.29,5.37,5.28,5.34,6499,-66466,-59967,47362,-3169,44193,24376,-8602,15774,NaN,NaN,NaN,NaN,85895,6499,-66466,-59967,47362,-3169,44193,24376,-8602,15774
2000-02-08T23:00:00Z,5.345,5.46,5.33,5.43,6499,-66466,-59967,47362,-3169,44193,24376,-8602,15774,NaN,NaN,NaN,NaN,85895,6499,-66466,-59967,47362,-3169,44193,24376,-8602,15774
2000-02-09T23:00:00Z,5.43,5.47,5.35,5.425,6499,-66466,-59967,47362,-3169,44193,24376,-8602,15774,NaN,NaN,NaN,NaN,85895,6499,-66466,-59967,47362,-3169,44193,24376,-8602,15774
2000-02-10T23:00:00Z,5.425,5.445,5.335,5.35,6499,-66466,-59967,47362,-3169,44193,24376,-8602,15774,NaN,NaN,NaN,NaN,85895,6499,-66466,-59967,47362,-3169,44193,24376,-8602,15774
2000-02-13T23:00:00Z,5.355,5.355,5.26,5.27,6499,-66466,-59967,47362,-3169,44193,24376,-8602,15774,NaN,NaN,NaN,NaN,85895,6499,-66466,-59967,47362,-3169,44193,24376,-8602,15774
2000-02-14T23:00:00Z,5.28,5.3,5.25,5.258,7592,-64548,-56956,42619,-1977,40642,24232,-7918,16314,NaN,NaN,NaN,NaN,81169,7592,-64548,-56956,42619,-1977,40642,24232,-7918,16314
2000-02-15T23:00:00Z,5.26,5.32,5.255,5.305,7592,-64548,-56956,42619,-1977,40642,24232,-7918,16314,NaN,NaN,NaN,NaN,81169,7592,-64548,-56956,42619,-1977,40642,24232,-7918,16314
2000-02-16T23:00:00Z,5.3,5.355,5.25,5.265,7592,-64548,-56956,42619,-1977,40642,24232,-7918,16314,NaN,NaN,NaN,NaN,81169,7592,-64548,-56956,42619,-1977,40642,24232,-7918,16314
2000-02-17T23:00:00Z,5.26,5.295,5.26,5.283,7592,-64548,-56956,42619,-1977,40642,24232,-7918,16314,NaN,NaN,NaN,NaN,81169,7592,-64548,-56956,42619,-1977,40642,24232,-7918,16314
2000-02-21T23:00:00Z,5.285,5.3,5.24,5.293,6672,-63004,-56332,42051,-1647,40404,24621,-8693,15928,NaN,NaN,NaN,NaN,79929,6672,-63004,-56332,42051,-1647,40404,24621,-8693,15928
2000-02-22T23:00:00Z,5.3,5.305,5.255,5.263,6672,-63004,-56332,42051,-1647,40404,24621,-8693,15928,NaN,NaN,NaN,NaN,79929,6672,-63004,-56332,42051,-1647,40404,24621,-8693,15928
2000-02-23T23:00:00Z,5.26,5.265,5.16,5.17,6672,-63004,-56332,42051,-1647,40404,24621,-8693,15928,NaN,NaN,NaN,NaN,79929,6672,-63004,-56332,42051,-1647,40404,24621,-8693,15928
2000-02-24T23:00:00Z,5.175,5.19,5.035,5.04,6672,-63004,-56332,42051,-1647,40404,24621,-8693,15928,NaN,NaN,NaN,NaN,79929,6672,-63004,-56332,42051,-1647,40404,24621,-8693,15928
2000-02-27T23:00:00Z,5.11,5.15,5.09,5.11,6672,-63004,-56332,42051,-1647,40404,24621,-8693,15928,NaN,NaN,NaN,NaN,79929,6672,-63004,-56332,42051,-1647,40404,24621,-8693,15928
2000-02-28T23:00:00Z,5.11,5.15,5.1,5.108,11419,-49681,-38262,34389,-10480,23909,24514,-10161,14353,NaN,NaN,NaN,NaN,74070,11419,-49681,-38262,34389,-10480,23909,24514,-10161,14353
2000-02-29T23:00:00Z,5.125,5.19,5.12,5.133,11419,-49681,-38262,34389,-10480,23909,24514,-10161,14353,NaN,NaN,NaN,NaN,74070,11419,-49681,-38262,34389,-10480,23909,24514,-10161,14353
2000-03-01T23:00:00Z,5.14,5.14,5.06,5.063,11419,-49681,-38262,34389,-10480,23909,24514,-10161,14353,NaN,NaN,NaN,NaN,74070,11419,-49681,-38262,34389,-10480,23909,24514,-10161,14353
2000-03-02T23:00:00Z,5.065,5.17,5.06,5.153,11419,-49681,-38262,34389,-10480,23909,24514,-10161,14353,NaN,NaN,NaN,NaN,74070,11419,-49681,-38262,34389,-10480,23909,24514,-10161,14353
2000-03-05T23:00:00Z,5.145,5.15,5.1,5.105,11419,-49681,-38262,34389,-10480,23909,24514,-10161,14353,NaN,NaN,NaN,NaN,74070,11419,-49681,-38262,34389,-10480,23909,24514,-10161,14353
2000-03-06T23:00:00Z,5.105,5.165,5.1,5.12,10866,-45353,-34487,33524,-15727,17797,27807,-11117,16690,NaN,NaN,NaN,NaN,74416,10866,-45353,-34487,33524,-15727,17797,27807,-11117,16690
2000-03-07T23:00:00Z,5.13,5.14,5.11,5.125,10866,-45353,-34487,33524,-15727,17797,27807,-11117,16690,NaN,NaN,NaN,NaN,74416,10866,-45353,-34487,33524,-15727,17797,27807,-11117,16690
2000-03-08T23:00:00Z,5.125,5.155,5.075,5.14,10866,-45353,-34487,33524,-15727,17797,27807,-11117,16690,NaN,NaN,NaN,NaN,74416,10866,-45353,-34487,33524,-15727,17797,27807,-11117,16690
2000-03-09T23:00:00Z,5.145,5.155,5.105,5.107,10866,-45353,-34487,33524,-15727,17797,27807,-11117,16690,NaN,NaN,NaN,NaN,74416,10866,-45353,-34487,33524,-15727,17797,27807,-11117,16690
2000-03-12T23:00:00Z,5.12,5.16,5.105,5.107,10866,-45353,-34487,33524,-15727,17797,27807,-11117,16690,NaN,NaN,NaN,NaN,74416,10866,-45353,-34487,33524,-15727,17797,27807,-11117,16690
2000-03-13T23:00:00Z,5.12,5.155,5.115,5.132,10131,-42734,-32603,34517,-17849,16668,26508,-10573,15935,NaN,NaN,NaN,NaN,74268,10131,-42734,-32603,34517,-17849,16668,26508,-10573,15935
2000-03-14T23:00:00Z,5.135,5.2,5.1,5.165,10131,-42734,-32603,34517,-17849,16668,26508,-10573,15935,NaN,NaN,NaN,NaN,74268,10131,-42734,-32603,34517,-17849,16668,26508,-10573,15935
2000-03-15T23:00:00Z,5.17,5.175,5.09,5.125,10131,-42734,-32603,34517,-17849,16668,26508,-10573,15935,NaN,NaN,NaN,NaN,74268,10131,-42734,-32603,34517,-17849,16668,26508,-10573,15935
2000-03-16T23:00:00Z,5.13,5.14,5.105,5.13,10131,-42734,-32603,34517,-17849,16668,26508,-10573,15935,NaN,NaN,NaN,NaN,74268,10131,-42734,-32603,34517,-17849,16668,26508,-10573,15935
2000-03-19T23:00:00Z,5.13,5.145,5.06,5.068,10131,-42734,-32603,34517,-17849,16668,26508,-10573,15935,NaN,NaN,NaN,NaN,74268,10131,-42734,-32603,34517,-17849,16668,26508,-10573,15935
2000-03-20T23:00:00Z,5.075,5.2,5.065,5.158,9995,-43623,-33628,33727,-16256,17471,27062,-10905,16157,NaN,NaN,NaN,NaN,74137,9995,-43623,-33628,33727,-16256,17471,27062,-10905,16157
2000-03-21T23:00:00Z,5.165,5.21,5.15,5.165,9995,-43623,-33628,33727,-16256,17471,27062,-10905,16157,NaN,NaN,NaN,NaN,74137,9995,-43623,-33628,33727,-16256,17471,27062,-10905,16157
2000-03-22T23:00:00Z,5.17,5.17,5.1,5.123,9995,-43623,-33628,33727,-16256,17471,27062,-10905,16157,NaN,NaN,NaN,NaN,74137,9995,-43623,-33628,33727,-16256,17471,27062,-10905,16157
2000-03-23T23:00:00Z,5.125,5.17,5.105,5.148,9995,-43623,-33628,33727,-16256,17471,27062,-10905,16157,NaN,NaN,NaN,NaN,74137,9995,-43623,-33628,33727,-16256,17471,27062,-10905,16157
2000-03-26T23:00:00Z,5.155,5.155,5.105,5.12,9995,-43623,-33628,33727,-16256,17471,27062,-10905,16157,NaN,NaN,NaN,NaN,74137,9995,-43623,-33628,33727,-16256,17471,27062,-10905,16157
2000-03-27T23:00:00Z,5.115,5.135,5.095,5.103,12166,-44884,-32718,34467,-18283,16184,27004,-10470,16534,NaN,NaN,NaN,NaN,78683,12166,-44884,-32718,34467,-18283,16184,27004,-10470,16534
2000-03-28T23:00:00Z,5.105,5.12,4.965,4.98,12166,-44884,-32718,34467,-18283,16184,27004,-10470,16534,NaN,NaN,NaN,NaN,78683,12166,-44884,-32718,34467,-18283,16184,27004,-10470,16534
2000-03-29T23:00:00Z,4.99,4.99,4.92,4.983,12166,-44884,-32718,34467,-18283,16184,27004,-10470,16534,NaN,NaN,NaN,NaN,78683,12166,-44884,-32718,34467,-18283,16184,27004,-10470,16534
2000-03-30T23:00:00Z,4.98,5.05,4.95,5.045,12166,-44884,-32718,34467,-18283,16184,27004,-10470,16534,NaN,NaN,NaN,NaN,78683,12166,-44884,-32718,34467,-18283,16184,27004,-10470,16534
2000-04-02T22:00:00Z,5.045,5.085,5.035,5.057,12166,-44884,-32718,34467,-18283,16184,27004,-10470,16534,NaN,NaN,NaN,NaN,78683,12166,-44884,-32718,34467,-18283,16184,27004,-10470,16534
2000-04-03T22:00:00Z,5.055,5.21,5.015,5.165,11534,-43663,-32129,30926,-16585,14341,27880,-10092,17788,NaN,NaN,NaN,NaN,73613,11534,-43663,-32129,30926,-16585,14341,27880,-10092,17788
2000-04-04T22:00:00Z,5.155,5.19,5.115,5.137,11534,-43663,-32129,30926,-16585,14341,27880,-10092,17788,NaN,NaN,NaN,NaN,73613,11534,-43663,-32129,30926,-16585,14341,27880,-10092,17788
2000-04-05T22:00:00Z,5.135,5.15,5.1,5.132,11534,-43663,-32129,30926,-16585,14341,27880,-10092,17788,NaN,NaN,NaN,NaN,73613,11534,-43663,-32129,30926,-16585,14341,27880,-10092,17788
2000-04-06T22:00:00Z,5.145,5.145,5.105,5.122,11534,-43663,-32129,30926,-16585,14341,27880,-10092,17788,NaN,NaN,NaN,NaN,73613,11534,-43663,-32129,30926,-16585,14341,27880,-10092,17788
2000-04-09T22:00:00Z,5.135,5.185,5.12,5.168,11534,-43663,-32129,30926,-16585,14341,27880,-10092,17788,NaN,NaN,NaN,NaN,73613,11534,-43663,-32129,30926,-16585,14341,27880,-10092,17788
2000-04-10T22:00:00Z,5.17,5.185,5.13,5.145,11487,-45124,-33637,30727,-12629,18098,25694,-10155,15539,NaN,NaN,NaN,NaN,71464,11487,-45124,-33637,30727,-12629,18098,25694,-10155,15539
2000-04-11T22:00:00Z,5.15,5.18,5.115,5.148,11487,-45124,-33637,30727,-12629,18098,25694,-10155,15539,NaN,NaN,NaN,NaN,71464,11487,-45124,-33637,30727,-12629,18098,25694,-10155,15539
2000-04-12T22:00:00Z,5.145,5.195,5.14,5.175,11487,-45124,-33637,30727,-12629,18098,25694,-10155,15539,NaN,NaN,NaN,NaN,71464,11487,-45124,-33637,30727,-12629,18098,25694,-10155,15539
2000-04-13T22:00:00Z,5.175,5.24,5.125,5.175,11487,-45124,-33637,30727,-12629,18098,25694,-10155,15539,NaN,NaN,NaN,NaN,71464,11487,-45124,-33637,30727,-12629,18098,25694,-10155,15539
2000-04-16T22:00:00Z,5.17,5.185,5.135,5.143,11487,-45124,-33637,30727,-12629,18098,25694,-10155,15539,NaN,NaN,NaN,NaN,71464,11487,-45124,-33637,30727,-12629,18098,25694,-10155,15539
2000-04-17T22:00:00Z,5.14,5.175,5.11,5.14,16863,-52274,-35411,31313,-11727,19586,24809,-8984,15825,NaN,NaN,NaN,NaN,76728,16863,-52274,-35411,31313,-11727,19586,24809,-8984,15825
2000-04-18T22:00:00Z,5.145,5.16,5.125,5.133,16863,-52274,-35411,31313,-11727,19586,24809,-8984,15825,NaN,NaN,NaN,NaN,76728,16863,-52274,-35411,31313,-11727,19586,24809,-8984,15825
2000-04-19T22:00:00Z,5.135,5.14,4.97,5,16863,-52274,-35411,31313,-11727,19586,24809,-8984,15825,NaN,NaN,NaN,NaN,76728,16863,-52274,-35411,31313,-11727,19586,24809,-8984,15825
2000-04-23T22:00:00Z,5.01,5.035,4.95,4.953,16863,-52274,-35411,31313,-11727,19586,24809,-8984,15825,NaN,NaN,NaN,NaN,76728,16863,-52274,-35411,31313,-11727,19586,24809,-8984,15825
2000-04-24T22:00:00Z,4.955,5.02,4.955,5.015,20231,-48319,-28088,31410,-20141,11269,26278,-9459,16819,NaN,NaN,NaN,NaN,82551,20231,-48319,-28088,31410,-20141,11269,26278,-9459,16819
2000-04-25T22:00:00Z,5.01,5.02,4.93,4.947,20231,-48319,-28088,31410,-20141,11269,26278,-9459,16819,NaN,NaN,NaN,NaN,82551,20231,-48319,-28088,31410,-20141,11269,26278,-9459,16819
2000-04-26T22:00:00Z,5.015,5.045,4.975,5.015,20231,-48319,-28088,31410,-20141,11269,26278,-9459,16819,NaN,NaN,NaN,NaN,82551,20231,-48319,-28088,31410,-20141,11269,26278,-9459,16819
2000-04-27T22:00:00Z,5.025,5.04,4.985,5.015,20231,-48319,-28088,31410,-20141,11269,26278,-9459,16819,NaN,NaN,NaN,NaN,82551,20231,-48319,-28088,31410,-20141,11269,26278,-9459,16819
2000-04-30T22:00:00Z,5.025,5.1,5,5.077,20231,-48319,-28088,31410,-20141,11269,26278,-9459,16819,NaN,NaN,NaN,NaN,82551,20231,-48319,-28088,31410,-20141,11269,26278,-9459,16819
2000-05-01T22:00:00Z,5.09,5.095,5.06,5.077,12143,-40392,-28249,32221,-20428,11793,24849,-8393,16456,NaN,NaN,NaN,NaN,72673,12143,-40392,-28249,32221,-20428,11793,24849,-8393,16456
2000-05-02T22:00:00Z,5.07,5.105,5.055,5.077,12143,-40392,-28249,32221,-20428,11793,24849,-8393,16456,NaN,NaN,NaN,NaN,72673,12143,-40392,-28249,32221,-20428,11793,24849,-8393,16456
2000-05-03T22:00:00Z,5.075,5.18,5.065,5.17,12143,-40392,-28249,32221,-20428,11793,24849,-8393,16456,NaN,NaN,NaN,NaN,72673,12143,-40392,-28249,32221,-20428,11793,24849,-8393,16456
2000-05-04T22:00:00Z,5.17,5.175,5.035,5.053,12143,-40392,-28249,32221,-20428,11793,24849,-8393,16456,NaN,NaN,NaN,NaN,72673,12143,-40392,-28249,32221,-20428,11793,24849,-8393,16456
2000-05-07T22:00:00Z,5.055,5.095,5.04,5.065,12143,-40392,-28249,32221,-20428,11793,24849,-8393,16456,NaN,NaN,NaN,NaN,72673,12143,-40392,-28249,32221,-20428,11793,24849,-8393,16456
2000-05-08T22:00:00Z,5.07,5.135,5.045,5.085,11666,-43385,-31719,32293,-16209,16084,26230,-10595,15635,NaN,NaN,NaN,NaN,73478,11666,-43385,-31719,32293,-16209,16084,26230,-10595,15635
2000-05-09T22:00:00Z,5.08,5.11,5.065,5.08,11666,-43385,-31719,32293,-16209,16084,26230,-10595,15635,NaN,NaN,NaN,NaN,73478,11666,-43385,-31719,32293,-16209,16084,26230,-10595,15635
2000-05-10T22:00:00Z,5.075,5.08,5.035,5.06,11666,-43385,-31719,32293,-16209,16084,26230,-10595,15635,NaN,NaN,NaN,NaN,73478,11666,-43385,-31719,32293,-16209,16084,26230,-10595,15635
2000-05-11T22:00:00Z,5.05,5.095,5.035,5.058,11666,-43385,-31719,32293,-16209,16084,26230,-10595,15635,NaN,NaN,NaN,NaN,73478,11666,-43385,-31719,32293,-16209,16084,26230,-10595,15635
2000-05-14T22:00:00Z,5.06,5.07,5.015,5.06,11666,-43385,-31719,32293,-16209,16084,26230,-10595,15635,NaN,NaN,NaN,NaN,73478,11666,-43385,-31719,32293,-16209,16084,26230,-10595,15635
2000-05-15T22:00:00Z,5.06,5.19,5.05,5.145,10743,-42360,-31617,31607,-15284,16323,26046,-10752,15294,NaN,NaN,NaN,NaN,72016,10743,-42360,-31617,31607,-15284,16323,26046,-10752,15294
2000-05-16T22:00:00Z,5.135,5.14,5.035,5.04,10743,-42360,-31617,31607,-15284,16323,26046,-10752,15294,NaN,NaN,NaN,NaN,72016,10743,-42360,-31617,31607,-15284,16323,26046,-10752,15294
2000-05-17T22:00:00Z,5.055,5.06,5,5.055,10743,-42360,-31617,31607,-15284,16323,26046,-10752,15294,NaN,NaN,NaN,NaN,72016,10743,-42360,-31617,31607,-15284,16323,26046,-10752,15294
2000-05-18T22:00:00Z,5.06,5.065,5.01,5.03,10743,-42360,-31617,31607,-15284,16323,26046,-10752,15294,NaN,NaN,NaN,NaN,72016,10743,-42360,-31617,31607,-15284,16323,26046,-10752,15294
2000-05-21T22:00:00Z,5.03,5.07,5.025,5.048,10743,-42360,-31617,31607,-15284,16323,26046,-10752,15294,NaN,NaN,NaN,NaN,72016,10743,-42360,-31617,31607,-15284,16323,26046,-10752,15294
2000-05-22T22:00:00Z,5.055,5.065,5.035,5.048,13162,-41037,-27875,32657,-20124,12533,25681,-10339,15342,NaN,NaN,NaN,NaN,75631,13162,-41037,-27875,32657,-20124,12533,25681,-10339,15342
2000-05-23T22:00:00Z,5.045,5.05,5,5.02,13162,-41037,-27875,32657,-20124,12533,25681,-10339,15342,NaN,NaN,NaN,NaN,75631,13162,-41037,-27875,32657,-20124,12533,25681,-10339,15342
2000-05-24T22:00:00Z,5.025,5.04,4.92,4.948,13162,-41037,-27875,32657,-20124,12533,25681,-10339,15342,NaN,NaN,NaN,NaN,75631,13162,-41037,-27875,32657,-20124,12533,25681,-10339,15342
2000-05-25T22:00:00Z,4.955,4.98,4.935,4.963,13162,-41037,-27875,32657,-20124,12533,25681,-10339,15342,NaN,NaN,NaN,NaN,75631,13162,-41037,-27875,32657,-20124,12533,25681,-10339,15342
2000-05-29T22:00:00Z,4.98,4.995,4.915,4.948,15036,-36092,-21056,34271,-29087,5184,27973,-12101,15872,NaN,NaN,NaN,NaN,81362,15036,-36092,-21056,34271,-29087,5184,27973,-12101,15872
2000-05-30T22:00:00Z,4.955,4.99,4.945,4.965,15036,-36092,-21056,34271,-29087,5184,27973,-12101,15872,NaN,NaN,NaN,NaN,81362,15036,-36092,-21056,34271,-29087,5184,27973,-12101,15872
2000-05-31T22:00:00Z,4.985,4.985,4.91,4.965,15036,-36092,-21056,34271,-29087,5184,27973,-12101,15872,NaN,NaN,NaN,NaN,81362,15036,-36092,-21056,34271,-29087,5184,27973,-12101,15872
2000-06-01T22:00:00Z,4.97,5.09,4.955,5.05,15036,-36092,-21056,34271,-29087,5184,27973,-12101,15872,NaN,NaN,NaN,NaN,81362,15036,-36092,-21056,34271,-29087,5184,27973,-12101,15872
2000-06-04T22:00:00Z,5.05,5.105,5.045,5.075,15036,-36092,-21056,34271,-29087,5184,27973,-12101,15872,NaN,NaN,NaN,NaN,81362,15036,-36092,-21056,34271,-29087,5184,27973,-12101,15872
2000-06-05T22:00:00Z,5.07,5.17,5.05,5.11,12980,-46187,-33207,31425,-15286,16139,26885,-9817,17068,NaN,NaN,NaN,NaN,76294,12980,-46187,-33207,31425,-15286,16139,26885,-9817,17068
2000-06-06T22:00:00Z,5.11,5.135,5.085,5.12,12980,-46187,-33207,31425,-15286,16139,26885,-9817,17068,NaN,NaN,NaN,NaN,76294,12980,-46187,-33207,31425,-15286,16139,26885,-9817,17068
2000-06-07T22:00:00Z,5.11,5.155,5.08,5.097,12980,-46187,-33207,31425,-15286,16139,26885,-9817,17068,NaN,NaN,NaN,NaN,76294,12980,-46187,-33207,31425,-15286,16139,26885,-9817,17068
2000-06-08T22:00:00Z,5.1,5.115,5.04,5.062,12980,-46187,-33207,31425,-15286,16139,26885,-9817,17068,NaN,NaN,NaN,NaN,76294,12980,-46187,-33207,31425,-15286,16139,26885,-9817,17068
2000-06-11T22:00:00Z,5.07,5.07,5.025,5.042,12980,-46187,-33207,31425,-15286,16139,26885,-9817,17068,NaN,NaN,NaN,NaN,76294,12980,-46187,-33207,31425,-15286,16139,26885,-9817,17068
2000-06-12T22:00:00Z,5.05,5.14,5.015,5.025,14899,-47542,-32643,29290,-14351,14939,26192,-8488,17704,NaN,NaN,NaN,NaN,75159,14899,-47542,-32643,29290,-14351,14939,26192,-8488,17704
2000-06-13T22:00:00Z,5.025,5.11,5.015,5.09,14899,-47542,-32643,29290,-14351,14939,26192,-8488,17704,NaN,NaN,NaN,NaN,75159,14899,-47542,-32643,29290,-14351,14939,26192,-8488,17704
2000-06-14T22:00:00Z,5.095,5.115,5.065,5.077,14899,-47542,-32643,29290,-14351,14939,26192,-8488,17704,NaN,NaN,NaN,NaN,75159,14899,-47542,-32643,29290,-14351,14939,26192,-8488,17704
2000-06-15T22:00:00Z,5.08,5.11,5.065,5.085,14899,-47542,-32643,29290,-14351,14939,26192,-8488,17704,NaN,NaN,NaN,NaN,75159,14899,-47542,-32643,29290,-14351,14939,26192,-8488,17704
2000-06-18T22:00:00Z,5.09,5.09,5.025,5.043,14899,-47542,-32643,29290,-14351,14939,26192,-8488,17704,NaN,NaN,NaN,NaN,75159,14899,-47542,-32643,29290,-14351,14939,26192,-8488,17704
2000-06-19T22:00:00Z,5.045,5.065,5.025,5.035,13497,-47322,-33825,30096,-13305,16791,24884,-7850,17034,NaN,NaN,NaN,NaN,72499,13497,-47322,-33825,30096,-13305,16791,24884,-7850,17034
2000-06-20T22:00:00Z,5.035,5.055,4.96,4.97,13497,-47322,-33825,30096,-13305,16791,24884,-7850,17034,NaN,NaN,NaN,NaN,72499,13497,-47322,-33825,30096,-13305,16791,24884,-7850,17034
2000-06-21T22:00:00Z,4.97,5,4.95,4.978,13497,-47322,-33825,30096,-13305,16791,24884,-7850,17034,NaN,NaN,NaN,NaN,72499,13497,-47322,-33825,30096,-13305,16791,24884,-7850,17034
2000-06-22T22:00:00Z,4.98,4.985,4.95,4.958,13497,-47322,-33825,30096,-13305,16791,24884,-7850,17034,NaN,NaN,NaN,NaN,72499,13497,-47322,-33825,30096,-13305,16791,24884,-7850,17034
2000-06-25T22:00:00Z,4.965,4.995,4.94,4.985,13497,-47322,-33825,30096,-13305,16791,24884,-7850,17034,NaN,NaN,NaN,NaN,72499,13497,-47322,-33825,30096,-13305,16791,24884,-7850,17034
2000-06-26T22:00:00Z,4.99,5,4.935,4.958,17575,-45338,-27763,29502,-20721,8781,28208,-9226,18982,NaN,NaN,NaN,NaN,78737,17575,-45338,-27763,29502,-20721,8781,28208,-9226,18982
2000-06-27T22:00:00Z,4.95,4.99,4.95,4.989,17575,-45338,-27763,29502,-20721,8781,28208,-9226,18982,NaN,NaN,NaN,NaN,78737,17575,-45338,-27763,29502,-20721,8781,28208,-9226,18982
2000-06-28T22:00:00Z,5.035,5.12,5.03,5.058,17575,-45338,-27763,29502,-20721,8781,28208,-9226,18982,NaN,NaN,NaN,NaN,78737,17575,-45338,-27763,29502,-20721,8781,28208,-9226,18982
2000-06-29T22:00:00Z,5.06,5.11,5.055,5.083,17575,-45338,-27763,29502,-20721,8781,28208,-9226,18982,NaN,NaN,NaN,NaN,78737,17575,-45338,-27763,29502,-20721,8781,28208,-9226,18982
2000-07-04T22:00:00Z,5.055,5.075,5.015,5.04,14944,-44365,-29421,30461,-17104,13357,25627,-9563,16064,NaN,NaN,NaN,NaN,74024,14944,-44365,-29421,30461,-17104,13357,25627,-9563,16064
2000-07-05T22:00:00Z,5.04,5.08,5.03,5.053,14944,-44365,-29421,30461,-17104,13357,25627,-9563,16064,NaN,NaN,NaN,NaN,74024,14944,-44365,-29421,30461,-17104,13357,25627,-9563,16064
2000-07-06T22:00:00Z,5.05,5.055,5.01,5.033,14944,-44365,-29421,30461,-17104,13357,25627,-9563,16064,NaN,NaN,NaN,NaN,74024,14944,-44365,-29421,30461,-17104,13357,25627,-9563,16064
2000-07-09T22:00:00Z,5.04,5.065,5.035,5.053,14944,-44365,-29421,30461,-17104,13357,25627,-9563,16064,NaN,NaN,NaN,NaN,74024,14944,-44365,-29421,30461,-17104,13357,25627,-9563,16064
2000-07-10T22:00:00Z,5.05,5.06,5.005,5.01,15297,-43208,-27911,31211,-19423,11788,25028,-8905,16123,NaN,NaN,NaN,NaN,74345,15297,-43208,-27911,31211,-19423,11788,25028,-8905,16123
2000-07-11T22:00:00Z,5.015,5.05,4.99,5.023,15297,-43208,-27911,31211,-19423,11788,25028,-8905,16123,NaN,NaN,NaN,NaN,74345,15297,-43208,-27911,31211,-19423,11788,25028,-8905,16123
2000-07-12T22:00:00Z,5.025,5.05,5,5.03,15297,-43208,-27911,31211,-19423,11788,25028,-8905,16123,NaN,NaN,NaN,NaN,74345,15297,-43208,-27911,31211,-19423,11788,25028,-8905,16123
2000-07-13T22:00:00Z,5.03,5.075,5.02,5.05,15297,-43208,-27911,31211,-19423,11788,25028,-8905,16123,NaN,NaN,NaN,NaN,74345,15297,-43208,-27911,31211,-19423,11788,25028,-8905,16123
2000-07-16T22:00:00Z,5.055,5.09,5.055,5.065,15297,-43208,-27911,31211,-19423,11788,25028,-8905,16123,NaN,NaN,NaN,NaN,74345,15297,-43208,-27911,31211,-19423,11788,25028,-8905,16123
2000-07-17T22:00:00Z,5.065,5.085,5.055,5.068,15574,-43585,-28011,29087,-17737,11350,24950,-8289,16661,NaN,NaN,NaN,NaN,72072,15574,-43585,-28011,29087,-17737,11350,24950,-8289,16661
2000-07-18T22:00:00Z,5.065,5.07,5.02,5.028,15574,-43585,-28011,29087,-17737,11350,24950,-8289,16661,NaN,NaN,NaN,NaN,72072,15574,-43585,-28011,29087,-17737,11350,24950,-8289,16661
2000-07-19T22:00:00Z,5.03,5.05,5.01,5.04,15574,-43585,-28011,29087,-17737,11350,24950,-8289,16661,NaN,NaN,NaN,NaN,72072,15574,-43585,-28011,29087,-17737,11350,24950,-8289,16661
2000-07-20T22:00:00Z,5.035,5.055,4.965,4.97,15574,-43585,-28011,29087,-17737,11350,24950,-8289,16661,NaN,NaN,NaN,NaN,72072,15574,-43585,-28011,29087,-17737,11350,24950,-8289,16661
2000-07-23T22:00:00Z,4.98,5,4.95,4.988,15574,-43585,-28011,29087,-17737,11350,24950,-8289,16661,NaN,NaN,NaN,NaN,72072,15574,-43585,-28011,29087,-17737,11350,24950,-8289,16661
2000-07-24T22:00:00Z,4.985,5.055,4.98,5.033,17686,-42570,-24884,30622,-21725,8897,24543,-8556,15987,NaN,NaN,NaN,NaN,76902,17686,-42570,-24884,30622,-21725,8897,24543,-8556,15987
2000-07-25T22:00:00Z,5.035,5.04,4.975,4.99,17686,-42570,-24884,30622,-21725,8897,24543,-8556,15987,NaN,NaN,NaN,NaN,76902,17686,-42570,-24884,30622,-21725,8897,24543,-8556,15987
2000-07-26T22:00:00Z,5,5.04,4.99,5.005,17686,-42570,-24884,30622,-21725,8897,24543,-8556,15987,NaN,NaN,NaN,NaN,76902,17686,-42570,-24884,30622,-21725,8897,24543,-8556,15987
2000-07-27T22:00:00Z,5.005,5.025,4.995,5,17686,-42570,-24884,30622,-21725,8897,24543,-8556,15987,NaN,NaN,NaN,NaN,76902,17686,-42570,-24884,30622,-21725,8897,24543,-8556,15987
2000-07-30T22:00:00Z,5.01,5.04,4.99,5.038,17686,-42570,-24884,30622,-21725,8897,24543,-8556,15987,NaN,NaN,NaN,NaN,76902,17686,-42570,-24884,30622,-21725,8897,24543,-8556,15987
2000-07-31T22:00:00Z,5.035,5.045,5.01,5.028,19545,-44777,-25232,29482,-19767,9715,24162,-8645,15517,NaN,NaN,NaN,NaN,78268,19545,-44777,-25232,29482,-19767,9715,24162,-8645,15517
2000-08-01T22:00:00Z,5.03,5.04,5.01,5.023,19545,-44777,-25232,29482,-19767,9715,24162,-8645,15517,NaN,NaN,NaN,NaN,78268,19545,-44777,-25232,29482,-19767,9715,24162,-8645,15517
2000-08-02T22:00:00Z,5.03,5.03,4.99,5.005,19545,-44777,-25232,29482,-19767,9715,24162,-8645,15517,NaN,NaN,NaN,NaN,78268,19545,-44777,-25232,29482,-19767,9715,24162,-8645,15517
2000-08-03T22:00:00Z,5.005,5.01,4.925,4.943,19545,-44777,-25232,29482,-19767,9715,24162,-8645,15517,NaN,NaN,NaN,NaN,78268,19545,-44777,-25232,29482,-19767,9715,24162,-8645,15517
2000-08-06T22:00:00Z,4.943,4.975,4.94,4.97,19545,-44777,-25232,29482,-19767,9715,24162,-8645,15517,NaN,NaN,NaN,NaN,78268,19545,-44777,-25232,29482,-19767,9715,24162,-8645,15517
2000-08-07T22:00:00Z,4.985,5,4.915,4.935,26259,-47316,-21057,31969,-25104,6865,24806,-10614,14192,NaN,NaN,NaN,NaN,89533,26259,-47316,-21057,31969,-25104,6865,24806,-10614,14192
2000-08-08T22:00:00Z,4.945,4.945,4.895,4.918,26259,-47316,-21057,31969,-25104,6865,24806,-10614,14192,NaN,NaN,NaN,NaN,89533,26259,-47316,-21057,31969,-25104,6865,24806,-10614,14192
2000-08-09T22:00:00Z,4.92,4.94,4.9,4.925,26259,-47316,-21057,31969,-25104,6865,24806,-10614,14192,NaN,NaN,NaN,NaN,89533,26259,-47316,-21057,31969,-25104,6865,24806,-10614,14192
2000-08-10T22:00:00Z,4.925,4.965,4.925,4.945,26259,-47316,-21057,31969,-25104,6865,24806,-10614,14192,NaN,NaN,NaN,NaN,89533,26259,-47316,-21057,31969,-25104,6865,24806,-10614,14192
2000-08-13T22:00:00Z,4.95,4.955,4.895,4.908,26259,-47316,-21057,31969,-25104,6865,24806,-10614,14192,NaN,NaN,NaN,NaN,89533,26259,-47316,-21057,31969,-25104,6865,24806,-10614,14192
2000-08-14T22:00:00Z,4.905,4.915,4.875,4.883,30478,-47899,-17421,33832,-30884,2948,25268,-10795,14473,NaN,NaN,NaN,NaN,96284,30478,-47899,-17421,33832,-30884,2948,25268,-10795,14473
2000-08-15T22:00:00Z,4.89,4.915,4.87,4.875,30478,-47899,-17421,33832,-30884,2948,25268,-10795,14473,NaN,NaN,NaN,NaN,96284,30478,-47899,-17421,33832,-30884,2948,25268,-10795,14473
2000-08-16T22:00:00Z,4.885,4.915,4.875,4.883,30478,-47899,-17421,33832,-30884,2948,25268,-10795,14473,NaN,NaN,NaN,NaN,96284,30478,-47899,-17421,33832,-30884,2948,25268,-10795,14473
2000-08-17T22:00:00Z,4.89,4.89,4.845,4.855,30478,-47899,-17421,33832,-30884,2948,25268,-10795,14473,NaN,NaN,NaN,NaN,96284,30478,-47899,-17421,33832,-30884,2948,25268,-10795,14473
2000-08-20T22:00:00Z,4.86,4.87,4.855,4.868,30478,-47899,-17421,33832,-30884,2948,25268,-10795,14473,NaN,NaN,NaN,NaN,96284,30478,-47899,-17421,33832,-30884,2948,25268,-10795,14473
2000-08-21T22:00:00Z,4.865,4.865,4.835,4.848,32778,-47165,-14387,34195,-32983,1212,24540,-11365,13175,NaN,NaN,NaN,NaN,98698,32778,-47165,-14387,34195,-32983,1212,24540,-11365,13175
2000-08-22T22:00:00Z,4.84,4.855,4.78,4.798,32778,-47165,-14387,34195,-32983,1212,24540,-11365,13175,NaN,NaN,NaN,NaN,98698,32778,-47165,-14387,34195,-32983,1212,24540,-11365,13175
2000-08-23T22:00:00Z,4.8,4.865,4.775,4.86,32778,-47165,-14387,34195,-32983,1212,24540,-11365,13175,NaN,NaN,NaN,NaN,98698,32778,-47165,-14387,34195,-32983,1212,24540,-11365,13175
2000-08-24T22:00:00Z,4.86,4.93,4.86,4.895,32778,-47165,-14387,34195,-32983,1212,24540,-11365,13175,NaN,NaN,NaN,NaN,98698,32778,-47165,-14387,34195,-32983,1212,24540,-11365,13175
2000-08-27T22:00:00Z,4.9,4.94,4.9,4.935,32778,-47165,-14387,34195,-32983,1212,24540,-11365,13175,NaN,NaN,NaN,NaN,98698,32778,-47165,-14387,34195,-32983,1212,24540,-11365,13175
2000-08-28T22:00:00Z,4.93,4.955,4.905,4.947,26932,-42244,-15312,33377,-30678,2699,22972,-10359,12613,NaN,NaN,NaN,NaN,87766,26932,-42244,-15312,33377,-30678,2699,22972,-10359,12613
2000-08-29T22:00:00Z,5.015,5.015,4.962,4.985,26932,-42244,-15312,33377,-30678,2699,22972,-10359,12613,NaN,NaN,NaN,NaN,87766,26932,-42244,-15312,33377,-30678,2699,22972,-10359,12613
2000-08-30T22:00:00Z,4.985,5.085,4.98,5.045,26932,-42244,-15312,33377,-30678,2699,22972,-10359,12613,NaN,NaN,NaN,NaN,87766,26932,-42244,-15312,33377,-30678,2699,22972,-10359,12613
2000-08-31T22:00:00Z,5.045,5.055,5.025,5.047,26932,-42244,-15312,33377,-30678,2699,22972,-10359,12613,NaN,NaN,NaN,NaN,87766,26932,-42244,-15312,33377,-30678,2699,22972,-10359,12613
2000-09-04T22:00:00Z,5.04,5.05,5.01,5.04,17844,-38985,-21141,32041,-24432,7609,22053,-8521,13532,NaN,NaN,NaN,NaN,74290,17844,-38985,-21141,32041,-24432,7609,22053,-8521,13532
2000-09-05T22:00:00Z,5.04,5.045,5.02,5.027,17844,-38985,-21141,32041,-24432,7609,22053,-8521,13532,NaN,NaN,NaN,NaN,74290,17844,-38985,-21141,32041,-24432,7609,22053,-8521,13532
2000-09-06T22:00:00Z,5.03,5.03,4.95,4.982,17844,-38985,-21141,32041,-24432,7609,22053,-8521,13532,NaN,NaN,NaN,NaN,74290,17844,-38985,-21141,32041,-24432,7609,22053,-8521,13532
2000-09-07T22:00:00Z,4.98,4.995,4.96,4.972,17844,-38985,-21141,32041,-24432,7609,22053,-8521,13532,NaN,NaN,NaN,NaN,74290,17844,-38985,-21141,32041,-24432,7609,22053,-8521,13532
2000-09-10T22:00:00Z,4.97,4.97,4.93,4.937,17844,-38985,-21141,32041,-24432,7609,22053,-8521,13532,NaN,NaN,NaN,NaN,74290,17844,-38985,-21141,32041,-24432,7609,22053,-8521,13532
2000-09-11T22:00:00Z,4.94,4.985,4.925,4.962,14892,-37617,-22725,33240,-23985,9255,22206,-8736,13470,NaN,NaN,NaN,NaN,72522,14892,-37617,-22725,33240,-23985,9255,22206,-8736,13470
2000-09-12T22:00:00Z,4.955,4.97,4.925,4.947,14892,-37617,-22725,33240,-23985,9255,22206,-8736,13470,NaN,NaN,NaN,NaN,72522,14892,-37617,-22725,33240,-23985,9255,22206,-8736,13470
2000-09-13T22:00:00Z,4.945,4.98,4.94,4.95,14892,-37617,-22725,33240,-23985,9255,22206,-8736,13470,NaN,NaN,NaN,NaN,72522,14892,-37617,-22725,33240,-23985,9255,22206,-8736,13470
2000-09-14T22:00:00Z,4.96,4.96,4.905,4.93,14892,-37617,-22725,33240,-23985,9255,22206,-8736,13470,NaN,NaN,NaN,NaN,72522,14892,-37617,-22725,33240,-23985,9255,22206,-8736,13470
2000-09-17T22:00:00Z,4.93,4.965,4.93,4.938,14892,-37617,-22725,33240,-23985,9255,22206,-8736,13470,NaN,NaN,NaN,NaN,72522,14892,-37617,-22725,33240,-23985,9255,22206,-8736,13470
2000-09-18T22:00:00Z,4.935,4.96,4.93,4.945,15525,-36211,-20686,32520,-25741,6779,22783,-8876,13907,NaN,NaN,NaN,NaN,73625,15525,-36211,-20686,32520,-25741,6779,22783,-8876,13907
2000-09-19T22:00:00Z,4.95,4.96,4.885,4.893,15525,-36211,-20686,32520,-25741,6779,22783,-8876,13907,NaN,NaN,NaN,NaN,73625,15525,-36211,-20686,32520,-25741,6779,22783,-8876,13907
2000-09-20T22:00:00Z,4.9,4.94,4.895,4.935,15525,-36211,-20686,32520,-25741,6779,22783,-8876,13907,NaN,NaN,NaN,NaN,73625,15525,-36211,-20686,32520,-25741,6779,22783,-8876,13907
2000-09-21T22:00:00Z,4.93,5.01,4.93,4.973,15525,-36211,-20686,32520,-25741,6779,22783,-8876,13907,NaN,NaN,NaN,NaN,73625,15525,-36211,-20686,32520,-25741,6779,22783,-8876,13907
2000-09-24T22:00:00Z,4.975,4.98,4.945,4.978,15525,-36211,-20686,32520,-25741,6779,22783,-8876,13907,NaN,NaN,NaN,NaN,73625,15525,-36211,-20686,32520,-25741,6779,22783,-8876,13907
2000-09-25T22:00:00Z,4.98,5,4.97,4.983,16074,-36786,-20712,32378,-25470,6908,22164,-8360,13804,NaN,NaN,NaN,NaN,73351,16074,-36786,-20712,32378,-25470,6908,22164,-8360,13804
2000-09-26T22:00:00Z,4.99,5.03,4.97,5.02,16074,-36786,-20712,32378,-25470,6908,22164,-8360,13804,NaN,NaN,NaN,NaN,73351,16074,-36786,-20712,32378,-25470,6908,22164,-8360,13804
2000-09-27T22:00:00Z,5.02,5.025,4.99,5.002,16074,-36786,-20712,32378,-25470,6908,22164,-8360,13804,NaN,NaN,NaN,NaN,73351,16074,-36786,-20712,32378,-25470,6908,22164,-8360,13804
2000-09-28T22:00:00Z,5.01,5.015,4.915,4.948,16074,-36786,-20712,32378,-25470,6908,22164,-8360,13804,NaN,NaN,NaN,NaN,73351,16074,-36786,-20712,32378,-25470,6908,22164,-8360,13804
2000-10-01T22:00:00Z,4.955,4.97,4.945,4.955,16074,-36786,-20712,32378,-25470,6908,22164,-8360,13804,NaN,NaN,NaN,NaN,73351,16074,-36786,-20712,32378,-25470,6908,22164,-8360,13804
2000-10-02T22:00:00Z,4.955,4.965,4.945,4.962,15734,-38080,-22346,31772,-23114,8658,22112,-8424,13688,NaN,NaN,NaN,NaN,72365,15734,-38080,-22346,31772,-23114,8658,22112,-8424,13688
2000-10-03T22:00:00Z,4.96,4.965,4.92,4.923,15734,-38080,-22346,31772,-23114,8658,22112,-8424,13688,NaN,NaN,NaN,NaN,72365,15734,-38080,-22346,31772,-23114,8658,22112,-8424,13688
2000-10-04T22:00:00Z,4.925,4.955,4.92,4.938,15734,-38080,-22346,31772,-23114,8658,22112,-8424,13688,NaN,NaN,NaN,NaN,72365,15734,-38080,-22346,31772,-23114,8658,22112,-8424,13688
2000-10-05T22:00:00Z,4.94,4.955,4.91,4.928,15734,-38080,-22346,31772,-23114,8658,22112,-8424,13688,NaN,NaN,NaN,NaN,72365,15734,-38080,-22346,31772,-23114,8658,22112,-8424,13688
2000-10-08T22:00:00Z,4.94,4.945,4.925,4.93,15734,-38080,-22346,31772,-23114,8658,22112,-8424,13688,NaN,NaN,NaN,NaN,72365,15734,-38080,-22346,31772,-23114,8658,22112,-8424,13688
2000-10-09T22:00:00Z,4.94,4.98,4.93,4.963,16583,-40721,-24138,32440,-23592,8848,23245,-7955,15290,NaN,NaN,NaN,NaN,74915,16583,-40721,-24138,32440,-23592,8848,23245,-7955,15290
2000-10-10T22:00:00Z,4.97,4.985,4.905,4.915,16583,-40721,-24138,32440,-23592,8848,23245,-7955,15290,NaN,NaN,NaN,NaN,74915,16583,-40721,-24138,32440,-23592,8848,23245,-7955,15290
2000-10-11T22:00:00Z,4.92,4.97,4.91,4.968,16583,-40721,-24138,32440,-23592,8848,23245,-7955,15290,NaN,NaN,NaN,NaN,74915,16583,-40721,-24138,32440,-23592,8848,23245,-7955,15290
2000-10-12T22:00:00Z,4.97,4.97,4.915,4.925,16583,-40721,-24138,32440,-23592,8848,23245,-7955,15290,NaN,NaN,NaN,NaN,74915,16583,-40721,-24138,32440,-23592,8848,23245,-7955,15290
2000-10-15T22:00:00Z,4.925,4.945,4.905,4.923,16583,-40721,-24138,32440,-23592,8848,23245,-7955,15290,NaN,NaN,NaN,NaN,74915,16583,-40721,-24138,32440,-23592,8848,23245,-7955,15290
2000-10-16T22:00:00Z,4.93,4.93,4.87,4.885,17053,-39448,-22395,34715,-26971,7744,23778,-9127,14651,NaN,NaN,NaN,NaN,78490,17053,-39448,-22395,34715,-26971,7744,23778,-9127,14651
2000-10-17T22:00:00Z,4.89,4.94,4.88,4.893,17053,-39448,-22395,34715,-26971,7744,23778,-9127,14651,NaN,NaN,NaN,NaN,78490,17053,-39448,-22395,34715,-26971,7744,23778,-9127,14651
2000-10-18T22:00:00Z,4.89,4.895,4.855,4.865,17053,-39448,-22395,34715,-26971,7744,23778,-9127,14651,NaN,NaN,NaN,NaN,78490,17053,-39448,-22395,34715,-26971,7744,23778,-9127,14651
2000-10-19T22:00:00Z,4.88,4.89,4.845,4.865,17053,-39448,-22395,34715,-26971,7744,23778,-9127,14651,NaN,NaN,NaN,NaN,78490,17053,-39448,-22395,34715,-26971,7744,23778,-9127,14651
2000-10-22T22:00:00Z,4.865,4.885,4.815,4.82,17053,-39448,-22395,34715,-26971,7744,23778,-9127,14651,NaN,NaN,NaN,NaN,78490,17053,-39448,-22395,34715,-26971,7744,23778,-9127,14651
2000-10-23T22:00:00Z,4.82,4.86,4.815,4.833,19786,-38713,-18927,35485,-32451,3034,24065,-8172,15893,NaN,NaN,NaN,NaN,82093,19786,-38713,-18927,35485,-32451,3034,24065,-8172,15893
2000-10-24T22:00:00Z,4.835,4.84,4.795,4.798,19786,-38713,-18927,35485,-32451,3034,24065,-8172,15893,NaN,NaN,NaN,NaN,82093,19786,-38713,-18927,35485,-32451,3034,24065,-8172,15893
2000-10-25T22:00:00Z,4.8,4.815,4.76,4.765,19786,-38713,-18927,35485,-32451,3034,24065,-8172,15893,NaN,NaN,NaN,NaN,82093,19786,-38713,-18927,35485,-32451,3034,24065,-8172,15893
2000-10-26T22:00:00Z,4.765,4.805,4.73,4.78,19786,-38713,-18927,35485,-32451,3034,24065,-8172,15893,NaN,NaN,NaN,NaN,82093,19786,-38713,-18927,35485,-32451,3034,24065,-8172,15893
2000-10-29T23:00:00Z,4.795,4.81,4.765,4.77,19786,-38713,-18927,35485,-32451,3034,24065,-8172,15893,NaN,NaN,NaN,NaN,82093,19786,-38713,-18927,35485,-32451,3034,24065,-8172,15893
2000-10-30T23:00:00Z,4.775,4.795,4.755,4.778,22533,-38767,-16234,34460,-34750,-290,25027,-8503,16524,NaN,NaN,NaN,NaN,84841,22533,-38767,-16234,34460,-34750,-290,25027,-8503,16524
2000-10-31T23:00:00Z,4.78,4.805,4.755,4.798,22533,-38767,-16234,34460,-34750,-290,25027,-8503,16524,NaN,NaN,NaN,NaN,84841,22533,-38767,-16234,34460,-34750,-290,25027,-8503,16524
2000-11-01T23:00:00Z,4.795,4.84,4.73,4.735,22533,-38767,-16234,34460,-34750,-290,25027,-8503,16524,NaN,NaN,NaN,NaN,84841,22533,-38767,-16234,34460,-34750,-290,25027,-8503,16524
2000-11-02T23:00:00Z,4.74,4.78,4.74,4.765,22533,-38767,-16234,34460,-34750,-290,25027,-8503,16524,NaN,NaN,NaN,NaN,84841,22533,-38767,-16234,34460,-34750,-290,25027,-8503,16524
2000-11-05T23:00:00Z,4.77,4.79,4.765,4.785,22533,-38767,-16234,34460,-34750,-290,25027,-8503,16524,NaN,NaN,NaN,NaN,84841,22533,-38767,-16234,34460,-34750,-290,25027,-8503,16524
2000-11-06T23:00:00Z,4.785,4.795,4.74,4.745,23369,-39202,-15833,35551,-35563,-12,24995,-9150,15845,NaN,NaN,NaN,NaN,86546,23369,-39202,-15833,35551,-35563,-12,24995,-9150,15845
2000-11-07T23:00:00Z,4.745,4.775,4.745,4.763,23369,-39202,-15833,35551,-35563,-12,24995,-9150,15845,NaN,NaN,NaN,NaN,86546,23369,-39202,-15833,35551,-35563,-12,24995,-9150,15845
2000-11-08T23:00:00Z,4.77,4.78,4.735,4.765,23369,-39202,-15833,35551,-35563,-12,24995,-9150,15845,NaN,NaN,NaN,NaN,86546,23369,-39202,-15833,35551,-35563,-12,24995,-9150,15845
2000-11-09T23:00:00Z,4.765,4.77,4.715,4.723,23369,-39202,-15833,35551,-35563,-12,24995,-9150,15845,NaN,NaN,NaN,NaN,86546,23369,-39202,-15833,35551,-35563,-12,24995,-9150,15845
2000-11-12T23:00:00Z,4.72,4.725,4.68,4.688,23369,-39202,-15833,35551,-35563,-12,24995,-9150,15845,NaN,NaN,NaN,NaN,86546,23369,-39202,-15833,35551,-35563,-12,24995,-9150,15845
2000-11-13T23:00:00Z,4.69,4.7,4.67,4.695,25223,-38020,-12797,30920,-34630,-3710,24825,-8318,16507,NaN,NaN,NaN,NaN,84208,25223,-38020,-12797,30920,-34630,-3710,24825,-8318,16507
2000-11-14T23:00:00Z,4.695,4.705,4.665,4.688,25223,-38020,-12797,30920,-34630,-3710,24825,-8318,16507,NaN,NaN,NaN,NaN,84208,25223,-38020,-12797,30920,-34630,-3710,24825,-8318,16507
2000-11-15T23:00:00Z,4.685,4.71,4.67,4.673,25223,-38020,-12797,30920,-34630,-3710,24825,-8318,16507,NaN,NaN,NaN,NaN,84208,25223,-38020,-12797,30920,-34630,-3710,24825,-8318,16507
2000-11-16T23:00:00Z,4.675,4.685,4.655,4.658,25223,-38020,-12797,30920,-34630,-3710,24825,-8318,16507,NaN,NaN,NaN,NaN,84208,25223,-38020,-12797,30920,-34630,-3710,24825,-8318,16507
2000-11-19T23:00:00Z,4.66,4.68,4.65,4.655,25223,-38020,-12797,30920,-34630,-3710,24825,-8318,16507,NaN,NaN,NaN,NaN,84208,25223,-38020,-12797,30920,-34630,-3710,24825,-8318,16507
2000-11-21T23:00:00Z,4.63,4.645,4.62,4.628,23786,-36809,-13023,30617,-32437,-1820,24158,-9315,14843,NaN,NaN,NaN,NaN,81382,23786,-36809,-13023,30617,-32437,-1820,24158,-9315,14843
2000-11-26T23:00:00Z,4.635,4.7,4.62,4.698,23786,-36809,-13023,30617,-32437,-1820,24158,-9315,14843,NaN,NaN,NaN,NaN,81382,23786,-36809,-13023,30617,-32437,-1820,24158,-9315,14843
2000-11-27T23:00:00Z,4.695,4.72,4.69,4.698,22809,-36915,-14106,33049,-31370,1679,19898,-7471,12427,NaN,NaN,NaN,NaN,79683,22809,-36915,-14106,33049,-31370,1679,19898,-7471,12427
2000-11-28T23:00:00Z,4.775,4.785,4.69,4.7,22809,-36915,-14106,33049,-31370,1679,19898,-7471,12427,NaN,NaN,NaN,NaN,79683,22809,-36915,-14106,33049,-31370,1679,19898,-7471,12427
2000-11-29T23:00:00Z,4.69,4.76,4.69,4.758,22809,-36915,-14106,33049,-31370,1679,19898,-7471,12427,NaN,NaN,NaN,NaN,79683,22809,-36915,-14106,33049,-31370,1679,19898,-7471,12427
2000-11-30T23:00:00Z,4.76,4.775,4.71,4.723,22809,-36915,-14106,33049,-31370,1679,19898,-7471,12427,NaN,NaN,NaN,NaN,79683,22809,-36915,-14106,33049,-31370,1679,19898,-7471,12427
2000-12-03T23:00:00Z,4.725,4.825,4.72,4.795,22809,-36915,-14106,33049,-31370,1679,19898,-7471,12427,NaN,NaN,NaN,NaN,79683,22809,-36915,-14106,33049,-31370,1679,19898,-7471,12427
2000-12-04T23:00:00Z,4.8,4.81,4.765,4.783,16187,-30295,-14108,33964,-32716,1248,20099,-7239,12860,NaN,NaN,NaN,NaN,73515,16187,-30295,-14108,33964,-32716,1248,20099,-7239,12860
2000-12-05T23:00:00Z,4.78,4.84,4.78,4.833,16187,-30295,-14108,33964,-32716,1248,20099,-7239,12860,NaN,NaN,NaN,NaN,73515,16187,-30295,-14108,33964,-32716,1248,20099,-7239,12860
2000-12-06T23:00:00Z,4.835,4.84,4.785,4.803,16187,-30295,-14108,33964,-32716,1248,20099,-7239,12860,NaN,NaN,NaN,NaN,73515,16187,-30295,-14108,33964,-32716,1248,20099,-7239,12860
2000-12-07T23:00:00Z,4.8,4.81,4.71,4.725,16187,-30295,-14108,33964,-32716,1248,20099,-7239,12860,NaN,NaN,NaN,NaN,73515,16187,-30295,-14108,33964,-32716,1248,20099,-7239,12860
2000-12-10T23:00:00Z,4.735,4.74,4.715,4.733,16187,-30295,-14108,33964,-32716,1248,20099,-7239,12860,NaN,NaN,NaN,NaN,73515,16187,-30295,-14108,33964,-32716,1248,20099,-7239,12860
2000-12-11T23:00:00Z,4.73,4.78,4.725,4.735,15283,-31223,-15940,34400,-32456,1944,21758,-7762,13996,NaN,NaN,NaN,NaN,75097,15283,-31223,-15940,34400,-32456,1944,21758,-7762,13996
2000-12-12T23:00:00Z,4.74,4.74,4.69,4.698,15283,-31223,-15940,34400,-32456,1944,21758,-7762,13996,NaN,NaN,NaN,NaN,75097,15283,-31223,-15940,34400,-32456,1944,21758,-7762,13996
2000-12-13T23:00:00Z,4.7,4.725,4.655,4.673,15283,-31223,-15940,34400,-32456,1944,21758,-7762,13996,NaN,NaN,NaN,NaN,75097,15283,-31223,-15940,34400,-32456,1944,21758,-7762,13996
2000-12-14T23:00:00Z,4.68,4.68,4.625,4.635,15283,-31223,-15940,34400,-32456,1944,21758,-7762,13996,NaN,NaN,NaN,NaN,75097,15283,-31223,-15940,34400,-32456,1944,21758,-7762,13996
2000-12-17T23:00:00Z,4.64,4.665,4.63,4.643,15283,-31223,-15940,34400,-32456,1944,21758,-7762,13996,NaN,NaN,NaN,NaN,75097,15283,-31223,-15940,34400,-32456,1944,21758,-7762,13996
2000-12-18T23:00:00Z,4.65,4.66,4.62,4.653,16396,-28537,-12141,32047,-32841,-794,21315,-8380,12935,NaN,NaN,NaN,NaN,73261,16396,-28537,-12141,32047,-32841,-794,21315,-8380,12935
2000-12-19T23:00:00Z,4.65,4.71,4.645,4.663,16396,-28537,-12141,32047,-32841,-794,21315,-8380,12935,NaN,NaN,NaN,NaN,73261,16396,-28537,-12141,32047,-32841,-794,21315,-8380,12935
2000-12-20T23:00:00Z,4.665,4.675,4.635,4.663,16396,-28537,-12141,32047,-32841,-794,21315,-8380,12935,NaN,NaN,NaN,NaN,73261,16396,-28537,-12141,32047,-32841,-794,21315,-8380,12935
2000-12-21T23:00:00Z,4.655,4.685,4.65,4.675,16396,-28537,-12141,32047,-32841,-794,21315,-8380,12935,NaN,NaN,NaN,NaN,73261,16396,-28537,-12141,32047,-32841,-794,21315,-8380,12935
2000-12-25T23:00:00Z,4.67,4.705,4.67,4.687,15855,-28591,-12736,32052,-32812,-760,21143,-7647,13496,NaN,NaN,NaN,NaN,72291,15855,-28591,-12736,32052,-32812,-760,21143,-7647,13496
2000-12-26T23:00:00Z,4.685,4.7,4.63,4.647,15855,-28591,-12736,32052,-32812,-760,21143,-7647,13496,NaN,NaN,NaN,NaN,72291,15855,-28591,-12736,32052,-32812,-760,21143,-7647,13496
2000-12-27T23:00:00Z,4.645,4.65,4.62,4.637,15855,-28591,-12736,32052,-32812,-760,21143,-7647,13496,NaN,NaN,NaN,NaN,72291,15855,-28591,-12736,32052,-32812,-760,21143,-7647,13496
2000-12-28T23:00:00Z,4.635,4.65,4.605,4.635,15855,-28591,-12736,32052,-32812,-760,21143,-7647,13496,NaN,NaN,NaN,NaN,72291,15855,-28591,-12736,32052,-32812,-760,21143,-7647,13496
2001-01-01T23:00:00Z,4.64,4.65,4.59,4.595,17128,-27825,-10697,31882,-34097,-2215,21026,-8114,12912,NaN,NaN,NaN,NaN,73255,17128,-27825,-10697,31882,-34097,-2215,21026,-8114,12912
2001-01-02T23:00:00Z,4.595,4.605,4.535,4.54,17128,-27825,-10697,31882,-34097,-2215,21026,-8114,12912,NaN,NaN,NaN,NaN,73255,17128,-27825,-10697,31882,-34097,-2215,21026,-8114,12912
2001-01-03T23:00:00Z,4.54,4.585,4.54,4.58,17128,-27825,-10697,31882,-34097,-2215,21026,-8114,12912,NaN,NaN,NaN,NaN,73255,17128,-27825,-10697,31882,-34097,-2215,21026,-8114,12912
2001-01-04T23:00:00Z,4.58,4.615,4.56,4.6,17128,-27825,-10697,31882,-34097,-2215,21026,-8114,12912,NaN,NaN,NaN,NaN,73255,17128,-27825,-10697,31882,-34097,-2215,21026,-8114,12912
2001-01-07T23:00:00Z,4.6,4.61,4.58,4.59,17128,-27825,-10697,31882,-34097,-2215,21026,-8114,12912,NaN,NaN,NaN,NaN,73255,17128,-27825,-10697,31882,-34097,-2215,21026,-8114,12912
2001-01-08T23:00:00Z,4.6,4.6,4.565,4.59,16317,-27676,-11359,32187,-32916,-729,20761,-8673,12088,NaN,NaN,NaN,NaN,72565,16317,-27676,-11359,32187,-32916,-729,20761,-8673,12088
2001-01-09T23:00:00Z,4.595,4.595,4.555,4.575,16317,-27676,-11359,32187,-32916,-729,20761,-8673,12088,NaN,NaN,NaN,NaN,72565,16317,-27676,-11359,32187,-32916,-729,20761,-8673,12088
2001-01-10T23:00:00Z,4.585,4.605,4.56,4.593,16317,-27676,-11359,32187,-32916,-729,20761,-8673,12088,NaN,NaN,NaN,NaN,72565,16317,-27676,-11359,32187,-32916,-729,20761,-8673,12088
2001-01-11T23:00:00Z,4.6,4.675,4.59,4.655,16317,-27676,-11359,32187,-32916,-729,20761,-8673,12088,NaN,NaN,NaN,NaN,72565,16317,-27676,-11359,32187,-32916,-729,20761,-8673,12088
2001-01-15T23:00:00Z,4.645,4.72,4.64,4.71,11359,-29273,-17914,30853,-29244,1609,23272,-6967,16305,NaN,NaN,NaN,NaN,69210,11359,-29273,-17914,30853,-29244,1609,23272,-6967,16305
2001-01-16T23:00:00Z,4.71,4.8,4.69,4.743,11359,-29273,-17914,30853,-29244,1609,23272,-6967,16305,NaN,NaN,NaN,NaN,69210,11359,-29273,-17914,30853,-29244,1609,23272,-6967,16305
2001-01-17T23:00:00Z,4.74,4.835,4.72,4.825,11359,-29273,-17914,30853,-29244,1609,23272,-6967,16305,NaN,NaN,NaN,NaN,69210,11359,-29273,-17914,30853,-29244,1609,23272,-6967,16305
2001-01-18T23:00:00Z,4.83,4.88,4.775,4.78,11359,-29273,-17914,30853,-29244,1609,23272,-6967,16305,NaN,NaN,NaN,NaN,69210,11359,-29273,-17914,30853,-29244,1609,23272,-6967,16305
2001-01-21T23:00:00Z,4.78,4.835,4.74,4.805,11359,-29273,-17914,30853,-29244,1609,23272,-6967,16305,NaN,NaN,NaN,NaN,69210,11359,-29273,-17914,30853,-29244,1609,23272,-6967,16305
2001-01-22T23:00:00Z,4.81,4.835,4.79,4.805,12308,-37557,-25249,30964,-19164,11800,20000,-6551,13449,NaN,NaN,NaN,NaN,66720,12308,-37557,-25249,30964,-19164,11800,20000,-6551,13449
2001-01-23T23:00:00Z,4.805,4.81,4.765,4.793,12308,-37557,-25249,30964,-19164,11800,20000,-6551,13449,NaN,NaN,NaN,NaN,66720,12308,-37557,-25249,30964,-19164,11800,20000,-6551,13449
2001-01-24T23:00:00Z,4.795,4.86,4.76,4.81,12308,-37557,-25249,30964,-19164,11800,20000,-6551,13449,NaN,NaN,NaN,NaN,66720,12308,-37557,-25249,30964,-19164,11800,20000,-6551,13449
2001-01-25T23:00:00Z,4.805,4.85,4.78,4.825,12308,-37557,-25249,30964,-19164,11800,20000,-6551,13449,NaN,NaN,NaN,NaN,66720,12308,-37557,-25249,30964,-19164,11800,20000,-6551,13449
2001-01-28T23:00:00Z,4.82,4.835,4.795,4.823,12308,-37557,-25249,30964,-19164,11800,20000,-6551,13449,NaN,NaN,NaN,NaN,66720,12308,-37557,-25249,30964,-19164,11800,20000,-6551,13449
2001-01-29T23:00:00Z,4.81,4.865,4.81,4.82,12006,-41533,-29527,31132,-15969,15163,20608,-6244,14364,NaN,NaN,NaN,NaN,66478,12006,-41533,-29527,31132,-15969,15163,20608,-6244,14364
2001-01-30T23:00:00Z,4.82,4.83,4.795,4.815,12006,-41533,-29527,31132,-15969,15163,20608,-6244,14364,NaN,NaN,NaN,NaN,66478,12006,-41533,-29527,31132,-15969,15163,20608,-6244,14364
2001-01-31T23:00:00Z,4.82,4.825,4.765,4.81,12006,-41533,-29527,31132,-15969,15163,20608,-6244,14364,NaN,NaN,NaN,NaN,66478,12006,-41533,-29527,31132,-15969,15163,20608,-6244,14364
2001-02-01T23:00:00Z,4.8,4.81,4.77,4.788,12006,-41533,-29527,31132,-15969,15163,20608,-6244,14364,NaN,NaN,NaN,NaN,66478,12006,-41533,-29527,31132,-15969,15163,20608,-6244,14364
2001-02-04T23:00:00Z,4.77,4.775,4.695,4.698,12006,-41533,-29527,31132,-15969,15163,20608,-6244,14364,NaN,NaN,NaN,NaN,66478,12006,-41533,-29527,31132,-15969,15163,20608,-6244,14364
2001-02-05T23:00:00Z,4.7,4.7,4.65,4.67,11683,-39780,-28097,32995,-15848,17147,18921,-7971,10950,NaN,NaN,NaN,NaN,66339,11683,-39780,-28097,32995,-15848,17147,18921,-7971,10950
2001-02-06T23:00:00Z,4.665,4.685,4.615,4.625,11683,-39780,-28097,32995,-15848,17147,18921,-7971,10950,NaN,NaN,NaN,NaN,66339,11683,-39780,-28097,32995,-15848,17147,18921,-7971,10950
2001-02-07T23:00:00Z,4.625,4.64,4.565,4.57,11683,-39780,-28097,32995,-15848,17147,18921,-7971,10950,NaN,NaN,NaN,NaN,66339,11683,-39780,-28097,32995,-15848,17147,18921,-7971,10950
2001-02-12T23:00:00Z,4.56,4.58,4.545,4.55,19247,-38042,-18795,29528,-23093,6435,21022,-8662,12360,NaN,NaN,NaN,NaN,72095,19247,-38042,-18795,29528,-23093,6435,21022,-8662,12360
2001-02-13T23:00:00Z,4.555,4.565,4.505,4.515,19247,-38042,-18795,29528,-23093,6435,21022,-8662,12360,NaN,NaN,NaN,NaN,72095,19247,-38042,-18795,29528,-23093,6435,21022,-8662,12360
2001-02-14T23:00:00Z,4.52,4.54,4.49,4.518,19247,-38042,-18795,29528,-23093,6435,21022,-8662,12360,NaN,NaN,NaN,NaN,72095,19247,-38042,-18795,29528,-23093,6435,21022,-8662,12360
2001-02-15T23:00:00Z,4.525,4.53,4.48,4.49,19247,-38042,-18795,29528,-23093,6435,21022,-8662,12360,NaN,NaN,NaN,NaN,72095,19247,-38042,-18795,29528,-23093,6435,21022,-8662,12360
2001-02-19T23:00:00Z,4.49,4.505,4.41,4.42,22424,-35316,-12892,29426,-28215,1211,21556,-9875,11681,NaN,NaN,NaN,NaN,76826,22424,-35316,-12892,29426,-28215,1211,21556,-9875,11681
2001-02-20T23:00:00Z,4.41,4.44,4.395,4.408,22424,-35316,-12892,29426,-28215,1211,21556,-9875,11681,NaN,NaN,NaN,NaN,76826,22424,-35316,-12892,29426,-28215,1211,21556,-9875,11681
2001-02-21T23:00:00Z,4.41,4.44,4.405,4.415,22424,-35316,-12892,29426,-28215,1211,21556,-9875,11681,NaN,NaN,NaN,NaN,76826,22424,-35316,-12892,29426,-28215,1211,21556,-9875,11681
2001-02-22T23:00:00Z,4.415,4.455,4.37,4.433,22424,-35316,-12892,29426,-28215,1211,21556,-9875,11681,NaN,NaN,NaN,NaN,76826,22424,-35316,-12892,29426,-28215,1211,21556,-9875,11681
2001-02-25T23:00:00Z,4.435,4.46,4.42,4.445,22424,-35316,-12892,29426,-28215,1211,21556,-9875,11681,NaN,NaN,NaN,NaN,76826,22424,-35316,-12892,29426,-28215,1211,21556,-9875,11681
2001-02-26T23:00:00Z,4.5,4.52,4.46,4.463,27861,-39251,-11390,29767,-29560,207,20466,-9283,11183,NaN,NaN,NaN,NaN,83021,27861,-39251,-11390,29767,-29560,207,20466,-9283,11183
2001-02-27T23:00:00Z,4.465,4.58,4.445,4.515,27861,-39251,-11390,29767,-29560,207,20466,-9283,11183,NaN,NaN,NaN,NaN,83021,27861,-39251,-11390,29767,-29560,207,20466,-9283,11183
2001-02-28T23:00:00Z,4.52,4.555,4.425,4.435,27861,-39251,-11390,29767,-29560,207,20466,-9283,11183,NaN,NaN,NaN,NaN,83021,27861,-39251,-11390,29767,-29560,207,20466,-9283,11183
2001-03-01T23:00:00Z,4.43,4.485,4.43,4.458,27861,-39251,-11390,29767,-29560,207,20466,-9283,11183,NaN,NaN,NaN,NaN,83021,27861,-39251,-11390,29767,-29560,207,20466,-9283,11183
2001-03-04T23:00:00Z,4.43,4.48,4.425,4.455,27861,-39251,-11390,29767,-29560,207,20466,-9283,11183,NaN,NaN,NaN,NaN,83021,27861,-39251,-11390,29767,-29560,207,20466,-9283,11183
2001-03-05T23:00:00Z,4.45,4.47,4.415,4.445,20351,-29896,-9545,29431,-31729,-2298,20118,-8275,11843,NaN,NaN,NaN,NaN,74339,20351,-29896,-9545,29431,-31729,-2298,20118,-8275,11843
2001-03-06T23:00:00Z,4.455,4.49,4.425,4.465,20351,-29896,-9545,29431,-31729,-2298,20118,-8275,11843,NaN,NaN,NaN,NaN,74339,20351,-29896,-9545,29431,-31729,-2298,20118,-8275,11843
2001-03-07T23:00:00Z,4.465,4.535,4.45,4.51,20351,-29896,-9545,29431,-31729,-2298,20118,-8275,11843,NaN,NaN,NaN,NaN,74339,20351,-29896,-9545,29431,-31729,-2298,20118,-8275,11843
2001-03-08T23:00:00Z,4.52,4.55,4.495,4.522,20351,-29896,-9545,29431,-31729,-2298,20118,-8275,11843,NaN,NaN,NaN,NaN,74339,20351,-29896,-9545,29431,-31729,-2298,20118,-8275,11843
2001-03-11T23:00:00Z,4.54,4.55,4.42,4.44,20351,-29896,-9545,29431,-31729,-2298,20118,-8275,11843,NaN,NaN,NaN,NaN,74339,20351,-29896,-9545,29431,-31729,-2298,20118,-8275,11843
2001-03-12T23:00:00Z,4.445,4.46,4.4,4.45,18841,-29601,-10760,29642,-30709,-1067,20169,-8342,11827,NaN,NaN,NaN,NaN,73038,18841,-29601,-10760,29642,-30709,-1067,20169,-8342,11827
2001-03-13T23:00:00Z,4.45,4.47,4.415,4.458,18841,-29601,-10760,29642,-30709,-1067,20169,-8342,11827,NaN,NaN,NaN,NaN,73038,18841,-29601,-10760,29642,-30709,-1067,20169,-8342,11827
2001-03-14T23:00:00Z,4.47,4.47,4.34,4.353,18841,-29601,-10760,29642,-30709,-1067,20169,-8342,11827,NaN,NaN,NaN,NaN,73038,18841,-29601,-10760,29642,-30709,-1067,20169,-8342,11827
2001-03-18T23:00:00Z,4.305,4.345,4.305,4.32,18841,-29601,-10760,29642,-30709,-1067,20169,-8342,11827,NaN,NaN,NaN,NaN,73038,18841,-29601,-10760,29642,-30709,-1067,20169,-8342,11827
2001-03-19T23:00:00Z,4.335,4.365,4.32,4.353,22511,-30645,-8134,29711,-31153,-1442,18674,-9098,9576,NaN,NaN,NaN,NaN,75015,22511,-30645,-8134,29711,-31153,-1442,18674,-9098,9576
2001-03-20T23:00:00Z,4.35,4.37,4.33,4.348,22511,-30645,-8134,29711,-31153,-1442,18674,-9098,9576,NaN,NaN,NaN,NaN,75015,22511,-30645,-8134,29711,-31153,-1442,18674,-9098,9576
2001-03-21T23:00:00Z,4.35,4.36,4.305,4.355,22511,-30645,-8134,29711,-31153,-1442,18674,-9098,9576,NaN,NaN,NaN,NaN,75015,22511,-30645,-8134,29711,-31153,-1442,18674,-9098,9576
2001-03-22T23:00:00Z,4.35,4.385,4.335,4.363,22511,-30645,-8134,29711,-31153,-1442,18674,-9098,9576,NaN,NaN,NaN,NaN,75015,22511,-30645,-8134,29711,-31153,-1442,18674,-9098,9576
2001-03-25T23:00:00Z,4.37,4.385,4.35,4.38,22511,-30645,-8134,29711,-31153,-1442,18674,-9098,9576,NaN,NaN,NaN,NaN,75015,22511,-30645,-8134,29711,-31153,-1442,18674,-9098,9576
2001-03-26T23:00:00Z,4.38,4.46,4.345,4.435,20304,-31429,-11125,30362,-27852,2510,18437,-9822,8615,NaN,NaN,NaN,NaN,73258,20304,-31429,-11125,30362,-27852,2510,18437,-9822,8615
2001-03-27T23:00:00Z,4.45,4.45,4.37,4.375,20304,-31429,-11125,30362,-27852,2510,18437,-9822,8615,NaN,NaN,NaN,NaN,73258,20304,-31429,-11125,30362,-27852,2510,18437,-9822,8615
2001-03-28T23:00:00Z,4.38,4.39,4.32,4.335,20304,-31429,-11125,30362,-27852,2510,18437,-9822,8615,NaN,NaN,NaN,NaN,73258,20304,-31429,-11125,30362,-27852,2510,18437,-9822,8615
2001-03-29T23:00:00Z,4.34,4.34,4.29,4.295,20304,-31429,-11125,30362,-27852,2510,18437,-9822,8615,NaN,NaN,NaN,NaN,73258,20304,-31429,-11125,30362,-27852,2510,18437,-9822,8615
2001-04-01T22:00:00Z,4.3,4.32,4.27,4.315,20304,-31429,-11125,30362,-27852,2510,18437,-9822,8615,NaN,NaN,NaN,NaN,73258,20304,-31429,-11125,30362,-27852,2510,18437,-9822,8615
2001-04-02T22:00:00Z,4.32,4.365,4.295,4.313,21688,-31692,-10004,30745,-29593,1152,18831,-9979,8852,NaN,NaN,NaN,NaN,75281,21688,-31692,-10004,30745,-29593,1152,18831,-9979,8852
2001-04-03T22:00:00Z,4.32,4.37,4.295,4.34,21688,-31692,-10004,30745,-29593,1152,18831,-9979,8852,NaN,NaN,NaN,NaN,75281,21688,-31692,-10004,30745,-29593,1152,18831,-9979,8852
2001-04-04T22:00:00Z,4.34,4.36,4.33,4.353,21688,-31692,-10004,30745,-29593,1152,18831,-9979,8852,NaN,NaN,NaN,NaN,75281,21688,-31692,-10004,30745,-29593,1152,18831,-9979,8852
2001-04-05T22:00:00Z,4.36,4.37,4.32,4.335,21688,-31692,-10004,30745,-29593,1152,18831,-9979,8852,NaN,NaN,NaN,NaN,75281,21688,-31692,-10004,30745,-29593,1152,18831,-9979,8852
2001-04-08T22:00:00Z,4.34,4.355,4.305,4.315,21688,-31692,-10004,30745,-29593,1152,18831,-9979,8852,NaN,NaN,NaN,NaN,75281,21688,-31692,-10004,30745,-29593,1152,18831,-9979,8852
2001-04-09T22:00:00Z,4.32,4.34,4.3,4.325,21300,-32527,-11227,30576,-28350,2226,19495,-10494,9001,NaN,NaN,NaN,NaN,75305,21300,-32527,-11227,30576,-28350,2226,19495,-10494,9001
2001-04-10T22:00:00Z,4.315,4.39,4.305,4.363,21300,-32527,-11227,30576,-28350,2226,19495,-10494,9001,NaN,NaN,NaN,NaN,75305,21300,-32527,-11227,30576,-28350,2226,19495,-10494,9001
2001-04-11T22:00:00Z,4.37,4.385,4.35,4.368,21300,-32527,-11227,30576,-28350,2226,19495,-10494,9001,NaN,NaN,NaN,NaN,75305,21300,-32527,-11227,30576,-28350,2226,19495,-10494,9001
2001-04-15T22:00:00Z,4.375,4.46,4.365,4.44,21300,-32527,-11227,30576,-28350,2226,19495,-10494,9001,NaN,NaN,NaN,NaN,75305,21300,-32527,-11227,30576,-28350,2226,19495,-10494,9001
2001-04-16T22:00:00Z,4.44,4.44,4.36,4.368,19126,-31576,-12450,28102,-25483,2619,19749,-9918,9831,NaN,NaN,NaN,NaN,70392,19126,-31576,-12450,28102,-25483,2619,19749,-9918,9831
2001-04-18T22:00:00Z,4.37,4.445,4.355,4.427,19126,-31576,-12450,28102,-25483,2619,19749,-9918,9831,NaN,NaN,NaN,NaN,70392,19126,-31576,-12450,28102,-25483,2619,19749,-9918,9831
2001-04-19T22:00:00Z,4.435,4.475,4.405,4.44,19126,-31576,-12450,28102,-25483,2619,19749,-9918,9831,NaN,NaN,NaN,NaN,70392,19126,-31576,-12450,28102,-25483,2619,19749,-9918,9831
2001-04-22T22:00:00Z,4.44,4.45,4.395,4.44,19126,-31576,-12450,28102,-25483,2619,19749,-9918,9831,NaN,NaN,NaN,NaN,70392,19126,-31576,-12450,28102,-25483,2619,19749,-9918,9831
2001-04-23T22:00:00Z,4.44,4.485,4.43,4.453,17204,-34274,-17070,28649,-22094,6555,18658,-8143,10515,NaN,NaN,NaN,NaN,67640,17204,-34274,-17070,28649,-22094,6555,18658,-8143,10515
2001-04-24T22:00:00Z,4.45,4.465,4.35,4.365,17204,-34274,-17070,28649,-22094,6555,18658,-8143,10515,NaN,NaN,NaN,NaN,67640,17204,-34274,-17070,28649,-22094,6555,18658,-8143,10515
2001-04-25T22:00:00Z,4.37,4.42,4.365,4.377,17204,-34274,-17070,28649,-22094,6555,18658,-8143,10515,NaN,NaN,NaN,NaN,67640,17204,-34274,-17070,28649,-22094,6555,18658,-8143,10515
2001-04-26T22:00:00Z,4.415,4.44,4.395,4.4,17204,-34274,-17070,28649,-22094,6555,18658,-8143,10515,NaN,NaN,NaN,NaN,67640,17204,-34274,-17070,28649,-22094,6555,18658,-8143,10515
2001-04-29T22:00:00Z,4.4,4.41,4.35,4.358,17204,-34274,-17070,28649,-22094,6555,18658,-8143,10515,NaN,NaN,NaN,NaN,67640,17204,-34274,-17070,28649,-22094,6555,18658,-8143,10515
2001-04-30T22:00:00Z,4.365,4.395,4.35,4.385,13694,-27005,-13311,28896,-24793,4103,18964,-9756,9208,NaN,NaN,NaN,NaN,64781,13694,-27005,-13311,28896,-24793,4103,18964,-9756,9208
2001-05-01T22:00:00Z,4.39,4.425,4.37,4.395,13694,-27005,-13311,28896,-24793,4103,18964,-9756,9208,NaN,NaN,NaN,NaN,64781,13694,-27005,-13311,28896,-24793,4103,18964,-9756,9208
2001-05-02T22:00:00Z,4.395,4.415,4.36,4.365,13694,-27005,-13311,28896,-24793,4103,18964,-9756,9208,NaN,NaN,NaN,NaN,64781,13694,-27005,-13311,28896,-24793,4103,18964,-9756,9208
2001-05-03T22:00:00Z,4.37,4.38,4.325,4.36,13694,-27005,-13311,28896,-24793,4103,18964,-9756,9208,NaN,NaN,NaN,NaN,64781,13694,-27005,-13311,28896,-24793,4103,18964,-9756,9208
2001-05-06T22:00:00Z,4.355,4.36,4.325,4.327,13694,-27005,-13311,28896,-24793,4103,18964,-9756,9208,NaN,NaN,NaN,NaN,64781,13694,-27005,-13311,28896,-24793,4103,18964,-9756,9208
2001-05-07T22:00:00Z,4.33,4.345,4.32,4.335,15084,-25190,-10106,29074,-28452,622,19108,-9624,9484,NaN,NaN,NaN,NaN,66853,15084,-25190,-10106,29074,-28452,622,19108,-9624,9484
2001-05-08T22:00:00Z,4.34,4.425,4.33,4.415,15084,-25190,-10106,29074,-28452,622,19108,-9624,9484,NaN,NaN,NaN,NaN,66853,15084,-25190,-10106,29074,-28452,622,19108,-9624,9484
2001-05-09T22:00:00Z,4.395,4.42,4.325,4.35,15084,-25190,-10106,29074,-28452,622,19108,-9624,9484,NaN,NaN,NaN,NaN,66853,15084,-25190,-10106,29074,-28452,622,19108,-9624,9484
2001-05-10T22:00:00Z,4.35,4.365,4.335,4.337,15084,-25190,-10106,29074,-28452,622,19108,-9624,9484,NaN,NaN,NaN,NaN,66853,15084,-25190,-10106,29074,-28452,622,19108,-9624,9484
2001-05-13T22:00:00Z,4.335,4.37,4.33,4.357,15084,-25190,-10106,29074,-28452,622,19108,-9624,9484,NaN,NaN,NaN,NaN,66853,15084,-25190,-10106,29074,-28452,622,19108,-9624,9484
2001-05-14T22:00:00Z,4.355,4.36,4.315,4.32,16877,-25734,-8857,29584,-31045,-1461,19431,-9113,10318,NaN,NaN,NaN,NaN,69410,16877,-25734,-8857,29584,-31045,-1461,19431,-9113,10318
2001-05-15T22:00:00Z,4.33,4.475,4.33,4.463,16877,-25734,-8857,29584,-31045,-1461,19431,-9113,10318,NaN,NaN,NaN,NaN,69410,16877,-25734,-8857,29584,-31045,-1461,19431,-9113,10318
2001-05-16T22:00:00Z,4.46,4.51,4.4,4.495,16877,-25734,-8857,29584,-31045,-1461,19431,-9113,10318,NaN,NaN,NaN,NaN,69410,16877,-25734,-8857,29584,-31045,-1461,19431,-9113,10318
2001-05-17T22:00:00Z,4.49,4.625,4.45,4.577,16877,-25734,-8857,29584,-31045,-1461,19431,-9113,10318,NaN,NaN,NaN,NaN,69410,16877,-25734,-8857,29584,-31045,-1461,19431,-9113,10318
2001-05-20T22:00:00Z,4.585,4.655,4.525,4.55,16877,-25734,-8857,29584,-31045,-1461,19431,-9113,10318,NaN,NaN,NaN,NaN,69410,16877,-25734,-8857,29584,-31045,-1461,19431,-9113,10318
2001-05-21T22:00:00Z,4.55,4.58,4.525,4.568,12706,-36818,-24112,32379,-21052,11327,19545,-6760,12785,NaN,NaN,NaN,NaN,67973,12706,-36818,-24112,32379,-21052,11327,19545,-6760,12785
2001-05-22T22:00:00Z,4.575,4.605,4.515,4.58,12706,-36818,-24112,32379,-21052,11327,19545,-6760,12785,NaN,NaN,NaN,NaN,67973,12706,-36818,-24112,32379,-21052,11327,19545,-6760,12785
2001-05-23T22:00:00Z,4.58,4.69,4.555,4.62,12706,-36818,-24112,32379,-21052,11327,19545,-6760,12785,NaN,NaN,NaN,NaN,67973,12706,-36818,-24112,32379,-21052,11327,19545,-6760,12785
2001-05-24T22:00:00Z,4.61,4.62,4.555,4.583,12706,-36818,-24112,32379,-21052,11327,19545,-6760,12785,NaN,NaN,NaN,NaN,67973,12706,-36818,-24112,32379,-21052,11327,19545,-6760,12785
2001-05-28T22:00:00Z,4.575,4.575,4.52,4.54,12182,-40520,-28338,32809,-17202,15607,19785,-7054,12731,NaN,NaN,NaN,NaN,68464,12182,-40520,-28338,32809,-17202,15607,19785,-7054,12731
2001-05-29T22:00:00Z,4.55,4.55,4.43,4.445,12182,-40520,-28338,32809,-17202,15607,19785,-7054,12731,NaN,NaN,NaN,NaN,68464,12182,-40520,-28338,32809,-17202,15607,19785,-7054,12731
2001-05-30T22:00:00Z,4.455,4.475,4.4,4.41,12182,-40520,-28338,32809,-17202,15607,19785,-7054,12731,NaN,NaN,NaN,NaN,68464,12182,-40520,-28338,32809,-17202,15607,19785,-7054,12731
2001-05-31T22:00:00Z,4.41,4.45,4.385,4.423,12182,-40520,-28338,32809,-17202,15607,19785,-7054,12731,NaN,NaN,NaN,NaN,68464,12182,-40520,-28338,32809,-17202,15607,19785,-7054,12731
2001-06-03T22:00:00Z,4.42,4.445,4.325,4.335,12182,-40520,-28338,32809,-17202,15607,19785,-7054,12731,NaN,NaN,NaN,NaN,68464,12182,-40520,-28338,32809,-17202,15607,19785,-7054,12731
2001-06-04T22:00:00Z,4.335,4.375,4.33,4.343,13241,-34894,-21653,30503,-19097,11406,18800,-8553,10247,NaN,NaN,NaN,NaN,66439,13241,-34894,-21653,30503,-19097,11406,18800,-8553,10247
2001-06-05T22:00:00Z,4.35,4.375,4.33,4.34,13241,-34894,-21653,30503,-19097,11406,18800,-8553,10247,NaN,NaN,NaN,NaN,66439,13241,-34894,-21653,30503,-19097,11406,18800,-8553,10247
2001-06-06T22:00:00Z,4.35,4.35,4.325,4.335,13241,-34894,-21653,30503,-19097,11406,18800,-8553,10247,NaN,NaN,NaN,NaN,66439,13241,-34894,-21653,30503,-19097,11406,18800,-8553,10247
2001-06-07T22:00:00Z,4.34,4.385,4.31,4.37,13241,-34894,-21653,30503,-19097,11406,18800,-8553,10247,NaN,NaN,NaN,NaN,66439,13241,-34894,-21653,30503,-19097,11406,18800,-8553,10247
2001-06-10T22:00:00Z,4.37,4.38,4.32,4.338,13241,-34894,-21653,30503,-19097,11406,18800,-8553,10247,NaN,NaN,NaN,NaN,66439,13241,-34894,-21653,30503,-19097,11406,18800,-8553,10247
2001-06-11T22:00:00Z,4.335,4.38,4.33,4.375,16402,-33842,-17440,29066,-21891,7175,19294,-9029,10265,NaN,NaN,NaN,NaN,68826,16402,-33842,-17440,29066,-21891,7175,19294,-9029,10265
2001-06-12T22:00:00Z,4.375,4.425,4.36,4.415,16402,-33842,-17440,29066,-21891,7175,19294,-9029,10265,NaN,NaN,NaN,NaN,68826,16402,-33842,-17440,29066,-21891,7175,19294,-9029,10265
2001-06-13T22:00:00Z,4.42,4.495,4.395,4.47,16402,-33842,-17440,29066,-21891,7175,19294,-9029,10265,NaN,NaN,NaN,NaN,68826,16402,-33842,-17440,29066,-21891,7175,19294,-9029,10265
2001-06-14T22:00:00Z,4.465,4.47,4.385,4.4,16402,-33842,-17440,29066,-21891,7175,19294,-9029,10265,NaN,NaN,NaN,NaN,68826,16402,-33842,-17440,29066,-21891,7175,19294,-9029,10265
2001-06-17T22:00:00Z,4.395,4.44,4.37,4.422,16402,-33842,-17440,29066,-21891,7175,19294,-9029,10265,NaN,NaN,NaN,NaN,68826,16402,-33842,-17440,29066,-21891,7175,19294,-9029,10265
2001-06-18T22:00:00Z,4.42,4.435,4.395,4.4,14499,-33442,-18943,28507,-18974,9533,18594,-9184,9410,NaN,NaN,NaN,NaN,65308,14499,-33442,-18943,28507,-18974,9533,18594,-9184,9410
2001-06-20T22:00:00Z,4.345,4.36,4.28,4.323,14499,-33442,-18943,28507,-18974,9533,18594,-9184,9410,NaN,NaN,NaN,NaN,65308,14499,-33442,-18943,28507,-18974,9533,18594,-9184,9410
2001-06-21T22:00:00Z,4.32,4.345,4.3,4.303,14499,-33442,-18943,28507,-18974,9533,18594,-9184,9410,NaN,NaN,NaN,NaN,65308,14499,-33442,-18943,28507,-18974,9533,18594,-9184,9410
2001-06-24T22:00:00Z,4.32,4.325,4.29,4.298,14499,-33442,-18943,28507,-18974,9533,18594,-9184,9410,NaN,NaN,NaN,NaN,65308,14499,-33442,-18943,28507,-18974,9533,18594,-9184,9410
2001-06-25T22:00:00Z,4.295,4.355,4.29,4.348,16140,-32224,-16084,29153,-23029,6124,21457,-11497,9960,NaN,NaN,NaN,NaN,70494,16140,-32224,-16084,29153,-23029,6124,21457,-11497,9960
2001-06-26T22:00:00Z,4.35,4.35,4.295,4.305,16140,-32224,-16084,29153,-23029,6124,21457,-11497,9960,NaN,NaN,NaN,NaN,70494,16140,-32224,-16084,29153,-23029,6124,21457,-11497,9960
2001-06-27T22:00:00Z,4.35,4.36,4.315,4.332,16140,-32224,-16084,29153,-23029,6124,21457,-11497,9960,NaN,NaN,NaN,NaN,70494,16140,-32224,-16084,29153,-23029,6124,21457,-11497,9960
2001-06-28T22:00:00Z,4.325,4.36,4.32,4.327,16140,-32224,-16084,29153,-23029,6124,21457,-11497,9960,NaN,NaN,NaN,NaN,70494,16140,-32224,-16084,29153,-23029,6124,21457,-11497,9960
2001-07-01T22:00:00Z,4.33,4.34,4.28,4.31,16140,-32224,-16084,29153,-23029,6124,21457,-11497,9960,NaN,NaN,NaN,NaN,70494,16140,-32224,-16084,29153,-23029,6124,21457,-11497,9960
2001-07-02T22:00:00Z,4.31,4.32,4.265,4.278,15051,-27352,-12301,31180,-27618,3562,19418,-10679,8739,NaN,NaN,NaN,NaN,69074,15051,-27352,-12301,31180,-27618,3562,19418,-10679,8739
2001-07-04T22:00:00Z,4.28,4.28,4.23,4.238,15051,-27352,-12301,31180,-27618,3562,19418,-10679,8739,NaN,NaN,NaN,NaN,69074,15051,-27352,-12301,31180,-27618,3562,19418,-10679,8739
2001-07-05T22:00:00Z,4.23,4.27,4.2,4.265,15051,-27352,-12301,31180,-27618,3562,19418,-10679,8739,NaN,NaN,NaN,NaN,69074,15051,-27352,-12301,31180,-27618,3562,19418,-10679,8739
2001-07-08T22:00:00Z,4.265,4.285,4.23,4.243,15051,-27352,-12301,31180,-27618,3562,19418,-10679,8739,NaN,NaN,NaN,NaN,69074,15051,-27352,-12301,31180,-27618,3562,19418,-10679,8739
2001-07-09T22:00:00Z,4.24,4.28,4.235,4.263,19284,-29043,-9759,31663,-31096,567,19443,-10251,9192,NaN,NaN,NaN,NaN,73531,19284,-29043,-9759,31663,-31096,567,19443,-10251,9192
2001-07-10T22:00:00Z,4.265,4.285,4.24,4.26,19284,-29043,-9759,31663,-31096,567,19443,-10251,9192,NaN,NaN,NaN,NaN,73531,19284,-29043,-9759,31663,-31096,567,19443,-10251,9192
2001-07-11T22:00:00Z,4.27,4.28,4.24,4.268,19284,-29043,-9759,31663,-31096,567,19443,-10251,9192,NaN,NaN,NaN,NaN,73531,19284,-29043,-9759,31663,-31096,567,19443,-10251,9192
2001-07-12T22:00:00Z,4.27,4.315,4.25,4.308,19284,-29043,-9759,31663,-31096,567,19443,-10251,9192,NaN,NaN,NaN,NaN,73531,19284,-29043,-9759,31663,-31096,567,19443,-10251,9192
2001-07-15T22:00:00Z,4.3,4.315,4.2,4.21,19284,-29043,-9759,31663,-31096,567,19443,-10251,9192,NaN,NaN,NaN,NaN,73531,19284,-29043,-9759,31663,-31096,567,19443,-10251,9192
2001-07-16T22:00:00Z,4.21,4.25,4.205,4.248,22156,-29902,-7746,31520,-34106,-2586,20431,-10099,10332,NaN,NaN,NaN,NaN,77428,22156,-29902,-7746,31520,-34106,-2586,20431,-10099,10332
2001-07-17T22:00:00Z,4.245,4.31,4.19,4.288,22156,-29902,-7746,31520,-34106,-2586,20431,-10099,10332,NaN,NaN,NaN,NaN,77428,22156,-29902,-7746,31520,-34106,-2586,20431,-10099,10332
2001-07-18T22:00:00Z,4.285,4.29,4.205,4.24,22156,-29902,-7746,31520,-34106,-2586,20431,-10099,10332,NaN,NaN,NaN,NaN,77428,22156,-29902,-7746,31520,-34106,-2586,20431,-10099,10332
2001-07-19T22:00:00Z,4.245,4.25,4.21,4.24,22156,-29902,-7746,31520,-34106,-2586,20431,-10099,10332,NaN,NaN,NaN,NaN,77428,22156,-29902,-7746,31520,-34106,-2586,20431,-10099,10332
2001-07-22T22:00:00Z,4.25,4.29,4.225,4.26,22156,-29902,-7746,31520,-34106,-2586,20431,-10099,10332,NaN,NaN,NaN,NaN,77428,22156,-29902,-7746,31520,-34106,-2586,20431,-10099,10332
2001-07-23T22:00:00Z,4.25,4.27,4.235,4.26,22102,-30278,-8176,31863,-33840,-1977,19674,-9521,10153,NaN,NaN,NaN,NaN,76722,22102,-30278,-8176,31863,-33840,-1977,19674,-9521,10153
2001-07-24T22:00:00Z,4.255,4.26,4.225,4.232,22102,-30278,-8176,31863,-33840,-1977,19674,-9521,10153,NaN,NaN,NaN,NaN,76722,22102,-30278,-8176,31863,-33840,-1977,19674,-9521,10153
2001-07-25T22:00:00Z,4.235,4.275,4.225,4.24,22102,-30278,-8176,31863,-33840,-1977,19674,-9521,10153,NaN,NaN,NaN,NaN,76722,22102,-30278,-8176,31863,-33840,-1977,19674,-9521,10153
2001-07-26T22:00:00Z,4.235,4.245,4.215,4.218,22102,-30278,-8176,31863,-33840,-1977,19674,-9521,10153,NaN,NaN,NaN,NaN,76722,22102,-30278,-8176,31863,-33840,-1977,19674,-9521,10153
2001-07-29T22:00:00Z,4.215,4.24,4.2,4.208,22102,-30278,-8176,31863,-33840,-1977,19674,-9521,10153,NaN,NaN,NaN,NaN,76722,22102,-30278,-8176,31863,-33840,-1977,19674,-9521,10153
2001-07-30T22:00:00Z,4.205,4.235,4.2,4.228,22132,-30531,-8399,32373,-34126,-1753,19931,-9779,10152,NaN,NaN,NaN,NaN,77616,22132,-30531,-8399,32373,-34126,-1753,19931,-9779,10152
2001-07-31T22:00:00Z,4.23,4.245,4.225,4.233,22132,-30531,-8399,32373,-34126,-1753,19931,-9779,10152,NaN,NaN,NaN,NaN,77616,22132,-30531,-8399,32373,-34126,-1753,19931,-9779,10152
2001-08-01T22:00:00Z,4.24,4.255,4.23,4.235,22132,-30531,-8399,32373,-34126,-1753,19931,-9779,10152,NaN,NaN,NaN,NaN,77616,22132,-30531,-8399,32373,-34126,-1753,19931,-9779,10152
2001-08-02T22:00:00Z,4.24,4.24,4.21,4.228,22132,-30531,-8399,32373,-34126,-1753,19931,-9779,10152,NaN,NaN,NaN,NaN,77616,22132,-30531,-8399,32373,-34126,-1753,19931,-9779,10152
2001-08-05T22:00:00Z,4.23,4.23,4.19,4.192,22132,-30531,-8399,32373,-34126,-1753,19931,-9779,10152,NaN,NaN,NaN,NaN,77616,22132,-30531,-8399,32373,-34126,-1753,19931,-9779,10152
2001-08-06T22:00:00Z,4.195,4.2,4.115,4.172,22526,-30657,-8131,32451,-33801,-1350,19773,-10292,9481,NaN,NaN,NaN,NaN,78056,22526,-30657,-8131,32451,-33801,-1350,19773,-10292,9481
2001-08-07T22:00:00Z,4.18,4.18,4.125,4.152,22526,-30657,-8131,32451,-33801,-1350,19773,-10292,9481,NaN,NaN,NaN,NaN,78056,22526,-30657,-8131,32451,-33801,-1350,19773,-10292,9481
2001-08-08T22:00:00Z,4.145,4.24,4.14,4.217,22526,-30657,-8131,32451,-33801,-1350,19773,-10292,9481,NaN,NaN,NaN,NaN,78056,22526,-30657,-8131,32451,-33801,-1350,19773,-10292,9481
2001-08-09T22:00:00Z,4.215,4.24,4.11,4.145,22526,-30657,-8131,32451,-33801,-1350,19773,-10292,9481,NaN,NaN,NaN,NaN,78056,22526,-30657,-8131,32451,-33801,-1350,19773,-10292,9481
2001-08-12T22:00:00Z,4.15,4.18,4.125,4.147,22526,-30657,-8131,32451,-33801,-1350,19773,-10292,9481,NaN,NaN,NaN,NaN,78056,22526,-30657,-8131,32451,-33801,-1350,19773,-10292,9481
2001-08-13T22:00:00Z,4.145,4.23,4.135,4.202,20887,-30603,-9716,31157,-31783,-626,20557,-10215,10342,NaN,NaN,NaN,NaN,75207,20887,-30603,-9716,31157,-31783,-626,20557,-10215,10342
2001-08-14T22:00:00Z,4.2,4.245,4.125,4.155,20887,-30603,-9716,31157,-31783,-626,20557,-10215,10342,NaN,NaN,NaN,NaN,75207,20887,-30603,-9716,31157,-31783,-626,20557,-10215,10342
2001-08-15T22:00:00Z,4.16,4.23,4.155,4.198,20887,-30603,-9716,31157,-31783,-626,20557,-10215,10342,NaN,NaN,NaN,NaN,75207,20887,-30603,-9716,31157,-31783,-626,20557,-10215,10342
2001-08-16T22:00:00Z,4.195,4.295,4.195,4.265,20887,-30603,-9716,31157,-31783,-626,20557,-10215,10342,NaN,NaN,NaN,NaN,75207,20887,-30603,-9716,31157,-31783,-626,20557,-10215,10342
2001-08-19T22:00:00Z,4.26,4.265,4.15,4.153,20887,-30603,-9716,31157,-31783,-626,20557,-10215,10342,NaN,NaN,NaN,NaN,75207,20887,-30603,-9716,31157,-31783,-626,20557,-10215,10342
2001-08-20T22:00:00Z,4.15,4.235,4.145,4.193,18813,-31945,-13132,32955,-29985,2970,20017,-9855,10162,NaN,NaN,NaN,NaN,74613,18813,-31945,-13132,32955,-29985,2970,20017,-9855,10162
2001-08-21T22:00:00Z,4.21,4.23,4.19,4.208,18813,-31945,-13132,32955,-29985,2970,20017,-9855,10162,NaN,NaN,NaN,NaN,74613,18813,-31945,-13132,32955,-29985,2970,20017,-9855,10162
2001-08-22T22:00:00Z,4.2,4.235,4.195,4.22,18813,-31945,-13132,32955,-29985,2970,20017,-9855,10162,NaN,NaN,NaN,NaN,74613,18813,-31945,-13132,32955,-29985,2970,20017,-9855,10162
2001-08-23T22:00:00Z,4.215,4.22,4.17,4.185,18813,-31945,-13132,32955,-29985,2970,20017,-9855,10162,NaN,NaN,NaN,NaN,74613,18813,-31945,-13132,32955,-29985,2970,20017,-9855,10162
2001-08-26T22:00:00Z,4.18,4.205,4.16,4.197,18813,-31945,-13132,32955,-29985,2970,20017,-9855,10162,NaN,NaN,NaN,NaN,74613,18813,-31945,-13132,32955,-29985,2970,20017,-9855,10162
2001-08-27T22:00:00Z,4.19,4.205,4.18,4.183,18649,-31462,-12813,33344,-29872,3472,19450,-10109,9341,NaN,NaN,NaN,NaN,73714,18649,-31462,-12813,33344,-29872,3472,19450,-10109,9341
2001-08-28T22:00:00Z,4.18,4.2,4.18,4.185,18649,-31462,-12813,33344,-29872,3472,19450,-10109,9341,NaN,NaN,NaN,NaN,73714,18649,-31462,-12813,33344,-29872,3472,19450,-10109,9341
2001-08-29T22:00:00Z,4.225,4.235,4.19,4.203,18649,-31462,-12813,33344,-29872,3472,19450,-10109,9341,NaN,NaN,NaN,NaN,73714,18649,-31462,-12813,33344,-29872,3472,19450,-10109,9341
2001-08-30T22:00:00Z,4.2,4.225,4.19,4.21,18649,-31462,-12813,33344,-29872,3472,19450,-10109,9341,NaN,NaN,NaN,NaN,73714,18649,-31462,-12813,33344,-29872,3472,19450,-10109,9341
2001-09-03T22:00:00Z,4.2,4.21,4.18,4.187,18767,-29338,-10571,32968,-31365,1603,18705,-9737,8968,NaN,NaN,NaN,NaN,72547,18767,-29338,-10571,32968,-31365,1603,18705,-9737,8968
2001-09-04T22:00:00Z,4.19,4.205,4.185,4.193,18767,-29338,-10571,32968,-31365,1603,18705,-9737,8968,NaN,NaN,NaN,NaN,72547,18767,-29338,-10571,32968,-31365,1603,18705,-9737,8968
2001-09-05T22:00:00Z,4.2,4.21,4.18,4.188,18767,-29338,-10571,32968,-31365,1603,18705,-9737,8968,NaN,NaN,NaN,NaN,72547,18767,-29338,-10571,32968,-31365,1603,18705,-9737,8968
2001-09-06T22:00:00Z,4.19,4.21,4.18,4.183,18767,-29338,-10571,32968,-31365,1603,18705,-9737,8968,NaN,NaN,NaN,NaN,72547,18767,-29338,-10571,32968,-31365,1603,18705,-9737,8968
2001-09-10T22:00:00Z,4.195,4.23,4.18,4.225,17293,-27799,-10506,32728,-31498,1230,18699,-9423,9276,NaN,NaN,NaN,NaN,70825,17293,-27799,-10506,32728,-31498,1230,18699,-9423,9276
2001-09-13T22:00:00Z,4.3,4.345,4.27,4.33,17293,-27799,-10506,32728,-31498,1230,18699,-9423,9276,NaN,NaN,NaN,NaN,70825,17293,-27799,-10506,32728,-31498,1230,18699,-9423,9276
2001-09-16T22:00:00Z,4.34,4.425,4.29,4.413,17293,-27799,-10506,32728,-31498,1230,18699,-9423,9276,NaN,NaN,NaN,NaN,70825,17293,-27799,-10506,32728,-31498,1230,18699,-9423,9276
2001-09-17T22:00:00Z,4.4,4.48,4.365,4.473,11036,-23335,-12299,34064,-25205,8859,15782,-12342,3440,NaN,NaN,NaN,NaN,63592,11036,-23335,-12299,34064,-25205,8859,15782,-12342,3440
2001-09-18T22:00:00Z,4.47,4.76,4.45,4.745,11036,-23335,-12299,34064,-25205,8859,15782,-12342,3440,NaN,NaN,NaN,NaN,63592,11036,-23335,-12299,34064,-25205,8859,15782,-12342,3440
2001-09-19T22:00:00Z,4.71,4.71,4.465,4.535,11036,-23335,-12299,34064,-25205,8859,15782,-12342,3440,NaN,NaN,NaN,NaN,63592,11036,-23335,-12299,34064,-25205,8859,15782,-12342,3440
2001-09-20T22:00:00Z,4.54,4.65,4.54,4.617,11036,-23335,-12299,34064,-25205,8859,15782,-12342,3440,NaN,NaN,NaN,NaN,63592,11036,-23335,-12299,34064,-25205,8859,15782,-12342,3440
2001-09-23T22:00:00Z,4.625,4.63,4.505,4.595,11036,-23335,-12299,34064,-25205,8859,15782,-12342,3440,NaN,NaN,NaN,NaN,63592,11036,-23335,-12299,34064,-25205,8859,15782,-12342,3440
2001-09-24T22:00:00Z,4.59,4.615,4.515,4.547,9778,-35714,-25936,33697,-9577,24120,17422,-15606,1816,NaN,NaN,NaN,NaN,63127,9778,-35714,-25936,33697,-9577,24120,17422,-15606,1816
2001-09-25T22:00:00Z,4.535,4.63,4.53,4.615,9778,-35714,-25936,33697,-9577,24120,17422,-15606,1816,NaN,NaN,NaN,NaN,63127,9778,-35714,-25936,33697,-9577,24120,17422,-15606,1816
2001-09-26T22:00:00Z,4.615,4.65,4.56,4.608,9778,-35714,-25936,33697,-9577,24120,17422,-15606,1816,NaN,NaN,NaN,NaN,63127,9778,-35714,-25936,33697,-9577,24120,17422,-15606,1816
2001-09-27T22:00:00Z,4.6,4.68,4.585,4.675,9778,-35714,-25936,33697,-9577,24120,17422,-15606,1816,NaN,NaN,NaN,NaN,63127,9778,-35714,-25936,33697,-9577,24120,17422,-15606,1816
2001-09-30T22:00:00Z,4.665,4.69,4.615,4.667,9778,-35714,-25936,33697,-9577,24120,17422,-15606,1816,NaN,NaN,NaN,NaN,63127,9778,-35714,-25936,33697,-9577,24120,17422,-15606,1816
2001-10-01T22:00:00Z,4.675,4.675,4.615,4.65,8360,-52396,-44036,37429,-7436,29993,17205,-3162,14043,NaN,NaN,NaN,NaN,65473,8360,-52396,-44036,37429,-7436,29993,17205,-3162,14043
2001-10-02T22:00:00Z,4.65,4.69,4.615,4.635,8360,-52396,-44036,37429,-7436,29993,17205,-3162,14043,NaN,NaN,NaN,NaN,65473,8360,-52396,-44036,37429,-7436,29993,17205,-3162,14043
2001-10-03T22:00:00Z,4.63,4.73,4.615,4.655,8360,-52396,-44036,37429,-7436,29993,17205,-3162,14043,NaN,NaN,NaN,NaN,65473,8360,-52396,-44036,37429,-7436,29993,17205,-3162,14043
2001-10-04T22:00:00Z,4.65,4.69,4.645,4.685,8360,-52396,-44036,37429,-7436,29993,17205,-3162,14043,NaN,NaN,NaN,NaN,65473,8360,-52396,-44036,37429,-7436,29993,17205,-3162,14043
2001-10-07T22:00:00Z,4.7,4.725,4.65,4.67,8360,-52396,-44036,37429,-7436,29993,17205,-3162,14043,NaN,NaN,NaN,NaN,65473,8360,-52396,-44036,37429,-7436,29993,17205,-3162,14043
2001-10-08T22:00:00Z,4.67,4.675,4.535,4.55,8332,-57073,-48741,43743,-9004,34739,16624,-2622,14002,NaN,NaN,NaN,NaN,71215,8332,-57073,-48741,43743,-9004,34739,16624,-2622,14002
2001-10-09T22:00:00Z,4.525,4.565,4.425,4.44,8332,-57073,-48741,43743,-9004,34739,16624,-2622,14002,NaN,NaN,NaN,NaN,71215,8332,-57073,-48741,43743,-9004,34739,16624,-2622,14002
2001-10-10T22:00:00Z,4.44,4.45,4.395,4.425,8332,-57073,-48741,43743,-9004,34739,16624,-2622,14002,NaN,NaN,NaN,NaN,71215,8332,-57073,-48741,43743,-9004,34739,16624,-2622,14002
2001-10-11T22:00:00Z,4.43,4.49,4.41,4.47,8332,-57073,-48741,43743,-9004,34739,16624,-2622,14002,NaN,NaN,NaN,NaN,71215,8332,-57073,-48741,43743,-9004,34739,16624,-2622,14002
2001-10-14T22:00:00Z,4.435,4.455,4.37,4.393,8332,-57073,-48741,43743,-9004,34739,16624,-2622,14002,NaN,NaN,NaN,NaN,71215,8332,-57073,-48741,43743,-9004,34739,16624,-2622,14002
2001-10-15T22:00:00Z,4.39,4.405,4.33,4.345,7944,-52436,-44492,37952,-6696,31256,16834,-3598,13236,NaN,NaN,NaN,NaN,65557,7944,-52436,-44492,37952,-6696,31256,16834,-3598,13236
2001-10-16T22:00:00Z,4.35,4.4,4.34,4.37,7944,-52436,-44492,37952,-6696,31256,16834,-3598,13236,NaN,NaN,NaN,NaN,65557,7944,-52436,-44492,37952,-6696,31256,16834,-3598,13236
2001-10-17T22:00:00Z,4.37,4.385,4.24,4.263,7944,-52436,-44492,37952,-6696,31256,16834,-3598,13236,NaN,NaN,NaN,NaN,65557,7944,-52436,-44492,37952,-6696,31256,16834,-3598,13236
2001-10-18T22:00:00Z,4.265,4.305,4.245,4.273,7944,-52436,-44492,37952,-6696,31256,16834,-3598,13236,NaN,NaN,NaN,NaN,65557,7944,-52436,-44492,37952,-6696,31256,16834,-3598,13236
2001-10-21T22:00:00Z,4.28,4.29,4.205,4.235,7944,-52436,-44492,37952,-6696,31256,16834,-3598,13236,NaN,NaN,NaN,NaN,65557,7944,-52436,-44492,37952,-6696,31256,16834,-3598,13236
2001-10-22T22:00:00Z,4.235,4.265,4.225,4.243,13080,-35179,-22099,31598,-8503,23095,18209,-19205,-996,NaN,NaN,NaN,NaN,65520,13080,-35179,-22099,31598,-8503,23095,18209,-19205,-996
2001-10-23T22:00:00Z,4.24,4.26,4.21,4.215,13080,-35179,-22099,31598,-8503,23095,18209,-19205,-996,NaN,NaN,NaN,NaN,65520,13080,-35179,-22099,31598,-8503,23095,18209,-19205,-996
2001-10-24T22:00:00Z,4.215,4.24,4.185,4.22,13080,-35179,-22099,31598,-8503,23095,18209,-19205,-996,NaN,NaN,NaN,NaN,65520,13080,-35179,-22099,31598,-8503,23095,18209,-19205,-996
2001-10-25T22:00:00Z,4.225,4.24,4.21,4.215,13080,-35179,-22099,31598,-8503,23095,18209,-19205,-996,NaN,NaN,NaN,NaN,65520,13080,-35179,-22099,31598,-8503,23095,18209,-19205,-996
2001-10-28T23:00:00Z,4.23,4.26,4.225,4.243,13080,-35179,-22099,31598,-8503,23095,18209,-19205,-996,NaN,NaN,NaN,NaN,65520,13080,-35179,-22099,31598,-8503,23095,18209,-19205,-996
2001-10-29T23:00:00Z,4.255,4.285,4.25,4.263,16751,-46422,-29671,30473,-11847,18626,17226,-6181,11045,NaN,NaN,NaN,NaN,67416,16751,-46422,-29671,30473,-11847,18626,17226,-6181,11045
2001-10-30T23:00:00Z,4.26,4.275,4.19,4.225,16751,-46422,-29671,30473,-11847,18626,17226,-6181,11045,NaN,NaN,NaN,NaN,67416,16751,-46422,-29671,30473,-11847,18626,17226,-6181,11045
2001-10-31T23:00:00Z,4.22,4.24,4.205,4.207,16751,-46422,-29671,30473,-11847,18626,17226,-6181,11045,NaN,NaN,NaN,NaN,67416,16751,-46422,-29671,30473,-11847,18626,17226,-6181,11045
2001-11-01T23:00:00Z,4.22,4.23,4.105,4.11,16751,-46422,-29671,30473,-11847,18626,17226,-6181,11045,NaN,NaN,NaN,NaN,67416,16751,-46422,-29671,30473,-11847,18626,17226,-6181,11045
2001-11-04T23:00:00Z,4.12,4.125,4.08,4.098,16751,-46422,-29671,30473,-11847,18626,17226,-6181,11045,NaN,NaN,NaN,NaN,67416,16751,-46422,-29671,30473,-11847,18626,17226,-6181,11045
2001-11-05T23:00:00Z,4.09,4.14,4.08,4.118,22456,-41678,-19222,31175,-21983,9192,17025,-6995,10030,NaN,NaN,NaN,NaN,73175,22456,-41678,-19222,31175,-21983,9192,17025,-6995,10030
2001-11-06T23:00:00Z,4.12,4.145,4.105,4.128,22456,-41678,-19222,31175,-21983,9192,17025,-6995,10030,NaN,NaN,NaN,NaN,73175,22456,-41678,-19222,31175,-21983,9192,17025,-6995,10030
2001-11-07T23:00:00Z,4.135,4.14,4.07,4.078,22456,-41678,-19222,31175,-21983,9192,17025,-6995,10030,NaN,NaN,NaN,NaN,73175,22456,-41678,-19222,31175,-21983,9192,17025,-6995,10030
2001-11-08T23:00:00Z,4.08,4.1,4.055,4.08,22456,-41678,-19222,31175,-21983,9192,17025,-6995,10030,NaN,NaN,NaN,NaN,73175,22456,-41678,-19222,31175,-21983,9192,17025,-6995,10030
2001-11-11T23:00:00Z,4.08,4.21,4.08,4.118,22456,-41678,-19222,31175,-21983,9192,17025,-6995,10030,NaN,NaN,NaN,NaN,73175,22456,-41678,-19222,31175,-21983,9192,17025,-6995,10030
2001-11-12T23:00:00Z,4.115,4.155,4.065,4.14,22830,-39958,-17128,31920,-25081,6839,16850,-6561,10289,NaN,NaN,NaN,NaN,73671,22830,-39958,-17128,31920,-25081,6839,16850,-6561,10289
2001-11-13T23:00:00Z,4.155,4.175,4.13,4.143,22830,-39958,-17128,31920,-25081,6839,16850,-6561,10289,NaN,NaN,NaN,NaN,73671,22830,-39958,-17128,31920,-25081,6839,16850,-6561,10289
2001-11-14T23:00:00Z,4.145,4.15,4.08,4.108,22830,-39958,-17128,31920,-25081,6839,16850,-6561,10289,NaN,NaN,NaN,NaN,73671,22830,-39958,-17128,31920,-25081,6839,16850,-6561,10289
2001-11-15T23:00:00Z,4.115,4.12,4.085,4.095,22830,-39958,-17128,31920,-25081,6839,16850,-6561,10289,NaN,NaN,NaN,NaN,73671,22830,-39958,-17128,31920,-25081,6839,16850,-6561,10289
2001-11-18T23:00:00Z,4.1,4.11,4.045,4.058,22830,-39958,-17128,31920,-25081,6839,16850,-6561,10289,NaN,NaN,NaN,NaN,73671,22830,-39958,-17128,31920,-25081,6839,16850,-6561,10289
2001-11-19T23:00:00Z,4.05,4.075,4.04,4.05,23035,-38120,-15085,31532,-27499,4033,19135,-8083,11052,NaN,NaN,NaN,NaN,75468,23035,-38120,-15085,31532,-27499,4033,19135,-8083,11052
2001-11-20T23:00:00Z,4.058,4.065,4.015,4.035,23035,-38120,-15085,31532,-27499,4033,19135,-8083,11052,NaN,NaN,NaN,NaN,75468,23035,-38120,-15085,31532,-27499,4033,19135,-8083,11052
2001-11-25T23:00:00Z,4.04,4.06,4.02,4.028,23035,-38120,-15085,31532,-27499,4033,19135,-8083,11052,NaN,NaN,NaN,NaN,75468,23035,-38120,-15085,31532,-27499,4033,19135,-8083,11052
2001-11-26T23:00:00Z,4.02,4.05,4.02,4.04,21153,-33547,-12394,31589,-30166,1423,17674,-6703,10971,NaN,NaN,NaN,NaN,72849,21153,-33547,-12394,31589,-30166,1423,17674,-6703,10971
2001-11-27T23:00:00Z,4.04,4.14,4.04,4.115,21153,-33547,-12394,31589,-30166,1423,17674,-6703,10971,NaN,NaN,NaN,NaN,72849,21153,-33547,-12394,31589,-30166,1423,17674,-6703,10971
2001-11-28T23:00:00Z,4.14,4.19,4.09,4.097,21153,-33547,-12394,31589,-30166,1423,17674,-6703,10971,NaN,NaN,NaN,NaN,72849,21153,-33547,-12394,31589,-30166,1423,17674,-6703,10971
2001-11-29T23:00:00Z,4.11,4.195,4.1,4.157,21153,-33547,-12394,31589,-30166,1423,17674,-6703,10971,NaN,NaN,NaN,NaN,72849,21153,-33547,-12394,31589,-30166,1423,17674,-6703,10971
2001-12-02T23:00:00Z,4.16,4.25,4.145,4.227,21153,-33547,-12394,31589,-30166,1423,17674,-6703,10971,NaN,NaN,NaN,NaN,72849,21153,-33547,-12394,31589,-30166,1423,17674,-6703,10971
2001-12-03T23:00:00Z,4.24,4.24,4.145,4.153,20179,-33358,-13179,32356,-29303,3053,18153,-8027,10126,NaN,NaN,NaN,NaN,71351,20179,-33358,-13179,32356,-29303,3053,18153,-8027,10126
2001-12-04T23:00:00Z,4.153,4.21,4.125,4.2,20179,-33358,-13179,32356,-29303,3053,18153,-8027,10126,NaN,NaN,NaN,NaN,71351,20179,-33358,-13179,32356,-29303,3053,18153,-8027,10126
2001-12-05T23:00:00Z,4.205,4.275,4.195,4.238,20179,-33358,-13179,32356,-29303,3053,18153,-8027,10126,NaN,NaN,NaN,NaN,71351,20179,-33358,-13179,32356,-29303,3053,18153,-8027,10126
2001-12-06T23:00:00Z,4.23,4.29,4.22,4.268,20179,-33358,-13179,32356,-29303,3053,18153,-8027,10126,NaN,NaN,NaN,NaN,71351,20179,-33358,-13179,32356,-29303,3053,18153,-8027,10126
2001-12-09T23:00:00Z,4.27,4.275,4.215,4.243,20179,-33358,-13179,32356,-29303,3053,18153,-8027,10126,NaN,NaN,NaN,NaN,71351,20179,-33358,-13179,32356,-29303,3053,18153,-8027,10126
2001-12-10T23:00:00Z,4.24,4.295,4.23,4.275,16269,-34499,-18230,32823,-24919,7904,18128,-7802,10326,NaN,NaN,NaN,NaN,67829,16269,-34499,-18230,32823,-24919,7904,18128,-7802,10326
2001-12-11T23:00:00Z,4.27,4.31,4.255,4.265,16269,-34499,-18230,32823,-24919,7904,18128,-7802,10326,NaN,NaN,NaN,NaN,67829,16269,-34499,-18230,32823,-24919,7904,18128,-7802,10326
2001-12-12T23:00:00Z,4.265,4.295,4.255,4.28,16269,-34499,-18230,32823,-24919,7904,18128,-7802,10326,NaN,NaN,NaN,NaN,67829,16269,-34499,-18230,32823,-24919,7904,18128,-7802,10326
2001-12-13T23:00:00Z,4.285,4.395,4.275,4.362,16269,-34499,-18230,32823,-24919,7904,18128,-7802,10326,NaN,NaN,NaN,NaN,67829,16269,-34499,-18230,32823,-24919,7904,18128,-7802,10326
2001-12-16T23:00:00Z,4.36,4.385,4.325,4.365,16269,-34499,-18230,32823,-24919,7904,18128,-7802,10326,NaN,NaN,NaN,NaN,67829,16269,-34499,-18230,32823,-24919,7904,18128,-7802,10326
2001-12-17T23:00:00Z,4.36,4.425,4.355,4.42,15141,-38460,-23319,32107,-19016,13091,17458,-7230,10228,NaN,NaN,NaN,NaN,65704,15141,-38460,-23319,32107,-19016,13091,17458,-7230,10228
2001-12-18T23:00:00Z,4.415,4.455,4.3,4.308,15141,-38460,-23319,32107,-19016,13091,17458,-7230,10228,NaN,NaN,NaN,NaN,65704,15141,-38460,-23319,32107,-19016,13091,17458,-7230,10228
2001-12-19T23:00:00Z,4.32,4.43,4.305,4.4,15141,-38460,-23319,32107,-19016,13091,17458,-7230,10228,NaN,NaN,NaN,NaN,65704,15141,-38460,-23319,32107,-19016,13091,17458,-7230,10228
2001-12-20T23:00:00Z,4.4,4.495,4.395,4.472,14187,-41847,-27660,31808,-13840,17968,16918,-7226,9692,NaN,NaN,NaN,NaN,63848,14187,-41847,-27660,31808,-13840,17968,16918,-7226,9692
2001-12-25T23:00:00Z,4.47,4.555,4.45,4.543,14187,-41847,-27660,31808,-13840,17968,16918,-7226,9692,NaN,NaN,NaN,NaN,63848,14187,-41847,-27660,31808,-13840,17968,16918,-7226,9692
2001-12-26T23:00:00Z,4.535,4.56,4.46,4.468,14187,-41847,-27660,31808,-13840,17968,16918,-7226,9692,NaN,NaN,NaN,NaN,63848,14187,-41847,-27660,31808,-13840,17968,16918,-7226,9692
2001-12-27T23:00:00Z,4.465,4.505,4.405,4.498,12471,-45958,-33487,32058,-8990,23068,17764,-7345,10419,NaN,NaN,NaN,NaN,63260,12471,-45958,-33487,32058,-8990,23068,17764,-7345,10419
2001-12-30T23:00:00Z,4.485,4.635,4.46,4.588,12471,-45958,-33487,32058,-8990,23068,17764,-7345,10419,NaN,NaN,NaN,NaN,63260,12471,-45958,-33487,32058,-8990,23068,17764,-7345,10419
2002-01-01T23:00:00Z,4.575,4.595,4.53,4.535,12471,-45958,-33487,32058,-8990,23068,17764,-7345,10419,NaN,NaN,NaN,NaN,63260,12471,-45958,-33487,32058,-8990,23068,17764,-7345,10419
2002-01-02T23:00:00Z,4.535,4.65,4.52,4.608,12471,-45958,-33487,32058,-8990,23068,17764,-7345,10419,NaN,NaN,NaN,NaN,63260,12471,-45958,-33487,32058,-8990,23068,17764,-7345,10419
2002-01-03T23:00:00Z,4.61,4.675,4.52,4.65,12471,-45958,-33487,32058,-8990,23068,17764,-7345,10419,NaN,NaN,NaN,NaN,63260,12471,-45958,-33487,32058,-8990,23068,17764,-7345,10419
2002-01-06T23:00:00Z,4.645,4.685,4.575,4.667,12471,-45958,-33487,32058,-8990,23068,17764,-7345,10419,NaN,NaN,NaN,NaN,63260,12471,-45958,-33487,32058,-8990,23068,17764,-7345,10419
2002-01-07T23:00:00Z,4.66,4.69,4.585,4.64,10688,-55534,-44846,37728,-5115,32613,17773,-5540,12233,NaN,NaN,NaN,NaN,67412,10688,-55534,-44846,37728,-5115,32613,17773,-5540,12233
2002-01-08T23:00:00Z,4.64,4.735,4.63,4.71,10688,-55534,-44846,37728,-5115,32613,17773,-5540,12233,NaN,NaN,NaN,NaN,67412,10688,-55534,-44846,37728,-5115,32613,17773,-5540,12233
2002-01-09T23:00:00Z,4.715,4.775,4.68,4.7,10688,-55534,-44846,37728,-5115,32613,17773,-5540,12233,NaN,NaN,NaN,NaN,67412,10688,-55534,-44846,37728,-5115,32613,17773,-5540,12233
2002-01-10T23:00:00Z,4.69,4.73,4.665,4.698,10688,-55534,-44846,37728,-5115,32613,17773,-5540,12233,NaN,NaN,NaN,NaN,67412,10688,-55534,-44846,37728,-5115,32613,17773,-5540,12233
2002-01-13T23:00:00Z,4.69,4.69,4.51,4.515,10688,-55534,-44846,37728,-5115,32613,17773,-5540,12233,NaN,NaN,NaN,NaN,67412,10688,-55534,-44846,37728,-5115,32613,17773,-5540,12233
2002-01-14T23:00:00Z,4.515,4.58,4.46,4.555,10196,-59330,-49134,40882,-4674,36208,19362,-6436,12926,NaN,NaN,NaN,NaN,71748,10196,-59330,-49134,40882,-4674,36208,19362,-6436,12926
2002-01-15T23:00:00Z,4.555,4.595,4.475,4.562,10196,-59330,-49134,40882,-4674,36208,19362,-6436,12926,NaN,NaN,NaN,NaN,71748,10196,-59330,-49134,40882,-4674,36208,19362,-6436,12926
2002-01-16T23:00:00Z,4.56,4.56,4.44,4.445,10196,-59330,-49134,40882,-4674,36208,19362,-6436,12926,NaN,NaN,NaN,NaN,71748,10196,-59330,-49134,40882,-4674,36208,19362,-6436,12926
2002-01-17T23:00:00Z,4.45,4.46,4.33,4.345,10196,-59330,-49134,40882,-4674,36208,19362,-6436,12926,NaN,NaN,NaN,NaN,71748,10196,-59330,-49134,40882,-4674,36208,19362,-6436,12926
2002-01-21T23:00:00Z,4.35,4.365,4.26,4.288,10262,-57518,-47256,36636,-3600,33036,19474,-5254,14220,NaN,NaN,NaN,NaN,67577,10262,-57518,-47256,36636,-3600,33036,19474,-5254,14220
2002-01-22T23:00:00Z,4.28,4.315,4.255,4.26,10262,-57518,-47256,36636,-3600,33036,19474,-5254,14220,NaN,NaN,NaN,NaN,67577,10262,-57518,-47256,36636,-3600,33036,19474,-5254,14220
2002-01-23T23:00:00Z,4.265,4.305,4.245,4.273,10262,-57518,-47256,36636,-3600,33036,19474,-5254,14220,NaN,NaN,NaN,NaN,67577,10262,-57518,-47256,36636,-3600,33036,19474,-5254,14220
2002-01-24T23:00:00Z,4.275,4.335,4.27,4.305,10262,-57518,-47256,36636,-3600,33036,19474,-5254,14220,NaN,NaN,NaN,NaN,67577,10262,-57518,-47256,36636,-3600,33036,19474,-5254,14220
2002-01-27T23:00:00Z,4.31,4.315,4.24,4.25,10262,-57518,-47256,36636,-3600,33036,19474,-5254,14220,NaN,NaN,NaN,NaN,67577,10262,-57518,-47256,36636,-3600,33036,19474,-5254,14220
2002-01-28T23:00:00Z,4.245,4.32,4.225,4.295,11645,-54543,-42898,32428,-3833,28595,19987,-5684,14303,NaN,NaN,NaN,NaN,65182,11645,-54543,-42898,32428,-3833,28595,19987,-5684,14303
2002-01-29T23:00:00Z,4.305,4.31,4.25,4.293,11645,-54543,-42898,32428,-3833,28595,19987,-5684,14303,NaN,NaN,NaN,NaN,65182,11645,-54543,-42898,32428,-3833,28595,19987,-5684,14303
2002-01-30T23:00:00Z,4.29,4.295,4.21,4.223,11645,-54543,-42898,32428,-3833,28595,19987,-5684,14303,NaN,NaN,NaN,NaN,65182,11645,-54543,-42898,32428,-3833,28595,19987,-5684,14303
2002-01-31T23:00:00Z,4.23,4.335,4.23,4.313,11645,-54543,-42898,32428,-3833,28595,19987,-5684,14303,NaN,NaN,NaN,NaN,65182,11645,-54543,-42898,32428,-3833,28595,19987,-5684,14303
2002-02-03T23:00:00Z,4.3,4.32,4.255,4.295,11645,-54543,-42898,32428,-3833,28595,19987,-5684,14303,NaN,NaN,NaN,NaN,65182,11645,-54543,-42898,32428,-3833,28595,19987,-5684,14303
2002-02-04T23:00:00Z,4.3,4.41,4.295,4.397,13314,-53520,-40206,30712,-5491,25221,19863,-4878,14985,NaN,NaN,NaN,NaN,66014,13314,-53520,-40206,30712,-5491,25221,19863,-4878,14985
2002-02-05T23:00:00Z,4.4,4.485,4.36,4.365,13314,-53520,-40206,30712,-5491,25221,19863,-4878,14985,NaN,NaN,NaN,NaN,66014,13314,-53520,-40206,30712,-5491,25221,19863,-4878,14985
2002-02-06T23:00:00Z,4.37,4.39,4.34,4.345,13314,-53520,-40206,30712,-5491,25221,19863,-4878,14985,NaN,NaN,NaN,NaN,66014,13314,-53520,-40206,30712,-5491,25221,19863,-4878,14985
2002-02-07T23:00:00Z,4.35,4.49,4.35,4.455,13314,-53520,-40206,30712,-5491,25221,19863,-4878,14985,NaN,NaN,NaN,NaN,66014,13314,-53520,-40206,30712,-5491,25221,19863,-4878,14985
2002-02-10T23:00:00Z,4.45,4.455,4.36,4.415,13314,-53520,-40206,30712,-5491,25221,19863,-4878,14985,NaN,NaN,NaN,NaN,66014,13314,-53520,-40206,30712,-5491,25221,19863,-4878,14985
2002-02-11T23:00:00Z,4.415,4.49,4.365,4.485,12397,-52605,-40208,30777,-4253,26524,19676,-5992,13684,NaN,NaN,NaN,NaN,64702,12397,-52605,-40208,30777,-4253,26524,19676,-5992,13684
2002-02-12T23:00:00Z,4.485,4.52,4.42,4.505,12397,-52605,-40208,30777,-4253,26524,19676,-5992,13684,NaN,NaN,NaN,NaN,64702,12397,-52605,-40208,30777,-4253,26524,19676,-5992,13684
2002-02-13T23:00:00Z,4.5,4.565,4.475,4.53,12397,-52605,-40208,30777,-4253,26524,19676,-5992,13684,NaN,NaN,NaN,NaN,64702,12397,-52605,-40208,30777,-4253,26524,19676,-5992,13684
2002-02-14T23:00:00Z,4.535,4.595,4.515,4.538,12397,-52605,-40208,30777,-4253,26524,19676,-5992,13684,NaN,NaN,NaN,NaN,64702,12397,-52605,-40208,30777,-4253,26524,19676,-5992,13684
2002-02-18T23:00:00Z,4.525,4.555,4.46,4.47,13921,-54596,-40675,32533,-4405,28128,19552,-7005,12547,NaN,NaN,NaN,NaN,68018,13921,-54596,-40675,32533,-4405,28128,19552,-7005,12547
2002-02-19T23:00:00Z,4.465,4.51,4.37,4.4,13921,-54596,-40675,32533,-4405,28128,19552,-7005,12547,NaN,NaN,NaN,NaN,68018,13921,-54596,-40675,32533,-4405,28128,19552,-7005,12547
2002-02-20T23:00:00Z,4.39,4.435,4.365,4.42,13921,-54596,-40675,32533,-4405,28128,19552,-7005,12547,NaN,NaN,NaN,NaN,68018,13921,-54596,-40675,32533,-4405,28128,19552,-7005,12547
2002-02-21T23:00:00Z,4.42,4.435,4.39,4.398,13921,-54596,-40675,32533,-4405,28128,19552,-7005,12547,NaN,NaN,NaN,NaN,68018,13921,-54596,-40675,32533,-4405,28128,19552,-7005,12547
2002-02-24T23:00:00Z,4.395,4.4,4.34,4.368,13921,-54596,-40675,32533,-4405,28128,19552,-7005,12547,NaN,NaN,NaN,NaN,68018,13921,-54596,-40675,32533,-4405,28128,19552,-7005,12547
2002-02-25T23:00:00Z,4.35,4.44,4.35,4.423,12947,-52118,-39171,32327,-5217,27110,17878,-5817,12061,NaN,NaN,NaN,NaN,65009,12947,-52118,-39171,32327,-5217,27110,17878,-5817,12061
2002-02-26T23:00:00Z,4.44,4.485,4.43,4.445,12947,-52118,-39171,32327,-5217,27110,17878,-5817,12061,NaN,NaN,NaN,NaN,65009,12947,-52118,-39171,32327,-5217,27110,17878,-5817,12061
2002-02-27T23:00:00Z,4.44,4.52,4.415,4.517,12947,-52118,-39171,32327,-5217,27110,17878,-5817,12061,NaN,NaN,NaN,NaN,65009,12947,-52118,-39171,32327,-5217,27110,17878,-5817,12061
2002-02-28T23:00:00Z,4.515,4.605,4.47,4.567,12947,-52118,-39171,32327,-5217,27110,17878,-5817,12061,NaN,NaN,NaN,NaN,65009,12947,-52118,-39171,32327,-5217,27110,17878,-5817,12061
2002-03-03T23:00:00Z,4.56,4.64,4.55,4.602,12947,-52118,-39171,32327,-5217,27110,17878,-5817,12061,NaN,NaN,NaN,NaN,65009,12947,-52118,-39171,32327,-5217,27110,17878,-5817,12061
2002-03-04T23:00:00Z,4.6,4.64,4.545,4.555,9433,-56302,-46869,35995,-3958,32037,19863,-5031,14832,NaN,NaN,NaN,NaN,66893,9433,-56302,-46869,35995,-3958,32037,19863,-5031,14832
2002-03-05T23:00:00Z,4.56,4.56,4.495,4.53,9433,-56302,-46869,35995,-3958,32037,19863,-5031,14832,NaN,NaN,NaN,NaN,66893,9433,-56302,-46869,35995,-3958,32037,19863,-5031,14832
2002-03-06T23:00:00Z,4.53,4.53,4.455,4.48,9433,-56302,-46869,35995,-3958,32037,19863,-5031,14832,NaN,NaN,NaN,NaN,66893,9433,-56302,-46869,35995,-3958,32037,19863,-5031,14832
2002-03-07T23:00:00Z,4.48,4.57,4.455,4.505,9433,-56302,-46869,35995,-3958,32037,19863,-5031,14832,NaN,NaN,NaN,NaN,66893,9433,-56302,-46869,35995,-3958,32037,19863,-5031,14832
2002-03-10T23:00:00Z,4.505,4.55,4.475,4.485,9433,-56302,-46869,35995,-3958,32037,19863,-5031,14832,NaN,NaN,NaN,NaN,66893,9433,-56302,-46869,35995,-3958,32037,19863,-5031,14832
2002-03-11T23:00:00Z,4.485,4.545,4.475,4.498,10634,-57880,-47246,36515,-3882,32633,20661,-6048,14613,NaN,NaN,NaN,NaN,69921,10634,-57880,-47246,36515,-3882,32633,20661,-6048,14613
2002-03-12T23:00:00Z,4.495,4.54,4.49,4.528,10634,-57880,-47246,36515,-3882,32633,20661,-6048,14613,NaN,NaN,NaN,NaN,69921,10634,-57880,-47246,36515,-3882,32633,20661,-6048,14613
2002-03-13T23:00:00Z,4.535,4.555,4.485,4.5,10634,-57880,-47246,36515,-3882,32633,20661,-6048,14613,NaN,NaN,NaN,NaN,69921,10634,-57880,-47246,36515,-3882,32633,20661,-6048,14613
2002-03-14T23:00:00Z,4.505,4.525,4.45,4.493,10634,-57880,-47246,36515,-3882,32633,20661,-6048,14613,NaN,NaN,NaN,NaN,69921,10634,-57880,-47246,36515,-3882,32633,20661,-6048,14613
2002-03-17T23:00:00Z,4.495,4.53,4.49,4.503,10634,-57880,-47246,36515,-3882,32633,20661,-6048,14613,NaN,NaN,NaN,NaN,69921,10634,-57880,-47246,36515,-3882,32633,20661,-6048,14613
2002-03-18T23:00:00Z,4.505,4.58,4.5,4.523,11364,-60393,-49029,36681,-3600,33081,21577,-5629,15948,NaN,NaN,NaN,NaN,71778,11364,-60393,-49029,36681,-3600,33081,21577,-5629,15948
2002-03-19T23:00:00Z,4.53,4.545,4.49,4.533,11364,-60393,-49029,36681,-3600,33081,21577,-5629,15948,NaN,NaN,NaN,NaN,71778,11364,-60393,-49029,36681,-3600,33081,21577,-5629,15948
2002-03-20T23:00:00Z,4.53,4.535,4.5,4.508,11364,-60393,-49029,36681,-3600,33081,21577,-5629,15948,NaN,NaN,NaN,NaN,71778,11364,-60393,-49029,36681,-3600,33081,21577,-5629,15948
2002-03-21T23:00:00Z,4.51,4.575,4.5,4.54,11364,-60393,-49029,36681,-3600,33081,21577,-5629,15948,NaN,NaN,NaN,NaN,71778,11364,-60393,-49029,36681,-3600,33081,21577,-5629,15948
2002-03-24T23:00:00Z,4.55,4.605,4.515,4.58,11364,-60393,-49029,36681,-3600,33081,21577,-5629,15948,NaN,NaN,NaN,NaN,71778,11364,-60393,-49029,36681,-3600,33081,21577,-5629,15948
2002-03-25T23:00:00Z,4.545,4.605,4.535,4.585,11610,-62603,-50993,38820,-4017,34803,22162,-5972,16190,NaN,NaN,NaN,NaN,74477,11610,-62603,-50993,38820,-4017,34803,22162,-5972,16190
2002-03-26T23:00:00Z,4.595,4.69,4.59,4.68,11610,-62603,-50993,38820,-4017,34803,22162,-5972,16190,NaN,NaN,NaN,NaN,74477,11610,-62603,-50993,38820,-4017,34803,22162,-5972,16190
2002-03-27T23:00:00Z,4.68,4.705,4.64,4.65,11610,-62603,-50993,38820,-4017,34803,22162,-5972,16190,NaN,NaN,NaN,NaN,74477,11610,-62603,-50993,38820,-4017,34803,22162,-5972,16190
2002-03-31T23:00:00Z,4.67,4.705,4.645,4.7,11610,-62603,-50993,38820,-4017,34803,22162,-5972,16190,NaN,NaN,NaN,NaN,74477,11610,-62603,-50993,38820,-4017,34803,22162,-5972,16190
2002-04-01T23:00:00Z,4.69,4.75,4.67,4.747,8819,-68143,-59324,45615,-3686,41929,24094,-6699,17395,NaN,NaN,NaN,NaN,80061,8819,-68143,-59324,45615,-3686,41929,24094,-6699,17395
2002-04-02T23:00:00Z,4.745,4.75,4.655,4.667,8819,-68143,-59324,45615,-3686,41929,24094,-6699,17395,NaN,NaN,NaN,NaN,80061,8819,-68143,-59324,45615,-3686,41929,24094,-6699,17395
2002-04-03T23:00:00Z,4.665,4.67,4.6,4.625,8819,-68143,-59324,45615,-3686,41929,24094,-6699,17395,NaN,NaN,NaN,NaN,80061,8819,-68143,-59324,45615,-3686,41929,24094,-6699,17395
2002-04-04T23:00:00Z,4.625,4.645,4.565,4.58,8819,-68143,-59324,45615,-3686,41929,24094,-6699,17395,NaN,NaN,NaN,NaN,80061,8819,-68143,-59324,45615,-3686,41929,24094,-6699,17395
2002-04-07T22:00:00Z,4.58,4.605,4.55,4.57,8819,-68143,-59324,45615,-3686,41929,24094,-6699,17395,NaN,NaN,NaN,NaN,80061,8819,-68143,-59324,45615,-3686,41929,24094,-6699,17395
2002-04-08T22:00:00Z,4.565,4.58,4.53,4.558,11194,-66414,-55220,43572,-4532,39040,21707,-5527,16180,NaN,NaN,NaN,NaN,79026,11194,-66414,-55220,43572,-4532,39040,21707,-5527,16180
2002-04-09T22:00:00Z,4.555,4.645,4.535,4.628,11194,-66414,-55220,43572,-4532,39040,21707,-5527,16180,NaN,NaN,NaN,NaN,79026,11194,-66414,-55220,43572,-4532,39040,21707,-5527,16180
2002-04-10T22:00:00Z,4.62,4.63,4.565,4.583,11194,-66414,-55220,43572,-4532,39040,21707,-5527,16180,NaN,NaN,NaN,NaN,79026,11194,-66414,-55220,43572,-4532,39040,21707,-5527,16180
2002-04-11T22:00:00Z,4.585,4.605,4.56,4.593,11194,-66414,-55220,43572,-4532,39040,21707,-5527,16180,NaN,NaN,NaN,NaN,79026,11194,-66414,-55220,43572,-4532,39040,21707,-5527,16180
2002-04-14T22:00:00Z,4.595,4.615,4.445,4.45,11194,-66414,-55220,43572,-4532,39040,21707,-5527,16180,NaN,NaN,NaN,NaN,79026,11194,-66414,-55220,43572,-4532,39040,21707,-5527,16180
2002-04-15T22:00:00Z,4.475,4.48,4.39,4.405,14450,-57648,-43198,34125,-5958,28167,22245,-7214,15031,NaN,NaN,NaN,NaN,73774,14450,-57648,-43198,34125,-5958,28167,22245,-7214,15031
2002-04-16T22:00:00Z,4.41,4.47,4.405,4.45,14450,-57648,-43198,34125,-5958,28167,22245,-7214,15031,NaN,NaN,NaN,NaN,73774,14450,-57648,-43198,34125,-5958,28167,22245,-7214,15031
2002-04-17T22:00:00Z,4.46,4.555,4.43,4.498,14450,-57648,-43198,34125,-5958,28167,22245,-7214,15031,NaN,NaN,NaN,NaN,73774,14450,-57648,-43198,34125,-5958,28167,22245,-7214,15031
2002-04-18T22:00:00Z,4.5,4.52,4.475,4.503,14450,-57648,-43198,34125,-5958,28167,22245,-7214,15031,NaN,NaN,NaN,NaN,73774,14450,-57648,-43198,34125,-5958,28167,22245,-7214,15031
2002-04-21T22:00:00Z,4.49,4.575,4.49,4.543,14450,-57648,-43198,34125,-5958,28167,22245,-7214,15031,NaN,NaN,NaN,NaN,73774,14450,-57648,-43198,34125,-5958,28167,22245,-7214,15031
2002-04-22T22:00:00Z,4.545,4.595,4.51,4.57,14453,-58968,-44515,32350,-3698,28652,22469,-6606,15863,NaN,NaN,NaN,NaN,71283,14453,-58968,-44515,32350,-3698,28652,22469,-6606,15863
2002-04-23T22:00:00Z,4.575,4.605,4.56,4.562,14453,-58968,-44515,32350,-3698,28652,22469,-6606,15863,NaN,NaN,NaN,NaN,71283,14453,-58968,-44515,32350,-3698,28652,22469,-6606,15863
2002-04-24T22:00:00Z,4.57,4.65,4.55,4.62,14453,-58968,-44515,32350,-3698,28652,22469,-6606,15863,NaN,NaN,NaN,NaN,71283,14453,-58968,-44515,32350,-3698,28652,22469,-6606,15863
2002-04-25T22:00:00Z,4.62,4.675,4.585,4.652,14453,-58968,-44515,32350,-3698,28652,22469,-6606,15863,NaN,NaN,NaN,NaN,71283,14453,-58968,-44515,32350,-3698,28652,22469,-6606,15863
2002-04-28T22:00:00Z,4.675,4.68,4.625,4.66,14453,-58968,-44515,32350,-3698,28652,22469,-6606,15863,NaN,NaN,NaN,NaN,71283,14453,-58968,-44515,32350,-3698,28652,22469,-6606,15863
2002-04-29T22:00:00Z,4.65,4.665,4.525,4.555,17482,-61230,-43748,32661,-3686,28975,21010,-6237,14773,NaN,NaN,NaN,NaN,73618,17482,-61230,-43748,32661,-3686,28975,21010,-6237,14773
2002-04-30T22:00:00Z,4.56,4.575,4.525,4.55,17482,-61230,-43748,32661,-3686,28975,21010,-6237,14773,NaN,NaN,NaN,NaN,73618,17482,-61230,-43748,32661,-3686,28975,21010,-6237,14773
2002-05-01T22:00:00Z,4.55,4.57,4.52,4.563,17482,-61230,-43748,32661,-3686,28975,21010,-6237,14773,NaN,NaN,NaN,NaN,73618,17482,-61230,-43748,32661,-3686,28975,21010,-6237,14773
2002-05-02T22:00:00Z,4.56,4.63,4.555,4.615,17482,-61230,-43748,32661,-3686,28975,21010,-6237,14773,NaN,NaN,NaN,NaN,73618,17482,-61230,-43748,32661,-3686,28975,21010,-6237,14773
2002-05-05T22:00:00Z,4.61,4.62,4.585,4.612,17482,-61230,-43748,32661,-3686,28975,21010,-6237,14773,NaN,NaN,NaN,NaN,73618,17482,-61230,-43748,32661,-3686,28975,21010,-6237,14773
2002-05-06T22:00:00Z,4.6,4.65,4.595,4.632,16646,-62328,-45682,33697,-3761,29936,21008,-5262,15746,NaN,NaN,NaN,NaN,73729,16646,-62328,-45682,33697,-3761,29936,21008,-5262,15746
2002-05-07T22:00:00Z,4.63,4.655,4.56,4.585,16646,-62328,-45682,33697,-3761,29936,21008,-5262,15746,NaN,NaN,NaN,NaN,73729,16646,-62328,-45682,33697,-3761,29936,21008,-5262,15746
2002-05-08T22:00:00Z,4.585,4.635,4.55,4.627,16646,-62328,-45682,33697,-3761,29936,21008,-5262,15746,NaN,NaN,NaN,NaN,73729,16646,-62328,-45682,33697,-3761,29936,21008,-5262,15746
2002-05-09T22:00:00Z,4.63,4.685,4.615,4.67,16646,-62328,-45682,33697,-3761,29936,21008,-5262,15746,NaN,NaN,NaN,NaN,73729,16646,-62328,-45682,33697,-3761,29936,21008,-5262,15746
2002-05-12T22:00:00Z,4.67,4.71,4.59,4.607,16646,-62328,-45682,33697,-3761,29936,21008,-5262,15746,NaN,NaN,NaN,NaN,73729,16646,-62328,-45682,33697,-3761,29936,21008,-5262,15746
2002-05-13T22:00:00Z,4.61,4.63,4.58,4.607,16334,-63337,-47003,34377,-3413,30964,21405,-5366,16039,NaN,NaN,NaN,NaN,74887,16334,-63337,-47003,34377,-3413,30964,21405,-5366,16039
2002-05-14T22:00:00Z,4.61,4.645,4.585,4.637,16334,-63337,-47003,34377,-3413,30964,21405,-5366,16039,NaN,NaN,NaN,NaN,74887,16334,-63337,-47003,34377,-3413,30964,21405,-5366,16039
2002-05-15T22:00:00Z,4.635,4.655,4.62,4.65,16334,-63337,-47003,34377,-3413,30964,21405,-5366,16039,NaN,NaN,NaN,NaN,74887,16334,-63337,-47003,34377,-3413,30964,21405,-5366,16039
2002-05-16T22:00:00Z,4.65,4.69,4.62,4.665,16334,-63337,-47003,34377,-3413,30964,21405,-5366,16039,NaN,NaN,NaN,NaN,74887,16334,-63337,-47003,34377,-3413,30964,21405,-5366,16039
2002-05-19T22:00:00Z,4.67,4.79,4.635,4.78,16334,-63337,-47003,34377,-3413,30964,21405,-5366,16039,NaN,NaN,NaN,NaN,74887,16334,-63337,-47003,34377,-3413,30964,21405,-5366,16039
2002-05-20T22:00:00Z,4.775,4.865,4.755,4.845,12508,-77106,-64598,49038,-3708,45330,20999,-1731,19268,NaN,NaN,NaN,NaN,85666,12508,-77106,-64598,49038,-3708,45330,20999,-1731,19268
2002-05-21T22:00:00Z,4.835,4.86,4.78,4.84,12508,-77106,-64598,49038,-3708,45330,20999,-1731,19268,NaN,NaN,NaN,NaN,85666,12508,-77106,-64598,49038,-3708,45330,20999,-1731,19268
2002-05-22T22:00:00Z,4.84,4.92,4.77,4.912,12508,-77106,-64598,49038,-3708,45330,20999,-1731,19268,NaN,NaN,NaN,NaN,85666,12508,-77106,-64598,49038,-3708,45330,20999,-1731,19268
2002-05-23T22:00:00Z,4.91,4.915,4.86,4.872,12508,-77106,-64598,49038,-3708,45330,20999,-1731,19268,NaN,NaN,NaN,NaN,85666,12508,-77106,-64598,49038,-3708,45330,20999,-1731,19268
2002-05-27T22:00:00Z,4.825,4.905,4.815,4.882,12220,-83919,-71699,56092,-6586,49506,27649,-5456,22193,NaN,NaN,NaN,NaN,98766,12220,-83919,-71699,56092,-6586,49506,27649,-5456,22193
2002-05-28T22:00:00Z,4.88,4.98,4.86,4.945,12220,-83919,-71699,56092,-6586,49506,27649,-5456,22193,NaN,NaN,NaN,NaN,98766,12220,-83919,-71699,56092,-6586,49506,27649,-5456,22193
2002-05-29T22:00:00Z,4.95,4.99,4.9,4.985,12220,-83919,-71699,56092,-6586,49506,27649,-5456,22193,NaN,NaN,NaN,NaN,98766,12220,-83919,-71699,56092,-6586,49506,27649,-5456,22193
2002-05-30T22:00:00Z,4.99,5.075,4.96,5.042,12220,-83919,-71699,56092,-6586,49506,27649,-5456,22193,NaN,NaN,NaN,NaN,98766,12220,-83919,-71699,56092,-6586,49506,27649,-5456,22193
2002-06-02T22:00:00Z,5.03,5.1,5.01,5.08,12220,-83919,-71699,56092,-6586,49506,27649,-5456,22193,NaN,NaN,NaN,NaN,98766,12220,-83919,-71699,56092,-6586,49506,27649,-5456,22193
2002-06-03T22:00:00Z,5.085,5.15,5.085,5.125,11430,-85985,-74555,58184,-6012,52172,28266,-5883,22383,NaN,NaN,NaN,NaN,101403,11430,-85985,-74555,58184,-6012,52172,28266,-5883,22383
2002-06-04T22:00:00Z,5.12,5.12,4.92,4.945,11430,-85985,-74555,58184,-6012,52172,28266,-5883,22383,NaN,NaN,NaN,NaN,101403,11430,-85985,-74555,58184,-6012,52172,28266,-5883,22383
2002-06-05T22:00:00Z,4.945,5.015,4.915,4.995,11430,-85985,-74555,58184,-6012,52172,28266,-5883,22383,NaN,NaN,NaN,NaN,101403,11430,-85985,-74555,58184,-6012,52172,28266,-5883,22383
2002-06-06T22:00:00Z,4.99,5.055,4.955,4.98,11430,-85985,-74555,58184,-6012,52172,28266,-5883,22383,NaN,NaN,NaN,NaN,101403,11430,-85985,-74555,58184,-6012,52172,28266,-5883,22383
2002-06-09T22:00:00Z,4.975,4.975,4.89,4.912,11430,-85985,-74555,58184,-6012,52172,28266,-5883,22383,NaN,NaN,NaN,NaN,101403,11430,-85985,-74555,58184,-6012,52172,28266,-5883,22383
2002-06-10T22:00:00Z,4.912,4.925,4.79,4.882,14785,-86082,-71297,54720,-4528,50192,27058,-5953,21105,NaN,NaN,NaN,NaN,101564,14785,-86082,-71297,54720,-4528,50192,27058,-5953,21105
2002-06-11T22:00:00Z,4.89,4.955,4.87,4.915,14785,-86082,-71297,54720,-4528,50192,27058,-5953,21105,NaN,NaN,NaN,NaN,101564,14785,-86082,-71297,54720,-4528,50192,27058,-5953,21105
2002-06-12T22:00:00Z,4.915,4.915,4.82,4.832,14785,-86082,-71297,54720,-4528,50192,27058,-5953,21105,NaN,NaN,NaN,NaN,101564,14785,-86082,-71297,54720,-4528,50192,27058,-5953,21105
2002-06-13T22:00:00Z,4.835,4.895,4.83,4.85,14785,-86082,-71297,54720,-4528,50192,27058,-5953,21105,NaN,NaN,NaN,NaN,101564,14785,-86082,-71297,54720,-4528,50192,27058,-5953,21105
2002-06-16T22:00:00Z,4.845,4.85,4.8,4.823,14785,-86082,-71297,54720,-4528,50192,27058,-5953,21105,NaN,NaN,NaN,NaN,101564,14785,-86082,-71297,54720,-4528,50192,27058,-5953,21105
2002-06-17T22:00:00Z,4.823,4.865,4.815,4.845,19968,-87285,-67317,49496,-4841,44655,28166,-5504,22662,NaN,NaN,NaN,NaN,102608,19968,-87285,-67317,49496,-4841,44655,28166,-5504,22662
2002-06-18T22:00:00Z,4.855,4.915,4.835,4.842,19968,-87285,-67317,49496,-4841,44655,28166,-5504,22662,NaN,NaN,NaN,NaN,102608,19968,-87285,-67317,49496,-4841,44655,28166,-5504,22662
2002-06-19T22:00:00Z,4.855,4.88,4.845,4.87,19968,-87285,-67317,49496,-4841,44655,28166,-5504,22662,NaN,NaN,NaN,NaN,102608,19968,-87285,-67317,49496,-4841,44655,28166,-5504,22662
2002-06-20T22:00:00Z,4.88,4.905,4.825,4.855,19968,-87285,-67317,49496,-4841,44655,28166,-5504,22662,NaN,NaN,NaN,NaN,102608,19968,-87285,-67317,49496,-4841,44655,28166,-5504,22662
2002-06-23T22:00:00Z,4.86,4.92,4.86,4.867,19968,-87285,-67317,49496,-4841,44655,28166,-5504,22662,NaN,NaN,NaN,NaN,102608,19968,-87285,-67317,49496,-4841,44655,28166,-5504,22662
2002-06-24T22:00:00Z,4.86,4.865,4.78,4.832,19978,-81414,-61436,44821,-5657,39164,28769,-6497,22272,NaN,NaN,NaN,NaN,98927,19978,-81414,-61436,44821,-5657,39164,28769,-6497,22272
2002-06-25T22:00:00Z,4.835,4.9,4.83,4.852,19978,-81414,-61436,44821,-5657,39164,28769,-6497,22272,NaN,NaN,NaN,NaN,98927,19978,-81414,-61436,44821,-5657,39164,28769,-6497,22272
2002-06-26T22:00:00Z,4.88,4.9,4.825,4.898,19978,-81414,-61436,44821,-5657,39164,28769,-6497,22272,NaN,NaN,NaN,NaN,98927,19978,-81414,-61436,44821,-5657,39164,28769,-6497,22272
2002-06-27T22:00:00Z,4.89,4.905,4.85,4.855,19978,-81414,-61436,44821,-5657,39164,28769,-6497,22272,NaN,NaN,NaN,NaN,98927,19978,-81414,-61436,44821,-5657,39164,28769,-6497,22272
2002-06-30T22:00:00Z,4.855,4.89,4.815,4.888,19978,-81414,-61436,44821,-5657,39164,28769,-6497,22272,NaN,NaN,NaN,NaN,98927,19978,-81414,-61436,44821,-5657,39164,28769,-6497,22272
2002-07-02T22:00:00Z,4.95,4.96,4.92,4.955,14714,-79718,-65004,47016,-4763,42253,27897,-5146,22751,NaN,NaN,NaN,NaN,93941,14714,-79718,-65004,47016,-4763,42253,27897,-5146,22751
2002-07-07T22:00:00Z,4.935,4.985,4.915,4.98,14714,-79718,-65004,47016,-4763,42253,27897,-5146,22751,NaN,NaN,NaN,NaN,93941,14714,-79718,-65004,47016,-4763,42253,27897,-5146,22751
2002-07-08T22:00:00Z,4.985,5.07,4.97,5.058,13687,-82593,-68906,50066,-5742,44324,28969,-4387,24582,NaN,NaN,NaN,NaN,97169,13687,-82593,-68906,50066,-5742,44324,28969,-4387,24582
2002-07-09T22:00:00Z,5.065,5.1,5.035,5.05,13687,-82593,-68906,50066,-5742,44324,28969,-4387,24582,NaN,NaN,NaN,NaN,97169,13687,-82593,-68906,50066,-5742,44324,28969,-4387,24582
2002-07-10T22:00:00Z,5.09,5.09,5.07,5.07,13687,-82593,-68906,50066,-5742,44324,28969,-4387,24582,NaN,NaN,NaN,NaN,97169,13687,-82593,-68906,50066,-5742,44324,28969,-4387,24582
2002-07-11T22:00:00Z,5.09,5.125,5.04,5.065,13687,-82593,-68906,50066,-5742,44324,28969,-4387,24582,NaN,NaN,NaN,NaN,97169,13687,-82593,-68906,50066,-5742,44324,28969,-4387,24582
2002-07-14T22:00:00Z,5.065,5.155,5.065,5.118,13687,-82593,-68906,50066,-5742,44324,28969,-4387,24582,NaN,NaN,NaN,NaN,97169,13687,-82593,-68906,50066,-5742,44324,28969,-4387,24582
2002-07-15T22:00:00Z,5.12,5.13,5.01,5.033,13360,-85798,-72438,52634,-4089,48545,29711,-5818,23893,NaN,NaN,NaN,NaN,100428,13360,-85798,-72438,52634,-4089,48545,29711,-5818,23893
2002-07-16T22:00:00Z,5.03,5.045,4.96,5.005,13360,-85798,-72438,52634,-4089,48545,29711,-5818,23893,NaN,NaN,NaN,NaN,100428,13360,-85798,-72438,52634,-4089,48545,29711,-5818,23893
2002-07-17T22:00:00Z,5.005,5.02,4.985,5.005,13360,-85798,-72438,52634,-4089,48545,29711,-5818,23893,NaN,NaN,NaN,NaN,100428,13360,-85798,-72438,52634,-4089,48545,29711,-5818,23893
2002-07-18T22:00:00Z,5.01,5.12,5.01,5.078,13360,-85798,-72438,52634,-4089,48545,29711,-5818,23893,NaN,NaN,NaN,NaN,100428,13360,-85798,-72438,52634,-4089,48545,29711,-5818,23893
2002-07-21T22:00:00Z,5.09,5.115,5.04,5.045,13360,-85798,-72438,52634,-4089,48545,29711,-5818,23893,NaN,NaN,NaN,NaN,100428,13360,-85798,-72438,52634,-4089,48545,29711,-5818,23893
2002-07-22T22:00:00Z,5.04,5.045,4.87,4.883,14914,-81286,-66372,47110,-3835,43275,28134,-5037,23097,NaN,NaN,NaN,NaN,95317,14914,-81286,-66372,47110,-3835,43275,28134,-5037,23097
2002-07-23T22:00:00Z,4.895,4.915,4.81,4.86,14914,-81286,-66372,47110,-3835,43275,28134,-5037,23097,NaN,NaN,NaN,NaN,95317,14914,-81286,-66372,47110,-3835,43275,28134,-5037,23097
2002-07-24T22:00:00Z,4.865,4.89,4.82,4.855,14914,-81286,-66372,47110,-3835,43275,28134,-5037,23097,NaN,NaN,NaN,NaN,95317,14914,-81286,-66372,47110,-3835,43275,28134,-5037,23097
2002-07-25T22:00:00Z,4.855,4.86,4.595,4.665,14914,-81286,-66372,47110,-3835,43275,28134,-5037,23097,NaN,NaN,NaN,NaN,95317,14914,-81286,-66372,47110,-3835,43275,28134,-5037,23097
2002-07-28T22:00:00Z,4.67,4.695,4.62,4.64,14914,-81286,-66372,47110,-3835,43275,28134,-5037,23097,NaN,NaN,NaN,NaN,95317,14914,-81286,-66372,47110,-3835,43275,28134,-5037,23097
2002-07-29T22:00:00Z,4.645,4.695,4.63,4.658,22605,-69314,-46709,32082,-3708,28374,23534,-5199,18335,NaN,NaN,NaN,NaN,83102,22605,-69314,-46709,32082,-3708,28374,23534,-5199,18335
2002-07-30T22:00:00Z,4.598,4.69,4.57,4.598,22605,-69314,-46709,32082,-3708,28374,23534,-5199,18335,NaN,NaN,NaN,NaN,83102,22605,-69314,-46709,32082,-3708,28374,23534,-5199,18335
2002-07-31T22:00:00Z,4.6,4.615,4.54,4.583,22605,-69314,-46709,32082,-3708,28374,23534,-5199,18335,NaN,NaN,NaN,NaN,83102,22605,-69314,-46709,32082,-3708,28374,23534,-5199,18335
2002-08-01T22:00:00Z,4.61,4.635,4.575,4.593,22605,-69314,-46709,32082,-3708,28374,23534,-5199,18335,NaN,NaN,NaN,NaN,83102,22605,-69314,-46709,32082,-3708,28374,23534,-5199,18335
2002-08-04T22:00:00Z,4.605,4.675,4.6,4.633,22605,-69314,-46709,32082,-3708,28374,23534,-5199,18335,NaN,NaN,NaN,NaN,83102,22605,-69314,-46709,32082,-3708,28374,23534,-5199,18335
2002-08-05T22:00:00Z,4.635,4.655,4.6,4.613,26029,-68681,-42652,29692,-4766,24926,23159,-5433,17726,NaN,NaN,NaN,NaN,83630,26029,-68681,-42652,29692,-4766,24926,23159,-5433,17726
2002-08-06T22:00:00Z,4.66,4.705,4.62,4.675,26029,-68681,-42652,29692,-4766,24926,23159,-5433,17726,NaN,NaN,NaN,NaN,83630,26029,-68681,-42652,29692,-4766,24926,23159,-5433,17726
2002-08-07T22:00:00Z,4.685,4.695,4.625,4.638,26029,-68681,-42652,29692,-4766,24926,23159,-5433,17726,NaN,NaN,NaN,NaN,83630,26029,-68681,-42652,29692,-4766,24926,23159,-5433,17726
2002-08-08T22:00:00Z,4.635,4.68,4.615,4.67,26029,-68681,-42652,29692,-4766,24926,23159,-5433,17726,NaN,NaN,NaN,NaN,83630,26029,-68681,-42652,29692,-4766,24926,23159,-5433,17726
2002-08-11T22:00:00Z,4.68,4.735,4.58,4.593,26029,-68681,-42652,29692,-4766,24926,23159,-5433,17726,NaN,NaN,NaN,NaN,83630,26029,-68681,-42652,29692,-4766,24926,23159,-5433,17726
2002-08-12T22:00:00Z,4.595,4.625,4.575,4.58,24733,-65863,-41130,28981,-6244,22737,23774,-5381,18393,NaN,NaN,NaN,NaN,82391,24733,-65863,-41130,28981,-6244,22737,23774,-5381,18393
2002-08-13T22:00:00Z,4.58,4.67,4.45,4.458,24733,-65863,-41130,28981,-6244,22737,23774,-5381,18393,NaN,NaN,NaN,NaN,82391,24733,-65863,-41130,28981,-6244,22737,23774,-5381,18393
2002-08-14T22:00:00Z,4.46,4.505,4.46,4.483,24733,-65863,-41130,28981,-6244,22737,23774,-5381,18393,NaN,NaN,NaN,NaN,82391,24733,-65863,-41130,28981,-6244,22737,23774,-5381,18393
2002-08-15T22:00:00Z,4.495,4.58,4.47,4.493,24733,-65863,-41130,28981,-6244,22737,23774,-5381,18393,NaN,NaN,NaN,NaN,82391,24733,-65863,-41130,28981,-6244,22737,23774,-5381,18393
2002-08-18T22:00:00Z,4.5,4.52,4.39,4.405,24733,-65863,-41130,28981,-6244,22737,23774,-5381,18393,NaN,NaN,NaN,NaN,82391,24733,-65863,-41130,28981,-6244,22737,23774,-5381,18393
2002-08-19T22:00:00Z,4.405,4.465,4.405,4.437,24666,-61536,-36870,26231,-9787,16444,27589,-7163,20426,NaN,NaN,NaN,NaN,83430,24666,-61536,-36870,26231,-9787,16444,27589,-7163,20426
2002-08-20T22:00:00Z,4.44,4.465,4.415,4.42,24666,-61536,-36870,26231,-9787,16444,27589,-7163,20426,NaN,NaN,NaN,NaN,83430,24666,-61536,-36870,26231,-9787,16444,27589,-7163,20426
2002-08-21T22:00:00Z,4.42,4.49,4.38,4.465,24666,-61536,-36870,26231,-9787,16444,27589,-7163,20426,NaN,NaN,NaN,NaN,83430,24666,-61536,-36870,26231,-9787,16444,27589,-7163,20426
2002-08-22T22:00:00Z,4.47,4.48,4.38,4.423,24666,-61536,-36870,26231,-9787,16444,27589,-7163,20426,NaN,NaN,NaN,NaN,83430,24666,-61536,-36870,26231,-9787,16444,27589,-7163,20426
2002-08-25T22:00:00Z,4.42,4.455,4.42,4.438,24666,-61536,-36870,26231,-9787,16444,27589,-7163,20426,NaN,NaN,NaN,NaN,83430,24666,-61536,-36870,26231,-9787,16444,27589,-7163,20426
2002-08-26T22:00:00Z,4.44,4.525,4.42,4.503,19069,-53569,-34500,26550,-13424,13126,28571,-7197,21374,NaN,NaN,NaN,NaN,79468,19069,-53569,-34500,26550,-13424,13126,28571,-7197,21374
2002-08-27T22:00:00Z,4.515,4.54,4.485,4.498,19069,-53569,-34500,26550,-13424,13126,28571,-7197,21374,NaN,NaN,NaN,NaN,79468,19069,-53569,-34500,26550,-13424,13126,28571,-7197,21374
2002-08-28T22:00:00Z,4.525,4.585,4.52,4.557,19069,-53569,-34500,26550,-13424,13126,28571,-7197,21374,NaN,NaN,NaN,NaN,79468,19069,-53569,-34500,26550,-13424,13126,28571,-7197,21374
2002-08-29T22:00:00Z,4.565,4.59,4.455,4.468,19069,-53569,-34500,26550,-13424,13126,28571,-7197,21374,NaN,NaN,NaN,NaN,79468,19069,-53569,-34500,26550,-13424,13126,28571,-7197,21374
2002-09-02T22:00:00Z,4.48,4.52,4.47,4.485,19230,-50141,-30911,26210,-14855,11355,27201,-7645,19556,NaN,NaN,NaN,NaN,77879,19230,-50141,-30911,26210,-14855,11355,27201,-7645,19556
2002-09-03T22:00:00Z,4.495,4.505,4.455,4.495,19230,-50141,-30911,26210,-14855,11355,27201,-7645,19556,NaN,NaN,NaN,NaN,77879,19230,-50141,-30911,26210,-14855,11355,27201,-7645,19556
2002-09-04T22:00:00Z,4.505,4.57,4.495,4.545,19230,-50141,-30911,26210,-14855,11355,27201,-7645,19556,NaN,NaN,NaN,NaN,77879,19230,-50141,-30911,26210,-14855,11355,27201,-7645,19556
2002-09-05T22:00:00Z,4.555,4.58,4.53,4.54,19230,-50141,-30911,26210,-14855,11355,27201,-7645,19556,NaN,NaN,NaN,NaN,77879,19230,-50141,-30911,26210,-14855,11355,27201,-7645,19556
2002-09-08T22:00:00Z,4.55,4.62,4.545,4.603,19230,-50141,-30911,26210,-14855,11355,27201,-7645,19556,NaN,NaN,NaN,NaN,77879,19230,-50141,-30911,26210,-14855,11355,27201,-7645,19556
2002-09-09T22:00:00Z,4.603,4.605,4.525,4.578,19684,-52074,-32390,26612,-15038,11574,27869,-7053,20816,NaN,NaN,NaN,NaN,80009,19684,-52074,-32390,26612,-15038,11574,27869,-7053,20816
2002-09-10T22:00:00Z,4.58,4.58,4.545,4.563,19684,-52074,-32390,26612,-15038,11574,27869,-7053,20816,NaN,NaN,NaN,NaN,80009,19684,-52074,-32390,26612,-15038,11574,27869,-7053,20816
2002-09-11T22:00:00Z,4.57,4.635,4.565,4.608,19684,-52074,-32390,26612,-15038,11574,27869,-7053,20816,NaN,NaN,NaN,NaN,80009,19684,-52074,-32390,26612,-15038,11574,27869,-7053,20816
2002-09-12T22:00:00Z,4.615,4.64,4.57,4.575,19684,-52074,-32390,26612,-15038,11574,27869,-7053,20816,NaN,NaN,NaN,NaN,80009,19684,-52074,-32390,26612,-15038,11574,27869,-7053,20816
2002-09-15T22:00:00Z,4.57,4.59,4.53,4.57,19684,-52074,-32390,26612,-15038,11574,27869,-7053,20816,NaN,NaN,NaN,NaN,80009,19684,-52074,-32390,26612,-15038,11574,27869,-7053,20816
2002-09-16T22:00:00Z,4.565,4.6,4.525,4.598,18639,-54704,-36065,28406,-14087,14319,28425,-6679,21746,NaN,NaN,NaN,NaN,81185,18639,-54704,-36065,28406,-14087,14319,28425,-6679,21746
2002-09-17T22:00:00Z,4.6,4.665,4.585,4.64,18639,-54704,-36065,28406,-14087,14319,28425,-6679,21746,NaN,NaN,NaN,NaN,81185,18639,-54704,-36065,28406,-14087,14319,28425,-6679,21746
2002-09-18T22:00:00Z,4.625,4.695,4.625,4.66,18639,-54704,-36065,28406,-14087,14319,28425,-6679,21746,NaN,NaN,NaN,NaN,81185,18639,-54704,-36065,28406,-14087,14319,28425,-6679,21746
2002-09-19T22:00:00Z,4.67,4.69,4.625,4.65,18639,-54704,-36065,28406,-14087,14319,28425,-6679,21746,NaN,NaN,NaN,NaN,81185,18639,-54704,-36065,28406,-14087,14319,28425,-6679,21746
2002-09-22T22:00:00Z,4.66,4.685,4.6,4.648,18639,-54704,-36065,28406,-14087,14319,28425,-6679,21746,NaN,NaN,NaN,NaN,81185,18639,-54704,-36065,28406,-14087,14319,28425,-6679,21746
2002-09-23T22:00:00Z,4.635,4.72,4.62,4.67,17661,-59410,-41749,32953,-10747,22206,24717,-5174,19543,NaN,NaN,NaN,NaN,81663,17661,-59410,-41749,32953,-10747,22206,24717,-5174,19543
2002-09-24T22:00:00Z,4.66,4.68,4.58,4.6,17661,-59410,-41749,32953,-10747,22206,24717,-5174,19543,NaN,NaN,NaN,NaN,81663,17661,-59410,-41749,32953,-10747,22206,24717,-5174,19543
2002-09-25T22:00:00Z,4.6,4.61,4.5,4.525,17661,-59410,-41749,32953,-10747,22206,24717,-5174,19543,NaN,NaN,NaN,NaN,81663,17661,-59410,-41749,32953,-10747,22206,24717,-5174,19543
2002-09-26T22:00:00Z,4.515,4.545,4.49,4.505,17661,-59410,-41749,32953,-10747,22206,24717,-5174,19543,NaN,NaN,NaN,NaN,81663,17661,-59410,-41749,32953,-10747,22206,24717,-5174,19543
2002-09-29T22:00:00Z,4.515,4.585,4.515,4.548,17661,-59410,-41749,32953,-10747,22206,24717,-5174,19543,NaN,NaN,NaN,NaN,81663,17661,-59410,-41749,32953,-10747,22206,24717,-5174,19543
2002-09-30T22:00:00Z,4.55,4.555,4.48,4.488,20371,-55294,-34923,30840,-12792,18048,23591,-6716,16875,NaN,NaN,NaN,NaN,81743,20371,-55294,-34923,30840,-12792,18048,23591,-6716,16875
2002-10-01T22:00:00Z,4.485,4.515,4.475,4.485,20371,-55294,-34923,30840,-12792,18048,23591,-6716,16875,NaN,NaN,NaN,NaN,81743,20371,-55294,-34923,30840,-12792,18048,23591,-6716,16875
2002-10-02T22:00:00Z,4.5,4.525,4.47,4.485,20371,-55294,-34923,30840,-12792,18048,23591,-6716,16875,NaN,NaN,NaN,NaN,81743,20371,-55294,-34923,30840,-12792,18048,23591,-6716,16875
2002-10-03T22:00:00Z,4.485,4.495,4.445,4.49,20371,-55294,-34923,30840,-12792,18048,23591,-6716,16875,NaN,NaN,NaN,NaN,81743,20371,-55294,-34923,30840,-12792,18048,23591,-6716,16875
2002-10-06T22:00:00Z,4.5,4.52,4.445,4.45,20371,-55294,-34923,30840,-12792,18048,23591,-6716,16875,NaN,NaN,NaN,NaN,81743,20371,-55294,-34923,30840,-12792,18048,23591,-6716,16875
2002-10-07T22:00:00Z,4.45,4.465,4.365,4.373,26042,-50422,-24380,29252,-20882,8370,23993,-7983,16010,NaN,NaN,NaN,NaN,86501,26042,-50422,-24380,29252,-20882,8370,23993,-7983,16010
2002-10-08T22:00:00Z,4.37,4.4,4.32,4.35,26042,-50422,-24380,29252,-20882,8370,23993,-7983,16010,NaN,NaN,NaN,NaN,86501,26042,-50422,-24380,29252,-20882,8370,23993,-7983,16010
2002-10-09T22:00:00Z,4.345,4.385,4.28,4.285,26042,-50422,-24380,29252,-20882,8370,23993,-7983,16010,NaN,NaN,NaN,NaN,86501,26042,-50422,-24380,29252,-20882,8370,23993,-7983,16010
2002-10-10T22:00:00Z,4.295,4.345,4.28,4.32,26042,-50422,-24380,29252,-20882,8370,23993,-7983,16010,NaN,NaN,NaN,NaN,86501,26042,-50422,-24380,29252,-20882,8370,23993,-7983,16010
2002-10-13T22:00:00Z,4.335,4.35,4.305,4.31,26042,-50422,-24380,29252,-20882,8370,23993,-7983,16010,NaN,NaN,NaN,NaN,86501,26042,-50422,-24380,29252,-20882,8370,23993,-7983,16010
2002-10-14T22:00:00Z,4.305,4.34,4.285,4.323,28890,-46219,-17329,28629,-29002,-373,26259,-8557,17702,NaN,NaN,NaN,NaN,90648,28890,-46219,-17329,28629,-29002,-373,26259,-8557,17702
2002-10-15T22:00:00Z,4.315,4.39,4.31,4.37,28890,-46219,-17329,28629,-29002,-373,26259,-8557,17702,NaN,NaN,NaN,NaN,90648,28890,-46219,-17329,28629,-29002,-373,26259,-8557,17702
2002-10-16T22:00:00Z,4.375,4.38,4.33,4.345,28890,-46219,-17329,28629,-29002,-373,26259,-8557,17702,NaN,NaN,NaN,NaN,90648,28890,-46219,-17329,28629,-29002,-373,26259,-8557,17702
2002-10-17T22:00:00Z,4.34,4.375,4.335,4.36,28890,-46219,-17329,28629,-29002,-373,26259,-8557,17702,NaN,NaN,NaN,NaN,90648,28890,-46219,-17329,28629,-29002,-373,26259,-8557,17702
2002-10-20T22:00:00Z,4.36,4.385,4.315,4.352,28890,-46219,-17329,28629,-29002,-373,26259,-8557,17702,NaN,NaN,NaN,NaN,90648,28890,-46219,-17329,28629,-29002,-373,26259,-8557,17702
2002-10-21T22:00:00Z,4.35,4.44,4.345,4.412,29469,-46050,-16581,30128,-30917,-789,25603,-8233,17370,NaN,NaN,NaN,NaN,92676,29469,-46050,-16581,30128,-30917,-789,25603,-8233,17370
2002-10-22T22:00:00Z,4.42,4.435,4.39,4.407,29469,-46050,-16581,30128,-30917,-789,25603,-8233,17370,NaN,NaN,NaN,NaN,92676,29469,-46050,-16581,30128,-30917,-789,25603,-8233,17370
2002-10-23T22:00:00Z,4.405,4.41,4.335,4.362,29469,-46050,-16581,30128,-30917,-789,25603,-8233,17370,NaN,NaN,NaN,NaN,92676,29469,-46050,-16581,30128,-30917,-789,25603,-8233,17370
2002-10-24T22:00:00Z,4.375,4.425,4.365,4.407,29469,-46050,-16581,30128,-30917,-789,25603,-8233,17370,NaN,NaN,NaN,NaN,92676,29469,-46050,-16581,30128,-30917,-789,25603,-8233,17370
2002-10-27T23:00:00Z,4.41,4.435,4.4,4.412,29469,-46050,-16581,30128,-30917,-789,25603,-8233,17370,NaN,NaN,NaN,NaN,92676,29469,-46050,-16581,30128,-30917,-789,25603,-8233,17370
2002-10-28T23:00:00Z,4.425,4.525,4.42,4.51,26935,-46446,-19511,29937,-27401,2536,24754,-7779,16975,NaN,NaN,NaN,NaN,89063,26935,-46446,-19511,29937,-27401,2536,24754,-7779,16975
2002-10-29T23:00:00Z,4.5,4.54,4.455,4.485,26935,-46446,-19511,29937,-27401,2536,24754,-7779,16975,NaN,NaN,NaN,NaN,89063,26935,-46446,-19511,29937,-27401,2536,24754,-7779,16975
2002-10-30T23:00:00Z,4.48,4.52,4.465,4.505,26935,-46446,-19511,29937,-27401,2536,24754,-7779,16975,NaN,NaN,NaN,NaN,89063,26935,-46446,-19511,29937,-27401,2536,24754,-7779,16975
2002-10-31T23:00:00Z,4.5,4.575,4.485,4.49,26935,-46446,-19511,29937,-27401,2536,24754,-7779,16975,NaN,NaN,NaN,NaN,89063,26935,-46446,-19511,29937,-27401,2536,24754,-7779,16975
2002-11-03T23:00:00Z,4.49,4.505,4.435,4.487,26935,-46446,-19511,29937,-27401,2536,24754,-7779,16975,NaN,NaN,NaN,NaN,89063,26935,-46446,-19511,29937,-27401,2536,24754,-7779,16975
2002-11-04T23:00:00Z,4.485,4.515,4.485,4.495,25421,-49432,-24011,28414,-22234,6180,24354,-6523,17831,NaN,NaN,NaN,NaN,85603,25421,-49432,-24011,28414,-22234,6180,24354,-6523,17831
2002-11-05T23:00:00Z,4.495,4.5,4.465,4.483,25421,-49432,-24011,28414,-22234,6180,24354,-6523,17831,NaN,NaN,NaN,NaN,85603,25421,-49432,-24011,28414,-22234,6180,24354,-6523,17831
2002-11-06T23:00:00Z,4.485,4.57,4.485,4.55,25421,-49432,-24011,28414,-22234,6180,24354,-6523,17831,NaN,NaN,NaN,NaN,85603,25421,-49432,-24011,28414,-22234,6180,24354,-6523,17831
2002-11-07T23:00:00Z,4.55,4.605,4.52,4.532,25421,-49432,-24011,28414,-22234,6180,24354,-6523,17831,NaN,NaN,NaN,NaN,85603,25421,-49432,-24011,28414,-22234,6180,24354,-6523,17831
2002-11-10T23:00:00Z,4.535,4.585,4.52,4.572,25421,-49432,-24011,28414,-22234,6180,24354,-6523,17831,NaN,NaN,NaN,NaN,85603,25421,-49432,-24011,28414,-22234,6180,24354,-6523,17831
2002-11-11T23:00:00Z,4.57,4.62,4.55,4.6,22845,-54675,-31830,30745,-15936,14809,23359,-6338,17021,NaN,NaN,NaN,NaN,84103,22845,-54675,-31830,30745,-15936,14809,23359,-6338,17021
2002-11-12T23:00:00Z,4.6,4.63,4.525,4.56,22845,-54675,-31830,30745,-15936,14809,23359,-6338,17021,NaN,NaN,NaN,NaN,84103,22845,-54675,-31830,30745,-15936,14809,23359,-6338,17021
2002-11-13T23:00:00Z,4.565,4.58,4.535,4.562,22845,-54675,-31830,30745,-15936,14809,23359,-6338,17021,NaN,NaN,NaN,NaN,84103,22845,-54675,-31830,30745,-15936,14809,23359,-6338,17021
2002-11-14T23:00:00Z,4.57,4.59,4.535,4.575,22845,-54675,-31830,30745,-15936,14809,23359,-6338,17021,NaN,NaN,NaN,NaN,84103,22845,-54675,-31830,30745,-15936,14809,23359,-6338,17021
2002-11-17T23:00:00Z,4.58,4.59,4.525,4.537,22845,-54675,-31830,30745,-15936,14809,23359,-6338,17021,NaN,NaN,NaN,NaN,84103,22845,-54675,-31830,30745,-15936,14809,23359,-6338,17021
2002-11-18T23:00:00Z,4.54,4.57,4.54,4.547,23400,-57327,-33927,32339,-14484,17855,22554,-6482,16072,NaN,NaN,NaN,NaN,86256,23400,-57327,-33927,32339,-14484,17855,22554,-6482,16072
2002-11-19T23:00:00Z,4.55,4.555,4.525,4.535,23400,-57327,-33927,32339,-14484,17855,22554,-6482,16072,NaN,NaN,NaN,NaN,86256,23400,-57327,-33927,32339,-14484,17855,22554,-6482,16072
2002-11-20T23:00:00Z,4.535,4.55,4.43,4.468,23400,-57327,-33927,32339,-14484,17855,22554,-6482,16072,NaN,NaN,NaN,NaN,86256,23400,-57327,-33927,32339,-14484,17855,22554,-6482,16072
2002-11-21T23:00:00Z,4.465,4.55,4.46,4.543,23400,-57327,-33927,32339,-14484,17855,22554,-6482,16072,NaN,NaN,NaN,NaN,86256,23400,-57327,-33927,32339,-14484,17855,22554,-6482,16072
2002-11-24T23:00:00Z,4.535,4.535,4.455,4.473,23400,-57327,-33927,32339,-14484,17855,22554,-6482,16072,NaN,NaN,NaN,NaN,86256,23400,-57327,-33927,32339,-14484,17855,22554,-6482,16072
2002-11-26T23:00:00Z,4.435,4.445,4.405,4.414,27284,-55450,-28166,28788,-16324,12464,22284,-6582,15702,NaN,NaN,NaN,NaN,83456,27284,-55450,-28166,28788,-16324,12464,22284,-6582,15702
2002-12-01T23:00:00Z,4.455,4.46,4.415,4.442,27284,-55450,-28166,28788,-16324,12464,22284,-6582,15702,NaN,NaN,NaN,NaN,83456,27284,-55450,-28166,28788,-16324,12464,22284,-6582,15702
2002-12-02T23:00:00Z,4.44,4.56,4.44,4.552,23026,-50377,-27351,29315,-16765,12550,22166,-7365,14801,NaN,NaN,NaN,NaN,79183,23026,-50377,-27351,29315,-16765,12550,22166,-7365,14801
2002-12-03T23:00:00Z,4.55,4.605,4.54,4.577,23026,-50377,-27351,29315,-16765,12550,22166,-7365,14801,NaN,NaN,NaN,NaN,79183,23026,-50377,-27351,29315,-16765,12550,22166,-7365,14801
2002-12-04T23:00:00Z,4.57,4.67,4.565,4.64,23026,-50377,-27351,29315,-16765,12550,22166,-7365,14801,NaN,NaN,NaN,NaN,79183,23026,-50377,-27351,29315,-16765,12550,22166,-7365,14801
2002-12-05T23:00:00Z,4.64,4.69,4.6,4.65,23026,-50377,-27351,29315,-16765,12550,22166,-7365,14801,NaN,NaN,NaN,NaN,79183,23026,-50377,-27351,29315,-16765,12550,22166,-7365,14801
2002-12-08T23:00:00Z,4.64,4.655,4.555,4.615,23026,-50377,-27351,29315,-16765,12550,22166,-7365,14801,NaN,NaN,NaN,NaN,79183,23026,-50377,-27351,29315,-16765,12550,22166,-7365,14801
2002-12-09T23:00:00Z,4.61,4.64,4.59,4.623,18646,-56139,-37493,31288,-10149,21139,22086,-5732,16354,NaN,NaN,NaN,NaN,76695,18646,-56139,-37493,31288,-10149,21139,22086,-5732,16354
2002-12-10T23:00:00Z,4.62,4.665,4.61,4.645,18646,-56139,-37493,31288,-10149,21139,22086,-5732,16354,NaN,NaN,NaN,NaN,76695,18646,-56139,-37493,31288,-10149,21139,22086,-5732,16354
2002-12-11T23:00:00Z,4.65,4.77,4.625,4.752,18646,-56139,-37493,31288,-10149,21139,22086,-5732,16354,NaN,NaN,NaN,NaN,76695,18646,-56139,-37493,31288,-10149,21139,22086,-5732,16354
2002-12-12T23:00:00Z,4.75,4.805,4.665,4.712,18646,-56139,-37493,31288,-10149,21139,22086,-5732,16354,NaN,NaN,NaN,NaN,76695,18646,-56139,-37493,31288,-10149,21139,22086,-5732,16354
2002-12-15T23:00:00Z,4.71,4.74,4.655,4.707,18646,-56139,-37493,31288,-10149,21139,22086,-5732,16354,NaN,NaN,NaN,NaN,76695,18646,-56139,-37493,31288,-10149,21139,22086,-5732,16354
2002-12-16T23:00:00Z,4.71,4.765,4.61,4.645,15636,-63069,-47433,33764,-6138,27626,24985,-5178,19807,NaN,NaN,NaN,NaN,78899,15636,-63069,-47433,33764,-6138,27626,24985,-5178,19807
2002-12-17T23:00:00Z,4.645,4.68,4.615,4.67,15636,-63069,-47433,33764,-6138,27626,24985,-5178,19807,NaN,NaN,NaN,NaN,78899,15636,-63069,-47433,33764,-6138,27626,24985,-5178,19807
2002-12-18T23:00:00Z,4.68,4.79,4.66,4.725,15636,-63069,-47433,33764,-6138,27626,24985,-5178,19807,NaN,NaN,NaN,NaN,78899,15636,-63069,-47433,33764,-6138,27626,24985,-5178,19807
2002-12-19T23:00:00Z,4.72,4.73,4.605,4.632,15636,-63069,-47433,33764,-6138,27626,24985,-5178,19807,NaN,NaN,NaN,NaN,78899,15636,-63069,-47433,33764,-6138,27626,24985,-5178,19807
2002-12-22T23:00:00Z,4.63,4.68,4.615,4.655,12718,-62797,-50079,34246,-5314,28932,25563,-4416,21147,NaN,NaN,NaN,NaN,76932,12718,-62797,-50079,34246,-5314,28932,25563,-4416,21147
2002-12-23T23:00:00Z,4.665,4.68,4.63,4.662,12718,-62797,-50079,34246,-5314,28932,25563,-4416,21147,NaN,NaN,NaN,NaN,76932,12718,-62797,-50079,34246,-5314,28932,25563,-4416,21147
2002-12-25T23:00:00Z,4.66,4.715,4.645,4.705,12718,-62797,-50079,34246,-5314,28932,25563,-4416,21147,NaN,NaN,NaN,NaN,76932,12718,-62797,-50079,34246,-5314,28932,25563,-4416,21147
2002-12-26T23:00:00Z,4.705,4.735,4.68,4.723,12718,-62797,-50079,34246,-5314,28932,25563,-4416,21147,NaN,NaN,NaN,NaN,76932,12718,-62797,-50079,34246,-5314,28932,25563,-4416,21147
2002-12-29T23:00:00Z,4.73,4.755,4.665,4.673,12718,-62797,-50079,34246,-5314,28932,25563,-4416,21147,NaN,NaN,NaN,NaN,76932,12718,-62797,-50079,34246,-5314,28932,25563,-4416,21147
2002-12-30T23:00:00Z,4.68,4.82,4.65,4.812,12948,-67845,-54897,36652,-4772,31880,26756,-3739,23017,NaN,NaN,NaN,NaN,80920,12948,-67845,-54897,36652,-4772,31880,26756,-3739,23017
2003-01-01T23:00:00Z,4.79,4.835,4.75,4.823,12948,-67845,-54897,36652,-4772,31880,26756,-3739,23017,NaN,NaN,NaN,NaN,80920,12948,-67845,-54897,36652,-4772,31880,26756,-3739,23017
2003-01-02T23:00:00Z,4.823,4.92,4.78,4.903,12948,-67845,-54897,36652,-4772,31880,26756,-3739,23017,NaN,NaN,NaN,NaN,80920,12948,-67845,-54897,36652,-4772,31880,26756,-3739,23017
2003-01-05T23:00:00Z,4.9,4.945,4.89,4.91,12948,-67845,-54897,36652,-4772,31880,26756,-3739,23017,NaN,NaN,NaN,NaN,80920,12948,-67845,-54897,36652,-4772,31880,26756,-3739,23017
2003-01-06T23:00:00Z,4.925,4.925,4.785,4.815,15941,-79275,-63334,45993,-7406,38587,28944,-4197,24747,NaN,NaN,NaN,NaN,95739,15941,-79275,-63334,45993,-7406,38587,28944,-4197,24747
2003-01-07T23:00:00Z,4.815,4.885,4.77,4.867,15941,-79275,-63334,45993,-7406,38587,28944,-4197,24747,NaN,NaN,NaN,NaN,95739,15941,-79275,-63334,45993,-7406,38587,28944,-4197,24747
2003-01-08T23:00:00Z,4.87,4.89,4.815,4.855,15941,-79275,-63334,45993,-7406,38587,28944,-4197,24747,NaN,NaN,NaN,NaN,95739,15941,-79275,-63334,45993,-7406,38587,28944,-4197,24747
2003-01-09T23:00:00Z,4.855,4.885,4.82,4.873,15941,-79275,-63334,45993,-7406,38587,28944,-4197,24747,NaN,NaN,NaN,NaN,95739,15941,-79275,-63334,45993,-7406,38587,28944,-4197,24747
2003-01-12T23:00:00Z,4.87,4.87,4.795,4.84,15941,-79275,-63334,45993,-7406,38587,28944,-4197,24747,NaN,NaN,NaN,NaN,95739,15941,-79275,-63334,45993,-7406,38587,28944,-4197,24747
2003-01-13T23:00:00Z,4.835,4.845,4.735,4.765,18244,-81066,-62822,45901,-8658,37243,29417,-3838,25579,NaN,NaN,NaN,NaN,98600,18244,-81066,-62822,45901,-8658,37243,29417,-3838,25579
2003-01-14T23:00:00Z,4.76,4.805,4.72,4.78,18244,-81066,-62822,45901,-8658,37243,29417,-3838,25579,NaN,NaN,NaN,NaN,98600,18244,-81066,-62822,45901,-8658,37243,29417,-3838,25579
2003-01-15T23:00:00Z,4.775,4.85,4.765,4.835,18244,-81066,-62822,45901,-8658,37243,29417,-3838,25579,NaN,NaN,NaN,NaN,98600,18244,-81066,-62822,45901,-8658,37243,29417,-3838,25579
2003-01-16T23:00:00Z,4.835,4.845,4.785,4.81,18244,-81066,-62822,45901,-8658,37243,29417,-3838,25579,NaN,NaN,NaN,NaN,98600,18244,-81066,-62822,45901,-8658,37243,29417,-3838,25579
2003-01-20T23:00:00Z,4.805,4.83,4.76,4.82,17880,-81442,-63562,47016,-8616,38400,29749,-4587,25162,NaN,NaN,NaN,NaN,99420,17880,-81442,-63562,47016,-8616,38400,29749,-4587,25162
2003-01-21T23:00:00Z,4.82,4.87,4.82,4.848,17880,-81442,-63562,47016,-8616,38400,29749,-4587,25162,NaN,NaN,NaN,NaN,99420,17880,-81442,-63562,47016,-8616,38400,29749,-4587,25162
2003-01-22T23:00:00Z,4.845,4.905,4.78,4.785,17880,-81442,-63562,47016,-8616,38400,29749,-4587,25162,NaN,NaN,NaN,NaN,99420,17880,-81442,-63562,47016,-8616,38400,29749,-4587,25162
2003-01-23T23:00:00Z,4.785,4.95,4.76,4.885,17880,-81442,-63562,47016,-8616,38400,29749,-4587,25162,NaN,NaN,NaN,NaN,99420,17880,-81442,-63562,47016,-8616,38400,29749,-4587,25162
2003-01-26T23:00:00Z,4.885,4.93,4.78,4.835,17880,-81442,-63562,47016,-8616,38400,29749,-4587,25162,NaN,NaN,NaN,NaN,99420,17880,-81442,-63562,47016,-8616,38400,29749,-4587,25162
2003-01-27T23:00:00Z,4.835,4.88,4.805,4.875,18122,-84903,-66781,47139,-7167,39972,32325,-5516,26809,NaN,NaN,NaN,NaN,102214,18122,-84903,-66781,47139,-7167,39972,32325,-5516,26809
2003-01-28T23:00:00Z,4.875,4.895,4.8,4.805,18122,-84903,-66781,47139,-7167,39972,32325,-5516,26809,NaN,NaN,NaN,NaN,102214,18122,-84903,-66781,47139,-7167,39972,32325,-5516,26809
2003-01-29T23:00:00Z,4.8,4.92,4.78,4.87,18122,-84903,-66781,47139,-7167,39972,32325,-5516,26809,NaN,NaN,NaN,NaN,102214,18122,-84903,-66781,47139,-7167,39972,32325,-5516,26809
2003-01-30T23:00:00Z,4.875,4.91,4.835,4.86,18122,-84903,-66781,47139,-7167,39972,32325,-5516,26809,NaN,NaN,NaN,NaN,102214,18122,-84903,-66781,47139,-7167,39972,32325,-5516,26809
2003-02-02T23:00:00Z,4.86,4.88,4.81,4.835,18122,-84903,-66781,47139,-7167,39972,32325,-5516,26809,NaN,NaN,NaN,NaN,102214,18122,-84903,-66781,47139,-7167,39972,32325,-5516,26809
2003-02-03T23:00:00Z,4.84,4.93,4.835,4.918,16654,-87790,-71136,49110,-6582,42528,33646,-5038,28608,NaN,NaN,NaN,NaN,103514,16654,-87790,-71136,49110,-6582,42528,33646,-5038,28608
2003-02-04T23:00:00Z,4.915,4.98,4.735,4.768,16654,-87790,-71136,49110,-6582,42528,33646,-5038,28608,NaN,NaN,NaN,NaN,103514,16654,-87790,-71136,49110,-6582,42528,33646,-5038,28608
2003-02-05T23:00:00Z,4.785,4.815,4.66,4.68,16654,-87790,-71136,49110,-6582,42528,33646,-5038,28608,NaN,NaN,NaN,NaN,103514,16654,-87790,-71136,49110,-6582,42528,33646,-5038,28608
2003-02-06T23:00:00Z,4.68,4.735,4.63,4.65,16654,-87790,-71136,49110,-6582,42528,33646,-5038,28608,NaN,NaN,NaN,NaN,103514,16654,-87790,-71136,49110,-6582,42528,33646,-5038,28608
2003-02-09T23:00:00Z,4.66,4.685,4.585,4.6,16654,-87790,-71136,49110,-6582,42528,33646,-5038,28608,NaN,NaN,NaN,NaN,103514,16654,-87790,-71136,49110,-6582,42528,33646,-5038,28608
2003-02-10T23:00:00Z,4.6,4.615,4.535,4.57,20067,-76962,-56895,36461,-7324,29137,32599,-4841,27758,NaN,NaN,NaN,NaN,95036,20067,-76962,-56895,36461,-7324,29137,32599,-4841,27758
2003-02-11T23:00:00Z,4.58,4.595,4.495,4.507,20067,-76962,-56895,36461,-7324,29137,32599,-4841,27758,NaN,NaN,NaN,NaN,95036,20067,-76962,-56895,36461,-7324,29137,32599,-4841,27758
2003-02-12T23:00:00Z,4.515,4.565,4.485,4.533,20067,-76962,-56895,36461,-7324,29137,32599,-4841,27758,NaN,NaN,NaN,NaN,95036,20067,-76962,-56895,36461,-7324,29137,32599,-4841,27758
2003-02-13T23:00:00Z,4.54,4.565,4.5,4.535,23182,-69932,-46750,30821,-10643,20178,32946,-6374,26572,NaN,NaN,NaN,NaN,92139,23182,-69932,-46750,30821,-10643,20178,32946,-6374,26572
2003-02-17T23:00:00Z,4.51,4.595,4.5,4.555,23182,-69932,-46750,30821,-10643,20178,32946,-6374,26572,NaN,NaN,NaN,NaN,92139,23182,-69932,-46750,30821,-10643,20178,32946,-6374,26572
2003-02-18T23:00:00Z,4.555,4.63,4.545,4.625,23182,-69932,-46750,30821,-10643,20178,32946,-6374,26572,NaN,NaN,NaN,NaN,92139,23182,-69932,-46750,30821,-10643,20178,32946,-6374,26572
2003-02-19T23:00:00Z,4.625,4.68,4.605,4.662,23182,-69932,-46750,30821,-10643,20178,32946,-6374,26572,NaN,NaN,NaN,NaN,92139,23182,-69932,-46750,30821,-10643,20178,32946,-6374,26572
2003-02-20T23:00:00Z,4.66,4.675,4.61,4.665,23182,-69932,-46750,30821,-10643,20178,32946,-6374,26572,NaN,NaN,NaN,NaN,92139,23182,-69932,-46750,30821,-10643,20178,32946,-6374,26572
2003-02-23T23:00:00Z,4.665,4.725,4.65,4.715,23182,-69932,-46750,30821,-10643,20178,32946,-6374,26572,NaN,NaN,NaN,NaN,92139,23182,-69932,-46750,30821,-10643,20178,32946,-6374,26572
2003-02-24T23:00:00Z,4.72,4.735,4.61,4.642,24080,-67623,-43543,30629,-9723,20906,32859,-10222,22637,NaN,NaN,NaN,NaN,90955,24080,-67623,-43543,30629,-9723,20906,32859,-10222,22637
2003-02-25T23:00:00Z,4.635,4.665,4.61,4.655,24080,-67623,-43543,30629,-9723,20906,32859,-10222,22637,NaN,NaN,NaN,NaN,90955,24080,-67623,-43543,30629,-9723,20906,32859,-10222,22637
2003-02-26T23:00:00Z,4.67,4.685,4.57,4.575,24080,-67623,-43543,30629,-9723,20906,32859,-10222,22637,NaN,NaN,NaN,NaN,90955,24080,-67623,-43543,30629,-9723,20906,32859,-10222,22637
2003-02-27T23:00:00Z,4.575,4.66,4.55,4.6,24080,-67623,-43543,30629,-9723,20906,32859,-10222,22637,NaN,NaN,NaN,NaN,90955,24080,-67623,-43543,30629,-9723,20906,32859,-10222,22637
2003-03-02T23:00:00Z,4.6,4.68,4.585,4.672,24080,-67623,-43543,30629,-9723,20906,32859,-10222,22637,NaN,NaN,NaN,NaN,90955,24080,-67623,-43543,30629,-9723,20906,32859,-10222,22637
2003-03-03T23:00:00Z,4.68,4.705,4.655,4.672,23871,-63249,-39378,27509,-9499,18010,27844,-6476,21368,NaN,NaN,NaN,NaN,81825,23871,-63249,-39378,27509,-9499,18010,27844,-6476,21368
2003-03-04T23:00:00Z,4.665,4.7,4.605,4.637,23871,-63249,-39378,27509,-9499,18010,27844,-6476,21368,NaN,NaN,NaN,NaN,81825,23871,-63249,-39378,27509,-9499,18010,27844,-6476,21368
2003-03-05T23:00:00Z,4.645,4.71,4.635,4.673,23871,-63249,-39378,27509,-9499,18010,27844,-6476,21368,NaN,NaN,NaN,NaN,81825,23871,-63249,-39378,27509,-9499,18010,27844,-6476,21368
2003-03-06T23:00:00Z,4.675,4.695,4.605,4.688,23871,-63249,-39378,27509,-9499,18010,27844,-6476,21368,NaN,NaN,NaN,NaN,81825,23871,-63249,-39378,27509,-9499,18010,27844,-6476,21368
2003-03-09T23:00:00Z,4.69,4.71,4.675,4.68,23871,-63249,-39378,27509,-9499,18010,27844,-6476,21368,NaN,NaN,NaN,NaN,81825,23871,-63249,-39378,27509,-9499,18010,27844,-6476,21368
2003-03-10T23:00:00Z,4.68,4.695,4.64,4.69,22997,-66325,-43328,28597,-6577,22020,27963,-6655,21308,NaN,NaN,NaN,NaN,81943,22997,-66325,-43328,28597,-6577,22020,27963,-6655,21308
2003-03-11T23:00:00Z,4.685,4.695,4.63,4.635,22997,-66325,-43328,28597,-6577,22020,27963,-6655,21308,NaN,NaN,NaN,NaN,81943,22997,-66325,-43328,28597,-6577,22020,27963,-6655,21308
2003-03-12T23:00:00Z,4.635,4.635,4.5,4.54,22997,-66325,-43328,28597,-6577,22020,27963,-6655,21308,NaN,NaN,NaN,NaN,81943,22997,-66325,-43328,28597,-6577,22020,27963,-6655,21308
2003-03-13T23:00:00Z,4.54,4.555,4.515,4.538,22997,-66325,-43328,28597,-6577,22020,27963,-6655,21308,NaN,NaN,NaN,NaN,81943,22997,-66325,-43328,28597,-6577,22020,27963,-6655,21308
2003-03-16T23:00:00Z,4.545,4.61,4.445,4.45,22997,-66325,-43328,28597,-6577,22020,27963,-6655,21308,NaN,NaN,NaN,NaN,81943,22997,-66325,-43328,28597,-6577,22020,27963,-6655,21308
2003-03-17T23:00:00Z,4.46,4.495,4.45,4.463,24724,-57287,-32563,27518,-14759,12759,28085,-8281,19804,NaN,NaN,NaN,NaN,83928,24724,-57287,-32563,27518,-14759,12759,28085,-8281,19804
2003-03-18T23:00:00Z,4.48,4.495,4.415,4.42,24724,-57287,-32563,27518,-14759,12759,28085,-8281,19804,NaN,NaN,NaN,NaN,83928,24724,-57287,-32563,27518,-14759,12759,28085,-8281,19804
2003-03-19T23:00:00Z,4.42,4.455,4.395,4.415,24724,-57287,-32563,27518,-14759,12759,28085,-8281,19804,NaN,NaN,NaN,NaN,83928,24724,-57287,-32563,27518,-14759,12759,28085,-8281,19804
2003-03-20T23:00:00Z,4.415,4.43,4.34,4.353,24724,-57287,-32563,27518,-14759,12759,28085,-8281,19804,NaN,NaN,NaN,NaN,83928,24724,-57287,-32563,27518,-14759,12759,28085,-8281,19804
2003-03-23T23:00:00Z,4.36,4.395,4.355,4.368,24724,-57287,-32563,27518,-14759,12759,28085,-8281,19804,NaN,NaN,NaN,NaN,83928,24724,-57287,-32563,27518,-14759,12759,28085,-8281,19804
2003-03-24T23:00:00Z,4.37,4.43,4.35,4.393,32131,-49159,-17028,25093,-25714,-621,26801,-9152,17649,NaN,NaN,NaN,NaN,88189,32131,-49159,-17028,25093,-25714,-621,26801,-9152,17649
2003-03-25T23:00:00Z,4.4,4.415,4.38,4.398,32131,-49159,-17028,25093,-25714,-621,26801,-9152,17649,NaN,NaN,NaN,NaN,88189,32131,-49159,-17028,25093,-25714,-621,26801,-9152,17649
2003-03-26T23:00:00Z,4.4,4.415,4.365,4.393,32131,-49159,-17028,25093,-25714,-621,26801,-9152,17649,NaN,NaN,NaN,NaN,88189,32131,-49159,-17028,25093,-25714,-621,26801,-9152,17649
2003-03-27T23:00:00Z,4.39,4.46,4.36,4.433,32131,-49159,-17028,25093,-25714,-621,26801,-9152,17649,NaN,NaN,NaN,NaN,88189,32131,-49159,-17028,25093,-25714,-621,26801,-9152,17649
2003-03-30T23:00:00Z,4.445,4.475,4.43,4.465,32131,-49159,-17028,25093,-25714,-621,26801,-9152,17649,NaN,NaN,NaN,NaN,88189,32131,-49159,-17028,25093,-25714,-621,26801,-9152,17649
2003-03-31T23:00:00Z,4.465,4.47,4.415,4.437,32501,-48346,-15845,25268,-28948,-3680,27421,-7896,19525,NaN,NaN,NaN,NaN,89047,32501,-48346,-15845,25268,-28948,-3680,27421,-7896,19525
2003-04-01T23:00:00Z,4.44,4.445,4.35,4.402,32501,-48346,-15845,25268,-28948,-3680,27421,-7896,19525,NaN,NaN,NaN,NaN,89047,32501,-48346,-15845,25268,-28948,-3680,27421,-7896,19525
2003-04-02T23:00:00Z,4.4,4.435,4.365,4.413,32501,-48346,-15845,25268,-28948,-3680,27421,-7896,19525,NaN,NaN,NaN,NaN,89047,32501,-48346,-15845,25268,-28948,-3680,27421,-7896,19525
2003-04-03T23:00:00Z,4.415,4.43,4.39,4.415,32501,-48346,-15845,25268,-28948,-3680,27421,-7896,19525,NaN,NaN,NaN,NaN,89047,32501,-48346,-15845,25268,-28948,-3680,27421,-7896,19525
2003-04-06T22:00:00Z,4.405,4.435,4.38,4.423,32501,-48346,-15845,25268,-28948,-3680,27421,-7896,19525,NaN,NaN,NaN,NaN,89047,32501,-48346,-15845,25268,-28948,-3680,27421,-7896,19525
2003-04-07T22:00:00Z,4.425,4.53,4.41,4.478,30983,-50126,-19143,27512,-28192,-680,27605,-7782,19823,NaN,NaN,NaN,NaN,90692,30983,-50126,-19143,27512,-28192,-680,27605,-7782,19823
2003-04-08T22:00:00Z,4.48,4.5,4.435,4.483,30983,-50126,-19143,27512,-28192,-680,27605,-7782,19823,NaN,NaN,NaN,NaN,90692,30983,-50126,-19143,27512,-28192,-680,27605,-7782,19823
2003-04-09T22:00:00Z,4.48,4.495,4.455,4.49,30983,-50126,-19143,27512,-28192,-680,27605,-7782,19823,NaN,NaN,NaN,NaN,90692,30983,-50126,-19143,27512,-28192,-680,27605,-7782,19823
2003-04-10T22:00:00Z,4.48,4.5,4.45,4.493,30983,-50126,-19143,27512,-28192,-680,27605,-7782,19823,NaN,NaN,NaN,NaN,90692,30983,-50126,-19143,27512,-28192,-680,27605,-7782,19823
2003-04-13T22:00:00Z,4.485,4.545,4.475,4.538,30983,-50126,-19143,27512,-28192,-680,27605,-7782,19823,NaN,NaN,NaN,NaN,90692,30983,-50126,-19143,27512,-28192,-680,27605,-7782,19823
2003-04-14T22:00:00Z,4.535,4.545,4.51,4.523,30838,-49990,-19152,26854,-27201,-347,26959,-7460,19499,NaN,NaN,NaN,NaN,88705,30838,-49990,-19152,26854,-27201,-347,26959,-7460,19499
2003-04-15T22:00:00Z,4.52,4.53,4.45,4.485,30838,-49990,-19152,26854,-27201,-347,26959,-7460,19499,NaN,NaN,NaN,NaN,88705,30838,-49990,-19152,26854,-27201,-347,26959,-7460,19499
2003-04-16T22:00:00Z,4.475,4.495,4.46,4.47,30838,-49990,-19152,26854,-27201,-347,26959,-7460,19499,NaN,NaN,NaN,NaN,88705,30838,-49990,-19152,26854,-27201,-347,26959,-7460,19499
2003-04-20T22:00:00Z,4.475,4.55,4.465,4.535,30838,-49990,-19152,26854,-27201,-347,26959,-7460,19499,NaN,NaN,NaN,NaN,88705,30838,-49990,-19152,26854,-27201,-347,26959,-7460,19499
2003-04-21T22:00:00Z,4.53,4.605,4.53,4.597,29123,-52924,-23801,26792,-22701,4091,27509,-7799,19710,NaN,NaN,NaN,NaN,87564,29123,-52924,-23801,26792,-22701,4091,27509,-7799,19710
2003-04-22T22:00:00Z,4.59,4.665,4.57,4.625,29123,-52924,-23801,26792,-22701,4091,27509,-7799,19710,NaN,NaN,NaN,NaN,87564,29123,-52924,-23801,26792,-22701,4091,27509,-7799,19710
2003-04-23T22:00:00Z,4.62,4.66,4.6,4.645,29123,-52924,-23801,26792,-22701,4091,27509,-7799,19710,NaN,NaN,NaN,NaN,87564,29123,-52924,-23801,26792,-22701,4091,27509,-7799,19710
2003-04-24T22:00:00Z,4.635,4.655,4.62,4.632,29123,-52924,-23801,26792,-22701,4091,27509,-7799,19710,NaN,NaN,NaN,NaN,87564,29123,-52924,-23801,26792,-22701,4091,27509,-7799,19710
2003-04-27T22:00:00Z,4.625,4.645,4.535,4.58,29123,-52924,-23801,26792,-22701,4091,27509,-7799,19710,NaN,NaN,NaN,NaN,87564,29123,-52924,-23801,26792,-22701,4091,27509,-7799,19710
2003-04-28T22:00:00Z,4.59,4.6,4.56,4.565,29607,-57474,-27867,24615,-15398,9217,24726,-6076,18650,NaN,NaN,NaN,NaN,81957,29607,-57474,-27867,24615,-15398,9217,24726,-6076,18650
2003-04-29T22:00:00Z,4.57,4.67,4.565,4.652,29607,-57474,-27867,24615,-15398,9217,24726,-6076,18650,NaN,NaN,NaN,NaN,81957,29607,-57474,-27867,24615,-15398,9217,24726,-6076,18650
2003-04-30T22:00:00Z,4.66,4.78,4.65,4.775,29607,-57474,-27867,24615,-15398,9217,24726,-6076,18650,NaN,NaN,NaN,NaN,81957,29607,-57474,-27867,24615,-15398,9217,24726,-6076,18650
2003-05-01T22:00:00Z,4.77,4.825,4.74,4.797,29607,-57474,-27867,24615,-15398,9217,24726,-6076,18650,NaN,NaN,NaN,NaN,81957,29607,-57474,-27867,24615,-15398,9217,24726,-6076,18650
2003-05-04T22:00:00Z,4.795,4.825,4.77,4.815,29607,-57474,-27867,24615,-15398,9217,24726,-6076,18650,NaN,NaN,NaN,NaN,81957,29607,-57474,-27867,24615,-15398,9217,24726,-6076,18650
2003-05-05T22:00:00Z,4.825,4.835,4.77,4.8,22310,-66540,-44230,34169,-8581,25588,25226,-6584,18642,NaN,NaN,NaN,NaN,84773,22310,-66540,-44230,34169,-8581,25588,25226,-6584,18642
2003-05-06T22:00:00Z,4.8,4.815,4.715,4.742,22310,-66540,-44230,34169,-8581,25588,25226,-6584,18642,NaN,NaN,NaN,NaN,84773,22310,-66540,-44230,34169,-8581,25588,25226,-6584,18642
2003-05-07T22:00:00Z,4.742,4.815,4.73,4.802,22310,-66540,-44230,34169,-8581,25588,25226,-6584,18642,NaN,NaN,NaN,NaN,84773,22310,-66540,-44230,34169,-8581,25588,25226,-6584,18642
2003-05-08T22:00:00Z,4.805,4.815,4.77,4.8,22310,-66540,-44230,34169,-8581,25588,25226,-6584,18642,NaN,NaN,NaN,NaN,84773,22310,-66540,-44230,34169,-8581,25588,25226,-6584,18642
2003-05-11T22:00:00Z,4.795,4.91,4.77,4.872,22310,-66540,-44230,34169,-8581,25588,25226,-6584,18642,NaN,NaN,NaN,NaN,84773,22310,-66540,-44230,34169,-8581,25588,25226,-6584,18642
2003-05-12T22:00:00Z,4.865,4.875,4.82,4.825,20994,-73244,-52250,39038,-6805,32233,25567,-5550,20017,NaN,NaN,NaN,NaN,89108,20994,-73244,-52250,39038,-6805,32233,25567,-5550,20017
2003-05-13T22:00:00Z,4.83,4.89,4.82,4.872,20994,-73244,-52250,39038,-6805,32233,25567,-5550,20017,NaN,NaN,NaN,NaN,89108,20994,-73244,-52250,39038,-6805,32233,25567,-5550,20017
2003-05-14T22:00:00Z,4.875,4.89,4.76,4.78,20994,-73244,-52250,39038,-6805,32233,25567,-5550,20017,NaN,NaN,NaN,NaN,89108,20994,-73244,-52250,39038,-6805,32233,25567,-5550,20017
2003-05-15T22:00:00Z,4.78,4.845,4.77,4.79,20994,-73244,-52250,39038,-6805,32233,25567,-5550,20017,NaN,NaN,NaN,NaN,89108,20994,-73244,-52250,39038,-6805,32233,25567,-5550,20017
2003-05-18T22:00:00Z,4.795,4.87,4.795,4.82,20994,-73244,-52250,39038,-6805,32233,25567,-5550,20017,NaN,NaN,NaN,NaN,89108,20994,-73244,-52250,39038,-6805,32233,25567,-5550,20017
2003-05-19T22:00:00Z,4.83,4.865,4.755,4.772,17944,-72581,-54637,40340,-8176,32164,25764,-3291,22473,NaN,NaN,NaN,NaN,89363,17944,-72581,-54637,40340,-8176,32164,25764,-3291,22473
2003-05-20T22:00:00Z,4.775,4.8,4.7,4.725,17944,-72581,-54637,40340,-8176,32164,25764,-3291,22473,NaN,NaN,NaN,NaN,89363,17944,-72581,-54637,40340,-8176,32164,25764,-3291,22473
2003-05-21T22:00:00Z,4.725,4.76,4.65,4.662,17944,-72581,-54637,40340,-8176,32164,25764,-3291,22473,NaN,NaN,NaN,NaN,89363,17944,-72581,-54637,40340,-8176,32164,25764,-3291,22473
2003-05-22T22:00:00Z,4.66,4.69,4.625,4.647,17944,-72581,-54637,40340,-8176,32164,25764,-3291,22473,NaN,NaN,NaN,NaN,89363,17944,-72581,-54637,40340,-8176,32164,25764,-3291,22473
2003-05-26T22:00:00Z,4.66,4.71,4.62,4.625,16026,-67335,-51309,36415,-6110,30305,26039,-5035,21004,NaN,NaN,NaN,NaN,82547,16026,-67335,-51309,36415,-6110,30305,26039,-5035,21004
2003-05-27T22:00:00Z,4.625,4.645,4.58,4.64,16026,-67335,-51309,36415,-6110,30305,26039,-5035,21004,NaN,NaN,NaN,NaN,82547,16026,-67335,-51309,36415,-6110,30305,26039,-5035,21004
2003-05-28T22:00:00Z,4.61,4.64,4.54,4.575,16026,-67335,-51309,36415,-6110,30305,26039,-5035,21004,NaN,NaN,NaN,NaN,82547,16026,-67335,-51309,36415,-6110,30305,26039,-5035,21004
2003-05-29T22:00:00Z,4.58,4.59,4.51,4.533,16026,-67335,-51309,36415,-6110,30305,26039,-5035,21004,NaN,NaN,NaN,NaN,82547,16026,-67335,-51309,36415,-6110,30305,26039,-5035,21004
2003-06-01T22:00:00Z,4.54,4.565,4.495,4.508,16026,-67335,-51309,36415,-6110,30305,26039,-5035,21004,NaN,NaN,NaN,NaN,82547,16026,-67335,-51309,36415,-6110,30305,26039,-5035,21004
2003-06-02T22:00:00Z,4.515,4.53,4.5,4.51,17737,-60060,-42323,26998,-6250,20748,26838,-5263,21575,NaN,NaN,NaN,NaN,75912,17737,-60060,-42323,26998,-6250,20748,26838,-5263,21575
2003-06-03T22:00:00Z,4.52,4.545,4.48,4.5,17737,-60060,-42323,26998,-6250,20748,26838,-5263,21575,NaN,NaN,NaN,NaN,75912,17737,-60060,-42323,26998,-6250,20748,26838,-5263,21575
2003-06-04T22:00:00Z,4.495,4.51,4.475,4.5,17737,-60060,-42323,26998,-6250,20748,26838,-5263,21575,NaN,NaN,NaN,NaN,75912,17737,-60060,-42323,26998,-6250,20748,26838,-5263,21575
2003-06-05T22:00:00Z,4.51,4.59,4.505,4.545,17737,-60060,-42323,26998,-6250,20748,26838,-5263,21575,NaN,NaN,NaN,NaN,75912,17737,-60060,-42323,26998,-6250,20748,26838,-5263,21575
2003-06-08T22:00:00Z,4.54,4.56,4.485,4.518,17737,-60060,-42323,26998,-6250,20748,26838,-5263,21575,NaN,NaN,NaN,NaN,75912,17737,-60060,-42323,26998,-6250,20748,26838,-5263,21575
2003-06-09T22:00:00Z,4.52,4.53,4.455,4.47,20185,-56153,-35968,26604,-11940,14664,27824,-6520,21304,NaN,NaN,NaN,NaN,78684,20185,-56153,-35968,26604,-11940,14664,27824,-6520,21304
2003-06-10T22:00:00Z,4.47,4.52,4.43,4.5,20185,-56153,-35968,26604,-11940,14664,27824,-6520,21304,NaN,NaN,NaN,NaN,78684,20185,-56153,-35968,26604,-11940,14664,27824,-6520,21304
2003-06-11T22:00:00Z,4.515,4.515,4.475,4.505,20185,-56153,-35968,26604,-11940,14664,27824,-6520,21304,NaN,NaN,NaN,NaN,78684,20185,-56153,-35968,26604,-11940,14664,27824,-6520,21304
2003-06-12T22:00:00Z,4.505,4.585,4.5,4.575,20185,-56153,-35968,26604,-11940,14664,27824,-6520,21304,NaN,NaN,NaN,NaN,78684,20185,-56153,-35968,26604,-11940,14664,27824,-6520,21304
2003-06-15T22:00:00Z,4.57,4.62,4.57,4.612,20185,-56153,-35968,26604,-11940,14664,27824,-6520,21304,NaN,NaN,NaN,NaN,78684,20185,-56153,-35968,26604,-11940,14664,27824,-6520,21304
2003-06-16T22:00:00Z,4.62,4.64,4.595,4.61,19375,-53673,-34298,27358,-13676,13682,28231,-7615,20616,NaN,NaN,NaN,NaN,79428,19375,-53673,-34298,27358,-13676,13682,28231,-7615,20616
2003-06-17T22:00:00Z,4.61,4.62,4.53,4.558,19375,-53673,-34298,27358,-13676,13682,28231,-7615,20616,NaN,NaN,NaN,NaN,79428,19375,-53673,-34298,27358,-13676,13682,28231,-7615,20616
2003-06-18T22:00:00Z,4.555,4.59,4.51,4.57,19375,-53673,-34298,27358,-13676,13682,28231,-7615,20616,NaN,NaN,NaN,NaN,79428,19375,-53673,-34298,27358,-13676,13682,28231,-7615,20616
2003-06-19T22:00:00Z,4.57,4.581,4.52,4.528,19375,-53673,-34298,27358,-13676,13682,28231,-7615,20616,NaN,NaN,NaN,NaN,79428,19375,-53673,-34298,27358,-13676,13682,28231,-7615,20616
2003-06-22T22:00:00Z,4.53,4.565,4.505,4.558,19375,-53673,-34298,27358,-13676,13682,28231,-7615,20616,NaN,NaN,NaN,NaN,79428,19375,-53673,-34298,27358,-13676,13682,28231,-7615,20616
2003-06-23T22:00:00Z,4.56,4.565,4.49,4.515,24569,-52579,-28010,27154,-17398,9756,28267,-10013,18254,NaN,NaN,NaN,NaN,83905,24569,-52579,-28010,27154,-17398,9756,28267,-10013,18254
2003-06-24T22:00:00Z,4.51,4.58,4.495,4.565,24569,-52579,-28010,27154,-17398,9756,28267,-10013,18254,NaN,NaN,NaN,NaN,83905,24569,-52579,-28010,27154,-17398,9756,28267,-10013,18254
2003-06-25T22:00:00Z,4.555,4.555,4.5,4.523,24569,-52579,-28010,27154,-17398,9756,28267,-10013,18254,NaN,NaN,NaN,NaN,83905,24569,-52579,-28010,27154,-17398,9756,28267,-10013,18254
2003-06-26T22:00:00Z,4.535,4.56,4.51,4.518,24569,-52579,-28010,27154,-17398,9756,28267,-10013,18254,NaN,NaN,NaN,NaN,83905,24569,-52579,-28010,27154,-17398,9756,28267,-10013,18254
2003-06-29T22:00:00Z,4.52,4.57,4.51,4.568,24569,-52579,-28010,27154,-17398,9756,28267,-10013,18254,NaN,NaN,NaN,NaN,83905,24569,-52579,-28010,27154,-17398,9756,28267,-10013,18254
2003-06-30T22:00:00Z,4.565,4.61,4.555,4.585,22786,-51426,-28640,26686,-17810,8876,27323,-7559,19764,NaN,NaN,NaN,NaN,79972,22786,-51426,-28640,26686,-17810,8876,27323,-7559,19764
2003-07-01T22:00:00Z,4.58,4.68,4.575,4.645,22786,-51426,-28640,26686,-17810,8876,27323,-7559,19764,NaN,NaN,NaN,NaN,79972,22786,-51426,-28640,26686,-17810,8876,27323,-7559,19764
2003-07-02T22:00:00Z,4.65,4.705,4.63,4.693,22786,-51426,-28640,26686,-17810,8876,27323,-7559,19764,NaN,NaN,NaN,NaN,79972,22786,-51426,-28640,26686,-17810,8876,27323,-7559,19764
2003-07-06T22:00:00Z,4.69,4.75,4.67,4.738,22786,-51426,-28640,26686,-17810,8876,27323,-7559,19764,NaN,NaN,NaN,NaN,79972,22786,-51426,-28640,26686,-17810,8876,27323,-7559,19764
2003-07-07T22:00:00Z,4.73,4.775,4.695,4.745,19496,-60178,-40682,31125,-10210,20915,26479,-6712,19767,NaN,NaN,NaN,NaN,81775,19496,-60178,-40682,31125,-10210,20915,26479,-6712,19767
2003-07-08T22:00:00Z,4.745,4.835,4.735,4.825,19496,-60178,-40682,31125,-10210,20915,26479,-6712,19767,NaN,NaN,NaN,NaN,81775,19496,-60178,-40682,31125,-10210,20915,26479,-6712,19767
2003-07-09T22:00:00Z,4.82,4.895,4.795,4.815,19496,-60178,-40682,31125,-10210,20915,26479,-6712,19767,NaN,NaN,NaN,NaN,81775,19496,-60178,-40682,31125,-10210,20915,26479,-6712,19767
2003-07-10T22:00:00Z,4.815,4.845,4.765,4.805,19496,-60178,-40682,31125,-10210,20915,26479,-6712,19767,NaN,NaN,NaN,NaN,81775,19496,-60178,-40682,31125,-10210,20915,26479,-6712,19767
2003-07-13T22:00:00Z,4.805,4.825,4.77,4.797,19496,-60178,-40682,31125,-10210,20915,26479,-6712,19767,NaN,NaN,NaN,NaN,81775,19496,-60178,-40682,31125,-10210,20915,26479,-6712,19767
2003-07-14T22:00:00Z,4.8,4.8,4.65,4.658,19142,-67436,-48294,38637,-8294,30343,25397,-7446,17951,NaN,NaN,NaN,NaN,87872,19142,-67436,-48294,38637,-8294,30343,25397,-7446,17951
2003-07-15T22:00:00Z,4.66,4.705,4.645,4.663,19142,-67436,-48294,38637,-8294,30343,25397,-7446,17951,NaN,NaN,NaN,NaN,87872,19142,-67436,-48294,38637,-8294,30343,25397,-7446,17951
2003-07-16T22:00:00Z,4.66,4.705,4.655,4.678,19142,-67436,-48294,38637,-8294,30343,25397,-7446,17951,NaN,NaN,NaN,NaN,87872,19142,-67436,-48294,38637,-8294,30343,25397,-7446,17951
2003-07-17T22:00:00Z,4.675,4.74,4.63,4.73,19142,-67436,-48294,38637,-8294,30343,25397,-7446,17951,NaN,NaN,NaN,NaN,87872,19142,-67436,-48294,38637,-8294,30343,25397,-7446,17951
2003-07-20T22:00:00Z,4.72,4.79,4.715,4.75,19142,-67436,-48294,38637,-8294,30343,25397,-7446,17951,NaN,NaN,NaN,NaN,87872,19142,-67436,-48294,38637,-8294,30343,25397,-7446,17951
2003-07-21T22:00:00Z,4.745,4.805,4.745,4.79,20081,-67934,-47853,39330,-9419,29911,25081,-7139,17942,NaN,NaN,NaN,NaN,89035,20081,-67934,-47853,39330,-9419,29911,25081,-7139,17942
2003-07-22T22:00:00Z,4.79,5.1,4.79,5.07,20081,-67934,-47853,39330,-9419,29911,25081,-7139,17942,NaN,NaN,NaN,NaN,89035,20081,-67934,-47853,39330,-9419,29911,25081,-7139,17942
2003-07-23T22:00:00Z,5.055,5.17,5.01,5.11,20081,-67934,-47853,39330,-9419,29911,25081,-7139,17942,NaN,NaN,NaN,NaN,89035,20081,-67934,-47853,39330,-9419,29911,25081,-7139,17942
2003-07-24T22:00:00Z,5.11,5.11,5.015,5.075,20081,-67934,-47853,39330,-9419,29911,25081,-7139,17942,NaN,NaN,NaN,NaN,89035,20081,-67934,-47853,39330,-9419,29911,25081,-7139,17942
2003-07-27T22:00:00Z,5.075,5.23,5.045,5.195,20081,-67934,-47853,39330,-9419,29911,25081,-7139,17942,NaN,NaN,NaN,NaN,89035,20081,-67934,-47853,39330,-9419,29911,25081,-7139,17942
2003-07-28T22:00:00Z,5.17,5.18,5.035,5.165,16970,-87846,-70876,56004,-7572,48432,28991,-6547,22444,NaN,NaN,NaN,NaN,108811,16970,-87846,-70876,56004,-7572,48432,28991,-6547,22444
2003-07-29T22:00:00Z,5.155,5.16,5.035,5.06,16970,-87846,-70876,56004,-7572,48432,28991,-6547,22444,NaN,NaN,NaN,NaN,108811,16970,-87846,-70876,56004,-7572,48432,28991,-6547,22444
2003-07-30T22:00:00Z,5.07,5.23,5.045,5.12,16970,-87846,-70876,56004,-7572,48432,28991,-6547,22444,NaN,NaN,NaN,NaN,108811,16970,-87846,-70876,56004,-7572,48432,28991,-6547,22444
2003-07-31T22:00:00Z,5.125,5.175,5.06,5.097,16970,-87846,-70876,56004,-7572,48432,28991,-6547,22444,NaN,NaN,NaN,NaN,108811,16970,-87846,-70876,56004,-7572,48432,28991,-6547,22444
2003-08-03T22:00:00Z,5.085,5.11,4.955,5.02,16970,-87846,-70876,56004,-7572,48432,28991,-6547,22444,NaN,NaN,NaN,NaN,108811,16970,-87846,-70876,56004,-7572,48432,28991,-6547,22444
2003-08-04T22:00:00Z,5.03,5.045,4.91,4.94,18014,-88498,-70484,53066,-5353,47713,29577,-6806,22771,NaN,NaN,NaN,NaN,110005,18014,-88498,-70484,53066,-5353,47713,29577,-6806,22771
2003-08-05T22:00:00Z,4.94,4.985,4.91,4.97,18014,-88498,-70484,53066,-5353,47713,29577,-6806,22771,NaN,NaN,NaN,NaN,110005,18014,-88498,-70484,53066,-5353,47713,29577,-6806,22771
2003-08-06T22:00:00Z,4.97,5.09,4.91,5.038,18014,-88498,-70484,53066,-5353,47713,29577,-6806,22771,NaN,NaN,NaN,NaN,110005,18014,-88498,-70484,53066,-5353,47713,29577,-6806,22771
2003-08-07T22:00:00Z,5.045,5.07,4.96,4.992,18014,-88498,-70484,53066,-5353,47713,29577,-6806,22771,NaN,NaN,NaN,NaN,110005,18014,-88498,-70484,53066,-5353,47713,29577,-6806,22771
2003-08-10T22:00:00Z,4.99,5.015,4.925,5,18014,-88498,-70484,53066,-5353,47713,29577,-6806,22771,NaN,NaN,NaN,NaN,110005,18014,-88498,-70484,53066,-5353,47713,29577,-6806,22771
2003-08-11T22:00:00Z,5.01,5.02,4.82,4.862,16829,-84628,-67799,48346,-6163,42183,33537,-7921,25616,NaN,NaN,NaN,NaN,107445,16829,-84628,-67799,48346,-6163,42183,33537,-7921,25616
2003-08-12T22:00:00Z,4.86,5.04,4.85,5.03,16829,-84628,-67799,48346,-6163,42183,33537,-7921,25616,NaN,NaN,NaN,NaN,107445,16829,-84628,-67799,48346,-6163,42183,33537,-7921,25616
2003-08-13T22:00:00Z,5.025,5.075,4.995,5.035,16829,-84628,-67799,48346,-6163,42183,33537,-7921,25616,NaN,NaN,NaN,NaN,107445,16829,-84628,-67799,48346,-6163,42183,33537,-7921,25616
2003-08-14T22:00:00Z,5.025,5.045,4.88,4.927,16829,-84628,-67799,48346,-6163,42183,33537,-7921,25616,NaN,NaN,NaN,NaN,107445,16829,-84628,-67799,48346,-6163,42183,33537,-7921,25616
2003-08-17T22:00:00Z,4.935,4.95,4.885,4.927,16829,-84628,-67799,48346,-6163,42183,33537,-7921,25616,NaN,NaN,NaN,NaN,107445,16829,-84628,-67799,48346,-6163,42183,33537,-7921,25616
2003-08-18T22:00:00Z,4.93,5.025,4.92,4.995,16208,-85525,-69317,45072,-5482,39590,36293,-6566,29727,NaN,NaN,NaN,NaN,107708,16208,-85525,-69317,45072,-5482,39590,36293,-6566,29727
2003-08-19T22:00:00Z,5.005,5.03,4.96,5.022,16208,-85525,-69317,45072,-5482,39590,36293,-6566,29727,NaN,NaN,NaN,NaN,107708,16208,-85525,-69317,45072,-5482,39590,36293,-6566,29727
2003-08-20T22:00:00Z,5.01,5.045,4.92,4.945,16208,-85525,-69317,45072,-5482,39590,36293,-6566,29727,NaN,NaN,NaN,NaN,107708,16208,-85525,-69317,45072,-5482,39590,36293,-6566,29727
2003-08-21T22:00:00Z,4.935,5.02,4.925,4.997,16208,-85525,-69317,45072,-5482,39590,36293,-6566,29727,NaN,NaN,NaN,NaN,107708,16208,-85525,-69317,45072,-5482,39590,36293,-6566,29727
2003-08-24T22:00:00Z,4.99,5.015,4.975,4.992,16208,-85525,-69317,45072,-5482,39590,36293,-6566,29727,NaN,NaN,NaN,NaN,107708,16208,-85525,-69317,45072,-5482,39590,36293,-6566,29727
2003-08-25T22:00:00Z,4.99,5.005,4.94,5.002,18281,-85388,-67107,46748,-4403,42345,33175,-8413,24762,NaN,NaN,NaN,NaN,103343,18281,-85388,-67107,46748,-4403,42345,33175,-8413,24762
2003-08-26T22:00:00Z,5.005,5.16,4.99,5.131,18281,-85388,-67107,46748,-4403,42345,33175,-8413,24762,NaN,NaN,NaN,NaN,103343,18281,-85388,-67107,46748,-4403,42345,33175,-8413,24762
2003-08-27T22:00:00Z,5.15,5.165,5.09,5.15,18281,-85388,-67107,46748,-4403,42345,33175,-8413,24762,NaN,NaN,NaN,NaN,103343,18281,-85388,-67107,46748,-4403,42345,33175,-8413,24762
2003-08-28T22:00:00Z,5.15,5.195,5.12,5.132,18281,-85388,-67107,46748,-4403,42345,33175,-8413,24762,NaN,NaN,NaN,NaN,103343,18281,-85388,-67107,46748,-4403,42345,33175,-8413,24762
2003-09-01T22:00:00Z,5.135,5.19,4.97,5.01,15559,-86690,-71131,47810,-6073,41737,35895,-6501,29394,NaN,NaN,NaN,NaN,103311,15559,-86690,-71131,47810,-6073,41737,35895,-6501,29394
2003-09-02T22:00:00Z,5.01,5.09,4.99,5.08,15559,-86690,-71131,47810,-6073,41737,35895,-6501,29394,NaN,NaN,NaN,NaN,103311,15559,-86690,-71131,47810,-6073,41737,35895,-6501,29394
2003-09-03T22:00:00Z,5.08,5.09,5.02,5.035,15559,-86690,-71131,47810,-6073,41737,35895,-6501,29394,NaN,NaN,NaN,NaN,103311,15559,-86690,-71131,47810,-6073,41737,35895,-6501,29394
2003-09-04T22:00:00Z,5.02,5.185,5.02,5.15,15559,-86690,-71131,47810,-6073,41737,35895,-6501,29394,NaN,NaN,NaN,NaN,103311,15559,-86690,-71131,47810,-6073,41737,35895,-6501,29394
2003-09-07T22:00:00Z,5.15,5.155,5.085,5.107,15559,-86690,-71131,47810,-6073,41737,35895,-6501,29394,NaN,NaN,NaN,NaN,103311,15559,-86690,-71131,47810,-6073,41737,35895,-6501,29394
2003-09-08T22:00:00Z,5.1,5.305,5.1,5.265,13170,-94925,-81755,57490,-4680,52810,35278,-6333,28945,NaN,NaN,NaN,NaN,109498,13170,-94925,-81755,57490,-4680,52810,35278,-6333,28945
2003-09-09T22:00:00Z,5.265,5.29,5.215,5.265,13170,-94925,-81755,57490,-4680,52810,35278,-6333,28945,NaN,NaN,NaN,NaN,109498,13170,-94925,-81755,57490,-4680,52810,35278,-6333,28945
2003-09-10T22:00:00Z,5.27,5.37,5.25,5.345,13170,-94925,-81755,57490,-4680,52810,35278,-6333,28945,NaN,NaN,NaN,NaN,109498,13170,-94925,-81755,57490,-4680,52810,35278,-6333,28945
2003-09-11T22:00:00Z,5.345,5.38,5.18,5.217,13170,-94925,-81755,57490,-4680,52810,35278,-6333,28945,NaN,NaN,NaN,NaN,109498,13170,-94925,-81755,57490,-4680,52810,35278,-6333,28945
2003-09-14T22:00:00Z,5.215,5.235,5.105,5.21,13170,-94925,-81755,57490,-4680,52810,35278,-6333,28945,NaN,NaN,NaN,NaN,109498,13170,-94925,-81755,57490,-4680,52810,35278,-6333,28945
2003-09-15T22:00:00Z,5.205,5.24,5.175,5.23,18275,-98056,-79781,56129,-5118,51011,36499,-7729,28770,NaN,NaN,NaN,NaN,115510,18275,-98056,-79781,56129,-5118,51011,36499,-7729,28770
2003-09-16T22:00:00Z,5.23,5.305,5.2,5.292,18275,-98056,-79781,56129,-5118,51011,36499,-7729,28770,NaN,NaN,NaN,NaN,115510,18275,-98056,-79781,56129,-5118,51011,36499,-7729,28770
2003-09-17T22:00:00Z,5.292,5.375,5.195,5.265,18275,-98056,-79781,56129,-5118,51011,36499,-7729,28770,NaN,NaN,NaN,NaN,115510,18275,-98056,-79781,56129,-5118,51011,36499,-7729,28770
2003-09-18T22:00:00Z,5.27,5.335,5.235,5.292,18275,-98056,-79781,56129,-5118,51011,36499,-7729,28770,NaN,NaN,NaN,NaN,115510,18275,-98056,-79781,56129,-5118,51011,36499,-7729,28770
2003-09-21T22:00:00Z,5.285,5.37,5.245,5.275,18275,-98056,-79781,56129,-5118,51011,36499,-7729,28770,NaN,NaN,NaN,NaN,115510,18275,-98056,-79781,56129,-5118,51011,36499,-7729,28770
2003-09-22T22:00:00Z,5.28,5.305,5.18,5.245,17429,-95566,-78137,54399,-5742,48657,37056,-7576,29480,NaN,NaN,NaN,NaN,114578,17429,-95566,-78137,54399,-5742,48657,37056,-7576,29480
2003-09-23T22:00:00Z,5.245,5.34,5.225,5.31,17429,-95566,-78137,54399,-5742,48657,37056,-7576,29480,NaN,NaN,NaN,NaN,114578,17429,-95566,-78137,54399,-5742,48657,37056,-7576,29480
2003-09-24T22:00:00Z,5.335,5.395,5.21,5.222,17429,-95566,-78137,54399,-5742,48657,37056,-7576,29480,NaN,NaN,NaN,NaN,114578,17429,-95566,-78137,54399,-5742,48657,37056,-7576,29480
2003-09-25T22:00:00Z,5.225,5.245,5.135,5.145,17429,-95566,-78137,54399,-5742,48657,37056,-7576,29480,NaN,NaN,NaN,NaN,114578,17429,-95566,-78137,54399,-5742,48657,37056,-7576,29480
2003-09-28T22:00:00Z,5.155,5.22,5.07,5.075,17429,-95566,-78137,54399,-5742,48657,37056,-7576,29480,NaN,NaN,NaN,NaN,114578,17429,-95566,-78137,54399,-5742,48657,37056,-7576,29480
2003-09-29T22:00:00Z,5.09,5.19,5.08,5.142,13885,-86031,-72146,50958,-6033,44925,34945,-7724,27221,NaN,NaN,NaN,NaN,105542,13885,-86031,-72146,50958,-6033,44925,34945,-7724,27221
2003-09-30T22:00:00Z,5.155,5.165,5.075,5.105,13885,-86031,-72146,50958,-6033,44925,34945,-7724,27221,NaN,NaN,NaN,NaN,105542,13885,-86031,-72146,50958,-6033,44925,34945,-7724,27221
2003-10-01T22:00:00Z,5.11,5.14,5.075,5.1,13885,-86031,-72146,50958,-6033,44925,34945,-7724,27221,NaN,NaN,NaN,NaN,105542,13885,-86031,-72146,50958,-6033,44925,34945,-7724,27221
2003-10-02T22:00:00Z,5.105,5.14,4.82,4.835,13885,-86031,-72146,50958,-6033,44925,34945,-7724,27221,NaN,NaN,NaN,NaN,105542,13885,-86031,-72146,50958,-6033,44925,34945,-7724,27221
2003-10-05T22:00:00Z,4.855,4.905,4.745,4.815,13885,-86031,-72146,50958,-6033,44925,34945,-7724,27221,NaN,NaN,NaN,NaN,105542,13885,-86031,-72146,50958,-6033,44925,34945,-7724,27221
2003-10-06T22:00:00Z,4.815,4.89,4.805,4.88,19680,-69299,-49619,29732,-6991,22741,34587,-7709,26878,NaN,NaN,NaN,NaN,89786,19680,-69299,-49619,29732,-6991,22741,34587,-7709,26878
2003-10-07T22:00:00Z,4.88,4.92,4.855,4.87,19680,-69299,-49619,29732,-6991,22741,34587,-7709,26878,NaN,NaN,NaN,NaN,89786,19680,-69299,-49619,29732,-6991,22741,34587,-7709,26878
2003-10-08T22:00:00Z,4.875,4.91,4.77,4.842,19680,-69299,-49619,29732,-6991,22741,34587,-7709,26878,NaN,NaN,NaN,NaN,89786,19680,-69299,-49619,29732,-6991,22741,34587,-7709,26878
2003-10-09T22:00:00Z,4.845,4.925,4.84,4.91,19680,-69299,-49619,29732,-6991,22741,34587,-7709,26878,NaN,NaN,NaN,NaN,89786,19680,-69299,-49619,29732,-6991,22741,34587,-7709,26878
2003-10-12T22:00:00Z,4.915,4.985,4.865,4.98,19680,-69299,-49619,29732,-6991,22741,34587,-7709,26878,NaN,NaN,NaN,NaN,89786,19680,-69299,-49619,29732,-6991,22741,34587,-7709,26878
2003-10-13T22:00:00Z,4.97,4.975,4.885,4.932,20121,-63911,-43790,28179,-9693,18486,33323,-8019,25304,NaN,NaN,NaN,NaN,86995,20121,-63911,-43790,28179,-9693,18486,33323,-8019,25304
2003-10-14T22:00:00Z,4.93,4.965,4.86,4.947,20121,-63911,-43790,28179,-9693,18486,33323,-8019,25304,NaN,NaN,NaN,NaN,86995,20121,-63911,-43790,28179,-9693,18486,33323,-8019,25304
2003-10-15T22:00:00Z,4.95,4.975,4.89,4.922,20121,-63911,-43790,28179,-9693,18486,33323,-8019,25304,NaN,NaN,NaN,NaN,86995,20121,-63911,-43790,28179,-9693,18486,33323,-8019,25304
2003-10-16T22:00:00Z,4.93,4.98,4.89,4.94,20121,-63911,-43790,28179,-9693,18486,33323,-8019,25304,NaN,NaN,NaN,NaN,86995,20121,-63911,-43790,28179,-9693,18486,33323,-8019,25304
2003-10-19T22:00:00Z,4.94,5.03,4.93,5.005,20121,-63911,-43790,28179,-9693,18486,33323,-8019,25304,NaN,NaN,NaN,NaN,86995,20121,-63911,-43790,28179,-9693,18486,33323,-8019,25304
2003-10-20T22:00:00Z,5.005,5.09,4.99,5.068,21158,-68011,-46853,30156,-8228,21928,32495,-7570,24925,NaN,NaN,NaN,NaN,90599,21158,-68011,-46853,30156,-8228,21928,32495,-7570,24925
2003-10-21T22:00:00Z,5.068,5.155,5.055,5.135,21158,-68011,-46853,30156,-8228,21928,32495,-7570,24925,NaN,NaN,NaN,NaN,90599,21158,-68011,-46853,30156,-8228,21928,32495,-7570,24925
2003-10-22T22:00:00Z,5.135,5.19,5.105,5.172,21158,-68011,-46853,30156,-8228,21928,32495,-7570,24925,NaN,NaN,NaN,NaN,90599,21158,-68011,-46853,30156,-8228,21928,32495,-7570,24925
2003-10-23T22:00:00Z,5.165,5.22,5.15,5.165,21158,-68011,-46853,30156,-8228,21928,32495,-7570,24925,NaN,NaN,NaN,NaN,90599,21158,-68011,-46853,30156,-8228,21928,32495,-7570,24925
2003-10-26T23:00:00Z,5.17,5.21,5.11,5.192,21158,-68011,-46853,30156,-8228,21928,32495,-7570,24925,NaN,NaN,NaN,NaN,90599,21158,-68011,-46853,30156,-8228,21928,32495,-7570,24925
2003-10-27T23:00:00Z,5.19,5.19,5.09,5.097,20860,-72895,-52035,33068,-5011,28057,31841,-7863,23978,NaN,NaN,NaN,NaN,93409,20860,-72895,-52035,33068,-5011,28057,31841,-7863,23978
2003-10-28T23:00:00Z,5.1,5.19,5.07,5.142,20860,-72895,-52035,33068,-5011,28057,31841,-7863,23978,NaN,NaN,NaN,NaN,93409,20860,-72895,-52035,33068,-5011,28057,31841,-7863,23978
2003-10-29T23:00:00Z,5.145,5.21,5.115,5.135,20860,-72895,-52035,33068,-5011,28057,31841,-7863,23978,NaN,NaN,NaN,NaN,93409,20860,-72895,-52035,33068,-5011,28057,31841,-7863,23978
2003-10-30T23:00:00Z,5.14,5.205,5.015,5.065,20860,-72895,-52035,33068,-5011,28057,31841,-7863,23978,NaN,NaN,NaN,NaN,93409,20860,-72895,-52035,33068,-5011,28057,31841,-7863,23978
2003-11-02T23:00:00Z,5.065,5.09,4.92,4.927,20860,-72895,-52035,33068,-5011,28057,31841,-7863,23978,NaN,NaN,NaN,NaN,93409,20860,-72895,-52035,33068,-5011,28057,31841,-7863,23978
2003-11-03T23:00:00Z,4.93,5.06,4.93,5.03,21167,-71040,-49873,30227,-5156,25071,32224,-7422,24802,NaN,NaN,NaN,NaN,92256,21167,-71040,-49873,30227,-5156,25071,32224,-7422,24802
2003-11-04T23:00:00Z,5.045,5.07,4.975,4.985,21167,-71040,-49873,30227,-5156,25071,32224,-7422,24802,NaN,NaN,NaN,NaN,92256,21167,-71040,-49873,30227,-5156,25071,32224,-7422,24802
2003-11-05T23:00:00Z,5,5.01,4.95,4.957,21167,-71040,-49873,30227,-5156,25071,32224,-7422,24802,NaN,NaN,NaN,NaN,92256,21167,-71040,-49873,30227,-5156,25071,32224,-7422,24802
2003-11-06T23:00:00Z,4.955,5.06,4.935,5.058,21167,-71040,-49873,30227,-5156,25071,32224,-7422,24802,NaN,NaN,NaN,NaN,92256,21167,-71040,-49873,30227,-5156,25071,32224,-7422,24802
2003-11-09T23:00:00Z,5.055,5.1,5.035,5.09,21167,-71040,-49873,30227,-5156,25071,32224,-7422,24802,NaN,NaN,NaN,NaN,92256,21167,-71040,-49873,30227,-5156,25071,32224,-7422,24802
2003-11-10T23:00:00Z,5.09,5.1,5.04,5.067,20773,-70299,-49526,29492,-5377,24115,32935,-7524,25411,NaN,NaN,NaN,NaN,91880,20773,-70299,-49526,29492,-5377,24115,32935,-7524,25411
2003-11-11T23:00:00Z,5.07,5.345,5.065,5.335,20773,-70299,-49526,29492,-5377,24115,32935,-7524,25411,NaN,NaN,NaN,NaN,91880,20773,-70299,-49526,29492,-5377,24115,32935,-7524,25411
2003-11-12T23:00:00Z,5.32,5.37,5.27,5.295,20773,-70299,-49526,29492,-5377,24115,32935,-7524,25411,NaN,NaN,NaN,NaN,91880,20773,-70299,-49526,29492,-5377,24115,32935,-7524,25411
2003-11-13T23:00:00Z,5.295,5.43,5.275,5.415,20773,-70299,-49526,29492,-5377,24115,32935,-7524,25411,NaN,NaN,NaN,NaN,91880,20773,-70299,-49526,29492,-5377,24115,32935,-7524,25411
2003-11-16T23:00:00Z,5.4,5.43,5.14,5.227,20773,-70299,-49526,29492,-5377,24115,32935,-7524,25411,NaN,NaN,NaN,NaN,91880,20773,-70299,-49526,29492,-5377,24115,32935,-7524,25411
2003-11-17T23:00:00Z,5.23,5.38,5.22,5.367,20147,-83030,-62883,42567,-5213,37354,34628,-9099,25529,NaN,NaN,NaN,NaN,109720,20147,-83030,-62883,42567,-5213,37354,34628,-9099,25529
2003-11-18T23:00:00Z,5.365,5.415,5.25,5.27,20147,-83030,-62883,42567,-5213,37354,34628,-9099,25529,NaN,NaN,NaN,NaN,109720,20147,-83030,-62883,42567,-5213,37354,34628,-9099,25529
2003-11-19T23:00:00Z,5.27,5.35,5.235,5.262,20147,-83030,-62883,42567,-5213,37354,34628,-9099,25529,NaN,NaN,NaN,NaN,109720,20147,-83030,-62883,42567,-5213,37354,34628,-9099,25529
2003-11-20T23:00:00Z,5.265,5.325,5.24,5.295,20147,-83030,-62883,42567,-5213,37354,34628,-9099,25529,NaN,NaN,NaN,NaN,109720,20147,-83030,-62883,42567,-5213,37354,34628,-9099,25529
2003-11-23T23:00:00Z,5.295,5.305,5.19,5.245,20147,-83030,-62883,42567,-5213,37354,34628,-9099,25529,NaN,NaN,NaN,NaN,109720,20147,-83030,-62883,42567,-5213,37354,34628,-9099,25529
2003-11-24T23:00:00Z,5.25,5.335,5.19,5.298,24955,-90775,-65820,41236,-1659,39577,36783,-10540,26243,NaN,NaN,NaN,NaN,107762,24955,-90775,-65820,41236,-1659,39577,36783,-10540,26243
2003-11-25T23:00:00Z,5.29,5.39,5.29,5.355,24955,-90775,-65820,41236,-1659,39577,36783,-10540,26243,NaN,NaN,NaN,NaN,107762,24955,-90775,-65820,41236,-1659,39577,36783,-10540,26243
2003-11-30T23:00:00Z,5.39,5.57,5.38,5.47,24955,-90775,-65820,41236,-1659,39577,36783,-10540,26243,NaN,NaN,NaN,NaN,107762,24955,-90775,-65820,41236,-1659,39577,36783,-10540,26243
2003-12-01T23:00:00Z,5.485,5.545,5.425,5.52,19115,-89094,-69979,47798,-2656,45142,32551,-7714,24837,NaN,NaN,NaN,NaN,104077,19115,-89094,-69979,47798,-2656,45142,32551,-7714,24837
2003-12-02T23:00:00Z,5.52,5.525,5.44,5.492,19115,-89094,-69979,47798,-2656,45142,32551,-7714,24837,NaN,NaN,NaN,NaN,104077,19115,-89094,-69979,47798,-2656,45142,32551,-7714,24837
2003-12-03T23:00:00Z,5.495,5.505,5.38,5.472,19115,-89094,-69979,47798,-2656,45142,32551,-7714,24837,NaN,NaN,NaN,NaN,104077,19115,-89094,-69979,47798,-2656,45142,32551,-7714,24837
2003-12-04T23:00:00Z,5.45,5.53,5.425,5.492,19115,-89094,-69979,47798,-2656,45142,32551,-7714,24837,NaN,NaN,NaN,NaN,104077,19115,-89094,-69979,47798,-2656,45142,32551,-7714,24837
2003-12-07T23:00:00Z,5.495,5.565,5.46,5.56,19115,-89094,-69979,47798,-2656,45142,32551,-7714,24837,NaN,NaN,NaN,NaN,104077,19115,-89094,-69979,47798,-2656,45142,32551,-7714,24837
2003-12-08T23:00:00Z,5.56,5.66,5.555,5.655,14714,-86392,-71678,50808,-3595,47213,33136,-8671,24465,NaN,NaN,NaN,NaN,103100,14714,-86392,-71678,50808,-3595,47213,33136,-8671,24465
2003-12-09T23:00:00Z,5.66,5.735,5.6,5.62,14714,-86392,-71678,50808,-3595,47213,33136,-8671,24465,NaN,NaN,NaN,NaN,103100,14714,-86392,-71678,50808,-3595,47213,33136,-8671,24465
2003-12-10T23:00:00Z,5.615,5.62,5.515,5.597,14714,-86392,-71678,50808,-3595,47213,33136,-8671,24465,NaN,NaN,NaN,NaN,103100,14714,-86392,-71678,50808,-3595,47213,33136,-8671,24465
2003-12-11T23:00:00Z,5.605,5.655,5.58,5.64,14714,-86392,-71678,50808,-3595,47213,33136,-8671,24465,NaN,NaN,NaN,NaN,103100,14714,-86392,-71678,50808,-3595,47213,33136,-8671,24465
2003-12-14T23:00:00Z,5.555,5.68,5.42,5.657,14714,-86392,-71678,50808,-3595,47213,33136,-8671,24465,NaN,NaN,NaN,NaN,103100,14714,-86392,-71678,50808,-3595,47213,33136,-8671,24465
2003-12-15T23:00:00Z,5.657,5.715,5.64,5.645,12072,-86415,-74343,53237,-3769,49468,32939,-8064,24875,NaN,NaN,NaN,NaN,104093,12072,-86415,-74343,53237,-3769,49468,32939,-8064,24875
2003-12-16T23:00:00Z,5.645,5.72,5.63,5.708,12072,-86415,-74343,53237,-3769,49468,32939,-8064,24875,NaN,NaN,NaN,NaN,104093,12072,-86415,-74343,53237,-3769,49468,32939,-8064,24875
2003-12-17T23:00:00Z,5.71,5.76,5.625,5.728,12072,-86415,-74343,53237,-3769,49468,32939,-8064,24875,NaN,NaN,NaN,NaN,104093,12072,-86415,-74343,53237,-3769,49468,32939,-8064,24875
2003-12-18T23:00:00Z,5.73,5.74,5.69,5.738,12072,-86415,-74343,53237,-3769,49468,32939,-8064,24875,NaN,NaN,NaN,NaN,104093,12072,-86415,-74343,53237,-3769,49468,32939,-8064,24875
2003-12-21T23:00:00Z,5.735,5.775,5.695,5.725,11507,-84870,-73363,52468,-3498,48970,33039,-8646,24393,NaN,NaN,NaN,NaN,102585,11507,-84870,-73363,52468,-3498,48970,33039,-8646,24393
2003-12-22T23:00:00Z,5.72,5.76,5.7,5.748,11507,-84870,-73363,52468,-3498,48970,33039,-8646,24393,NaN,NaN,NaN,NaN,102585,11507,-84870,-73363,52468,-3498,48970,33039,-8646,24393
2003-12-23T23:00:00Z,5.75,5.805,5.735,5.793,11507,-84870,-73363,52468,-3498,48970,33039,-8646,24393,NaN,NaN,NaN,NaN,102585,11507,-84870,-73363,52468,-3498,48970,33039,-8646,24393
2003-12-28T23:00:00Z,5.8,5.935,5.79,5.93,11507,-84870,-73363,52468,-3498,48970,33039,-8646,24393,NaN,NaN,NaN,NaN,102585,11507,-84870,-73363,52468,-3498,48970,33039,-8646,24393
2003-12-29T23:00:00Z,5.935,6,5.92,5.993,9077,-85682,-76605,54889,-3364,51525,33427,-8347,25080,NaN,NaN,NaN,NaN,102784,9077,-85682,-76605,54889,-3364,51525,33427,-8347,25080
2003-12-30T23:00:00Z,6,6.05,5.94,5.965,9077,-85682,-76605,54889,-3364,51525,33427,-8347,25080,NaN,NaN,NaN,NaN,102784,9077,-85682,-76605,54889,-3364,51525,33427,-8347,25080
2004-01-04T23:00:00Z,5.995,6.3,5.995,6.245,9077,-85682,-76605,54889,-3364,51525,33427,-8347,25080,NaN,NaN,NaN,NaN,102784,9077,-85682,-76605,54889,-3364,51525,33427,-8347,25080
2004-01-05T23:00:00Z,6.24,6.475,6.215,6.328,7628,-88694,-81066,59543,-4042,55501,34958,-9393,25565,NaN,NaN,NaN,NaN,107665,7628,-88694,-81066,59543,-4042,55501,34958,-9393,25565
2004-01-06T23:00:00Z,6.32,6.335,6.205,6.263,7628,-88694,-81066,59543,-4042,55501,34958,-9393,25565,NaN,NaN,NaN,NaN,107665,7628,-88694,-81066,59543,-4042,55501,34958,-9393,25565
2004-01-07T23:00:00Z,6.26,6.3,6.16,6.273,7628,-88694,-81066,59543,-4042,55501,34958,-9393,25565,NaN,NaN,NaN,NaN,107665,7628,-88694,-81066,59543,-4042,55501,34958,-9393,25565
2004-01-08T23:00:00Z,6.265,6.52,6.215,6.497,7628,-88694,-81066,59543,-4042,55501,34958,-9393,25565,NaN,NaN,NaN,NaN,107665,7628,-88694,-81066,59543,-4042,55501,34958,-9393,25565
2004-01-11T23:00:00Z,6.515,6.795,6.48,6.617,7628,-88694,-81066,59543,-4042,55501,34958,-9393,25565,NaN,NaN,NaN,NaN,107665,7628,-88694,-81066,59543,-4042,55501,34958,-9393,25565
2004-01-12T23:00:00Z,6.61,6.68,6.525,6.597,8085,-89485,-81400,57364,-4752,52612,37413,-8625,28788,NaN,NaN,NaN,NaN,108724,8085,-89485,-81400,57364,-4752,52612,37413,-8625,28788
2004-01-13T23:00:00Z,6.595,6.625,6.37,6.43,8085,-89485,-81400,57364,-4752,52612,37413,-8625,28788,NaN,NaN,NaN,NaN,108724,8085,-89485,-81400,57364,-4752,52612,37413,-8625,28788
2004-01-14T23:00:00Z,6.43,6.43,6.19,6.213,8085,-89485,-81400,57364,-4752,52612,37413,-8625,28788,NaN,NaN,NaN,NaN,108724,8085,-89485,-81400,57364,-4752,52612,37413,-8625,28788
2004-01-15T23:00:00Z,6.195,6.34,6.165,6.33,8085,-89485,-81400,57364,-4752,52612,37413,-8625,28788,NaN,NaN,NaN,NaN,108724,8085,-89485,-81400,57364,-4752,52612,37413,-8625,28788
2004-01-19T23:00:00Z,6.32,6.41,6.275,6.323,9315,-85248,-75933,54925,-7743,47182,36775,-8024,28751,NaN,NaN,NaN,NaN,107814,9315,-85248,-75933,54925,-7743,47182,36775,-8024,28751
2004-01-20T23:00:00Z,6.33,6.37,6.1,6.208,9315,-85248,-75933,54925,-7743,47182,36775,-8024,28751,NaN,NaN,NaN,NaN,107814,9315,-85248,-75933,54925,-7743,47182,36775,-8024,28751
2004-01-21T23:00:00Z,6.21,6.41,6.165,6.35,9315,-85248,-75933,54925,-7743,47182,36775,-8024,28751,NaN,NaN,NaN,NaN,107814,9315,-85248,-75933,54925,-7743,47182,36775,-8024,28751
2004-01-22T23:00:00Z,6.345,6.385,6.27,6.36,9315,-85248,-75933,54925,-7743,47182,36775,-8024,28751,NaN,NaN,NaN,NaN,107814,9315,-85248,-75933,54925,-7743,47182,36775,-8024,28751
2004-01-25T23:00:00Z,6.36,6.36,6.25,6.312,9315,-85248,-75933,54925,-7743,47182,36775,-8024,28751,NaN,NaN,NaN,NaN,107814,9315,-85248,-75933,54925,-7743,47182,36775,-8024,28751
2004-01-26T23:00:00Z,6.29,6.57,6.255,6.555,9031,-94933,-85902,61066,-4621,56445,38772,-9315,29457,NaN,NaN,NaN,NaN,114036,9031,-94933,-85902,61066,-4621,56445,38772,-9315,29457
2004-01-27T23:00:00Z,6.55,6.65,6.5,6.63,9031,-94933,-85902,61066,-4621,56445,38772,-9315,29457,NaN,NaN,NaN,NaN,114036,9031,-94933,-85902,61066,-4621,56445,38772,-9315,29457
2004-01-28T23:00:00Z,6.55,6.565,6.12,6.23,9031,-94933,-85902,61066,-4621,56445,38772,-9315,29457,NaN,NaN,NaN,NaN,114036,9031,-94933,-85902,61066,-4621,56445,38772,-9315,29457
2004-01-29T23:00:00Z,6.25,6.295,6.185,6.25,9031,-94933,-85902,61066,-4621,56445,38772,-9315,29457,NaN,NaN,NaN,NaN,114036,9031,-94933,-85902,61066,-4621,56445,38772,-9315,29457
2004-02-01T23:00:00Z,6.25,6.3,5.95,6.043,9031,-94933,-85902,61066,-4621,56445,38772,-9315,29457,NaN,NaN,NaN,NaN,114036,9031,-94933,-85902,61066,-4621,56445,38772,-9315,29457
2004-02-02T23:00:00Z,6.05,6.22,6.03,6.123,10457,-89457,-79000,53206,-2650,50556,37783,-9339,28444,NaN,NaN,NaN,NaN,107432,10457,-89457,-79000,53206,-2650,50556,37783,-9339,28444
2004-02-03T23:00:00Z,6.13,6.185,6.07,6.148,10457,-89457,-79000,53206,-2650,50556,37783,-9339,28444,NaN,NaN,NaN,NaN,107432,10457,-89457,-79000,53206,-2650,50556,37783,-9339,28444
2004-02-04T23:00:00Z,6.145,6.22,6.09,6.123,10457,-89457,-79000,53206,-2650,50556,37783,-9339,28444,NaN,NaN,NaN,NaN,107432,10457,-89457,-79000,53206,-2650,50556,37783,-9339,28444
2004-02-05T23:00:00Z,6.12,6.49,6.035,6.278,10457,-89457,-79000,53206,-2650,50556,37783,-9339,28444,NaN,NaN,NaN,NaN,107432,10457,-89457,-79000,53206,-2650,50556,37783,-9339,28444
2004-02-08T23:00:00Z,6.26,6.44,6.245,6.428,10457,-89457,-79000,53206,-2650,50556,37783,-9339,28444,NaN,NaN,NaN,NaN,107432,10457,-89457,-79000,53206,-2650,50556,37783,-9339,28444
2004-02-09T23:00:00Z,6.425,6.48,6.38,6.388,13702,-92960,-79258,54115,-3983,50132,39653,-10527,29126,NaN,NaN,NaN,NaN,112587,13702,-92960,-79258,54115,-3983,50132,39653,-10527,29126
2004-02-10T23:00:00Z,6.39,6.6,6.31,6.558,13702,-92960,-79258,54115,-3983,50132,39653,-10527,29126,NaN,NaN,NaN,NaN,112587,13702,-92960,-79258,54115,-3983,50132,39653,-10527,29126
2004-02-11T23:00:00Z,6.555,6.72,6.505,6.62,13702,-92960,-79258,54115,-3983,50132,39653,-10527,29126,NaN,NaN,NaN,NaN,112587,13702,-92960,-79258,54115,-3983,50132,39653,-10527,29126
2004-02-12T23:00:00Z,6.62,6.74,6.47,6.582,13702,-92960,-79258,54115,-3983,50132,39653,-10527,29126,NaN,NaN,NaN,NaN,112587,13702,-92960,-79258,54115,-3983,50132,39653,-10527,29126
2004-02-16T23:00:00Z,6.585,6.785,6.58,6.78,14237,-98639,-84402,57144,-3969,53175,42332,-11105,31227,NaN,NaN,NaN,NaN,119070,14237,-98639,-84402,57144,-3969,53175,42332,-11105,31227
2004-02-17T23:00:00Z,6.785,6.88,6.63,6.7,14237,-98639,-84402,57144,-3969,53175,42332,-11105,31227,NaN,NaN,NaN,NaN,119070,14237,-98639,-84402,57144,-3969,53175,42332,-11105,31227
2004-02-18T23:00:00Z,6.675,6.745,6.56,6.658,14237,-98639,-84402,57144,-3969,53175,42332,-11105,31227,NaN,NaN,NaN,NaN,119070,14237,-98639,-84402,57144,-3969,53175,42332,-11105,31227
2004-02-19T23:00:00Z,6.655,6.7,6.46,6.533,14237,-98639,-84402,57144,-3969,53175,42332,-11105,31227,NaN,NaN,NaN,NaN,119070,14237,-98639,-84402,57144,-3969,53175,42332,-11105,31227
2004-02-22T23:00:00Z,6.55,6.55,6.395,6.49,14237,-98639,-84402,57144,-3969,53175,42332,-11105,31227,NaN,NaN,NaN,NaN,119070,14237,-98639,-84402,57144,-3969,53175,42332,-11105,31227
2004-02-23T23:00:00Z,6.49,6.635,6.49,6.622,10984,-94962,-83978,56131,-2432,53699,45290,-15011,30279,NaN,NaN,NaN,NaN,118149,10984,-94962,-83978,56131,-2432,53699,45290,-15011,30279
2004-02-24T23:00:00Z,6.62,6.8,6.51,6.535,10984,-94962,-83978,56131,-2432,53699,45290,-15011,30279,NaN,NaN,NaN,NaN,118149,10984,-94962,-83978,56131,-2432,53699,45290,-15011,30279
2004-02-25T23:00:00Z,6.555,6.755,6.31,6.73,10984,-94962,-83978,56131,-2432,53699,45290,-15011,30279,NaN,NaN,NaN,NaN,118149,10984,-94962,-83978,56131,-2432,53699,45290,-15011,30279
2004-02-26T23:00:00Z,6.73,6.79,6.58,6.715,10984,-94962,-83978,56131,-2432,53699,45290,-15011,30279,NaN,NaN,NaN,NaN,118149,10984,-94962,-83978,56131,-2432,53699,45290,-15011,30279
2004-02-29T23:00:00Z,6.715,7.03,6.68,6.945,10984,-94962,-83978,56131,-2432,53699,45290,-15011,30279,NaN,NaN,NaN,NaN,118149,10984,-94962,-83978,56131,-2432,53699,45290,-15011,30279
2004-03-01T23:00:00Z,6.95,7,6.7,6.725,11316,-93319,-82003,58087,-3783,54304,37474,-9775,27699,NaN,NaN,NaN,NaN,113485,11316,-93319,-82003,58087,-3783,54304,37474,-9775,27699
2004-03-02T23:00:00Z,6.72,6.855,6.555,6.752,11316,-93319,-82003,58087,-3783,54304,37474,-9775,27699,NaN,NaN,NaN,NaN,113485,11316,-93319,-82003,58087,-3783,54304,37474,-9775,27699
2004-03-03T23:00:00Z,6.765,6.87,6.71,6.768,11316,-93319,-82003,58087,-3783,54304,37474,-9775,27699,NaN,NaN,NaN,NaN,113485,11316,-93319,-82003,58087,-3783,54304,37474,-9775,27699
2004-03-04T23:00:00Z,6.77,7,6.75,6.99,11316,-93319,-82003,58087,-3783,54304,37474,-9775,27699,NaN,NaN,NaN,NaN,113485,11316,-93319,-82003,58087,-3783,54304,37474,-9775,27699
2004-03-07T23:00:00Z,6.985,7.07,6.89,6.99,11316,-93319,-82003,58087,-3783,54304,37474,-9775,27699,NaN,NaN,NaN,NaN,113485,11316,-93319,-82003,58087,-3783,54304,37474,-9775,27699
2004-03-08T23:00:00Z,7,7.2,6.92,7.18,9544,-96843,-87299,63135,-4449,58686,37336,-8723,28613,NaN,NaN,NaN,NaN,116299,9544,-96843,-87299,63135,-4449,58686,37336,-8723,28613
2004-03-09T23:00:00Z,7.165,7.28,7.09,7.185,9544,-96843,-87299,63135,-4449,58686,37336,-8723,28613,NaN,NaN,NaN,NaN,116299,9544,-96843,-87299,63135,-4449,58686,37336,-8723,28613
2004-03-10T23:00:00Z,7.155,7.245,7.065,7.193,9544,-96843,-87299,63135,-4449,58686,37336,-8723,28613,NaN,NaN,NaN,NaN,116299,9544,-96843,-87299,63135,-4449,58686,37336,-8723,28613
2004-03-11T23:00:00Z,7.2,7.29,6.94,7.063,9544,-96843,-87299,63135,-4449,58686,37336,-8723,28613,NaN,NaN,NaN,NaN,116299,9544,-96843,-87299,63135,-4449,58686,37336,-8723,28613
2004-03-14T23:00:00Z,7.075,7.165,7.075,7.14,9544,-96843,-87299,63135,-4449,58686,37336,-8723,28613,NaN,NaN,NaN,NaN,116299,9544,-96843,-87299,63135,-4449,58686,37336,-8723,28613
2004-03-15T23:00:00Z,7.14,7.21,7.125,7.167,11804,-97381,-85577,61444,-5183,56261,38360,-9044,29316,NaN,NaN,NaN,NaN,117659,11804,-97381,-85577,61444,-5183,56261,38360,-9044,29316
2004-03-16T23:00:00Z,7.17,7.275,7.12,7.26,11804,-97381,-85577,61444,-5183,56261,38360,-9044,29316,NaN,NaN,NaN,NaN,117659,11804,-97381,-85577,61444,-5183,56261,38360,-9044,29316
2004-03-17T23:00:00Z,7.26,7.48,7.24,7.465,11804,-97381,-85577,61444,-5183,56261,38360,-9044,29316,NaN,NaN,NaN,NaN,117659,11804,-97381,-85577,61444,-5183,56261,38360,-9044,29316
2004-03-18T23:00:00Z,7.46,7.72,7.4,7.563,11804,-97381,-85577,61444,-5183,56261,38360,-9044,29316,NaN,NaN,NaN,NaN,117659,11804,-97381,-85577,61444,-5183,56261,38360,-9044,29316
2004-03-21T23:00:00Z,7.565,7.765,7.515,7.628,11804,-97381,-85577,61444,-5183,56261,38360,-9044,29316,NaN,NaN,NaN,NaN,117659,11804,-97381,-85577,61444,-5183,56261,38360,-9044,29316
2004-03-22T23:00:00Z,7.63,7.72,7.565,7.708,10670,-97561,-86891,61720,-5373,56347,40487,-9943,30544,NaN,NaN,NaN,NaN,119976,10670,-97561,-86891,61720,-5373,56347,40487,-9943,30544
2004-03-23T23:00:00Z,7.715,7.785,7.575,7.65,10670,-97561,-86891,61720,-5373,56347,40487,-9943,30544,NaN,NaN,NaN,NaN,119976,10670,-97561,-86891,61720,-5373,56347,40487,-9943,30544
2004-03-24T23:00:00Z,7.6,7.65,7.48,7.602,10670,-97561,-86891,61720,-5373,56347,40487,-9943,30544,NaN,NaN,NaN,NaN,119976,10670,-97561,-86891,61720,-5373,56347,40487,-9943,30544
2004-03-25T23:00:00Z,7.595,7.81,7.52,7.717,10670,-97561,-86891,61720,-5373,56347,40487,-9943,30544,NaN,NaN,NaN,NaN,119976,10670,-97561,-86891,61720,-5373,56347,40487,-9943,30544
2004-03-28T23:00:00Z,7.72,7.755,7.605,7.625,10670,-97561,-86891,61720,-5373,56347,40487,-9943,30544,NaN,NaN,NaN,NaN,119976,10670,-97561,-86891,61720,-5373,56347,40487,-9943,30544
2004-03-29T23:00:00Z,7.62,7.795,7.61,7.775,10230,-95630,-85400,59587,-3496,56091,40523,-11214,29309,NaN,NaN,NaN,NaN,119147,10230,-95630,-85400,59587,-3496,56091,40523,-11214,29309
2004-03-30T23:00:00Z,7.78,7.95,7.775,7.945,10230,-95630,-85400,59587,-3496,56091,40523,-11214,29309,NaN,NaN,NaN,NaN,119147,10230,-95630,-85400,59587,-3496,56091,40523,-11214,29309
2004-03-31T23:00:00Z,7.93,8.21,7.905,8.148,10230,-95630,-85400,59587,-3496,56091,40523,-11214,29309,NaN,NaN,NaN,NaN,119147,10230,-95630,-85400,59587,-3496,56091,40523,-11214,29309
2004-04-01T23:00:00Z,8.15,8.5,7.935,8.155,10230,-95630,-85400,59587,-3496,56091,40523,-11214,29309,NaN,NaN,NaN,NaN,119147,10230,-95630,-85400,59587,-3496,56091,40523,-11214,29309
2004-04-04T22:00:00Z,8.185,8.345,8.02,8.117,10230,-95630,-85400,59587,-3496,56091,40523,-11214,29309,NaN,NaN,NaN,NaN,119147,10230,-95630,-85400,59587,-3496,56091,40523,-11214,29309
2004-04-05T22:00:00Z,8.115,8.275,8.105,8.22,11965,-94944,-82979,57433,-5696,51737,42541,-11299,31242,NaN,NaN,NaN,NaN,120507,11965,-94944,-82979,57433,-5696,51737,42541,-11299,31242
2004-04-06T22:00:00Z,8.22,8.285,8.07,8.19,11965,-94944,-82979,57433,-5696,51737,42541,-11299,31242,NaN,NaN,NaN,NaN,120507,11965,-94944,-82979,57433,-5696,51737,42541,-11299,31242
2004-04-07T22:00:00Z,8.19,8.265,8.035,8.09,11965,-94944,-82979,57433,-5696,51737,42541,-11299,31242,NaN,NaN,NaN,NaN,120507,11965,-94944,-82979,57433,-5696,51737,42541,-11299,31242
2004-04-11T22:00:00Z,8.125,8.2,7.82,8.03,11989,-94907,-82918,55444,-3728,51716,43833,-12631,31202,NaN,NaN,NaN,NaN,119901,11989,-94907,-82918,55444,-3728,51716,43833,-12631,31202
2004-04-12T22:00:00Z,8.035,8.045,7.35,7.45,11989,-94907,-82918,55444,-3728,51716,43833,-12631,31202,NaN,NaN,NaN,NaN,119901,11989,-94907,-82918,55444,-3728,51716,43833,-12631,31202
2004-04-13T22:00:00Z,7.45,7.46,6.83,7.005,11989,-94907,-82918,55444,-3728,51716,43833,-12631,31202,NaN,NaN,NaN,NaN,119901,11989,-94907,-82918,55444,-3728,51716,43833,-12631,31202
2004-04-14T22:00:00Z,7.03,7.15,6.85,7.078,11989,-94907,-82918,55444,-3728,51716,43833,-12631,31202,NaN,NaN,NaN,NaN,119901,11989,-94907,-82918,55444,-3728,51716,43833,-12631,31202
2004-04-15T22:00:00Z,7.095,7.24,7.03,7.145,11989,-94907,-82918,55444,-3728,51716,43833,-12631,31202,NaN,NaN,NaN,NaN,119901,11989,-94907,-82918,55444,-3728,51716,43833,-12631,31202
2004-04-18T22:00:00Z,7.165,7.3,7.16,7.21,11989,-94907,-82918,55444,-3728,51716,43833,-12631,31202,NaN,NaN,NaN,NaN,119901,11989,-94907,-82918,55444,-3728,51716,43833,-12631,31202
2004-04-19T22:00:00Z,7.21,7.23,6.895,6.945,14364,-89184,-74820,46589,-3286,43303,39576,-8059,31517,NaN,NaN,NaN,NaN,110293,14364,-89184,-74820,46589,-3286,43303,39576,-8059,31517
2004-04-20T22:00:00Z,6.94,6.95,6.14,6.17,14364,-89184,-74820,46589,-3286,43303,39576,-8059,31517,NaN,NaN,NaN,NaN,110293,14364,-89184,-74820,46589,-3286,43303,39576,-8059,31517
2004-04-21T22:00:00Z,6.145,6.265,6,6.028,14364,-89184,-74820,46589,-3286,43303,39576,-8059,31517,NaN,NaN,NaN,NaN,110293,14364,-89184,-74820,46589,-3286,43303,39576,-8059,31517
2004-04-22T22:00:00Z,6.05,6.205,6.05,6.163,14364,-89184,-74820,46589,-3286,43303,39576,-8059,31517,NaN,NaN,NaN,NaN,110293,14364,-89184,-74820,46589,-3286,43303,39576,-8059,31517
2004-04-25T22:00:00Z,6.18,6.245,6.15,6.173,14364,-89184,-74820,46589,-3286,43303,39576,-8059,31517,NaN,NaN,NaN,NaN,110293,14364,-89184,-74820,46589,-3286,43303,39576,-8059,31517
2004-04-26T22:00:00Z,6.18,6.3,6.175,6.235,16276,-83144,-66868,39078,-4447,34631,41200,-8963,32237,NaN,NaN,NaN,NaN,106516,16276,-83144,-66868,39078,-4447,34631,41200,-8963,32237
2004-04-27T22:00:00Z,6.235,6.29,5.825,5.867,16276,-83144,-66868,39078,-4447,34631,41200,-8963,32237,NaN,NaN,NaN,NaN,106516,16276,-83144,-66868,39078,-4447,34631,41200,-8963,32237
2004-04-28T22:00:00Z,5.88,5.99,5.555,5.838,16276,-83144,-66868,39078,-4447,34631,41200,-8963,32237,NaN,NaN,NaN,NaN,106516,16276,-83144,-66868,39078,-4447,34631,41200,-8963,32237
2004-04-29T22:00:00Z,5.85,6.15,5.85,6.09,16276,-83144,-66868,39078,-4447,34631,41200,-8963,32237,NaN,NaN,NaN,NaN,106516,16276,-83144,-66868,39078,-4447,34631,41200,-8963,32237
2004-05-02T22:00:00Z,6.165,6.165,5.86,6.028,16276,-83144,-66868,39078,-4447,34631,41200,-8963,32237,NaN,NaN,NaN,NaN,106516,16276,-83144,-66868,39078,-4447,34631,41200,-8963,32237
2004-05-03T22:00:00Z,6.04,6.175,6.01,6.048,13877,-75844,-61967,37178,-4130,33048,34967,-6048,28919,NaN,NaN,NaN,NaN,93166,13877,-75844,-61967,37178,-4130,33048,34967,-6048,28919
2004-05-04T22:00:00Z,6.09,6.17,6.03,6.115,13877,-75844,-61967,37178,-4130,33048,34967,-6048,28919,NaN,NaN,NaN,NaN,93166,13877,-75844,-61967,37178,-4130,33048,34967,-6048,28919
2004-05-05T22:00:00Z,6.13,6.14,5.77,5.83,13877,-75844,-61967,37178,-4130,33048,34967,-6048,28919,NaN,NaN,NaN,NaN,93166,13877,-75844,-61967,37178,-4130,33048,34967,-6048,28919
2004-05-06T22:00:00Z,5.82,5.915,5.585,5.6,13877,-75844,-61967,37178,-4130,33048,34967,-6048,28919,NaN,NaN,NaN,NaN,93166,13877,-75844,-61967,37178,-4130,33048,34967,-6048,28919
2004-05-09T22:00:00Z,5.595,5.775,5.455,5.765,13877,-75844,-61967,37178,-4130,33048,34967,-6048,28919,NaN,NaN,NaN,NaN,93166,13877,-75844,-61967,37178,-4130,33048,34967,-6048,28919
2004-05-10T22:00:00Z,5.78,5.83,5.5,5.523,15172,-71259,-56087,33653,-5389,28264,35142,-7319,27823,NaN,NaN,NaN,NaN,91879,15172,-71259,-56087,33653,-5389,28264,35142,-7319,27823
2004-05-11T22:00:00Z,5.56,5.73,5.555,5.565,15172,-71259,-56087,33653,-5389,28264,35142,-7319,27823,NaN,NaN,NaN,NaN,91879,15172,-71259,-56087,33653,-5389,28264,35142,-7319,27823
2004-05-12T22:00:00Z,5.58,5.65,5.51,5.615,15172,-71259,-56087,33653,-5389,28264,35142,-7319,27823,NaN,NaN,NaN,NaN,91879,15172,-71259,-56087,33653,-5389,28264,35142,-7319,27823
2004-05-13T22:00:00Z,5.615,5.75,5.56,5.728,15172,-71259,-56087,33653,-5389,28264,35142,-7319,27823,NaN,NaN,NaN,NaN,91879,15172,-71259,-56087,33653,-5389,28264,35142,-7319,27823
2004-05-16T22:00:00Z,5.735,5.905,5.635,5.675,15172,-71259,-56087,33653,-5389,28264,35142,-7319,27823,NaN,NaN,NaN,NaN,91879,15172,-71259,-56087,33653,-5389,28264,35142,-7319,27823
2004-05-17T22:00:00Z,5.685,5.775,5.625,5.68,13769,-67093,-53324,32998,-6815,26183,34451,-7310,27141,NaN,NaN,NaN,NaN,89376,13769,-67093,-53324,32998,-6815,26183,34451,-7310,27141
2004-05-18T22:00:00Z,5.665,5.94,5.66,5.927,13769,-67093,-53324,32998,-6815,26183,34451,-7310,27141,NaN,NaN,NaN,NaN,89376,13769,-67093,-53324,32998,-6815,26183,34451,-7310,27141
2004-05-19T22:00:00Z,5.93,5.93,5.77,5.78,13769,-67093,-53324,32998,-6815,26183,34451,-7310,27141,NaN,NaN,NaN,NaN,89376,13769,-67093,-53324,32998,-6815,26183,34451,-7310,27141
2004-05-20T22:00:00Z,5.78,5.96,5.78,5.87,13769,-67093,-53324,32998,-6815,26183,34451,-7310,27141,NaN,NaN,NaN,NaN,89376,13769,-67093,-53324,32998,-6815,26183,34451,-7310,27141
2004-05-23T22:00:00Z,5.885,6.02,5.785,5.997,13769,-67093,-53324,32998,-6815,26183,34451,-7310,27141,NaN,NaN,NaN,NaN,89376,13769,-67093,-53324,32998,-6815,26183,34451,-7310,27141
2004-05-24T22:00:00Z,6.01,6.11,5.96,6.085,13654,-62775,-49121,30587,-7247,23340,35366,-9585,25781,NaN,NaN,NaN,NaN,88330,13654,-62775,-49121,30587,-7247,23340,35366,-9585,25781
2004-05-25T22:00:00Z,6.085,6.17,6.01,6.055,13654,-62775,-49121,30587,-7247,23340,35366,-9585,25781,NaN,NaN,NaN,NaN,88330,13654,-62775,-49121,30587,-7247,23340,35366,-9585,25781
2004-05-26T22:00:00Z,6.055,6.22,6.055,6.195,13654,-62775,-49121,30587,-7247,23340,35366,-9585,25781,NaN,NaN,NaN,NaN,88330,13654,-62775,-49121,30587,-7247,23340,35366,-9585,25781
2004-05-27T22:00:00Z,6.2,6.25,6.03,6.11,13654,-62775,-49121,30587,-7247,23340,35366,-9585,25781,NaN,NaN,NaN,NaN,88330,13654,-62775,-49121,30587,-7247,23340,35366,-9585,25781
2004-05-31T22:00:00Z,6.145,6.2,6.04,6.055,13271,-63186,-49915,30077,-7209,22868,33477,-6430,27047,NaN,NaN,NaN,NaN,85891,13271,-63186,-49915,30077,-7209,22868,33477,-6430,27047
2004-06-01T22:00:00Z,6.06,6.125,5.8,5.838,13271,-63186,-49915,30077,-7209,22868,33477,-6430,27047,NaN,NaN,NaN,NaN,85891,13271,-63186,-49915,30077,-7209,22868,33477,-6430,27047
2004-06-02T22:00:00Z,5.81,5.88,5.715,5.735,13271,-63186,-49915,30077,-7209,22868,33477,-6430,27047,NaN,NaN,NaN,NaN,85891,13271,-63186,-49915,30077,-7209,22868,33477,-6430,27047
2004-06-03T22:00:00Z,5.735,5.835,5.65,5.81,13271,-63186,-49915,30077,-7209,22868,33477,-6430,27047,NaN,NaN,NaN,NaN,85891,13271,-63186,-49915,30077,-7209,22868,33477,-6430,27047
2004-06-06T22:00:00Z,5.82,5.925,5.81,5.9,13271,-63186,-49915,30077,-7209,22868,33477,-6430,27047,NaN,NaN,NaN,NaN,85891,13271,-63186,-49915,30077,-7209,22868,33477,-6430,27047
2004-06-07T22:00:00Z,5.895,5.945,5.74,5.77,12943,-58450,-45507,29672,-9397,20275,33142,-7910,25232,NaN,NaN,NaN,NaN,83809,12943,-58450,-45507,29672,-9397,20275,33142,-7910,25232
2004-06-08T22:00:00Z,5.77,5.82,5.61,5.633,12943,-58450,-45507,29672,-9397,20275,33142,-7910,25232,NaN,NaN,NaN,NaN,83809,12943,-58450,-45507,29672,-9397,20275,33142,-7910,25232
2004-06-09T22:00:00Z,5.64,5.755,5.6,5.748,12943,-58450,-45507,29672,-9397,20275,33142,-7910,25232,NaN,NaN,NaN,NaN,83809,12943,-58450,-45507,29672,-9397,20275,33142,-7910,25232
2004-06-13T22:00:00Z,5.72,5.785,5.63,5.658,12943,-58450,-45507,29672,-9397,20275,33142,-7910,25232,NaN,NaN,NaN,NaN,83809,12943,-58450,-45507,29672,-9397,20275,33142,-7910,25232
2004-06-14T22:00:00Z,5.65,5.77,5.63,5.735,15132,-60714,-45582,29651,-8623,21028,32557,-8003,24554,NaN,NaN,NaN,NaN,85796,15132,-60714,-45582,29651,-8623,21028,32557,-8003,24554
2004-06-15T22:00:00Z,5.74,5.775,5.635,5.725,15132,-60714,-45582,29651,-8623,21028,32557,-8003,24554,NaN,NaN,NaN,NaN,85796,15132,-60714,-45582,29651,-8623,21028,32557,-8003,24554
2004-06-16T22:00:00Z,5.73,5.93,5.71,5.925,15132,-60714,-45582,29651,-8623,21028,32557,-8003,24554,NaN,NaN,NaN,NaN,85796,15132,-60714,-45582,29651,-8623,21028,32557,-8003,24554
2004-06-17T22:00:00Z,5.925,6.045,5.86,5.983,15132,-60714,-45582,29651,-8623,21028,32557,-8003,24554,NaN,NaN,NaN,NaN,85796,15132,-60714,-45582,29651,-8623,21028,32557,-8003,24554
2004-06-20T22:00:00Z,5.98,6.05,5.74,5.86,15132,-60714,-45582,29651,-8623,21028,32557,-8003,24554,NaN,NaN,NaN,NaN,85796,15132,-60714,-45582,29651,-8623,21028,32557,-8003,24554
2004-06-21T22:00:00Z,5.875,5.925,5.795,5.867,16743,-62088,-45345,29109,-8260,20849,35272,-10776,24496,NaN,NaN,NaN,NaN,90502,16743,-62088,-45345,29109,-8260,20849,35272,-10776,24496
2004-06-22T22:00:00Z,5.86,5.935,5.83,5.875,16743,-62088,-45345,29109,-8260,20849,35272,-10776,24496,NaN,NaN,NaN,NaN,90502,16743,-62088,-45345,29109,-8260,20849,35272,-10776,24496
2004-06-23T22:00:00Z,5.875,6.2,5.86,6.175,16743,-62088,-45345,29109,-8260,20849,35272,-10776,24496,NaN,NaN,NaN,NaN,90502,16743,-62088,-45345,29109,-8260,20849,35272,-10776,24496
2004-06-24T22:00:00Z,6.169,6.19,6.09,6.127,16743,-62088,-45345,29109,-8260,20849,35272,-10776,24496,NaN,NaN,NaN,NaN,90502,16743,-62088,-45345,29109,-8260,20849,35272,-10776,24496
2004-06-27T22:00:00Z,6.12,6.195,5.88,5.898,16743,-62088,-45345,29109,-8260,20849,35272,-10776,24496,NaN,NaN,NaN,NaN,90502,16743,-62088,-45345,29109,-8260,20849,35272,-10776,24496
2004-06-28T22:00:00Z,5.945,5.97,5.815,5.873,18812,-68568,-49756,30613,-5165,25448,31979,-7671,24308,NaN,NaN,NaN,NaN,90221,18812,-68568,-49756,30613,-5165,25448,31979,-7671,24308
2004-06-29T22:00:00Z,5.865,6.015,5.73,5.795,18812,-68568,-49756,30613,-5165,25448,31979,-7671,24308,NaN,NaN,NaN,NaN,90221,18812,-68568,-49756,30613,-5165,25448,31979,-7671,24308
2004-06-30T22:00:00Z,5.83,5.975,5.82,5.953,18812,-68568,-49756,30613,-5165,25448,31979,-7671,24308,NaN,NaN,NaN,NaN,90221,18812,-68568,-49756,30613,-5165,25448,31979,-7671,24308
2004-07-01T22:00:00Z,5.965,6.08,5.835,6.015,18812,-68568,-49756,30613,-5165,25448,31979,-7671,24308,NaN,NaN,NaN,NaN,90221,18812,-68568,-49756,30613,-5165,25448,31979,-7671,24308
2004-07-05T22:00:00Z,6.01,6.08,5.89,5.98,12576,-60868,-48292,30389,-6413,23976,31061,-6745,24316,NaN,NaN,NaN,NaN,82761,12576,-60868,-48292,30389,-6413,23976,31061,-6745,24316
2004-07-06T22:00:00Z,5.985,6.16,5.985,6.125,12576,-60868,-48292,30389,-6413,23976,31061,-6745,24316,NaN,NaN,NaN,NaN,82761,12576,-60868,-48292,30389,-6413,23976,31061,-6745,24316
2004-07-07T22:00:00Z,6.13,6.47,6.105,6.435,12576,-60868,-48292,30389,-6413,23976,31061,-6745,24316,NaN,NaN,NaN,NaN,82761,12576,-60868,-48292,30389,-6413,23976,31061,-6745,24316
2004-07-08T22:00:00Z,6.415,6.57,6.375,6.475,12576,-60868,-48292,30389,-6413,23976,31061,-6745,24316,NaN,NaN,NaN,NaN,82761,12576,-60868,-48292,30389,-6413,23976,31061,-6745,24316
2004-07-11T22:00:00Z,6.5,6.585,6.45,6.542,12576,-60868,-48292,30389,-6413,23976,31061,-6745,24316,NaN,NaN,NaN,NaN,82761,12576,-60868,-48292,30389,-6413,23976,31061,-6745,24316
2004-07-12T22:00:00Z,6.542,6.545,6.28,6.392,10362,-68219,-57857,36761,-2825,33936,31332,-7411,23921,NaN,NaN,NaN,NaN,87162,10362,-68219,-57857,36761,-2825,33936,31332,-7411,23921
2004-07-13T22:00:00Z,6.4,6.625,6.39,6.612,10362,-68219,-57857,36761,-2825,33936,31332,-7411,23921,NaN,NaN,NaN,NaN,87162,10362,-68219,-57857,36761,-2825,33936,31332,-7411,23921
2004-07-14T22:00:00Z,6.615,6.695,6.54,6.663,10362,-68219,-57857,36761,-2825,33936,31332,-7411,23921,NaN,NaN,NaN,NaN,87162,10362,-68219,-57857,36761,-2825,33936,31332,-7411,23921
2004-07-15T22:00:00Z,6.66,6.76,6.6,6.725,10362,-68219,-57857,36761,-2825,33936,31332,-7411,23921,NaN,NaN,NaN,NaN,87162,10362,-68219,-57857,36761,-2825,33936,31332,-7411,23921
2004-07-18T22:00:00Z,6.705,6.78,6.565,6.6,10362,-68219,-57857,36761,-2825,33936,31332,-7411,23921,NaN,NaN,NaN,NaN,87162,10362,-68219,-57857,36761,-2825,33936,31332,-7411,23921
2004-07-19T22:00:00Z,6.595,6.655,6.445,6.612,9777,-72715,-62938,43271,-3272,39999,30981,-8042,22939,NaN,NaN,NaN,NaN,92456,9777,-72715,-62938,43271,-3272,39999,30981,-8042,22939
2004-07-20T22:00:00Z,6.615,6.615,6.34,6.41,9777,-72715,-62938,43271,-3272,39999,30981,-8042,22939,NaN,NaN,NaN,NaN,92456,9777,-72715,-62938,43271,-3272,39999,30981,-8042,22939
2004-07-21T22:00:00Z,6.415,6.51,6.35,6.428,9777,-72715,-62938,43271,-3272,39999,30981,-8042,22939,NaN,NaN,NaN,NaN,92456,9777,-72715,-62938,43271,-3272,39999,30981,-8042,22939
2004-07-22T22:00:00Z,6.445,6.445,6.24,6.345,9777,-72715,-62938,43271,-3272,39999,30981,-8042,22939,NaN,NaN,NaN,NaN,92456,9777,-72715,-62938,43271,-3272,39999,30981,-8042,22939
2004-07-25T22:00:00Z,6.345,6.365,6.165,6.245,9777,-72715,-62938,43271,-3272,39999,30981,-8042,22939,NaN,NaN,NaN,NaN,92456,9777,-72715,-62938,43271,-3272,39999,30981,-8042,22939
2004-07-26T22:00:00Z,6.245,6.3,6.16,6.247,12793,-70304,-57511,40184,-4728,35456,31296,-9241,22055,NaN,NaN,NaN,NaN,91991,12793,-70304,-57511,40184,-4728,35456,31296,-9241,22055
2004-07-27T22:00:00Z,6.25,6.385,6.11,6.373,12793,-70304,-57511,40184,-4728,35456,31296,-9241,22055,NaN,NaN,NaN,NaN,91991,12793,-70304,-57511,40184,-4728,35456,31296,-9241,22055
2004-07-28T22:00:00Z,6.37,6.41,6.235,6.355,12793,-70304,-57511,40184,-4728,35456,31296,-9241,22055,NaN,NaN,NaN,NaN,91991,12793,-70304,-57511,40184,-4728,35456,31296,-9241,22055
2004-07-29T22:00:00Z,6.365,6.65,6.34,6.56,12793,-70304,-57511,40184,-4728,35456,31296,-9241,22055,NaN,NaN,NaN,NaN,91991,12793,-70304,-57511,40184,-4728,35456,31296,-9241,22055
2004-08-01T22:00:00Z,6.585,6.705,6.54,6.62,12793,-70304,-57511,40184,-4728,35456,31296,-9241,22055,NaN,NaN,NaN,NaN,91991,12793,-70304,-57511,40184,-4728,35456,31296,-9241,22055
2004-08-02T22:00:00Z,6.605,6.695,6.48,6.685,10658,-72797,-62139,44765,-4256,40509,31299,-9669,21630,NaN,NaN,NaN,NaN,94715,10658,-72797,-62139,44765,-4256,40509,31299,-9669,21630
2004-08-03T22:00:00Z,6.69,6.83,6.575,6.737,10658,-72797,-62139,44765,-4256,40509,31299,-9669,21630,NaN,NaN,NaN,NaN,94715,10658,-72797,-62139,44765,-4256,40509,31299,-9669,21630
2004-08-04T22:00:00Z,6.73,6.765,6.64,6.75,10658,-72797,-62139,44765,-4256,40509,31299,-9669,21630,NaN,NaN,NaN,NaN,94715,10658,-72797,-62139,44765,-4256,40509,31299,-9669,21630
2004-08-05T22:00:00Z,6.75,6.9,6.68,6.775,10658,-72797,-62139,44765,-4256,40509,31299,-9669,21630,NaN,NaN,NaN,NaN,94715,10658,-72797,-62139,44765,-4256,40509,31299,-9669,21630
2004-08-08T22:00:00Z,6.755,6.78,6.58,6.737,10658,-72797,-62139,44765,-4256,40509,31299,-9669,21630,NaN,NaN,NaN,NaN,94715,10658,-72797,-62139,44765,-4256,40509,31299,-9669,21630
2004-08-09T22:00:00Z,6.7,6.825,6.685,6.722,11239,-78543,-67304,48019,-3675,44344,30909,-7949,22960,NaN,NaN,NaN,NaN,97251,11239,-78543,-67304,48019,-3675,44344,30909,-7949,22960
2004-08-10T22:00:00Z,6.72,6.745,6.46,6.527,11239,-78543,-67304,48019,-3675,44344,30909,-7949,22960,NaN,NaN,NaN,NaN,97251,11239,-78543,-67304,48019,-3675,44344,30909,-7949,22960
2004-08-11T22:00:00Z,6.52,6.65,6.49,6.557,11239,-78543,-67304,48019,-3675,44344,30909,-7949,22960,NaN,NaN,NaN,NaN,97251,11239,-78543,-67304,48019,-3675,44344,30909,-7949,22960
2004-08-12T22:00:00Z,6.59,6.665,6.49,6.625,11239,-78543,-67304,48019,-3675,44344,30909,-7949,22960,NaN,NaN,NaN,NaN,97251,11239,-78543,-67304,48019,-3675,44344,30909,-7949,22960
2004-08-15T22:00:00Z,6.635,6.785,6.635,6.737,11239,-78543,-67304,48019,-3675,44344,30909,-7949,22960,NaN,NaN,NaN,NaN,97251,11239,-78543,-67304,48019,-3675,44344,30909,-7949,22960
2004-08-16T22:00:00Z,6.737,6.785,6.66,6.73,11578,-77830,-66252,46370,-2830,43540,30855,-8143,22712,NaN,NaN,NaN,NaN,96119,11578,-77830,-66252,46370,-2830,43540,30855,-8143,22712
2004-08-17T22:00:00Z,6.74,6.88,6.63,6.837,11578,-77830,-66252,46370,-2830,43540,30855,-8143,22712,NaN,NaN,NaN,NaN,96119,11578,-77830,-66252,46370,-2830,43540,30855,-8143,22712
2004-08-18T22:00:00Z,6.845,6.94,6.805,6.82,11578,-77830,-66252,46370,-2830,43540,30855,-8143,22712,NaN,NaN,NaN,NaN,96119,11578,-77830,-66252,46370,-2830,43540,30855,-8143,22712
2004-08-19T22:00:00Z,6.82,7.01,6.775,6.87,11578,-77830,-66252,46370,-2830,43540,30855,-8143,22712,NaN,NaN,NaN,NaN,96119,11578,-77830,-66252,46370,-2830,43540,30855,-8143,22712
2004-08-22T22:00:00Z,6.87,6.87,6.665,6.745,11578,-77830,-66252,46370,-2830,43540,30855,-8143,22712,NaN,NaN,NaN,NaN,96119,11578,-77830,-66252,46370,-2830,43540,30855,-8143,22712
2004-08-23T22:00:00Z,6.745,6.75,6.54,6.577,13122,-82511,-69389,48506,-2074,46432,31637,-8680,22957,NaN,NaN,NaN,NaN,102711,13122,-82511,-69389,48506,-2074,46432,31637,-8680,22957
2004-08-24T22:00:00Z,6.575,6.67,6.55,6.613,13122,-82511,-69389,48506,-2074,46432,31637,-8680,22957,NaN,NaN,NaN,NaN,102711,13122,-82511,-69389,48506,-2074,46432,31637,-8680,22957
2004-08-25T22:00:00Z,6.635,6.7,6.575,6.678,13122,-82511,-69389,48506,-2074,46432,31637,-8680,22957,NaN,NaN,NaN,NaN,102711,13122,-82511,-69389,48506,-2074,46432,31637,-8680,22957
2004-08-26T22:00:00Z,6.68,6.73,6.57,6.588,13122,-82511,-69389,48506,-2074,46432,31637,-8680,22957,NaN,NaN,NaN,NaN,102711,13122,-82511,-69389,48506,-2074,46432,31637,-8680,22957
2004-08-29T22:00:00Z,6.63,6.865,6.625,6.747,13122,-82511,-69389,48506,-2074,46432,31637,-8680,22957,NaN,NaN,NaN,NaN,102711,13122,-82511,-69389,48506,-2074,46432,31637,-8680,22957
2004-08-30T22:00:00Z,6.76,6.83,6.705,6.812,12778,-80316,-67538,48118,-2547,45571,29286,-7319,21967,NaN,NaN,NaN,NaN,95230,12778,-80316,-67538,48118,-2547,45571,29286,-7319,21967
2004-08-31T22:00:00Z,6.8,6.85,6.74,6.83,12778,-80316,-67538,48118,-2547,45571,29286,-7319,21967,NaN,NaN,NaN,NaN,95230,12778,-80316,-67538,48118,-2547,45571,29286,-7319,21967
2004-09-01T22:00:00Z,6.81,6.855,6.75,6.81,12778,-80316,-67538,48118,-2547,45571,29286,-7319,21967,NaN,NaN,NaN,NaN,95230,12778,-80316,-67538,48118,-2547,45571,29286,-7319,21967
2004-09-02T22:00:00Z,6.82,6.83,6.5,6.59,12778,-80316,-67538,48118,-2547,45571,29286,-7319,21967,NaN,NaN,NaN,NaN,95230,12778,-80316,-67538,48118,-2547,45571,29286,-7319,21967
2004-09-06T22:00:00Z,6.605,6.625,6.205,6.235,12019,-69868,-57849,38898,-4221,34677,30805,-7633,23172,NaN,NaN,NaN,NaN,87139,12019,-69868,-57849,38898,-4221,34677,30805,-7633,23172
2004-09-07T22:00:00Z,6.235,6.28,6.1,6.212,12019,-69868,-57849,38898,-4221,34677,30805,-7633,23172,NaN,NaN,NaN,NaN,87139,12019,-69868,-57849,38898,-4221,34677,30805,-7633,23172
2004-09-08T22:00:00Z,6.22,6.28,6.115,6.188,12019,-69868,-57849,38898,-4221,34677,30805,-7633,23172,NaN,NaN,NaN,NaN,87139,12019,-69868,-57849,38898,-4221,34677,30805,-7633,23172
2004-09-09T22:00:00Z,6.19,6.255,6.15,6.165,12019,-69868,-57849,38898,-4221,34677,30805,-7633,23172,NaN,NaN,NaN,NaN,87139,12019,-69868,-57849,38898,-4221,34677,30805,-7633,23172
2004-09-12T22:00:00Z,6.175,6.26,6.07,6.215,12019,-69868,-57849,38898,-4221,34677,30805,-7633,23172,NaN,NaN,NaN,NaN,87139,12019,-69868,-57849,38898,-4221,34677,30805,-7633,23172
2004-09-13T22:00:00Z,6.25,6.31,6.21,6.23,15141,-62590,-47449,30554,-7365,23189,31020,-6760,24260,NaN,NaN,NaN,NaN,82028,15141,-62590,-47449,30554,-7365,23189,31020,-6760,24260
2004-09-14T22:00:00Z,6.24,6.325,6.17,6.3,15141,-62590,-47449,30554,-7365,23189,31020,-6760,24260,NaN,NaN,NaN,NaN,82028,15141,-62590,-47449,30554,-7365,23189,31020,-6760,24260
2004-09-15T22:00:00Z,6.295,6.355,6.26,6.318,15141,-62590,-47449,30554,-7365,23189,31020,-6760,24260,NaN,NaN,NaN,NaN,82028,15141,-62590,-47449,30554,-7365,23189,31020,-6760,24260
2004-09-16T22:00:00Z,6.315,6.325,6.21,6.288,15141,-62590,-47449,30554,-7365,23189,31020,-6760,24260,NaN,NaN,NaN,NaN,82028,15141,-62590,-47449,30554,-7365,23189,31020,-6760,24260
2004-09-19T22:00:00Z,6.288,6.295,6.225,6.28,15141,-62590,-47449,30554,-7365,23189,31020,-6760,24260,NaN,NaN,NaN,NaN,82028,15141,-62590,-47449,30554,-7365,23189,31020,-6760,24260
2004-09-20T22:00:00Z,6.28,6.4,6.265,6.373,15058,-62814,-47756,30798,-6958,23840,31386,-7470,23916,NaN,NaN,NaN,NaN,82327,15058,-62814,-47756,30798,-6958,23840,31386,-7470,23916
2004-09-21T22:00:00Z,6.365,6.405,6.275,6.375,15058,-62814,-47756,30798,-6958,23840,31386,-7470,23916,NaN,NaN,NaN,NaN,82327,15058,-62814,-47756,30798,-6958,23840,31386,-7470,23916
2004-09-22T22:00:00Z,6.375,6.49,6.365,6.47,15058,-62814,-47756,30798,-6958,23840,31386,-7470,23916,NaN,NaN,NaN,NaN,82327,15058,-62814,-47756,30798,-6958,23840,31386,-7470,23916
2004-09-23T22:00:00Z,6.47,6.51,6.395,6.425,15058,-62814,-47756,30798,-6958,23840,31386,-7470,23916,NaN,NaN,NaN,NaN,82327,15058,-62814,-47756,30798,-6958,23840,31386,-7470,23916
2004-09-26T22:00:00Z,6.42,6.57,6.395,6.55,15058,-62814,-47756,30798,-6958,23840,31386,-7470,23916,NaN,NaN,NaN,NaN,82327,15058,-62814,-47756,30798,-6958,23840,31386,-7470,23916
2004-09-27T22:00:00Z,6.55,6.68,6.535,6.61,15111,-66557,-51446,32046,-4831,27215,31529,-7298,24231,NaN,NaN,NaN,NaN,83896,15111,-66557,-51446,32046,-4831,27215,31529,-7298,24231
2004-09-28T22:00:00Z,6.61,6.75,6.57,6.695,15111,-66557,-51446,32046,-4831,27215,31529,-7298,24231,NaN,NaN,NaN,NaN,83896,15111,-66557,-51446,32046,-4831,27215,31529,-7298,24231
2004-09-29T22:00:00Z,6.69,6.98,6.665,6.938,15111,-66557,-51446,32046,-4831,27215,31529,-7298,24231,NaN,NaN,NaN,NaN,83896,15111,-66557,-51446,32046,-4831,27215,31529,-7298,24231
2004-09-30T22:00:00Z,6.955,7,6.88,6.943,15111,-66557,-51446,32046,-4831,27215,31529,-7298,24231,NaN,NaN,NaN,NaN,83896,15111,-66557,-51446,32046,-4831,27215,31529,-7298,24231
2004-10-03T22:00:00Z,6.935,6.985,6.72,6.765,15111,-66557,-51446,32046,-4831,27215,31529,-7298,24231,NaN,NaN,NaN,NaN,83896,15111,-66557,-51446,32046,-4831,27215,31529,-7298,24231
2004-10-04T22:00:00Z,6.78,7.135,6.72,7.102,12655,-79946,-67291,50369,-4088,46281,29059,-8049,21010,NaN,NaN,NaN,NaN,99518,12655,-79946,-67291,50369,-4088,46281,29059,-8049,21010
2004-10-05T22:00:00Z,7.1,7.28,7.085,7.245,12655,-79946,-67291,50369,-4088,46281,29059,-8049,21010,NaN,NaN,NaN,NaN,99518,12655,-79946,-67291,50369,-4088,46281,29059,-8049,21010
2004-10-06T22:00:00Z,7.245,7.3,7.165,7.217,12655,-79946,-67291,50369,-4088,46281,29059,-8049,21010,NaN,NaN,NaN,NaN,99518,12655,-79946,-67291,50369,-4088,46281,29059,-8049,21010
2004-10-07T22:00:00Z,7.21,7.34,7.17,7.295,12655,-79946,-67291,50369,-4088,46281,29059,-8049,21010,NaN,NaN,NaN,NaN,99518,12655,-79946,-67291,50369,-4088,46281,29059,-8049,21010
2004-10-10T22:00:00Z,7.3,7.32,7.19,7.252,12655,-79946,-67291,50369,-4088,46281,29059,-8049,21010,NaN,NaN,NaN,NaN,99518,12655,-79946,-67291,50369,-4088,46281,29059,-8049,21010
2004-10-11T22:00:00Z,7.24,7.265,6.96,7.055,10961,-85103,-74142,58594,-5141,53453,29082,-8393,20689,NaN,NaN,NaN,NaN,107869,10961,-85103,-74142,58594,-5141,53453,29082,-8393,20689
2004-10-12T22:00:00Z,7.07,7.08,6.8,6.9,10961,-85103,-74142,58594,-5141,53453,29082,-8393,20689,NaN,NaN,NaN,NaN,107869,10961,-85103,-74142,58594,-5141,53453,29082,-8393,20689
2004-10-13T22:00:00Z,6.95,7.11,6.95,7.055,10961,-85103,-74142,58594,-5141,53453,29082,-8393,20689,NaN,NaN,NaN,NaN,107869,10961,-85103,-74142,58594,-5141,53453,29082,-8393,20689
2004-10-14T22:00:00Z,7.06,7.17,7.03,7.11,10961,-85103,-74142,58594,-5141,53453,29082,-8393,20689,NaN,NaN,NaN,NaN,107869,10961,-85103,-74142,58594,-5141,53453,29082,-8393,20689
2004-10-17T22:00:00Z,7.1,7.11,6.97,6.987,10961,-85103,-74142,58594,-5141,53453,29082,-8393,20689,NaN,NaN,NaN,NaN,107869,10961,-85103,-74142,58594,-5141,53453,29082,-8393,20689
2004-10-18T22:00:00Z,6.985,7.21,6.91,7.195,11935,-87795,-75860,60545,-5058,55487,28986,-8613,20373,NaN,NaN,NaN,NaN,111307,11935,-87795,-75860,60545,-5058,55487,28986,-8613,20373
2004-10-19T22:00:00Z,7.2,7.385,7.15,7.352,11935,-87795,-75860,60545,-5058,55487,28986,-8613,20373,NaN,NaN,NaN,NaN,111307,11935,-87795,-75860,60545,-5058,55487,28986,-8613,20373
2004-10-20T22:00:00Z,7.34,7.42,7.195,7.31,11935,-87795,-75860,60545,-5058,55487,28986,-8613,20373,NaN,NaN,NaN,NaN,111307,11935,-87795,-75860,60545,-5058,55487,28986,-8613,20373
2004-10-21T22:00:00Z,7.31,7.37,7.2,7.333,11935,-87795,-75860,60545,-5058,55487,28986,-8613,20373,NaN,NaN,NaN,NaN,111307,11935,-87795,-75860,60545,-5058,55487,28986,-8613,20373
2004-10-24T22:00:00Z,7.37,7.53,7.35,7.38,11935,-87795,-75860,60545,-5058,55487,28986,-8613,20373,NaN,NaN,NaN,NaN,111307,11935,-87795,-75860,60545,-5058,55487,28986,-8613,20373
2004-10-25T22:00:00Z,7.367,7.39,7.25,7.34,13474,-90254,-76780,62746,-6653,56093,30005,-9318,20687,NaN,NaN,NaN,NaN,116815,13474,-90254,-76780,62746,-6653,56093,30005,-9318,20687
2004-10-26T22:00:00Z,7.35,7.445,7.17,7.202,13474,-90254,-76780,62746,-6653,56093,30005,-9318,20687,NaN,NaN,NaN,NaN,116815,13474,-90254,-76780,62746,-6653,56093,30005,-9318,20687
2004-10-27T22:00:00Z,7.2,7.25,7.06,7.192,13474,-90254,-76780,62746,-6653,56093,30005,-9318,20687,NaN,NaN,NaN,NaN,116815,13474,-90254,-76780,62746,-6653,56093,30005,-9318,20687
2004-10-28T22:00:00Z,7.18,7.33,7.12,7.305,13474,-90254,-76780,62746,-6653,56093,30005,-9318,20687,NaN,NaN,NaN,NaN,116815,13474,-90254,-76780,62746,-6653,56093,30005,-9318,20687
2004-10-31T23:00:00Z,7.34,7.38,7.235,7.33,13474,-90254,-76780,62746,-6653,56093,30005,-9318,20687,NaN,NaN,NaN,NaN,116815,13474,-90254,-76780,62746,-6653,56093,30005,-9318,20687
2004-11-01T23:00:00Z,7.31,7.33,6.92,7.02,14859,-89215,-74356,58504,-4172,54332,29493,-9469,20024,NaN,NaN,NaN,NaN,114494,14859,-89215,-74356,58504,-4172,54332,29493,-9469,20024
2004-11-02T23:00:00Z,7.025,7.19,6.985,7.158,14859,-89215,-74356,58504,-4172,54332,29493,-9469,20024,NaN,NaN,NaN,NaN,114494,14859,-89215,-74356,58504,-4172,54332,29493,-9469,20024
2004-11-03T23:00:00Z,7.15,7.49,7.15,7.383,14859,-89215,-74356,58504,-4172,54332,29493,-9469,20024,NaN,NaN,NaN,NaN,114494,14859,-89215,-74356,58504,-4172,54332,29493,-9469,20024
2004-11-04T23:00:00Z,7.375,7.52,7.28,7.505,14859,-89215,-74356,58504,-4172,54332,29493,-9469,20024,NaN,NaN,NaN,NaN,114494,14859,-89215,-74356,58504,-4172,54332,29493,-9469,20024
2004-11-07T23:00:00Z,7.52,7.58,7.42,7.487,14859,-89215,-74356,58504,-4172,54332,29493,-9469,20024,NaN,NaN,NaN,NaN,114494,14859,-89215,-74356,58504,-4172,54332,29493,-9469,20024
2004-11-08T23:00:00Z,7.495,7.585,7.435,7.535,14924,-92869,-77945,64181,-6960,57221,29461,-8737,20724,NaN,NaN,NaN,NaN,123564,14924,-92869,-77945,64181,-6960,57221,29461,-8737,20724
2004-11-09T23:00:00Z,7.52,7.555,7.36,7.42,14924,-92869,-77945,64181,-6960,57221,29461,-8737,20724,NaN,NaN,NaN,NaN,123564,14924,-92869,-77945,64181,-6960,57221,29461,-8737,20724
2004-11-10T23:00:00Z,7.405,7.49,7.405,7.477,14924,-92869,-77945,64181,-6960,57221,29461,-8737,20724,NaN,NaN,NaN,NaN,123564,14924,-92869,-77945,64181,-6960,57221,29461,-8737,20724
2004-11-11T23:00:00Z,7.49,7.67,7.435,7.622,14924,-92869,-77945,64181,-6960,57221,29461,-8737,20724,NaN,NaN,NaN,NaN,123564,14924,-92869,-77945,64181,-6960,57221,29461,-8737,20724
2004-11-14T23:00:00Z,7.62,7.66,7.495,7.572,14924,-92869,-77945,64181,-6960,57221,29461,-8737,20724,NaN,NaN,NaN,NaN,123564,14924,-92869,-77945,64181,-6960,57221,29461,-8737,20724
2004-11-15T23:00:00Z,7.555,7.63,7.48,7.592,14310,-92973,-78663,64251,-7074,57177,31082,-9596,21486,NaN,NaN,NaN,NaN,124272,14310,-92973,-78663,64251,-7074,57177,31082,-9596,21486
2004-11-16T23:00:00Z,7.58,7.68,7.55,7.665,14310,-92973,-78663,64251,-7074,57177,31082,-9596,21486,NaN,NaN,NaN,NaN,124272,14310,-92973,-78663,64251,-7074,57177,31082,-9596,21486
2004-11-17T23:00:00Z,7.66,7.75,7.51,7.552,14310,-92973,-78663,64251,-7074,57177,31082,-9596,21486,NaN,NaN,NaN,NaN,124272,14310,-92973,-78663,64251,-7074,57177,31082,-9596,21486
2004-11-18T23:00:00Z,7.56,7.65,7.5,7.6,14310,-92973,-78663,64251,-7074,57177,31082,-9596,21486,NaN,NaN,NaN,NaN,124272,14310,-92973,-78663,64251,-7074,57177,31082,-9596,21486
2004-11-21T23:00:00Z,7.6,7.66,7.565,7.572,14310,-92973,-78663,64251,-7074,57177,31082,-9596,21486,NaN,NaN,NaN,NaN,124272,14310,-92973,-78663,64251,-7074,57177,31082,-9596,21486
2004-11-22T23:00:00Z,7.57,7.615,7.505,7.555,11541,-98341,-86800,69820,-4062,65758,30141,-9099,21042,NaN,NaN,NaN,NaN,121720,11541,-98341,-86800,69820,-4062,65758,30141,-9099,21042
2004-11-23T23:00:00Z,7.58,7.63,7.54,7.613,11541,-98341,-86800,69820,-4062,65758,30141,-9099,21042,NaN,NaN,NaN,NaN,121720,11541,-98341,-86800,69820,-4062,65758,30141,-9099,21042
2004-11-28T23:00:00Z,7.69,7.855,7.66,7.825,11541,-98341,-86800,69820,-4062,65758,30141,-9099,21042,NaN,NaN,NaN,NaN,121720,11541,-98341,-86800,69820,-4062,65758,30141,-9099,21042
2004-11-29T23:00:00Z,7.82,7.87,7.71,7.777,13545,-100719,-87174,70987,-3763,67224,28033,-8083,19950,NaN,NaN,NaN,NaN,116958,13545,-100719,-87174,70987,-3763,67224,28033,-8083,19950
2004-11-30T23:00:00Z,7.77,8.13,7.765,8.08,13545,-100719,-87174,70987,-3763,67224,28033,-8083,19950,NaN,NaN,NaN,NaN,116958,13545,-100719,-87174,70987,-3763,67224,28033,-8083,19950
2004-12-01T23:00:00Z,8.09,8.235,7.915,7.96,13545,-100719,-87174,70987,-3763,67224,28033,-8083,19950,NaN,NaN,NaN,NaN,116958,13545,-100719,-87174,70987,-3763,67224,28033,-8083,19950
2004-12-02T23:00:00Z,7.96,8.09,7.84,8.043,13545,-100719,-87174,70987,-3763,67224,28033,-8083,19950,NaN,NaN,NaN,NaN,116958,13545,-100719,-87174,70987,-3763,67224,28033,-8083,19950
2004-12-05T23:00:00Z,8.08,8.08,7.935,7.963,13545,-100719,-87174,70987,-3763,67224,28033,-8083,19950,NaN,NaN,NaN,NaN,116958,13545,-100719,-87174,70987,-3763,67224,28033,-8083,19950
2004-12-06T23:00:00Z,7.965,7.98,7.86,7.885,18752,-109964,-91212,73786,-3668,70118,29264,-8170,21094,NaN,NaN,NaN,NaN,125722,18752,-109964,-91212,73786,-3668,70118,29264,-8170,21094
2004-12-07T23:00:00Z,7.89,7.89,7.03,7.145,18752,-109964,-91212,73786,-3668,70118,29264,-8170,21094,NaN,NaN,NaN,NaN,125722,18752,-109964,-91212,73786,-3668,70118,29264,-8170,21094
2004-12-08T23:00:00Z,7.16,7.22,6.62,6.8,18752,-109964,-91212,73786,-3668,70118,29264,-8170,21094,NaN,NaN,NaN,NaN,125722,18752,-109964,-91212,73786,-3668,70118,29264,-8170,21094
2004-12-09T23:00:00Z,6.8,6.865,6.64,6.743,18752,-109964,-91212,73786,-3668,70118,29264,-8170,21094,NaN,NaN,NaN,NaN,125722,18752,-109964,-91212,73786,-3668,70118,29264,-8170,21094
2004-12-12T23:00:00Z,6.74,6.93,6.74,6.83,18752,-109964,-91212,73786,-3668,70118,29264,-8170,21094,NaN,NaN,NaN,NaN,125722,18752,-109964,-91212,73786,-3668,70118,29264,-8170,21094
2004-12-13T23:00:00Z,6.86,6.9,6.68,6.755,20074,-87036,-66962,46556,-3331,43225,30494,-6757,23737,NaN,NaN,NaN,NaN,101771,20074,-87036,-66962,46556,-3331,43225,30494,-6757,23737
2004-12-14T23:00:00Z,6.76,6.955,6.735,6.88,20074,-87036,-66962,46556,-3331,43225,30494,-6757,23737,NaN,NaN,NaN,NaN,101771,20074,-87036,-66962,46556,-3331,43225,30494,-6757,23737
2004-12-15T23:00:00Z,6.91,6.97,6.7,6.727,20074,-87036,-66962,46556,-3331,43225,30494,-6757,23737,NaN,NaN,NaN,NaN,101771,20074,-87036,-66962,46556,-3331,43225,30494,-6757,23737
2004-12-16T23:00:00Z,6.72,6.82,6.665,6.803,20074,-87036,-66962,46556,-3331,43225,30494,-6757,23737,NaN,NaN,NaN,NaN,101771,20074,-87036,-66962,46556,-3331,43225,30494,-6757,23737
2004-12-19T23:00:00Z,6.815,6.955,6.815,6.865,20074,-87036,-66962,46556,-3331,43225,30494,-6757,23737,NaN,NaN,NaN,NaN,101771,20074,-87036,-66962,46556,-3331,43225,30494,-6757,23737
2004-12-20T23:00:00Z,6.87,6.935,6.83,6.927,21338,-82233,-60895,42217,-4553,37664,29977,-6746,23231,NaN,NaN,NaN,NaN,98426,21338,-82233,-60895,42217,-4553,37664,29977,-6746,23231
2004-12-21T23:00:00Z,6.925,6.965,6.82,6.835,21338,-82233,-60895,42217,-4553,37664,29977,-6746,23231,NaN,NaN,NaN,NaN,98426,21338,-82233,-60895,42217,-4553,37664,29977,-6746,23231
2004-12-22T23:00:00Z,6.85,6.975,6.835,6.915,21338,-82233,-60895,42217,-4553,37664,29977,-6746,23231,NaN,NaN,NaN,NaN,98426,21338,-82233,-60895,42217,-4553,37664,29977,-6746,23231
2004-12-26T23:00:00Z,6.945,7.09,6.935,7.005,21338,-82233,-60895,42217,-4553,37664,29977,-6746,23231,NaN,NaN,NaN,NaN,98426,21338,-82233,-60895,42217,-4553,37664,29977,-6746,23231
2004-12-27T23:00:00Z,7.01,7.075,6.96,7.058,21040,-82284,-61244,42318,-4612,37706,30965,-7427,23538,NaN,NaN,NaN,NaN,99266,21040,-82284,-61244,42318,-4612,37706,30965,-7427,23538
2004-12-28T23:00:00Z,7.05,7.06,6.8,6.827,21040,-82284,-61244,42318,-4612,37706,30965,-7427,23538,NaN,NaN,NaN,NaN,99266,21040,-82284,-61244,42318,-4612,37706,30965,-7427,23538
2004-12-29T23:00:00Z,6.835,6.885,6.8,6.837,21040,-82284,-61244,42318,-4612,37706,30965,-7427,23538,NaN,NaN,NaN,NaN,99266,21040,-82284,-61244,42318,-4612,37706,30965,-7427,23538
2005-01-02T23:00:00Z,6.84,6.84,6.49,6.507,21040,-82284,-61244,42318,-4612,37706,30965,-7427,23538,NaN,NaN,NaN,NaN,99266,21040,-82284,-61244,42318,-4612,37706,30965,-7427,23538
2005-01-03T23:00:00Z,6.52,6.545,6.35,6.452,18843,-77637,-58794,43147,-4797,38350,30005,-9561,20444,NaN,NaN,NaN,NaN,96882,18843,-77637,-58794,43147,-4797,38350,30005,-9561,20444
2005-01-04T23:00:00Z,6.46,6.59,6.41,6.535,18843,-77637,-58794,43147,-4797,38350,30005,-9561,20444,NaN,NaN,NaN,NaN,96882,18843,-77637,-58794,43147,-4797,38350,30005,-9561,20444
2005-01-05T23:00:00Z,6.54,6.565,6.41,6.455,18843,-77637,-58794,43147,-4797,38350,30005,-9561,20444,NaN,NaN,NaN,NaN,96882,18843,-77637,-58794,43147,-4797,38350,30005,-9561,20444
2005-01-06T23:00:00Z,6.46,6.595,6.39,6.448,18843,-77637,-58794,43147,-4797,38350,30005,-9561,20444,NaN,NaN,NaN,NaN,96882,18843,-77637,-58794,43147,-4797,38350,30005,-9561,20444
2005-01-09T23:00:00Z,6.45,6.5,6.42,6.45,18843,-77637,-58794,43147,-4797,38350,30005,-9561,20444,NaN,NaN,NaN,NaN,96882,18843,-77637,-58794,43147,-4797,38350,30005,-9561,20444
2005-01-10T23:00:00Z,6.46,6.67,6.45,6.638,19423,-73934,-54511,42170,-9052,33118,30364,-8971,21393,NaN,NaN,NaN,NaN,98189,19423,-73934,-54511,42170,-9052,33118,30364,-8971,21393
2005-01-11T23:00:00Z,6.65,6.75,6.6,6.743,19423,-73934,-54511,42170,-9052,33118,30364,-8971,21393,NaN,NaN,NaN,NaN,98189,19423,-73934,-54511,42170,-9052,33118,30364,-8971,21393
2005-01-12T23:00:00Z,6.73,6.775,6.68,6.745,19423,-73934,-54511,42170,-9052,33118,30364,-8971,21393,NaN,NaN,NaN,NaN,98189,19423,-73934,-54511,42170,-9052,33118,30364,-8971,21393
2005-01-13T23:00:00Z,6.75,6.775,6.58,6.595,19423,-73934,-54511,42170,-9052,33118,30364,-8971,21393,NaN,NaN,NaN,NaN,98189,19423,-73934,-54511,42170,-9052,33118,30364,-8971,21393
2005-01-17T23:00:00Z,6.595,6.68,6.565,6.655,20620,-74229,-53609,42288,-9642,32646,29801,-8838,20963,NaN,NaN,NaN,NaN,98962,20620,-74229,-53609,42288,-9642,32646,29801,-8838,20963
2005-01-18T23:00:00Z,6.65,6.745,6.605,6.625,20620,-74229,-53609,42288,-9642,32646,29801,-8838,20963,NaN,NaN,NaN,NaN,98962,20620,-74229,-53609,42288,-9642,32646,29801,-8838,20963
2005-01-19T23:00:00Z,6.62,6.64,6.47,6.558,20620,-74229,-53609,42288,-9642,32646,29801,-8838,20963,NaN,NaN,NaN,NaN,98962,20620,-74229,-53609,42288,-9642,32646,29801,-8838,20963
2005-01-20T23:00:00Z,6.565,6.83,6.55,6.812,20620,-74229,-53609,42288,-9642,32646,29801,-8838,20963,NaN,NaN,NaN,NaN,98962,20620,-74229,-53609,42288,-9642,32646,29801,-8838,20963
2005-01-23T23:00:00Z,6.805,6.89,6.79,6.86,20620,-74229,-53609,42288,-9642,32646,29801,-8838,20963,NaN,NaN,NaN,NaN,98962,20620,-74229,-53609,42288,-9642,32646,29801,-8838,20963
2005-01-24T23:00:00Z,6.855,6.87,6.68,6.685,18862,-70949,-52087,40809,-10583,30226,31059,-9198,21861,NaN,NaN,NaN,NaN,96891,18862,-70949,-52087,40809,-10583,30226,31059,-9198,21861
2005-01-25T23:00:00Z,6.7,6.85,6.695,6.805,18862,-70949,-52087,40809,-10583,30226,31059,-9198,21861,NaN,NaN,NaN,NaN,96891,18862,-70949,-52087,40809,-10583,30226,31059,-9198,21861
2005-01-26T23:00:00Z,6.805,6.835,6.725,6.82,18862,-70949,-52087,40809,-10583,30226,31059,-9198,21861,NaN,NaN,NaN,NaN,96891,18862,-70949,-52087,40809,-10583,30226,31059,-9198,21861
2005-01-27T23:00:00Z,6.82,6.88,6.75,6.795,18862,-70949,-52087,40809,-10583,30226,31059,-9198,21861,NaN,NaN,NaN,NaN,96891,18862,-70949,-52087,40809,-10583,30226,31059,-9198,21861
2005-01-30T23:00:00Z,6.785,6.79,6.62,6.747,18862,-70949,-52087,40809,-10583,30226,31059,-9198,21861,NaN,NaN,NaN,NaN,96891,18862,-70949,-52087,40809,-10583,30226,31059,-9198,21861
2005-01-31T23:00:00Z,6.755,6.78,6.68,6.73,18725,-69140,-50415,40985,-10753,30232,28881,-8698,20183,NaN,NaN,NaN,NaN,95173,18725,-69140,-50415,40985,-10753,30232,28881,-8698,20183
2005-02-01T23:00:00Z,6.735,6.82,6.72,6.75,18725,-69140,-50415,40985,-10753,30232,28881,-8698,20183,NaN,NaN,NaN,NaN,95173,18725,-69140,-50415,40985,-10753,30232,28881,-8698,20183
2005-02-02T23:00:00Z,6.75,6.78,6.59,6.677,18725,-69140,-50415,40985,-10753,30232,28881,-8698,20183,NaN,NaN,NaN,NaN,95173,18725,-69140,-50415,40985,-10753,30232,28881,-8698,20183
2005-02-03T23:00:00Z,6.675,6.71,6.605,6.635,18725,-69140,-50415,40985,-10753,30232,28881,-8698,20183,NaN,NaN,NaN,NaN,95173,18725,-69140,-50415,40985,-10753,30232,28881,-8698,20183
2005-02-06T23:00:00Z,6.63,6.7,6.54,6.555,18725,-69140,-50415,40985,-10753,30232,28881,-8698,20183,NaN,NaN,NaN,NaN,95173,18725,-69140,-50415,40985,-10753,30232,28881,-8698,20183
2005-02-07T23:00:00Z,6.56,6.6,6.49,6.557,19194,-66421,-47227,39463,-11700,27763,29623,-10159,19464,NaN,NaN,NaN,NaN,95344,19194,-66421,-47227,39463,-11700,27763,29623,-10159,19464
2005-02-08T23:00:00Z,6.555,6.61,6.495,6.59,19194,-66421,-47227,39463,-11700,27763,29623,-10159,19464,NaN,NaN,NaN,NaN,95344,19194,-66421,-47227,39463,-11700,27763,29623,-10159,19464
2005-02-09T23:00:00Z,6.6,6.98,6.57,6.965,19194,-66421,-47227,39463,-11700,27763,29623,-10159,19464,NaN,NaN,NaN,NaN,95344,19194,-66421,-47227,39463,-11700,27763,29623,-10159,19464
2005-02-10T23:00:00Z,6.96,7.24,6.945,7.21,19194,-66421,-47227,39463,-11700,27763,29623,-10159,19464,NaN,NaN,NaN,NaN,95344,19194,-66421,-47227,39463,-11700,27763,29623,-10159,19464
2005-02-13T23:00:00Z,7.195,7.35,7.195,7.34,19194,-66421,-47227,39463,-11700,27763,29623,-10159,19464,NaN,NaN,NaN,NaN,95344,19194,-66421,-47227,39463,-11700,27763,29623,-10159,19464
2005-02-14T23:00:00Z,7.34,7.405,7.21,7.36,17551,-71976,-54425,43664,-6690,36974,28189,-10738,17451,NaN,NaN,NaN,NaN,96899,17551,-71976,-54425,43664,-6690,36974,28189,-10738,17451
2005-02-15T23:00:00Z,7.335,7.36,7.115,7.255,17551,-71976,-54425,43664,-6690,36974,28189,-10738,17451,NaN,NaN,NaN,NaN,96899,17551,-71976,-54425,43664,-6690,36974,28189,-10738,17451
2005-02-16T23:00:00Z,7.27,7.43,7.175,7.37,17551,-71976,-54425,43664,-6690,36974,28189,-10738,17451,NaN,NaN,NaN,NaN,96899,17551,-71976,-54425,43664,-6690,36974,28189,-10738,17451
2005-02-17T23:00:00Z,7.35,7.455,7.32,7.417,17551,-71976,-54425,43664,-6690,36974,28189,-10738,17451,NaN,NaN,NaN,NaN,96899,17551,-71976,-54425,43664,-6690,36974,28189,-10738,17451
2005-02-21T23:00:00Z,7.39,7.57,7.365,7.52,16025,-76305,-60280,47471,-5157,42314,30062,-12096,17966,NaN,NaN,NaN,NaN,102103,16025,-76305,-60280,47471,-5157,42314,30062,-12096,17966
2005-02-22T23:00:00Z,7.53,7.56,7.275,7.443,16025,-76305,-60280,47471,-5157,42314,30062,-12096,17966,NaN,NaN,NaN,NaN,102103,16025,-76305,-60280,47471,-5157,42314,30062,-12096,17966
2005-02-23T23:00:00Z,7.43,7.495,7.285,7.383,16025,-76305,-60280,47471,-5157,42314,30062,-12096,17966,NaN,NaN,NaN,NaN,102103,16025,-76305,-60280,47471,-5157,42314,30062,-12096,17966
2005-02-24T23:00:00Z,7.42,7.42,7.23,7.337,16025,-76305,-60280,47471,-5157,42314,30062,-12096,17966,NaN,NaN,NaN,NaN,102103,16025,-76305,-60280,47471,-5157,42314,30062,-12096,17966
2005-02-27T23:00:00Z,7.365,7.495,7.32,7.395,16025,-76305,-60280,47471,-5157,42314,30062,-12096,17966,NaN,NaN,NaN,NaN,102103,16025,-76305,-60280,47471,-5157,42314,30062,-12096,17966
2005-02-28T23:00:00Z,7.39,7.39,7.21,7.265,14986,-77260,-62274,47371,-4887,42484,29149,-9359,19790,NaN,NaN,NaN,NaN,99341,14986,-77260,-62274,47371,-4887,42484,29149,-9359,19790
2005-03-01T23:00:00Z,7.27,7.38,7.1,7.343,14986,-77260,-62274,47371,-4887,42484,29149,-9359,19790,NaN,NaN,NaN,NaN,99341,14986,-77260,-62274,47371,-4887,42484,29149,-9359,19790
2005-03-02T23:00:00Z,7.335,7.38,7.24,7.265,14986,-77260,-62274,47371,-4887,42484,29149,-9359,19790,NaN,NaN,NaN,NaN,99341,14986,-77260,-62274,47371,-4887,42484,29149,-9359,19790
2005-03-03T23:00:00Z,7.26,7.435,7.19,7.385,14986,-77260,-62274,47371,-4887,42484,29149,-9359,19790,NaN,NaN,NaN,NaN,99341,14986,-77260,-62274,47371,-4887,42484,29149,-9359,19790
2005-03-06T23:00:00Z,7.385,7.465,7.34,7.395,14986,-77260,-62274,47371,-4887,42484,29149,-9359,19790,NaN,NaN,NaN,NaN,99341,14986,-77260,-62274,47371,-4887,42484,29149,-9359,19790
2005-03-07T23:00:00Z,7.4,7.61,7.395,7.538,13903,-80350,-66447,49415,-4676,44739,31024,-9316,21708,NaN,NaN,NaN,NaN,101960,13903,-80350,-66447,49415,-4676,44739,31024,-9316,21708
2005-03-08T23:00:00Z,7.54,7.68,7.46,7.64,13903,-80350,-66447,49415,-4676,44739,31024,-9316,21708,NaN,NaN,NaN,NaN,101960,13903,-80350,-66447,49415,-4676,44739,31024,-9316,21708
2005-03-09T23:00:00Z,7.645,7.67,7.495,7.527,13903,-80350,-66447,49415,-4676,44739,31024,-9316,21708,NaN,NaN,NaN,NaN,101960,13903,-80350,-66447,49415,-4676,44739,31024,-9316,21708
2005-03-10T23:00:00Z,7.54,7.62,7.43,7.57,13903,-80350,-66447,49415,-4676,44739,31024,-9316,21708,NaN,NaN,NaN,NaN,101960,13903,-80350,-66447,49415,-4676,44739,31024,-9316,21708
2005-03-13T23:00:00Z,7.55,7.565,7.375,7.41,13903,-80350,-66447,49415,-4676,44739,31024,-9316,21708,NaN,NaN,NaN,NaN,101960,13903,-80350,-66447,49415,-4676,44739,31024,-9316,21708
2005-03-14T23:00:00Z,7.41,7.53,7.3,7.407,15054,-80962,-65908,47955,-3510,44445,31228,-9765,21463,NaN,NaN,NaN,NaN,102305,15054,-80962,-65908,47955,-3510,44445,31228,-9765,21463
2005-03-15T23:00:00Z,7.4,7.485,7.39,7.452,15054,-80962,-65908,47955,-3510,44445,31228,-9765,21463,NaN,NaN,NaN,NaN,102305,15054,-80962,-65908,47955,-3510,44445,31228,-9765,21463
2005-03-16T23:00:00Z,7.452,7.495,7.34,7.407,15054,-80962,-65908,47955,-3510,44445,31228,-9765,21463,NaN,NaN,NaN,NaN,102305,15054,-80962,-65908,47955,-3510,44445,31228,-9765,21463
2005-03-17T23:00:00Z,7.42,7.42,7.285,7.397,15054,-80962,-65908,47955,-3510,44445,31228,-9765,21463,NaN,NaN,NaN,NaN,102305,15054,-80962,-65908,47955,-3510,44445,31228,-9765,21463
2005-03-20T23:00:00Z,7.385,7.39,7.065,7.112,15054,-80962,-65908,47955,-3510,44445,31228,-9765,21463,NaN,NaN,NaN,NaN,102305,15054,-80962,-65908,47955,-3510,44445,31228,-9765,21463
2005-03-21T23:00:00Z,7.12,7.165,7.05,7.078,17765,-79887,-62122,45798,-6246,39552,31132,-8562,22570,NaN,NaN,NaN,NaN,103328,17765,-79887,-62122,45798,-6246,39552,31132,-8562,22570
2005-03-22T23:00:00Z,7.085,7.1,6.91,6.985,17765,-79887,-62122,45798,-6246,39552,31132,-8562,22570,NaN,NaN,NaN,NaN,103328,17765,-79887,-62122,45798,-6246,39552,31132,-8562,22570
2005-03-23T23:00:00Z,6.975,7.02,6.915,6.938,17765,-79887,-62122,45798,-6246,39552,31132,-8562,22570,NaN,NaN,NaN,NaN,103328,17765,-79887,-62122,45798,-6246,39552,31132,-8562,22570
2005-03-27T23:00:00Z,6.945,6.965,6.83,6.91,17765,-79887,-62122,45798,-6246,39552,31132,-8562,22570,NaN,NaN,NaN,NaN,103328,17765,-79887,-62122,45798,-6246,39552,31132,-8562,22570
2005-03-28T23:00:00Z,6.915,7.02,6.9,6.982,19560,-74972,-55412,37645,-4674,32971,30790,-8349,22441,NaN,NaN,NaN,NaN,96568,19560,-74972,-55412,37645,-4674,32971,30790,-8349,22441
2005-03-29T23:00:00Z,6.985,7.17,6.97,7.147,19560,-74972,-55412,37645,-4674,32971,30790,-8349,22441,NaN,NaN,NaN,NaN,96568,19560,-74972,-55412,37645,-4674,32971,30790,-8349,22441
2005-03-30T23:00:00Z,7.145,7.225,7.11,7.18,19560,-74972,-55412,37645,-4674,32971,30790,-8349,22441,NaN,NaN,NaN,NaN,96568,19560,-74972,-55412,37645,-4674,32971,30790,-8349,22441
2005-03-31T23:00:00Z,7.185,7.19,6.955,7,19560,-74972,-55412,37645,-4674,32971,30790,-8349,22441,NaN,NaN,NaN,NaN,96568,19560,-74972,-55412,37645,-4674,32971,30790,-8349,22441
2005-04-03T22:00:00Z,7.02,7.045,6.92,7.024,19560,-74972,-55412,37645,-4674,32971,30790,-8349,22441,NaN,NaN,NaN,NaN,96568,19560,-74972,-55412,37645,-4674,32971,30790,-8349,22441
2005-04-04T22:00:00Z,7.035,7.095,6.96,7.043,22778,-78411,-55633,39261,-4663,34598,29571,-8536,21035,NaN,NaN,NaN,NaN,98663,22778,-78411,-55633,39261,-4663,34598,29571,-8536,21035
2005-04-05T22:00:00Z,7.04,7.155,7.03,7.12,22778,-78411,-55633,39261,-4663,34598,29571,-8536,21035,NaN,NaN,NaN,NaN,98663,22778,-78411,-55633,39261,-4663,34598,29571,-8536,21035
2005-04-06T22:00:00Z,7.12,7.175,7.06,7.075,22778,-78411,-55633,39261,-4663,34598,29571,-8536,21035,NaN,NaN,NaN,NaN,98663,22778,-78411,-55633,39261,-4663,34598,29571,-8536,21035
2005-04-07T22:00:00Z,7.07,7.17,7.015,7.165,22778,-78411,-55633,39261,-4663,34598,29571,-8536,21035,NaN,NaN,NaN,NaN,98663,22778,-78411,-55633,39261,-4663,34598,29571,-8536,21035
2005-04-10T22:00:00Z,7.16,7.3,7.135,7.255,22778,-78411,-55633,39261,-4663,34598,29571,-8536,21035,NaN,NaN,NaN,NaN,98663,22778,-78411,-55633,39261,-4663,34598,29571,-8536,21035
2005-04-11T22:00:00Z,7.255,7.31,7.1,7.155,22874,-80126,-57252,40952,-4268,36684,31071,-10503,20568,NaN,NaN,NaN,NaN,102168,22874,-80126,-57252,40952,-4268,36684,31071,-10503,20568
2005-04-12T22:00:00Z,7.15,7.27,7.07,7.225,22874,-80126,-57252,40952,-4268,36684,31071,-10503,20568,NaN,NaN,NaN,NaN,102168,22874,-80126,-57252,40952,-4268,36684,31071,-10503,20568
2005-04-13T22:00:00Z,7.22,7.23,7.01,7.06,22874,-80126,-57252,40952,-4268,36684,31071,-10503,20568,NaN,NaN,NaN,NaN,102168,22874,-80126,-57252,40952,-4268,36684,31071,-10503,20568
2005-04-14T22:00:00Z,7.04,7.095,6.98,7.022,22874,-80126,-57252,40952,-4268,36684,31071,-10503,20568,NaN,NaN,NaN,NaN,102168,22874,-80126,-57252,40952,-4268,36684,31071,-10503,20568
2005-04-17T22:00:00Z,7.01,7.09,6.95,7.045,22874,-80126,-57252,40952,-4268,36684,31071,-10503,20568,NaN,NaN,NaN,NaN,102168,22874,-80126,-57252,40952,-4268,36684,31071,-10503,20568
2005-04-18T22:00:00Z,7.045,7.265,7.01,7.25,25083,-83367,-58284,40909,-3273,37636,30704,-10056,20648,NaN,NaN,NaN,NaN,104305,25083,-83367,-58284,40909,-3273,37636,30704,-10056,20648
2005-04-19T22:00:00Z,7.23,7.36,7.2,7.337,25083,-83367,-58284,40909,-3273,37636,30704,-10056,20648,NaN,NaN,NaN,NaN,104305,25083,-83367,-58284,40909,-3273,37636,30704,-10056,20648
2005-04-20T22:00:00Z,7.335,7.345,7.19,7.217,25083,-83367,-58284,40909,-3273,37636,30704,-10056,20648,NaN,NaN,NaN,NaN,104305,25083,-83367,-58284,40909,-3273,37636,30704,-10056,20648
2005-04-21T22:00:00Z,7.215,7.335,7.21,7.275,25083,-83367,-58284,40909,-3273,37636,30704,-10056,20648,NaN,NaN,NaN,NaN,104305,25083,-83367,-58284,40909,-3273,37636,30704,-10056,20648
2005-04-24T22:00:00Z,7.275,7.3,7.205,7.26,25083,-83367,-58284,40909,-3273,37636,30704,-10056,20648,NaN,NaN,NaN,NaN,104305,25083,-83367,-58284,40909,-3273,37636,30704,-10056,20648
2005-04-25T22:00:00Z,7.25,7.32,7.21,7.255,23703,-86601,-62898,44601,-4236,40365,34025,-11492,22533,NaN,NaN,NaN,NaN,111987,23703,-86601,-62898,44601,-4236,40365,34025,-11492,22533
2005-04-26T22:00:00Z,7.25,7.26,7.085,7.135,23703,-86601,-62898,44601,-4236,40365,34025,-11492,22533,NaN,NaN,NaN,NaN,111987,23703,-86601,-62898,44601,-4236,40365,34025,-11492,22533
2005-04-27T22:00:00Z,7.19,7.195,6.91,6.948,23703,-86601,-62898,44601,-4236,40365,34025,-11492,22533,NaN,NaN,NaN,NaN,111987,23703,-86601,-62898,44601,-4236,40365,34025,-11492,22533
2005-04-28T22:00:00Z,6.965,7.06,6.9,6.94,23703,-86601,-62898,44601,-4236,40365,34025,-11492,22533,NaN,NaN,NaN,NaN,111987,23703,-86601,-62898,44601,-4236,40365,34025,-11492,22533
2005-05-01T22:00:00Z,6.97,6.995,6.81,6.875,23703,-86601,-62898,44601,-4236,40365,34025,-11492,22533,NaN,NaN,NaN,NaN,111987,23703,-86601,-62898,44601,-4236,40365,34025,-11492,22533
2005-05-02T22:00:00Z,6.875,6.915,6.82,6.883,29004,-71697,-42693,37887,-18029,19858,30460,-7625,22835,NaN,NaN,NaN,NaN,105261,29004,-71697,-42693,37887,-18029,19858,30460,-7625,22835
2005-05-03T22:00:00Z,6.88,7.05,6.865,7.013,29004,-71697,-42693,37887,-18029,19858,30460,-7625,22835,NaN,NaN,NaN,NaN,105261,29004,-71697,-42693,37887,-18029,19858,30460,-7625,22835
2005-05-04T22:00:00Z,7.03,7.1,6.985,7.063,29004,-71697,-42693,37887,-18029,19858,30460,-7625,22835,NaN,NaN,NaN,NaN,105261,29004,-71697,-42693,37887,-18029,19858,30460,-7625,22835
2005-05-05T22:00:00Z,7.06,7.09,6.9,6.965,29004,-71697,-42693,37887,-18029,19858,30460,-7625,22835,NaN,NaN,NaN,NaN,105261,29004,-71697,-42693,37887,-18029,19858,30460,-7625,22835
2005-05-08T22:00:00Z,6.95,7.12,6.945,7.08,29004,-71697,-42693,37887,-18029,19858,30460,-7625,22835,NaN,NaN,NaN,NaN,105261,29004,-71697,-42693,37887,-18029,19858,30460,-7625,22835
2005-05-09T22:00:00Z,7.08,7.175,7.04,7.115,27294,-70479,-43185,37632,-15121,22511,30503,-9829,20674,NaN,NaN,NaN,NaN,104114,27294,-70479,-43185,37632,-15121,22511,30503,-9829,20674
2005-05-10T22:00:00Z,7.115,7.135,7.005,7.095,27294,-70479,-43185,37632,-15121,22511,30503,-9829,20674,NaN,NaN,NaN,NaN,104114,27294,-70479,-43185,37632,-15121,22511,30503,-9829,20674
2005-05-11T22:00:00Z,7.085,7.09,6.93,6.965,27294,-70479,-43185,37632,-15121,22511,30503,-9829,20674,NaN,NaN,NaN,NaN,104114,27294,-70479,-43185,37632,-15121,22511,30503,-9829,20674
2005-05-12T22:00:00Z,6.965,6.98,6.88,6.94,27294,-70479,-43185,37632,-15121,22511,30503,-9829,20674,NaN,NaN,NaN,NaN,104114,27294,-70479,-43185,37632,-15121,22511,30503,-9829,20674
2005-05-15T22:00:00Z,6.95,6.99,6.895,6.958,27294,-70479,-43185,37632,-15121,22511,30503,-9829,20674,NaN,NaN,NaN,NaN,104114,27294,-70479,-43185,37632,-15121,22511,30503,-9829,20674
2005-05-16T22:00:00Z,6.965,7.085,6.95,7.045,26752,-70520,-43768,38777,-14087,24690,28797,-9719,19078,NaN,NaN,NaN,NaN,102869,26752,-70520,-43768,38777,-14087,24690,28797,-9719,19078
2005-05-17T22:00:00Z,7.04,7.235,7.03,7.205,26752,-70520,-43768,38777,-14087,24690,28797,-9719,19078,NaN,NaN,NaN,NaN,102869,26752,-70520,-43768,38777,-14087,24690,28797,-9719,19078
2005-05-18T22:00:00Z,7.205,7.245,7.11,7.14,26752,-70520,-43768,38777,-14087,24690,28797,-9719,19078,NaN,NaN,NaN,NaN,102869,26752,-70520,-43768,38777,-14087,24690,28797,-9719,19078
2005-05-19T22:00:00Z,7.135,7.16,6.945,6.955,26752,-70520,-43768,38777,-14087,24690,28797,-9719,19078,NaN,NaN,NaN,NaN,102869,26752,-70520,-43768,38777,-14087,24690,28797,-9719,19078
2005-05-22T22:00:00Z,6.965,7.035,6.95,6.97,26752,-70520,-43768,38777,-14087,24690,28797,-9719,19078,NaN,NaN,NaN,NaN,102869,26752,-70520,-43768,38777,-14087,24690,28797,-9719,19078
2005-05-23T22:00:00Z,6.97,7.115,6.96,7.003,28656,-72860,-44204,38526,-13572,24954,29378,-10128,19250,NaN,NaN,NaN,NaN,105219,28656,-72860,-44204,38526,-13572,24954,29378,-10128,19250
2005-05-24T22:00:00Z,7.01,7.155,7,7.138,28656,-72860,-44204,38526,-13572,24954,29378,-10128,19250,NaN,NaN,NaN,NaN,105219,28656,-72860,-44204,38526,-13572,24954,29378,-10128,19250
2005-05-25T22:00:00Z,7.14,7.24,7.045,7.162,28656,-72860,-44204,38526,-13572,24954,29378,-10128,19250,NaN,NaN,NaN,NaN,105219,28656,-72860,-44204,38526,-13572,24954,29378,-10128,19250
2005-05-26T22:00:00Z,7.165,7.315,7.12,7.31,28656,-72860,-44204,38526,-13572,24954,29378,-10128,19250,NaN,NaN,NaN,NaN,105219,28656,-72860,-44204,38526,-13572,24954,29378,-10128,19250
2005-05-30T22:00:00Z,7.24,7.5,7.14,7.452,22521,-85737,-63216,52757,-9956,42801,29569,-9154,20415,NaN,NaN,NaN,NaN,113358,22521,-85737,-63216,52757,-9956,42801,29569,-9154,20415
2005-05-31T22:00:00Z,7.425,7.61,7.39,7.52,22521,-85737,-63216,52757,-9956,42801,29569,-9154,20415,NaN,NaN,NaN,NaN,113358,22521,-85737,-63216,52757,-9956,42801,29569,-9154,20415
2005-06-01T22:00:00Z,7.5,7.63,7.47,7.545,22521,-85737,-63216,52757,-9956,42801,29569,-9154,20415,NaN,NaN,NaN,NaN,113358,22521,-85737,-63216,52757,-9956,42801,29569,-9154,20415
2005-06-02T22:00:00Z,7.545,7.615,7.49,7.51,22521,-85737,-63216,52757,-9956,42801,29569,-9154,20415,NaN,NaN,NaN,NaN,113358,22521,-85737,-63216,52757,-9956,42801,29569,-9154,20415
2005-06-05T22:00:00Z,7.48,7.62,7.465,7.54,22521,-85737,-63216,52757,-9956,42801,29569,-9154,20415,NaN,NaN,NaN,NaN,113358,22521,-85737,-63216,52757,-9956,42801,29569,-9154,20415
2005-06-06T22:00:00Z,7.54,7.565,7.42,7.445,17790,-94662,-76872,64948,-7479,57469,30479,-11076,19403,NaN,NaN,NaN,NaN,121857,17790,-94662,-76872,64948,-7479,57469,30479,-11076,19403
2005-06-07T22:00:00Z,7.455,7.53,7.41,7.475,17790,-94662,-76872,64948,-7479,57469,30479,-11076,19403,NaN,NaN,NaN,NaN,121857,17790,-94662,-76872,64948,-7479,57469,30479,-11076,19403
2005-06-08T22:00:00Z,7.43,7.45,7.21,7.27,17790,-94662,-76872,64948,-7479,57469,30479,-11076,19403,NaN,NaN,NaN,NaN,121857,17790,-94662,-76872,64948,-7479,57469,30479,-11076,19403
2005-06-09T22:00:00Z,7.27,7.31,7.155,7.288,17790,-94662,-76872,64948,-7479,57469,30479,-11076,19403,NaN,NaN,NaN,NaN,121857,17790,-94662,-76872,64948,-7479,57469,30479,-11076,19403
2005-06-12T22:00:00Z,7.295,7.33,7.195,7.265,17790,-94662,-76872,64948,-7479,57469,30479,-11076,19403,NaN,NaN,NaN,NaN,121857,17790,-94662,-76872,64948,-7479,57469,30479,-11076,19403
2005-06-13T22:00:00Z,7.27,7.315,7.24,7.28,24633,-98583,-73950,59725,-5778,53947,30271,-10268,20003,NaN,NaN,NaN,NaN,128442,24633,-98583,-73950,59725,-5778,53947,30271,-10268,20003
2005-06-14T22:00:00Z,7.28,7.4,7.27,7.33,24633,-98583,-73950,59725,-5778,53947,30271,-10268,20003,NaN,NaN,NaN,NaN,128442,24633,-98583,-73950,59725,-5778,53947,30271,-10268,20003
2005-06-15T22:00:00Z,7.33,7.445,7.32,7.37,24633,-98583,-73950,59725,-5778,53947,30271,-10268,20003,NaN,NaN,NaN,NaN,128442,24633,-98583,-73950,59725,-5778,53947,30271,-10268,20003
2005-06-16T22:00:00Z,7.37,7.44,7.32,7.335,24633,-98583,-73950,59725,-5778,53947,30271,-10268,20003,NaN,NaN,NaN,NaN,128442,24633,-98583,-73950,59725,-5778,53947,30271,-10268,20003
2005-06-19T22:00:00Z,7.335,7.48,7.265,7.302,24633,-98583,-73950,59725,-5778,53947,30271,-10268,20003,NaN,NaN,NaN,NaN,128442,24633,-98583,-73950,59725,-5778,53947,30271,-10268,20003
2005-06-20T22:00:00Z,7.3,7.31,7.17,7.292,25676,-98147,-72471,57072,-5781,51291,32300,-11120,21180,NaN,NaN,NaN,NaN,130474,25676,-98147,-72471,57072,-5781,51291,32300,-11120,21180
2005-06-21T22:00:00Z,7.295,7.32,7.195,7.258,25676,-98147,-72471,57072,-5781,51291,32300,-11120,21180,NaN,NaN,NaN,NaN,130474,25676,-98147,-72471,57072,-5781,51291,32300,-11120,21180
2005-06-22T22:00:00Z,7.26,7.32,7.19,7.273,25676,-98147,-72471,57072,-5781,51291,32300,-11120,21180,NaN,NaN,NaN,NaN,130474,25676,-98147,-72471,57072,-5781,51291,32300,-11120,21180
2005-06-23T22:00:00Z,7.275,7.34,7.23,7.28,25676,-98147,-72471,57072,-5781,51291,32300,-11120,21180,NaN,NaN,NaN,NaN,130474,25676,-98147,-72471,57072,-5781,51291,32300,-11120,21180
2005-06-26T22:00:00Z,7.28,7.3,7.215,7.242,25676,-98147,-72471,57072,-5781,51291,32300,-11120,21180,NaN,NaN,NaN,NaN,130474,25676,-98147,-72471,57072,-5781,51291,32300,-11120,21180
2005-06-27T22:00:00Z,7.23,7.24,7.09,7.096,27220,-95868,-68648,52982,-6335,46647,33789,-11788,22001,NaN,NaN,NaN,NaN,124362,27220,-95868,-68648,52982,-6335,46647,33789,-11788,22001
2005-06-28T22:00:00Z,7.135,7.15,7.06,7.105,27220,-95868,-68648,52982,-6335,46647,33789,-11788,22001,NaN,NaN,NaN,NaN,124362,27220,-95868,-68648,52982,-6335,46647,33789,-11788,22001
2005-06-29T22:00:00Z,7.115,7.2,7.035,7.075,27220,-95868,-68648,52982,-6335,46647,33789,-11788,22001,NaN,NaN,NaN,NaN,124362,27220,-95868,-68648,52982,-6335,46647,33789,-11788,22001
2005-06-30T22:00:00Z,7.095,7.095,6.85,6.895,27220,-95868,-68648,52982,-6335,46647,33789,-11788,22001,NaN,NaN,NaN,NaN,124362,27220,-95868,-68648,52982,-6335,46647,33789,-11788,22001
2005-07-04T22:00:00Z,6.93,6.95,6.86,6.87,35021,-81531,-46510,42886,-18329,24557,34448,-12495,21953,NaN,NaN,NaN,NaN,122624,35021,-81531,-46510,42886,-18329,24557,34448,-12495,21953
2005-07-05T22:00:00Z,6.91,6.995,6.9,6.955,35021,-81531,-46510,42886,-18329,24557,34448,-12495,21953,NaN,NaN,NaN,NaN,122624,35021,-81531,-46510,42886,-18329,24557,34448,-12495,21953
2005-07-06T22:00:00Z,6.97,7.09,6.96,6.985,35021,-81531,-46510,42886,-18329,24557,34448,-12495,21953,NaN,NaN,NaN,NaN,122624,35021,-81531,-46510,42886,-18329,24557,34448,-12495,21953
2005-07-07T22:00:00Z,7,7.07,6.94,7.03,35021,-81531,-46510,42886,-18329,24557,34448,-12495,21953,NaN,NaN,NaN,NaN,122624,35021,-81531,-46510,42886,-18329,24557,34448,-12495,21953
2005-07-10T22:00:00Z,7.055,7.13,7.05,7.105,35021,-81531,-46510,42886,-18329,24557,34448,-12495,21953,NaN,NaN,NaN,NaN,122624,35021,-81531,-46510,42886,-18329,24557,34448,-12495,21953
2005-07-11T22:00:00Z,7.105,7.18,7.04,7.085,37284,-80816,-43532,41751,-18891,22860,33465,-12793,20672,NaN,NaN,NaN,NaN,123279,37284,-80816,-43532,41751,-18891,22860,33465,-12793,20672
2005-07-12T22:00:00Z,7.08,7.125,7.05,7.07,37284,-80816,-43532,41751,-18891,22860,33465,-12793,20672,NaN,NaN,NaN,NaN,123279,37284,-80816,-43532,41751,-18891,22860,33465,-12793,20672
2005-07-13T22:00:00Z,7.06,7.12,6.955,6.995,37284,-80816,-43532,41751,-18891,22860,33465,-12793,20672,NaN,NaN,NaN,NaN,123279,37284,-80816,-43532,41751,-18891,22860,33465,-12793,20672
2005-07-14T22:00:00Z,6.995,7.055,6.965,6.99,37284,-80816,-43532,41751,-18891,22860,33465,-12793,20672,NaN,NaN,NaN,NaN,123279,37284,-80816,-43532,41751,-18891,22860,33465,-12793,20672
2005-07-17T22:00:00Z,7,7.055,6.985,7.005,37284,-80816,-43532,41751,-18891,22860,33465,-12793,20672,NaN,NaN,NaN,NaN,123279,37284,-80816,-43532,41751,-18891,22860,33465,-12793,20672
2005-07-18T22:00:00Z,7.005,7.05,6.95,6.985,38382,-80908,-42526,43198,-21296,21902,33450,-12826,20624,NaN,NaN,NaN,NaN,128213,38382,-80908,-42526,43198,-21296,21902,33450,-12826,20624
2005-07-19T22:00:00Z,6.985,7.11,6.975,7.068,38382,-80908,-42526,43198,-21296,21902,33450,-12826,20624,NaN,NaN,NaN,NaN,128213,38382,-80908,-42526,43198,-21296,21902,33450,-12826,20624
2005-07-20T22:00:00Z,7.075,7.215,7.075,7.135,38382,-80908,-42526,43198,-21296,21902,33450,-12826,20624,NaN,NaN,NaN,NaN,128213,38382,-80908,-42526,43198,-21296,21902,33450,-12826,20624
2005-07-21T22:00:00Z,7.14,7.185,7.09,7.115,38382,-80908,-42526,43198,-21296,21902,33450,-12826,20624,NaN,NaN,NaN,NaN,128213,38382,-80908,-42526,43198,-21296,21902,33450,-12826,20624
2005-07-24T22:00:00Z,7.105,7.155,7.095,7.14,38382,-80908,-42526,43198,-21296,21902,33450,-12826,20624,NaN,NaN,NaN,NaN,128213,38382,-80908,-42526,43198,-21296,21902,33450,-12826,20624
2005-07-25T22:00:00Z,7.14,7.145,7.01,7.018,36453,-78904,-42451,41302,-19384,21918,32464,-11931,20533,NaN,NaN,NaN,NaN,123485,36453,-78904,-42451,41302,-19384,21918,32464,-11931,20533
2005-07-26T22:00:00Z,7.02,7.075,6.965,7.04,36453,-78904,-42451,41302,-19384,21918,32464,-11931,20533,NaN,NaN,NaN,NaN,123485,36453,-78904,-42451,41302,-19384,21918,32464,-11931,20533
2005-07-27T22:00:00Z,7.055,7.23,7.05,7.2,36453,-78904,-42451,41302,-19384,21918,32464,-11931,20533,NaN,NaN,NaN,NaN,123485,36453,-78904,-42451,41302,-19384,21918,32464,-11931,20533
2005-07-28T22:00:00Z,7.19,7.27,7.15,7.262,36453,-78904,-42451,41302,-19384,21918,32464,-11931,20533,NaN,NaN,NaN,NaN,123485,36453,-78904,-42451,41302,-19384,21918,32464,-11931,20533
2005-07-31T22:00:00Z,7.25,7.33,7.245,7.305,36453,-78904,-42451,41302,-19384,21918,32464,-11931,20533,NaN,NaN,NaN,NaN,123485,36453,-78904,-42451,41302,-19384,21918,32464,-11931,20533
2005-08-01T22:00:00Z,7.3,7.32,7.245,7.262,32724,-87071,-54347,43043,-9640,33403,32463,-11519,20944,NaN,NaN,NaN,NaN,122020,32724,-87071,-54347,43043,-9640,33403,32463,-11519,20944
2005-08-02T22:00:00Z,7.27,7.33,7.235,7.307,32724,-87071,-54347,43043,-9640,33403,32463,-11519,20944,NaN,NaN,NaN,NaN,122020,32724,-87071,-54347,43043,-9640,33403,32463,-11519,20944
2005-08-03T22:00:00Z,7.295,7.315,7.18,7.252,32724,-87071,-54347,43043,-9640,33403,32463,-11519,20944,NaN,NaN,NaN,NaN,122020,32724,-87071,-54347,43043,-9640,33403,32463,-11519,20944
2005-08-04T22:00:00Z,7.25,7.265,7.14,7.158,32724,-87071,-54347,43043,-9640,33403,32463,-11519,20944,NaN,NaN,NaN,NaN,122020,32724,-87071,-54347,43043,-9640,33403,32463,-11519,20944
2005-08-07T22:00:00Z,7.145,7.175,6.98,7.015,32724,-87071,-54347,43043,-9640,33403,32463,-11519,20944,NaN,NaN,NaN,NaN,122020,32724,-87071,-54347,43043,-9640,33403,32463,-11519,20944
2005-08-08T22:00:00Z,7.02,7.05,6.96,7.035,35010,-85551,-50541,41925,-12687,29238,32216,-10913,21303,NaN,NaN,NaN,NaN,123818,35010,-85551,-50541,41925,-12687,29238,32216,-10913,21303
2005-08-09T22:00:00Z,7.035,7.105,7.035,7.078,35010,-85551,-50541,41925,-12687,29238,32216,-10913,21303,NaN,NaN,NaN,NaN,123818,35010,-85551,-50541,41925,-12687,29238,32216,-10913,21303
2005-08-10T22:00:00Z,7.085,7.22,7.085,7.183,35010,-85551,-50541,41925,-12687,29238,32216,-10913,21303,NaN,NaN,NaN,NaN,123818,35010,-85551,-50541,41925,-12687,29238,32216,-10913,21303
2005-08-11T22:00:00Z,7.19,7.255,7.065,7.09,35010,-85551,-50541,41925,-12687,29238,32216,-10913,21303,NaN,NaN,NaN,NaN,123818,35010,-85551,-50541,41925,-12687,29238,32216,-10913,21303
2005-08-14T22:00:00Z,7.095,7.125,6.925,6.965,35010,-85551,-50541,41925,-12687,29238,32216,-10913,21303,NaN,NaN,NaN,NaN,123818,35010,-85551,-50541,41925,-12687,29238,32216,-10913,21303
2005-08-15T22:00:00Z,6.97,7.055,6.95,7.043,34168,-81025,-46857,40199,-15861,24338,33628,-11109,22519,NaN,NaN,NaN,NaN,121306,34168,-81025,-46857,40199,-15861,24338,33628,-11109,22519
2005-08-16T22:00:00Z,7.04,7.055,6.95,6.993,34168,-81025,-46857,40199,-15861,24338,33628,-11109,22519,NaN,NaN,NaN,NaN,121306,34168,-81025,-46857,40199,-15861,24338,33628,-11109,22519
2005-08-17T22:00:00Z,6.995,7.035,6.955,6.998,34168,-81025,-46857,40199,-15861,24338,33628,-11109,22519,NaN,NaN,NaN,NaN,121306,34168,-81025,-46857,40199,-15861,24338,33628,-11109,22519
2005-08-18T22:00:00Z,7.005,7.03,6.955,7.008,34168,-81025,-46857,40199,-15861,24338,33628,-11109,22519,NaN,NaN,NaN,NaN,121306,34168,-81025,-46857,40199,-15861,24338,33628,-11109,22519
2005-08-21T22:00:00Z,7,7.1,6.975,7.06,34168,-81025,-46857,40199,-15861,24338,33628,-11109,22519,NaN,NaN,NaN,NaN,121306,34168,-81025,-46857,40199,-15861,24338,33628,-11109,22519
2005-08-22T22:00:00Z,7.06,7.095,6.945,6.968,29796,-76470,-46674,40167,-15490,24677,34317,-12320,21997,NaN,NaN,NaN,NaN,116131,29796,-76470,-46674,40167,-15490,24677,34317,-12320,21997
2005-08-23T22:00:00Z,6.975,7.02,6.88,6.922,29796,-76470,-46674,40167,-15490,24677,34317,-12320,21997,NaN,NaN,NaN,NaN,116131,29796,-76470,-46674,40167,-15490,24677,34317,-12320,21997
2005-08-24T22:00:00Z,6.93,6.965,6.79,6.832,29796,-76470,-46674,40167,-15490,24677,34317,-12320,21997,NaN,NaN,NaN,NaN,116131,29796,-76470,-46674,40167,-15490,24677,34317,-12320,21997
2005-08-25T22:00:00Z,6.835,6.865,6.72,6.742,29796,-76470,-46674,40167,-15490,24677,34317,-12320,21997,NaN,NaN,NaN,NaN,116131,29796,-76470,-46674,40167,-15490,24677,34317,-12320,21997
2005-08-28T22:00:00Z,6.755,6.81,6.725,6.73,29796,-76470,-46674,40167,-15490,24677,34317,-12320,21997,NaN,NaN,NaN,NaN,116131,29796,-76470,-46674,40167,-15490,24677,34317,-12320,21997
2005-08-29T22:00:00Z,6.8,6.825,6.705,6.765,35083,-67188,-32105,43817,-32167,11650,33451,-12996,20455,NaN,NaN,NaN,NaN,120303,35083,-67188,-32105,43817,-32167,11650,33451,-12996,20455
2005-08-30T22:00:00Z,6.78,6.865,6.76,6.855,35083,-67188,-32105,43817,-32167,11650,33451,-12996,20455,NaN,NaN,NaN,NaN,120303,35083,-67188,-32105,43817,-32167,11650,33451,-12996,20455
2005-08-31T22:00:00Z,6.855,7.07,6.855,7.038,35083,-67188,-32105,43817,-32167,11650,33451,-12996,20455,NaN,NaN,NaN,NaN,120303,35083,-67188,-32105,43817,-32167,11650,33451,-12996,20455
2005-09-01T22:00:00Z,7.04,7.125,7.005,7.055,35083,-67188,-32105,43817,-32167,11650,33451,-12996,20455,NaN,NaN,NaN,NaN,120303,35083,-67188,-32105,43817,-32167,11650,33451,-12996,20455
2005-09-05T22:00:00Z,7.1,7.14,7.04,7.098,33429,-68541,-35112,39225,-24659,14566,31552,-11006,20546,NaN,NaN,NaN,NaN,112175,33429,-68541,-35112,39225,-24659,14566,31552,-11006,20546
2005-09-06T22:00:00Z,7.1,7.155,7.075,7.118,33429,-68541,-35112,39225,-24659,14566,31552,-11006,20546,NaN,NaN,NaN,NaN,112175,33429,-68541,-35112,39225,-24659,14566,31552,-11006,20546
2005-09-07T22:00:00Z,7.11,7.17,7.01,7.028,33429,-68541,-35112,39225,-24659,14566,31552,-11006,20546,NaN,NaN,NaN,NaN,112175,33429,-68541,-35112,39225,-24659,14566,31552,-11006,20546
2005-09-08T22:00:00Z,7.025,7.095,7,7.065,33429,-68541,-35112,39225,-24659,14566,31552,-11006,20546,NaN,NaN,NaN,NaN,112175,33429,-68541,-35112,39225,-24659,14566,31552,-11006,20546
2005-09-11T22:00:00Z,7.075,7.14,7.01,7.06,33429,-68541,-35112,39225,-24659,14566,31552,-11006,20546,NaN,NaN,NaN,NaN,112175,33429,-68541,-35112,39225,-24659,14566,31552,-11006,20546
2005-09-12T22:00:00Z,7.055,7.085,6.91,7.005,34098,-69382,-35284,42004,-26495,15509,31141,-11366,19775,NaN,NaN,NaN,NaN,115435,34098,-69382,-35284,42004,-26495,15509,31141,-11366,19775
2005-09-13T22:00:00Z,7.01,7.07,6.995,7.045,34098,-69382,-35284,42004,-26495,15509,31141,-11366,19775,NaN,NaN,NaN,NaN,115435,34098,-69382,-35284,42004,-26495,15509,31141,-11366,19775
2005-09-14T22:00:00Z,7.045,7.14,6.985,7.078,34098,-69382,-35284,42004,-26495,15509,31141,-11366,19775,NaN,NaN,NaN,NaN,115435,34098,-69382,-35284,42004,-26495,15509,31141,-11366,19775
2005-09-15T22:00:00Z,7.08,7.32,7.07,7.288,34098,-69382,-35284,42004,-26495,15509,31141,-11366,19775,NaN,NaN,NaN,NaN,115435,34098,-69382,-35284,42004,-26495,15509,31141,-11366,19775
2005-09-18T22:00:00Z,7.29,7.5,7.265,7.398,34098,-69382,-35284,42004,-26495,15509,31141,-11366,19775,NaN,NaN,NaN,NaN,115435,34098,-69382,-35284,42004,-26495,15509,31141,-11366,19775
2005-09-19T22:00:00Z,7.4,7.465,7.33,7.375,27885,-81784,-53899,49008,-15548,33460,32465,-12026,20439,NaN,NaN,NaN,NaN,117718,27885,-81784,-53899,49008,-15548,33460,32465,-12026,20439
2005-09-20T22:00:00Z,7.375,7.45,7.32,7.415,27885,-81784,-53899,49008,-15548,33460,32465,-12026,20439,NaN,NaN,NaN,NaN,117718,27885,-81784,-53899,49008,-15548,33460,32465,-12026,20439
2005-09-21T22:00:00Z,7.4,7.525,7.355,7.415,27885,-81784,-53899,49008,-15548,33460,32465,-12026,20439,NaN,NaN,NaN,NaN,117718,27885,-81784,-53899,49008,-15548,33460,32465,-12026,20439
2005-09-22T22:00:00Z,7.41,7.425,7.28,7.335,27885,-81784,-53899,49008,-15548,33460,32465,-12026,20439,NaN,NaN,NaN,NaN,117718,27885,-81784,-53899,49008,-15548,33460,32465,-12026,20439
2005-09-25T22:00:00Z,7.33,7.415,7.235,7.365,27885,-81784,-53899,49008,-15548,33460,32465,-12026,20439,NaN,NaN,NaN,NaN,117718,27885,-81784,-53899,49008,-15548,33460,32465,-12026,20439
2005-09-26T22:00:00Z,7.375,7.4,7.24,7.328,25821,-84503,-58682,50616,-13317,37299,32579,-11196,21383,NaN,NaN,NaN,NaN,118954,25821,-84503,-58682,50616,-13317,37299,32579,-11196,21383
2005-09-27T22:00:00Z,7.325,7.435,7.295,7.403,25821,-84503,-58682,50616,-13317,37299,32579,-11196,21383,NaN,NaN,NaN,NaN,118954,25821,-84503,-58682,50616,-13317,37299,32579,-11196,21383
2005-09-28T22:00:00Z,7.41,7.57,7.39,7.555,25821,-84503,-58682,50616,-13317,37299,32579,-11196,21383,NaN,NaN,NaN,NaN,118954,25821,-84503,-58682,50616,-13317,37299,32579,-11196,21383
2005-09-29T22:00:00Z,7.55,7.645,7.49,7.512,25821,-84503,-58682,50616,-13317,37299,32579,-11196,21383,NaN,NaN,NaN,NaN,118954,25821,-84503,-58682,50616,-13317,37299,32579,-11196,21383
2005-10-02T22:00:00Z,7.48,7.495,7.4,7.455,25821,-84503,-58682,50616,-13317,37299,32579,-11196,21383,NaN,NaN,NaN,NaN,118954,25821,-84503,-58682,50616,-13317,37299,32579,-11196,21383
2005-10-03T22:00:00Z,7.455,7.51,7.39,7.425,26807,-90271,-63464,55195,-12413,42782,32464,-11782,20682,NaN,NaN,NaN,NaN,125742,26807,-90271,-63464,55195,-12413,42782,32464,-11782,20682
2005-10-04T22:00:00Z,7.42,7.485,7.36,7.478,26807,-90271,-63464,55195,-12413,42782,32464,-11782,20682,NaN,NaN,NaN,NaN,125742,26807,-90271,-63464,55195,-12413,42782,32464,-11782,20682
2005-10-05T22:00:00Z,7.475,7.63,7.42,7.595,26807,-90271,-63464,55195,-12413,42782,32464,-11782,20682,NaN,NaN,NaN,NaN,125742,26807,-90271,-63464,55195,-12413,42782,32464,-11782,20682
2005-10-06T22:00:00Z,7.6,7.785,7.58,7.77,26807,-90271,-63464,55195,-12413,42782,32464,-11782,20682,NaN,NaN,NaN,NaN,125742,26807,-90271,-63464,55195,-12413,42782,32464,-11782,20682
2005-10-09T22:00:00Z,7.775,7.89,7.745,7.845,26807,-90271,-63464,55195,-12413,42782,32464,-11782,20682,NaN,NaN,NaN,NaN,125742,26807,-90271,-63464,55195,-12413,42782,32464,-11782,20682
2005-10-10T22:00:00Z,7.84,7.955,7.78,7.875,26038,-96634,-70596,62883,-11516,51367,32238,-13009,19229,NaN,NaN,NaN,NaN,134435,26038,-96634,-70596,62883,-11516,51367,32238,-13009,19229
2005-10-11T22:00:00Z,7.87,7.925,7.8,7.838,26038,-96634,-70596,62883,-11516,51367,32238,-13009,19229,NaN,NaN,NaN,NaN,134435,26038,-96634,-70596,62883,-11516,51367,32238,-13009,19229
2005-10-12T22:00:00Z,7.83,7.83,7.695,7.735,26038,-96634,-70596,62883,-11516,51367,32238,-13009,19229,NaN,NaN,NaN,NaN,134435,26038,-96634,-70596,62883,-11516,51367,32238,-13009,19229
2005-10-13T22:00:00Z,7.74,7.89,7.64,7.862,26038,-96634,-70596,62883,-11516,51367,32238,-13009,19229,NaN,NaN,NaN,NaN,134435,26038,-96634,-70596,62883,-11516,51367,32238,-13009,19229
2005-10-16T22:00:00Z,7.84,7.925,7.835,7.875,26038,-96634,-70596,62883,-11516,51367,32238,-13009,19229,NaN,NaN,NaN,NaN,134435,26038,-96634,-70596,62883,-11516,51367,32238,-13009,19229
2005-10-17T22:00:00Z,7.85,7.89,7.785,7.835,26591,-99784,-73193,66282,-12036,54246,36367,-17420,18947,NaN,NaN,NaN,NaN,142530,26591,-99784,-73193,66282,-12036,54246,36367,-17420,18947
2005-10-18T22:00:00Z,7.83,7.835,7.61,7.64,26591,-99784,-73193,66282,-12036,54246,36367,-17420,18947,NaN,NaN,NaN,NaN,142530,26591,-99784,-73193,66282,-12036,54246,36367,-17420,18947
2005-10-19T22:00:00Z,7.65,7.705,7.53,7.655,26591,-99784,-73193,66282,-12036,54246,36367,-17420,18947,NaN,NaN,NaN,NaN,142530,26591,-99784,-73193,66282,-12036,54246,36367,-17420,18947
2005-10-20T22:00:00Z,7.655,7.7,7.57,7.695,26591,-99784,-73193,66282,-12036,54246,36367,-17420,18947,NaN,NaN,NaN,NaN,142530,26591,-99784,-73193,66282,-12036,54246,36367,-17420,18947
2005-10-23T22:00:00Z,7.69,7.76,7.64,7.708,26591,-99784,-73193,66282,-12036,54246,36367,-17420,18947,NaN,NaN,NaN,NaN,142530,26591,-99784,-73193,66282,-12036,54246,36367,-17420,18947
2005-10-24T22:00:00Z,7.695,7.87,7.685,7.825,25901,-101417,-75516,66256,-12135,54121,32486,-11091,21395,NaN,NaN,NaN,NaN,138960,25901,-101417,-75516,66256,-12135,54121,32486,-11091,21395
2005-10-25T22:00:00Z,7.825,7.925,7.82,7.863,25901,-101417,-75516,66256,-12135,54121,32486,-11091,21395,NaN,NaN,NaN,NaN,138960,25901,-101417,-75516,66256,-12135,54121,32486,-11091,21395
2005-10-26T22:00:00Z,7.86,7.945,7.805,7.84,25901,-101417,-75516,66256,-12135,54121,32486,-11091,21395,NaN,NaN,NaN,NaN,138960,25901,-101417,-75516,66256,-12135,54121,32486,-11091,21395
2005-10-27T22:00:00Z,7.86,7.885,7.72,7.82,25901,-101417,-75516,66256,-12135,54121,32486,-11091,21395,NaN,NaN,NaN,NaN,138960,25901,-101417,-75516,66256,-12135,54121,32486,-11091,21395
2005-10-30T23:00:00Z,7.835,7.845,7.575,7.58,25901,-101417,-75516,66256,-12135,54121,32486,-11091,21395,NaN,NaN,NaN,NaN,138960,25901,-101417,-75516,66256,-12135,54121,32486,-11091,21395
2005-10-31T23:00:00Z,7.59,7.62,7.41,7.47,28578,-100970,-72392,60685,-9137,51548,32785,-11941,20844,NaN,NaN,NaN,NaN,137967,28578,-100970,-72392,60685,-9137,51548,32785,-11941,20844
2005-11-01T23:00:00Z,7.49,7.58,7.43,7.56,28578,-100970,-72392,60685,-9137,51548,32785,-11941,20844,NaN,NaN,NaN,NaN,137967,28578,-100970,-72392,60685,-9137,51548,32785,-11941,20844
2005-11-02T23:00:00Z,7.55,7.63,7.515,7.623,28578,-100970,-72392,60685,-9137,51548,32785,-11941,20844,NaN,NaN,NaN,NaN,137967,28578,-100970,-72392,60685,-9137,51548,32785,-11941,20844
2005-11-03T23:00:00Z,7.62,7.7,7.475,7.573,28578,-100970,-72392,60685,-9137,51548,32785,-11941,20844,NaN,NaN,NaN,NaN,137967,28578,-100970,-72392,60685,-9137,51548,32785,-11941,20844
2005-11-06T23:00:00Z,7.565,7.61,7.45,7.605,28578,-100970,-72392,60685,-9137,51548,32785,-11941,20844,NaN,NaN,NaN,NaN,137967,28578,-100970,-72392,60685,-9137,51548,32785,-11941,20844
2005-11-07T23:00:00Z,7.61,7.68,7.54,7.625,31933,-103861,-71928,62257,-11181,51076,33289,-12437,20852,NaN,NaN,NaN,NaN,143966,31933,-103861,-71928,62257,-11181,51076,33289,-12437,20852
2005-11-08T23:00:00Z,7.625,7.74,7.625,7.678,31933,-103861,-71928,62257,-11181,51076,33289,-12437,20852,NaN,NaN,NaN,NaN,143966,31933,-103861,-71928,62257,-11181,51076,33289,-12437,20852
2005-11-09T23:00:00Z,7.68,7.79,7.67,7.705,31933,-103861,-71928,62257,-11181,51076,33289,-12437,20852,NaN,NaN,NaN,NaN,143966,31933,-103861,-71928,62257,-11181,51076,33289,-12437,20852
2005-11-10T23:00:00Z,7.715,7.79,7.685,7.76,31933,-103861,-71928,62257,-11181,51076,33289,-12437,20852,NaN,NaN,NaN,NaN,143966,31933,-103861,-71928,62257,-11181,51076,33289,-12437,20852
2005-11-13T23:00:00Z,7.78,7.86,7.77,7.782,31933,-103861,-71928,62257,-11181,51076,33289,-12437,20852,NaN,NaN,NaN,NaN,143966,31933,-103861,-71928,62257,-11181,51076,33289,-12437,20852
2005-11-14T23:00:00Z,7.775,7.84,7.7,7.787,32637,-105122,-72485,65215,-13493,51722,33319,-12556,20763,NaN,NaN,NaN,NaN,150342,32637,-105122,-72485,65215,-13493,51722,33319,-12556,20763
2005-11-15T23:00:00Z,7.79,8.025,7.765,8.002,32637,-105122,-72485,65215,-13493,51722,33319,-12556,20763,NaN,NaN,NaN,NaN,150342,32637,-105122,-72485,65215,-13493,51722,33319,-12556,20763
2005-11-16T23:00:00Z,8.01,8.14,8,8.102,32637,-105122,-72485,65215,-13493,51722,33319,-12556,20763,NaN,NaN,NaN,NaN,150342,32637,-105122,-72485,65215,-13493,51722,33319,-12556,20763
2005-11-17T23:00:00Z,8.11,8.18,8.035,8.067,32637,-105122,-72485,65215,-13493,51722,33319,-12556,20763,NaN,NaN,NaN,NaN,150342,32637,-105122,-72485,65215,-13493,51722,33319,-12556,20763
2005-11-20T23:00:00Z,8.05,8.17,8.035,8.133,32637,-105122,-72485,65215,-13493,51722,33319,-12556,20763,NaN,NaN,NaN,NaN,150342,32637,-105122,-72485,65215,-13493,51722,33319,-12556,20763
2005-11-21T23:00:00Z,8.14,8.225,8.08,8.17,29449,-107773,-78324,73548,-12988,60560,36436,-18672,17764,NaN,NaN,NaN,NaN,149698,29449,-107773,-78324,73548,-12988,60560,36436,-18672,17764
2005-11-22T23:00:00Z,8.175,8.21,8.035,8.13,29449,-107773,-78324,73548,-12988,60560,36436,-18672,17764,NaN,NaN,NaN,NaN,149698,29449,-107773,-78324,73548,-12988,60560,36436,-18672,17764
2005-11-27T23:00:00Z,8.155,8.375,8.155,8.353,29449,-107773,-78324,73548,-12988,60560,36436,-18672,17764,NaN,NaN,NaN,NaN,149698,29449,-107773,-78324,73548,-12988,60560,36436,-18672,17764
2005-11-28T23:00:00Z,8.46,8.475,8.335,8.405,30527,-112758,-82231,75230,-12079,63151,33417,-14337,19080,NaN,NaN,NaN,NaN,145136,30527,-112758,-82231,75230,-12079,63151,33417,-14337,19080
2005-11-29T23:00:00Z,8.395,8.41,8.275,8.385,30527,-112758,-82231,75230,-12079,63151,33417,-14337,19080,NaN,NaN,NaN,NaN,145136,30527,-112758,-82231,75230,-12079,63151,33417,-14337,19080
2005-11-30T23:00:00Z,8.38,8.62,8.29,8.602,30527,-112758,-82231,75230,-12079,63151,33417,-14337,19080,NaN,NaN,NaN,NaN,145136,30527,-112758,-82231,75230,-12079,63151,33417,-14337,19080
2005-12-01T23:00:00Z,8.61,8.72,8.545,8.647,30527,-112758,-82231,75230,-12079,63151,33417,-14337,19080,NaN,NaN,NaN,NaN,145136,30527,-112758,-82231,75230,-12079,63151,33417,-14337,19080
2005-12-04T23:00:00Z,8.65,8.745,8.63,8.735,30527,-112758,-82231,75230,-12079,63151,33417,-14337,19080,NaN,NaN,NaN,NaN,145136,30527,-112758,-82231,75230,-12079,63151,33417,-14337,19080
2005-12-05T23:00:00Z,8.73,8.85,8.6,8.792,23195,-110390,-87195,79031,-12301,66730,32674,-12209,20465,NaN,NaN,NaN,NaN,141571,23195,-110390,-87195,79031,-12301,66730,32674,-12209,20465
2005-12-06T23:00:00Z,8.795,8.985,8.775,8.877,23195,-110390,-87195,79031,-12301,66730,32674,-12209,20465,NaN,NaN,NaN,NaN,141571,23195,-110390,-87195,79031,-12301,66730,32674,-12209,20465
2005-12-07T23:00:00Z,8.875,9,8.785,8.99,23195,-110390,-87195,79031,-12301,66730,32674,-12209,20465,NaN,NaN,NaN,NaN,141571,23195,-110390,-87195,79031,-12301,66730,32674,-12209,20465
2005-12-08T23:00:00Z,9,9.14,8.985,9.095,23195,-110390,-87195,79031,-12301,66730,32674,-12209,20465,NaN,NaN,NaN,NaN,141571,23195,-110390,-87195,79031,-12301,66730,32674,-12209,20465
2005-12-11T23:00:00Z,9.09,9.345,8.73,8.882,23195,-110390,-87195,79031,-12301,66730,32674,-12209,20465,NaN,NaN,NaN,NaN,141571,23195,-110390,-87195,79031,-12301,66730,32674,-12209,20465
2005-12-12T23:00:00Z,8.91,8.95,8.515,8.585,24426,-107171,-82745,72934,-10147,62787,33668,-13710,19958,NaN,NaN,NaN,NaN,137249,24426,-107171,-82745,72934,-10147,62787,33668,-13710,19958
2005-12-13T23:00:00Z,8.595,8.64,8.42,8.465,24426,-107171,-82745,72934,-10147,62787,33668,-13710,19958,NaN,NaN,NaN,NaN,137249,24426,-107171,-82745,72934,-10147,62787,33668,-13710,19958
2005-12-14T23:00:00Z,8.465,8.72,8.38,8.635,24426,-107171,-82745,72934,-10147,62787,33668,-13710,19958,NaN,NaN,NaN,NaN,137249,24426,-107171,-82745,72934,-10147,62787,33668,-13710,19958
2005-12-15T23:00:00Z,8.63,8.725,8.52,8.6,24426,-107171,-82745,72934,-10147,62787,33668,-13710,19958,NaN,NaN,NaN,NaN,137249,24426,-107171,-82745,72934,-10147,62787,33668,-13710,19958
2005-12-18T23:00:00Z,8.62,8.75,8.535,8.645,24426,-107171,-82745,72934,-10147,62787,33668,-13710,19958,NaN,NaN,NaN,NaN,137249,24426,-107171,-82745,72934,-10147,62787,33668,-13710,19958
2005-12-19T23:00:00Z,8.645,8.71,8.35,8.395,26152,-108822,-82670,68903,-7927,60976,32336,-10642,21694,NaN,NaN,NaN,NaN,133600,26152,-108822,-82670,68903,-7927,60976,32336,-10642,21694
2005-12-20T23:00:00Z,8.385,8.45,8.29,8.435,26152,-108822,-82670,68903,-7927,60976,32336,-10642,21694,NaN,NaN,NaN,NaN,133600,26152,-108822,-82670,68903,-7927,60976,32336,-10642,21694
2005-12-21T23:00:00Z,8.43,8.6,8.43,8.578,26152,-108822,-82670,68903,-7927,60976,32336,-10642,21694,NaN,NaN,NaN,NaN,133600,26152,-108822,-82670,68903,-7927,60976,32336,-10642,21694
2005-12-22T23:00:00Z,8.555,8.695,8.555,8.66,26152,-108822,-82670,68903,-7927,60976,32336,-10642,21694,NaN,NaN,NaN,NaN,133600,26152,-108822,-82670,68903,-7927,60976,32336,-10642,21694
2005-12-26T23:00:00Z,8.67,8.82,8.67,8.812,26004,-109584,-83580,69081,-7888,61193,33411,-11024,22387,NaN,NaN,NaN,NaN,135028,26004,-109584,-83580,69081,-7888,61193,33411,-11024,22387
2005-12-27T23:00:00Z,8.815,9.015,8.785,8.935,26004,-109584,-83580,69081,-7888,61193,33411,-11024,22387,NaN,NaN,NaN,NaN,135028,26004,-109584,-83580,69081,-7888,61193,33411,-11024,22387
2005-12-28T23:00:00Z,8.925,9.03,8.74,8.882,26004,-109584,-83580,69081,-7888,61193,33411,-11024,22387,NaN,NaN,NaN,NaN,135028,26004,-109584,-83580,69081,-7888,61193,33411,-11024,22387
2005-12-29T23:00:00Z,8.885,8.99,8.83,8.91,26004,-109584,-83580,69081,-7888,61193,33411,-11024,22387,NaN,NaN,NaN,NaN,135028,26004,-109584,-83580,69081,-7888,61193,33411,-11024,22387
2006-01-02T23:00:00Z,8.91,9.18,8.91,9.16,25456,-108045,-82589,66488,-7108,59380,32716,-9507,23209,NaN,NaN,NaN,NaN,131555,25456,-108045,-82589,66488,-7108,59380,32716,-9507,23209
2006-01-03T23:00:00Z,9.165,9.305,9.01,9.17,25456,-108045,-82589,66488,-7108,59380,32716,-9507,23209,NaN,NaN,NaN,NaN,131555,25456,-108045,-82589,66488,-7108,59380,32716,-9507,23209
2006-01-04T23:00:00Z,9.19,9.215,8.76,8.872,25456,-108045,-82589,66488,-7108,59380,32716,-9507,23209,NaN,NaN,NaN,NaN,131555,25456,-108045,-82589,66488,-7108,59380,32716,-9507,23209
2006-01-05T23:00:00Z,8.865,9.19,8.785,9.173,25456,-108045,-82589,66488,-7108,59380,32716,-9507,23209,NaN,NaN,NaN,NaN,131555,25456,-108045,-82589,66488,-7108,59380,32716,-9507,23209
2006-01-08T23:00:00Z,9.18,9.295,9.015,9.283,25456,-108045,-82589,66488,-7108,59380,32716,-9507,23209,NaN,NaN,NaN,NaN,131555,25456,-108045,-82589,66488,-7108,59380,32716,-9507,23209
2006-01-09T23:00:00Z,9.29,9.305,8.915,9.015,24497,-106949,-82452,64551,-5580,58971,33796,-10315,23481,NaN,NaN,NaN,NaN,130725,24497,-106949,-82452,64551,-5580,58971,33796,-10315,23481
2006-01-10T23:00:00Z,9.03,9.115,8.855,9.065,24497,-106949,-82452,64551,-5580,58971,33796,-10315,23481,NaN,NaN,NaN,NaN,130725,24497,-106949,-82452,64551,-5580,58971,33796,-10315,23481
2006-01-11T23:00:00Z,9.085,9.11,8.93,9.06,24497,-106949,-82452,64551,-5580,58971,33796,-10315,23481,NaN,NaN,NaN,NaN,130725,24497,-106949,-82452,64551,-5580,58971,33796,-10315,23481
2006-01-12T23:00:00Z,9.065,9.27,8.97,9.16,24497,-106949,-82452,64551,-5580,58971,33796,-10315,23481,NaN,NaN,NaN,NaN,130725,24497,-106949,-82452,64551,-5580,58971,33796,-10315,23481
2006-01-16T23:00:00Z,9.24,9.355,9.035,9.073,23658,-107107,-83449,64299,-5452,58847,35809,-11207,24602,NaN,NaN,NaN,NaN,131701,23658,-107107,-83449,64299,-5452,58847,35809,-11207,24602
2006-01-17T23:00:00Z,9.065,9.125,8.79,8.873,23658,-107107,-83449,64299,-5452,58847,35809,-11207,24602,NaN,NaN,NaN,NaN,131701,23658,-107107,-83449,64299,-5452,58847,35809,-11207,24602
2006-01-18T23:00:00Z,8.84,9.12,8.8,9.108,23658,-107107,-83449,64299,-5452,58847,35809,-11207,24602,NaN,NaN,NaN,NaN,131701,23658,-107107,-83449,64299,-5452,58847,35809,-11207,24602
2006-01-19T23:00:00Z,9.11,9.275,8.85,8.93,23658,-107107,-83449,64299,-5452,58847,35809,-11207,24602,NaN,NaN,NaN,NaN,131701,23658,-107107,-83449,64299,-5452,58847,35809,-11207,24602
2006-01-22T23:00:00Z,8.92,9.08,8.855,9.073,23658,-107107,-83449,64299,-5452,58847,35809,-11207,24602,NaN,NaN,NaN,NaN,131701,23658,-107107,-83449,64299,-5452,58847,35809,-11207,24602
2006-01-23T23:00:00Z,9.07,9.26,8.945,9.228,21056,-102171,-81115,66946,-7114,59832,34265,-12982,21283,NaN,NaN,NaN,NaN,131185,21056,-102171,-81115,66946,-7114,59832,34265,-12982,21283
2006-01-24T23:00:00Z,9.24,9.54,9.21,9.51,21056,-102171,-81115,66946,-7114,59832,34265,-12982,21283,NaN,NaN,NaN,NaN,131185,21056,-102171,-81115,66946,-7114,59832,34265,-12982,21283
2006-01-25T23:00:00Z,9.51,9.665,9.43,9.605,21056,-102171,-81115,66946,-7114,59832,34265,-12982,21283,NaN,NaN,NaN,NaN,131185,21056,-102171,-81115,66946,-7114,59832,34265,-12982,21283
2006-01-26T23:00:00Z,9.605,9.8,9.55,9.605,21056,-102171,-81115,66946,-7114,59832,34265,-12982,21283,NaN,NaN,NaN,NaN,131185,21056,-102171,-81115,66946,-7114,59832,34265,-12982,21283
2006-01-29T23:00:00Z,9.6,9.81,9.575,9.775,21056,-102171,-81115,66946,-7114,59832,34265,-12982,21283,NaN,NaN,NaN,NaN,131185,21056,-102171,-81115,66946,-7114,59832,34265,-12982,21283
2006-01-30T23:00:00Z,9.795,9.95,9.78,9.885,19688,-98383,-78695,66502,-10246,56256,36812,-14373,22439,NaN,NaN,NaN,NaN,133259,19688,-98383,-78695,66502,-10246,56256,36812,-14373,22439
2006-01-31T23:00:00Z,9.875,9.88,9.68,9.795,19688,-98383,-78695,66502,-10246,56256,36812,-14373,22439,NaN,NaN,NaN,NaN,133259,19688,-98383,-78695,66502,-10246,56256,36812,-14373,22439
2006-02-01T23:00:00Z,9.795,9.945,9.73,9.877,19688,-98383,-78695,66502,-10246,56256,36812,-14373,22439,NaN,NaN,NaN,NaN,133259,19688,-98383,-78695,66502,-10246,56256,36812,-14373,22439
2006-02-02T23:00:00Z,9.86,9.92,9.695,9.76,19688,-98383,-78695,66502,-10246,56256,36812,-14373,22439,NaN,NaN,NaN,NaN,133259,19688,-98383,-78695,66502,-10246,56256,36812,-14373,22439
2006-02-05T23:00:00Z,9.77,9.89,9.72,9.758,19688,-98383,-78695,66502,-10246,56256,36812,-14373,22439,NaN,NaN,NaN,NaN,133259,19688,-98383,-78695,66502,-10246,56256,36812,-14373,22439
2006-02-06T23:00:00Z,9.755,9.8,9.365,9.41,19361,-95241,-75880,62794,-10006,52788,37439,-14347,23092,NaN,NaN,NaN,NaN,130754,19361,-95241,-75880,62794,-10006,52788,37439,-14347,23092
2006-02-07T23:00:00Z,9.4,9.5,9.275,9.44,19361,-95241,-75880,62794,-10006,52788,37439,-14347,23092,NaN,NaN,NaN,NaN,130754,19361,-95241,-75880,62794,-10006,52788,37439,-14347,23092
2006-02-08T23:00:00Z,9.44,9.67,9.425,9.66,19361,-95241,-75880,62794,-10006,52788,37439,-14347,23092,NaN,NaN,NaN,NaN,130754,19361,-95241,-75880,62794,-10006,52788,37439,-14347,23092
2006-02-09T23:00:00Z,9.65,9.715,9.28,9.38,19361,-95241,-75880,62794,-10006,52788,37439,-14347,23092,NaN,NaN,NaN,NaN,130754,19361,-95241,-75880,62794,-10006,52788,37439,-14347,23092
2006-02-12T23:00:00Z,9.395,9.47,9.085,9.118,19361,-95241,-75880,62794,-10006,52788,37439,-14347,23092,NaN,NaN,NaN,NaN,130754,19361,-95241,-75880,62794,-10006,52788,37439,-14347,23092
2006-02-13T23:00:00Z,9.1,9.34,9.055,9.315,21658,-94525,-72867,59275,-8687,50588,33205,-10926,22279,NaN,NaN,NaN,NaN,127737,21658,-94525,-72867,59275,-8687,50588,33205,-10926,22279
2006-02-14T23:00:00Z,9.325,9.405,9.07,9.215,21658,-94525,-72867,59275,-8687,50588,33205,-10926,22279,NaN,NaN,NaN,NaN,127737,21658,-94525,-72867,59275,-8687,50588,33205,-10926,22279
2006-02-15T23:00:00Z,9.195,9.38,9.1,9.37,21658,-94525,-72867,59275,-8687,50588,33205,-10926,22279,NaN,NaN,NaN,NaN,127737,21658,-94525,-72867,59275,-8687,50588,33205,-10926,22279
2006-02-16T23:00:00Z,9.365,9.505,9.345,9.42,21658,-94525,-72867,59275,-8687,50588,33205,-10926,22279,NaN,NaN,NaN,NaN,127737,21658,-94525,-72867,59275,-8687,50588,33205,-10926,22279
2006-02-20T23:00:00Z,9.49,9.575,9.47,9.545,22009,-95930,-73921,59943,-8096,51847,35559,-13485,22074,NaN,NaN,NaN,NaN,132532,22009,-95930,-73921,59943,-8096,51847,35559,-13485,22074
2006-02-21T23:00:00Z,9.555,9.635,9.425,9.575,22009,-95930,-73921,59943,-8096,51847,35559,-13485,22074,NaN,NaN,NaN,NaN,132532,22009,-95930,-73921,59943,-8096,51847,35559,-13485,22074
2006-02-22T23:00:00Z,9.575,9.61,9.45,9.467,22009,-95930,-73921,59943,-8096,51847,35559,-13485,22074,NaN,NaN,NaN,NaN,132532,22009,-95930,-73921,59943,-8096,51847,35559,-13485,22074
2006-02-23T23:00:00Z,9.49,9.75,9.46,9.733,22009,-95930,-73921,59943,-8096,51847,35559,-13485,22074,NaN,NaN,NaN,NaN,132532,22009,-95930,-73921,59943,-8096,51847,35559,-13485,22074
2006-02-26T23:00:00Z,9.8,9.815,9.61,9.695,22009,-95930,-73921,59943,-8096,51847,35559,-13485,22074,NaN,NaN,NaN,NaN,132532,22009,-95930,-73921,59943,-8096,51847,35559,-13485,22074
2006-02-27T23:00:00Z,9.695,9.845,9.65,9.805,23583,-88793,-65210,56871,-12249,44622,31909,-11321,20588,NaN,NaN,NaN,NaN,127839,23583,-88793,-65210,56871,-12249,44622,31909,-11321,20588
2006-02-28T23:00:00Z,9.8,9.88,9.745,9.79,23583,-88793,-65210,56871,-12249,44622,31909,-11321,20588,NaN,NaN,NaN,NaN,127839,23583,-88793,-65210,56871,-12249,44622,31909,-11321,20588
2006-03-01T23:00:00Z,9.78,10.225,9.76,10.208,23583,-88793,-65210,56871,-12249,44622,31909,-11321,20588,NaN,NaN,NaN,NaN,127839,23583,-88793,-65210,56871,-12249,44622,31909,-11321,20588
2006-03-02T23:00:00Z,10.195,10.33,10.12,10.235,23583,-88793,-65210,56871,-12249,44622,31909,-11321,20588,NaN,NaN,NaN,NaN,127839,23583,-88793,-65210,56871,-12249,44622,31909,-11321,20588
2006-03-05T23:00:00Z,10.22,10.295,9.92,10.025,23583,-88793,-65210,56871,-12249,44622,31909,-11321,20588,NaN,NaN,NaN,NaN,127839,23583,-88793,-65210,56871,-12249,44622,31909,-11321,20588
2006-03-06T23:00:00Z,10.035,10.12,9.97,10.107,22142,-96007,-73865,61688,-9732,51956,33544,-11635,21909,NaN,NaN,NaN,NaN,132341,22142,-96007,-73865,61688,-9732,51956,33544,-11635,21909
2006-03-07T23:00:00Z,10.09,10.12,9.67,9.845,22142,-96007,-73865,61688,-9732,51956,33544,-11635,21909,NaN,NaN,NaN,NaN,132341,22142,-96007,-73865,61688,-9732,51956,33544,-11635,21909
2006-03-08T23:00:00Z,9.825,10.09,9.765,9.97,22142,-96007,-73865,61688,-9732,51956,33544,-11635,21909,NaN,NaN,NaN,NaN,132341,22142,-96007,-73865,61688,-9732,51956,33544,-11635,21909
2006-03-09T23:00:00Z,9.97,10,9.75,9.96,22142,-96007,-73865,61688,-9732,51956,33544,-11635,21909,NaN,NaN,NaN,NaN,132341,22142,-96007,-73865,61688,-9732,51956,33544,-11635,21909
2006-03-12T23:00:00Z,9.975,10.17,9.925,10.157,22142,-96007,-73865,61688,-9732,51956,33544,-11635,21909,NaN,NaN,NaN,NaN,132341,22142,-96007,-73865,61688,-9732,51956,33544,-11635,21909
2006-03-13T23:00:00Z,10.16,10.26,10.075,10.245,21128,-94462,-73334,59251,-8062,51189,33475,-11330,22145,NaN,NaN,NaN,NaN,127834,21128,-94462,-73334,59251,-8062,51189,33475,-11330,22145
2006-03-14T23:00:00Z,10.245,10.395,10.215,10.35,21128,-94462,-73334,59251,-8062,51189,33475,-11330,22145,NaN,NaN,NaN,NaN,127834,21128,-94462,-73334,59251,-8062,51189,33475,-11330,22145
2006-03-15T23:00:00Z,10.35,10.385,10.13,10.342,21128,-94462,-73334,59251,-8062,51189,33475,-11330,22145,NaN,NaN,NaN,NaN,127834,21128,-94462,-73334,59251,-8062,51189,33475,-11330,22145
2006-03-16T23:00:00Z,10.35,10.46,10.3,10.365,21128,-94462,-73334,59251,-8062,51189,33475,-11330,22145,NaN,NaN,NaN,NaN,127834,21128,-94462,-73334,59251,-8062,51189,33475,-11330,22145
2006-03-19T23:00:00Z,10.365,10.435,10.26,10.362,21128,-94462,-73334,59251,-8062,51189,33475,-11330,22145,NaN,NaN,NaN,NaN,127834,21128,-94462,-73334,59251,-8062,51189,33475,-11330,22145
2006-03-20T23:00:00Z,10.35,10.58,10.155,10.565,19905,-95536,-75631,62687,-8786,53901,34705,-12975,21730,NaN,NaN,NaN,NaN,132347,19905,-95536,-75631,62687,-8786,53901,34705,-12975,21730
2006-03-21T23:00:00Z,10.54,10.6,10.475,10.495,19905,-95536,-75631,62687,-8786,53901,34705,-12975,21730,NaN,NaN,NaN,NaN,132347,19905,-95536,-75631,62687,-8786,53901,34705,-12975,21730
2006-03-22T23:00:00Z,10.51,10.7,10.41,10.69,19905,-95536,-75631,62687,-8786,53901,34705,-12975,21730,NaN,NaN,NaN,NaN,132347,19905,-95536,-75631,62687,-8786,53901,34705,-12975,21730
2006-03-23T23:00:00Z,10.685,10.77,10.645,10.735,19905,-95536,-75631,62687,-8786,53901,34705,-12975,21730,NaN,NaN,NaN,NaN,132347,19905,-95536,-75631,62687,-8786,53901,34705,-12975,21730
2006-03-26T23:00:00Z,10.77,10.94,10.755,10.895,19905,-95536,-75631,62687,-8786,53901,34705,-12975,21730,NaN,NaN,NaN,NaN,132347,19905,-95536,-75631,62687,-8786,53901,34705,-12975,21730
2006-03-27T23:00:00Z,10.88,10.94,10.79,10.87,20856,-95008,-74152,63054,-10691,52363,34006,-12217,21789,NaN,NaN,NaN,NaN,134579,20856,-95008,-74152,63054,-10691,52363,34006,-12217,21789
2006-03-28T23:00:00Z,10.86,11.13,10.745,11.115,20856,-95008,-74152,63054,-10691,52363,34006,-12217,21789,NaN,NaN,NaN,NaN,134579,20856,-95008,-74152,63054,-10691,52363,34006,-12217,21789
2006-03-29T23:00:00Z,11.1,11.715,11.1,11.66,20856,-95008,-74152,63054,-10691,52363,34006,-12217,21789,NaN,NaN,NaN,NaN,134579,20856,-95008,-74152,63054,-10691,52363,34006,-12217,21789
2006-03-30T23:00:00Z,11.67,11.94,11.375,11.52,20856,-95008,-74152,63054,-10691,52363,34006,-12217,21789,NaN,NaN,NaN,NaN,134579,20856,-95008,-74152,63054,-10691,52363,34006,-12217,21789
2006-04-02T22:00:00Z,11.505,11.815,11.47,11.765,20856,-95008,-74152,63054,-10691,52363,34006,-12217,21789,NaN,NaN,NaN,NaN,134579,20856,-95008,-74152,63054,-10691,52363,34006,-12217,21789
2006-04-03T22:00:00Z,11.76,11.81,11.645,11.73,21029,-97020,-75991,62676,-10830,51846,36468,-12323,24145,NaN,NaN,NaN,NaN,140419,21029,-97020,-75991,62676,-10830,51846,36468,-12323,24145
2006-04-04T22:00:00Z,11.71,11.79,11.555,11.705,21029,-97020,-75991,62676,-10830,51846,36468,-12323,24145,NaN,NaN,NaN,NaN,140419,21029,-97020,-75991,62676,-10830,51846,36468,-12323,24145
2006-04-05T22:00:00Z,11.7,12.08,11.69,12.045,21029,-97020,-75991,62676,-10830,51846,36468,-12323,24145,NaN,NaN,NaN,NaN,140419,21029,-97020,-75991,62676,-10830,51846,36468,-12323,24145
2006-04-06T22:00:00Z,12.045,12.195,11.94,12.07,21029,-97020,-75991,62676,-10830,51846,36468,-12323,24145,NaN,NaN,NaN,NaN,140419,21029,-97020,-75991,62676,-10830,51846,36468,-12323,24145
2006-04-09T22:00:00Z,12.07,12.61,12.065,12.56,21029,-97020,-75991,62676,-10830,51846,36468,-12323,24145,NaN,NaN,NaN,NaN,140419,21029,-97020,-75991,62676,-10830,51846,36468,-12323,24145
2006-04-10T22:00:00Z,12.58,13.01,12.48,12.6,22847,-94633,-71786,60028,-13889,46139,38692,-13045,25647,NaN,NaN,NaN,NaN,141906,22847,-94633,-71786,60028,-13889,46139,38692,-13045,25647
2006-04-11T22:00:00Z,12.6,12.79,12.43,12.663,22847,-94633,-71786,60028,-13889,46139,38692,-13045,25647,NaN,NaN,NaN,NaN,141906,22847,-94633,-71786,60028,-13889,46139,38692,-13045,25647
2006-04-12T22:00:00Z,12.67,12.9,12.51,12.855,22847,-94633,-71786,60028,-13889,46139,38692,-13045,25647,NaN,NaN,NaN,NaN,141906,22847,-94633,-71786,60028,-13889,46139,38692,-13045,25647
2006-04-16T22:00:00Z,12.95,13.38,12.94,13.365,22847,-94633,-71786,60028,-13889,46139,38692,-13045,25647,NaN,NaN,NaN,NaN,141906,22847,-94633,-71786,60028,-13889,46139,38692,-13045,25647
2006-04-17T22:00:00Z,13.365,13.82,13.33,13.785,20866,-90823,-69957,56968,-14792,42176,40583,-12802,27781,NaN,NaN,NaN,NaN,140408,20866,-90823,-69957,56968,-14792,42176,40583,-12802,27781
2006-04-18T22:00:00Z,13.815,14.575,13.81,14.522,20866,-90823,-69957,56968,-14792,42176,40583,-12802,27781,NaN,NaN,NaN,NaN,140408,20866,-90823,-69957,56968,-14792,42176,40583,-12802,27781
2006-04-19T22:00:00Z,14.555,14.69,12.2,12.525,20866,-90823,-69957,56968,-14792,42176,40583,-12802,27781,NaN,NaN,NaN,NaN,140408,20866,-90823,-69957,56968,-14792,42176,40583,-12802,27781
2006-04-20T22:00:00Z,12.395,13.03,11.6,12.965,20866,-90823,-69957,56968,-14792,42176,40583,-12802,27781,NaN,NaN,NaN,NaN,140408,20866,-90823,-69957,56968,-14792,42176,40583,-12802,27781
2006-04-23T22:00:00Z,13.2,13.32,11.7,11.775,20866,-90823,-69957,56968,-14792,42176,40583,-12802,27781,NaN,NaN,NaN,NaN,140408,20866,-90823,-69957,56968,-14792,42176,40583,-12802,27781
2006-04-24T22:00:00Z,11.795,12.65,11.69,12.56,24842,-84940,-60098,43242,-7187,36055,36712,-12669,24043,NaN,NaN,NaN,NaN,127250,24842,-84940,-60098,43242,-7187,36055,36712,-12669,24043
2006-04-25T22:00:00Z,12.55,12.9,12.35,12.815,24842,-84940,-60098,43242,-7187,36055,36712,-12669,24043,NaN,NaN,NaN,NaN,127250,24842,-84940,-60098,43242,-7187,36055,36712,-12669,24043
2006-04-26T22:00:00Z,12.98,13.25,12.315,12.59,24842,-84940,-60098,43242,-7187,36055,36712,-12669,24043,NaN,NaN,NaN,NaN,127250,24842,-84940,-60098,43242,-7187,36055,36712,-12669,24043
2006-04-27T22:00:00Z,12.6,14,12.54,13.63,24842,-84940,-60098,43242,-7187,36055,36712,-12669,24043,NaN,NaN,NaN,NaN,127250,24842,-84940,-60098,43242,-7187,36055,36712,-12669,24043
2006-04-30T22:00:00Z,13.78,14.13,13.55,13.965,24842,-84940,-60098,43242,-7187,36055,36712,-12669,24043,NaN,NaN,NaN,NaN,127250,24842,-84940,-60098,43242,-7187,36055,36712,-12669,24043
2006-05-01T22:00:00Z,13.97,14.26,13.745,14.21,20888,-75446,-54558,41659,-10448,31211,33261,-9914,23347,NaN,NaN,NaN,NaN,112421,20888,-75446,-54558,41659,-10448,31211,33261,-9914,23347
2006-05-02T22:00:00Z,14.195,14.52,13.2,13.795,20888,-75446,-54558,41659,-10448,31211,33261,-9914,23347,NaN,NaN,NaN,NaN,112421,20888,-75446,-54558,41659,-10448,31211,33261,-9914,23347
2006-05-03T22:00:00Z,13.79,14.23,13.485,13.825,20888,-75446,-54558,41659,-10448,31211,33261,-9914,23347,NaN,NaN,NaN,NaN,112421,20888,-75446,-54558,41659,-10448,31211,33261,-9914,23347
2006-05-04T22:00:00Z,13.82,14.14,13.67,13.89,20888,-75446,-54558,41659,-10448,31211,33261,-9914,23347,NaN,NaN,NaN,NaN,112421,20888,-75446,-54558,41659,-10448,31211,33261,-9914,23347
2006-05-07T22:00:00Z,13.97,14.11,13.44,13.77,20888,-75446,-54558,41659,-10448,31211,33261,-9914,23347,NaN,NaN,NaN,NaN,112421,20888,-75446,-54558,41659,-10448,31211,33261,-9914,23347
2006-05-08T22:00:00Z,13.79,14.53,13.655,14.465,21432,-73721,-52289,38664,-8838,29826,31768,-9305,22463,NaN,NaN,NaN,NaN,110968,21432,-73721,-52289,38664,-8838,29826,31768,-9305,22463
2006-05-09T22:00:00Z,14.46,14.58,14,14.28,21432,-73721,-52289,38664,-8838,29826,31768,-9305,22463,NaN,NaN,NaN,NaN,110968,21432,-73721,-52289,38664,-8838,29826,31768,-9305,22463
2006-05-10T22:00:00Z,14.285,15.2,14.15,14.935,21432,-73721,-52289,38664,-8838,29826,31768,-9305,22463,NaN,NaN,NaN,NaN,110968,21432,-73721,-52289,38664,-8838,29826,31768,-9305,22463
2006-05-11T22:00:00Z,14.91,15.025,14.1,14.235,21432,-73721,-52289,38664,-8838,29826,31768,-9305,22463,NaN,NaN,NaN,NaN,110968,21432,-73721,-52289,38664,-8838,29826,31768,-9305,22463
2006-05-14T22:00:00Z,14.36,14.46,13.05,13.335,21432,-73721,-52289,38664,-8838,29826,31768,-9305,22463,NaN,NaN,NaN,NaN,110968,21432,-73721,-52289,38664,-8838,29826,31768,-9305,22463
2006-05-15T22:00:00Z,13.28,13.57,12.82,13.54,21968,-70788,-48820,35419,-9349,26070,32863,-10113,22750,NaN,NaN,NaN,NaN,110184,21968,-70788,-48820,35419,-9349,26070,32863,-10113,22750
2006-05-16T22:00:00Z,13.565,13.98,12.82,13.24,21968,-70788,-48820,35419,-9349,26070,32863,-10113,22750,NaN,NaN,NaN,NaN,110184,21968,-70788,-48820,35419,-9349,26070,32863,-10113,22750
2006-05-17T22:00:00Z,13.17,13.28,12.5,12.52,21968,-70788,-48820,35419,-9349,26070,32863,-10113,22750,NaN,NaN,NaN,NaN,110184,21968,-70788,-48820,35419,-9349,26070,32863,-10113,22750
2006-05-18T22:00:00Z,12.525,12.79,12.08,12.36,21968,-70788,-48820,35419,-9349,26070,32863,-10113,22750,NaN,NaN,NaN,NaN,110184,21968,-70788,-48820,35419,-9349,26070,32863,-10113,22750
2006-05-21T22:00:00Z,12.5,12.52,11.88,12.43,21968,-70788,-48820,35419,-9349,26070,32863,-10113,22750,NaN,NaN,NaN,NaN,110184,21968,-70788,-48820,35419,-9349,26070,32863,-10113,22750
2006-05-22T22:00:00Z,12.43,13.195,12.205,13.17,23353,-71231,-47878,34795,-8554,26241,31729,-10092,21637,NaN,NaN,NaN,NaN,110443,23353,-71231,-47878,34795,-8554,26241,31729,-10092,21637
2006-05-23T22:00:00Z,13.17,13.18,12.42,12.515,23353,-71231,-47878,34795,-8554,26241,31729,-10092,21637,NaN,NaN,NaN,NaN,110443,23353,-71231,-47878,34795,-8554,26241,31729,-10092,21637
2006-05-24T22:00:00Z,12.48,12.77,12.34,12.6,23353,-71231,-47878,34795,-8554,26241,31729,-10092,21637,NaN,NaN,NaN,NaN,110443,23353,-71231,-47878,34795,-8554,26241,31729,-10092,21637
2006-05-25T22:00:00Z,12.615,12.74,12.42,12.73,23353,-71231,-47878,34795,-8554,26241,31729,-10092,21637,NaN,NaN,NaN,NaN,110443,23353,-71231,-47878,34795,-8554,26241,31729,-10092,21637
2006-05-29T22:00:00Z,12.71,13.36,12.66,13.07,19930,-68855,-48925,35169,-8797,26372,30699,-8146,22553,NaN,NaN,NaN,NaN,109388,19930,-68855,-48925,35169,-8797,26372,30699,-8146,22553
2006-05-30T22:00:00Z,13.03,13.125,12.28,12.455,19930,-68855,-48925,35169,-8797,26372,30699,-8146,22553,NaN,NaN,NaN,NaN,109388,19930,-68855,-48925,35169,-8797,26372,30699,-8146,22553
2006-05-31T22:00:00Z,12.48,12.58,11.55,11.905,19930,-68855,-48925,35169,-8797,26372,30699,-8146,22553,NaN,NaN,NaN,NaN,109388,19930,-68855,-48925,35169,-8797,26372,30699,-8146,22553
2006-06-01T22:00:00Z,11.93,12.26,11.75,12.085,19930,-68855,-48925,35169,-8797,26372,30699,-8146,22553,NaN,NaN,NaN,NaN,109388,19930,-68855,-48925,35169,-8797,26372,30699,-8146,22553
2006-06-04T22:00:00Z,12.11,12.39,12.05,12.295,19930,-68855,-48925,35169,-8797,26372,30699,-8146,22553,NaN,NaN,NaN,NaN,109388,19930,-68855,-48925,35169,-8797,26372,30699,-8146,22553
2006-06-05T22:00:00Z,12.295,12.295,11.58,11.845,24724,-68330,-43606,32662,-9728,22934,29661,-8989,20672,NaN,NaN,NaN,NaN,112351,24724,-68330,-43606,32662,-9728,22934,29661,-8989,20672
2006-06-06T22:00:00Z,11.845,11.93,11.35,11.89,24724,-68330,-43606,32662,-9728,22934,29661,-8989,20672,NaN,NaN,NaN,NaN,112351,24724,-68330,-43606,32662,-9728,22934,29661,-8989,20672
2006-06-07T22:00:00Z,11.9,11.97,11.05,11.075,24724,-68330,-43606,32662,-9728,22934,29661,-8989,20672,NaN,NaN,NaN,NaN,112351,24724,-68330,-43606,32662,-9728,22934,29661,-8989,20672
2006-06-08T22:00:00Z,11.105,11.51,11.06,11.21,24724,-68330,-43606,32662,-9728,22934,29661,-8989,20672,NaN,NaN,NaN,NaN,112351,24724,-68330,-43606,32662,-9728,22934,29661,-8989,20672
2006-06-11T22:00:00Z,11.15,11.285,10.96,11.065,24724,-68330,-43606,32662,-9728,22934,29661,-8989,20672,NaN,NaN,NaN,NaN,112351,24724,-68330,-43606,32662,-9728,22934,29661,-8989,20672
2006-06-12T22:00:00Z,11.045,11.085,9.6,9.625,25567,-69445,-43878,33080,-8612,24468,29113,-9703,19410,NaN,NaN,NaN,NaN,112993,25567,-69445,-43878,33080,-8612,24468,29113,-9703,19410
2006-06-13T22:00:00Z,9.63,10.06,9.45,9.735,25567,-69445,-43878,33080,-8612,24468,29113,-9703,19410,NaN,NaN,NaN,NaN,112993,25567,-69445,-43878,33080,-8612,24468,29113,-9703,19410
2006-06-14T22:00:00Z,9.65,10.24,9.5,9.97,25567,-69445,-43878,33080,-8612,24468,29113,-9703,19410,NaN,NaN,NaN,NaN,112993,25567,-69445,-43878,33080,-8612,24468,29113,-9703,19410
2006-06-15T22:00:00Z,9.96,10.37,9.77,10.13,25567,-69445,-43878,33080,-8612,24468,29113,-9703,19410,NaN,NaN,NaN,NaN,112993,25567,-69445,-43878,33080,-8612,24468,29113,-9703,19410
2006-06-18T22:00:00Z,10.2,10.21,9.82,9.97,25567,-69445,-43878,33080,-8612,24468,29113,-9703,19410,NaN,NaN,NaN,NaN,112993,25567,-69445,-43878,33080,-8612,24468,29113,-9703,19410
2006-06-19T22:00:00Z,9.875,10.28,9.785,10.27,27978,-68486,-40508,32276,-9803,22473,27009,-8974,18035,NaN,NaN,NaN,NaN,112485,27978,-68486,-40508,32276,-9803,22473,27009,-8974,18035
2006-06-20T22:00:00Z,10.25,10.48,10.12,10.42,27978,-68486,-40508,32276,-9803,22473,27009,-8974,18035,NaN,NaN,NaN,NaN,112485,27978,-68486,-40508,32276,-9803,22473,27009,-8974,18035
2006-06-21T22:00:00Z,10.47,10.655,10.16,10.21,27978,-68486,-40508,32276,-9803,22473,27009,-8974,18035,NaN,NaN,NaN,NaN,112485,27978,-68486,-40508,32276,-9803,22473,27009,-8974,18035
2006-06-22T22:00:00Z,10.205,10.32,9.96,10.285,27978,-68486,-40508,32276,-9803,22473,27009,-8974,18035,NaN,NaN,NaN,NaN,112485,27978,-68486,-40508,32276,-9803,22473,27009,-8974,18035
2006-06-25T22:00:00Z,10.3,10.37,10.02,10.24,27978,-68486,-40508,32276,-9803,22473,27009,-8974,18035,NaN,NaN,NaN,NaN,112485,27978,-68486,-40508,32276,-9803,22473,27009,-8974,18035
2006-06-26T22:00:00Z,10.18,10.62,10.18,10.195,31229,-69199,-37970,30746,-10906,19840,26578,-8448,18130,NaN,NaN,NaN,NaN,109024,31229,-69199,-37970,30746,-10906,19840,26578,-8448,18130
2006-06-27T22:00:00Z,10.21,10.32,10.05,10.155,31229,-69199,-37970,30746,-10906,19840,26578,-8448,18130,NaN,NaN,NaN,NaN,109024,31229,-69199,-37970,30746,-10906,19840,26578,-8448,18130
2006-06-28T22:00:00Z,10.24,10.6,10.215,10.42,31229,-69199,-37970,30746,-10906,19840,26578,-8448,18130,NaN,NaN,NaN,NaN,109024,31229,-69199,-37970,30746,-10906,19840,26578,-8448,18130
2006-06-29T22:00:00Z,10.4,11.13,10.4,11,31229,-69199,-37970,30746,-10906,19840,26578,-8448,18130,NaN,NaN,NaN,NaN,109024,31229,-69199,-37970,30746,-10906,19840,26578,-8448,18130
2006-07-04T22:00:00Z,11.29,11.46,11.2,11.415,24618,-66362,-41744,31220,-7219,24001,25851,-8108,17743,NaN,NaN,NaN,NaN,97874,24618,-66362,-41744,31220,-7219,24001,25851,-8108,17743
2006-07-05T22:00:00Z,11.4,11.64,11.26,11.585,24618,-66362,-41744,31220,-7219,24001,25851,-8108,17743,NaN,NaN,NaN,NaN,97874,24618,-66362,-41744,31220,-7219,24001,25851,-8108,17743
2006-07-06T22:00:00Z,11.58,11.62,11.33,11.405,24618,-66362,-41744,31220,-7219,24001,25851,-8108,17743,NaN,NaN,NaN,NaN,97874,24618,-66362,-41744,31220,-7219,24001,25851,-8108,17743
2006-07-09T22:00:00Z,11.34,11.41,10.93,11.11,24618,-66362,-41744,31220,-7219,24001,25851,-8108,17743,NaN,NaN,NaN,NaN,97874,24618,-66362,-41744,31220,-7219,24001,25851,-8108,17743
2006-07-10T22:00:00Z,11.08,11.6,11.03,11.55,23466,-65328,-41862,31855,-7464,24391,26069,-8598,17471,NaN,NaN,NaN,NaN,99551,23466,-65328,-41862,31855,-7464,24391,26069,-8598,17471
2006-07-11T22:00:00Z,11.535,11.82,11.35,11.555,23466,-65328,-41862,31855,-7464,24391,26069,-8598,17471,NaN,NaN,NaN,NaN,99551,23466,-65328,-41862,31855,-7464,24391,26069,-8598,17471
2006-07-12T22:00:00Z,11.545,11.745,11.37,11.485,23466,-65328,-41862,31855,-7464,24391,26069,-8598,17471,NaN,NaN,NaN,NaN,99551,23466,-65328,-41862,31855,-7464,24391,26069,-8598,17471
2006-07-13T22:00:00Z,11.53,11.76,11.5,11.53,23466,-65328,-41862,31855,-7464,24391,26069,-8598,17471,NaN,NaN,NaN,NaN,99551,23466,-65328,-41862,31855,-7464,24391,26069,-8598,17471
2006-07-16T22:00:00Z,11.535,11.775,11.05,11.09,23466,-65328,-41862,31855,-7464,24391,26069,-8598,17471,NaN,NaN,NaN,NaN,99551,23466,-65328,-41862,31855,-7464,24391,26069,-8598,17471
2006-07-17T22:00:00Z,11.07,11.22,10.48,10.525,23009,-63733,-40724,31264,-8077,23187,26622,-9085,17537,NaN,NaN,NaN,NaN,99954,23009,-63733,-40724,31264,-8077,23187,26622,-9085,17537
2006-07-18T22:00:00Z,10.53,11.19,10.465,11.125,23009,-63733,-40724,31264,-8077,23187,26622,-9085,17537,NaN,NaN,NaN,NaN,99954,23009,-63733,-40724,31264,-8077,23187,26622,-9085,17537
2006-07-19T22:00:00Z,11.13,11.35,11,11.065,23009,-63733,-40724,31264,-8077,23187,26622,-9085,17537,NaN,NaN,NaN,NaN,99954,23009,-63733,-40724,31264,-8077,23187,26622,-9085,17537
2006-07-20T22:00:00Z,11.05,11.31,10.76,10.845,23009,-63733,-40724,31264,-8077,23187,26622,-9085,17537,NaN,NaN,NaN,NaN,99954,23009,-63733,-40724,31264,-8077,23187,26622,-9085,17537
2006-07-23T22:00:00Z,10.845,10.96,10.68,10.92,23009,-63733,-40724,31264,-8077,23187,26622,-9085,17537,NaN,NaN,NaN,NaN,99954,23009,-63733,-40724,31264,-8077,23187,26622,-9085,17537
2006-07-24T22:00:00Z,10.89,11.08,10.8,10.945,20804,-62454,-41650,31142,-7320,23822,25993,-8165,17828,NaN,NaN,NaN,NaN,97539,20804,-62454,-41650,31142,-7320,23822,25993,-8165,17828
2006-07-25T22:00:00Z,10.955,11.11,10.87,11.08,20804,-62454,-41650,31142,-7320,23822,25993,-8165,17828,NaN,NaN,NaN,NaN,97539,20804,-62454,-41650,31142,-7320,23822,25993,-8165,17828
2006-07-26T22:00:00Z,11.08,11.52,11.08,11.39,20804,-62454,-41650,31142,-7320,23822,25993,-8165,17828,NaN,NaN,NaN,NaN,97539,20804,-62454,-41650,31142,-7320,23822,25993,-8165,17828
2006-07-27T22:00:00Z,11.39,11.455,11.32,11.365,20804,-62454,-41650,31142,-7320,23822,25993,-8165,17828,NaN,NaN,NaN,NaN,97539,20804,-62454,-41650,31142,-7320,23822,25993,-8165,17828
2006-07-30T22:00:00Z,11.43,11.58,11.25,11.37,20804,-62454,-41650,31142,-7320,23822,25993,-8165,17828,NaN,NaN,NaN,NaN,97539,20804,-62454,-41650,31142,-7320,23822,25993,-8165,17828
2006-07-31T22:00:00Z,11.4,11.81,11.33,11.74,18452,-62793,-44341,32228,-7889,24339,26554,-6552,20002,NaN,NaN,NaN,NaN,98685,18452,-62793,-44341,32228,-7889,24339,26554,-6552,20002
2006-08-01T22:00:00Z,11.75,12.29,11.75,12.245,18452,-62793,-44341,32228,-7889,24339,26554,-6552,20002,NaN,NaN,NaN,NaN,98685,18452,-62793,-44341,32228,-7889,24339,26554,-6552,20002
2006-08-02T22:00:00Z,12.24,12.27,12.01,12.09,18452,-62793,-44341,32228,-7889,24339,26554,-6552,20002,NaN,NaN,NaN,NaN,98685,18452,-62793,-44341,32228,-7889,24339,26554,-6552,20002
2006-08-03T22:00:00Z,12.085,12.65,12.06,12.485,18452,-62793,-44341,32228,-7889,24339,26554,-6552,20002,NaN,NaN,NaN,NaN,98685,18452,-62793,-44341,32228,-7889,24339,26554,-6552,20002
2006-08-06T22:00:00Z,12.45,12.54,12.18,12.265,18452,-62793,-44341,32228,-7889,24339,26554,-6552,20002,NaN,NaN,NaN,NaN,98685,18452,-62793,-44341,32228,-7889,24339,26554,-6552,20002
2006-08-07T22:00:00Z,12.26,12.39,12.11,12.26,18336,-66232,-47896,37564,-8994,28570,28244,-8918,19326,NaN,NaN,NaN,NaN,108463,18336,-66232,-47896,37564,-8994,28570,28244,-8918,19326
2006-08-08T22:00:00Z,12.26,12.665,11.985,12.57,18336,-66232,-47896,37564,-8994,28570,28244,-8918,19326,NaN,NaN,NaN,NaN,108463,18336,-66232,-47896,37564,-8994,28570,28244,-8918,19326
2006-08-09T22:00:00Z,12.56,12.7,12.07,12.105,18336,-66232,-47896,37564,-8994,28570,28244,-8918,19326,NaN,NaN,NaN,NaN,108463,18336,-66232,-47896,37564,-8994,28570,28244,-8918,19326
2006-08-10T22:00:00Z,12.11,12.39,11.77,11.885,18336,-66232,-47896,37564,-8994,28570,28244,-8918,19326,NaN,NaN,NaN,NaN,108463,18336,-66232,-47896,37564,-8994,28570,28244,-8918,19326
2006-08-13T22:00:00Z,11.9,12.24,11.75,12.16,18336,-66232,-47896,37564,-8994,28570,28244,-8918,19326,NaN,NaN,NaN,NaN,108463,18336,-66232,-47896,37564,-8994,28570,28244,-8918,19326
2006-08-14T22:00:00Z,12.16,12.16,11.85,12.085,21360,-68455,-47095,36719,-8978,27741,26813,-7459,19354,NaN,NaN,NaN,NaN,111358,21360,-68455,-47095,36719,-8978,27741,26813,-7459,19354
2006-08-15T22:00:00Z,12.08,12.44,12.07,12.285,21360,-68455,-47095,36719,-8978,27741,26813,-7459,19354,NaN,NaN,NaN,NaN,111358,21360,-68455,-47095,36719,-8978,27741,26813,-7459,19354
2006-08-16T22:00:00Z,12.29,12.42,11.98,11.995,21360,-68455,-47095,36719,-8978,27741,26813,-7459,19354,NaN,NaN,NaN,NaN,111358,21360,-68455,-47095,36719,-8978,27741,26813,-7459,19354
2006-08-17T22:00:00Z,11.98,12.14,11.86,12.03,21360,-68455,-47095,36719,-8978,27741,26813,-7459,19354,NaN,NaN,NaN,NaN,111358,21360,-68455,-47095,36719,-8978,27741,26813,-7459,19354
2006-08-20T22:00:00Z,12.1,12.45,12.04,12.345,21360,-68455,-47095,36719,-8978,27741,26813,-7459,19354,NaN,NaN,NaN,NaN,111358,21360,-68455,-47095,36719,-8978,27741,26813,-7459,19354
2006-08-21T22:00:00Z,12.35,12.435,12.03,12.265,22594,-71848,-49254,38914,-9361,29553,27253,-7552,19701,NaN,NaN,NaN,NaN,114877,22594,-71848,-49254,38914,-9361,29553,27253,-7552,19701
2006-08-22T22:00:00Z,12.265,12.68,12.2,12.515,22594,-71848,-49254,38914,-9361,29553,27253,-7552,19701,NaN,NaN,NaN,NaN,114877,22594,-71848,-49254,38914,-9361,29553,27253,-7552,19701
2006-08-23T22:00:00Z,12.495,12.605,12.28,12.31,22594,-71848,-49254,38914,-9361,29553,27253,-7552,19701,NaN,NaN,NaN,NaN,114877,22594,-71848,-49254,38914,-9361,29553,27253,-7552,19701
2006-08-24T22:00:00Z,12.33,12.445,12.2,12.37,22594,-71848,-49254,38914,-9361,29553,27253,-7552,19701,NaN,NaN,NaN,NaN,114877,22594,-71848,-49254,38914,-9361,29553,27253,-7552,19701
2006-08-27T22:00:00Z,12.415,12.465,11.96,12.025,22594,-71848,-49254,38914,-9361,29553,27253,-7552,19701,NaN,NaN,NaN,NaN,114877,22594,-71848,-49254,38914,-9361,29553,27253,-7552,19701
2006-08-28T22:00:00Z,12.03,12.2,11.85,12.15,21262,-70022,-48760,38861,-9400,29461,27841,-8542,19299,NaN,NaN,NaN,NaN,112346,21262,-70022,-48760,38861,-9400,29461,27841,-8542,19299
2006-08-29T22:00:00Z,12.32,12.68,12.32,12.67,21262,-70022,-48760,38861,-9400,29461,27841,-8542,19299,NaN,NaN,NaN,NaN,112346,21262,-70022,-48760,38861,-9400,29461,27841,-8542,19299
2006-08-30T22:00:00Z,12.67,13.08,12.62,13.03,21262,-70022,-48760,38861,-9400,29461,27841,-8542,19299,NaN,NaN,NaN,NaN,112346,21262,-70022,-48760,38861,-9400,29461,27841,-8542,19299
2006-08-31T22:00:00Z,13.02,13.1,12.82,13.085,21262,-70022,-48760,38861,-9400,29461,27841,-8542,19299,NaN,NaN,NaN,NaN,112346,21262,-70022,-48760,38861,-9400,29461,27841,-8542,19299
2006-09-04T22:00:00Z,13.17,13.37,13.035,13.14,19816,-70364,-50548,40920,-11100,29820,27311,-6583,20728,NaN,NaN,NaN,NaN,108132,19816,-70364,-50548,40920,-11100,29820,27311,-6583,20728
2006-09-05T22:00:00Z,13.145,13.35,13.05,13.2,19816,-70364,-50548,40920,-11100,29820,27311,-6583,20728,NaN,NaN,NaN,NaN,108132,19816,-70364,-50548,40920,-11100,29820,27311,-6583,20728
2006-09-06T22:00:00Z,13.2,13.25,12.51,12.695,19816,-70364,-50548,40920,-11100,29820,27311,-6583,20728,NaN,NaN,NaN,NaN,108132,19816,-70364,-50548,40920,-11100,29820,27311,-6583,20728
2006-09-07T22:00:00Z,12.72,12.8,12.09,12.295,19816,-70364,-50548,40920,-11100,29820,27311,-6583,20728,NaN,NaN,NaN,NaN,108132,19816,-70364,-50548,40920,-11100,29820,27311,-6583,20728
2006-09-10T22:00:00Z,12.27,12.32,11.2,11.24,19816,-70364,-50548,40920,-11100,29820,27311,-6583,20728,NaN,NaN,NaN,NaN,108132,19816,-70364,-50548,40920,-11100,29820,27311,-6583,20728
2006-09-11T22:00:00Z,11.28,11.52,11.08,11.14,24162,-64270,-40108,32926,-10553,22373,25324,-7589,17735,NaN,NaN,NaN,NaN,101450,24162,-64270,-40108,32926,-10553,22373,25324,-7589,17735
2006-09-12T22:00:00Z,11.155,11.42,10.99,11.2,24162,-64270,-40108,32926,-10553,22373,25324,-7589,17735,NaN,NaN,NaN,NaN,101450,24162,-64270,-40108,32926,-10553,22373,25324,-7589,17735
2006-09-13T22:00:00Z,11.23,11.515,10.88,10.95,24162,-64270,-40108,32926,-10553,22373,25324,-7589,17735,NaN,NaN,NaN,NaN,101450,24162,-64270,-40108,32926,-10553,22373,25324,-7589,17735
2006-09-14T22:00:00Z,10.94,11.05,10.55,10.95,24162,-64270,-40108,32926,-10553,22373,25324,-7589,17735,NaN,NaN,NaN,NaN,101450,24162,-64270,-40108,32926,-10553,22373,25324,-7589,17735
2006-09-17T22:00:00Z,10.88,11.32,10.85,11.29,24162,-64270,-40108,32926,-10553,22373,25324,-7589,17735,NaN,NaN,NaN,NaN,101450,24162,-64270,-40108,32926,-10553,22373,25324,-7589,17735
2006-09-18T22:00:00Z,11.3,11.32,10.91,10.945,26450,-62338,-35888,29367,-10286,19081,25354,-8547,16807,NaN,NaN,NaN,NaN,100314,26450,-62338,-35888,29367,-10286,19081,25354,-8547,16807
2006-09-19T22:00:00Z,10.945,11.255,10.815,11.14,26450,-62338,-35888,29367,-10286,19081,25354,-8547,16807,NaN,NaN,NaN,NaN,100314,26450,-62338,-35888,29367,-10286,19081,25354,-8547,16807
2006-09-20T22:00:00Z,11.135,11.29,10.92,11.245,26450,-62338,-35888,29367,-10286,19081,25354,-8547,16807,NaN,NaN,NaN,NaN,100314,26450,-62338,-35888,29367,-10286,19081,25354,-8547,16807
2006-09-21T22:00:00Z,11.26,11.55,11.165,11.31,26450,-62338,-35888,29367,-10286,19081,25354,-8547,16807,NaN,NaN,NaN,NaN,100314,26450,-62338,-35888,29367,-10286,19081,25354,-8547,16807
2006-09-24T22:00:00Z,11.305,11.37,11.13,11.325,26450,-62338,-35888,29367,-10286,19081,25354,-8547,16807,NaN,NaN,NaN,NaN,100314,26450,-62338,-35888,29367,-10286,19081,25354,-8547,16807
2006-09-25T22:00:00Z,11.32,11.58,11.18,11.495,27140,-62995,-35855,28267,-9800,18467,24675,-7287,17388,NaN,NaN,NaN,NaN,100272,27140,-62995,-35855,28267,-9800,18467,24675,-7287,17388
2006-09-26T22:00:00Z,11.48,11.82,11.44,11.7,27140,-62995,-35855,28267,-9800,18467,24675,-7287,17388,NaN,NaN,NaN,NaN,100272,27140,-62995,-35855,28267,-9800,18467,24675,-7287,17388
2006-09-27T22:00:00Z,11.73,11.86,11.615,11.735,27140,-62995,-35855,28267,-9800,18467,24675,-7287,17388,NaN,NaN,NaN,NaN,100272,27140,-62995,-35855,28267,-9800,18467,24675,-7287,17388
2006-09-28T22:00:00Z,11.67,11.75,11.32,11.54,27140,-62995,-35855,28267,-9800,18467,24675,-7287,17388,NaN,NaN,NaN,NaN,100272,27140,-62995,-35855,28267,-9800,18467,24675,-7287,17388
2006-10-01T22:00:00Z,11.54,11.835,11.52,11.64,27140,-62995,-35855,28267,-9800,18467,24675,-7287,17388,NaN,NaN,NaN,NaN,100272,27140,-62995,-35855,28267,-9800,18467,24675,-7287,17388
2006-10-02T22:00:00Z,11.64,11.65,11.01,11.045,26222,-62108,-35886,27302,-8089,19213,25086,-8413,16673,NaN,NaN,NaN,NaN,98967,26222,-62108,-35886,27302,-8089,19213,25086,-8413,16673
2006-10-03T22:00:00Z,10.98,11.06,10.65,10.795,26222,-62108,-35886,27302,-8089,19213,25086,-8413,16673,NaN,NaN,NaN,NaN,98967,26222,-62108,-35886,27302,-8089,19213,25086,-8413,16673
2006-10-04T22:00:00Z,10.825,11.22,10.73,11.07,26222,-62108,-35886,27302,-8089,19213,25086,-8413,16673,NaN,NaN,NaN,NaN,98967,26222,-62108,-35886,27302,-8089,19213,25086,-8413,16673
2006-10-05T22:00:00Z,11.07,11.21,10.87,11.175,26222,-62108,-35886,27302,-8089,19213,25086,-8413,16673,NaN,NaN,NaN,NaN,98967,26222,-62108,-35886,27302,-8089,19213,25086,-8413,16673
2006-10-08T22:00:00Z,11.21,11.55,11.16,11.42,26222,-62108,-35886,27302,-8089,19213,25086,-8413,16673,NaN,NaN,NaN,NaN,98967,26222,-62108,-35886,27302,-8089,19213,25086,-8413,16673
2006-10-09T22:00:00Z,11.405,11.495,11.15,11.22,27313,-63119,-35806,27850,-8370,19480,24263,-7937,16326,NaN,NaN,NaN,NaN,100304,27313,-63119,-35806,27850,-8370,19480,24263,-7937,16326
2006-10-10T22:00:00Z,11.24,11.54,11.13,11.33,27313,-63119,-35806,27850,-8370,19480,24263,-7937,16326,NaN,NaN,NaN,NaN,100304,27313,-63119,-35806,27850,-8370,19480,24263,-7937,16326
2006-10-11T22:00:00Z,11.32,11.455,11.2,11.38,27313,-63119,-35806,27850,-8370,19480,24263,-7937,16326,NaN,NaN,NaN,NaN,100304,27313,-63119,-35806,27850,-8370,19480,24263,-7937,16326
2006-10-12T22:00:00Z,11.39,11.725,11.33,11.68,27313,-63119,-35806,27850,-8370,19480,24263,-7937,16326,NaN,NaN,NaN,NaN,100304,27313,-63119,-35806,27850,-8370,19480,24263,-7937,16326
2006-10-15T22:00:00Z,11.69,11.95,11.65,11.91,27313,-63119,-35806,27850,-8370,19480,24263,-7937,16326,NaN,NaN,NaN,NaN,100304,27313,-63119,-35806,27850,-8370,19480,24263,-7937,16326
2006-10-16T22:00:00Z,11.905,11.98,11.63,11.78,26641,-66698,-40057,31433,-9026,22407,25340,-7690,17650,NaN,NaN,NaN,NaN,106890,26641,-66698,-40057,31433,-9026,22407,25340,-7690,17650
2006-10-17T22:00:00Z,11.78,11.98,11.74,11.82,26641,-66698,-40057,31433,-9026,22407,25340,-7690,17650,NaN,NaN,NaN,NaN,106890,26641,-66698,-40057,31433,-9026,22407,25340,-7690,17650
2006-10-18T22:00:00Z,11.83,12.17,11.66,12.16,26641,-66698,-40057,31433,-9026,22407,25340,-7690,17650,NaN,NaN,NaN,NaN,106890,26641,-66698,-40057,31433,-9026,22407,25340,-7690,17650
2006-10-19T22:00:00Z,12.155,12.17,11.88,11.965,26641,-66698,-40057,31433,-9026,22407,25340,-7690,17650,NaN,NaN,NaN,NaN,106890,26641,-66698,-40057,31433,-9026,22407,25340,-7690,17650
2006-10-22T22:00:00Z,11.925,11.98,11.65,11.67,26641,-66698,-40057,31433,-9026,22407,25340,-7690,17650,NaN,NaN,NaN,NaN,106890,26641,-66698,-40057,31433,-9026,22407,25340,-7690,17650
2006-10-23T22:00:00Z,11.675,11.9,11.35,11.85,25365,-68469,-43104,34851,-8496,26355,25447,-8698,16749,NaN,NaN,NaN,NaN,109100,25365,-68469,-43104,34851,-8496,26355,25447,-8698,16749
2006-10-24T22:00:00Z,11.835,11.995,11.735,11.89,25365,-68469,-43104,34851,-8496,26355,25447,-8698,16749,NaN,NaN,NaN,NaN,109100,25365,-68469,-43104,34851,-8496,26355,25447,-8698,16749
2006-10-25T22:00:00Z,11.895,12.28,11.885,12.24,25365,-68469,-43104,34851,-8496,26355,25447,-8698,16749,NaN,NaN,NaN,NaN,109100,25365,-68469,-43104,34851,-8496,26355,25447,-8698,16749
2006-10-26T22:00:00Z,12.23,12.24,12.04,12.08,25365,-68469,-43104,34851,-8496,26355,25447,-8698,16749,NaN,NaN,NaN,NaN,109100,25365,-68469,-43104,34851,-8496,26355,25447,-8698,16749
2006-10-29T23:00:00Z,12.095,12.3,12.07,12.25,25365,-68469,-43104,34851,-8496,26355,25447,-8698,16749,NaN,NaN,NaN,NaN,109100,25365,-68469,-43104,34851,-8496,26355,25447,-8698,16749
2006-10-30T23:00:00Z,12.22,12.31,11.98,12.27,23248,-69930,-46682,36672,-8570,28102,27373,-8793,18580,NaN,NaN,NaN,NaN,110237,23248,-69930,-46682,36672,-8570,28102,27373,-8793,18580
2006-10-31T23:00:00Z,12.285,12.59,12.26,12.475,23248,-69930,-46682,36672,-8570,28102,27373,-8793,18580,NaN,NaN,NaN,NaN,110237,23248,-69930,-46682,36672,-8570,28102,27373,-8793,18580
2006-11-01T23:00:00Z,12.515,12.67,12.385,12.65,23248,-69930,-46682,36672,-8570,28102,27373,-8793,18580,NaN,NaN,NaN,NaN,110237,23248,-69930,-46682,36672,-8570,28102,27373,-8793,18580
2006-11-02T23:00:00Z,12.57,12.73,12.36,12.635,23248,-69930,-46682,36672,-8570,28102,27373,-8793,18580,NaN,NaN,NaN,NaN,110237,23248,-69930,-46682,36672,-8570,28102,27373,-8793,18580
2006-11-05T23:00:00Z,12.65,12.8,12.52,12.76,23248,-69930,-46682,36672,-8570,28102,27373,-8793,18580,NaN,NaN,NaN,NaN,110237,23248,-69930,-46682,36672,-8570,28102,27373,-8793,18580
2006-11-06T23:00:00Z,12.695,12.77,12.58,12.675,23035,-72927,-49892,38784,-8467,30317,29330,-9755,19575,NaN,NaN,NaN,NaN,113697,23035,-72927,-49892,38784,-8467,30317,29330,-9755,19575
2006-11-07T23:00:00Z,12.54,12.74,12.5,12.55,23035,-72927,-49892,38784,-8467,30317,29330,-9755,19575,NaN,NaN,NaN,NaN,113697,23035,-72927,-49892,38784,-8467,30317,29330,-9755,19575
2006-11-08T23:00:00Z,12.68,13.09,12.44,13.05,23035,-72927,-49892,38784,-8467,30317,29330,-9755,19575,NaN,NaN,NaN,NaN,113697,23035,-72927,-49892,38784,-8467,30317,29330,-9755,19575
2006-11-09T23:00:00Z,13.01,13.22,12.88,13.115,23035,-72927,-49892,38784,-8467,30317,29330,-9755,19575,NaN,NaN,NaN,NaN,113697,23035,-72927,-49892,38784,-8467,30317,29330,-9755,19575
2006-11-12T23:00:00Z,13.07,13.155,12.71,12.885,23035,-72927,-49892,38784,-8467,30317,29330,-9755,19575,NaN,NaN,NaN,NaN,113697,23035,-72927,-49892,38784,-8467,30317,29330,-9755,19575
2006-11-13T23:00:00Z,12.9,13.05,12.75,12.89,25283,-79548,-54265,43634,-8540,35094,27218,-8047,19171,NaN,NaN,NaN,NaN,117486,25283,-79548,-54265,43634,-8540,35094,27218,-8047,19171
2006-11-14T23:00:00Z,12.88,12.97,12.5,12.945,25283,-79548,-54265,43634,-8540,35094,27218,-8047,19171,NaN,NaN,NaN,NaN,117486,25283,-79548,-54265,43634,-8540,35094,27218,-8047,19171
2006-11-15T23:00:00Z,12.94,13.17,12.885,12.945,25283,-79548,-54265,43634,-8540,35094,27218,-8047,19171,NaN,NaN,NaN,NaN,117486,25283,-79548,-54265,43634,-8540,35094,27218,-8047,19171
2006-11-16T23:00:00Z,12.9,12.925,12.6,12.8,25283,-79548,-54265,43634,-8540,35094,27218,-8047,19171,NaN,NaN,NaN,NaN,117486,25283,-79548,-54265,43634,-8540,35094,27218,-8047,19171
2006-11-19T23:00:00Z,12.82,13,12.725,12.74,25283,-79548,-54265,43634,-8540,35094,27218,-8047,19171,NaN,NaN,NaN,NaN,117486,25283,-79548,-54265,43634,-8540,35094,27218,-8047,19171
2006-11-20T23:00:00Z,12.76,13.1,12.73,13.085,23322,-80486,-57164,44371,-6905,37466,27474,-7776,19698,NaN,NaN,NaN,NaN,116375,23322,-80486,-57164,44371,-6905,37466,27474,-7776,19698
2006-11-21T23:00:00Z,13.09,13.25,13,13.04,23322,-80486,-57164,44371,-6905,37466,27474,-7776,19698,NaN,NaN,NaN,NaN,116375,23322,-80486,-57164,44371,-6905,37466,27474,-7776,19698
2006-11-26T23:00:00Z,13.065,13.585,13.045,13.49,23322,-80486,-57164,44371,-6905,37466,27474,-7776,19698,NaN,NaN,NaN,NaN,116375,23322,-80486,-57164,44371,-6905,37466,27474,-7776,19698
2006-11-27T23:00:00Z,13.505,13.66,13.42,13.62,21989,-80386,-58397,46095,-7051,39044,26962,-7609,19353,NaN,NaN,NaN,NaN,109864,21989,-80386,-58397,46095,-7051,39044,26962,-7609,19353
2006-11-28T23:00:00Z,13.79,14,13.73,13.76,21989,-80386,-58397,46095,-7051,39044,26962,-7609,19353,NaN,NaN,NaN,NaN,109864,21989,-80386,-58397,46095,-7051,39044,26962,-7609,19353
2006-11-29T23:00:00Z,13.76,14.19,13.725,14.115,21989,-80386,-58397,46095,-7051,39044,26962,-7609,19353,NaN,NaN,NaN,NaN,109864,21989,-80386,-58397,46095,-7051,39044,26962,-7609,19353
2006-11-30T23:00:00Z,14.1,14.25,14.03,14.19,21989,-80386,-58397,46095,-7051,39044,26962,-7609,19353,NaN,NaN,NaN,NaN,109864,21989,-80386,-58397,46095,-7051,39044,26962,-7609,19353
2006-12-03T23:00:00Z,14.2,14.29,14.13,14.245,21989,-80386,-58397,46095,-7051,39044,26962,-7609,19353,NaN,NaN,NaN,NaN,109864,21989,-80386,-58397,46095,-7051,39044,26962,-7609,19353
2006-12-04T23:00:00Z,14.275,14.37,13.9,14.025,21287,-82054,-60767,49012,-7352,41660,26335,-7228,19107,NaN,NaN,NaN,NaN,106839,21287,-82054,-60767,49012,-7352,41660,26335,-7228,19107
2006-12-05T23:00:00Z,13.96,14.01,13.71,13.795,21287,-82054,-60767,49012,-7352,41660,26335,-7228,19107,NaN,NaN,NaN,NaN,106839,21287,-82054,-60767,49012,-7352,41660,26335,-7228,19107
2006-12-06T23:00:00Z,13.75,14.095,13.61,14.05,21287,-82054,-60767,49012,-7352,41660,26335,-7228,19107,NaN,NaN,NaN,NaN,106839,21287,-82054,-60767,49012,-7352,41660,26335,-7228,19107
2006-12-07T23:00:00Z,14.055,14.16,13.8,13.895,21287,-82054,-60767,49012,-7352,41660,26335,-7228,19107,NaN,NaN,NaN,NaN,106839,21287,-82054,-60767,49012,-7352,41660,26335,-7228,19107
2006-12-10T23:00:00Z,13.85,14.045,13.725,14.025,21287,-82054,-60767,49012,-7352,41660,26335,-7228,19107,NaN,NaN,NaN,NaN,106839,21287,-82054,-60767,49012,-7352,41660,26335,-7228,19107
2006-12-11T23:00:00Z,14.005,14.06,13.94,14,21075,-84037,-62962,51968,-8364,43604,27232,-7874,19358,NaN,NaN,NaN,NaN,110084,21075,-84037,-62962,51968,-8364,43604,27232,-7874,19358
2006-12-12T23:00:00Z,14.025,14.035,13.725,13.925,21075,-84037,-62962,51968,-8364,43604,27232,-7874,19358,NaN,NaN,NaN,NaN,110084,21075,-84037,-62962,51968,-8364,43604,27232,-7874,19358
2006-12-13T23:00:00Z,13.95,14.03,13.88,13.95,21075,-84037,-62962,51968,-8364,43604,27232,-7874,19358,NaN,NaN,NaN,NaN,110084,21075,-84037,-62962,51968,-8364,43604,27232,-7874,19358
2006-12-14T23:00:00Z,13.93,13.98,12.905,13,21075,-84037,-62962,51968,-8364,43604,27232,-7874,19358,NaN,NaN,NaN,NaN,110084,21075,-84037,-62962,51968,-8364,43604,27232,-7874,19358
2006-12-17T23:00:00Z,13,13.145,12.4,12.6,21075,-84037,-62962,51968,-8364,43604,27232,-7874,19358,NaN,NaN,NaN,NaN,110084,21075,-84037,-62962,51968,-8364,43604,27232,-7874,19358
2006-12-18T23:00:00Z,12.625,12.85,12.45,12.795,23977,-78315,-54338,43218,-6432,36786,25452,-7900,17552,NaN,NaN,NaN,NaN,103358,23977,-78315,-54338,43218,-6432,36786,25452,-7900,17552
2006-12-19T23:00:00Z,12.79,12.905,12.48,12.61,23977,-78315,-54338,43218,-6432,36786,25452,-7900,17552,NaN,NaN,NaN,NaN,103358,23977,-78315,-54338,43218,-6432,36786,25452,-7900,17552
2006-12-20T23:00:00Z,12.615,12.705,12.455,12.495,23977,-78315,-54338,43218,-6432,36786,25452,-7900,17552,NaN,NaN,NaN,NaN,103358,23977,-78315,-54338,43218,-6432,36786,25452,-7900,17552
2006-12-21T23:00:00Z,12.5,12.705,12.48,12.655,23977,-78315,-54338,43218,-6432,36786,25452,-7900,17552,NaN,NaN,NaN,NaN,103358,23977,-78315,-54338,43218,-6432,36786,25452,-7900,17552
2006-12-25T23:00:00Z,12.705,12.9,12.705,12.725,24528,-75759,-51231,41044,-6541,34503,24030,-7302,16728,NaN,NaN,NaN,NaN,101141,24528,-75759,-51231,41044,-6541,34503,24030,-7302,16728
2006-12-26T23:00:00Z,12.79,12.985,12.74,12.87,24528,-75759,-51231,41044,-6541,34503,24030,-7302,16728,NaN,NaN,NaN,NaN,101141,24528,-75759,-51231,41044,-6541,34503,24030,-7302,16728
2006-12-27T23:00:00Z,12.875,12.99,12.86,12.94,24528,-75759,-51231,41044,-6541,34503,24030,-7302,16728,NaN,NaN,NaN,NaN,101141,24528,-75759,-51231,41044,-6541,34503,24030,-7302,16728
2006-12-28T23:00:00Z,12.945,13.015,12.86,13.015,24528,-75759,-51231,41044,-6541,34503,24030,-7302,16728,NaN,NaN,NaN,NaN,101141,24528,-75759,-51231,41044,-6541,34503,24030,-7302,16728
2007-01-01T23:00:00Z,12.965,13.285,12.935,13.27,24528,-75759,-51231,41044,-6541,34503,24030,-7302,16728,NaN,NaN,NaN,NaN,101141,24528,-75759,-51231,41044,-6541,34503,24030,-7302,16728
2007-01-02T23:00:00Z,13.28,13.28,12.6,12.64,23649,-74480,-50831,40337,-8056,32281,27323,-8773,18550,NaN,NaN,NaN,NaN,103703,23649,-74480,-50831,40337,-8056,32281,27323,-8773,18550
2007-01-03T23:00:00Z,12.665,12.93,12.485,12.835,23649,-74480,-50831,40337,-8056,32281,27323,-8773,18550,NaN,NaN,NaN,NaN,103703,23649,-74480,-50831,40337,-8056,32281,27323,-8773,18550
2007-01-04T23:00:00Z,12.71,12.835,12.1,12.23,23649,-74480,-50831,40337,-8056,32281,27323,-8773,18550,NaN,NaN,NaN,NaN,103703,23649,-74480,-50831,40337,-8056,32281,27323,-8773,18550
2007-01-07T23:00:00Z,12.22,12.425,12.095,12.36,23649,-74480,-50831,40337,-8056,32281,27323,-8773,18550,NaN,NaN,NaN,NaN,103703,23649,-74480,-50831,40337,-8056,32281,27323,-8773,18550
2007-01-08T23:00:00Z,12.38,12.62,12.265,12.595,23402,-72775,-49373,40894,-7262,33632,24708,-8967,15741,NaN,NaN,NaN,NaN,101420,23402,-72775,-49373,40894,-7262,33632,24708,-8967,15741
2007-01-09T23:00:00Z,12.59,12.59,12.27,12.445,23402,-72775,-49373,40894,-7262,33632,24708,-8967,15741,NaN,NaN,NaN,NaN,101420,23402,-72775,-49373,40894,-7262,33632,24708,-8967,15741
2007-01-10T23:00:00Z,12.43,12.625,12.38,12.46,23402,-72775,-49373,40894,-7262,33632,24708,-8967,15741,NaN,NaN,NaN,NaN,101420,23402,-72775,-49373,40894,-7262,33632,24708,-8967,15741
2007-01-11T23:00:00Z,12.4,12.96,12.38,12.88,23402,-72775,-49373,40894,-7262,33632,24708,-8967,15741,NaN,NaN,NaN,NaN,101420,23402,-72775,-49373,40894,-7262,33632,24708,-8967,15741
2007-01-15T23:00:00Z,12.905,13.035,12.61,12.625,22897,-72820,-49923,39984,-7212,32772,25833,-8682,17151,NaN,NaN,NaN,NaN,101830,22897,-72820,-49923,39984,-7212,32772,25833,-8682,17151
2007-01-16T23:00:00Z,12.62,12.995,12.43,12.89,22897,-72820,-49923,39984,-7212,32772,25833,-8682,17151,NaN,NaN,NaN,NaN,101830,22897,-72820,-49923,39984,-7212,32772,25833,-8682,17151
2007-01-17T23:00:00Z,12.9,13.045,12.655,12.685,22897,-72820,-49923,39984,-7212,32772,25833,-8682,17151,NaN,NaN,NaN,NaN,101830,22897,-72820,-49923,39984,-7212,32772,25833,-8682,17151
2007-01-18T23:00:00Z,12.73,12.94,12.7,12.92,22897,-72820,-49923,39984,-7212,32772,25833,-8682,17151,NaN,NaN,NaN,NaN,101830,22897,-72820,-49923,39984,-7212,32772,25833,-8682,17151
2007-01-21T23:00:00Z,12.925,13.215,12.83,13,22897,-72820,-49923,39984,-7212,32772,25833,-8682,17151,NaN,NaN,NaN,NaN,101830,22897,-72820,-49923,39984,-7212,32772,25833,-8682,17151
2007-01-22T23:00:00Z,12.98,13.345,12.95,13.26,23868,-78117,-54249,43051,-7398,35653,27247,-8651,18596,NaN,NaN,NaN,NaN,108484,23868,-78117,-54249,43051,-7398,35653,27247,-8651,18596
2007-01-23T23:00:00Z,13.32,13.345,13.095,13.273,23868,-78117,-54249,43051,-7398,35653,27247,-8651,18596,NaN,NaN,NaN,NaN,108484,23868,-78117,-54249,43051,-7398,35653,27247,-8651,18596
2007-01-24T23:00:00Z,13.3,13.6,13.245,13.49,23868,-78117,-54249,43051,-7398,35653,27247,-8651,18596,NaN,NaN,NaN,NaN,108484,23868,-78117,-54249,43051,-7398,35653,27247,-8651,18596
2007-01-25T23:00:00Z,13.35,13.51,13.21,13.375,23868,-78117,-54249,43051,-7398,35653,27247,-8651,18596,NaN,NaN,NaN,NaN,108484,23868,-78117,-54249,43051,-7398,35653,27247,-8651,18596
2007-01-28T23:00:00Z,13.435,13.5,13.2,13.25,23868,-78117,-54249,43051,-7398,35653,27247,-8651,18596,NaN,NaN,NaN,NaN,108484,23868,-78117,-54249,43051,-7398,35653,27247,-8651,18596
2007-01-29T23:00:00Z,13.23,13.44,13.11,13.375,23938,-82394,-58456,47120,-8123,38997,27734,-8275,19459,NaN,NaN,NaN,NaN,112320,23938,-82394,-58456,47120,-8123,38997,27734,-8275,19459
2007-01-30T23:00:00Z,13.385,13.7,13.27,13.57,23938,-82394,-58456,47120,-8123,38997,27734,-8275,19459,NaN,NaN,NaN,NaN,112320,23938,-82394,-58456,47120,-8123,38997,27734,-8275,19459
2007-01-31T23:00:00Z,13.595,13.835,13.57,13.725,23938,-82394,-58456,47120,-8123,38997,27734,-8275,19459,NaN,NaN,NaN,NaN,112320,23938,-82394,-58456,47120,-8123,38997,27734,-8275,19459
2007-02-01T23:00:00Z,13.72,13.755,13.255,13.375,23938,-82394,-58456,47120,-8123,38997,27734,-8275,19459,NaN,NaN,NaN,NaN,112320,23938,-82394,-58456,47120,-8123,38997,27734,-8275,19459
2007-02-04T23:00:00Z,13.44,13.59,13.33,13.56,23938,-82394,-58456,47120,-8123,38997,27734,-8275,19459,NaN,NaN,NaN,NaN,112320,23938,-82394,-58456,47120,-8123,38997,27734,-8275,19459
2007-02-05T23:00:00Z,13.525,13.89,13.46,13.675,24398,-85387,-60989,49943,-8816,41127,28081,-8219,19862,NaN,NaN,NaN,NaN,116607,24398,-85387,-60989,49943,-8816,41127,28081,-8219,19862
2007-02-06T23:00:00Z,13.675,13.81,13.615,13.71,24398,-85387,-60989,49943,-8816,41127,28081,-8219,19862,NaN,NaN,NaN,NaN,116607,24398,-85387,-60989,49943,-8816,41127,28081,-8219,19862
2007-02-07T23:00:00Z,13.665,13.89,13.51,13.77,24398,-85387,-60989,49943,-8816,41127,28081,-8219,19862,NaN,NaN,NaN,NaN,116607,24398,-85387,-60989,49943,-8816,41127,28081,-8219,19862
2007-02-08T23:00:00Z,13.845,13.97,13.775,13.915,24398,-85387,-60989,49943,-8816,41127,28081,-8219,19862,NaN,NaN,NaN,NaN,116607,24398,-85387,-60989,49943,-8816,41127,28081,-8219,19862
2007-02-11T23:00:00Z,13.98,13.985,13.515,13.715,24398,-85387,-60989,49943,-8816,41127,28081,-8219,19862,NaN,NaN,NaN,NaN,116607,24398,-85387,-60989,49943,-8816,41127,28081,-8219,19862
2007-02-12T23:00:00Z,13.67,14,13.66,13.915,25753,-89360,-63607,53943,-10381,43562,28336,-8291,20045,NaN,NaN,NaN,NaN,123596,25753,-89360,-63607,53943,-10381,43562,28336,-8291,20045
2007-02-13T23:00:00Z,13.915,14.13,13.865,13.965,25753,-89360,-63607,53943,-10381,43562,28336,-8291,20045,NaN,NaN,NaN,NaN,123596,25753,-89360,-63607,53943,-10381,43562,28336,-8291,20045
2007-02-14T23:00:00Z,14.06,14.085,13.83,13.962,25753,-89360,-63607,53943,-10381,43562,28336,-8291,20045,NaN,NaN,NaN,NaN,123596,25753,-89360,-63607,53943,-10381,43562,28336,-8291,20045
2007-02-15T23:00:00Z,14.01,14.05,13.84,13.99,25753,-89360,-63607,53943,-10381,43562,28336,-8291,20045,NaN,NaN,NaN,NaN,123596,25753,-89360,-63607,53943,-10381,43562,28336,-8291,20045
2007-02-18T23:00:00Z,14,14.075,13.97,14.015,25753,-89360,-63607,53943,-10381,43562,28336,-8291,20045,NaN,NaN,NaN,NaN,123596,25753,-89360,-63607,53943,-10381,43562,28336,-8291,20045
2007-02-19T23:00:00Z,14,14.075,13.68,13.83,26339,-90729,-64390,56923,-10495,46428,29074,-11112,17962,NaN,NaN,NaN,NaN,127032,26339,-90729,-64390,56923,-10495,46428,29074,-11112,17962
2007-02-20T23:00:00Z,13.85,14.37,13.72,14.273,26339,-90729,-64390,56923,-10495,46428,29074,-11112,17962,NaN,NaN,NaN,NaN,127032,26339,-90729,-64390,56923,-10495,46428,29074,-11112,17962
2007-02-21T23:00:00Z,14.225,14.365,14.16,14.25,26339,-90729,-64390,56923,-10495,46428,29074,-11112,17962,NaN,NaN,NaN,NaN,127032,26339,-90729,-64390,56923,-10495,46428,29074,-11112,17962
2007-02-22T23:00:00Z,14.22,14.66,14.19,14.595,26339,-90729,-64390,56923,-10495,46428,29074,-11112,17962,NaN,NaN,NaN,NaN,127032,26339,-90729,-64390,56923,-10495,46428,29074,-11112,17962
2007-02-25T23:00:00Z,14.585,14.745,14.495,14.69,26339,-90729,-64390,56923,-10495,46428,29074,-11112,17962,NaN,NaN,NaN,NaN,127032,26339,-90729,-64390,56923,-10495,46428,29074,-11112,17962
2007-02-26T23:00:00Z,14.86,14.86,14.175,14.69,22636,-95689,-73053,63891,-9502,54389,25747,-7083,18664,NaN,NaN,NaN,NaN,125249,22636,-95689,-73053,63891,-9502,54389,25747,-7083,18664
2007-02-27T23:00:00Z,14.35,14.56,14.12,14.235,22636,-95689,-73053,63891,-9502,54389,25747,-7083,18664,NaN,NaN,NaN,NaN,125249,22636,-95689,-73053,63891,-9502,54389,25747,-7083,18664
2007-02-28T23:00:00Z,14.24,14.465,13.51,13.65,22636,-95689,-73053,63891,-9502,54389,25747,-7083,18664,NaN,NaN,NaN,NaN,125249,22636,-95689,-73053,63891,-9502,54389,25747,-7083,18664
2007-03-01T23:00:00Z,13.735,13.85,12.8,12.96,22636,-95689,-73053,63891,-9502,54389,25747,-7083,18664,NaN,NaN,NaN,NaN,125249,22636,-95689,-73053,63891,-9502,54389,25747,-7083,18664
2007-03-04T23:00:00Z,13.035,13.055,12.49,12.75,22636,-95689,-73053,63891,-9502,54389,25747,-7083,18664,NaN,NaN,NaN,NaN,125249,22636,-95689,-73053,63891,-9502,54389,25747,-7083,18664
2007-03-05T23:00:00Z,12.765,13.065,12.67,12.985,28039,-84719,-56680,44348,-7308,37040,28131,-8491,19640,NaN,NaN,NaN,NaN,115412,28039,-84719,-56680,44348,-7308,37040,28131,-8491,19640
2007-03-06T23:00:00Z,13.02,13.145,12.89,13.105,28039,-84719,-56680,44348,-7308,37040,28131,-8491,19640,NaN,NaN,NaN,NaN,115412,28039,-84719,-56680,44348,-7308,37040,28131,-8491,19640
2007-03-07T23:00:00Z,13.06,13.235,13.015,13.12,28039,-84719,-56680,44348,-7308,37040,28131,-8491,19640,NaN,NaN,NaN,NaN,115412,28039,-84719,-56680,44348,-7308,37040,28131,-8491,19640
2007-03-08T23:00:00Z,13.07,13.2,12.795,13.005,28039,-84719,-56680,44348,-7308,37040,28131,-8491,19640,NaN,NaN,NaN,NaN,115412,28039,-84719,-56680,44348,-7308,37040,28131,-8491,19640
2007-03-11T22:00:00Z,13.005,13.16,12.92,13.085,28039,-84719,-56680,44348,-7308,37040,28131,-8491,19640,NaN,NaN,NaN,NaN,115412,28039,-84719,-56680,44348,-7308,37040,28131,-8491,19640
2007-03-12T22:00:00Z,13.13,13.13,12.82,12.96,29756,-81149,-51393,40204,-6920,33284,27168,-9059,18109,NaN,NaN,NaN,NaN,112728,29756,-81149,-51393,40204,-6920,33284,27168,-9059,18109
2007-03-13T22:00:00Z,12.85,12.945,12.675,12.83,29756,-81149,-51393,40204,-6920,33284,27168,-9059,18109,NaN,NaN,NaN,NaN,112728,29756,-81149,-51393,40204,-6920,33284,27168,-9059,18109
2007-03-14T22:00:00Z,12.93,13.19,12.915,13.075,29756,-81149,-51393,40204,-6920,33284,27168,-9059,18109,NaN,NaN,NaN,NaN,112728,29756,-81149,-51393,40204,-6920,33284,27168,-9059,18109
2007-03-15T22:00:00Z,13.075,13.27,13.055,13.215,29756,-81149,-51393,40204,-6920,33284,27168,-9059,18109,NaN,NaN,NaN,NaN,112728,29756,-81149,-51393,40204,-6920,33284,27168,-9059,18109
2007-03-18T22:00:00Z,13.175,13.295,13.115,13.233,29756,-81149,-51393,40204,-6920,33284,27168,-9059,18109,NaN,NaN,NaN,NaN,112728,29756,-81149,-51393,40204,-6920,33284,27168,-9059,18109
2007-03-19T22:00:00Z,13.25,13.485,13.22,13.37,30335,-81065,-50730,38039,-6475,31564,28320,-9154,19166,NaN,NaN,NaN,NaN,113072,30335,-81065,-50730,38039,-6475,31564,28320,-9154,19166
2007-03-20T22:00:00Z,13.37,13.445,13.21,13.32,30335,-81065,-50730,38039,-6475,31564,28320,-9154,19166,NaN,NaN,NaN,NaN,113072,30335,-81065,-50730,38039,-6475,31564,28320,-9154,19166
2007-03-21T22:00:00Z,13.445,13.575,13.41,13.48,30335,-81065,-50730,38039,-6475,31564,28320,-9154,19166,NaN,NaN,NaN,NaN,113072,30335,-81065,-50730,38039,-6475,31564,28320,-9154,19166
2007-03-22T22:00:00Z,13.5,13.5,13.15,13.227,30335,-81065,-50730,38039,-6475,31564,28320,-9154,19166,NaN,NaN,NaN,NaN,113072,30335,-81065,-50730,38039,-6475,31564,28320,-9154,19166
2007-03-25T22:00:00Z,13.23,13.46,13.23,13.41,30335,-81065,-50730,38039,-6475,31564,28320,-9154,19166,NaN,NaN,NaN,NaN,113072,30335,-81065,-50730,38039,-6475,31564,28320,-9154,19166
2007-03-26T22:00:00Z,13.425,13.48,13.23,13.28,28630,-80585,-51955,38443,-6365,32078,27579,-7702,19877,NaN,NaN,NaN,NaN,111348,28630,-80585,-51955,38443,-6365,32078,27579,-7702,19877
2007-03-27T22:00:00Z,13.365,13.545,13.33,13.455,28630,-80585,-51955,38443,-6365,32078,27579,-7702,19877,NaN,NaN,NaN,NaN,111348,28630,-80585,-51955,38443,-6365,32078,27579,-7702,19877
2007-03-28T22:00:00Z,13.43,13.43,13.18,13.34,28630,-80585,-51955,38443,-6365,32078,27579,-7702,19877,NaN,NaN,NaN,NaN,111348,28630,-80585,-51955,38443,-6365,32078,27579,-7702,19877
2007-03-29T22:00:00Z,13.33,13.475,13.325,13.45,28630,-80585,-51955,38443,-6365,32078,27579,-7702,19877,NaN,NaN,NaN,NaN,111348,28630,-80585,-51955,38443,-6365,32078,27579,-7702,19877
2007-04-01T22:00:00Z,13.46,13.495,13.02,13.35,28630,-80585,-51955,38443,-6365,32078,27579,-7702,19877,NaN,NaN,NaN,NaN,111348,28630,-80585,-51955,38443,-6365,32078,27579,-7702,19877
2007-04-02T22:00:00Z,13.315,13.54,13.275,13.43,25973,-77350,-51377,39399,-7739,31660,29918,-10201,19717,NaN,NaN,NaN,NaN,112120,25973,-77350,-51377,39399,-7739,31660,29918,-10201,19717
2007-04-03T22:00:00Z,13.42,13.7,13.42,13.62,25973,-77350,-51377,39399,-7739,31660,29918,-10201,19717,NaN,NaN,NaN,NaN,112120,25973,-77350,-51377,39399,-7739,31660,29918,-10201,19717
2007-04-04T22:00:00Z,13.68,13.77,13.6,13.74,25973,-77350,-51377,39399,-7739,31660,29918,-10201,19717,NaN,NaN,NaN,NaN,112120,25973,-77350,-51377,39399,-7739,31660,29918,-10201,19717
2007-04-08T22:00:00Z,13.715,13.92,13.675,13.81,25973,-77350,-51377,39399,-7739,31660,29918,-10201,19717,NaN,NaN,NaN,NaN,112120,25973,-77350,-51377,39399,-7739,31660,29918,-10201,19717
2007-04-09T22:00:00Z,13.77,14.05,13.755,13.93,26167,-81958,-55791,43105,-9375,33730,30464,-8403,22061,NaN,NaN,NaN,NaN,118004,26167,-81958,-55791,43105,-9375,33730,30464,-8403,22061
2007-04-10T22:00:00Z,13.92,14.065,13.75,13.89,26167,-81958,-55791,43105,-9375,33730,30464,-8403,22061,NaN,NaN,NaN,NaN,118004,26167,-81958,-55791,43105,-9375,33730,30464,-8403,22061
2007-04-11T22:00:00Z,13.885,13.975,13.695,13.855,26167,-81958,-55791,43105,-9375,33730,30464,-8403,22061,NaN,NaN,NaN,NaN,118004,26167,-81958,-55791,43105,-9375,33730,30464,-8403,22061
2007-04-12T22:00:00Z,13.885,14.17,13.87,14.09,26167,-81958,-55791,43105,-9375,33730,30464,-8403,22061,NaN,NaN,NaN,NaN,118004,26167,-81958,-55791,43105,-9375,33730,30464,-8403,22061
2007-04-15T22:00:00Z,14.09,14.16,13.82,14.08,26167,-81958,-55791,43105,-9375,33730,30464,-8403,22061,NaN,NaN,NaN,NaN,118004,26167,-81958,-55791,43105,-9375,33730,30464,-8403,22061
2007-04-16T22:00:00Z,14.065,14.11,13.9,14.02,26140,-84445,-58305,47030,-9997,37033,30852,-9580,21272,NaN,NaN,NaN,NaN,122313,26140,-84445,-58305,47030,-9997,37033,30852,-9580,21272
2007-04-17T22:00:00Z,13.93,14.09,13.88,13.975,26140,-84445,-58305,47030,-9997,37033,30852,-9580,21272,NaN,NaN,NaN,NaN,122313,26140,-84445,-58305,47030,-9997,37033,30852,-9580,21272
2007-04-18T22:00:00Z,14,14.06,13.55,13.735,26140,-84445,-58305,47030,-9997,37033,30852,-9580,21272,NaN,NaN,NaN,NaN,122313,26140,-84445,-58305,47030,-9997,37033,30852,-9580,21272
2007-04-19T22:00:00Z,13.7,14.01,13.69,13.955,26140,-84445,-58305,47030,-9997,37033,30852,-9580,21272,NaN,NaN,NaN,NaN,122313,26140,-84445,-58305,47030,-9997,37033,30852,-9580,21272
2007-04-22T22:00:00Z,13.955,14.11,13.86,14.05,26140,-84445,-58305,47030,-9997,37033,30852,-9580,21272,NaN,NaN,NaN,NaN,122313,26140,-84445,-58305,47030,-9997,37033,30852,-9580,21272
2007-04-23T22:00:00Z,14.05,14.09,13.71,13.782,27432,-86088,-58656,48794,-10378,38416,29705,-9465,20240,NaN,NaN,NaN,NaN,123627,27432,-86088,-58656,48794,-10378,38416,29705,-9465,20240
2007-04-24T22:00:00Z,13.77,13.89,13.73,13.765,27432,-86088,-58656,48794,-10378,38416,29705,-9465,20240,NaN,NaN,NaN,NaN,123627,27432,-86088,-58656,48794,-10378,38416,29705,-9465,20240
2007-04-25T22:00:00Z,13.8,13.84,13.175,13.325,27432,-86088,-58656,48794,-10378,38416,29705,-9465,20240,NaN,NaN,NaN,NaN,123627,27432,-86088,-58656,48794,-10378,38416,29705,-9465,20240
2007-04-26T22:00:00Z,13.455,13.69,13.365,13.575,27432,-86088,-58656,48794,-10378,38416,29705,-9465,20240,NaN,NaN,NaN,NaN,123627,27432,-86088,-58656,48794,-10378,38416,29705,-9465,20240
2007-04-29T22:00:00Z,13.665,13.685,13.485,13.575,27432,-86088,-58656,48794,-10378,38416,29705,-9465,20240,NaN,NaN,NaN,NaN,123627,27432,-86088,-58656,48794,-10378,38416,29705,-9465,20240
2007-04-30T22:00:00Z,13.515,13.585,13.205,13.37,22005,-75542,-53537,43129,-11404,31725,29213,-7401,21812,NaN,NaN,NaN,NaN,109108,22005,-75542,-53537,43129,-11404,31725,29213,-7401,21812
2007-05-01T22:00:00Z,13.385,13.48,13.13,13.335,22005,-75542,-53537,43129,-11404,31725,29213,-7401,21812,NaN,NaN,NaN,NaN,109108,22005,-75542,-53537,43129,-11404,31725,29213,-7401,21812
2007-05-02T22:00:00Z,13.33,13.56,13.3,13.51,22005,-75542,-53537,43129,-11404,31725,29213,-7401,21812,NaN,NaN,NaN,NaN,109108,22005,-75542,-53537,43129,-11404,31725,29213,-7401,21812
2007-05-03T22:00:00Z,13.52,13.705,13.455,13.53,22005,-75542,-53537,43129,-11404,31725,29213,-7401,21812,NaN,NaN,NaN,NaN,109108,22005,-75542,-53537,43129,-11404,31725,29213,-7401,21812
2007-05-06T22:00:00Z,13.55,13.695,13.54,13.64,22005,-75542,-53537,43129,-11404,31725,29213,-7401,21812,NaN,NaN,NaN,NaN,109108,22005,-75542,-53537,43129,-11404,31725,29213,-7401,21812
2007-05-07T22:00:00Z,13.62,13.665,13.405,13.6,23074,-73766,-50692,41590,-11929,29661,29166,-8135,21031,NaN,NaN,NaN,NaN,108852,23074,-73766,-50692,41590,-11929,29661,29166,-8135,21031
2007-05-08T22:00:00Z,13.59,13.62,13.285,13.47,23074,-73766,-50692,41590,-11929,29661,29166,-8135,21031,NaN,NaN,NaN,NaN,108852,23074,-73766,-50692,41590,-11929,29661,29166,-8135,21031
2007-05-09T22:00:00Z,13.495,13.5,13.09,13.14,23074,-73766,-50692,41590,-11929,29661,29166,-8135,21031,NaN,NaN,NaN,NaN,108852,23074,-73766,-50692,41590,-11929,29661,29166,-8135,21031
2007-05-10T22:00:00Z,13.105,13.4,13.025,13.305,23074,-73766,-50692,41590,-11929,29661,29166,-8135,21031,NaN,NaN,NaN,NaN,108852,23074,-73766,-50692,41590,-11929,29661,29166,-8135,21031
2007-05-13T22:00:00Z,13.31,13.345,13.125,13.235,23074,-73766,-50692,41590,-11929,29661,29166,-8135,21031,NaN,NaN,NaN,NaN,108852,23074,-73766,-50692,41590,-11929,29661,29166,-8135,21031
2007-05-14T22:00:00Z,13.23,13.36,13.08,13.315,23602,-74081,-50479,41376,-11620,29756,28202,-7479,20723,NaN,NaN,NaN,NaN,108698,23602,-74081,-50479,41376,-11620,29756,28202,-7479,20723
2007-05-15T22:00:00Z,13.3,13.3,12.88,12.93,23602,-74081,-50479,41376,-11620,29756,28202,-7479,20723,NaN,NaN,NaN,NaN,108698,23602,-74081,-50479,41376,-11620,29756,28202,-7479,20723
2007-05-16T22:00:00Z,12.99,13.015,12.76,12.883,23602,-74081,-50479,41376,-11620,29756,28202,-7479,20723,NaN,NaN,NaN,NaN,108698,23602,-74081,-50479,41376,-11620,29756,28202,-7479,20723
2007-05-17T22:00:00Z,12.91,13.08,12.84,13.003,23602,-74081,-50479,41376,-11620,29756,28202,-7479,20723,NaN,NaN,NaN,NaN,108698,23602,-74081,-50479,41376,-11620,29756,28202,-7479,20723
2007-05-20T22:00:00Z,13.015,13.175,12.9,13.13,23602,-74081,-50479,41376,-11620,29756,28202,-7479,20723,NaN,NaN,NaN,NaN,108698,23602,-74081,-50479,41376,-11620,29756,28202,-7479,20723
2007-05-21T22:00:00Z,13.13,13.2,12.98,12.99,24336,-68807,-44471,39806,-14479,25327,27496,-8352,19144,NaN,NaN,NaN,NaN,108612,24336,-68807,-44471,39806,-14479,25327,27496,-8352,19144
2007-05-22T22:00:00Z,13.01,13.2,12.955,13.105,24336,-68807,-44471,39806,-14479,25327,27496,-8352,19144,NaN,NaN,NaN,NaN,108612,24336,-68807,-44471,39806,-14479,25327,27496,-8352,19144
2007-05-23T22:00:00Z,13.1,13.15,12.835,12.92,24336,-68807,-44471,39806,-14479,25327,27496,-8352,19144,NaN,NaN,NaN,NaN,108612,24336,-68807,-44471,39806,-14479,25327,27496,-8352,19144
2007-05-24T22:00:00Z,12.895,13.035,12.895,13,24336,-68807,-44471,39806,-14479,25327,27496,-8352,19144,NaN,NaN,NaN,NaN,108612,24336,-68807,-44471,39806,-14479,25327,27496,-8352,19144
2007-05-28T22:00:00Z,12.99,13.34,12.955,13.223,24132,-71062,-46930,41409,-13717,27692,28493,-9255,19238,NaN,NaN,NaN,NaN,111742,24132,-71062,-46930,41409,-13717,27692,28493,-9255,19238
2007-05-29T22:00:00Z,13.2,13.25,13.085,13.22,24132,-71062,-46930,41409,-13717,27692,28493,-9255,19238,NaN,NaN,NaN,NaN,111742,24132,-71062,-46930,41409,-13717,27692,28493,-9255,19238
2007-05-30T22:00:00Z,13.23,13.58,13.215,13.47,24132,-71062,-46930,41409,-13717,27692,28493,-9255,19238,NaN,NaN,NaN,NaN,111742,24132,-71062,-46930,41409,-13717,27692,28493,-9255,19238
2007-05-31T22:00:00Z,13.495,13.765,13.48,13.74,24132,-71062,-46930,41409,-13717,27692,28493,-9255,19238,NaN,NaN,NaN,NaN,111742,24132,-71062,-46930,41409,-13717,27692,28493,-9255,19238
2007-06-03T22:00:00Z,13.73,13.85,13.685,13.745,24132,-71062,-46930,41409,-13717,27692,28493,-9255,19238,NaN,NaN,NaN,NaN,111742,24132,-71062,-46930,41409,-13717,27692,28493,-9255,19238
2007-06-04T22:00:00Z,13.755,13.87,13.72,13.812,22250,-75366,-53116,44461,-11980,32481,29655,-9020,20635,NaN,NaN,NaN,NaN,115097,22250,-75366,-53116,44461,-11980,32481,29655,-9020,20635
2007-06-05T22:00:00Z,13.815,13.86,13.645,13.717,22250,-75366,-53116,44461,-11980,32481,29655,-9020,20635,NaN,NaN,NaN,NaN,115097,22250,-75366,-53116,44461,-11980,32481,29655,-9020,20635
2007-06-06T22:00:00Z,13.735,13.82,13.43,13.48,22250,-75366,-53116,44461,-11980,32481,29655,-9020,20635,NaN,NaN,NaN,NaN,115097,22250,-75366,-53116,44461,-11980,32481,29655,-9020,20635
2007-06-07T22:00:00Z,13.475,13.55,12.97,13.04,22250,-75366,-53116,44461,-11980,32481,29655,-9020,20635,NaN,NaN,NaN,NaN,115097,22250,-75366,-53116,44461,-11980,32481,29655,-9020,20635
2007-06-10T22:00:00Z,13.125,13.295,13.06,13.275,22250,-75366,-53116,44461,-11980,32481,29655,-9020,20635,NaN,NaN,NaN,NaN,115097,22250,-75366,-53116,44461,-11980,32481,29655,-9020,20635
2007-06-11T22:00:00Z,13.25,13.27,13.02,13.09,24552,-75384,-50832,44174,-12494,31680,28123,-8971,19152,NaN,NaN,NaN,NaN,119583,24552,-75384,-50832,44174,-12494,31680,28123,-8971,19152
2007-06-12T22:00:00Z,13.035,13.2,12.845,13.06,24552,-75384,-50832,44174,-12494,31680,28123,-8971,19152,NaN,NaN,NaN,NaN,119583,24552,-75384,-50832,44174,-12494,31680,28123,-8971,19152
2007-06-13T22:00:00Z,13.135,13.23,12.97,13.165,24552,-75384,-50832,44174,-12494,31680,28123,-8971,19152,NaN,NaN,NaN,NaN,119583,24552,-75384,-50832,44174,-12494,31680,28123,-8971,19152
2007-06-14T22:00:00Z,13.15,13.275,13.065,13.26,24552,-75384,-50832,44174,-12494,31680,28123,-8971,19152,NaN,NaN,NaN,NaN,119583,24552,-75384,-50832,44174,-12494,31680,28123,-8971,19152
2007-06-17T22:00:00Z,13.25,13.395,13.2,13.235,24552,-75384,-50832,44174,-12494,31680,28123,-8971,19152,NaN,NaN,NaN,NaN,119583,24552,-75384,-50832,44174,-12494,31680,28123,-8971,19152
2007-06-18T22:00:00Z,13.215,13.36,13.115,13.325,27269,-82078,-54809,44649,-9953,34696,29623,-9510,20113,NaN,NaN,NaN,NaN,124252,27269,-82078,-54809,44649,-9953,34696,29623,-9510,20113
2007-06-19T22:00:00Z,13.35,13.415,13.16,13.25,27269,-82078,-54809,44649,-9953,34696,29623,-9510,20113,NaN,NaN,NaN,NaN,124252,27269,-82078,-54809,44649,-9953,34696,29623,-9510,20113
2007-06-20T22:00:00Z,13.185,13.265,12.965,13.09,27269,-82078,-54809,44649,-9953,34696,29623,-9510,20113,NaN,NaN,NaN,NaN,124252,27269,-82078,-54809,44649,-9953,34696,29623,-9510,20113
2007-06-21T22:00:00Z,13.115,13.19,12.99,13.02,27269,-82078,-54809,44649,-9953,34696,29623,-9510,20113,NaN,NaN,NaN,NaN,124252,27269,-82078,-54809,44649,-9953,34696,29623,-9510,20113
2007-06-24T22:00:00Z,13.03,13.07,12.81,12.877,27269,-82078,-54809,44649,-9953,34696,29623,-9510,20113,NaN,NaN,NaN,NaN,124252,27269,-82078,-54809,44649,-9953,34696,29623,-9510,20113
2007-06-25T22:00:00Z,12.86,12.9,12.135,12.28,28444,-76366,-47922,40565,-12713,27852,31206,-11136,20070,NaN,NaN,NaN,NaN,120288,28444,-76366,-47922,40565,-12713,27852,31206,-11136,20070
2007-06-26T22:00:00Z,12.245,12.36,12.125,12.21,28444,-76366,-47922,40565,-12713,27852,31206,-11136,20070,NaN,NaN,NaN,NaN,120288,28444,-76366,-47922,40565,-12713,27852,31206,-11136,20070
2007-06-27T22:00:00Z,12.415,12.59,12.385,12.505,28444,-76366,-47922,40565,-12713,27852,31206,-11136,20070,NaN,NaN,NaN,NaN,120288,28444,-76366,-47922,40565,-12713,27852,31206,-11136,20070
2007-06-28T22:00:00Z,12.58,12.675,12.355,12.473,28444,-76366,-47922,40565,-12713,27852,31206,-11136,20070,NaN,NaN,NaN,NaN,120288,28444,-76366,-47922,40565,-12713,27852,31206,-11136,20070
2007-07-01T22:00:00Z,12.51,12.765,12.51,12.74,28444,-76366,-47922,40565,-12713,27852,31206,-11136,20070,NaN,NaN,NaN,NaN,120288,28444,-76366,-47922,40565,-12713,27852,31206,-11136,20070
2007-07-02T22:00:00Z,12.735,12.785,12.56,12.685,29864,-71918,-42054,40070,-16067,24003,28087,-10036,18051,NaN,NaN,NaN,NaN,117290,29864,-71918,-42054,40070,-16067,24003,28087,-10036,18051
2007-07-03T22:00:00Z,12.715,12.78,12.68,12.755,29864,-71918,-42054,40070,-16067,24003,28087,-10036,18051,NaN,NaN,NaN,NaN,117290,29864,-71918,-42054,40070,-16067,24003,28087,-10036,18051
2007-07-04T22:00:00Z,12.715,12.78,12.495,12.58,29864,-71918,-42054,40070,-16067,24003,28087,-10036,18051,NaN,NaN,NaN,NaN,117290,29864,-71918,-42054,40070,-16067,24003,28087,-10036,18051
2007-07-05T22:00:00Z,12.57,12.865,12.42,12.757,29864,-71918,-42054,40070,-16067,24003,28087,-10036,18051,NaN,NaN,NaN,NaN,117290,29864,-71918,-42054,40070,-16067,24003,28087,-10036,18051
2007-07-08T22:00:00Z,12.79,12.965,12.765,12.82,29864,-71918,-42054,40070,-16067,24003,28087,-10036,18051,NaN,NaN,NaN,NaN,117290,29864,-71918,-42054,40070,-16067,24003,28087,-10036,18051
2007-07-09T22:00:00Z,12.8,13.085,12.79,12.975,29107,-73814,-44707,40880,-14402,26478,27804,-9575,18229,NaN,NaN,NaN,NaN,116724,29107,-73814,-44707,40880,-14402,26478,27804,-9575,18229
2007-07-10T22:00:00Z,12.985,13.09,12.915,12.975,29107,-73814,-44707,40880,-14402,26478,27804,-9575,18229,NaN,NaN,NaN,NaN,116724,29107,-73814,-44707,40880,-14402,26478,27804,-9575,18229
2007-07-11T22:00:00Z,12.99,13.225,12.955,13.18,29107,-73814,-44707,40880,-14402,26478,27804,-9575,18229,NaN,NaN,NaN,NaN,116724,29107,-73814,-44707,40880,-14402,26478,27804,-9575,18229
2007-07-12T22:00:00Z,13.18,13.235,13.075,13.11,29107,-73814,-44707,40880,-14402,26478,27804,-9575,18229,NaN,NaN,NaN,NaN,116724,29107,-73814,-44707,40880,-14402,26478,27804,-9575,18229
2007-07-15T22:00:00Z,13.11,13.175,13.015,13.065,29107,-73814,-44707,40880,-14402,26478,27804,-9575,18229,NaN,NaN,NaN,NaN,116724,29107,-73814,-44707,40880,-14402,26478,27804,-9575,18229
2007-07-16T22:00:00Z,13.03,13.14,12.925,13.018,27296,-74216,-46920,39986,-12046,27940,27959,-8979,18980,NaN,NaN,NaN,NaN,115546,27296,-74216,-46920,39986,-12046,27940,27959,-8979,18980
2007-07-17T22:00:00Z,12.99,13.35,12.965,13.29,27296,-74216,-46920,39986,-12046,27940,27959,-8979,18980,NaN,NaN,NaN,NaN,115546,27296,-74216,-46920,39986,-12046,27940,27959,-8979,18980
2007-07-18T22:00:00Z,13.285,13.4,13.245,13.375,27296,-74216,-46920,39986,-12046,27940,27959,-8979,18980,NaN,NaN,NaN,NaN,115546,27296,-74216,-46920,39986,-12046,27940,27959,-8979,18980
2007-07-19T22:00:00Z,13.335,13.5,13.3,13.403,27296,-74216,-46920,39986,-12046,27940,27959,-8979,18980,NaN,NaN,NaN,NaN,115546,27296,-74216,-46920,39986,-12046,27940,27959,-8979,18980
2007-07-22T22:00:00Z,13.4,13.48,13.31,13.33,27296,-74216,-46920,39986,-12046,27940,27959,-8979,18980,NaN,NaN,NaN,NaN,115546,27296,-74216,-46920,39986,-12046,27940,27959,-8979,18980
2007-07-23T22:00:00Z,13.33,13.59,13.265,13.443,25919,-78207,-52288,42754,-10411,32343,28249,-8304,19945,NaN,NaN,NaN,NaN,119064,25919,-78207,-52288,42754,-10411,32343,28249,-8304,19945
2007-07-24T22:00:00Z,13.325,13.355,13.105,13.15,25919,-78207,-52288,42754,-10411,32343,28249,-8304,19945,NaN,NaN,NaN,NaN,119064,25919,-78207,-52288,42754,-10411,32343,28249,-8304,19945
2007-07-25T22:00:00Z,13.18,13.235,12.755,12.95,25919,-78207,-52288,42754,-10411,32343,28249,-8304,19945,NaN,NaN,NaN,NaN,119064,25919,-78207,-52288,42754,-10411,32343,28249,-8304,19945
2007-07-26T22:00:00Z,12.88,13.005,12.65,12.715,25919,-78207,-52288,42754,-10411,32343,28249,-8304,19945,NaN,NaN,NaN,NaN,119064,25919,-78207,-52288,42754,-10411,32343,28249,-8304,19945
2007-07-29T22:00:00Z,12.7,12.96,12.685,12.903,25919,-78207,-52288,42754,-10411,32343,28249,-8304,19945,NaN,NaN,NaN,NaN,119064,25919,-78207,-52288,42754,-10411,32343,28249,-8304,19945
2007-07-30T22:00:00Z,12.955,13.09,12.86,13.017,29692,-76627,-46935,38580,-11211,27369,29193,-9627,19566,NaN,NaN,NaN,NaN,118550,29692,-76627,-46935,38580,-11211,27369,29193,-9627,19566
2007-07-31T22:00:00Z,12.91,13.075,12.74,12.955,29692,-76627,-46935,38580,-11211,27369,29193,-9627,19566,NaN,NaN,NaN,NaN,118550,29692,-76627,-46935,38580,-11211,27369,29193,-9627,19566
2007-08-01T22:00:00Z,13.055,13.085,12.955,12.995,29692,-76627,-46935,38580,-11211,27369,29193,-9627,19566,NaN,NaN,NaN,NaN,118550,29692,-76627,-46935,38580,-11211,27369,29193,-9627,19566
2007-08-02T22:00:00Z,13.01,13.2,12.985,13.158,29692,-76627,-46935,38580,-11211,27369,29193,-9627,19566,NaN,NaN,NaN,NaN,118550,29692,-76627,-46935,38580,-11211,27369,29193,-9627,19566
2007-08-05T22:00:00Z,13.14,13.205,12.92,13.033,29692,-76627,-46935,38580,-11211,27369,29193,-9627,19566,NaN,NaN,NaN,NaN,118550,29692,-76627,-46935,38580,-11211,27369,29193,-9627,19566
2007-08-06T22:00:00Z,13.01,13.17,12.925,13.095,31888,-79448,-47560,39317,-10377,28940,28660,-10040,18620,NaN,NaN,NaN,NaN,122787,31888,-79448,-47560,39317,-10377,28940,28660,-10040,18620
2007-08-07T22:00:00Z,13.125,13.25,13.05,13.17,31888,-79448,-47560,39317,-10377,28940,28660,-10040,18620,NaN,NaN,NaN,NaN,122787,31888,-79448,-47560,39317,-10377,28940,28660,-10040,18620
2007-08-08T22:00:00Z,13.145,13.165,12.625,12.705,31888,-79448,-47560,39317,-10377,28940,28660,-10040,18620,NaN,NaN,NaN,NaN,122787,31888,-79448,-47560,39317,-10377,28940,28660,-10040,18620
2007-08-09T22:00:00Z,12.685,13.06,12.605,12.87,31888,-79448,-47560,39317,-10377,28940,28660,-10040,18620,NaN,NaN,NaN,NaN,122787,31888,-79448,-47560,39317,-10377,28940,28660,-10040,18620
2007-08-12T22:00:00Z,12.87,12.92,12.75,12.855,31888,-79448,-47560,39317,-10377,28940,28660,-10040,18620,NaN,NaN,NaN,NaN,122787,31888,-79448,-47560,39317,-10377,28940,28660,-10040,18620
2007-08-13T22:00:00Z,12.82,12.91,12.7,12.748,33866,-80298,-46432,36203,-9256,26947,28866,-9381,19485,NaN,NaN,NaN,NaN,122912,33866,-80298,-46432,36203,-9256,26947,28866,-9381,19485
2007-08-14T22:00:00Z,12.725,12.765,12.335,12.555,33866,-80298,-46432,36203,-9256,26947,28866,-9381,19485,NaN,NaN,NaN,NaN,122912,33866,-80298,-46432,36203,-9256,26947,28866,-9381,19485
2007-08-15T22:00:00Z,12.5,12.56,11.06,11.495,33866,-80298,-46432,36203,-9256,26947,28866,-9381,19485,NaN,NaN,NaN,NaN,122912,33866,-80298,-46432,36203,-9256,26947,28866,-9381,19485
2007-08-16T22:00:00Z,11.765,12.015,11.49,11.8,33866,-80298,-46432,36203,-9256,26947,28866,-9381,19485,NaN,NaN,NaN,NaN,122912,33866,-80298,-46432,36203,-9256,26947,28866,-9381,19485
2007-08-19T22:00:00Z,11.795,11.975,11.62,11.735,33866,-80298,-46432,36203,-9256,26947,28866,-9381,19485,NaN,NaN,NaN,NaN,122912,33866,-80298,-46432,36203,-9256,26947,28866,-9381,19485
2007-08-20T22:00:00Z,11.76,11.84,11.455,11.51,35312,-70734,-35422,32607,-12809,19798,25531,-9907,15624,NaN,NaN,NaN,NaN,117914,35312,-70734,-35422,32607,-12809,19798,25531,-9907,15624
2007-08-21T22:00:00Z,11.565,11.79,11.52,11.565,35312,-70734,-35422,32607,-12809,19798,25531,-9907,15624,NaN,NaN,NaN,NaN,117914,35312,-70734,-35422,32607,-12809,19798,25531,-9907,15624
2007-08-22T22:00:00Z,11.645,11.895,11.62,11.64,35312,-70734,-35422,32607,-12809,19798,25531,-9907,15624,NaN,NaN,NaN,NaN,117914,35312,-70734,-35422,32607,-12809,19798,25531,-9907,15624
2007-08-23T22:00:00Z,11.725,12.005,11.58,11.94,35312,-70734,-35422,32607,-12809,19798,25531,-9907,15624,NaN,NaN,NaN,NaN,117914,35312,-70734,-35422,32607,-12809,19798,25531,-9907,15624
2007-08-26T22:00:00Z,11.95,11.99,11.73,11.765,35312,-70734,-35422,32607,-12809,19798,25531,-9907,15624,NaN,NaN,NaN,NaN,117914,35312,-70734,-35422,32607,-12809,19798,25531,-9907,15624
2007-08-27T22:00:00Z,11.74,11.905,11.675,11.765,35002,-61984,-26982,25712,-16050,9662,27917,-10597,17320,NaN,NaN,NaN,NaN,111791,35002,-61984,-26982,25712,-16050,9662,27917,-10597,17320
2007-08-28T22:00:00Z,11.745,11.925,11.705,11.845,35002,-61984,-26982,25712,-16050,9662,27917,-10597,17320,NaN,NaN,NaN,NaN,111791,35002,-61984,-26982,25712,-16050,9662,27917,-10597,17320
2007-08-29T22:00:00Z,12.075,12.075,11.89,11.96,35002,-61984,-26982,25712,-16050,9662,27917,-10597,17320,NaN,NaN,NaN,NaN,111791,35002,-61984,-26982,25712,-16050,9662,27917,-10597,17320
2007-08-30T22:00:00Z,11.945,12.275,11.93,12.23,35002,-61984,-26982,25712,-16050,9662,27917,-10597,17320,NaN,NaN,NaN,NaN,111791,35002,-61984,-26982,25712,-16050,9662,27917,-10597,17320
2007-09-02T22:00:00Z,12.26,12.36,12.2,12.28,35002,-61984,-26982,25712,-16050,9662,27917,-10597,17320,NaN,NaN,NaN,NaN,111791,35002,-61984,-26982,25712,-16050,9662,27917,-10597,17320
2007-09-03T22:00:00Z,12.26,12.515,12.16,12.448,33683,-58516,-24833,25965,-16688,9277,25899,-10343,15556,NaN,NaN,NaN,NaN,107814,33683,-58516,-24833,25965,-16688,9277,25899,-10343,15556
2007-09-04T22:00:00Z,12.43,12.46,12.265,12.355,33683,-58516,-24833,25965,-16688,9277,25899,-10343,15556,NaN,NaN,NaN,NaN,107814,33683,-58516,-24833,25965,-16688,9277,25899,-10343,15556
2007-09-05T22:00:00Z,12.375,12.67,12.35,12.533,33683,-58516,-24833,25965,-16688,9277,25899,-10343,15556,NaN,NaN,NaN,NaN,107814,33683,-58516,-24833,25965,-16688,9277,25899,-10343,15556
2007-09-06T22:00:00Z,12.585,12.845,12.53,12.76,33683,-58516,-24833,25965,-16688,9277,25899,-10343,15556,NaN,NaN,NaN,NaN,107814,33683,-58516,-24833,25965,-16688,9277,25899,-10343,15556
2007-09-09T22:00:00Z,12.69,12.86,12.56,12.7,33683,-58516,-24833,25965,-16688,9277,25899,-10343,15556,NaN,NaN,NaN,NaN,107814,33683,-58516,-24833,25965,-16688,9277,25899,-10343,15556
2007-09-10T22:00:00Z,12.69,12.95,12.635,12.835,31369,-57796,-26427,27426,-16582,10844,26109,-10526,15583,NaN,NaN,NaN,NaN,108199,31369,-57796,-26427,27426,-16582,10844,26109,-10526,15583
2007-09-11T22:00:00Z,12.84,12.925,12.645,12.793,31369,-57796,-26427,27426,-16582,10844,26109,-10526,15583,NaN,NaN,NaN,NaN,108199,31369,-57796,-26427,27426,-16582,10844,26109,-10526,15583
2007-09-12T22:00:00Z,12.765,12.8,12.49,12.68,31369,-57796,-26427,27426,-16582,10844,26109,-10526,15583,NaN,NaN,NaN,NaN,108199,31369,-57796,-26427,27426,-16582,10844,26109,-10526,15583
2007-09-13T22:00:00Z,12.67,12.935,12.585,12.705,31369,-57796,-26427,27426,-16582,10844,26109,-10526,15583,NaN,NaN,NaN,NaN,108199,31369,-57796,-26427,27426,-16582,10844,26109,-10526,15583
2007-09-16T22:00:00Z,12.68,12.98,12.675,12.9,31369,-57796,-26427,27426,-16582,10844,26109,-10526,15583,NaN,NaN,NaN,NaN,108199,31369,-57796,-26427,27426,-16582,10844,26109,-10526,15583
2007-09-17T22:00:00Z,12.945,13.23,12.825,12.925,31931,-61152,-29221,28450,-15241,13209,25653,-9641,16012,NaN,NaN,NaN,NaN,109750,31931,-61152,-29221,28450,-15241,13209,25653,-9641,16012
2007-09-18T22:00:00Z,13.12,13.24,13.03,13.105,31931,-61152,-29221,28450,-15241,13209,25653,-9641,16012,NaN,NaN,NaN,NaN,109750,31931,-61152,-29221,28450,-15241,13209,25653,-9641,16012
2007-09-19T22:00:00Z,13.085,13.64,13.035,13.47,31931,-61152,-29221,28450,-15241,13209,25653,-9641,16012,NaN,NaN,NaN,NaN,109750,31931,-61152,-29221,28450,-15241,13209,25653,-9641,16012
2007-09-20T22:00:00Z,13.5,13.8,13.435,13.665,31931,-61152,-29221,28450,-15241,13209,25653,-9641,16012,NaN,NaN,NaN,NaN,109750,31931,-61152,-29221,28450,-15241,13209,25653,-9641,16012
2007-09-23T22:00:00Z,13.65,13.87,13.535,13.64,31931,-61152,-29221,28450,-15241,13209,25653,-9641,16012,NaN,NaN,NaN,NaN,109750,31931,-61152,-29221,28450,-15241,13209,25653,-9641,16012
2007-09-24T22:00:00Z,13.59,13.64,13.325,13.62,26429,-68589,-42160,37848,-13085,24763,26060,-8663,17397,NaN,NaN,NaN,NaN,116537,26429,-68589,-42160,37848,-13085,24763,26060,-8663,17397
2007-09-25T22:00:00Z,13.61,13.745,13.465,13.545,26429,-68589,-42160,37848,-13085,24763,26060,-8663,17397,NaN,NaN,NaN,NaN,116537,26429,-68589,-42160,37848,-13085,24763,26060,-8663,17397
2007-09-26T22:00:00Z,13.52,13.73,13.48,13.645,26429,-68589,-42160,37848,-13085,24763,26060,-8663,17397,NaN,NaN,NaN,NaN,116537,26429,-68589,-42160,37848,-13085,24763,26060,-8663,17397
2007-09-27T22:00:00Z,13.67,14,13.625,13.92,26429,-68589,-42160,37848,-13085,24763,26060,-8663,17397,NaN,NaN,NaN,NaN,116537,26429,-68589,-42160,37848,-13085,24763,26060,-8663,17397
2007-09-30T22:00:00Z,13.935,13.99,13.76,13.855,26429,-68589,-42160,37848,-13085,24763,26060,-8663,17397,NaN,NaN,NaN,NaN,116537,26429,-68589,-42160,37848,-13085,24763,26060,-8663,17397
2007-10-01T22:00:00Z,13.85,13.86,13.18,13.45,25629,-70478,-44849,39347,-12749,26598,26489,-8238,18251,NaN,NaN,NaN,NaN,117498,25629,-70478,-44849,39347,-12749,26598,26489,-8238,18251
2007-10-02T22:00:00Z,13.455,13.595,13.35,13.47,25629,-70478,-44849,39347,-12749,26598,26489,-8238,18251,NaN,NaN,NaN,NaN,117498,25629,-70478,-44849,39347,-12749,26598,26489,-8238,18251
2007-10-03T22:00:00Z,13.43,13.53,13.15,13.5,25629,-70478,-44849,39347,-12749,26598,26489,-8238,18251,NaN,NaN,NaN,NaN,117498,25629,-70478,-44849,39347,-12749,26598,26489,-8238,18251
2007-10-04T22:00:00Z,13.49,13.63,13.31,13.49,25629,-70478,-44849,39347,-12749,26598,26489,-8238,18251,NaN,NaN,NaN,NaN,117498,25629,-70478,-44849,39347,-12749,26598,26489,-8238,18251
2007-10-07T22:00:00Z,13.52,13.545,13.325,13.36,25629,-70478,-44849,39347,-12749,26598,26489,-8238,18251,NaN,NaN,NaN,NaN,117498,25629,-70478,-44849,39347,-12749,26598,26489,-8238,18251
2007-10-08T22:00:00Z,13.345,13.685,13.25,13.583,26687,-73685,-46998,41278,-13029,28249,26577,-7828,18749,NaN,NaN,NaN,NaN,120478,26687,-73685,-46998,41278,-13029,28249,26577,-7828,18749
2007-10-09T22:00:00Z,13.61,13.79,13.585,13.668,26687,-73685,-46998,41278,-13029,28249,26577,-7828,18749,NaN,NaN,NaN,NaN,120478,26687,-73685,-46998,41278,-13029,28249,26577,-7828,18749
2007-10-10T22:00:00Z,13.675,14.03,13.65,13.985,26687,-73685,-46998,41278,-13029,28249,26577,-7828,18749,NaN,NaN,NaN,NaN,120478,26687,-73685,-46998,41278,-13029,28249,26577,-7828,18749
2007-10-11T22:00:00Z,13.865,13.995,13.795,13.903,26687,-73685,-46998,41278,-13029,28249,26577,-7828,18749,NaN,NaN,NaN,NaN,120478,26687,-73685,-46998,41278,-13029,28249,26577,-7828,18749
2007-10-14T22:00:00Z,13.915,14.12,13.83,13.855,26687,-73685,-46998,41278,-13029,28249,26577,-7828,18749,NaN,NaN,NaN,NaN,120478,26687,-73685,-46998,41278,-13029,28249,26577,-7828,18749
2007-10-15T22:00:00Z,13.88,14.09,13.6,13.658,27425,-76032,-48607,41936,-13040,28896,28392,-8681,19711,NaN,NaN,NaN,NaN,124780,27425,-76032,-48607,41936,-13040,28896,28392,-8681,19711
2007-10-16T22:00:00Z,13.695,13.915,13.61,13.75,27425,-76032,-48607,41936,-13040,28896,28392,-8681,19711,NaN,NaN,NaN,NaN,124780,27425,-76032,-48607,41936,-13040,28896,28392,-8681,19711
2007-10-17T22:00:00Z,13.735,13.9,13.695,13.803,27425,-76032,-48607,41936,-13040,28896,28392,-8681,19711,NaN,NaN,NaN,NaN,124780,27425,-76032,-48607,41936,-13040,28896,28392,-8681,19711
2007-10-18T22:00:00Z,13.885,13.995,13.365,13.635,27425,-76032,-48607,41936,-13040,28896,28392,-8681,19711,NaN,NaN,NaN,NaN,124780,27425,-76032,-48607,41936,-13040,28896,28392,-8681,19711
2007-10-21T22:00:00Z,13.64,13.67,13.325,13.555,27425,-76032,-48607,41936,-13040,28896,28392,-8681,19711,NaN,NaN,NaN,NaN,124780,27425,-76032,-48607,41936,-13040,28896,28392,-8681,19711
2007-10-22T22:00:00Z,13.505,13.72,13.505,13.65,28464,-75619,-47155,40818,-12298,28520,27390,-8755,18635,NaN,NaN,NaN,NaN,122842,28464,-75619,-47155,40818,-12298,28520,27390,-8755,18635
2007-10-23T22:00:00Z,13.66,13.685,13.45,13.59,28464,-75619,-47155,40818,-12298,28520,27390,-8755,18635,NaN,NaN,NaN,NaN,122842,28464,-75619,-47155,40818,-12298,28520,27390,-8755,18635
2007-10-24T22:00:00Z,13.645,14.095,13.615,13.905,28464,-75619,-47155,40818,-12298,28520,27390,-8755,18635,NaN,NaN,NaN,NaN,122842,28464,-75619,-47155,40818,-12298,28520,27390,-8755,18635
2007-10-25T22:00:00Z,13.955,14.32,13.95,14.28,28464,-75619,-47155,40818,-12298,28520,27390,-8755,18635,NaN,NaN,NaN,NaN,122842,28464,-75619,-47155,40818,-12298,28520,27390,-8755,18635
2007-10-28T22:00:00Z,14.48,14.59,14.29,14.43,28464,-75619,-47155,40818,-12298,28520,27390,-8755,18635,NaN,NaN,NaN,NaN,122842,28464,-75619,-47155,40818,-12298,28520,27390,-8755,18635
2007-10-29T22:00:00Z,14.57,14.645,14.195,14.328,29344,-80532,-51188,44222,-13733,30489,29483,-8784,20699,NaN,NaN,NaN,NaN,133518,29344,-80532,-51188,44222,-13733,30489,29483,-8784,20699
2007-10-30T22:00:00Z,14.22,14.615,14.18,14.438,29344,-80532,-51188,44222,-13733,30489,29483,-8784,20699,NaN,NaN,NaN,NaN,133518,29344,-80532,-51188,44222,-13733,30489,29483,-8784,20699
2007-10-31T22:00:00Z,14.55,14.605,13.98,14.325,29344,-80532,-51188,44222,-13733,30489,29483,-8784,20699,NaN,NaN,NaN,NaN,133518,29344,-80532,-51188,44222,-13733,30489,29483,-8784,20699
2007-11-01T22:00:00Z,14.135,14.735,14.13,14.599,29344,-80532,-51188,44222,-13733,30489,29483,-8784,20699,NaN,NaN,NaN,NaN,133518,29344,-80532,-51188,44222,-13733,30489,29483,-8784,20699
2007-11-04T23:00:00Z,14.705,14.88,14.46,14.785,29344,-80532,-51188,44222,-13733,30489,29483,-8784,20699,NaN,NaN,NaN,NaN,133518,29344,-80532,-51188,44222,-13733,30489,29483,-8784,20699
2007-11-05T23:00:00Z,14.78,15.66,14.695,15.38,33988,-88954,-54966,48322,-14245,34077,31247,-10358,20889,NaN,NaN,NaN,NaN,150120,33988,-88954,-54966,48322,-14245,34077,31247,-10358,20889
2007-11-06T23:00:00Z,15.645,16.275,15.25,15.325,33988,-88954,-54966,48322,-14245,34077,31247,-10358,20889,NaN,NaN,NaN,NaN,150120,33988,-88954,-54966,48322,-14245,34077,31247,-10358,20889
2007-11-07T23:00:00Z,15.32,15.865,14.86,15.515,33988,-88954,-54966,48322,-14245,34077,31247,-10358,20889,NaN,NaN,NaN,NaN,150120,33988,-88954,-54966,48322,-14245,34077,31247,-10358,20889
2007-11-08T23:00:00Z,15.17,15.695,15.07,15.545,33988,-88954,-54966,48322,-14245,34077,31247,-10358,20889,NaN,NaN,NaN,NaN,150120,33988,-88954,-54966,48322,-14245,34077,31247,-10358,20889
2007-11-11T23:00:00Z,15.47,15.5,14.31,14.762,33988,-88954,-54966,48322,-14245,34077,31247,-10358,20889,NaN,NaN,NaN,NaN,150120,33988,-88954,-54966,48322,-14245,34077,31247,-10358,20889
2007-11-12T23:00:00Z,14.465,14.94,14.4,14.61,33634,-88266,-54632,45951,-14724,31227,32227,-8822,23405,NaN,NaN,NaN,NaN,146205,33634,-88266,-54632,45951,-14724,31227,32227,-8822,23405
2007-11-13T23:00:00Z,14.62,15.155,14.615,15.065,33634,-88266,-54632,45951,-14724,31227,32227,-8822,23405,NaN,NaN,NaN,NaN,146205,33634,-88266,-54632,45951,-14724,31227,32227,-8822,23405
2007-11-14T23:00:00Z,15.035,15.155,14.34,14.482,33634,-88266,-54632,45951,-14724,31227,32227,-8822,23405,NaN,NaN,NaN,NaN,146205,33634,-88266,-54632,45951,-14724,31227,32227,-8822,23405
2007-11-15T23:00:00Z,14.43,14.745,14.365,14.51,33634,-88266,-54632,45951,-14724,31227,32227,-8822,23405,NaN,NaN,NaN,NaN,146205,33634,-88266,-54632,45951,-14724,31227,32227,-8822,23405
2007-11-18T23:00:00Z,14.52,14.67,14.1,14.16,33634,-88266,-54632,45951,-14724,31227,32227,-8822,23405,NaN,NaN,NaN,NaN,146205,33634,-88266,-54632,45951,-14724,31227,32227,-8822,23405
2007-11-19T23:00:00Z,14.24,14.835,14.105,14.5,37480,-90365,-52885,44350,-14802,29548,30971,-7634,23337,NaN,NaN,NaN,NaN,146852,37480,-90365,-52885,44350,-14802,29548,30971,-7634,23337
2007-11-20T23:00:00Z,14.74,14.825,14.325,14.42,37480,-90365,-52885,44350,-14802,29548,30971,-7634,23337,NaN,NaN,NaN,NaN,146852,37480,-90365,-52885,44350,-14802,29548,30971,-7634,23337
2007-11-21T23:00:00Z,14.445,14.58,14.395,14.53,37480,-90365,-52885,44350,-14802,29548,30971,-7634,23337,NaN,NaN,NaN,NaN,146852,37480,-90365,-52885,44350,-14802,29548,30971,-7634,23337
2007-11-22T23:00:00Z,14.54,14.905,14.395,14.735,37480,-90365,-52885,44350,-14802,29548,30971,-7634,23337,NaN,NaN,NaN,NaN,146852,37480,-90365,-52885,44350,-14802,29548,30971,-7634,23337
2007-11-25T23:00:00Z,14.795,15.02,14.585,14.83,37480,-90365,-52885,44350,-14802,29548,30971,-7634,23337,NaN,NaN,NaN,NaN,146852,37480,-90365,-52885,44350,-14802,29548,30971,-7634,23337
2007-11-26T23:00:00Z,14.715,14.8,14.3,14.485,36684,-88384,-51700,42438,-11564,30874,31571,-10745,20826,NaN,NaN,NaN,NaN,144601,36684,-88384,-51700,42438,-11564,30874,31571,-10745,20826
2007-11-27T23:00:00Z,14.45,14.54,14.12,14.335,36684,-88384,-51700,42438,-11564,30874,31571,-10745,20826,NaN,NaN,NaN,NaN,144601,36684,-88384,-51700,42438,-11564,30874,31571,-10745,20826
2007-11-28T23:00:00Z,14.605,14.705,14.32,14.445,36684,-88384,-51700,42438,-11564,30874,31571,-10745,20826,NaN,NaN,NaN,NaN,144601,36684,-88384,-51700,42438,-11564,30874,31571,-10745,20826
2007-11-29T23:00:00Z,14.36,14.455,13.965,14.165,36684,-88384,-51700,42438,-11564,30874,31571,-10745,20826,NaN,NaN,NaN,NaN,144601,36684,-88384,-51700,42438,-11564,30874,31571,-10745,20826
2007-12-02T23:00:00Z,14.155,14.395,13.96,14.21,36684,-88384,-51700,42438,-11564,30874,31571,-10745,20826,NaN,NaN,NaN,NaN,144601,36684,-88384,-51700,42438,-11564,30874,31571,-10745,20826
2007-12-03T23:00:00Z,14.315,14.57,14.185,14.465,35611,-85186,-49575,39409,-11041,28368,29290,-8083,21207,NaN,NaN,NaN,NaN,138128,35611,-85186,-49575,39409,-11041,28368,29290,-8083,21207
2007-12-04T23:00:00Z,14.51,14.58,14.28,14.46,35611,-85186,-49575,39409,-11041,28368,29290,-8083,21207,NaN,NaN,NaN,NaN,138128,35611,-85186,-49575,39409,-11041,28368,29290,-8083,21207
2007-12-05T23:00:00Z,14.435,14.72,14.125,14.625,35611,-85186,-49575,39409,-11041,28368,29290,-8083,21207,NaN,NaN,NaN,NaN,138128,35611,-85186,-49575,39409,-11041,28368,29290,-8083,21207
2007-12-06T23:00:00Z,14.65,14.705,14.395,14.505,35611,-85186,-49575,39409,-11041,28368,29290,-8083,21207,NaN,NaN,NaN,NaN,138128,35611,-85186,-49575,39409,-11041,28368,29290,-8083,21207
2007-12-09T23:00:00Z,14.545,14.9,14.5,14.85,35611,-85186,-49575,39409,-11041,28368,29290,-8083,21207,NaN,NaN,NaN,NaN,138128,35611,-85186,-49575,39409,-11041,28368,29290,-8083,21207
2007-12-10T23:00:00Z,14.76,14.975,14.58,14.865,38941,-92080,-53139,42254,-11234,31020,29051,-6932,22119,NaN,NaN,NaN,NaN,147922,38941,-92080,-53139,42254,-11234,31020,29051,-6932,22119
2007-12-11T23:00:00Z,14.655,14.97,14.61,14.825,38941,-92080,-53139,42254,-11234,31020,29051,-6932,22119,NaN,NaN,NaN,NaN,147922,38941,-92080,-53139,42254,-11234,31020,29051,-6932,22119
2007-12-12T23:00:00Z,14.75,14.85,14.1,14.237,38941,-92080,-53139,42254,-11234,31020,29051,-6932,22119,NaN,NaN,NaN,NaN,147922,38941,-92080,-53139,42254,-11234,31020,29051,-6932,22119
2007-12-13T23:00:00Z,14.235,14.35,13.87,13.983,38941,-92080,-53139,42254,-11234,31020,29051,-6932,22119,NaN,NaN,NaN,NaN,147922,38941,-92080,-53139,42254,-11234,31020,29051,-6932,22119
2007-12-16T23:00:00Z,13.975,14.12,13.74,13.98,38941,-92080,-53139,42254,-11234,31020,29051,-6932,22119,NaN,NaN,NaN,NaN,147922,38941,-92080,-53139,42254,-11234,31020,29051,-6932,22119
2007-12-17T23:00:00Z,13.985,14.28,13.93,14.165,40362,-88289,-47927,38234,-12111,26123,30634,-8830,21804,NaN,NaN,NaN,NaN,148157,40362,-88289,-47927,38234,-12111,26123,30634,-8830,21804
2007-12-18T23:00:00Z,14.175,14.29,14.09,14.222,40362,-88289,-47927,38234,-12111,26123,30634,-8830,21804,NaN,NaN,NaN,NaN,148157,40362,-88289,-47927,38234,-12111,26123,30634,-8830,21804
2007-12-19T23:00:00Z,14.27,14.45,14.08,14.34,40362,-88289,-47927,38234,-12111,26123,30634,-8830,21804,NaN,NaN,NaN,NaN,148157,40362,-88289,-47927,38234,-12111,26123,30634,-8830,21804
2007-12-20T23:00:00Z,14.37,14.58,14.32,14.488,40362,-88289,-47927,38234,-12111,26123,30634,-8830,21804,NaN,NaN,NaN,NaN,148157,40362,-88289,-47927,38234,-12111,26123,30634,-8830,21804
2007-12-23T23:00:00Z,14.51,14.72,14.455,14.66,40229,-92648,-52419,40310,-8820,31490,28623,-7694,20929,NaN,NaN,NaN,NaN,150953,40229,-92648,-52419,40310,-8820,31490,28623,-7694,20929
2007-12-25T23:00:00Z,14.7,14.9,14.56,14.835,40229,-92648,-52419,40310,-8820,31490,28623,-7694,20929,NaN,NaN,NaN,NaN,150953,40229,-92648,-52419,40310,-8820,31490,28623,-7694,20929
2007-12-26T23:00:00Z,14.8,14.905,14.645,14.818,40229,-92648,-52419,40310,-8820,31490,28623,-7694,20929,NaN,NaN,NaN,NaN,150953,40229,-92648,-52419,40310,-8820,31490,28623,-7694,20929
2007-12-27T23:00:00Z,14.82,14.99,14.73,14.895,40229,-92648,-52419,40310,-8820,31490,28623,-7694,20929,NaN,NaN,NaN,NaN,150953,40229,-92648,-52419,40310,-8820,31490,28623,-7694,20929
2007-12-30T23:00:00Z,14.895,15.08,14.81,14.92,37371,-93869,-56498,43450,-8322,35128,29357,-7987,21370,NaN,NaN,NaN,NaN,152888,37371,-93869,-56498,43450,-8322,35128,29357,-7987,21370
2008-01-01T23:00:00Z,14.91,15.415,14.91,15.29,37371,-93869,-56498,43450,-8322,35128,29357,-7987,21370,NaN,NaN,NaN,NaN,152888,37371,-93869,-56498,43450,-8322,35128,29357,-7987,21370
2008-01-02T23:00:00Z,15.35,15.535,15.165,15.5,37371,-93869,-56498,43450,-8322,35128,29357,-7987,21370,NaN,NaN,NaN,NaN,152888,37371,-93869,-56498,43450,-8322,35128,29357,-7987,21370
2008-01-03T23:00:00Z,15.455,15.57,15.24,15.462,37371,-93869,-56498,43450,-8322,35128,29357,-7987,21370,NaN,NaN,NaN,NaN,152888,37371,-93869,-56498,43450,-8322,35128,29357,-7987,21370
2008-01-06T23:00:00Z,15.4,15.48,15.2,15.29,37371,-93869,-56498,43450,-8322,35128,29357,-7987,21370,NaN,NaN,NaN,NaN,152888,37371,-93869,-56498,43450,-8322,35128,29357,-7987,21370
2008-01-07T23:00:00Z,15.27,15.85,15.255,15.815,37921,-101676,-63755,51774,-10691,41083,31486,-8814,22672,NaN,NaN,NaN,NaN,168508,37921,-101676,-63755,51774,-10691,41083,31486,-8814,22672
2008-01-08T23:00:00Z,15.795,16.27,15.645,15.84,37921,-101676,-63755,51774,-10691,41083,31486,-8814,22672,NaN,NaN,NaN,NaN,168508,37921,-101676,-63755,51774,-10691,41083,31486,-8814,22672
2008-01-09T23:00:00Z,15.78,16.355,15.415,16.275,37921,-101676,-63755,51774,-10691,41083,31486,-8814,22672,NaN,NaN,NaN,NaN,168508,37921,-101676,-63755,51774,-10691,41083,31486,-8814,22672
2008-01-10T23:00:00Z,16.27,16.415,16.05,16.37,37921,-101676,-63755,51774,-10691,41083,31486,-8814,22672,NaN,NaN,NaN,NaN,168508,37921,-101676,-63755,51774,-10691,41083,31486,-8814,22672
2008-01-13T23:00:00Z,16.385,16.715,16.25,16.425,37921,-101676,-63755,51774,-10691,41083,31486,-8814,22672,NaN,NaN,NaN,NaN,168508,37921,-101676,-63755,51774,-10691,41083,31486,-8814,22672
2008-01-14T23:00:00Z,16.44,16.64,15.945,16.3,38336,-103678,-65342,55869,-12852,43017,31927,-9602,22325,NaN,NaN,NaN,NaN,177544,38336,-103678,-65342,55869,-12852,43017,31927,-9602,22325
2008-01-15T23:00:00Z,15.985,16.25,15.77,15.895,38336,-103678,-65342,55869,-12852,43017,31927,-9602,22325,NaN,NaN,NaN,NaN,177544,38336,-103678,-65342,55869,-12852,43017,31927,-9602,22325
2008-01-16T23:00:00Z,15.87,16.175,15.82,16.01,38336,-103678,-65342,55869,-12852,43017,31927,-9602,22325,NaN,NaN,NaN,NaN,177544,38336,-103678,-65342,55869,-12852,43017,31927,-9602,22325
2008-01-17T23:00:00Z,15.92,16.42,15.715,16.215,38336,-103678,-65342,55869,-12852,43017,31927,-9602,22325,NaN,NaN,NaN,NaN,177544,38336,-103678,-65342,55869,-12852,43017,31927,-9602,22325
2008-01-21T23:00:00Z,16.22,16.295,15.255,16.105,39040,-107982,-68942,58504,-11916,46588,31770,-9416,22354,NaN,NaN,NaN,NaN,179362,39040,-107982,-68942,58504,-11916,46588,31770,-9416,22354
2008-01-22T23:00:00Z,16.135,16.25,15.765,15.97,39040,-107982,-68942,58504,-11916,46588,31770,-9416,22354,NaN,NaN,NaN,NaN,179362,39040,-107982,-68942,58504,-11916,46588,31770,-9416,22354
2008-01-23T23:00:00Z,16.12,16.525,16.005,16.333,39040,-107982,-68942,58504,-11916,46588,31770,-9416,22354,NaN,NaN,NaN,NaN,179362,39040,-107982,-68942,58504,-11916,46588,31770,-9416,22354
2008-01-24T23:00:00Z,16.49,16.68,16.36,16.49,39040,-107982,-68942,58504,-11916,46588,31770,-9416,22354,NaN,NaN,NaN,NaN,179362,39040,-107982,-68942,58504,-11916,46588,31770,-9416,22354
2008-01-27T23:00:00Z,16.53,16.805,16.415,16.75,39040,-107982,-68942,58504,-11916,46588,31770,-9416,22354,NaN,NaN,NaN,NaN,179362,39040,-107982,-68942,58504,-11916,46588,31770,-9416,22354
2008-01-28T23:00:00Z,16.765,16.905,16.57,16.8,40907,-110412,-69505,57683,-11571,46112,32686,-9293,23393,NaN,NaN,NaN,NaN,183056,40907,-110412,-69505,57683,-11571,46112,32686,-9293,23393
2008-01-29T23:00:00Z,16.76,16.96,16.645,16.76,40907,-110412,-69505,57683,-11571,46112,32686,-9293,23393,NaN,NaN,NaN,NaN,183056,40907,-110412,-69505,57683,-11571,46112,32686,-9293,23393
2008-01-30T23:00:00Z,16.86,17.09,16.735,16.995,40907,-110412,-69505,57683,-11571,46112,32686,-9293,23393,NaN,NaN,NaN,NaN,183056,40907,-110412,-69505,57683,-11571,46112,32686,-9293,23393
2008-01-31T23:00:00Z,16.945,17.345,16.765,16.87,40907,-110412,-69505,57683,-11571,46112,32686,-9293,23393,NaN,NaN,NaN,NaN,183056,40907,-110412,-69505,57683,-11571,46112,32686,-9293,23393
2008-02-03T23:00:00Z,16.87,16.975,16.445,16.78,40907,-110412,-69505,57683,-11571,46112,32686,-9293,23393,NaN,NaN,NaN,NaN,183056,40907,-110412,-69505,57683,-11571,46112,32686,-9293,23393
2008-02-04T23:00:00Z,16.73,16.785,16.3,16.345,43255,-113354,-70099,58807,-9057,49750,30359,-10010,20349,NaN,NaN,NaN,NaN,184677,43255,-113354,-70099,58807,-9057,49750,30359,-10010,20349
2008-02-05T23:00:00Z,16.38,16.695,16.23,16.55,43255,-113354,-70099,58807,-9057,49750,30359,-10010,20349,NaN,NaN,NaN,NaN,184677,43255,-113354,-70099,58807,-9057,49750,30359,-10010,20349
2008-02-06T23:00:00Z,16.53,16.9,16.5,16.775,43255,-113354,-70099,58807,-9057,49750,30359,-10010,20349,NaN,NaN,NaN,NaN,184677,43255,-113354,-70099,58807,-9057,49750,30359,-10010,20349
2008-02-07T23:00:00Z,16.84,17.26,16.785,17.11,43255,-113354,-70099,58807,-9057,49750,30359,-10010,20349,NaN,NaN,NaN,NaN,184677,43255,-113354,-70099,58807,-9057,49750,30359,-10010,20349
2008-02-10T23:00:00Z,17.23,17.595,17.135,17.47,43255,-113354,-70099,58807,-9057,49750,30359,-10010,20349,NaN,NaN,NaN,NaN,184677,43255,-113354,-70099,58807,-9057,49750,30359,-10010,20349
2008-02-11T23:00:00Z,17.5,17.65,17.16,17.25,46904,-118872,-71968,62875,-10885,51990,29932,-9954,19978,NaN,NaN,NaN,NaN,187309,46904,-118872,-71968,62875,-10885,51990,29932,-9954,19978
2008-02-12T23:00:00Z,17.19,17.42,16.95,17.353,46904,-118872,-71968,62875,-10885,51990,29932,-9954,19978,NaN,NaN,NaN,NaN,187309,46904,-118872,-71968,62875,-10885,51990,29932,-9954,19978
2008-02-13T23:00:00Z,17.31,17.52,17.15,17.255,46904,-118872,-71968,62875,-10885,51990,29932,-9954,19978,NaN,NaN,NaN,NaN,187309,46904,-118872,-71968,62875,-10885,51990,29932,-9954,19978
2008-02-14T23:00:00Z,17.245,17.52,16.975,17.118,46904,-118872,-71968,62875,-10885,51990,29932,-9954,19978,NaN,NaN,NaN,NaN,187309,46904,-118872,-71968,62875,-10885,51990,29932,-9954,19978
2008-02-18T23:00:00Z,17.095,17.6,16.965,17.508,47210,-123000,-75790,63733,-10595,53138,33493,-10841,22652,NaN,NaN,NaN,NaN,189151,47210,-123000,-75790,63733,-10595,53138,33493,-10841,22652
2008-02-19T23:00:00Z,17.565,17.87,17.205,17.76,47210,-123000,-75790,63733,-10595,53138,33493,-10841,22652,NaN,NaN,NaN,NaN,189151,47210,-123000,-75790,63733,-10595,53138,33493,-10841,22652
2008-02-20T23:00:00Z,17.83,18.075,17.785,17.95,47210,-123000,-75790,63733,-10595,53138,33493,-10841,22652,NaN,NaN,NaN,NaN,189151,47210,-123000,-75790,63733,-10595,53138,33493,-10841,22652
2008-02-21T23:00:00Z,17.88,18.195,17.74,18.035,47210,-123000,-75790,63733,-10595,53138,33493,-10841,22652,NaN,NaN,NaN,NaN,189151,47210,-123000,-75790,63733,-10595,53138,33493,-10841,22652
2008-02-24T23:00:00Z,18.055,18.185,17.88,18.085,47210,-123000,-75790,63733,-10595,53138,33493,-10841,22652,NaN,NaN,NaN,NaN,189151,47210,-123000,-75790,63733,-10595,53138,33493,-10841,22652
2008-02-25T23:00:00Z,18.11,18.865,17.93,18.72,40554,-113703,-73149,63537,-9620,53917,35113,-15881,19232,NaN,NaN,NaN,NaN,173340,40554,-113703,-73149,63537,-9620,53917,35113,-15881,19232
2008-02-26T23:00:00Z,18.795,19.49,18.79,19.21,40554,-113703,-73149,63537,-9620,53917,35113,-15881,19232,NaN,NaN,NaN,NaN,173340,40554,-113703,-73149,63537,-9620,53917,35113,-15881,19232
2008-02-27T23:00:00Z,19.39,19.965,19.165,19.71,40554,-113703,-73149,63537,-9620,53917,35113,-15881,19232,NaN,NaN,NaN,NaN,173340,40554,-113703,-73149,63537,-9620,53917,35113,-15881,19232
2008-02-28T23:00:00Z,19.855,20.055,19.455,19.915,40554,-113703,-73149,63537,-9620,53917,35113,-15881,19232,NaN,NaN,NaN,NaN,173340,40554,-113703,-73149,63537,-9620,53917,35113,-15881,19232
2008-03-02T23:00:00Z,19.92,20.74,19.86,20.18,40554,-113703,-73149,63537,-9620,53917,35113,-15881,19232,NaN,NaN,NaN,NaN,173340,40554,-113703,-73149,63537,-9620,53917,35113,-15881,19232
2008-03-03T23:00:00Z,20.435,20.68,19.635,19.84,40419,-111332,-70913,62211,-11594,50617,32300,-12004,20296,NaN,NaN,NaN,NaN,166625,40419,-111332,-70913,62211,-11594,50617,32300,-12004,20296
2008-03-04T23:00:00Z,19.91,20.97,19.48,20.785,40419,-111332,-70913,62211,-11594,50617,32300,-12004,20296,NaN,NaN,NaN,NaN,166625,40419,-111332,-70913,62211,-11594,50617,32300,-12004,20296
2008-03-05T23:00:00Z,20.93,21.325,19.905,20.225,40419,-111332,-70913,62211,-11594,50617,32300,-12004,20296,NaN,NaN,NaN,NaN,166625,40419,-111332,-70913,62211,-11594,50617,32300,-12004,20296
2008-03-06T23:00:00Z,20.28,20.835,19.915,20.25,40419,-111332,-70913,62211,-11594,50617,32300,-12004,20296,NaN,NaN,NaN,NaN,166625,40419,-111332,-70913,62211,-11594,50617,32300,-12004,20296
2008-03-09T22:00:00Z,20.26,20.495,19.28,19.785,40419,-111332,-70913,62211,-11594,50617,32300,-12004,20296,NaN,NaN,NaN,NaN,166625,40419,-111332,-70913,62211,-11594,50617,32300,-12004,20296
2008-03-10T22:00:00Z,19.77,20.405,19.4,19.763,38872,-109774,-70902,59926,-8916,51010,30851,-10959,19892,NaN,NaN,NaN,NaN,162481,38872,-109774,-70902,59926,-8916,51010,30851,-10959,19892
2008-03-11T22:00:00Z,19.74,20.28,19.45,19.995,38872,-109774,-70902,59926,-8916,51010,30851,-10959,19892,NaN,NaN,NaN,NaN,162481,38872,-109774,-70902,59926,-8916,51010,30851,-10959,19892
2008-03-12T22:00:00Z,20.225,20.98,20.18,20.42,38872,-109774,-70902,59926,-8916,51010,30851,-10959,19892,NaN,NaN,NaN,NaN,162481,38872,-109774,-70902,59926,-8916,51010,30851,-10959,19892
2008-03-13T22:00:00Z,20.655,20.975,20.32,20.655,38872,-109774,-70902,59926,-8916,51010,30851,-10959,19892,NaN,NaN,NaN,NaN,162481,38872,-109774,-70902,59926,-8916,51010,30851,-10959,19892
2008-03-16T22:00:00Z,20.78,21.44,19.8,20.3,38872,-109774,-70902,59926,-8916,51010,30851,-10959,19892,NaN,NaN,NaN,NaN,162481,38872,-109774,-70902,59926,-8916,51010,30851,-10959,19892
2008-03-17T22:00:00Z,20.25,20.51,19.55,19.96,37413,-108601,-71188,59944,-9489,50455,30650,-9917,20733,NaN,NaN,NaN,NaN,160860,37413,-108601,-71188,59944,-9489,50455,30650,-9917,20733
2008-03-18T22:00:00Z,19.755,20.17,18.22,18.445,37413,-108601,-71188,59944,-9489,50455,30650,-9917,20733,NaN,NaN,NaN,NaN,160860,37413,-108601,-71188,59944,-9489,50455,30650,-9917,20733
2008-03-19T22:00:00Z,18.405,18.43,16.725,16.85,37413,-108601,-71188,59944,-9489,50455,30650,-9917,20733,NaN,NaN,NaN,NaN,160860,37413,-108601,-71188,59944,-9489,50455,30650,-9917,20733
2008-03-23T22:00:00Z,17,17.275,16.815,17.11,37413,-108601,-71188,59944,-9489,50455,30650,-9917,20733,NaN,NaN,NaN,NaN,160860,37413,-108601,-71188,59944,-9489,50455,30650,-9917,20733
2008-03-24T22:00:00Z,17.08,18.02,16.975,17.8,40801,-99922,-59121,48579,-8541,40038,28209,-9126,19083,NaN,NaN,NaN,NaN,148918,40801,-99922,-59121,48579,-8541,40038,28209,-9126,19083
2008-03-25T22:00:00Z,17.995,18.495,17.69,18.383,40801,-99922,-59121,48579,-8541,40038,28209,-9126,19083,NaN,NaN,NaN,NaN,148918,40801,-99922,-59121,48579,-8541,40038,28209,-9126,19083
2008-03-26T22:00:00Z,18.48,18.685,17.975,18.55,40801,-99922,-59121,48579,-8541,40038,28209,-9126,19083,NaN,NaN,NaN,NaN,148918,40801,-99922,-59121,48579,-8541,40038,28209,-9126,19083
2008-03-27T22:00:00Z,18.47,18.59,17.67,17.94,40801,-99922,-59121,48579,-8541,40038,28209,-9126,19083,NaN,NaN,NaN,NaN,148918,40801,-99922,-59121,48579,-8541,40038,28209,-9126,19083
2008-03-30T22:00:00Z,17.91,18.22,17.06,17.31,40801,-99922,-59121,48579,-8541,40038,28209,-9126,19083,NaN,NaN,NaN,NaN,148918,40801,-99922,-59121,48579,-8541,40038,28209,-9126,19083
2008-03-31T22:00:00Z,17.26,17.42,16.33,16.89,39781,-98073,-58292,47457,-6193,41264,26577,-9549,17028,NaN,NaN,NaN,NaN,145358,39781,-98073,-58292,47457,-6193,41264,26577,-9549,17028
2008-04-01T22:00:00Z,16.925,17.525,16.715,17.18,39781,-98073,-58292,47457,-6193,41264,26577,-9549,17028,NaN,NaN,NaN,NaN,145358,39781,-98073,-58292,47457,-6193,41264,26577,-9549,17028
2008-04-02T22:00:00Z,17.36,17.595,16.95,17.48,39781,-98073,-58292,47457,-6193,41264,26577,-9549,17028,NaN,NaN,NaN,NaN,145358,39781,-98073,-58292,47457,-6193,41264,26577,-9549,17028
2008-04-03T22:00:00Z,17.405,17.87,17.265,17.755,39781,-98073,-58292,47457,-6193,41264,26577,-9549,17028,NaN,NaN,NaN,NaN,145358,39781,-98073,-58292,47457,-6193,41264,26577,-9549,17028
2008-04-06T22:00:00Z,17.785,18.285,17.73,18.12,39781,-98073,-58292,47457,-6193,41264,26577,-9549,17028,NaN,NaN,NaN,NaN,145358,39781,-98073,-58292,47457,-6193,41264,26577,-9549,17028
2008-04-07T22:00:00Z,18.075,18.24,17.44,17.708,40437,-98064,-57627,47194,-7258,39936,26618,-8927,17691,NaN,NaN,NaN,NaN,145698,40437,-98064,-57627,47194,-7258,39936,26618,-8927,17691
2008-04-08T22:00:00Z,17.71,18.425,17.4,18.2,40437,-98064,-57627,47194,-7258,39936,26618,-8927,17691,NaN,NaN,NaN,NaN,145698,40437,-98064,-57627,47194,-7258,39936,26618,-8927,17691
2008-04-09T22:00:00Z,18.235,18.44,17.815,18.043,40437,-98064,-57627,47194,-7258,39936,26618,-8927,17691,NaN,NaN,NaN,NaN,145698,40437,-98064,-57627,47194,-7258,39936,26618,-8927,17691
2008-04-10T22:00:00Z,17.98,18.165,17.47,17.69,40437,-98064,-57627,47194,-7258,39936,26618,-8927,17691,NaN,NaN,NaN,NaN,145698,40437,-98064,-57627,47194,-7258,39936,26618,-8927,17691
2008-04-13T22:00:00Z,17.7,17.91,17.26,17.79,40437,-98064,-57627,47194,-7258,39936,26618,-8927,17691,NaN,NaN,NaN,NaN,145698,40437,-98064,-57627,47194,-7258,39936,26618,-8927,17691
2008-04-14T22:00:00Z,17.775,18.07,17.65,17.85,42771,-100963,-58192,46916,-6379,40537,27144,-9489,17655,NaN,NaN,NaN,NaN,149199,42771,-100963,-58192,46916,-6379,40537,27144,-9489,17655
2008-04-15T22:00:00Z,17.88,18.55,17.745,18.325,42771,-100963,-58192,46916,-6379,40537,27144,-9489,17655,NaN,NaN,NaN,NaN,149199,42771,-100963,-58192,46916,-6379,40537,27144,-9489,17655
2008-04-16T22:00:00Z,18.355,18.77,18.17,18.305,42771,-100963,-58192,46916,-6379,40537,27144,-9489,17655,NaN,NaN,NaN,NaN,149199,42771,-100963,-58192,46916,-6379,40537,27144,-9489,17655
2008-04-17T22:00:00Z,18.26,18.48,17.375,17.82,42771,-100963,-58192,46916,-6379,40537,27144,-9489,17655,NaN,NaN,NaN,NaN,149199,42771,-100963,-58192,46916,-6379,40537,27144,-9489,17655
2008-04-20T22:00:00Z,17.895,17.975,17.265,17.36,42771,-100963,-58192,46916,-6379,40537,27144,-9489,17655,NaN,NaN,NaN,NaN,149199,42771,-100963,-58192,46916,-6379,40537,27144,-9489,17655
2008-04-21T22:00:00Z,17.45,17.955,17.285,17.71,45072,-104747,-59675,47548,-6226,41322,27102,-8749,18353,NaN,NaN,NaN,NaN,153234,45072,-104747,-59675,47548,-6226,41322,27102,-8749,18353
2008-04-22T22:00:00Z,17.635,17.85,16.97,17.165,45072,-104747,-59675,47548,-6226,41322,27102,-8749,18353,NaN,NaN,NaN,NaN,153234,45072,-104747,-59675,47548,-6226,41322,27102,-8749,18353
2008-04-23T22:00:00Z,17.115,17.22,16.63,16.66,45072,-104747,-59675,47548,-6226,41322,27102,-8749,18353,NaN,NaN,NaN,NaN,153234,45072,-104747,-59675,47548,-6226,41322,27102,-8749,18353
2008-04-24T22:00:00Z,16.735,16.9,16.39,16.85,45072,-104747,-59675,47548,-6226,41322,27102,-8749,18353,NaN,NaN,NaN,NaN,153234,45072,-104747,-59675,47548,-6226,41322,27102,-8749,18353
2008-04-27T22:00:00Z,16.845,17.13,16.77,17.013,45072,-104747,-59675,47548,-6226,41322,27102,-8749,18353,NaN,NaN,NaN,NaN,153234,45072,-104747,-59675,47548,-6226,41322,27102,-8749,18353
2008-04-28T22:00:00Z,17.14,17.14,16.53,16.64,32510,-92717,-60207,48978,-6421,42557,25712,-8062,17650,NaN,NaN,NaN,NaN,126504,32510,-92717,-60207,48978,-6421,42557,25712,-8062,17650
2008-04-29T22:00:00Z,16.625,16.96,16.455,16.593,32510,-92717,-60207,48978,-6421,42557,25712,-8062,17650,NaN,NaN,NaN,NaN,126504,32510,-92717,-60207,48978,-6421,42557,25712,-8062,17650
2008-04-30T22:00:00Z,16.92,17.12,16.055,16.205,32510,-92717,-60207,48978,-6421,42557,25712,-8062,17650,NaN,NaN,NaN,NaN,126504,32510,-92717,-60207,48978,-6421,42557,25712,-8062,17650
2008-05-01T22:00:00Z,16.26,16.585,16.125,16.465,32510,-92717,-60207,48978,-6421,42557,25712,-8062,17650,NaN,NaN,NaN,NaN,126504,32510,-92717,-60207,48978,-6421,42557,25712,-8062,17650
2008-05-04T22:00:00Z,16.47,16.89,16.465,16.83,32510,-92717,-60207,48978,-6421,42557,25712,-8062,17650,NaN,NaN,NaN,NaN,126504,32510,-92717,-60207,48978,-6421,42557,25712,-8062,17650
2008-05-05T22:00:00Z,16.81,17.07,16.71,16.86,27698,-86446,-58748,48779,-7600,41179,26345,-8776,17569,NaN,NaN,NaN,NaN,121057,27698,-86446,-58748,48779,-7600,41179,26345,-8776,17569
2008-05-06T22:00:00Z,16.92,16.98,16.53,16.695,27698,-86446,-58748,48779,-7600,41179,26345,-8776,17569,NaN,NaN,NaN,NaN,121057,27698,-86446,-58748,48779,-7600,41179,26345,-8776,17569
2008-05-07T22:00:00Z,16.71,17.02,16.51,16.87,27698,-86446,-58748,48779,-7600,41179,26345,-8776,17569,NaN,NaN,NaN,NaN,121057,27698,-86446,-58748,48779,-7600,41179,26345,-8776,17569
2008-05-08T22:00:00Z,16.945,17.135,16.53,16.91,27698,-86446,-58748,48779,-7600,41179,26345,-8776,17569,NaN,NaN,NaN,NaN,121057,27698,-86446,-58748,48779,-7600,41179,26345,-8776,17569
2008-05-11T22:00:00Z,16.9,17.37,16.715,17.225,27698,-86446,-58748,48779,-7600,41179,26345,-8776,17569,NaN,NaN,NaN,NaN,121057,27698,-86446,-58748,48779,-7600,41179,26345,-8776,17569
2008-05-12T22:00:00Z,17.215,17.325,16.57,16.828,27010,-86063,-59053,49456,-9415,40041,27910,-8898,19012,NaN,NaN,NaN,NaN,122802,27010,-86063,-59053,49456,-9415,40041,27910,-8898,19012
2008-05-13T22:00:00Z,16.75,16.95,16.55,16.613,27010,-86063,-59053,49456,-9415,40041,27910,-8898,19012,NaN,NaN,NaN,NaN,122802,27010,-86063,-59053,49456,-9415,40041,27910,-8898,19012
2008-05-14T22:00:00Z,16.6,17.04,16.555,16.685,27010,-86063,-59053,49456,-9415,40041,27910,-8898,19012,NaN,NaN,NaN,NaN,122802,27010,-86063,-59053,49456,-9415,40041,27910,-8898,19012
2008-05-15T22:00:00Z,16.77,17.11,16.755,16.96,27010,-86063,-59053,49456,-9415,40041,27910,-8898,19012,NaN,NaN,NaN,NaN,122802,27010,-86063,-59053,49456,-9415,40041,27910,-8898,19012
2008-05-18T22:00:00Z,17.07,17.295,16.87,17.028,27010,-86063,-59053,49456,-9415,40041,27910,-8898,19012,NaN,NaN,NaN,NaN,122802,27010,-86063,-59053,49456,-9415,40041,27910,-8898,19012
2008-05-19T22:00:00Z,17,17.755,16.96,17.725,25630,-87870,-62240,54227,-11158,43069,27430,-8259,19171,NaN,NaN,NaN,NaN,125838,25630,-87870,-62240,54227,-11158,43069,27430,-8259,19171
2008-05-20T22:00:00Z,17.745,18.16,17.61,18.05,25630,-87870,-62240,54227,-11158,43069,27430,-8259,19171,NaN,NaN,NaN,NaN,125838,25630,-87870,-62240,54227,-11158,43069,27430,-8259,19171
2008-05-21T22:00:00Z,18.09,18.24,17.775,18.025,25630,-87870,-62240,54227,-11158,43069,27430,-8259,19171,NaN,NaN,NaN,NaN,125838,25630,-87870,-62240,54227,-11158,43069,27430,-8259,19171
2008-05-22T22:00:00Z,18,18.34,17.885,18.29,25630,-87870,-62240,54227,-11158,43069,27430,-8259,19171,NaN,NaN,NaN,NaN,125838,25630,-87870,-62240,54227,-11158,43069,27430,-8259,19171
2008-05-25T22:00:00Z,18.275,18.37,18.185,18.365,25630,-87870,-62240,54227,-11158,43069,27430,-8259,19171,NaN,NaN,NaN,NaN,125838,25630,-87870,-62240,54227,-11158,43069,27430,-8259,19171
2008-05-26T22:00:00Z,18.275,18.375,17.43,17.465,25034,-89595,-64561,55747,-10909,44838,27842,-8119,19723,NaN,NaN,NaN,NaN,126583,25034,-89595,-64561,55747,-10909,44838,27842,-8119,19723
2008-05-27T22:00:00Z,17.5,17.68,17.065,17.415,25034,-89595,-64561,55747,-10909,44838,27842,-8119,19723,NaN,NaN,NaN,NaN,126583,25034,-89595,-64561,55747,-10909,44838,27842,-8119,19723
2008-05-28T22:00:00Z,17.485,17.6,16.51,16.515,25034,-89595,-64561,55747,-10909,44838,27842,-8119,19723,NaN,NaN,NaN,NaN,126583,25034,-89595,-64561,55747,-10909,44838,27842,-8119,19723
2008-05-29T22:00:00Z,16.645,16.96,16.45,16.865,25034,-89595,-64561,55747,-10909,44838,27842,-8119,19723,NaN,NaN,NaN,NaN,126583,25034,-89595,-64561,55747,-10909,44838,27842,-8119,19723
2008-06-01T22:00:00Z,16.88,17.045,16.61,16.91,25034,-89595,-64561,55747,-10909,44838,27842,-8119,19723,NaN,NaN,NaN,NaN,126583,25034,-89595,-64561,55747,-10909,44838,27842,-8119,19723
2008-06-02T22:00:00Z,16.85,16.96,16.465,16.835,26410,-87075,-60665,51098,-9145,41953,27175,-8463,18712,NaN,NaN,NaN,NaN,123200,26410,-87075,-60665,51098,-9145,41953,27175,-8463,18712
2008-06-03T22:00:00Z,16.835,16.95,16.61,16.94,26410,-87075,-60665,51098,-9145,41953,27175,-8463,18712,NaN,NaN,NaN,NaN,123200,26410,-87075,-60665,51098,-9145,41953,27175,-8463,18712
2008-06-04T22:00:00Z,16.845,17.225,16.505,17.17,26410,-87075,-60665,51098,-9145,41953,27175,-8463,18712,NaN,NaN,NaN,NaN,123200,26410,-87075,-60665,51098,-9145,41953,27175,-8463,18712
2008-06-05T22:00:00Z,17.2,17.585,17.12,17.43,26410,-87075,-60665,51098,-9145,41953,27175,-8463,18712,NaN,NaN,NaN,NaN,123200,26410,-87075,-60665,51098,-9145,41953,27175,-8463,18712
2008-06-08T22:00:00Z,17.57,17.67,17.105,17.21,26410,-87075,-60665,51098,-9145,41953,27175,-8463,18712,NaN,NaN,NaN,NaN,123200,26410,-87075,-60665,51098,-9145,41953,27175,-8463,18712
2008-06-09T22:00:00Z,17.16,17.21,16.51,16.635,30053,-89162,-59109,51259,-10338,40921,26640,-8452,18188,NaN,NaN,NaN,NaN,128241,30053,-89162,-59109,51259,-10338,40921,26640,-8452,18188
2008-06-10T22:00:00Z,16.645,16.94,16.54,16.855,30053,-89162,-59109,51259,-10338,40921,26640,-8452,18188,NaN,NaN,NaN,NaN,128241,30053,-89162,-59109,51259,-10338,40921,26640,-8452,18188
2008-06-11T22:00:00Z,16.9,16.925,16.25,16.485,30053,-89162,-59109,51259,-10338,40921,26640,-8452,18188,NaN,NaN,NaN,NaN,128241,30053,-89162,-59109,51259,-10338,40921,26640,-8452,18188
2008-06-12T22:00:00Z,16.485,16.62,16.27,16.56,30053,-89162,-59109,51259,-10338,40921,26640,-8452,18188,NaN,NaN,NaN,NaN,128241,30053,-89162,-59109,51259,-10338,40921,26640,-8452,18188
2008-06-15T22:00:00Z,16.575,17.47,16.4,17.232,30053,-89162,-59109,51259,-10338,40921,26640,-8452,18188,NaN,NaN,NaN,NaN,128241,30053,-89162,-59109,51259,-10338,40921,26640,-8452,18188
2008-06-16T22:00:00Z,17.165,17.41,16.85,17.075,33211,-92480,-59269,49452,-9430,40022,27538,-8291,19247,NaN,NaN,NaN,NaN,130931,33211,-92480,-59269,49452,-9430,40022,27538,-8291,19247
2008-06-17T22:00:00Z,17.06,17.49,16.985,17.34,33211,-92480,-59269,49452,-9430,40022,27538,-8291,19247,NaN,NaN,NaN,NaN,130931,33211,-92480,-59269,49452,-9430,40022,27538,-8291,19247
2008-06-18T22:00:00Z,17.365,17.75,17.145,17.47,33211,-92480,-59269,49452,-9430,40022,27538,-8291,19247,NaN,NaN,NaN,NaN,130931,33211,-92480,-59269,49452,-9430,40022,27538,-8291,19247
2008-06-19T22:00:00Z,17.37,17.645,17.305,17.397,33211,-92480,-59269,49452,-9430,40022,27538,-8291,19247,NaN,NaN,NaN,NaN,130931,33211,-92480,-59269,49452,-9430,40022,27538,-8291,19247
2008-06-22T22:00:00Z,17.39,17.52,16.525,16.79,33211,-92480,-59269,49452,-9430,40022,27538,-8291,19247,NaN,NaN,NaN,NaN,130931,33211,-92480,-59269,49452,-9430,40022,27538,-8291,19247
2008-06-23T22:00:00Z,16.775,16.95,16.6,16.633,30744,-89154,-58410,49195,-10195,39000,28165,-8755,19410,NaN,NaN,NaN,NaN,128720,30744,-89154,-58410,49195,-10195,39000,28165,-8755,19410
2008-06-24T22:00:00Z,16.685,16.82,16.46,16.503,30744,-89154,-58410,49195,-10195,39000,28165,-8755,19410,NaN,NaN,NaN,NaN,128720,30744,-89154,-58410,49195,-10195,39000,28165,-8755,19410
2008-06-25T22:00:00Z,16.75,17.44,16.69,17.125,30744,-89154,-58410,49195,-10195,39000,28165,-8755,19410,NaN,NaN,NaN,NaN,128720,30744,-89154,-58410,49195,-10195,39000,28165,-8755,19410
2008-06-26T22:00:00Z,17.27,17.76,17.215,17.71,30744,-89154,-58410,49195,-10195,39000,28165,-8755,19410,NaN,NaN,NaN,NaN,128720,30744,-89154,-58410,49195,-10195,39000,28165,-8755,19410
2008-06-29T22:00:00Z,17.67,17.98,17.29,17.51,30744,-89154,-58410,49195,-10195,39000,28165,-8755,19410,NaN,NaN,NaN,NaN,128720,30744,-89154,-58410,49195,-10195,39000,28165,-8755,19410
2008-06-30T22:00:00Z,17.505,18.31,17.46,18.29,27495,-92817,-65322,56414,-9925,46489,27297,-8464,18833,NaN,NaN,NaN,NaN,130495,27495,-92817,-65322,56414,-9925,46489,27297,-8464,18833
2008-07-01T22:00:00Z,18.185,18.49,17.98,18.425,27495,-92817,-65322,56414,-9925,46489,27297,-8464,18833,NaN,NaN,NaN,NaN,130495,27495,-92817,-65322,56414,-9925,46489,27297,-8464,18833
2008-07-02T22:00:00Z,18.445,18.585,18.07,18.37,27495,-92817,-65322,56414,-9925,46489,27297,-8464,18833,NaN,NaN,NaN,NaN,130495,27495,-92817,-65322,56414,-9925,46489,27297,-8464,18833
2008-07-03T22:00:00Z,18.36,18.36,18.07,18.2,27495,-92817,-65322,56414,-9925,46489,27297,-8464,18833,NaN,NaN,NaN,NaN,130495,27495,-92817,-65322,56414,-9925,46489,27297,-8464,18833
2008-07-06T22:00:00Z,18.22,18.23,17.625,17.92,27495,-92817,-65322,56414,-9925,46489,27297,-8464,18833,NaN,NaN,NaN,NaN,130495,27495,-92817,-65322,56414,-9925,46489,27297,-8464,18833
2008-07-07T22:00:00Z,17.86,18.045,17.55,17.955,27542,-96098,-68556,59095,-10957,48138,28440,-8022,20418,NaN,NaN,NaN,NaN,135835,27542,-96098,-68556,59095,-10957,48138,28440,-8022,20418
2008-07-08T22:00:00Z,17.89,18.235,17.815,18.175,27542,-96098,-68556,59095,-10957,48138,28440,-8022,20418,NaN,NaN,NaN,NaN,135835,27542,-96098,-68556,59095,-10957,48138,28440,-8022,20418
2008-07-09T22:00:00Z,18.2,18.425,18.13,18.32,27542,-96098,-68556,59095,-10957,48138,28440,-8022,20418,NaN,NaN,NaN,NaN,135835,27542,-96098,-68556,59095,-10957,48138,28440,-8022,20418
2008-07-10T22:00:00Z,18.37,18.98,18.325,18.82,27542,-96098,-68556,59095,-10957,48138,28440,-8022,20418,NaN,NaN,NaN,NaN,135835,27542,-96098,-68556,59095,-10957,48138,28440,-8022,20418
2008-07-13T22:00:00Z,18.945,19.31,18.585,19.25,27542,-96098,-68556,59095,-10957,48138,28440,-8022,20418,NaN,NaN,NaN,NaN,135835,27542,-96098,-68556,59095,-10957,48138,28440,-8022,20418
2008-07-14T22:00:00Z,19.17,19.55,18.61,19.013,30013,-101164,-71151,60062,-10777,49285,30239,-8373,21866,NaN,NaN,NaN,NaN,143386,30013,-101164,-71151,60062,-10777,49285,30239,-8373,21866
2008-07-15T22:00:00Z,18.995,19,18.675,18.805,30013,-101164,-71151,60062,-10777,49285,30239,-8373,21866,NaN,NaN,NaN,NaN,143386,30013,-101164,-71151,60062,-10777,49285,30239,-8373,21866
2008-07-16T22:00:00Z,18.815,19.215,18.39,18.735,30013,-101164,-71151,60062,-10777,49285,30239,-8373,21866,NaN,NaN,NaN,NaN,143386,30013,-101164,-71151,60062,-10777,49285,30239,-8373,21866
2008-07-17T22:00:00Z,18.575,18.69,18.105,18.2,30013,-101164,-71151,60062,-10777,49285,30239,-8373,21866,NaN,NaN,NaN,NaN,143386,30013,-101164,-71151,60062,-10777,49285,30239,-8373,21866
2008-07-20T22:00:00Z,18.215,18.535,18.2,18.425,30013,-101164,-71151,60062,-10777,49285,30239,-8373,21866,NaN,NaN,NaN,NaN,143386,30013,-101164,-71151,60062,-10777,49285,30239,-8373,21866
2008-07-21T22:00:00Z,18.5,18.76,17.895,18.005,29884,-98925,-69041,57762,-10802,46960,29871,-7790,22081,NaN,NaN,NaN,NaN,140089,29884,-98925,-69041,57762,-10802,46960,29871,-7790,22081
2008-07-22T22:00:00Z,17.985,18.055,17.32,17.458,29884,-98925,-69041,57762,-10802,46960,29871,-7790,22081,NaN,NaN,NaN,NaN,140089,29884,-98925,-69041,57762,-10802,46960,29871,-7790,22081
2008-07-23T22:00:00Z,17.425,17.67,17.13,17.298,29884,-98925,-69041,57762,-10802,46960,29871,-7790,22081,NaN,NaN,NaN,NaN,140089,29884,-98925,-69041,57762,-10802,46960,29871,-7790,22081
2008-07-24T22:00:00Z,17.47,17.68,17.045,17.375,29884,-98925,-69041,57762,-10802,46960,29871,-7790,22081,NaN,NaN,NaN,NaN,140089,29884,-98925,-69041,57762,-10802,46960,29871,-7790,22081
2008-07-27T22:00:00Z,17.445,17.58,17.27,17.465,29884,-98925,-69041,57762,-10802,46960,29871,-7790,22081,NaN,NaN,NaN,NaN,140089,29884,-98925,-69041,57762,-10802,46960,29871,-7790,22081
2008-07-28T22:00:00Z,17.575,17.66,17.08,17.375,33211,-93068,-59857,50265,-10421,39844,27032,-7019,20013,NaN,NaN,NaN,NaN,132854,33211,-93068,-59857,50265,-10421,39844,27032,-7019,20013
2008-07-29T22:00:00Z,17.405,17.635,16.845,17.465,33211,-93068,-59857,50265,-10421,39844,27032,-7019,20013,NaN,NaN,NaN,NaN,132854,33211,-93068,-59857,50265,-10421,39844,27032,-7019,20013
2008-07-30T22:00:00Z,17.555,17.95,17.425,17.79,33211,-93068,-59857,50265,-10421,39844,27032,-7019,20013,NaN,NaN,NaN,NaN,132854,33211,-93068,-59857,50265,-10421,39844,27032,-7019,20013
2008-07-31T22:00:00Z,17.77,17.805,17.28,17.52,33211,-93068,-59857,50265,-10421,39844,27032,-7019,20013,NaN,NaN,NaN,NaN,132854,33211,-93068,-59857,50265,-10421,39844,27032,-7019,20013
2008-08-03T22:00:00Z,17.54,17.65,16.905,17.14,33211,-93068,-59857,50265,-10421,39844,27032,-7019,20013,NaN,NaN,NaN,NaN,132854,33211,-93068,-59857,50265,-10421,39844,27032,-7019,20013
2008-08-04T22:00:00Z,16.955,17.03,16.425,16.572,35217,-90678,-55461,46849,-9649,37200,26830,-8569,18261,NaN,NaN,NaN,NaN,133255,35217,-90678,-55461,46849,-9649,37200,26830,-8569,18261
2008-08-05T22:00:00Z,16.45,16.77,16.425,16.505,35217,-90678,-55461,46849,-9649,37200,26830,-8569,18261,NaN,NaN,NaN,NaN,133255,35217,-90678,-55461,46849,-9649,37200,26830,-8569,18261
2008-08-06T22:00:00Z,16.555,16.695,16.02,16.257,35217,-90678,-55461,46849,-9649,37200,26830,-8569,18261,NaN,NaN,NaN,NaN,133255,35217,-90678,-55461,46849,-9649,37200,26830,-8569,18261
2008-08-07T22:00:00Z,16.205,16.24,15.24,15.33,35217,-90678,-55461,46849,-9649,37200,26830,-8569,18261,NaN,NaN,NaN,NaN,133255,35217,-90678,-55461,46849,-9649,37200,26830,-8569,18261
2008-08-10T22:00:00Z,15.315,15.435,14.535,14.62,35217,-90678,-55461,46849,-9649,37200,26830,-8569,18261,NaN,NaN,NaN,NaN,133255,35217,-90678,-55461,46849,-9649,37200,26830,-8569,18261
2008-08-11T22:00:00Z,14.635,14.825,14.01,14.485,41559,-92209,-50650,45941,-9915,36026,25231,-10607,14624,NaN,NaN,NaN,NaN,140094,41559,-92209,-50650,45941,-9915,36026,25231,-10607,14624
2008-08-12T22:00:00Z,14.51,14.93,14.35,14.845,41559,-92209,-50650,45941,-9915,36026,25231,-10607,14624,NaN,NaN,NaN,NaN,140094,41559,-92209,-50650,45941,-9915,36026,25231,-10607,14624
2008-08-13T22:00:00Z,14.89,15.1,14.1,14.23,41559,-92209,-50650,45941,-9915,36026,25231,-10607,14624,NaN,NaN,NaN,NaN,140094,41559,-92209,-50650,45941,-9915,36026,25231,-10607,14624
2008-08-14T22:00:00Z,14.17,14.19,12.2,12.815,41559,-92209,-50650,45941,-9915,36026,25231,-10607,14624,NaN,NaN,NaN,NaN,140094,41559,-92209,-50650,45941,-9915,36026,25231,-10607,14624
2008-08-17T22:00:00Z,12.915,13.335,12.88,13.1,41559,-92209,-50650,45941,-9915,36026,25231,-10607,14624,NaN,NaN,NaN,NaN,140094,41559,-92209,-50650,45941,-9915,36026,25231,-10607,14624
2008-08-18T22:00:00Z,13.05,13.335,12.4,13.105,43891,-90759,-46868,42525,-10961,31564,25092,-9788,15304,NaN,NaN,NaN,NaN,135028,43891,-90759,-46868,42525,-10961,31564,25092,-9788,15304
2008-08-19T22:00:00Z,13.245,13.4,12.79,13.04,43891,-90759,-46868,42525,-10961,31564,25092,-9788,15304,NaN,NaN,NaN,NaN,135028,43891,-90759,-46868,42525,-10961,31564,25092,-9788,15304
2008-08-20T22:00:00Z,13.26,13.875,13.185,13.727,43891,-90759,-46868,42525,-10961,31564,25092,-9788,15304,NaN,NaN,NaN,NaN,135028,43891,-90759,-46868,42525,-10961,31564,25092,-9788,15304
2008-08-21T22:00:00Z,13.86,13.935,13.29,13.477,43891,-90759,-46868,42525,-10961,31564,25092,-9788,15304,NaN,NaN,NaN,NaN,135028,43891,-90759,-46868,42525,-10961,31564,25092,-9788,15304
2008-08-24T22:00:00Z,13.36,13.56,13.1,13.37,43891,-90759,-46868,42525,-10961,31564,25092,-9788,15304,NaN,NaN,NaN,NaN,135028,43891,-90759,-46868,42525,-10961,31564,25092,-9788,15304
2008-08-25T22:00:00Z,13.47,13.725,12.96,13.575,37361,-80469,-43108,39453,-11869,27584,24628,-9104,15524,NaN,NaN,NaN,NaN,125075,37361,-80469,-43108,39453,-11869,27584,24628,-9104,15524
2008-08-26T22:00:00Z,13.57,13.85,13.4,13.47,37361,-80469,-43108,39453,-11869,27584,24628,-9104,15524,NaN,NaN,NaN,NaN,125075,37361,-80469,-43108,39453,-11869,27584,24628,-9104,15524
2008-08-27T22:00:00Z,13.6,14.13,13.56,13.705,37361,-80469,-43108,39453,-11869,27584,24628,-9104,15524,NaN,NaN,NaN,NaN,125075,37361,-80469,-43108,39453,-11869,27584,24628,-9104,15524
2008-08-28T22:00:00Z,13.775,13.99,13.63,13.707,37361,-80469,-43108,39453,-11869,27584,24628,-9104,15524,NaN,NaN,NaN,NaN,125075,37361,-80469,-43108,39453,-11869,27584,24628,-9104,15524
2008-09-01T22:00:00Z,13.875,13.9,12.55,13.145,31721,-70569,-38848,40310,-13301,27009,23425,-11586,11839,NaN,NaN,NaN,NaN,116628,31721,-70569,-38848,40310,-13301,27009,23425,-11586,11839
2008-09-02T22:00:00Z,13.14,13.225,12.63,12.947,31721,-70569,-38848,40310,-13301,27009,23425,-11586,11839,NaN,NaN,NaN,NaN,116628,31721,-70569,-38848,40310,-13301,27009,23425,-11586,11839
2008-09-03T22:00:00Z,12.97,13.265,12.7,12.94,31721,-70569,-38848,40310,-13301,27009,23425,-11586,11839,NaN,NaN,NaN,NaN,116628,31721,-70569,-38848,40310,-13301,27009,23425,-11586,11839
2008-09-04T22:00:00Z,12.9,13.19,12.12,12.325,31721,-70569,-38848,40310,-13301,27009,23425,-11586,11839,NaN,NaN,NaN,NaN,116628,31721,-70569,-38848,40310,-13301,27009,23425,-11586,11839
2008-09-07T22:00:00Z,12.525,12.795,11.94,12.065,31721,-70569,-38848,40310,-13301,27009,23425,-11586,11839,NaN,NaN,NaN,NaN,116628,31721,-70569,-38848,40310,-13301,27009,23425,-11586,11839
2008-09-08T22:00:00Z,12.175,12.255,11.31,11.715,31065,-68568,-37503,38840,-14090,24750,24795,-12042,12753,NaN,NaN,NaN,NaN,116403,31065,-68568,-37503,38840,-14090,24750,24795,-12042,12753
2008-09-09T22:00:00Z,11.37,11.67,10.7,10.89,31065,-68568,-37503,38840,-14090,24750,24795,-12042,12753,NaN,NaN,NaN,NaN,116403,31065,-68568,-37503,38840,-14090,24750,24795,-12042,12753
2008-09-10T22:00:00Z,10.735,11.035,10.31,10.555,31065,-68568,-37503,38840,-14090,24750,24795,-12042,12753,NaN,NaN,NaN,NaN,116403,31065,-68568,-37503,38840,-14090,24750,24795,-12042,12753
2008-09-11T22:00:00Z,10.66,10.99,10.585,10.795,31065,-68568,-37503,38840,-14090,24750,24795,-12042,12753,NaN,NaN,NaN,NaN,116403,31065,-68568,-37503,38840,-14090,24750,24795,-12042,12753
2008-09-14T22:00:00Z,11.03,11.25,10.42,11.135,31065,-68568,-37503,38840,-14090,24750,24795,-12042,12753,NaN,NaN,NaN,NaN,116403,31065,-68568,-37503,38840,-14090,24750,24795,-12042,12753
2008-09-15T22:00:00Z,11.19,11.235,10.44,10.517,29032,-66267,-37235,38161,-14660,23501,25934,-12200,13734,NaN,NaN,NaN,NaN,112340,29032,-66267,-37235,38161,-14660,23501,25934,-12200,13734
2008-09-16T22:00:00Z,10.52,12.17,10.435,11.675,29032,-66267,-37235,38161,-14660,23501,25934,-12200,13734,NaN,NaN,NaN,NaN,112340,29032,-66267,-37235,38161,-14660,23501,25934,-12200,13734
2008-09-17T22:00:00Z,12.13,13.065,11.725,12.7,29032,-66267,-37235,38161,-14660,23501,25934,-12200,13734,NaN,NaN,NaN,NaN,112340,29032,-66267,-37235,38161,-14660,23501,25934,-12200,13734
2008-09-18T22:00:00Z,12.025,12.735,11.81,12.475,29032,-66267,-37235,38161,-14660,23501,25934,-12200,13734,NaN,NaN,NaN,NaN,112340,29032,-66267,-37235,38161,-14660,23501,25934,-12200,13734
2008-09-21T22:00:00Z,12.645,13.675,12.54,13.45,29032,-66267,-37235,38161,-14660,23501,25934,-12200,13734,NaN,NaN,NaN,NaN,112340,29032,-66267,-37235,38161,-14660,23501,25934,-12200,13734
2008-09-22T22:00:00Z,13.54,13.75,13.05,13.17,26895,-60267,-33372,34169,-13012,21157,23628,-11413,12215,NaN,NaN,NaN,NaN,104403,26895,-60267,-33372,34169,-13012,21157,23628,-11413,12215
2008-09-23T22:00:00Z,13.35,13.73,13.135,13.44,26895,-60267,-33372,34169,-13012,21157,23628,-11413,12215,NaN,NaN,NaN,NaN,104403,26895,-60267,-33372,34169,-13012,21157,23628,-11413,12215
2008-09-24T22:00:00Z,13.315,13.88,13.1,13.275,26895,-60267,-33372,34169,-13012,21157,23628,-11413,12215,NaN,NaN,NaN,NaN,104403,26895,-60267,-33372,34169,-13012,21157,23628,-11413,12215
2008-09-25T22:00:00Z,13.31,13.74,13.115,13.503,26895,-60267,-33372,34169,-13012,21157,23628,-11413,12215,NaN,NaN,NaN,NaN,104403,26895,-60267,-33372,34169,-13012,21157,23628,-11413,12215
2008-09-28T22:00:00Z,13.3,13.46,12.72,13.025,26895,-60267,-33372,34169,-13012,21157,23628,-11413,12215,NaN,NaN,NaN,NaN,104403,26895,-60267,-33372,34169,-13012,21157,23628,-11413,12215
2008-09-29T22:00:00Z,13.215,13.285,11.8,12.275,30397,-59180,-28783,30405,-12069,18336,22314,-11867,10447,NaN,NaN,NaN,NaN,103812,30397,-59180,-28783,30405,-12069,18336,22314,-11867,10447
2008-09-30T22:00:00Z,12.135,13.08,12.045,12.77,30397,-59180,-28783,30405,-12069,18336,22314,-11867,10447,NaN,NaN,NaN,NaN,103812,30397,-59180,-28783,30405,-12069,18336,22314,-11867,10447
2008-10-01T22:00:00Z,12.66,12.66,10.855,11.12,30397,-59180,-28783,30405,-12069,18336,22314,-11867,10447,NaN,NaN,NaN,NaN,103812,30397,-59180,-28783,30405,-12069,18336,22314,-11867,10447
2008-10-02T22:00:00Z,10.91,11.79,10.84,11.325,30397,-59180,-28783,30405,-12069,18336,22314,-11867,10447,NaN,NaN,NaN,NaN,103812,30397,-59180,-28783,30405,-12069,18336,22314,-11867,10447
2008-10-05T22:00:00Z,11.155,11.555,10.925,11.285,30397,-59180,-28783,30405,-12069,18336,22314,-11867,10447,NaN,NaN,NaN,NaN,103812,30397,-59180,-28783,30405,-12069,18336,22314,-11867,10447
2008-10-06T22:00:00Z,11.11,11.9,11.005,11.38,30780,-60609,-29829,28882,-11783,17099,21626,-8896,12730,NaN,NaN,NaN,NaN,99883,30780,-60609,-29829,28882,-11783,17099,21626,-8896,12730
2008-10-07T22:00:00Z,11.585,12.13,11.445,11.772,30780,-60609,-29829,28882,-11783,17099,21626,-8896,12730,NaN,NaN,NaN,NaN,99883,30780,-60609,-29829,28882,-11783,17099,21626,-8896,12730
2008-10-08T22:00:00Z,11.8,12.195,11.52,11.875,30780,-60609,-29829,28882,-11783,17099,21626,-8896,12730,NaN,NaN,NaN,NaN,99883,30780,-60609,-29829,28882,-11783,17099,21626,-8896,12730
2008-10-09T22:00:00Z,12.135,12.355,9.4,10.6,30780,-60609,-29829,28882,-11783,17099,21626,-8896,12730,NaN,NaN,NaN,NaN,99883,30780,-60609,-29829,28882,-11783,17099,21626,-8896,12730
2008-10-12T22:00:00Z,10.27,10.91,10.07,10.79,30780,-60609,-29829,28882,-11783,17099,21626,-8896,12730,NaN,NaN,NaN,NaN,99883,30780,-60609,-29829,28882,-11783,17099,21626,-8896,12730
2008-10-13T22:00:00Z,10.765,11.195,10.71,11.06,30987,-58158,-27171,28140,-11218,16922,20923,-10674,10249,NaN,NaN,NaN,NaN,98596,30987,-58158,-27171,28140,-11218,16922,20923,-10674,10249
2008-10-14T22:00:00Z,11.045,11.13,10.035,10.18,30987,-58158,-27171,28140,-11218,16922,20923,-10674,10249,NaN,NaN,NaN,NaN,98596,30987,-58158,-27171,28140,-11218,16922,20923,-10674,10249
2008-10-15T22:00:00Z,10.33,10.365,9.25,9.635,30987,-58158,-27171,28140,-11218,16922,20923,-10674,10249,NaN,NaN,NaN,NaN,98596,30987,-58158,-27171,28140,-11218,16922,20923,-10674,10249
2008-10-16T22:00:00Z,9.72,9.93,9.09,9.335,30987,-58158,-27171,28140,-11218,16922,20923,-10674,10249,NaN,NaN,NaN,NaN,98596,30987,-58158,-27171,28140,-11218,16922,20923,-10674,10249
2008-10-19T22:00:00Z,9.35,9.915,9.35,9.69,30987,-58158,-27171,28140,-11218,16922,20923,-10674,10249,NaN,NaN,NaN,NaN,98596,30987,-58158,-27171,28140,-11218,16922,20923,-10674,10249
2008-10-20T22:00:00Z,9.775,10.18,9.525,10.075,33648,-55916,-22268,27104,-13463,13641,19176,-10549,8627,NaN,NaN,NaN,NaN,95873,33648,-55916,-22268,27104,-13463,13641,19176,-10549,8627
2008-10-21T22:00:00Z,10.08,10.17,9.355,9.46,33648,-55916,-22268,27104,-13463,13641,19176,-10549,8627,NaN,NaN,NaN,NaN,95873,33648,-55916,-22268,27104,-13463,13641,19176,-10549,8627
2008-10-22T22:00:00Z,9.54,9.89,9.165,9.5,33648,-55916,-22268,27104,-13463,13641,19176,-10549,8627,NaN,NaN,NaN,NaN,95873,33648,-55916,-22268,27104,-13463,13641,19176,-10549,8627
2008-10-23T22:00:00Z,9.69,9.8,8.65,9.295,33648,-55916,-22268,27104,-13463,13641,19176,-10549,8627,NaN,NaN,NaN,NaN,95873,33648,-55916,-22268,27104,-13463,13641,19176,-10549,8627
2008-10-26T22:00:00Z,9.355,9.545,8.72,9.195,33648,-55916,-22268,27104,-13463,13641,19176,-10549,8627,NaN,NaN,NaN,NaN,95873,33648,-55916,-22268,27104,-13463,13641,19176,-10549,8627
2008-10-27T22:00:00Z,9.025,9.295,8.4,8.79,32678,-56190,-23512,27822,-12754,15068,18317,-9873,8444,NaN,NaN,NaN,NaN,95716,32678,-56190,-23512,27822,-12754,15068,18317,-9873,8444
2008-10-28T22:00:00Z,9.19,10.175,9.01,9.805,32678,-56190,-23512,27822,-12754,15068,18317,-9873,8444,NaN,NaN,NaN,NaN,95716,32678,-56190,-23512,27822,-12754,15068,18317,-9873,8444
2008-10-29T22:00:00Z,9.91,10.645,9.565,9.785,32678,-56190,-23512,27822,-12754,15068,18317,-9873,8444,NaN,NaN,NaN,NaN,95716,32678,-56190,-23512,27822,-12754,15068,18317,-9873,8444
2008-10-30T22:00:00Z,9.71,9.965,9.2,9.73,32678,-56190,-23512,27822,-12754,15068,18317,-9873,8444,NaN,NaN,NaN,NaN,95716,32678,-56190,-23512,27822,-12754,15068,18317,-9873,8444
2008-11-02T23:00:00Z,9.84,10.26,9.6,9.75,32678,-56190,-23512,27822,-12754,15068,18317,-9873,8444,NaN,NaN,NaN,NaN,95716,32678,-56190,-23512,27822,-12754,15068,18317,-9873,8444
2008-11-03T23:00:00Z,9.77,10.54,9.7,10.13,29460,-57368,-27908,29015,-11508,17507,18909,-8508,10401,NaN,NaN,NaN,NaN,94365,29460,-57368,-27908,29015,-11508,17507,18909,-8508,10401
2008-11-04T23:00:00Z,10.26,10.6,10.035,10.455,29460,-57368,-27908,29015,-11508,17507,18909,-8508,10401,NaN,NaN,NaN,NaN,94365,29460,-57368,-27908,29015,-11508,17507,18909,-8508,10401
2008-11-05T23:00:00Z,10.27,10.8,9.85,10.055,29460,-57368,-27908,29015,-11508,17507,18909,-8508,10401,NaN,NaN,NaN,NaN,94365,29460,-57368,-27908,29015,-11508,17507,18909,-8508,10401
2008-11-06T23:00:00Z,9.995,10.295,9.905,9.963,29460,-57368,-27908,29015,-11508,17507,18909,-8508,10401,NaN,NaN,NaN,NaN,94365,29460,-57368,-27908,29015,-11508,17507,18909,-8508,10401
2008-11-09T23:00:00Z,10.065,10.535,10.055,10.22,29460,-57368,-27908,29015,-11508,17507,18909,-8508,10401,NaN,NaN,NaN,NaN,94365,29460,-57368,-27908,29015,-11508,17507,18909,-8508,10401
2008-11-10T23:00:00Z,10.185,10.225,9.53,9.805,26743,-54707,-27964,30913,-11287,19626,18152,-9814,8338,NaN,NaN,NaN,NaN,94494,26743,-54707,-27964,30913,-11287,19626,18152,-9814,8338
2008-11-11T23:00:00Z,9.755,9.87,9.25,9.48,26743,-54707,-27964,30913,-11287,19626,18152,-9814,8338,NaN,NaN,NaN,NaN,94494,26743,-54707,-27964,30913,-11287,19626,18152,-9814,8338
2008-11-12T23:00:00Z,9.295,9.51,8.77,8.8,26743,-54707,-27964,30913,-11287,19626,18152,-9814,8338,NaN,NaN,NaN,NaN,94494,26743,-54707,-27964,30913,-11287,19626,18152,-9814,8338
2008-11-13T23:00:00Z,9.42,9.7,9.185,9.49,26743,-54707,-27964,30913,-11287,19626,18152,-9814,8338,NaN,NaN,NaN,NaN,94494,26743,-54707,-27964,30913,-11287,19626,18152,-9814,8338
2008-11-16T23:00:00Z,9.42,9.665,9.21,9.33,26743,-54707,-27964,30913,-11287,19626,18152,-9814,8338,NaN,NaN,NaN,NaN,94494,26743,-54707,-27964,30913,-11287,19626,18152,-9814,8338
2008-11-17T23:00:00Z,9.62,9.74,9.115,9.6,27064,-54522,-27458,29678,-10603,19075,18654,-10271,8383,NaN,NaN,NaN,NaN,91853,27064,-54522,-27458,29678,-10603,19075,18654,-10271,8383
2008-11-18T23:00:00Z,9.62,9.85,9.205,9.205,27064,-54522,-27458,29678,-10603,19075,18654,-10271,8383,NaN,NaN,NaN,NaN,91853,27064,-54522,-27458,29678,-10603,19075,18654,-10271,8383
2008-11-19T23:00:00Z,9.26,9.455,8.805,8.945,27064,-54522,-27458,29678,-10603,19075,18654,-10271,8383,NaN,NaN,NaN,NaN,91853,27064,-54522,-27458,29678,-10603,19075,18654,-10271,8383
2008-11-20T23:00:00Z,8.96,9.66,8.9,9.65,27064,-54522,-27458,29678,-10603,19075,18654,-10271,8383,NaN,NaN,NaN,NaN,91853,27064,-54522,-27458,29678,-10603,19075,18654,-10271,8383
2008-11-23T23:00:00Z,9.635,10.68,9.46,10.58,27064,-54522,-27458,29678,-10603,19075,18654,-10271,8383,NaN,NaN,NaN,NaN,91853,27064,-54522,-27458,29678,-10603,19075,18654,-10271,8383
2008-11-24T23:00:00Z,10.575,10.575,10.03,10.31,29610,-53292,-23682,24915,-10756,14159,17869,-8346,9523,NaN,NaN,NaN,NaN,86878,29610,-53292,-23682,24915,-10756,14159,17869,-8346,9523
2008-11-25T23:00:00Z,10.26,10.455,10.15,10.275,29610,-53292,-23682,24915,-10756,14159,17869,-8346,9523,NaN,NaN,NaN,NaN,86878,29610,-53292,-23682,24915,-10756,14159,17869,-8346,9523
2008-11-27T23:00:00Z,10.37,10.39,10.12,10.36,29610,-53292,-23682,24915,-10756,14159,17869,-8346,9523,NaN,NaN,NaN,NaN,86878,29610,-53292,-23682,24915,-10756,14159,17869,-8346,9523
2008-11-30T23:00:00Z,10.315,10.32,9.175,9.24,29610,-53292,-23682,24915,-10756,14159,17869,-8346,9523,NaN,NaN,NaN,NaN,86878,29610,-53292,-23682,24915,-10756,14159,17869,-8346,9523
2008-12-01T23:00:00Z,9.22,9.75,9.13,9.595,27282,-52176,-24894,24263,-8210,16053,17122,-8281,8841,NaN,NaN,NaN,NaN,82434,27282,-52176,-24894,24263,-8210,16053,17122,-8281,8841
2008-12-02T23:00:00Z,9.65,9.75,9.295,9.66,27282,-52176,-24894,24263,-8210,16053,17122,-8281,8841,NaN,NaN,NaN,NaN,82434,27282,-52176,-24894,24263,-8210,16053,17122,-8281,8841
2008-12-03T23:00:00Z,9.655,9.72,9.34,9.48,27282,-52176,-24894,24263,-8210,16053,17122,-8281,8841,NaN,NaN,NaN,NaN,82434,27282,-52176,-24894,24263,-8210,16053,17122,-8281,8841
2008-12-04T23:00:00Z,9.5,9.56,9.125,9.54,27282,-52176,-24894,24263,-8210,16053,17122,-8281,8841,NaN,NaN,NaN,NaN,82434,27282,-52176,-24894,24263,-8210,16053,17122,-8281,8841
2008-12-07T23:00:00Z,9.5,10.4,9.48,9.985,27282,-52176,-24894,24263,-8210,16053,17122,-8281,8841,NaN,NaN,NaN,NaN,82434,27282,-52176,-24894,24263,-8210,16053,17122,-8281,8841
2008-12-08T23:00:00Z,10,10.09,9.665,9.845,26936,-51687,-24751,24501,-7618,16883,16978,-9110,7868,NaN,NaN,NaN,NaN,83476,26936,-51687,-24751,24501,-7618,16883,16978,-9110,7868
2008-12-09T23:00:00Z,9.845,10.28,9.815,10.22,26936,-51687,-24751,24501,-7618,16883,16978,-9110,7868,NaN,NaN,NaN,NaN,83476,26936,-51687,-24751,24501,-7618,16883,16978,-9110,7868
2008-12-10T23:00:00Z,10.22,10.54,10.13,10.33,26936,-51687,-24751,24501,-7618,16883,16978,-9110,7868,NaN,NaN,NaN,NaN,83476,26936,-51687,-24751,24501,-7618,16883,16978,-9110,7868
2008-12-11T23:00:00Z,10.33,10.41,10,10.285,26936,-51687,-24751,24501,-7618,16883,16978,-9110,7868,NaN,NaN,NaN,NaN,83476,26936,-51687,-24751,24501,-7618,16883,16978,-9110,7868
2008-12-14T23:00:00Z,10.295,10.73,10.255,10.67,26936,-51687,-24751,24501,-7618,16883,16978,-9110,7868,NaN,NaN,NaN,NaN,83476,26936,-51687,-24751,24501,-7618,16883,16978,-9110,7868
2008-12-15T23:00:00Z,10.67,11.34,10.46,11.25,26648,-55831,-29183,26737,-7416,19321,18875,-9013,9862,NaN,NaN,NaN,NaN,87384,26648,-55831,-29183,26737,-7416,19321,18875,-9013,9862
2008-12-16T23:00:00Z,11.26,11.615,10.835,11.39,26648,-55831,-29183,26737,-7416,19321,18875,-9013,9862,NaN,NaN,NaN,NaN,87384,26648,-55831,-29183,26737,-7416,19321,18875,-9013,9862
2008-12-17T23:00:00Z,11.35,11.48,10.93,10.99,26648,-55831,-29183,26737,-7416,19321,18875,-9013,9862,NaN,NaN,NaN,NaN,87384,26648,-55831,-29183,26737,-7416,19321,18875,-9013,9862
2008-12-18T23:00:00Z,10.975,11.025,10.545,10.85,26648,-55831,-29183,26737,-7416,19321,18875,-9013,9862,NaN,NaN,NaN,NaN,87384,26648,-55831,-29183,26737,-7416,19321,18875,-9013,9862
2008-12-21T23:00:00Z,10.885,11.09,10.75,10.85,25634,-56314,-30680,26817,-6577,20240,18124,-7684,10440,NaN,NaN,NaN,NaN,85219,25634,-56314,-30680,26817,-6577,20240,18124,-7684,10440
2008-12-22T23:00:00Z,10.87,10.87,10.105,10.23,25634,-56314,-30680,26817,-6577,20240,18124,-7684,10440,NaN,NaN,NaN,NaN,85219,25634,-56314,-30680,26817,-6577,20240,18124,-7684,10440
2008-12-23T23:00:00Z,10.27,10.45,10.225,10.335,25634,-56314,-30680,26817,-6577,20240,18124,-7684,10440,NaN,NaN,NaN,NaN,85219,25634,-56314,-30680,26817,-6577,20240,18124,-7684,10440
2008-12-25T23:00:00Z,10.3,10.745,10.3,10.705,25634,-56314,-30680,26817,-6577,20240,18124,-7684,10440,NaN,NaN,NaN,NaN,85219,25634,-56314,-30680,26817,-6577,20240,18124,-7684,10440
2008-12-28T23:00:00Z,10.73,11.275,10.71,10.89,25634,-56314,-30680,26817,-6577,20240,18124,-7684,10440,NaN,NaN,NaN,NaN,85219,25634,-56314,-30680,26817,-6577,20240,18124,-7684,10440
2008-12-29T23:00:00Z,10.87,11.145,10.65,10.965,25545,-55789,-30244,27106,-7311,19795,18361,-7912,10449,NaN,NaN,NaN,NaN,85312,25545,-55789,-30244,27106,-7311,19795,18361,-7912,10449
2008-12-30T23:00:00Z,10.995,11.425,10.765,11.4,25545,-55789,-30244,27106,-7311,19795,18361,-7912,10449,NaN,NaN,NaN,NaN,85312,25545,-55789,-30244,27106,-7311,19795,18361,-7912,10449
2009-01-01T23:00:00Z,11.405,11.6,11.015,11.595,25545,-55789,-30244,27106,-7311,19795,18361,-7912,10449,NaN,NaN,NaN,NaN,85312,25545,-55789,-30244,27106,-7311,19795,18361,-7912,10449
2009-01-04T23:00:00Z,11.585,11.77,10.57,11.24,25545,-55789,-30244,27106,-7311,19795,18361,-7912,10449,NaN,NaN,NaN,NaN,85312,25545,-55789,-30244,27106,-7311,19795,18361,-7912,10449
2009-01-05T23:00:00Z,11.24,11.55,10.79,11.46,25818,-56738,-30920,26767,-6578,20189,19511,-8780,10731,NaN,NaN,NaN,NaN,86788,25818,-56738,-30920,26767,-6578,20189,19511,-8780,10731
2009-01-06T23:00:00Z,11.48,11.605,10.88,11.05,25818,-56738,-30920,26767,-6578,20189,19511,-8780,10731,NaN,NaN,NaN,NaN,86788,25818,-56738,-30920,26767,-6578,20189,19511,-8780,10731
2009-01-07T23:00:00Z,11.06,11.35,10.795,11.115,25818,-56738,-30920,26767,-6578,20189,19511,-8780,10731,NaN,NaN,NaN,NaN,86788,25818,-56738,-30920,26767,-6578,20189,19511,-8780,10731
2009-01-08T23:00:00Z,11.145,11.63,10.965,11.275,25818,-56738,-30920,26767,-6578,20189,19511,-8780,10731,NaN,NaN,NaN,NaN,86788,25818,-56738,-30920,26767,-6578,20189,19511,-8780,10731
2009-01-11T23:00:00Z,11.27,11.3,10.54,10.63,25818,-56738,-30920,26767,-6578,20189,19511,-8780,10731,NaN,NaN,NaN,NaN,86788,25818,-56738,-30920,26767,-6578,20189,19511,-8780,10731
2009-01-12T23:00:00Z,10.66,10.845,10.415,10.735,26028,-53708,-27680,25899,-7543,18356,18519,-9195,9324,NaN,NaN,NaN,NaN,85916,26028,-53708,-27680,25899,-7543,18356,18519,-9195,9324
2009-01-13T23:00:00Z,10.735,10.89,10.335,10.56,26028,-53708,-27680,25899,-7543,18356,18519,-9195,9324,NaN,NaN,NaN,NaN,85916,26028,-53708,-27680,25899,-7543,18356,18519,-9195,9324
2009-01-14T23:00:00Z,10.53,10.675,10.32,10.6,26028,-53708,-27680,25899,-7543,18356,18519,-9195,9324,NaN,NaN,NaN,NaN,85916,26028,-53708,-27680,25899,-7543,18356,18519,-9195,9324
2009-01-15T23:00:00Z,10.575,11.305,10.575,11.27,26028,-53708,-27680,25899,-7543,18356,18519,-9195,9324,NaN,NaN,NaN,NaN,85916,26028,-53708,-27680,25899,-7543,18356,18519,-9195,9324
2009-01-18T23:00:00Z,11.3,11.405,10.92,11.18,26347,-55277,-28930,26663,-7597,19066,18520,-8656,9864,NaN,NaN,NaN,NaN,86349,26347,-55277,-28930,26663,-7597,19066,18520,-8656,9864
2009-01-20T23:00:00Z,11.185,11.505,11.04,11.295,26347,-55277,-28930,26663,-7597,19066,18520,-8656,9864,NaN,NaN,NaN,NaN,86349,26347,-55277,-28930,26663,-7597,19066,18520,-8656,9864
2009-01-21T23:00:00Z,11.31,11.485,11.205,11.375,26347,-55277,-28930,26663,-7597,19066,18520,-8656,9864,NaN,NaN,NaN,NaN,86349,26347,-55277,-28930,26663,-7597,19066,18520,-8656,9864
2009-01-22T23:00:00Z,11.39,12.075,11.26,11.96,26347,-55277,-28930,26663,-7597,19066,18520,-8656,9864,NaN,NaN,NaN,NaN,86349,26347,-55277,-28930,26663,-7597,19066,18520,-8656,9864
2009-01-25T23:00:00Z,11.945,12.285,11.825,12.035,26347,-55277,-28930,26663,-7597,19066,18520,-8656,9864,NaN,NaN,NaN,NaN,86349,26347,-55277,-28930,26663,-7597,19066,18520,-8656,9864
2009-01-26T23:00:00Z,12.025,12.22,11.855,12.055,26230,-58425,-32195,28760,-7802,20958,19420,-8183,11237,NaN,NaN,NaN,NaN,89185,26230,-58425,-32195,28760,-7802,20958,19420,-8183,11237
2009-01-27T23:00:00Z,12.06,12.165,11.815,11.935,26230,-58425,-32195,28760,-7802,20958,19420,-8183,11237,NaN,NaN,NaN,NaN,89185,26230,-58425,-32195,28760,-7802,20958,19420,-8183,11237
2009-01-28T23:00:00Z,11.955,12.45,11.635,12.34,26230,-58425,-32195,28760,-7802,20958,19420,-8183,11237,NaN,NaN,NaN,NaN,89185,26230,-58425,-32195,28760,-7802,20958,19420,-8183,11237
2009-01-29T23:00:00Z,12.34,12.66,12.215,12.645,26230,-58425,-32195,28760,-7802,20958,19420,-8183,11237,NaN,NaN,NaN,NaN,89185,26230,-58425,-32195,28760,-7802,20958,19420,-8183,11237
2009-02-01T23:00:00Z,12.61,12.655,12.175,12.4,26230,-58425,-32195,28760,-7802,20958,19420,-8183,11237,NaN,NaN,NaN,NaN,89185,26230,-58425,-32195,28760,-7802,20958,19420,-8183,11237
2009-02-02T23:00:00Z,12.4,12.47,12.135,12.435,28118,-61291,-33173,29430,-7015,22415,19759,-9001,10758,NaN,NaN,NaN,NaN,93813,28118,-61291,-33173,29430,-7015,22415,19759,-9001,10758
2009-02-03T23:00:00Z,12.425,12.59,12.305,12.5,28118,-61291,-33173,29430,-7015,22415,19759,-9001,10758,NaN,NaN,NaN,NaN,93813,28118,-61291,-33173,29430,-7015,22415,19759,-9001,10758
2009-02-04T23:00:00Z,12.495,12.92,12.27,12.845,28118,-61291,-33173,29430,-7015,22415,19759,-9001,10758,NaN,NaN,NaN,NaN,93813,28118,-61291,-33173,29430,-7015,22415,19759,-9001,10758
2009-02-05T23:00:00Z,12.865,13.18,12.74,13.08,28118,-61291,-33173,29430,-7015,22415,19759,-9001,10758,NaN,NaN,NaN,NaN,93813,28118,-61291,-33173,29430,-7015,22415,19759,-9001,10758
2009-02-08T23:00:00Z,13.115,13.115,12.785,12.805,28118,-61291,-33173,29430,-7015,22415,19759,-9001,10758,NaN,NaN,NaN,NaN,93813,28118,-61291,-33173,29430,-7015,22415,19759,-9001,10758
2009-02-09T23:00:00Z,12.805,13.215,12.725,13.12,28945,-63982,-35037,30842,-6720,24122,20027,-9112,10915,NaN,NaN,NaN,NaN,96019,28945,-63982,-35037,30842,-6720,24122,20027,-9112,10915
2009-02-10T23:00:00Z,13.12,13.67,13.07,13.5,28945,-63982,-35037,30842,-6720,24122,20027,-9112,10915,NaN,NaN,NaN,NaN,96019,28945,-63982,-35037,30842,-6720,24122,20027,-9112,10915
2009-02-11T23:00:00Z,13.5,13.72,13.29,13.455,28945,-63982,-35037,30842,-6720,24122,20027,-9112,10915,NaN,NaN,NaN,NaN,96019,28945,-63982,-35037,30842,-6720,24122,20027,-9112,10915
2009-02-12T23:00:00Z,13.45,13.685,13.22,13.63,28945,-63982,-35037,30842,-6720,24122,20027,-9112,10915,NaN,NaN,NaN,NaN,96019,28945,-63982,-35037,30842,-6720,24122,20027,-9112,10915
2009-02-15T23:00:00Z,13.55,14.2,13.48,14.075,30435,-66486,-36051,30954,-6237,24717,20517,-9183,11334,NaN,NaN,NaN,NaN,99325,30435,-66486,-36051,30954,-6237,24717,20517,-9183,11334
2009-02-17T23:00:00Z,14.08,14.37,13.98,14.31,30435,-66486,-36051,30954,-6237,24717,20517,-9183,11334,NaN,NaN,NaN,NaN,99325,30435,-66486,-36051,30954,-6237,24717,20517,-9183,11334
2009-02-18T23:00:00Z,14.315,14.37,13.85,14,30435,-66486,-36051,30954,-6237,24717,20517,-9183,11334,NaN,NaN,NaN,NaN,99325,30435,-66486,-36051,30954,-6237,24717,20517,-9183,11334
2009-02-19T23:00:00Z,13.98,14.58,13.965,14.385,30435,-66486,-36051,30954,-6237,24717,20517,-9183,11334,NaN,NaN,NaN,NaN,99325,30435,-66486,-36051,30954,-6237,24717,20517,-9183,11334
2009-02-22T23:00:00Z,14.38,14.6,14.06,14.385,30435,-66486,-36051,30954,-6237,24717,20517,-9183,11334,NaN,NaN,NaN,NaN,99325,30435,-66486,-36051,30954,-6237,24717,20517,-9183,11334
2009-02-23T23:00:00Z,14.385,14.575,13.68,13.73,33232,-71463,-38231,30975,-5768,25207,19611,-6587,13024,NaN,NaN,NaN,NaN,101629,33232,-71463,-38231,30975,-5768,25207,19611,-6587,13024
2009-02-24T23:00:00Z,13.735,14.12,13.54,13.695,33232,-71463,-38231,30975,-5768,25207,19611,-6587,13024,NaN,NaN,NaN,NaN,101629,33232,-71463,-38231,30975,-5768,25207,19611,-6587,13024
2009-02-25T23:00:00Z,13.725,13.745,12.935,13.12,33232,-71463,-38231,30975,-5768,25207,19611,-6587,13024,NaN,NaN,NaN,NaN,101629,33232,-71463,-38231,30975,-5768,25207,19611,-6587,13024
2009-02-26T23:00:00Z,13.125,13.37,12.825,13.11,33232,-71463,-38231,30975,-5768,25207,19611,-6587,13024,NaN,NaN,NaN,NaN,101629,33232,-71463,-38231,30975,-5768,25207,19611,-6587,13024
2009-03-01T23:00:00Z,13.1,13.375,12.7,12.935,33232,-71463,-38231,30975,-5768,25207,19611,-6587,13024,NaN,NaN,NaN,NaN,101629,33232,-71463,-38231,30975,-5768,25207,19611,-6587,13024
2009-03-02T23:00:00Z,12.91,12.95,12.43,12.82,28264,-66968,-38704,32391,-5706,26685,19164,-7145,12019,NaN,NaN,NaN,NaN,93051,28264,-66968,-38704,32391,-5706,26685,19164,-7145,12019
2009-03-03T23:00:00Z,12.8,13.15,12.68,12.895,28264,-66968,-38704,32391,-5706,26685,19164,-7145,12019,NaN,NaN,NaN,NaN,93051,28264,-66968,-38704,32391,-5706,26685,19164,-7145,12019
2009-03-04T23:00:00Z,12.945,13.31,12.89,13.25,28264,-66968,-38704,32391,-5706,26685,19164,-7145,12019,NaN,NaN,NaN,NaN,93051,28264,-66968,-38704,32391,-5706,26685,19164,-7145,12019
2009-03-05T23:00:00Z,13.26,13.52,13.215,13.335,28264,-66968,-38704,32391,-5706,26685,19164,-7145,12019,NaN,NaN,NaN,NaN,93051,28264,-66968,-38704,32391,-5706,26685,19164,-7145,12019
2009-03-08T22:00:00Z,13.335,13.385,12.76,12.96,28264,-66968,-38704,32391,-5706,26685,19164,-7145,12019,NaN,NaN,NaN,NaN,93051,28264,-66968,-38704,32391,-5706,26685,19164,-7145,12019
2009-03-09T22:00:00Z,12.95,12.99,12.465,12.59,28649,-64416,-35767,30549,-5267,25282,18850,-8365,10485,NaN,NaN,NaN,NaN,92260,28649,-64416,-35767,30549,-5267,25282,18850,-8365,10485
2009-03-10T22:00:00Z,12.58,12.875,12.51,12.78,28649,-64416,-35767,30549,-5267,25282,18850,-8365,10485,NaN,NaN,NaN,NaN,92260,28649,-64416,-35767,30549,-5267,25282,18850,-8365,10485
2009-03-11T22:00:00Z,12.785,13.08,12.64,12.97,28649,-64416,-35767,30549,-5267,25282,18850,-8365,10485,NaN,NaN,NaN,NaN,92260,28649,-64416,-35767,30549,-5267,25282,18850,-8365,10485
2009-03-12T22:00:00Z,12.96,13.285,12.885,13.195,28649,-64416,-35767,30549,-5267,25282,18850,-8365,10485,NaN,NaN,NaN,NaN,92260,28649,-64416,-35767,30549,-5267,25282,18850,-8365,10485
2009-03-15T22:00:00Z,13.2,13.2,12.77,12.9,28649,-64416,-35767,30549,-5267,25282,18850,-8365,10485,NaN,NaN,NaN,NaN,92260,28649,-64416,-35767,30549,-5267,25282,18850,-8365,10485
2009-03-16T22:00:00Z,12.925,12.99,12.63,12.7,29155,-64915,-35760,29437,-5022,24415,19006,-7661,11345,NaN,NaN,NaN,NaN,92796,29155,-64915,-35760,29437,-5022,24415,19006,-7661,11345
2009-03-17T22:00:00Z,12.705,13,11.89,12.895,29155,-64915,-35760,29437,-5022,24415,19006,-7661,11345,NaN,NaN,NaN,NaN,92796,29155,-64915,-35760,29437,-5022,24415,19006,-7661,11345
2009-03-18T22:00:00Z,12.87,13.685,12.64,13.575,29155,-64915,-35760,29437,-5022,24415,19006,-7661,11345,NaN,NaN,NaN,NaN,92796,29155,-64915,-35760,29437,-5022,24415,19006,-7661,11345
2009-03-19T22:00:00Z,13.575,13.86,13.41,13.76,29155,-64915,-35760,29437,-5022,24415,19006,-7661,11345,NaN,NaN,NaN,NaN,92796,29155,-64915,-35760,29437,-5022,24415,19006,-7661,11345
2009-03-22T22:00:00Z,13.74,13.885,13.615,13.635,29155,-64915,-35760,29437,-5022,24415,19006,-7661,11345,NaN,NaN,NaN,NaN,92796,29155,-64915,-35760,29437,-5022,24415,19006,-7661,11345
2009-03-23T22:00:00Z,13.655,13.74,13.26,13.43,30854,-64455,-33601,27711,-4980,22731,18609,-7739,10870,NaN,NaN,NaN,NaN,93147,30854,-64455,-33601,27711,-4980,22731,18609,-7739,10870
2009-03-24T22:00:00Z,13.44,13.615,12.955,13.49,30854,-64455,-33601,27711,-4980,22731,18609,-7739,10870,NaN,NaN,NaN,NaN,93147,30854,-64455,-33601,27711,-4980,22731,18609,-7739,10870
2009-03-25T22:00:00Z,13.475,13.745,13.4,13.495,30854,-64455,-33601,27711,-4980,22731,18609,-7739,10870,NaN,NaN,NaN,NaN,93147,30854,-64455,-33601,27711,-4980,22731,18609,-7739,10870
2009-03-26T22:00:00Z,13.48,13.575,13.075,13.325,30854,-64455,-33601,27711,-4980,22731,18609,-7739,10870,NaN,NaN,NaN,NaN,93147,30854,-64455,-33601,27711,-4980,22731,18609,-7739,10870
2009-03-29T22:00:00Z,13.27,13.35,12.915,13.035,30854,-64455,-33601,27711,-4980,22731,18609,-7739,10870,NaN,NaN,NaN,NaN,93147,30854,-64455,-33601,27711,-4980,22731,18609,-7739,10870
2009-03-30T22:00:00Z,13.03,13.26,12.57,12.975,29827,-62930,-33103,27232,-6645,20587,20194,-7678,12516,NaN,NaN,NaN,NaN,94506,29827,-62930,-33103,27232,-6645,20587,20194,-7678,12516
2009-03-31T22:00:00Z,12.96,13.17,12.825,13.035,29827,-62930,-33103,27232,-6645,20587,20194,-7678,12516,NaN,NaN,NaN,NaN,94506,29827,-62930,-33103,27232,-6645,20587,20194,-7678,12516
2009-04-01T22:00:00Z,13.02,13.155,12.56,12.925,29827,-62930,-33103,27232,-6645,20587,20194,-7678,12516,NaN,NaN,NaN,NaN,94506,29827,-62930,-33103,27232,-6645,20587,20194,-7678,12516
2009-04-02T22:00:00Z,12.94,12.995,12.65,12.77,29827,-62930,-33103,27232,-6645,20587,20194,-7678,12516,NaN,NaN,NaN,NaN,94506,29827,-62930,-33103,27232,-6645,20587,20194,-7678,12516
2009-04-05T22:00:00Z,12.8,12.8,12.075,12.125,29827,-62930,-33103,27232,-6645,20587,20194,-7678,12516,NaN,NaN,NaN,NaN,94506,29827,-62930,-33103,27232,-6645,20587,20194,-7678,12516
2009-04-06T22:00:00Z,12.1,12.335,12.02,12.215,29430,-59011,-29581,26198,-8557,17641,20393,-8453,11940,NaN,NaN,NaN,NaN,93101,29430,-59011,-29581,26198,-8557,17641,20393,-8453,11940
2009-04-07T22:00:00Z,12.255,12.47,12.15,12.275,29430,-59011,-29581,26198,-8557,17641,20393,-8453,11940,NaN,NaN,NaN,NaN,93101,29430,-59011,-29581,26198,-8557,17641,20393,-8453,11940
2009-04-08T22:00:00Z,12.25,12.395,12.11,12.335,29430,-59011,-29581,26198,-8557,17641,20393,-8453,11940,NaN,NaN,NaN,NaN,93101,29430,-59011,-29581,26198,-8557,17641,20393,-8453,11940
2009-04-12T22:00:00Z,12.365,12.87,12.35,12.715,29430,-59011,-29581,26198,-8557,17641,20393,-8453,11940,NaN,NaN,NaN,NaN,93101,29430,-59011,-29581,26198,-8557,17641,20393,-8453,11940
2009-04-13T22:00:00Z,12.715,12.795,12.55,12.735,30683,-59541,-28858,24462,-7656,16806,20202,-8150,12052,NaN,NaN,NaN,NaN,94568,30683,-59541,-28858,24462,-7656,16806,20202,-8150,12052
2009-04-14T22:00:00Z,12.73,12.92,12.645,12.78,30683,-59541,-28858,24462,-7656,16806,20202,-8150,12052,NaN,NaN,NaN,NaN,94568,30683,-59541,-28858,24462,-7656,16806,20202,-8150,12052
2009-04-15T22:00:00Z,12.75,12.8,12.125,12.23,30683,-59541,-28858,24462,-7656,16806,20202,-8150,12052,NaN,NaN,NaN,NaN,94568,30683,-59541,-28858,24462,-7656,16806,20202,-8150,12052
2009-04-16T22:00:00Z,12.235,12.25,11.775,11.87,30683,-59541,-28858,24462,-7656,16806,20202,-8150,12052,NaN,NaN,NaN,NaN,94568,30683,-59541,-28858,24462,-7656,16806,20202,-8150,12052
2009-04-19T22:00:00Z,11.855,12.165,11.725,12.075,30683,-59541,-28858,24462,-7656,16806,20202,-8150,12052,NaN,NaN,NaN,NaN,94568,30683,-59541,-28858,24462,-7656,16806,20202,-8150,12052
2009-04-20T22:00:00Z,12.055,12.235,11.865,12.025,31095,-56266,-25171,24516,-10518,13998,21018,-9845,11173,NaN,NaN,NaN,NaN,96277,31095,-56266,-25171,24516,-10518,13998,21018,-9845,11173
2009-04-21T22:00:00Z,12.165,12.33,11.99,12.275,31095,-56266,-25171,24516,-10518,13998,21018,-9845,11173,NaN,NaN,NaN,NaN,96277,31095,-56266,-25171,24516,-10518,13998,21018,-9845,11173
2009-04-22T22:00:00Z,12.28,12.86,12.28,12.735,31095,-56266,-25171,24516,-10518,13998,21018,-9845,11173,NaN,NaN,NaN,NaN,96277,31095,-56266,-25171,24516,-10518,13998,21018,-9845,11173
2009-04-23T22:00:00Z,12.755,12.94,12.65,12.865,31095,-56266,-25171,24516,-10518,13998,21018,-9845,11173,NaN,NaN,NaN,NaN,96277,31095,-56266,-25171,24516,-10518,13998,21018,-9845,11173
2009-04-26T22:00:00Z,12.895,13.24,12.775,12.895,31095,-56266,-25171,24516,-10518,13998,21018,-9845,11173,NaN,NaN,NaN,NaN,96277,31095,-56266,-25171,24516,-10518,13998,21018,-9845,11173
2009-04-27T22:00:00Z,12.87,12.95,12.33,12.43,30037,-57497,-27460,24121,-8402,15719,19940,-8199,11741,NaN,NaN,NaN,NaN,90687,30037,-57497,-27460,24121,-8402,15719,19940,-8199,11741
2009-04-28T22:00:00Z,12.47,12.83,12.405,12.8,30037,-57497,-27460,24121,-8402,15719,19940,-8199,11741,NaN,NaN,NaN,NaN,90687,30037,-57497,-27460,24121,-8402,15719,19940,-8199,11741
2009-04-29T22:00:00Z,12.8,12.82,12.185,12.35,30037,-57497,-27460,24121,-8402,15719,19940,-8199,11741,NaN,NaN,NaN,NaN,90687,30037,-57497,-27460,24121,-8402,15719,19940,-8199,11741
2009-04-30T22:00:00Z,12.37,12.62,12.025,12.505,30037,-57497,-27460,24121,-8402,15719,19940,-8199,11741,NaN,NaN,NaN,NaN,90687,30037,-57497,-27460,24121,-8402,15719,19940,-8199,11741
2009-05-03T22:00:00Z,12.5,13.155,12.44,13.05,30037,-57497,-27460,24121,-8402,15719,19940,-8199,11741,NaN,NaN,NaN,NaN,90687,30037,-57497,-27460,24121,-8402,15719,19940,-8199,11741
2009-05-04T22:00:00Z,13.05,13.615,12.995,13.35,26480,-58403,-31923,27385,-6581,20804,19570,-8451,11119,NaN,NaN,NaN,NaN,89477,26480,-58403,-31923,27385,-6581,20804,19570,-8451,11119
2009-05-05T22:00:00Z,13.305,13.835,13.27,13.72,26480,-58403,-31923,27385,-6581,20804,19570,-8451,11119,NaN,NaN,NaN,NaN,89477,26480,-58403,-31923,27385,-6581,20804,19570,-8451,11119
2009-05-06T22:00:00Z,13.74,14.15,13.67,13.805,26480,-58403,-31923,27385,-6581,20804,19570,-8451,11119,NaN,NaN,NaN,NaN,89477,26480,-58403,-31923,27385,-6581,20804,19570,-8451,11119
2009-05-07T22:00:00Z,13.84,14.065,13.78,14.005,26480,-58403,-31923,27385,-6581,20804,19570,-8451,11119,NaN,NaN,NaN,NaN,89477,26480,-58403,-31923,27385,-6581,20804,19570,-8451,11119
2009-05-10T22:00:00Z,14.01,14.035,13.68,13.945,26480,-58403,-31923,27385,-6581,20804,19570,-8451,11119,NaN,NaN,NaN,NaN,89477,26480,-58403,-31923,27385,-6581,20804,19570,-8451,11119
2009-05-11T22:00:00Z,13.935,14.34,13.84,14.215,26221,-63272,-37051,32432,-7932,24500,21134,-8583,12551,NaN,NaN,NaN,NaN,96546,26221,-63272,-37051,32432,-7932,24500,21134,-8583,12551
2009-05-12T22:00:00Z,14.215,14.37,13.88,13.97,26221,-63272,-37051,32432,-7932,24500,21134,-8583,12551,NaN,NaN,NaN,NaN,96546,26221,-63272,-37051,32432,-7932,24500,21134,-8583,12551
2009-05-13T22:00:00Z,13.99,14.09,13.71,14.055,26221,-63272,-37051,32432,-7932,24500,21134,-8583,12551,NaN,NaN,NaN,NaN,96546,26221,-63272,-37051,32432,-7932,24500,21134,-8583,12551
2009-05-14T22:00:00Z,14.045,14.19,13.86,13.965,26221,-63272,-37051,32432,-7932,24500,21134,-8583,12551,NaN,NaN,NaN,NaN,96546,26221,-63272,-37051,32432,-7932,24500,21134,-8583,12551
2009-05-17T22:00:00Z,13.98,14.08,13.63,13.77,26221,-63272,-37051,32432,-7932,24500,21134,-8583,12551,NaN,NaN,NaN,NaN,96546,26221,-63272,-37051,32432,-7932,24500,21134,-8583,12551
2009-05-18T22:00:00Z,13.74,14.295,13.73,14.185,23327,-64874,-41547,34189,-5964,28225,21202,-7880,13322,NaN,NaN,NaN,NaN,96079,23327,-64874,-41547,34189,-5964,28225,21202,-7880,13322
2009-05-19T22:00:00Z,14.2,14.39,14.1,14.25,23327,-64874,-41547,34189,-5964,28225,21202,-7880,13322,NaN,NaN,NaN,NaN,96079,23327,-64874,-41547,34189,-5964,28225,21202,-7880,13322
2009-05-20T22:00:00Z,14.26,14.57,14.09,14.565,23327,-64874,-41547,34189,-5964,28225,21202,-7880,13322,NaN,NaN,NaN,NaN,96079,23327,-64874,-41547,34189,-5964,28225,21202,-7880,13322
2009-05-21T22:00:00Z,14.55,14.86,14.43,14.7,23327,-64874,-41547,34189,-5964,28225,21202,-7880,13322,NaN,NaN,NaN,NaN,96079,23327,-64874,-41547,34189,-5964,28225,21202,-7880,13322
2009-05-24T22:00:00Z,14.72,14.78,14.31,14.605,23168,-65947,-42779,33982,-5948,28034,23303,-8558,14745,NaN,NaN,NaN,NaN,98120,23168,-65947,-42779,33982,-5948,28034,23303,-8558,14745
2009-05-26T22:00:00Z,14.625,15.02,14.39,14.755,23168,-65947,-42779,33982,-5948,28034,23303,-8558,14745,NaN,NaN,NaN,NaN,98120,23168,-65947,-42779,33982,-5948,28034,23303,-8558,14745
2009-05-27T22:00:00Z,15.04,15.275,14.65,15.16,23168,-65947,-42779,33982,-5948,28034,23303,-8558,14745,NaN,NaN,NaN,NaN,98120,23168,-65947,-42779,33982,-5948,28034,23303,-8558,14745
2009-05-28T22:00:00Z,15.18,15.795,15.145,15.79,23168,-65947,-42779,33982,-5948,28034,23303,-8558,14745,NaN,NaN,NaN,NaN,98120,23168,-65947,-42779,33982,-5948,28034,23303,-8558,14745
2009-05-31T22:00:00Z,15.765,15.97,15.54,15.595,23168,-65947,-42779,33982,-5948,28034,23303,-8558,14745,NaN,NaN,NaN,NaN,98120,23168,-65947,-42779,33982,-5948,28034,23303,-8558,14745
2009-06-01T22:00:00Z,15.625,16.02,15.45,15.97,26072,-69046,-42974,35789,-7121,28668,23773,-9467,14306,NaN,NaN,NaN,NaN,104986,26072,-69046,-42974,35789,-7121,28668,23773,-9467,14306
2009-06-02T22:00:00Z,15.96,16.25,15.255,15.33,26072,-69046,-42974,35789,-7121,28668,23773,-9467,14306,NaN,NaN,NaN,NaN,104986,26072,-69046,-42974,35789,-7121,28668,23773,-9467,14306
2009-06-03T22:00:00Z,15.345,15.945,15.065,15.875,26072,-69046,-42974,35789,-7121,28668,23773,-9467,14306,NaN,NaN,NaN,NaN,104986,26072,-69046,-42974,35789,-7121,28668,23773,-9467,14306
2009-06-04T22:00:00Z,15.925,15.98,15.16,15.255,26072,-69046,-42974,35789,-7121,28668,23773,-9467,14306,NaN,NaN,NaN,NaN,104986,26072,-69046,-42974,35789,-7121,28668,23773,-9467,14306
2009-06-07T22:00:00Z,15.25,15.46,14.735,14.905,26072,-69046,-42974,35789,-7121,28668,23773,-9467,14306,NaN,NaN,NaN,NaN,104986,26072,-69046,-42974,35789,-7121,28668,23773,-9467,14306
2009-06-08T22:00:00Z,14.915,15.345,14.75,15.23,26514,-73464,-46950,36330,-5446,30884,24175,-8109,16066,NaN,NaN,NaN,NaN,106447,26514,-73464,-46950,36330,-5446,30884,24175,-8109,16066
2009-06-09T22:00:00Z,15.235,15.5,15.025,15.175,26514,-73464,-46950,36330,-5446,30884,24175,-8109,16066,NaN,NaN,NaN,NaN,106447,26514,-73464,-46950,36330,-5446,30884,24175,-8109,16066
2009-06-10T22:00:00Z,15.17,15.54,14.925,15.395,26514,-73464,-46950,36330,-5446,30884,24175,-8109,16066,NaN,NaN,NaN,NaN,106447,26514,-73464,-46950,36330,-5446,30884,24175,-8109,16066
2009-06-11T22:00:00Z,15.405,15.435,14.78,14.815,26514,-73464,-46950,36330,-5446,30884,24175,-8109,16066,NaN,NaN,NaN,NaN,106447,26514,-73464,-46950,36330,-5446,30884,24175,-8109,16066
2009-06-14T22:00:00Z,14.85,14.875,14.03,14.055,26514,-73464,-46950,36330,-5446,30884,24175,-8109,16066,NaN,NaN,NaN,NaN,106447,26514,-73464,-46950,36330,-5446,30884,24175,-8109,16066
2009-06-15T22:00:00Z,14.05,14.405,14.05,14.185,27200,-72802,-45602,33876,-4481,29395,24061,-7854,16207,NaN,NaN,NaN,NaN,103981,27200,-72802,-45602,33876,-4481,29395,24061,-7854,16207
2009-06-16T22:00:00Z,14.18,14.355,13.93,14.33,27200,-72802,-45602,33876,-4481,29395,24061,-7854,16207,NaN,NaN,NaN,NaN,103981,27200,-72802,-45602,33876,-4481,29395,24061,-7854,16207
2009-06-17T22:00:00Z,14.34,14.4,14.13,14.205,27200,-72802,-45602,33876,-4481,29395,24061,-7854,16207,NaN,NaN,NaN,NaN,103981,27200,-72802,-45602,33876,-4481,29395,24061,-7854,16207
2009-06-18T22:00:00Z,14.205,14.37,14.12,14.195,27200,-72802,-45602,33876,-4481,29395,24061,-7854,16207,NaN,NaN,NaN,NaN,103981,27200,-72802,-45602,33876,-4481,29395,24061,-7854,16207
2009-06-21T22:00:00Z,13.8,14.19,13.68,13.71,27200,-72802,-45602,33876,-4481,29395,24061,-7854,16207,NaN,NaN,NaN,NaN,103981,27200,-72802,-45602,33876,-4481,29395,24061,-7854,16207
2009-06-22T22:00:00Z,13.72,13.88,13.595,13.815,27673,-69666,-41993,30838,-4633,26205,23728,-7940,15788,NaN,NaN,NaN,NaN,105699,27673,-69666,-41993,30838,-4633,26205,23728,-7940,15788
2009-06-23T22:00:00Z,13.83,14.105,13.775,13.835,27673,-69666,-41993,30838,-4633,26205,23728,-7940,15788,NaN,NaN,NaN,NaN,105699,27673,-69666,-41993,30838,-4633,26205,23728,-7940,15788
2009-06-24T22:00:00Z,13.83,14.05,13.795,14,27673,-69666,-41993,30838,-4633,26205,23728,-7940,15788,NaN,NaN,NaN,NaN,105699,27673,-69666,-41993,30838,-4633,26205,23728,-7940,15788
2009-06-25T22:00:00Z,14.015,14.315,14.005,14.06,27673,-69666,-41993,30838,-4633,26205,23728,-7940,15788,NaN,NaN,NaN,NaN,105699,27673,-69666,-41993,30838,-4633,26205,23728,-7940,15788
2009-06-28T22:00:00Z,14.1,14.13,13.84,13.89,27673,-69666,-41993,30838,-4633,26205,23728,-7940,15788,NaN,NaN,NaN,NaN,105699,27673,-69666,-41993,30838,-4633,26205,23728,-7940,15788
2009-06-29T22:00:00Z,13.6,14.15,13.455,13.6,31610,-72094,-40484,30233,-5455,24778,24079,-8373,15706,NaN,NaN,NaN,NaN,104594,31610,-72094,-40484,30233,-5455,24778,24079,-8373,15706
2009-06-30T22:00:00Z,13.61,13.87,13.59,13.76,31610,-72094,-40484,30233,-5455,24778,24079,-8373,15706,NaN,NaN,NaN,NaN,104594,31610,-72094,-40484,30233,-5455,24778,24079,-8373,15706
2009-07-01T22:00:00Z,13.765,13.8,13.29,13.4,31610,-72094,-40484,30233,-5455,24778,24079,-8373,15706,NaN,NaN,NaN,NaN,104594,31610,-72094,-40484,30233,-5455,24778,24079,-8373,15706
2009-07-02T22:00:00Z,13.425,13.45,12.995,13.255,31610,-72094,-40484,30233,-5455,24778,24079,-8373,15706,NaN,NaN,NaN,NaN,104594,31610,-72094,-40484,30233,-5455,24778,24079,-8373,15706
2009-07-06T22:00:00Z,13.25,13.37,13.075,13.11,29798,-67230,-37432,29641,-5515,24126,21461,-8155,13306,NaN,NaN,NaN,NaN,100376,29798,-67230,-37432,29641,-5515,24126,21461,-8155,13306
2009-07-07T22:00:00Z,13.1,13.15,12.74,12.845,29798,-67230,-37432,29641,-5515,24126,21461,-8155,13306,NaN,NaN,NaN,NaN,100376,29798,-67230,-37432,29641,-5515,24126,21461,-8155,13306
2009-07-08T22:00:00Z,12.855,12.975,12.76,12.83,29798,-67230,-37432,29641,-5515,24126,21461,-8155,13306,NaN,NaN,NaN,NaN,100376,29798,-67230,-37432,29641,-5515,24126,21461,-8155,13306
2009-07-09T22:00:00Z,12.83,12.9,12.51,12.665,29798,-67230,-37432,29641,-5515,24126,21461,-8155,13306,NaN,NaN,NaN,NaN,100376,29798,-67230,-37432,29641,-5515,24126,21461,-8155,13306
2009-07-12T22:00:00Z,12.66,12.845,12.435,12.845,29798,-67230,-37432,29641,-5515,24126,21461,-8155,13306,NaN,NaN,NaN,NaN,100376,29798,-67230,-37432,29641,-5515,24126,21461,-8155,13306
2009-07-13T22:00:00Z,12.83,12.995,12.785,12.885,29870,-64495,-34625,28690,-7605,21085,21902,-8362,13540,NaN,NaN,NaN,NaN,99662,29870,-64495,-34625,28690,-7605,21085,21902,-8362,13540
2009-07-14T22:00:00Z,12.905,13.38,12.88,13.28,29870,-64495,-34625,28690,-7605,21085,21902,-8362,13540,NaN,NaN,NaN,NaN,99662,29870,-64495,-34625,28690,-7605,21085,21902,-8362,13540
2009-07-15T22:00:00Z,13.29,13.325,13.135,13.3,29870,-64495,-34625,28690,-7605,21085,21902,-8362,13540,NaN,NaN,NaN,NaN,99662,29870,-64495,-34625,28690,-7605,21085,21902,-8362,13540
2009-07-16T22:00:00Z,13.3,13.47,13.07,13.405,29870,-64495,-34625,28690,-7605,21085,21902,-8362,13540,NaN,NaN,NaN,NaN,99662,29870,-64495,-34625,28690,-7605,21085,21902,-8362,13540
2009-07-19T22:00:00Z,13.405,13.75,13.37,13.62,29870,-64495,-34625,28690,-7605,21085,21902,-8362,13540,NaN,NaN,NaN,NaN,99662,29870,-64495,-34625,28690,-7605,21085,21902,-8362,13540
2009-07-20T22:00:00Z,13.635,13.695,13.45,13.54,29821,-63022,-33201,28351,-9811,18540,21845,-7184,14661,NaN,NaN,NaN,NaN,98269,29821,-63022,-33201,28351,-9811,18540,21845,-7184,14661
2009-07-21T22:00:00Z,13.65,13.745,13.34,13.71,29821,-63022,-33201,28351,-9811,18540,21845,-7184,14661,NaN,NaN,NaN,NaN,98269,29821,-63022,-33201,28351,-9811,18540,21845,-7184,14661
2009-07-22T22:00:00Z,13.735,13.86,13.61,13.71,29821,-63022,-33201,28351,-9811,18540,21845,-7184,14661,NaN,NaN,NaN,NaN,98269,29821,-63022,-33201,28351,-9811,18540,21845,-7184,14661
2009-07-23T22:00:00Z,13.71,13.9,13.655,13.885,29821,-63022,-33201,28351,-9811,18540,21845,-7184,14661,NaN,NaN,NaN,NaN,98269,29821,-63022,-33201,28351,-9811,18540,21845,-7184,14661
2009-07-26T22:00:00Z,13.89,14.09,13.745,14.03,29821,-63022,-33201,28351,-9811,18540,21845,-7184,14661,NaN,NaN,NaN,NaN,98269,29821,-63022,-33201,28351,-9811,18540,21845,-7184,14661
2009-07-27T22:00:00Z,14.02,14.095,13.58,13.695,29678,-65564,-35886,30181,-8855,21326,22258,-7698,14560,NaN,NaN,NaN,NaN,97761,29678,-65564,-35886,30181,-8855,21326,22258,-7698,14560
2009-07-28T22:00:00Z,13.695,13.74,13.165,13.285,29678,-65564,-35886,30181,-8855,21326,22258,-7698,14560,NaN,NaN,NaN,NaN,97761,29678,-65564,-35886,30181,-8855,21326,22258,-7698,14560
2009-07-29T22:00:00Z,13.285,13.58,13.26,13.475,29678,-65564,-35886,30181,-8855,21326,22258,-7698,14560,NaN,NaN,NaN,NaN,97761,29678,-65564,-35886,30181,-8855,21326,22258,-7698,14560
2009-07-30T22:00:00Z,13.475,13.97,13.37,13.92,29678,-65564,-35886,30181,-8855,21326,22258,-7698,14560,NaN,NaN,NaN,NaN,97761,29678,-65564,-35886,30181,-8855,21326,22258,-7698,14560
2009-08-02T22:00:00Z,13.9,14.465,13.885,14.225,29678,-65564,-35886,30181,-8855,21326,22258,-7698,14560,NaN,NaN,NaN,NaN,97761,29678,-65564,-35886,30181,-8855,21326,22258,-7698,14560
2009-08-03T22:00:00Z,14.252,14.765,14.025,14.64,29767,-68808,-39041,32434,-8585,23849,22338,-7146,15192,NaN,NaN,NaN,NaN,99477,29767,-68808,-39041,32434,-8585,23849,22338,-7146,15192
2009-08-04T22:00:00Z,14.645,14.85,14.545,14.675,29767,-68808,-39041,32434,-8585,23849,22338,-7146,15192,NaN,NaN,NaN,NaN,99477,29767,-68808,-39041,32434,-8585,23849,22338,-7146,15192
2009-08-05T22:00:00Z,14.68,15.035,14.41,14.56,29767,-68808,-39041,32434,-8585,23849,22338,-7146,15192,NaN,NaN,NaN,NaN,99477,29767,-68808,-39041,32434,-8585,23849,22338,-7146,15192
2009-08-06T22:00:00Z,14.56,14.89,14.49,14.62,29767,-68808,-39041,32434,-8585,23849,22338,-7146,15192,NaN,NaN,NaN,NaN,99477,29767,-68808,-39041,32434,-8585,23849,22338,-7146,15192
2009-08-09T22:00:00Z,14.56,14.695,14.275,14.35,29767,-68808,-39041,32434,-8585,23849,22338,-7146,15192,NaN,NaN,NaN,NaN,99477,29767,-68808,-39041,32434,-8585,23849,22338,-7146,15192
2009-08-10T22:00:00Z,14.35,14.48,14.235,14.285,29940,-72286,-42346,36581,-8771,27810,22888,-8352,14536,NaN,NaN,NaN,NaN,104790,29940,-72286,-42346,36581,-8771,27810,22888,-8352,14536
2009-08-11T22:00:00Z,14.315,14.605,14.125,14.54,29940,-72286,-42346,36581,-8771,27810,22888,-8352,14536,NaN,NaN,NaN,NaN,104790,29940,-72286,-42346,36581,-8771,27810,22888,-8352,14536
2009-08-12T22:00:00Z,14.55,15.145,14.505,15.045,29940,-72286,-42346,36581,-8771,27810,22888,-8352,14536,NaN,NaN,NaN,NaN,104790,29940,-72286,-42346,36581,-8771,27810,22888,-8352,14536
2009-08-13T22:00:00Z,15.04,15.185,14.585,14.71,29940,-72286,-42346,36581,-8771,27810,22888,-8352,14536,NaN,NaN,NaN,NaN,104790,29940,-72286,-42346,36581,-8771,27810,22888,-8352,14536
2009-08-16T22:00:00Z,14.73,14.73,13.82,13.99,29940,-72286,-42346,36581,-8771,27810,22888,-8352,14536,NaN,NaN,NaN,NaN,104790,29940,-72286,-42346,36581,-8771,27810,22888,-8352,14536
2009-08-17T22:00:00Z,13.99,14.2,13.83,13.985,29631,-72752,-43121,35138,-7287,27851,22809,-7539,15270,NaN,NaN,NaN,NaN,103527,29631,-72752,-43121,35138,-7287,27851,22809,-7539,15270
2009-08-18T22:00:00Z,14.005,14.15,13.495,13.82,29631,-72752,-43121,35138,-7287,27851,22809,-7539,15270,NaN,NaN,NaN,NaN,103527,29631,-72752,-43121,35138,-7287,27851,22809,-7539,15270
2009-08-19T22:00:00Z,13.815,14.07,13.79,13.93,29631,-72752,-43121,35138,-7287,27851,22809,-7539,15270,NaN,NaN,NaN,NaN,103527,29631,-72752,-43121,35138,-7287,27851,22809,-7539,15270
2009-08-20T22:00:00Z,13.915,14.29,13.71,14.175,29631,-72752,-43121,35138,-7287,27851,22809,-7539,15270,NaN,NaN,NaN,NaN,103527,29631,-72752,-43121,35138,-7287,27851,22809,-7539,15270
2009-08-23T22:00:00Z,14.2,14.47,14.05,14.165,29631,-72752,-43121,35138,-7287,27851,22809,-7539,15270,NaN,NaN,NaN,NaN,103527,29631,-72752,-43121,35138,-7287,27851,22809,-7539,15270
2009-08-24T22:00:00Z,14.32,14.425,14.06,14.26,28320,-71038,-42718,35667,-6537,29130,22424,-8836,13588,NaN,NaN,NaN,NaN,101539,28320,-71038,-42718,35667,-6537,29130,22424,-8836,13588
2009-08-25T22:00:00Z,14.295,14.47,14.165,14.34,28320,-71038,-42718,35667,-6537,29130,22424,-8836,13588,NaN,NaN,NaN,NaN,101539,28320,-71038,-42718,35667,-6537,29130,22424,-8836,13588
2009-08-26T22:00:00Z,14.34,14.35,14.045,14.29,28320,-71038,-42718,35667,-6537,29130,22424,-8836,13588,NaN,NaN,NaN,NaN,101539,28320,-71038,-42718,35667,-6537,29130,22424,-8836,13588
2009-08-27T22:00:00Z,14.225,14.9,14.225,14.81,28320,-71038,-42718,35667,-6537,29130,22424,-8836,13588,NaN,NaN,NaN,NaN,101539,28320,-71038,-42718,35667,-6537,29130,22424,-8836,13588
2009-08-30T22:00:00Z,14.775,14.95,14.55,14.915,28320,-71038,-42718,35667,-6537,29130,22424,-8836,13588,NaN,NaN,NaN,NaN,101539,28320,-71038,-42718,35667,-6537,29130,22424,-8836,13588
2009-08-31T22:00:00Z,14.905,15.145,14.655,15.06,27994,-76050,-48056,42244,-7815,34429,21741,-8114,13627,NaN,NaN,NaN,NaN,106671,27994,-76050,-48056,42244,-7815,34429,21741,-8114,13627
2009-09-01T22:00:00Z,15.035,15.49,14.865,15.405,27994,-76050,-48056,42244,-7815,34429,21741,-8114,13627,NaN,NaN,NaN,NaN,106671,27994,-76050,-48056,42244,-7815,34429,21741,-8114,13627
2009-09-02T22:00:00Z,15.41,16.31,15.36,16.17,27994,-76050,-48056,42244,-7815,34429,21741,-8114,13627,NaN,NaN,NaN,NaN,106671,27994,-76050,-48056,42244,-7815,34429,21741,-8114,13627
2009-09-03T22:00:00Z,16.18,16.405,15.85,16.255,27994,-76050,-48056,42244,-7815,34429,21741,-8114,13627,NaN,NaN,NaN,NaN,106671,27994,-76050,-48056,42244,-7815,34429,21741,-8114,13627
2009-09-06T22:00:00Z,16.375,16.86,16.165,16.49,26175,-82576,-56401,48685,-7783,40902,24964,-9465,15499,NaN,NaN,NaN,NaN,116421,26175,-82576,-56401,48685,-7783,40902,24964,-9465,15499
2009-09-08T22:00:00Z,16.485,16.75,16.255,16.355,26175,-82576,-56401,48685,-7783,40902,24964,-9465,15499,NaN,NaN,NaN,NaN,116421,26175,-82576,-56401,48685,-7783,40902,24964,-9465,15499
2009-09-09T22:00:00Z,16.355,16.73,16.06,16.72,26175,-82576,-56401,48685,-7783,40902,24964,-9465,15499,NaN,NaN,NaN,NaN,116421,26175,-82576,-56401,48685,-7783,40902,24964,-9465,15499
2009-09-10T22:00:00Z,16.71,17.015,16.645,16.82,26175,-82576,-56401,48685,-7783,40902,24964,-9465,15499,NaN,NaN,NaN,NaN,116421,26175,-82576,-56401,48685,-7783,40902,24964,-9465,15499
2009-09-13T22:00:00Z,16.785,16.845,16.32,16.595,26175,-82576,-56401,48685,-7783,40902,24964,-9465,15499,NaN,NaN,NaN,NaN,116421,26175,-82576,-56401,48685,-7783,40902,24964,-9465,15499
2009-09-14T22:00:00Z,16.57,17.08,16.44,17.045,24923,-86849,-61926,54995,-8526,46469,26749,-11292,15457,NaN,NaN,NaN,NaN,123873,24923,-86849,-61926,54995,-8526,46469,26749,-11292,15457
2009-09-15T22:00:00Z,17.045,17.58,17.035,17.44,24923,-86849,-61926,54995,-8526,46469,26749,-11292,15457,NaN,NaN,NaN,NaN,123873,24923,-86849,-61926,54995,-8526,46469,26749,-11292,15457
2009-09-16T22:00:00Z,17.425,17.69,17.21,17.25,24923,-86849,-61926,54995,-8526,46469,26749,-11292,15457,NaN,NaN,NaN,NaN,123873,24923,-86849,-61926,54995,-8526,46469,26749,-11292,15457
2009-09-17T22:00:00Z,17.29,17.4,16.92,17.025,24923,-86849,-61926,54995,-8526,46469,26749,-11292,15457,NaN,NaN,NaN,NaN,123873,24923,-86849,-61926,54995,-8526,46469,26749,-11292,15457
2009-09-20T22:00:00Z,16.95,16.985,16.525,16.85,24923,-86849,-61926,54995,-8526,46469,26749,-11292,15457,NaN,NaN,NaN,NaN,123873,24923,-86849,-61926,54995,-8526,46469,26749,-11292,15457
2009-09-21T22:00:00Z,16.865,17.345,16.83,17.155,25922,-90277,-64355,56756,-9522,47234,26847,-9726,17121,NaN,NaN,NaN,NaN,128184,25922,-90277,-64355,56756,-9522,47234,26847,-9726,17121
2009-09-22T22:00:00Z,17.155,17.29,16.72,16.805,25922,-90277,-64355,56756,-9522,47234,26847,-9726,17121,NaN,NaN,NaN,NaN,128184,25922,-90277,-64355,56756,-9522,47234,26847,-9726,17121
2009-09-23T22:00:00Z,16.8,17.045,16.185,16.245,25922,-90277,-64355,56756,-9522,47234,26847,-9726,17121,NaN,NaN,NaN,NaN,128184,25922,-90277,-64355,56756,-9522,47234,26847,-9726,17121
2009-09-24T22:00:00Z,16.27,16.41,15.955,16.05,25922,-90277,-64355,56756,-9522,47234,26847,-9726,17121,NaN,NaN,NaN,NaN,128184,25922,-90277,-64355,56756,-9522,47234,26847,-9726,17121
2009-09-27T22:00:00Z,16.115,16.325,15.76,16.215,25922,-90277,-64355,56756,-9522,47234,26847,-9726,17121,NaN,NaN,NaN,NaN,128184,25922,-90277,-64355,56756,-9522,47234,26847,-9726,17121
2009-09-28T22:00:00Z,16.22,16.32,16.01,16.17,26732,-90838,-64106,54966,-7556,47410,27940,-11244,16696,NaN,NaN,NaN,NaN,128695,26732,-90838,-64106,54966,-7556,47410,27940,-11244,16696
2009-09-29T22:00:00Z,16.17,16.715,16.17,16.67,26732,-90838,-64106,54966,-7556,47410,27940,-11244,16696,NaN,NaN,NaN,NaN,128695,26732,-90838,-64106,54966,-7556,47410,27940,-11244,16696
2009-09-30T22:00:00Z,16.665,16.785,16.34,16.375,26732,-90838,-64106,54966,-7556,47410,27940,-11244,16696,NaN,NaN,NaN,NaN,128695,26732,-90838,-64106,54966,-7556,47410,27940,-11244,16696
2009-10-01T22:00:00Z,16.36,16.495,15.92,16.195,26732,-90838,-64106,54966,-7556,47410,27940,-11244,16696,NaN,NaN,NaN,NaN,128695,26732,-90838,-64106,54966,-7556,47410,27940,-11244,16696
2009-10-04T22:00:00Z,16.2,16.685,16.035,16.665,26732,-90838,-64106,54966,-7556,47410,27940,-11244,16696,NaN,NaN,NaN,NaN,128695,26732,-90838,-64106,54966,-7556,47410,27940,-11244,16696
2009-10-05T22:00:00Z,16.67,17.44,16.625,17.395,26535,-91723,-65188,54614,-7314,47300,30141,-12253,17888,NaN,NaN,NaN,NaN,131801,26535,-91723,-65188,54614,-7314,47300,30141,-12253,17888
2009-10-06T22:00:00Z,17.375,17.63,17.31,17.62,26535,-91723,-65188,54614,-7314,47300,30141,-12253,17888,NaN,NaN,NaN,NaN,131801,26535,-91723,-65188,54614,-7314,47300,30141,-12253,17888
2009-10-07T22:00:00Z,17.65,17.955,17.53,17.805,26535,-91723,-65188,54614,-7314,47300,30141,-12253,17888,NaN,NaN,NaN,NaN,131801,26535,-91723,-65188,54614,-7314,47300,30141,-12253,17888
2009-10-08T22:00:00Z,17.815,17.835,17.555,17.735,26535,-91723,-65188,54614,-7314,47300,30141,-12253,17888,NaN,NaN,NaN,NaN,131801,26535,-91723,-65188,54614,-7314,47300,30141,-12253,17888
2009-10-11T22:00:00Z,17.735,17.99,17.71,17.755,26535,-91723,-65188,54614,-7314,47300,30141,-12253,17888,NaN,NaN,NaN,NaN,131801,26535,-91723,-65188,54614,-7314,47300,30141,-12253,17888
2009-10-12T22:00:00Z,17.76,18.075,17.565,17.825,27902,-93328,-65426,55532,-7257,48275,29355,-12204,17151,NaN,NaN,NaN,NaN,136015,27902,-93328,-65426,55532,-7257,48275,29355,-12204,17151
2009-10-13T22:00:00Z,17.82,18.175,17.72,17.925,27902,-93328,-65426,55532,-7257,48275,29355,-12204,17151,NaN,NaN,NaN,NaN,136015,27902,-93328,-65426,55532,-7257,48275,29355,-12204,17151
2009-10-14T22:00:00Z,17.915,18,17.32,17.385,27902,-93328,-65426,55532,-7257,48275,29355,-12204,17151,NaN,NaN,NaN,NaN,136015,27902,-93328,-65426,55532,-7257,48275,29355,-12204,17151
2009-10-15T22:00:00Z,17.38,17.58,17.21,17.485,27902,-93328,-65426,55532,-7257,48275,29355,-12204,17151,NaN,NaN,NaN,NaN,136015,27902,-93328,-65426,55532,-7257,48275,29355,-12204,17151
2009-10-18T22:00:00Z,17.485,17.875,17.27,17.85,27902,-93328,-65426,55532,-7257,48275,29355,-12204,17151,NaN,NaN,NaN,NaN,136015,27902,-93328,-65426,55532,-7257,48275,29355,-12204,17151
2009-10-19T22:00:00Z,17.86,17.955,17.42,17.52,28261,-94265,-66004,55740,-7602,48138,28778,-10912,17866,NaN,NaN,NaN,NaN,135456,28261,-94265,-66004,55740,-7602,48138,28778,-10912,17866
2009-10-20T22:00:00Z,17.52,17.835,17.3,17.71,28261,-94265,-66004,55740,-7602,48138,28778,-10912,17866,NaN,NaN,NaN,NaN,135456,28261,-94265,-66004,55740,-7602,48138,28778,-10912,17866
2009-10-21T22:00:00Z,17.72,17.83,17.365,17.68,28261,-94265,-66004,55740,-7602,48138,28778,-10912,17866,NaN,NaN,NaN,NaN,135456,28261,-94265,-66004,55740,-7602,48138,28778,-10912,17866
2009-10-22T22:00:00Z,17.7,17.97,17.45,17.7,28261,-94265,-66004,55740,-7602,48138,28778,-10912,17866,NaN,NaN,NaN,NaN,135456,28261,-94265,-66004,55740,-7602,48138,28778,-10912,17866
2009-10-25T22:00:00Z,17.71,17.8,17.01,17.09,28261,-94265,-66004,55740,-7602,48138,28778,-10912,17866,NaN,NaN,NaN,NaN,135456,28261,-94265,-66004,55740,-7602,48138,28778,-10912,17866
2009-10-26T22:00:00Z,17.07,17.25,16.5,16.705,29343,-93705,-64362,51014,-6874,44140,31015,-10793,20222,NaN,NaN,NaN,NaN,132843,29343,-93705,-64362,51014,-6874,44140,31015,-10793,20222
2009-10-27T22:00:00Z,16.71,16.77,16.12,16.14,29343,-93705,-64362,51014,-6874,44140,31015,-10793,20222,NaN,NaN,NaN,NaN,132843,29343,-93705,-64362,51014,-6874,44140,31015,-10793,20222
2009-10-28T22:00:00Z,16.135,16.71,16.12,16.665,29343,-93705,-64362,51014,-6874,44140,31015,-10793,20222,NaN,NaN,NaN,NaN,132843,29343,-93705,-64362,51014,-6874,44140,31015,-10793,20222
2009-10-29T22:00:00Z,16.69,16.745,16.15,16.305,29343,-93705,-64362,51014,-6874,44140,31015,-10793,20222,NaN,NaN,NaN,NaN,132843,29343,-93705,-64362,51014,-6874,44140,31015,-10793,20222
2009-11-01T23:00:00Z,16.285,16.735,16.275,16.45,29343,-93705,-64362,51014,-6874,44140,31015,-10793,20222,NaN,NaN,NaN,NaN,132843,29343,-93705,-64362,51014,-6874,44140,31015,-10793,20222
2009-11-02T23:00:00Z,16.475,17.35,16.245,17.22,32697,-91680,-58983,45742,-5944,39798,25850,-6665,19185,NaN,NaN,NaN,NaN,129240,32697,-91680,-58983,45742,-5944,39798,25850,-6665,19185
2009-11-03T23:00:00Z,17.23,17.635,17.105,17.455,32697,-91680,-58983,45742,-5944,39798,25850,-6665,19185,NaN,NaN,NaN,NaN,129240,32697,-91680,-58983,45742,-5944,39798,25850,-6665,19185
2009-11-04T23:00:00Z,17.46,17.53,17.22,17.395,32697,-91680,-58983,45742,-5944,39798,25850,-6665,19185,NaN,NaN,NaN,NaN,129240,32697,-91680,-58983,45742,-5944,39798,25850,-6665,19185
2009-11-05T23:00:00Z,17.41,17.63,17.27,17.4,32697,-91680,-58983,45742,-5944,39798,25850,-6665,19185,NaN,NaN,NaN,NaN,129240,32697,-91680,-58983,45742,-5944,39798,25850,-6665,19185
2009-11-08T23:00:00Z,17.445,17.78,17.425,17.575,34800,-93546,-58746,43862,-5908,37954,33081,-12289,20792,NaN,NaN,NaN,NaN,141794,34800,-93546,-58746,43862,-5908,37954,33081,-12289,20792
2009-11-09T23:00:00Z,17.585,17.65,17.16,17.33,34800,-93546,-58746,43862,-5908,37954,33081,-12289,20792,NaN,NaN,NaN,NaN,141794,34800,-93546,-58746,43862,-5908,37954,33081,-12289,20792
2009-11-10T23:00:00Z,17.345,17.725,17.33,17.6,34800,-93546,-58746,43862,-5908,37954,33081,-12289,20792,NaN,NaN,NaN,NaN,141794,34800,-93546,-58746,43862,-5908,37954,33081,-12289,20792
2009-11-11T23:00:00Z,17.585,17.78,17.19,17.2,34800,-93546,-58746,43862,-5908,37954,33081,-12289,20792,NaN,NaN,NaN,NaN,141794,34800,-93546,-58746,43862,-5908,37954,33081,-12289,20792
2009-11-12T23:00:00Z,17.215,17.46,17.025,17.445,34800,-93546,-58746,43862,-5908,37954,33081,-12289,20792,NaN,NaN,NaN,NaN,141794,34800,-93546,-58746,43862,-5908,37954,33081,-12289,20792
2009-11-15T23:00:00Z,17.49,18.45,17.475,18.405,34800,-93546,-58746,43862,-5908,37954,33081,-12289,20792,NaN,NaN,NaN,NaN,141794,34800,-93546,-58746,43862,-5908,37954,33081,-12289,20792
2009-11-16T23:00:00Z,18.4,18.435,18.085,18.43,35903,-94284,-58381,47597,-7117,40480,31366,-13465,17901,NaN,NaN,NaN,NaN,142200,35903,-94284,-58381,47597,-7117,40480,31366,-13465,17901
2009-11-17T23:00:00Z,18.425,18.855,18.325,18.55,35903,-94284,-58381,47597,-7117,40480,31366,-13465,17901,NaN,NaN,NaN,NaN,142200,35903,-94284,-58381,47597,-7117,40480,31366,-13465,17901
2009-11-18T23:00:00Z,18.575,18.64,18.15,18.54,35903,-94284,-58381,47597,-7117,40480,31366,-13465,17901,NaN,NaN,NaN,NaN,142200,35903,-94284,-58381,47597,-7117,40480,31366,-13465,17901
2009-11-19T23:00:00Z,18.545,18.595,18.035,18.505,35903,-94284,-58381,47597,-7117,40480,31366,-13465,17901,NaN,NaN,NaN,NaN,142200,35903,-94284,-58381,47597,-7117,40480,31366,-13465,17901
2009-11-22T23:00:00Z,18.525,18.935,18.525,18.605,35903,-94284,-58381,47597,-7117,40480,31366,-13465,17901,NaN,NaN,NaN,NaN,142200,35903,-94284,-58381,47597,-7117,40480,31366,-13465,17901
2009-11-23T23:00:00Z,18.585,18.68,18.33,18.49,30971,-95416,-64445,48870,-3222,45648,34512,-15715,18797,NaN,NaN,NaN,NaN,136162,30971,-95416,-64445,48870,-3222,45648,34512,-15715,18797
2009-11-24T23:00:00Z,18.52,18.86,18.52,18.855,30971,-95416,-64445,48870,-3222,45648,34512,-15715,18797,NaN,NaN,NaN,NaN,136162,30971,-95416,-64445,48870,-3222,45648,34512,-15715,18797
2009-11-25T23:00:00Z,18.69,18.95,17.72,18.335,30971,-95416,-64445,48870,-3222,45648,34512,-15715,18797,NaN,NaN,NaN,NaN,136162,30971,-95416,-64445,48870,-3222,45648,34512,-15715,18797
2009-11-29T23:00:00Z,18.355,18.545,18.135,18.53,30971,-95416,-64445,48870,-3222,45648,34512,-15715,18797,NaN,NaN,NaN,NaN,136162,30971,-95416,-64445,48870,-3222,45648,34512,-15715,18797
2009-11-30T23:00:00Z,18.505,19.3,18.42,19.115,28360,-92184,-63824,49798,-4599,45199,32732,-14107,18625,NaN,NaN,NaN,NaN,131899,28360,-92184,-63824,49798,-4599,45199,32732,-14107,18625
2009-12-01T23:00:00Z,19.14,19.47,19.1,19.255,28360,-92184,-63824,49798,-4599,45199,32732,-14107,18625,NaN,NaN,NaN,NaN,131899,28360,-92184,-63824,49798,-4599,45199,32732,-14107,18625
2009-12-02T23:00:00Z,19.235,19.5,18.835,18.865,28360,-92184,-63824,49798,-4599,45199,32732,-14107,18625,NaN,NaN,NaN,NaN,131899,28360,-92184,-63824,49798,-4599,45199,32732,-14107,18625
2009-12-03T23:00:00Z,18.91,18.99,18.3,18.505,28360,-92184,-63824,49798,-4599,45199,32732,-14107,18625,NaN,NaN,NaN,NaN,131899,28360,-92184,-63824,49798,-4599,45199,32732,-14107,18625
2009-12-06T23:00:00Z,18.48,18.585,17.895,18.22,28360,-92184,-63824,49798,-4599,45199,32732,-14107,18625,NaN,NaN,NaN,NaN,131899,28360,-92184,-63824,49798,-4599,45199,32732,-14107,18625
2009-12-07T23:00:00Z,18.225,18.385,17.56,17.605,27039,-88861,-61822,46575,-4039,42536,32020,-12734,19286,NaN,NaN,NaN,NaN,125999,27039,-88861,-61822,46575,-4039,42536,32020,-12734,19286
2009-12-08T23:00:00Z,17.66,17.91,17.135,17.42,27039,-88861,-61822,46575,-4039,42536,32020,-12734,19286,NaN,NaN,NaN,NaN,125999,27039,-88861,-61822,46575,-4039,42536,32020,-12734,19286
2009-12-09T23:00:00Z,17.44,17.575,17.155,17.425,27039,-88861,-61822,46575,-4039,42536,32020,-12734,19286,NaN,NaN,NaN,NaN,125999,27039,-88861,-61822,46575,-4039,42536,32020,-12734,19286
2009-12-10T23:00:00Z,17.42,17.64,16.9,17.195,27039,-88861,-61822,46575,-4039,42536,32020,-12734,19286,NaN,NaN,NaN,NaN,125999,27039,-88861,-61822,46575,-4039,42536,32020,-12734,19286
2009-12-13T23:00:00Z,17.14,17.455,17.095,17.425,27039,-88861,-61822,46575,-4039,42536,32020,-12734,19286,NaN,NaN,NaN,NaN,125999,27039,-88861,-61822,46575,-4039,42536,32020,-12734,19286
2009-12-14T23:00:00Z,17.425,17.515,17.135,17.44,27450,-85358,-57908,42440,-3763,38677,31306,-12075,19231,NaN,NaN,NaN,NaN,121787,27450,-85358,-57908,42440,-3763,38677,31306,-12075,19231
2009-12-15T23:00:00Z,17.45,17.81,17.35,17.74,27450,-85358,-57908,42440,-3763,38677,31306,-12075,19231,NaN,NaN,NaN,NaN,121787,27450,-85358,-57908,42440,-3763,38677,31306,-12075,19231
2009-12-16T23:00:00Z,17.77,17.805,17.1,17.17,27450,-85358,-57908,42440,-3763,38677,31306,-12075,19231,NaN,NaN,NaN,NaN,121787,27450,-85358,-57908,42440,-3763,38677,31306,-12075,19231
2009-12-17T23:00:00Z,17.18,17.39,17.105,17.325,27450,-85358,-57908,42440,-3763,38677,31306,-12075,19231,NaN,NaN,NaN,NaN,121787,27450,-85358,-57908,42440,-3763,38677,31306,-12075,19231
2009-12-20T23:00:00Z,17.3,17.525,16.98,17.03,27450,-85358,-57908,42440,-3763,38677,31306,-12075,19231,NaN,NaN,NaN,NaN,121787,27450,-85358,-57908,42440,-3763,38677,31306,-12075,19231
2009-12-21T23:00:00Z,17.05,17.19,16.78,17.015,26982,-84142,-57160,42528,-2850,39678,30854,-13372,17482,NaN,NaN,NaN,NaN,122294,26982,-84142,-57160,42528,-2850,39678,30854,-13372,17482
2009-12-22T23:00:00Z,16.995,17.245,16.87,17.16,26982,-84142,-57160,42528,-2850,39678,30854,-13372,17482,NaN,NaN,NaN,NaN,122294,26982,-84142,-57160,42528,-2850,39678,30854,-13372,17482
2009-12-23T23:00:00Z,17.16,17.545,17.145,17.44,26982,-84142,-57160,42528,-2850,39678,30854,-13372,17482,NaN,NaN,NaN,NaN,122294,26982,-84142,-57160,42528,-2850,39678,30854,-13372,17482
2009-12-27T23:00:00Z,17.55,17.69,17.455,17.525,26982,-84142,-57160,42528,-2850,39678,30854,-13372,17482,NaN,NaN,NaN,NaN,122294,26982,-84142,-57160,42528,-2850,39678,30854,-13372,17482
2009-12-28T23:00:00Z,17.54,17.545,17.08,17.125,27360,-84710,-57350,41886,-3165,38721,31423,-12794,18629,NaN,NaN,NaN,NaN,124334,27360,-84710,-57350,41886,-3165,38721,31423,-12794,18629
2009-12-29T23:00:00Z,17.105,17.175,16.765,16.8,27360,-84710,-57350,41886,-3165,38721,31423,-12794,18629,NaN,NaN,NaN,NaN,124334,27360,-84710,-57350,41886,-3165,38721,31423,-12794,18629
2009-12-30T23:00:00Z,16.81,17.105,16.78,16.91,27360,-84710,-57350,41886,-3165,38721,31423,-12794,18629,NaN,NaN,NaN,NaN,124334,27360,-84710,-57350,41886,-3165,38721,31423,-12794,18629
2010-01-03T23:00:00Z,16.94,17.6,16.85,17.595,27360,-84710,-57350,41886,-3165,38721,31423,-12794,18629,NaN,NaN,NaN,NaN,124334,27360,-84710,-57350,41886,-3165,38721,31423,-12794,18629
2010-01-04T23:00:00Z,17.595,17.885,17.51,17.785,26098,-83488,-57390,44312,-4813,39499,32041,-14150,17891,NaN,NaN,NaN,NaN,125391,26098,-83488,-57390,44312,-4813,39499,32041,-14150,17891
2010-01-05T23:00:00Z,17.765,18.245,17.755,18.23,26098,-83488,-57390,44312,-4813,39499,32041,-14150,17891,NaN,NaN,NaN,NaN,125391,26098,-83488,-57390,44312,-4813,39499,32041,-14150,17891
2010-01-06T23:00:00Z,18.205,18.42,18.055,18.28,26098,-83488,-57390,44312,-4813,39499,32041,-14150,17891,NaN,NaN,NaN,NaN,125391,26098,-83488,-57390,44312,-4813,39499,32041,-14150,17891
2010-01-07T23:00:00Z,18.275,18.525,18.055,18.47,26098,-83488,-57390,44312,-4813,39499,32041,-14150,17891,NaN,NaN,NaN,NaN,125391,26098,-83488,-57390,44312,-4813,39499,32041,-14150,17891
2010-01-10T23:00:00Z,18.51,18.925,18.495,18.565,26098,-83488,-57390,44312,-4813,39499,32041,-14150,17891,NaN,NaN,NaN,NaN,125391,26098,-83488,-57390,44312,-4813,39499,32041,-14150,17891
2010-01-11T23:00:00Z,18.56,18.81,18.16,18.28,26124,-87870,-61746,48703,-4175,44528,30265,-13047,17218,NaN,NaN,NaN,NaN,128675,26124,-87870,-61746,48703,-4175,44528,30265,-13047,17218
2010-01-12T23:00:00Z,18.27,18.675,18.2,18.655,26124,-87870,-61746,48703,-4175,44528,30265,-13047,17218,NaN,NaN,NaN,NaN,128675,26124,-87870,-61746,48703,-4175,44528,30265,-13047,17218
2010-01-13T23:00:00Z,18.615,18.74,18.455,18.685,26124,-87870,-61746,48703,-4175,44528,30265,-13047,17218,NaN,NaN,NaN,NaN,128675,26124,-87870,-61746,48703,-4175,44528,30265,-13047,17218
2010-01-14T23:00:00Z,18.68,18.69,18.4,18.427,26124,-87870,-61746,48703,-4175,44528,30265,-13047,17218,NaN,NaN,NaN,NaN,128675,26124,-87870,-61746,48703,-4175,44528,30265,-13047,17218
2010-01-17T23:00:00Z,18.41,18.88,18.4,18.79,26749,-88439,-61690,49357,-5056,44301,32542,-15153,17389,NaN,NaN,NaN,NaN,131385,26749,-88439,-61690,49357,-5056,44301,32542,-15153,17389
2010-01-19T23:00:00Z,18.79,18.87,17.805,17.89,26749,-88439,-61690,49357,-5056,44301,32542,-15153,17389,NaN,NaN,NaN,NaN,131385,26749,-88439,-61690,49357,-5056,44301,32542,-15153,17389
2010-01-20T23:00:00Z,17.91,18.065,17.34,17.41,26749,-88439,-61690,49357,-5056,44301,32542,-15153,17389,NaN,NaN,NaN,NaN,131385,26749,-88439,-61690,49357,-5056,44301,32542,-15153,17389
2010-01-21T23:00:00Z,17.455,17.52,16.88,17.02,26749,-88439,-61690,49357,-5056,44301,32542,-15153,17389,NaN,NaN,NaN,NaN,131385,26749,-88439,-61690,49357,-5056,44301,32542,-15153,17389
2010-01-24T23:00:00Z,17.05,17.275,16.99,17.155,26749,-88439,-61690,49357,-5056,44301,32542,-15153,17389,NaN,NaN,NaN,NaN,131385,26749,-88439,-61690,49357,-5056,44301,32542,-15153,17389
2010-01-25T23:00:00Z,17.155,17.27,16.34,16.825,29036,-83747,-54711,41473,-4404,37069,32017,-14375,17642,NaN,NaN,NaN,NaN,124895,29036,-83747,-54711,41473,-4404,37069,32017,-14375,17642
2010-01-26T23:00:00Z,16.8,16.965,16.425,16.625,29036,-83747,-54711,41473,-4404,37069,32017,-14375,17642,NaN,NaN,NaN,NaN,124895,29036,-83747,-54711,41473,-4404,37069,32017,-14375,17642
2010-01-27T23:00:00Z,16.59,16.755,16.015,16.25,29036,-83747,-54711,41473,-4404,37069,32017,-14375,17642,NaN,NaN,NaN,NaN,124895,29036,-83747,-54711,41473,-4404,37069,32017,-14375,17642
2010-01-28T23:00:00Z,16.26,16.375,16.02,16.19,29036,-83747,-54711,41473,-4404,37069,32017,-14375,17642,NaN,NaN,NaN,NaN,124895,29036,-83747,-54711,41473,-4404,37069,32017,-14375,17642
2010-01-31T23:00:00Z,16.17,16.715,16.105,16.71,29036,-83747,-54711,41473,-4404,37069,32017,-14375,17642,NaN,NaN,NaN,NaN,124895,29036,-83747,-54711,41473,-4404,37069,32017,-14375,17642
2010-02-01T23:00:00Z,16.695,16.81,16.555,16.735,32572,-79135,-46563,36924,-6047,30877,29502,-13816,15686,NaN,NaN,NaN,NaN,122261,32572,-79135,-46563,36924,-6047,30877,29502,-13816,15686
2010-02-02T23:00:00Z,16.74,16.95,16.28,16.4,32572,-79135,-46563,36924,-6047,30877,29502,-13816,15686,NaN,NaN,NaN,NaN,122261,32572,-79135,-46563,36924,-6047,30877,29502,-13816,15686
2010-02-03T23:00:00Z,16.4,16.415,15.19,15.29,32572,-79135,-46563,36924,-6047,30877,29502,-13816,15686,NaN,NaN,NaN,NaN,122261,32572,-79135,-46563,36924,-6047,30877,29502,-13816,15686
2010-02-04T23:00:00Z,15.305,15.38,14.65,15.17,32572,-79135,-46563,36924,-6047,30877,29502,-13816,15686,NaN,NaN,NaN,NaN,122261,32572,-79135,-46563,36924,-6047,30877,29502,-13816,15686
2010-02-07T23:00:00Z,15.16,15.32,14.95,15.015,32572,-79135,-46563,36924,-6047,30877,29502,-13816,15686,NaN,NaN,NaN,NaN,122261,32572,-79135,-46563,36924,-6047,30877,29502,-13816,15686
2010-02-08T23:00:00Z,15.025,15.595,15.015,15.465,34830,-72630,-37800,32438,-9073,23365,28879,-14444,14435,NaN,NaN,NaN,NaN,118593,34830,-72630,-37800,32438,-9073,23365,28879,-14444,14435
2010-02-09T23:00:00Z,15.475,15.645,15.075,15.2,34830,-72630,-37800,32438,-9073,23365,28879,-14444,14435,NaN,NaN,NaN,NaN,118593,34830,-72630,-37800,32438,-9073,23365,28879,-14444,14435
2010-02-10T23:00:00Z,15.2,15.73,15.175,15.615,34830,-72630,-37800,32438,-9073,23365,28879,-14444,14435,NaN,NaN,NaN,NaN,118593,34830,-72630,-37800,32438,-9073,23365,28879,-14444,14435
2010-02-11T23:00:00Z,15.65,15.74,15.21,15.447,34830,-72630,-37800,32438,-9073,23365,28879,-14444,14435,NaN,NaN,NaN,NaN,118593,34830,-72630,-37800,32438,-9073,23365,28879,-14444,14435
2010-02-14T23:00:00Z,15.57,16.215,15.45,16.145,35553,-73779,-38226,34615,-9237,25378,27603,-14755,12848,NaN,NaN,NaN,NaN,120166,35553,-73779,-38226,34615,-9237,25378,27603,-14755,12848
2010-02-16T23:00:00Z,16.155,16.33,15.825,15.93,35553,-73779,-38226,34615,-9237,25378,27603,-14755,12848,NaN,NaN,NaN,NaN,120166,35553,-73779,-38226,34615,-9237,25378,27603,-14755,12848
2010-02-17T23:00:00Z,15.91,16.265,15.675,15.85,35553,-73779,-38226,34615,-9237,25378,27603,-14755,12848,NaN,NaN,NaN,NaN,120166,35553,-73779,-38226,34615,-9237,25378,27603,-14755,12848
2010-02-18T23:00:00Z,15.85,16.51,15.76,16.32,35553,-73779,-38226,34615,-9237,25378,27603,-14755,12848,NaN,NaN,NaN,NaN,120166,35553,-73779,-38226,34615,-9237,25378,27603,-14755,12848
2010-02-21T23:00:00Z,16.37,16.565,16.135,16.24,35553,-73779,-38226,34615,-9237,25378,27603,-14755,12848,NaN,NaN,NaN,NaN,120166,35553,-73779,-38226,34615,-9237,25378,27603,-14755,12848
2010-02-22T23:00:00Z,16.22,16.425,15.785,15.825,36528,-76298,-39770,35495,-7679,27816,25521,-13567,11954,NaN,NaN,NaN,NaN,117376,36528,-76298,-39770,35495,-7679,27816,25521,-13567,11954
2010-02-23T23:00:00Z,15.85,16,15.62,15.935,36528,-76298,-39770,35495,-7679,27816,25521,-13567,11954,NaN,NaN,NaN,NaN,117376,36528,-76298,-39770,35495,-7679,27816,25521,-13567,11954
2010-02-24T23:00:00Z,15.955,16.175,15.63,16.12,36528,-76298,-39770,35495,-7679,27816,25521,-13567,11954,NaN,NaN,NaN,NaN,117376,36528,-76298,-39770,35495,-7679,27816,25521,-13567,11954
2010-02-25T23:00:00Z,16.145,16.55,16.045,16.51,36528,-76298,-39770,35495,-7679,27816,25521,-13567,11954,NaN,NaN,NaN,NaN,117376,36528,-76298,-39770,35495,-7679,27816,25521,-13567,11954
2010-02-28T23:00:00Z,16.525,16.77,16.43,16.45,36528,-76298,-39770,35495,-7679,27816,25521,-13567,11954,NaN,NaN,NaN,NaN,117376,36528,-76298,-39770,35495,-7679,27816,25521,-13567,11954
2010-03-01T23:00:00Z,16.475,17.105,16.33,16.935,31034,-71974,-40940,36721,-5663,31058,24105,-14223,9882,NaN,NaN,NaN,NaN,108248,31034,-71974,-40940,36721,-5663,31058,24105,-14223,9882
2010-03-02T23:00:00Z,16.955,17.37,16.885,17.329,31034,-71974,-40940,36721,-5663,31058,24105,-14223,9882,NaN,NaN,NaN,NaN,108248,31034,-71974,-40940,36721,-5663,31058,24105,-14223,9882
2010-03-03T23:00:00Z,17.195,17.395,17.055,17.13,31034,-71974,-40940,36721,-5663,31058,24105,-14223,9882,NaN,NaN,NaN,NaN,108248,31034,-71974,-40940,36721,-5663,31058,24105,-14223,9882
2010-03-04T23:00:00Z,17.135,17.515,17.135,17.385,31034,-71974,-40940,36721,-5663,31058,24105,-14223,9882,NaN,NaN,NaN,NaN,108248,31034,-71974,-40940,36721,-5663,31058,24105,-14223,9882
2010-03-07T23:00:00Z,17.39,17.53,17.125,17.272,31034,-71974,-40940,36721,-5663,31058,24105,-14223,9882,NaN,NaN,NaN,NaN,108248,31034,-71974,-40940,36721,-5663,31058,24105,-14223,9882
2010-03-08T23:00:00Z,17.25,17.42,16.875,17.285,29220,-75019,-45799,40051,-4886,35165,25290,-14656,10634,NaN,NaN,NaN,NaN,112130,29220,-75019,-45799,40051,-4886,35165,25290,-14656,10634
2010-03-09T23:00:00Z,17.28,17.665,16.94,17.035,29220,-75019,-45799,40051,-4886,35165,25290,-14656,10634,NaN,NaN,NaN,NaN,112130,29220,-75019,-45799,40051,-4886,35165,25290,-14656,10634
2010-03-10T23:00:00Z,17.02,17.195,16.835,17.18,29220,-75019,-45799,40051,-4886,35165,25290,-14656,10634,NaN,NaN,NaN,NaN,112130,29220,-75019,-45799,40051,-4886,35165,25290,-14656,10634
2010-03-11T23:00:00Z,17.21,17.35,16.96,17.07,29220,-75019,-45799,40051,-4886,35165,25290,-14656,10634,NaN,NaN,NaN,NaN,112130,29220,-75019,-45799,40051,-4886,35165,25290,-14656,10634
2010-03-14T22:00:00Z,17.065,17.18,16.965,17.12,29220,-75019,-45799,40051,-4886,35165,25290,-14656,10634,NaN,NaN,NaN,NaN,112130,29220,-75019,-45799,40051,-4886,35165,25290,-14656,10634
2010-03-15T22:00:00Z,17.13,17.495,17.13,17.45,29779,-77787,-48008,40126,-5270,34856,26466,-13314,13152,NaN,NaN,NaN,NaN,114192,29779,-77787,-48008,40126,-5270,34856,26466,-13314,13152
2010-03-16T22:00:00Z,17.45,17.6,17.365,17.52,29779,-77787,-48008,40126,-5270,34856,26466,-13314,13152,NaN,NaN,NaN,NaN,114192,29779,-77787,-48008,40126,-5270,34856,26466,-13314,13152
2010-03-17T22:00:00Z,17.52,17.56,17.325,17.405,29779,-77787,-48008,40126,-5270,34856,26466,-13314,13152,NaN,NaN,NaN,NaN,114192,29779,-77787,-48008,40126,-5270,34856,26466,-13314,13152
2010-03-18T22:00:00Z,17.41,17.42,16.965,16.975,29779,-77787,-48008,40126,-5270,34856,26466,-13314,13152,NaN,NaN,NaN,NaN,114192,29779,-77787,-48008,40126,-5270,34856,26466,-13314,13152
2010-03-21T22:00:00Z,17.01,17.01,16.62,16.98,29779,-77787,-48008,40126,-5270,34856,26466,-13314,13152,NaN,NaN,NaN,NaN,114192,29779,-77787,-48008,40126,-5270,34856,26466,-13314,13152
2010-03-22T22:00:00Z,17,17.15,16.735,17.01,29886,-75584,-45698,38105,-5804,32301,26064,-12667,13397,NaN,NaN,NaN,NaN,112520,29886,-75584,-45698,38105,-5804,32301,26064,-12667,13397
2010-03-23T22:00:00Z,17.015,17.045,16.55,16.58,29886,-75584,-45698,38105,-5804,32301,26064,-12667,13397,NaN,NaN,NaN,NaN,112520,29886,-75584,-45698,38105,-5804,32301,26064,-12667,13397
2010-03-24T22:00:00Z,16.575,16.86,16.555,16.6,29886,-75584,-45698,38105,-5804,32301,26064,-12667,13397,NaN,NaN,NaN,NaN,112520,29886,-75584,-45698,38105,-5804,32301,26064,-12667,13397
2010-03-25T22:00:00Z,16.63,16.99,16.565,16.92,29886,-75584,-45698,38105,-5804,32301,26064,-12667,13397,NaN,NaN,NaN,NaN,112520,29886,-75584,-45698,38105,-5804,32301,26064,-12667,13397
2010-03-28T22:00:00Z,16.98,17.44,16.935,17.37,29886,-75584,-45698,38105,-5804,32301,26064,-12667,13397,NaN,NaN,NaN,NaN,112520,29886,-75584,-45698,38105,-5804,32301,26064,-12667,13397
2010-03-29T22:00:00Z,17.385,17.48,17.235,17.305,31259,-77576,-46317,38734,-5753,32981,23685,-10349,13336,NaN,NaN,NaN,NaN,113405,31259,-77576,-46317,38734,-5753,32981,23685,-10349,13336
2010-03-30T22:00:00Z,17.305,17.645,17.255,17.515,31259,-77576,-46317,38734,-5753,32981,23685,-10349,13336,NaN,NaN,NaN,NaN,113405,31259,-77576,-46317,38734,-5753,32981,23685,-10349,13336
2010-03-31T22:00:00Z,17.505,18,17.475,17.93,31259,-77576,-46317,38734,-5753,32981,23685,-10349,13336,NaN,NaN,NaN,NaN,113405,31259,-77576,-46317,38734,-5753,32981,23685,-10349,13336
2010-04-04T22:00:00Z,17.845,18.145,17.81,18.085,31259,-77576,-46317,38734,-5753,32981,23685,-10349,13336,NaN,NaN,NaN,NaN,113405,31259,-77576,-46317,38734,-5753,32981,23685,-10349,13336
2010-04-05T22:00:00Z,18.095,18.105,17.845,17.92,29839,-81525,-51686,44052,-6529,37523,24598,-10435,14163,NaN,NaN,NaN,NaN,118712,29839,-81525,-51686,44052,-6529,37523,24598,-10435,14163
2010-04-06T22:00:00Z,17.93,18.26,17.92,18.15,29839,-81525,-51686,44052,-6529,37523,24598,-10435,14163,NaN,NaN,NaN,NaN,118712,29839,-81525,-51686,44052,-6529,37523,24598,-10435,14163
2010-04-07T22:00:00Z,18.18,18.215,17.925,18.07,29839,-81525,-51686,44052,-6529,37523,24598,-10435,14163,NaN,NaN,NaN,NaN,118712,29839,-81525,-51686,44052,-6529,37523,24598,-10435,14163
2010-04-08T22:00:00Z,18.1,18.445,18.05,18.4,29839,-81525,-51686,44052,-6529,37523,24598,-10435,14163,NaN,NaN,NaN,NaN,118712,29839,-81525,-51686,44052,-6529,37523,24598,-10435,14163
2010-04-11T22:00:00Z,18.48,18.605,18.155,18.245,29839,-81525,-51686,44052,-6529,37523,24598,-10435,14163,NaN,NaN,NaN,NaN,118712,29839,-81525,-51686,44052,-6529,37523,24598,-10435,14163
2010-04-12T22:00:00Z,18.225,18.32,17.955,18.235,30927,-86316,-55389,47495,-7890,39605,26276,-10492,15784,NaN,NaN,NaN,NaN,123661,30927,-86316,-55389,47495,-7890,39605,26276,-10492,15784
2010-04-13T22:00:00Z,18.24,18.505,18.21,18.44,30927,-86316,-55389,47495,-7890,39605,26276,-10492,15784,NaN,NaN,NaN,NaN,123661,30927,-86316,-55389,47495,-7890,39605,26276,-10492,15784
2010-04-14T22:00:00Z,18.445,18.54,18.225,18.415,30927,-86316,-55389,47495,-7890,39605,26276,-10492,15784,NaN,NaN,NaN,NaN,123661,30927,-86316,-55389,47495,-7890,39605,26276,-10492,15784
2010-04-15T22:00:00Z,18.415,18.44,17.61,17.72,30927,-86316,-55389,47495,-7890,39605,26276,-10492,15784,NaN,NaN,NaN,NaN,123661,30927,-86316,-55389,47495,-7890,39605,26276,-10492,15784
2010-04-18T22:00:00Z,17.695,17.775,17.49,17.745,30927,-86316,-55389,47495,-7890,39605,26276,-10492,15784,NaN,NaN,NaN,NaN,123661,30927,-86316,-55389,47495,-7890,39605,26276,-10492,15784
2010-04-19T22:00:00Z,17.77,18.04,17.725,17.855,32605,-86922,-54317,46960,-8098,38862,26062,-10607,15455,NaN,NaN,NaN,NaN,126679,32605,-86922,-54317,46960,-8098,38862,26062,-10607,15455
2010-04-20T22:00:00Z,17.86,18.14,17.71,18.07,32605,-86922,-54317,46960,-8098,38862,26062,-10607,15455,NaN,NaN,NaN,NaN,126679,32605,-86922,-54317,46960,-8098,38862,26062,-10607,15455
2010-04-21T22:00:00Z,18.09,18.17,17.765,17.985,32605,-86922,-54317,46960,-8098,38862,26062,-10607,15455,NaN,NaN,NaN,NaN,126679,32605,-86922,-54317,46960,-8098,38862,26062,-10607,15455
2010-04-22T22:00:00Z,17.995,18.35,17.845,18.33,32605,-86922,-54317,46960,-8098,38862,26062,-10607,15455,NaN,NaN,NaN,NaN,126679,32605,-86922,-54317,46960,-8098,38862,26062,-10607,15455
2010-04-25T22:00:00Z,18.35,18.42,18.235,18.295,32605,-86922,-54317,46960,-8098,38862,26062,-10607,15455,NaN,NaN,NaN,NaN,126679,32605,-86922,-54317,46960,-8098,38862,26062,-10607,15455
2010-04-26T22:00:00Z,18.31,18.415,18.06,18.185,29762,-86183,-56421,48462,-7895,40567,26523,-10669,15854,NaN,NaN,NaN,NaN,124157,29762,-86183,-56421,48462,-7895,40567,26523,-10669,15854
2010-04-27T22:00:00Z,18.185,18.25,17.82,18.08,29762,-86183,-56421,48462,-7895,40567,26523,-10669,15854,NaN,NaN,NaN,NaN,124157,29762,-86183,-56421,48462,-7895,40567,26523,-10669,15854
2010-04-28T22:00:00Z,18.13,18.6,18.085,18.48,29762,-86183,-56421,48462,-7895,40567,26523,-10669,15854,NaN,NaN,NaN,NaN,124157,29762,-86183,-56421,48462,-7895,40567,26523,-10669,15854
2010-04-29T22:00:00Z,18.505,18.79,18.48,18.66,29762,-86183,-56421,48462,-7895,40567,26523,-10669,15854,NaN,NaN,NaN,NaN,124157,29762,-86183,-56421,48462,-7895,40567,26523,-10669,15854
2010-05-02T22:00:00Z,18.685,18.89,18.53,18.82,29762,-86183,-56421,48462,-7895,40567,26523,-10669,15854,NaN,NaN,NaN,NaN,124157,29762,-86183,-56421,48462,-7895,40567,26523,-10669,15854
2010-05-03T22:00:00Z,18.84,18.85,17.81,17.875,32069,-87457,-55388,47287,-8627,38660,26280,-9552,16728,NaN,NaN,NaN,NaN,123448,32069,-87457,-55388,47287,-8627,38660,26280,-9552,16728
2010-05-04T22:00:00Z,17.865,17.895,17.08,17.505,32069,-87457,-55388,47287,-8627,38660,26280,-9552,16728,NaN,NaN,NaN,NaN,123448,32069,-87457,-55388,47287,-8627,38660,26280,-9552,16728
2010-05-05T22:00:00Z,17.515,17.775,17.26,17.675,32069,-87457,-55388,47287,-8627,38660,26280,-9552,16728,NaN,NaN,NaN,NaN,123448,32069,-87457,-55388,47287,-8627,38660,26280,-9552,16728
2010-05-06T22:00:00Z,17.585,18.69,17.475,18.41,32069,-87457,-55388,47287,-8627,38660,26280,-9552,16728,NaN,NaN,NaN,NaN,123448,32069,-87457,-55388,47287,-8627,38660,26280,-9552,16728
2010-05-09T22:00:00Z,18.575,18.68,18.215,18.52,32069,-87457,-55388,47287,-8627,38660,26280,-9552,16728,NaN,NaN,NaN,NaN,123448,32069,-87457,-55388,47287,-8627,38660,26280,-9552,16728
2010-05-10T22:00:00Z,18.51,19.425,18.405,19.325,30697,-83215,-52518,47848,-10258,37590,26185,-11257,14928,NaN,NaN,NaN,NaN,122669,30697,-83215,-52518,47848,-10258,37590,26185,-11257,14928
2010-05-11T22:00:00Z,19.36,19.735,19.11,19.56,30697,-83215,-52518,47848,-10258,37590,26185,-11257,14928,NaN,NaN,NaN,NaN,122669,30697,-83215,-52518,47848,-10258,37590,26185,-11257,14928
2010-05-12T22:00:00Z,19.53,19.845,19.345,19.46,30697,-83215,-52518,47848,-10258,37590,26185,-11257,14928,NaN,NaN,NaN,NaN,122669,30697,-83215,-52518,47848,-10258,37590,26185,-11257,14928
2010-05-13T22:00:00Z,19.47,19.735,18.975,19.37,30697,-83215,-52518,47848,-10258,37590,26185,-11257,14928,NaN,NaN,NaN,NaN,122669,30697,-83215,-52518,47848,-10258,37590,26185,-11257,14928
2010-05-16T22:00:00Z,19.33,19.445,18.735,18.91,30697,-83215,-52518,47848,-10258,37590,26185,-11257,14928,NaN,NaN,NaN,NaN,122669,30697,-83215,-52518,47848,-10258,37590,26185,-11257,14928
2010-05-17T22:00:00Z,18.895,19.145,18.65,18.99,30235,-89453,-59218,51664,-8874,42790,26439,-10011,16428,NaN,NaN,NaN,NaN,125228,30235,-89453,-59218,51664,-8874,42790,26439,-10011,16428
2010-05-18T22:00:00Z,19.01,19.01,17.92,18.21,30235,-89453,-59218,51664,-8874,42790,26439,-10011,16428,NaN,NaN,NaN,NaN,125228,30235,-89453,-59218,51664,-8874,42790,26439,-10011,16428
2010-05-19T22:00:00Z,18.205,18.33,17.485,17.64,30235,-89453,-59218,51664,-8874,42790,26439,-10011,16428,NaN,NaN,NaN,NaN,125228,30235,-89453,-59218,51664,-8874,42790,26439,-10011,16428
2010-05-20T22:00:00Z,17.63,17.895,17.41,17.64,30235,-89453,-59218,51664,-8874,42790,26439,-10011,16428,NaN,NaN,NaN,NaN,125228,30235,-89453,-59218,51664,-8874,42790,26439,-10011,16428
2010-05-23T22:00:00Z,17.655,18.08,17.65,17.895,30235,-89453,-59218,51664,-8874,42790,26439,-10011,16428,NaN,NaN,NaN,NaN,125228,30235,-89453,-59218,51664,-8874,42790,26439,-10011,16428
2010-05-24T22:00:00Z,17.915,17.99,17.53,17.96,31781,-83230,-51449,42146,-7314,34832,24769,-8152,16617,NaN,NaN,NaN,NaN,120120,31781,-83230,-51449,42146,-7314,34832,24769,-8152,16617
2010-05-25T22:00:00Z,17.98,18.41,17.93,18.065,31781,-83230,-51449,42146,-7314,34832,24769,-8152,16617,NaN,NaN,NaN,NaN,120120,31781,-83230,-51449,42146,-7314,34832,24769,-8152,16617
2010-05-26T22:00:00Z,18.06,18.58,18.01,18.5,31781,-83230,-51449,42146,-7314,34832,24769,-8152,16617,NaN,NaN,NaN,NaN,120120,31781,-83230,-51449,42146,-7314,34832,24769,-8152,16617
2010-05-27T22:00:00Z,18.52,18.645,18.24,18.422,31781,-83230,-51449,42146,-7314,34832,24769,-8152,16617,NaN,NaN,NaN,NaN,120120,31781,-83230,-51449,42146,-7314,34832,24769,-8152,16617
2010-05-30T22:00:00Z,18.41,18.735,18.265,18.43,33716,-85671,-51955,41797,-5912,35885,25161,-9091,16070,NaN,NaN,NaN,NaN,122368,33716,-85671,-51955,41797,-5912,35885,25161,-9091,16070
2010-06-01T22:00:00Z,18.44,18.51,18.09,18.355,33716,-85671,-51955,41797,-5912,35885,25161,-9091,16070,NaN,NaN,NaN,NaN,122368,33716,-85671,-51955,41797,-5912,35885,25161,-9091,16070
2010-06-02T22:00:00Z,18.365,18.475,17.825,17.931,33716,-85671,-51955,41797,-5912,35885,25161,-9091,16070,NaN,NaN,NaN,NaN,122368,33716,-85671,-51955,41797,-5912,35885,25161,-9091,16070
2010-06-03T22:00:00Z,17.965,18.035,17.285,17.42,33716,-85671,-51955,41797,-5912,35885,25161,-9091,16070,NaN,NaN,NaN,NaN,122368,33716,-85671,-51955,41797,-5912,35885,25161,-9091,16070
2010-06-06T22:00:00Z,17.46,18.295,17.195,18.15,33716,-85671,-51955,41797,-5912,35885,25161,-9091,16070,NaN,NaN,NaN,NaN,122368,33716,-85671,-51955,41797,-5912,35885,25161,-9091,16070
2010-06-07T22:00:00Z,18.15,18.49,18.085,18.477,33856,-85900,-52044,40478,-5475,35003,25691,-8650,17041,NaN,NaN,NaN,NaN,122536,33856,-85900,-52044,40478,-5475,35003,25691,-8650,17041
2010-06-08T22:00:00Z,18.325,18.375,18.095,18.189,33856,-85900,-52044,40478,-5475,35003,25691,-8650,17041,NaN,NaN,NaN,NaN,122536,33856,-85900,-52044,40478,-5475,35003,25691,-8650,17041
2010-06-09T22:00:00Z,18.13,18.445,17.905,18.26,33856,-85900,-52044,40478,-5475,35003,25691,-8650,17041,NaN,NaN,NaN,NaN,122536,33856,-85900,-52044,40478,-5475,35003,25691,-8650,17041
2010-06-10T22:00:00Z,18.25,18.535,18.07,18.235,33856,-85900,-52044,40478,-5475,35003,25691,-8650,17041,NaN,NaN,NaN,NaN,122536,33856,-85900,-52044,40478,-5475,35003,25691,-8650,17041
2010-06-13T22:00:00Z,18.25,18.57,18.2,18.205,33856,-85900,-52044,40478,-5475,35003,25691,-8650,17041,NaN,NaN,NaN,NaN,122536,33856,-85900,-52044,40478,-5475,35003,25691,-8650,17041
2010-06-14T22:00:00Z,18.23,18.685,18.22,18.578,34328,-88109,-53781,43464,-5948,37516,25545,-9280,16265,NaN,NaN,NaN,NaN,131070,34328,-88109,-53781,43464,-5948,37516,25545,-9280,16265
2010-06-15T22:00:00Z,18.585,18.66,18.38,18.441,34328,-88109,-53781,43464,-5948,37516,25545,-9280,16265,NaN,NaN,NaN,NaN,131070,34328,-88109,-53781,43464,-5948,37516,25545,-9280,16265
2010-06-16T22:00:00Z,18.45,18.88,18.315,18.776,34328,-88109,-53781,43464,-5948,37516,25545,-9280,16265,NaN,NaN,NaN,NaN,131070,34328,-88109,-53781,43464,-5948,37516,25545,-9280,16265
2010-06-17T22:00:00Z,18.74,19.275,18.685,19.175,34328,-88109,-53781,43464,-5948,37516,25545,-9280,16265,NaN,NaN,NaN,NaN,131070,34328,-88109,-53781,43464,-5948,37516,25545,-9280,16265
2010-06-20T22:00:00Z,19.2,19.46,18.65,18.71,34328,-88109,-53781,43464,-5948,37516,25545,-9280,16265,NaN,NaN,NaN,NaN,131070,34328,-88109,-53781,43464,-5948,37516,25545,-9280,16265
2010-06-21T22:00:00Z,18.715,18.985,18.59,18.902,35668,-91244,-55576,46666,-6615,40051,26263,-10738,15525,NaN,NaN,NaN,NaN,139019,35668,-91244,-55576,46666,-6615,40051,26263,-10738,15525
2010-06-22T22:00:00Z,18.805,18.96,18.31,18.48,35668,-91244,-55576,46666,-6615,40051,26263,-10738,15525,NaN,NaN,NaN,NaN,139019,35668,-91244,-55576,46666,-6615,40051,26263,-10738,15525
2010-06-23T22:00:00Z,18.5,18.81,18.17,18.736,35668,-91244,-55576,46666,-6615,40051,26263,-10738,15525,NaN,NaN,NaN,NaN,139019,35668,-91244,-55576,46666,-6615,40051,26263,-10738,15525
2010-06-24T22:00:00Z,18.67,19.13,18.59,19.055,35668,-91244,-55576,46666,-6615,40051,26263,-10738,15525,NaN,NaN,NaN,NaN,139019,35668,-91244,-55576,46666,-6615,40051,26263,-10738,15525
2010-06-27T22:00:00Z,19.085,19.23,18.625,18.72,35668,-91244,-55576,46666,-6615,40051,26263,-10738,15525,NaN,NaN,NaN,NaN,139019,35668,-91244,-55576,46666,-6615,40051,26263,-10738,15525
2010-06-28T22:00:00Z,18.77,18.82,18.41,18.54,30402,-88911,-58509,47455,-5545,41910,24377,-7778,16599,NaN,NaN,NaN,NaN,128065,30402,-88911,-58509,47455,-5545,41910,24377,-7778,16599
2010-06-29T22:00:00Z,18.53,18.82,18.475,18.708,30402,-88911,-58509,47455,-5545,41910,24377,-7778,16599,NaN,NaN,NaN,NaN,128065,30402,-88911,-58509,47455,-5545,41910,24377,-7778,16599
2010-06-30T22:00:00Z,18.65,18.69,17.735,17.785,30402,-88911,-58509,47455,-5545,41910,24377,-7778,16599,NaN,NaN,NaN,NaN,128065,30402,-88911,-58509,47455,-5545,41910,24377,-7778,16599
2010-07-01T22:00:00Z,17.815,18.115,17.635,17.719,30402,-88911,-58509,47455,-5545,41910,24377,-7778,16599,NaN,NaN,NaN,NaN,128065,30402,-88911,-58509,47455,-5545,41910,24377,-7778,16599
2010-07-04T22:00:00Z,17.87,18.035,17.615,17.85,29776,-82143,-52367,39876,-4832,35044,26284,-8961,17323,NaN,NaN,NaN,NaN,118962,29776,-82143,-52367,39876,-4832,35044,26284,-8961,17323
2010-07-06T22:00:00Z,17.83,18.11,17.565,18,29776,-82143,-52367,39876,-4832,35044,26284,-8961,17323,NaN,NaN,NaN,NaN,118962,29776,-82143,-52367,39876,-4832,35044,26284,-8961,17323
2010-07-07T22:00:00Z,18.065,18.2,17.725,17.97,29776,-82143,-52367,39876,-4832,35044,26284,-8961,17323,NaN,NaN,NaN,NaN,118962,29776,-82143,-52367,39876,-4832,35044,26284,-8961,17323
2010-07-08T22:00:00Z,17.955,18.235,17.83,18.165,29776,-82143,-52367,39876,-4832,35044,26284,-8961,17323,NaN,NaN,NaN,NaN,118962,29776,-82143,-52367,39876,-4832,35044,26284,-8961,17323
2010-07-11T22:00:00Z,18.11,18.155,17.775,17.917,29776,-82143,-52367,39876,-4832,35044,26284,-8961,17323,NaN,NaN,NaN,NaN,118962,29776,-82143,-52367,39876,-4832,35044,26284,-8961,17323
2010-07-12T22:00:00Z,17.94,18.355,17.87,18.257,30751,-81965,-51214,39176,-3994,35182,25291,-9259,16032,NaN,NaN,NaN,NaN,117959,30751,-81965,-51214,39176,-3994,35182,25291,-9259,16032
2010-07-13T22:00:00Z,18.28,18.49,18.115,18.29,30751,-81965,-51214,39176,-3994,35182,25291,-9259,16032,NaN,NaN,NaN,NaN,117959,30751,-81965,-51214,39176,-3994,35182,25291,-9259,16032
2010-07-14T22:00:00Z,18.32,18.535,18.17,18.345,30751,-81965,-51214,39176,-3994,35182,25291,-9259,16032,NaN,NaN,NaN,NaN,117959,30751,-81965,-51214,39176,-3994,35182,25291,-9259,16032
2010-07-15T22:00:00Z,18.355,18.39,17.73,17.87,30751,-81965,-51214,39176,-3994,35182,25291,-9259,16032,NaN,NaN,NaN,NaN,117959,30751,-81965,-51214,39176,-3994,35182,25291,-9259,16032
2010-07-18T22:00:00Z,17.84,17.92,17.44,17.61,30751,-81965,-51214,39176,-3994,35182,25291,-9259,16032,NaN,NaN,NaN,NaN,117959,30751,-81965,-51214,39176,-3994,35182,25291,-9259,16032
2010-07-19T22:00:00Z,17.615,17.78,17.45,17.695,31904,-79864,-47960,37827,-6193,31634,26091,-9765,16326,NaN,NaN,NaN,NaN,117531,31904,-79864,-47960,37827,-6193,31634,26091,-9765,16326
2010-07-20T22:00:00Z,17.685,17.9,17.575,17.675,31904,-79864,-47960,37827,-6193,31634,26091,-9765,16326,NaN,NaN,NaN,NaN,117531,31904,-79864,-47960,37827,-6193,31634,26091,-9765,16326
2010-07-21T22:00:00Z,17.66,18.2,17.635,18.12,31904,-79864,-47960,37827,-6193,31634,26091,-9765,16326,NaN,NaN,NaN,NaN,117531,31904,-79864,-47960,37827,-6193,31634,26091,-9765,16326
2010-07-22T22:00:00Z,18.135,18.28,18.06,18.125,31904,-79864,-47960,37827,-6193,31634,26091,-9765,16326,NaN,NaN,NaN,NaN,117531,31904,-79864,-47960,37827,-6193,31634,26091,-9765,16326
2010-07-25T22:00:00Z,18.1,18.27,17.975,18.16,31904,-79864,-47960,37827,-6193,31634,26091,-9765,16326,NaN,NaN,NaN,NaN,117531,31904,-79864,-47960,37827,-6193,31634,26091,-9765,16326
2010-07-26T22:00:00Z,18.17,18.235,17.58,17.626,32835,-79603,-46768,38480,-8143,30337,25880,-9449,16431,NaN,NaN,NaN,NaN,117370,32835,-79603,-46768,38480,-8143,30337,25880,-9449,16431
2010-07-27T22:00:00Z,17.64,17.74,17.325,17.485,32835,-79603,-46768,38480,-8143,30337,25880,-9449,16431,NaN,NaN,NaN,NaN,117370,32835,-79603,-46768,38480,-8143,30337,25880,-9449,16431
2010-07-28T22:00:00Z,17.5,17.695,17.48,17.617,32835,-79603,-46768,38480,-8143,30337,25880,-9449,16431,NaN,NaN,NaN,NaN,117370,32835,-79603,-46768,38480,-8143,30337,25880,-9449,16431
2010-07-29T22:00:00Z,17.635,18.125,17.53,18,32835,-79603,-46768,38480,-8143,30337,25880,-9449,16431,NaN,NaN,NaN,NaN,117370,32835,-79603,-46768,38480,-8143,30337,25880,-9449,16431
2010-08-01T22:00:00Z,18,18.575,17.975,18.355,32835,-79603,-46768,38480,-8143,30337,25880,-9449,16431,NaN,NaN,NaN,NaN,117370,32835,-79603,-46768,38480,-8143,30337,25880,-9449,16431
2010-08-02T22:00:00Z,18.38,18.61,18.315,18.39,31537,-84080,-52543,43185,-6730,36455,25368,-9280,16088,NaN,NaN,NaN,NaN,123464,31537,-84080,-52543,43185,-6730,36455,25368,-9280,16088
2010-08-03T22:00:00Z,18.4,18.7,18.225,18.3,31537,-84080,-52543,43185,-6730,36455,25368,-9280,16088,NaN,NaN,NaN,NaN,123464,31537,-84080,-52543,43185,-6730,36455,25368,-9280,16088
2010-08-04T22:00:00Z,18.321,18.48,18.185,18.321,31537,-84080,-52543,43185,-6730,36455,25368,-9280,16088,NaN,NaN,NaN,NaN,123464,31537,-84080,-52543,43185,-6730,36455,25368,-9280,16088
2010-08-05T22:00:00Z,18.34,18.585,18.29,18.455,31537,-84080,-52543,43185,-6730,36455,25368,-9280,16088,NaN,NaN,NaN,NaN,123464,31537,-84080,-52543,43185,-6730,36455,25368,-9280,16088
2010-08-08T22:00:00Z,18.5,18.575,18.22,18.33,31537,-84080,-52543,43185,-6730,36455,25368,-9280,16088,NaN,NaN,NaN,NaN,123464,31537,-84080,-52543,43185,-6730,36455,25368,-9280,16088
2010-08-09T22:00:00Z,18.325,18.475,17.96,18.31,31676,-84429,-52753,42597,-6863,35734,26557,-9538,17019,NaN,NaN,NaN,NaN,123370,31676,-84429,-52753,42597,-6863,35734,26557,-9538,17019
2010-08-10T22:00:00Z,18.3,18.355,17.795,17.895,31676,-84429,-52753,42597,-6863,35734,26557,-9538,17019,NaN,NaN,NaN,NaN,123370,31676,-84429,-52753,42597,-6863,35734,26557,-9538,17019
2010-08-11T22:00:00Z,17.885,18.105,17.85,18.07,31676,-84429,-52753,42597,-6863,35734,26557,-9538,17019,NaN,NaN,NaN,NaN,123370,31676,-84429,-52753,42597,-6863,35734,26557,-9538,17019
2010-08-12T22:00:00Z,18.07,18.18,17.96,18.14,31676,-84429,-52753,42597,-6863,35734,26557,-9538,17019,NaN,NaN,NaN,NaN,123370,31676,-84429,-52753,42597,-6863,35734,26557,-9538,17019
2010-08-15T22:00:00Z,18.12,18.49,18.1,18.427,31676,-84429,-52753,42597,-6863,35734,26557,-9538,17019,NaN,NaN,NaN,NaN,123370,31676,-84429,-52753,42597,-6863,35734,26557,-9538,17019
2010-08-16T22:00:00Z,18.405,18.62,18.35,18.505,33949,-87693,-53744,43251,-7679,35572,27225,-9053,18172,NaN,NaN,NaN,NaN,128848,33949,-87693,-53744,43251,-7679,35572,27225,-9053,18172
2010-08-17T22:00:00Z,18.505,18.575,18.165,18.365,33949,-87693,-53744,43251,-7679,35572,27225,-9053,18172,NaN,NaN,NaN,NaN,128848,33949,-87693,-53744,43251,-7679,35572,27225,-9053,18172
2010-08-18T22:00:00Z,18.365,18.59,18.22,18.285,33949,-87693,-53744,43251,-7679,35572,27225,-9053,18172,NaN,NaN,NaN,NaN,128848,33949,-87693,-53744,43251,-7679,35572,27225,-9053,18172
2010-08-19T22:00:00Z,18.295,18.34,17.845,17.995,33949,-87693,-53744,43251,-7679,35572,27225,-9053,18172,NaN,NaN,NaN,NaN,128848,33949,-87693,-53744,43251,-7679,35572,27225,-9053,18172
2010-08-22T22:00:00Z,18.01,18.07,17.89,17.992,33949,-87693,-53744,43251,-7679,35572,27225,-9053,18172,NaN,NaN,NaN,NaN,128848,33949,-87693,-53744,43251,-7679,35572,27225,-9053,18172
2010-08-23T22:00:00Z,17.98,18.48,17.735,18.378,31306,-82158,-50852,42255,-7448,34807,27175,-11130,16045,NaN,NaN,NaN,NaN,124185,31306,-82158,-50852,42255,-7448,34807,27175,-11130,16045
2010-08-24T22:00:00Z,18.365,19.04,18.345,18.94,31306,-82158,-50852,42255,-7448,34807,27175,-11130,16045,NaN,NaN,NaN,NaN,124185,31306,-82158,-50852,42255,-7448,34807,27175,-11130,16045
2010-08-25T22:00:00Z,18.955,19.165,18.9,18.93,31306,-82158,-50852,42255,-7448,34807,27175,-11130,16045,NaN,NaN,NaN,NaN,124185,31306,-82158,-50852,42255,-7448,34807,27175,-11130,16045
2010-08-26T22:00:00Z,18.965,19.34,18.9,19.105,31306,-82158,-50852,42255,-7448,34807,27175,-11130,16045,NaN,NaN,NaN,NaN,124185,31306,-82158,-50852,42255,-7448,34807,27175,-11130,16045
2010-08-29T22:00:00Z,19.1,19.275,19.02,19.07,31306,-82158,-50852,42255,-7448,34807,27175,-11130,16045,NaN,NaN,NaN,NaN,124185,31306,-82158,-50852,42255,-7448,34807,27175,-11130,16045
2010-08-30T22:00:00Z,19.075,19.445,18.86,19.432,27884,-87261,-59377,54472,-9659,44813,26371,-11807,14564,NaN,NaN,NaN,NaN,130813,27884,-87261,-59377,54472,-9659,44813,26371,-11807,14564
2010-08-31T22:00:00Z,19.405,19.535,19.32,19.38,27884,-87261,-59377,54472,-9659,44813,26371,-11807,14564,NaN,NaN,NaN,NaN,130813,27884,-87261,-59377,54472,-9659,44813,26371,-11807,14564
2010-09-01T22:00:00Z,19.365,19.74,19.345,19.685,27884,-87261,-59377,54472,-9659,44813,26371,-11807,14564,NaN,NaN,NaN,NaN,130813,27884,-87261,-59377,54472,-9659,44813,26371,-11807,14564
2010-09-02T22:00:00Z,19.705,19.985,19.505,19.949,27884,-87261,-59377,54472,-9659,44813,26371,-11807,14564,NaN,NaN,NaN,NaN,130813,27884,-87261,-59377,54472,-9659,44813,26371,-11807,14564
2010-09-05T22:00:00Z,19.94,20.045,19.585,19.914,28855,-90653,-61798,59112,-11909,47203,27604,-13009,14595,NaN,NaN,NaN,NaN,139522,28855,-90653,-61798,59112,-11909,47203,27604,-13009,14595
2010-09-07T22:00:00Z,19.835,20.18,19.82,20.009,28855,-90653,-61798,59112,-11909,47203,27604,-13009,14595,NaN,NaN,NaN,NaN,139522,28855,-90653,-61798,59112,-11909,47203,27604,-13009,14595
2010-09-08T22:00:00Z,19.945,20.095,19.68,19.7,28855,-90653,-61798,59112,-11909,47203,27604,-13009,14595,NaN,NaN,NaN,NaN,139522,28855,-90653,-61798,59112,-11909,47203,27604,-13009,14595
2010-09-09T22:00:00Z,19.75,20.065,19.7,19.915,28855,-90653,-61798,59112,-11909,47203,27604,-13009,14595,NaN,NaN,NaN,NaN,139522,28855,-90653,-61798,59112,-11909,47203,27604,-13009,14595
2010-09-12T22:00:00Z,19.895,20.27,19.82,20.07,28855,-90653,-61798,59112,-11909,47203,27604,-13009,14595,NaN,NaN,NaN,NaN,139522,28855,-90653,-61798,59112,-11909,47203,27604,-13009,14595
2010-09-13T22:00:00Z,20.07,20.55,20.03,20.495,29764,-94825,-65061,60696,-11905,48791,30429,-14159,16270,NaN,NaN,NaN,NaN,144798,29764,-94825,-65061,60696,-11905,48791,30429,-14159,16270
2010-09-14T22:00:00Z,20.5,20.65,20.34,20.571,29764,-94825,-65061,60696,-11905,48791,30429,-14159,16270,NaN,NaN,NaN,NaN,144798,29764,-94825,-65061,60696,-11905,48791,30429,-14159,16270
2010-09-15T22:00:00Z,20.61,20.845,20.475,20.815,29764,-94825,-65061,60696,-11905,48791,30429,-14159,16270,NaN,NaN,NaN,NaN,144798,29764,-94825,-65061,60696,-11905,48791,30429,-14159,16270
2010-09-16T22:00:00Z,20.81,21.025,20.62,20.795,29764,-94825,-65061,60696,-11905,48791,30429,-14159,16270,NaN,NaN,NaN,NaN,144798,29764,-94825,-65061,60696,-11905,48791,30429,-14159,16270
2010-09-19T22:00:00Z,20.78,21,20.72,20.755,29764,-94825,-65061,60696,-11905,48791,30429,-14159,16270,NaN,NaN,NaN,NaN,144798,29764,-94825,-65061,60696,-11905,48791,30429,-14159,16270
2010-09-20T22:00:00Z,20.77,21.11,20.515,20.985,28973,-94276,-65303,62013,-12642,49371,30401,-14469,15932,NaN,NaN,NaN,NaN,146767,28973,-94276,-65303,62013,-12642,49371,30401,-14469,15932
2010-09-21T22:00:00Z,21.025,21.2,20.93,21.055,28973,-94276,-65303,62013,-12642,49371,30401,-14469,15932,NaN,NaN,NaN,NaN,146767,28973,-94276,-65303,62013,-12642,49371,30401,-14469,15932
2010-09-22T22:00:00Z,21.165,21.265,20.885,21.213,28973,-94276,-65303,62013,-12642,49371,30401,-14469,15932,NaN,NaN,NaN,NaN,146767,28973,-94276,-65303,62013,-12642,49371,30401,-14469,15932
2010-09-23T22:00:00Z,21.15,21.49,21.12,21.49,28973,-94276,-65303,62013,-12642,49371,30401,-14469,15932,NaN,NaN,NaN,NaN,146767,28973,-94276,-65303,62013,-12642,49371,30401,-14469,15932
2010-09-26T22:00:00Z,21.46,21.645,21.365,21.471,28973,-94276,-65303,62013,-12642,49371,30401,-14469,15932,NaN,NaN,NaN,NaN,146767,28973,-94276,-65303,62013,-12642,49371,30401,-14469,15932
2010-09-27T22:00:00Z,21.46,21.8,21.06,21.755,29034,-94447,-65413,66066,-14585,51481,30877,-16945,13932,NaN,NaN,NaN,NaN,154219,29034,-94447,-65413,66066,-14585,51481,30877,-16945,13932
2010-09-28T22:00:00Z,21.775,22.075,21.71,21.925,29034,-94447,-65413,66066,-14585,51481,30877,-16945,13932,NaN,NaN,NaN,NaN,154219,29034,-94447,-65413,66066,-14585,51481,30877,-16945,13932
2010-09-29T22:00:00Z,21.895,22.125,21.565,21.755,29034,-94447,-65413,66066,-14585,51481,30877,-16945,13932,NaN,NaN,NaN,NaN,154219,29034,-94447,-65413,66066,-14585,51481,30877,-16945,13932
2010-09-30T22:00:00Z,21.77,22.17,21.725,22.11,29034,-94447,-65413,66066,-14585,51481,30877,-16945,13932,NaN,NaN,NaN,NaN,154219,29034,-94447,-65413,66066,-14585,51481,30877,-16945,13932
2010-10-03T22:00:00Z,22.125,22.235,21.88,21.885,29034,-94447,-65413,66066,-14585,51481,30877,-16945,13932,NaN,NaN,NaN,NaN,154219,29034,-94447,-65413,66066,-14585,51481,30877,-16945,13932
2010-10-04T22:00:00Z,21.91,22.92,21.81,22.865,30023,-92150,-62127,63681,-15198,48483,30223,-16579,13644,NaN,NaN,NaN,NaN,156096,30023,-92150,-62127,63681,-15198,48483,30223,-16579,13644
2010-10-05T22:00:00Z,22.865,23.2,22.76,23.2,30023,-92150,-62127,63681,-15198,48483,30223,-16579,13644,NaN,NaN,NaN,NaN,156096,30023,-92150,-62127,63681,-15198,48483,30223,-16579,13644
2010-10-06T22:00:00Z,23.185,23.53,22.475,22.51,30023,-92150,-62127,63681,-15198,48483,30223,-16579,13644,NaN,NaN,NaN,NaN,156096,30023,-92150,-62127,63681,-15198,48483,30223,-16579,13644
2010-10-07T22:00:00Z,22.52,23.325,22.35,23.23,30023,-92150,-62127,63681,-15198,48483,30223,-16579,13644,NaN,NaN,NaN,NaN,156096,30023,-92150,-62127,63681,-15198,48483,30223,-16579,13644
2010-10-10T22:00:00Z,23.41,23.675,23.055,23.29,30023,-92150,-62127,63681,-15198,48483,30223,-16579,13644,NaN,NaN,NaN,NaN,156096,30023,-92150,-62127,63681,-15198,48483,30223,-16579,13644
2010-10-11T22:00:00Z,23.29,23.495,22.945,23.325,29899,-91403,-61504,59615,-14263,45352,30769,-14617,16152,NaN,NaN,NaN,NaN,153970,29899,-91403,-61504,59615,-14263,45352,30769,-14617,16152
2010-10-12T22:00:00Z,23.315,24.13,23.275,24.055,29899,-91403,-61504,59615,-14263,45352,30769,-14617,16152,NaN,NaN,NaN,NaN,153970,29899,-91403,-61504,59615,-14263,45352,30769,-14617,16152
2010-10-13T22:00:00Z,24.06,24.95,23.995,24.645,29899,-91403,-61504,59615,-14263,45352,30769,-14617,16152,NaN,NaN,NaN,NaN,153970,29899,-91403,-61504,59615,-14263,45352,30769,-14617,16152
2010-10-14T22:00:00Z,24.65,24.855,24.075,24.335,29899,-91403,-61504,59615,-14263,45352,30769,-14617,16152,NaN,NaN,NaN,NaN,153970,29899,-91403,-61504,59615,-14263,45352,30769,-14617,16152
2010-10-17T22:00:00Z,24.305,24.515,23.715,24.385,29899,-91403,-61504,59615,-14263,45352,30769,-14617,16152,NaN,NaN,NaN,NaN,153970,29899,-91403,-61504,59615,-14263,45352,30769,-14617,16152
2010-10-18T22:00:00Z,24.39,24.505,23.27,23.37,28601,-86751,-58150,56278,-12981,43297,29489,-14636,14853,NaN,NaN,NaN,NaN,151104,28601,-86751,-58150,56278,-12981,43297,29489,-14636,14853
2010-10-19T22:00:00Z,23.385,23.975,23.29,23.93,28601,-86751,-58150,56278,-12981,43297,29489,-14636,14853,NaN,NaN,NaN,NaN,151104,28601,-86751,-58150,56278,-12981,43297,29489,-14636,14853
2010-10-20T22:00:00Z,23.925,24.075,23.03,23.165,28601,-86751,-58150,56278,-12981,43297,29489,-14636,14853,NaN,NaN,NaN,NaN,151104,28601,-86751,-58150,56278,-12981,43297,29489,-14636,14853
2010-10-21T22:00:00Z,23.185,23.395,22.84,23.29,28601,-86751,-58150,56278,-12981,43297,29489,-14636,14853,NaN,NaN,NaN,NaN,151104,28601,-86751,-58150,56278,-12981,43297,29489,-14636,14853
2010-10-24T22:00:00Z,23.3,23.855,23.3,23.635,28601,-86751,-58150,56278,-12981,43297,29489,-14636,14853,NaN,NaN,NaN,NaN,151104,28601,-86751,-58150,56278,-12981,43297,29489,-14636,14853
2010-10-25T22:00:00Z,23.65,23.95,23.165,23.855,30157,-88023,-57866,53018,-12509,40509,30535,-13178,17357,NaN,NaN,NaN,NaN,152980,30157,-88023,-57866,53018,-12509,40509,30535,-13178,17357
2010-10-26T22:00:00Z,23.865,24.295,23.35,23.56,30157,-88023,-57866,53018,-12509,40509,30535,-13178,17357,NaN,NaN,NaN,NaN,152980,30157,-88023,-57866,53018,-12509,40509,30535,-13178,17357
2010-10-27T22:00:00Z,23.585,24.04,23.5,24.02,30157,-88023,-57866,53018,-12509,40509,30535,-13178,17357,NaN,NaN,NaN,NaN,152980,30157,-88023,-57866,53018,-12509,40509,30535,-13178,17357
2010-10-28T22:00:00Z,24.03,24.75,23.755,24.735,30157,-88023,-57866,53018,-12509,40509,30535,-13178,17357,NaN,NaN,NaN,NaN,152980,30157,-88023,-57866,53018,-12509,40509,30535,-13178,17357
2010-10-31T22:00:00Z,24.75,25.055,24.515,24.63,30157,-88023,-57866,53018,-12509,40509,30535,-13178,17357,NaN,NaN,NaN,NaN,152980,30157,-88023,-57866,53018,-12509,40509,30535,-13178,17357
2010-11-01T22:00:00Z,24.63,24.94,24.615,24.94,31152,-87200,-56048,52625,-12834,39791,30479,-14222,16257,NaN,NaN,NaN,NaN,158633,31152,-87200,-56048,52625,-12834,39791,30479,-14222,16257
2010-11-02T22:00:00Z,24.93,25.04,23.935,24.84,31152,-87200,-56048,52625,-12834,39791,30479,-14222,16257,NaN,NaN,NaN,NaN,158633,31152,-87200,-56048,52625,-12834,39791,30479,-14222,16257
2010-11-03T22:00:00Z,24.91,26.37,24.75,26.365,31152,-87200,-56048,52625,-12834,39791,30479,-14222,16257,NaN,NaN,NaN,NaN,158633,31152,-87200,-56048,52625,-12834,39791,30479,-14222,16257
2010-11-04T22:00:00Z,26.315,26.915,25.875,26.75,31152,-87200,-56048,52625,-12834,39791,30479,-14222,16257,NaN,NaN,NaN,NaN,158633,31152,-87200,-56048,52625,-12834,39791,30479,-14222,16257
2010-11-07T23:00:00Z,26.86,27.74,26.515,27.735,31152,-87200,-56048,52625,-12834,39791,30479,-14222,16257,NaN,NaN,NaN,NaN,158633,31152,-87200,-56048,52625,-12834,39791,30479,-14222,16257
2010-11-08T23:00:00Z,27.73,29.34,26.415,26.93,33976,-84461,-50485,46004,-13421,32583,33353,-15451,17902,NaN,NaN,NaN,NaN,156418,33976,-84461,-50485,46004,-13421,32583,33353,-15451,17902
2010-11-09T23:00:00Z,26.97,28.175,26.485,27.115,33976,-84461,-50485,46004,-13421,32583,33353,-15451,17902,NaN,NaN,NaN,NaN,156418,33976,-84461,-50485,46004,-13421,32583,33353,-15451,17902
2010-11-10T23:00:00Z,27.24,27.84,26.89,27.665,33976,-84461,-50485,46004,-13421,32583,33353,-15451,17902,NaN,NaN,NaN,NaN,156418,33976,-84461,-50485,46004,-13421,32583,33353,-15451,17902
2010-11-11T23:00:00Z,27.685,27.69,25.76,26.015,33976,-84461,-50485,46004,-13421,32583,33353,-15451,17902,NaN,NaN,NaN,NaN,156418,33976,-84461,-50485,46004,-13421,32583,33353,-15451,17902
2010-11-14T23:00:00Z,26.025,26.48,25.4,25.505,33976,-84461,-50485,46004,-13421,32583,33353,-15451,17902,NaN,NaN,NaN,NaN,156418,33976,-84461,-50485,46004,-13421,32583,33353,-15451,17902
2010-11-15T23:00:00Z,25.56,25.85,24.98,25.365,37001,-82655,-45654,40243,-12139,28104,30498,-12948,17550,NaN,NaN,NaN,NaN,146693,37001,-82655,-45654,40243,-12139,28104,30498,-12948,17550
2010-11-16T23:00:00Z,25.41,25.905,25.015,25.625,37001,-82655,-45654,40243,-12139,28104,30498,-12948,17550,NaN,NaN,NaN,NaN,146693,37001,-82655,-45654,40243,-12139,28104,30498,-12948,17550
2010-11-17T23:00:00Z,25.59,27.04,25.59,26.96,37001,-82655,-45654,40243,-12139,28104,30498,-12948,17550,NaN,NaN,NaN,NaN,146693,37001,-82655,-45654,40243,-12139,28104,30498,-12948,17550
2010-11-18T23:00:00Z,26.945,27.4,26.345,27.315,37001,-82655,-45654,40243,-12139,28104,30498,-12948,17550,NaN,NaN,NaN,NaN,146693,37001,-82655,-45654,40243,-12139,28104,30498,-12948,17550
2010-11-21T23:00:00Z,27.59,27.895,27.075,27.85,37001,-82655,-45654,40243,-12139,28104,30498,-12948,17550,NaN,NaN,NaN,NaN,146693,37001,-82655,-45654,40243,-12139,28104,30498,-12948,17550
2010-11-22T23:00:00Z,27.85,27.885,27.02,27.485,37420,-84273,-46853,40307,-9881,30426,33575,-17148,16427,NaN,NaN,NaN,NaN,147685,37420,-84273,-46853,40307,-9881,30426,33575,-17148,16427
2010-11-23T23:00:00Z,27.515,27.685,27.1,27.58,37420,-84273,-46853,40307,-9881,30426,33575,-17148,16427,NaN,NaN,NaN,NaN,147685,37420,-84273,-46853,40307,-9881,30426,33575,-17148,16427
2010-11-24T23:00:00Z,27.57,27.58,26.4,26.67,37420,-84273,-46853,40307,-9881,30426,33575,-17148,16427,NaN,NaN,NaN,NaN,147685,37420,-84273,-46853,40307,-9881,30426,33575,-17148,16427
2010-11-28T23:00:00Z,26.785,27.315,26.525,27.205,37420,-84273,-46853,40307,-9881,30426,33575,-17148,16427,NaN,NaN,NaN,NaN,147685,37420,-84273,-46853,40307,-9881,30426,33575,-17148,16427
2010-11-29T23:00:00Z,27.19,28.39,26.92,28.145,29791,-79561,-49770,40818,-6784,34034,29298,-13562,15736,NaN,NaN,NaN,NaN,133139,29791,-79561,-49770,40818,-6784,34034,29298,-13562,15736
2010-11-30T23:00:00Z,28.18,28.88,28.02,28.47,29791,-79561,-49770,40818,-6784,34034,29298,-13562,15736,NaN,NaN,NaN,NaN,133139,29791,-79561,-49770,40818,-6784,34034,29298,-13562,15736
2010-12-01T23:00:00Z,28.47,29.08,28.33,28.59,29791,-79561,-49770,40818,-6784,34034,29298,-13562,15736,NaN,NaN,NaN,NaN,133139,29791,-79561,-49770,40818,-6784,34034,29298,-13562,15736
2010-12-02T23:00:00Z,28.625,29.49,28.595,29.425,29791,-79561,-49770,40818,-6784,34034,29298,-13562,15736,NaN,NaN,NaN,NaN,133139,29791,-79561,-49770,40818,-6784,34034,29298,-13562,15736
2010-12-05T23:00:00Z,29.55,30.355,29.48,30.125,29791,-79561,-49770,40818,-6784,34034,29298,-13562,15736,NaN,NaN,NaN,NaN,133139,29791,-79561,-49770,40818,-6784,34034,29298,-13562,15736
2010-12-06T23:00:00Z,30.2,30.75,28.485,28.67,29245,-78070,-48825,42606,-9637,32969,30498,-14642,15856,NaN,NaN,NaN,NaN,137675,29245,-78070,-48825,42606,-9637,32969,30498,-14642,15856
2010-12-07T23:00:00Z,28.77,29.29,28.01,28.4,29245,-78070,-48825,42606,-9637,32969,30498,-14642,15856,NaN,NaN,NaN,NaN,137675,29245,-78070,-48825,42606,-9637,32969,30498,-14642,15856
2010-12-08T23:00:00Z,28.425,29.045,28.2,28.78,29245,-78070,-48825,42606,-9637,32969,30498,-14642,15856,NaN,NaN,NaN,NaN,137675,29245,-78070,-48825,42606,-9637,32969,30498,-14642,15856
2010-12-09T23:00:00Z,28.82,29.03,28.06,28.695,29245,-78070,-48825,42606,-9637,32969,30498,-14642,15856,NaN,NaN,NaN,NaN,137675,29245,-78070,-48825,42606,-9637,32969,30498,-14642,15856
2010-12-12T23:00:00Z,28.66,29.74,28.495,29.585,29245,-78070,-48825,42606,-9637,32969,30498,-14642,15856,NaN,NaN,NaN,NaN,137675,29245,-78070,-48825,42606,-9637,32969,30498,-14642,15856
2010-12-13T23:00:00Z,29.575,29.985,29.22,29.53,28454,-76590,-48136,39450,-9218,30232,31040,-13136,17904,NaN,NaN,NaN,NaN,130145,28454,-76590,-48136,39450,-9218,30232,31040,-13136,17904
2010-12-14T23:00:00Z,29.55,29.645,28.735,28.85,28454,-76590,-48136,39450,-9218,30232,31040,-13136,17904,NaN,NaN,NaN,NaN,130145,28454,-76590,-48136,39450,-9218,30232,31040,-13136,17904
2010-12-15T23:00:00Z,28.815,29.255,28.35,28.91,28454,-76590,-48136,39450,-9218,30232,31040,-13136,17904,NaN,NaN,NaN,NaN,130145,28454,-76590,-48136,39450,-9218,30232,31040,-13136,17904
2010-12-16T23:00:00Z,28.9,29.37,28.68,29.22,28454,-76590,-48136,39450,-9218,30232,31040,-13136,17904,NaN,NaN,NaN,NaN,130145,28454,-76590,-48136,39450,-9218,30232,31040,-13136,17904
2010-12-19T23:00:00Z,29.385,29.56,28.81,29.385,28454,-76590,-48136,39450,-9218,30232,31040,-13136,17904,NaN,NaN,NaN,NaN,130145,28454,-76590,-48136,39450,-9218,30232,31040,-13136,17904
2010-12-20T23:00:00Z,29.41,29.605,29.05,29.395,30852,-77909,-47057,39180,-8885,30295,30628,-13866,16762,NaN,NaN,NaN,NaN,133135,30852,-77909,-47057,39180,-8885,30295,30628,-13866,16762
2010-12-21T23:00:00Z,29.365,29.485,29.23,29.25,30852,-77909,-47057,39180,-8885,30295,30628,-13866,16762,NaN,NaN,NaN,NaN,133135,30852,-77909,-47057,39180,-8885,30295,30628,-13866,16762
2010-12-22T23:00:00Z,29.275,29.42,28.945,29.29,30852,-77909,-47057,39180,-8885,30295,30628,-13866,16762,NaN,NaN,NaN,NaN,133135,30852,-77909,-47057,39180,-8885,30295,30628,-13866,16762
2010-12-26T23:00:00Z,29.16,29.355,28.81,29.305,30852,-77909,-47057,39180,-8885,30295,30628,-13866,16762,NaN,NaN,NaN,NaN,133135,30852,-77909,-47057,39180,-8885,30295,30628,-13866,16762
2010-12-27T23:00:00Z,29.28,30.37,29.28,30.33,30286,-81177,-50891,41539,-9420,32119,32755,-13983,18772,NaN,NaN,NaN,NaN,137918,30286,-81177,-50891,41539,-9420,32119,32755,-13983,18772
2010-12-28T23:00:00Z,30.325,30.72,30.145,30.615,30286,-81177,-50891,41539,-9420,32119,32755,-13983,18772,NaN,NaN,NaN,NaN,137918,30286,-81177,-50891,41539,-9420,32119,32755,-13983,18772
2010-12-29T23:00:00Z,30.63,30.93,30.36,30.45,30286,-81177,-50891,41539,-9420,32119,32755,-13983,18772,NaN,NaN,NaN,NaN,137918,30286,-81177,-50891,41539,-9420,32119,32755,-13983,18772
2010-12-30T23:00:00Z,30.475,30.975,30.475,30.93,30286,-81177,-50891,41539,-9420,32119,32755,-13983,18772,NaN,NaN,NaN,NaN,137918,30286,-81177,-50891,41539,-9420,32119,32755,-13983,18772
2011-01-02T23:00:00Z,30.93,31.275,30.5,30.68,30286,-81177,-50891,41539,-9420,32119,32755,-13983,18772,NaN,NaN,NaN,NaN,137918,30286,-81177,-50891,41539,-9420,32119,32755,-13983,18772
2011-01-03T23:00:00Z,30.74,30.885,29.325,29.815,29598,-79349,-49751,40483,-10448,30035,32646,-12930,19716,NaN,NaN,NaN,NaN,136931,29598,-79349,-49751,40483,-10448,30035,32646,-12930,19716
2011-01-04T23:00:00Z,29.83,29.905,28.58,29.265,29598,-79349,-49751,40483,-10448,30035,32646,-12930,19716,NaN,NaN,NaN,NaN,136931,29598,-79349,-49751,40483,-10448,30035,32646,-12930,19716
2011-01-05T23:00:00Z,29.3,29.6,28.815,29.065,29598,-79349,-49751,40483,-10448,30035,32646,-12930,19716,NaN,NaN,NaN,NaN,136931,29598,-79349,-49751,40483,-10448,30035,32646,-12930,19716
2011-01-06T23:00:00Z,29.04,29.375,28.325,28.715,29598,-79349,-49751,40483,-10448,30035,32646,-12930,19716,NaN,NaN,NaN,NaN,136931,29598,-79349,-49751,40483,-10448,30035,32646,-12930,19716
2011-01-09T23:00:00Z,28.75,29.14,28.65,29.1,29598,-79349,-49751,40483,-10448,30035,32646,-12930,19716,NaN,NaN,NaN,NaN,136931,29598,-79349,-49751,40483,-10448,30035,32646,-12930,19716
2011-01-10T23:00:00Z,29.115,29.71,29.06,29.525,30787,-77537,-46750,38570,-9301,29269,30160,-12679,17481,NaN,NaN,NaN,NaN,136331,30787,-77537,-46750,38570,-9301,29269,30160,-12679,17481
2011-01-11T23:00:00Z,29.545,29.845,29.395,29.655,30787,-77537,-46750,38570,-9301,29269,30160,-12679,17481,NaN,NaN,NaN,NaN,136331,30787,-77537,-46750,38570,-9301,29269,30160,-12679,17481
2011-01-12T23:00:00Z,29.695,29.81,28.525,28.725,30787,-77537,-46750,38570,-9301,29269,30160,-12679,17481,NaN,NaN,NaN,NaN,136331,30787,-77537,-46750,38570,-9301,29269,30160,-12679,17481
2011-01-13T23:00:00Z,28.75,28.965,28.1,28.48,30787,-77537,-46750,38570,-9301,29269,30160,-12679,17481,NaN,NaN,NaN,NaN,136331,30787,-77537,-46750,38570,-9301,29269,30160,-12679,17481
2011-01-16T23:00:00Z,28.425,29.08,28.05,28.885,30663,-76031,-45368,40010,-10357,29653,28833,-13118,15715,NaN,NaN,NaN,NaN,135675,30663,-76031,-45368,40010,-10357,29653,28833,-13118,15715
2011-01-18T23:00:00Z,28.895,29.49,28.625,28.77,30663,-76031,-45368,40010,-10357,29653,28833,-13118,15715,NaN,NaN,NaN,NaN,135675,30663,-76031,-45368,40010,-10357,29653,28833,-13118,15715
2011-01-19T23:00:00Z,28.67,28.78,27.375,27.445,30663,-76031,-45368,40010,-10357,29653,28833,-13118,15715,NaN,NaN,NaN,NaN,135675,30663,-76031,-45368,40010,-10357,29653,28833,-13118,15715
2011-01-20T23:00:00Z,27.475,27.63,27.08,27.5,30663,-76031,-45368,40010,-10357,29653,28833,-13118,15715,NaN,NaN,NaN,NaN,135675,30663,-76031,-45368,40010,-10357,29653,28833,-13118,15715
2011-01-23T23:00:00Z,27.5,27.95,26.82,26.93,30663,-76031,-45368,40010,-10357,29653,28833,-13118,15715,NaN,NaN,NaN,NaN,135675,30663,-76031,-45368,40010,-10357,29653,28833,-13118,15715
2011-01-24T23:00:00Z,26.915,27.035,26.54,26.87,29818,-72964,-43146,38699,-10473,28226,30267,-15347,14920,NaN,NaN,NaN,NaN,125229,29818,-72964,-43146,38699,-10473,28226,30267,-15347,14920
2011-01-25T23:00:00Z,26.855,27.645,26.655,27.565,29818,-72964,-43146,38699,-10473,28226,30267,-15347,14920,NaN,NaN,NaN,NaN,125229,29818,-72964,-43146,38699,-10473,28226,30267,-15347,14920
2011-01-26T23:00:00Z,27.615,27.795,26.745,26.895,29818,-72964,-43146,38699,-10473,28226,30267,-15347,14920,NaN,NaN,NaN,NaN,125229,29818,-72964,-43146,38699,-10473,28226,30267,-15347,14920
2011-01-27T23:00:00Z,26.895,28.03,26.3,27.96,29818,-72964,-43146,38699,-10473,28226,30267,-15347,14920,NaN,NaN,NaN,NaN,125229,29818,-72964,-43146,38699,-10473,28226,30267,-15347,14920
2011-01-30T23:00:00Z,27.96,28.425,27.52,28.025,29818,-72964,-43146,38699,-10473,28226,30267,-15347,14920,NaN,NaN,NaN,NaN,125229,29818,-72964,-43146,38699,-10473,28226,30267,-15347,14920
2011-01-31T23:00:00Z,28.06,28.635,27.85,28.57,31966,-76767,-44801,37883,-7203,30680,30118,-15997,14121,NaN,NaN,NaN,NaN,125287,31966,-76767,-44801,37883,-7203,30680,30118,-15997,14121
2011-02-01T23:00:00Z,28.565,28.725,28.105,28.295,31966,-76767,-44801,37883,-7203,30680,30118,-15997,14121,NaN,NaN,NaN,NaN,125287,31966,-76767,-44801,37883,-7203,30680,30118,-15997,14121
2011-02-02T23:00:00Z,28.3,28.98,27.96,28.915,31966,-76767,-44801,37883,-7203,30680,30118,-15997,14121,NaN,NaN,NaN,NaN,125287,31966,-76767,-44801,37883,-7203,30680,30118,-15997,14121
2011-02-03T23:00:00Z,28.93,29.285,28.72,29.11,31966,-76767,-44801,37883,-7203,30680,30118,-15997,14121,NaN,NaN,NaN,NaN,125287,31966,-76767,-44801,37883,-7203,30680,30118,-15997,14121
2011-02-06T23:00:00Z,29.175,29.45,29.005,29.395,31966,-76767,-44801,37883,-7203,30680,30118,-15997,14121,NaN,NaN,NaN,NaN,125287,31966,-76767,-44801,37883,-7203,30680,30118,-15997,14121
2011-02-07T23:00:00Z,29.35,30.345,29.26,30.33,31150,-82267,-51117,44915,-7852,37063,32309,-18255,14054,NaN,NaN,NaN,NaN,135797,31150,-82267,-51117,44915,-7852,37063,32309,-18255,14054
2011-02-08T23:00:00Z,30.31,30.5,30.05,30.155,31150,-82267,-51117,44915,-7852,37063,32309,-18255,14054,NaN,NaN,NaN,NaN,135797,31150,-82267,-51117,44915,-7852,37063,32309,-18255,14054
2011-02-09T23:00:00Z,30.165,30.275,29.635,30.17,31150,-82267,-51117,44915,-7852,37063,32309,-18255,14054,NaN,NaN,NaN,NaN,135797,31150,-82267,-51117,44915,-7852,37063,32309,-18255,14054
2011-02-10T23:00:00Z,30.185,30.285,29.685,29.855,31150,-82267,-51117,44915,-7852,37063,32309,-18255,14054,NaN,NaN,NaN,NaN,135797,31150,-82267,-51117,44915,-7852,37063,32309,-18255,14054
2011-02-13T23:00:00Z,29.885,30.72,29.79,30.55,31150,-82267,-51117,44915,-7852,37063,32309,-18255,14054,NaN,NaN,NaN,NaN,135797,31150,-82267,-51117,44915,-7852,37063,32309,-18255,14054
2011-02-14T23:00:00Z,30.56,30.905,30.475,30.735,34051,-89098,-55047,50718,-9781,40937,31645,-17535,14110,NaN,NaN,NaN,NaN,147113,34051,-89098,-55047,50718,-9781,40937,31645,-17535,14110
2011-02-15T23:00:00Z,30.735,30.97,30.265,30.665,34051,-89098,-55047,50718,-9781,40937,31645,-17535,14110,NaN,NaN,NaN,NaN,147113,34051,-89098,-55047,50718,-9781,40937,31645,-17535,14110
2011-02-16T23:00:00Z,30.655,31.79,30.535,31.74,34051,-89098,-55047,50718,-9781,40937,31645,-17535,14110,NaN,NaN,NaN,NaN,147113,34051,-89098,-55047,50718,-9781,40937,31645,-17535,14110
2011-02-17T23:00:00Z,31.74,32.87,31.61,32.62,34051,-89098,-55047,50718,-9781,40937,31645,-17535,14110,NaN,NaN,NaN,NaN,147113,34051,-89098,-55047,50718,-9781,40937,31645,-17535,14110
2011-02-20T23:00:00Z,32.65,34.33,32.39,33.035,31935,-89728,-57793,50937,-11714,39223,35768,-17198,18570,NaN,NaN,NaN,NaN,145070,31935,-89728,-57793,50937,-11714,39223,35768,-17198,18570
2011-02-22T23:00:00Z,33.16,33.765,32.68,33.505,31935,-89728,-57793,50937,-11714,39223,35768,-17198,18570,NaN,NaN,NaN,NaN,145070,31935,-89728,-57793,50937,-11714,39223,35768,-17198,18570
2011-02-23T23:00:00Z,33.51,33.74,31.695,32.075,31935,-89728,-57793,50937,-11714,39223,35768,-17198,18570,NaN,NaN,NaN,NaN,145070,31935,-89728,-57793,50937,-11714,39223,35768,-17198,18570
2011-02-24T23:00:00Z,32.08,33.395,32.06,33.345,31935,-89728,-57793,50937,-11714,39223,35768,-17198,18570,NaN,NaN,NaN,NaN,145070,31935,-89728,-57793,50937,-11714,39223,35768,-17198,18570
2011-02-27T23:00:00Z,33.345,33.98,33.255,33.94,31935,-89728,-57793,50937,-11714,39223,35768,-17198,18570,NaN,NaN,NaN,NaN,145070,31935,-89728,-57793,50937,-11714,39223,35768,-17198,18570
2011-02-28T23:00:00Z,33.9,34.72,33.79,34.66,31676,-88136,-56460,49750,-11848,37902,33845,-15287,18558,NaN,NaN,NaN,NaN,135802,31676,-88136,-56460,49750,-11848,37902,33845,-15287,18558
2011-03-01T23:00:00Z,34.7,34.975,34.21,34.65,31676,-88136,-56460,49750,-11848,37902,33845,-15287,18558,NaN,NaN,NaN,NaN,135802,31676,-88136,-56460,49750,-11848,37902,33845,-15287,18558
2011-03-02T23:00:00Z,34.705,34.96,34.03,34.205,31676,-88136,-56460,49750,-11848,37902,33845,-15287,18558,NaN,NaN,NaN,NaN,135802,31676,-88136,-56460,49750,-11848,37902,33845,-15287,18558
2011-03-03T23:00:00Z,34.23,35.67,34.205,35.635,31676,-88136,-56460,49750,-11848,37902,33845,-15287,18558,NaN,NaN,NaN,NaN,135802,31676,-88136,-56460,49750,-11848,37902,33845,-15287,18558
2011-03-06T23:00:00Z,35.64,36.745,35.605,35.905,31676,-88136,-56460,49750,-11848,37902,33845,-15287,18558,NaN,NaN,NaN,NaN,135802,31676,-88136,-56460,49750,-11848,37902,33845,-15287,18558
2011-03-07T23:00:00Z,35.895,36.55,35.51,36.03,30841,-86191,-55350,50394,-11900,38494,32091,-15235,16856,NaN,NaN,NaN,NaN,133485,30841,-86191,-55350,50394,-11900,38494,32091,-15235,16856
2011-03-08T23:00:00Z,36.04,36.44,35.615,36.14,30841,-86191,-55350,50394,-11900,38494,32091,-15235,16856,NaN,NaN,NaN,NaN,133485,30841,-86191,-55350,50394,-11900,38494,32091,-15235,16856
2011-03-09T23:00:00Z,36.145,36.19,34.66,35.27,30841,-86191,-55350,50394,-11900,38494,32091,-15235,16856,NaN,NaN,NaN,NaN,133485,30841,-86191,-55350,50394,-11900,38494,32091,-15235,16856
2011-03-10T23:00:00Z,35.21,36.18,34.05,35.89,30841,-86191,-55350,50394,-11900,38494,32091,-15235,16856,NaN,NaN,NaN,NaN,133485,30841,-86191,-55350,50394,-11900,38494,32091,-15235,16856
2011-03-13T22:00:00Z,35.935,36.505,35.5,35.935,30841,-86191,-55350,50394,-11900,38494,32091,-15235,16856,NaN,NaN,NaN,NaN,133485,30841,-86191,-55350,50394,-11900,38494,32091,-15235,16856
2011-03-14T22:00:00Z,35.955,35.955,33.565,34.235,31210,-84631,-53421,47290,-12336,34954,34140,-15673,18467,NaN,NaN,NaN,NaN,134914,31210,-84631,-53421,47290,-12336,34954,34140,-15673,18467
2011-03-15T22:00:00Z,34.255,35.08,33.845,34.26,31210,-84631,-53421,47290,-12336,34954,34140,-15673,18467,NaN,NaN,NaN,NaN,134914,31210,-84631,-53421,47290,-12336,34954,34140,-15673,18467
2011-03-16T22:00:00Z,34.205,34.695,33.64,34.23,31210,-84631,-53421,47290,-12336,34954,34140,-15673,18467,NaN,NaN,NaN,NaN,134914,31210,-84631,-53421,47290,-12336,34954,34140,-15673,18467
2011-03-17T22:00:00Z,34.28,35.425,34.24,35.275,31210,-84631,-53421,47290,-12336,34954,34140,-15673,18467,NaN,NaN,NaN,NaN,134914,31210,-84631,-53421,47290,-12336,34954,34140,-15673,18467
2011-03-20T22:00:00Z,35.355,36.29,35.355,36.1,31210,-84631,-53421,47290,-12336,34954,34140,-15673,18467,NaN,NaN,NaN,NaN,134914,31210,-84631,-53421,47290,-12336,34954,34140,-15673,18467
2011-03-21T22:00:00Z,36.115,36.475,35.76,36.38,31526,-86708,-55182,47552,-10777,36775,32918,-14511,18407,NaN,NaN,NaN,NaN,135988,31526,-86708,-55182,47552,-10777,36775,32918,-14511,18407
2011-03-22T22:00:00Z,36.395,37.44,36.15,37.42,31526,-86708,-55182,47552,-10777,36775,32918,-14511,18407,NaN,NaN,NaN,NaN,135988,31526,-86708,-55182,47552,-10777,36775,32918,-14511,18407
2011-03-23T22:00:00Z,37.415,38.18,36.85,37.17,31526,-86708,-55182,47552,-10777,36775,32918,-14511,18407,NaN,NaN,NaN,NaN,135988,31526,-86708,-55182,47552,-10777,36775,32918,-14511,18407
2011-03-24T22:00:00Z,37.16,37.795,36.88,37.345,31526,-86708,-55182,47552,-10777,36775,32918,-14511,18407,NaN,NaN,NaN,NaN,135988,31526,-86708,-55182,47552,-10777,36775,32918,-14511,18407
2011-03-27T22:00:00Z,37.34,37.43,36.435,37.175,31526,-86708,-55182,47552,-10777,36775,32918,-14511,18407,NaN,NaN,NaN,NaN,135988,31526,-86708,-55182,47552,-10777,36775,32918,-14511,18407
2011-03-28T22:00:00Z,37.17,37.25,36.53,37.13,32587,-87882,-55295,47764,-10625,37139,35060,-16904,18156,NaN,NaN,NaN,NaN,138486,32587,-87882,-55295,47764,-10625,37139,35060,-16904,18156
2011-03-29T22:00:00Z,37.125,37.77,36.9,37.48,32587,-87882,-55295,47764,-10625,37139,35060,-16904,18156,NaN,NaN,NaN,NaN,138486,32587,-87882,-55295,47764,-10625,37139,35060,-16904,18156
2011-03-30T22:00:00Z,37.445,37.98,37.375,37.675,32587,-87882,-55295,47764,-10625,37139,35060,-16904,18156,NaN,NaN,NaN,NaN,138486,32587,-87882,-55295,47764,-10625,37139,35060,-16904,18156
2011-03-31T22:00:00Z,37.7,37.875,37.08,37.84,32587,-87882,-55295,47764,-10625,37139,35060,-16904,18156,NaN,NaN,NaN,NaN,138486,32587,-87882,-55295,47764,-10625,37139,35060,-16904,18156
2011-04-03T22:00:00Z,37.845,38.62,37.81,38.6,32587,-87882,-55295,47764,-10625,37139,35060,-16904,18156,NaN,NaN,NaN,NaN,138486,32587,-87882,-55295,47764,-10625,37139,35060,-16904,18156
2011-04-04T22:00:00Z,38.595,39.335,38.07,39.29,33413,-89827,-56414,48890,-12105,36785,35002,-15373,19629,NaN,NaN,NaN,NaN,143013,33413,-89827,-56414,48890,-12105,36785,35002,-15373,19629
2011-04-05T22:00:00Z,39.315,39.785,39.12,39.495,33413,-89827,-56414,48890,-12105,36785,35002,-15373,19629,NaN,NaN,NaN,NaN,143013,33413,-89827,-56414,48890,-12105,36785,35002,-15373,19629
2011-04-06T22:00:00Z,39.505,39.72,39.2,39.64,33413,-89827,-56414,48890,-12105,36785,35002,-15373,19629,NaN,NaN,NaN,NaN,143013,33413,-89827,-56414,48890,-12105,36785,35002,-15373,19629
2011-04-07T22:00:00Z,39.67,40.96,39.515,40.93,33413,-89827,-56414,48890,-12105,36785,35002,-15373,19629,NaN,NaN,NaN,NaN,143013,33413,-89827,-56414,48890,-12105,36785,35002,-15373,19629
2011-04-10T22:00:00Z,41,41.975,39.77,40.23,33413,-89827,-56414,48890,-12105,36785,35002,-15373,19629,NaN,NaN,NaN,NaN,143013,33413,-89827,-56414,48890,-12105,36785,35002,-15373,19629
2011-04-11T22:00:00Z,40.25,40.91,39.705,40.13,34794,-86073,-51279,46305,-13583,32722,34603,-16046,18557,NaN,NaN,NaN,NaN,144670,34794,-86073,-51279,46305,-13583,32722,34603,-16046,18557
2011-04-12T22:00:00Z,40.115,40.78,40.035,40.7,34794,-86073,-51279,46305,-13583,32722,34603,-16046,18557,NaN,NaN,NaN,NaN,144670,34794,-86073,-51279,46305,-13583,32722,34603,-16046,18557
2011-04-13T22:00:00Z,40.68,42.21,40.45,42.13,34794,-86073,-51279,46305,-13583,32722,34603,-16046,18557,NaN,NaN,NaN,NaN,144670,34794,-86073,-51279,46305,-13583,32722,34603,-16046,18557
2011-04-14T22:00:00Z,42.155,43.05,41.815,43.05,34794,-86073,-51279,46305,-13583,32722,34603,-16046,18557,NaN,NaN,NaN,NaN,144670,34794,-86073,-51279,46305,-13583,32722,34603,-16046,18557
2011-04-17T22:00:00Z,43.035,43.56,42.2,43.385,34794,-86073,-51279,46305,-13583,32722,34603,-16046,18557,NaN,NaN,NaN,NaN,144670,34794,-86073,-51279,46305,-13583,32722,34603,-16046,18557
2011-04-18T22:00:00Z,43.425,44.175,42.755,43.95,34043,-86735,-52692,48325,-14559,33766,35162,-16236,18926,NaN,NaN,NaN,NaN,144981,34043,-86735,-52692,48325,-14559,33766,35162,-16236,18926
2011-04-19T22:00:00Z,43.965,45.4,43.835,45.24,34043,-86735,-52692,48325,-14559,33766,35162,-16236,18926,NaN,NaN,NaN,NaN,144981,34043,-86735,-52692,48325,-14559,33766,35162,-16236,18926
2011-04-20T22:00:00Z,45.2,46.69,45.06,46.605,34043,-86735,-52692,48325,-14559,33766,35162,-16236,18926,NaN,NaN,NaN,NaN,144981,34043,-86735,-52692,48325,-14559,33766,35162,-16236,18926
2011-04-24T22:00:00Z,47.25,49.82,45.645,46.97,34043,-86735,-52692,48325,-14559,33766,35162,-16236,18926,NaN,NaN,NaN,NaN,144981,34043,-86735,-52692,48325,-14559,33766,35162,-16236,18926
2011-04-25T22:00:00Z,46.97,47.155,44.61,45.575,35763,-78297,-42534,43078,-18083,24995,36144,-18605,17539,NaN,NaN,NaN,NaN,143341,35763,-78297,-42534,43078,-18083,24995,36144,-18605,17539
2011-04-26T22:00:00Z,45.455,48.305,44.83,47.77,35763,-78297,-42534,43078,-18083,24995,36144,-18605,17539,NaN,NaN,NaN,NaN,143341,35763,-78297,-42534,43078,-18083,24995,36144,-18605,17539
2011-04-27T22:00:00Z,47.81,49.56,47.255,48.47,35763,-78297,-42534,43078,-18083,24995,36144,-18605,17539,NaN,NaN,NaN,NaN,143341,35763,-78297,-42534,43078,-18083,24995,36144,-18605,17539
2011-04-28T22:00:00Z,48.49,49.21,47.55,47.99,35763,-78297,-42534,43078,-18083,24995,36144,-18605,17539,NaN,NaN,NaN,NaN,143341,35763,-78297,-42534,43078,-18083,24995,36144,-18605,17539
2011-05-01T22:00:00Z,48.09,48.19,42.2,43.955,35763,-78297,-42534,43078,-18083,24995,36144,-18605,17539,NaN,NaN,NaN,NaN,143341,35763,-78297,-42534,43078,-18083,24995,36144,-18605,17539
2011-05-02T22:00:00Z,44.03,45.6,40.6,41.675,30743,-73203,-42460,42751,-19397,23354,34254,-15148,19106,NaN,NaN,NaN,NaN,131907,30743,-73203,-42460,42751,-19397,23354,34254,-15148,19106
2011-05-03T22:00:00Z,41.665,42.325,38.94,39.41,30743,-73203,-42460,42751,-19397,23354,34254,-15148,19106,NaN,NaN,NaN,NaN,131907,30743,-73203,-42460,42751,-19397,23354,34254,-15148,19106
2011-05-04T22:00:00Z,39.2,39.565,34.25,34.685,30743,-73203,-42460,42751,-19397,23354,34254,-15148,19106,NaN,NaN,NaN,NaN,131907,30743,-73203,-42460,42751,-19397,23354,34254,-15148,19106
2011-05-05T22:00:00Z,34.79,36.43,33.035,35.635,30743,-73203,-42460,42751,-19397,23354,34254,-15148,19106,NaN,NaN,NaN,NaN,131907,30743,-73203,-42460,42751,-19397,23354,34254,-15148,19106
2011-05-08T22:00:00Z,35.69,37.975,35.19,37.73,30743,-73203,-42460,42751,-19397,23354,34254,-15148,19106,NaN,NaN,NaN,NaN,131907,30743,-73203,-42460,42751,-19397,23354,34254,-15148,19106
2011-05-09T22:00:00Z,37.735,38.82,37.3,38.495,33266,-74602,-41336,34239,-10753,23486,31043,-13193,17850,NaN,NaN,NaN,NaN,123537,33266,-74602,-41336,34239,-10753,23486,31043,-13193,17850
2011-05-10T22:00:00Z,38.52,39.47,35.015,35.085,33266,-74602,-41336,34239,-10753,23486,31043,-13193,17850,NaN,NaN,NaN,NaN,123537,33266,-74602,-41336,34239,-10753,23486,31043,-13193,17850
2011-05-11T22:00:00Z,35.11,35.89,32.3,34.62,33266,-74602,-41336,34239,-10753,23486,31043,-13193,17850,NaN,NaN,NaN,NaN,123537,33266,-74602,-41336,34239,-10753,23486,31043,-13193,17850
2011-05-12T22:00:00Z,34.595,36.45,33.915,35.345,33266,-74602,-41336,34239,-10753,23486,31043,-13193,17850,NaN,NaN,NaN,NaN,123537,33266,-74602,-41336,34239,-10753,23486,31043,-13193,17850
2011-05-15T22:00:00Z,35.245,35.4,33.48,33.61,33266,-74602,-41336,34239,-10753,23486,31043,-13193,17850,NaN,NaN,NaN,NaN,123537,33266,-74602,-41336,34239,-10753,23486,31043,-13193,17850
2011-05-16T22:00:00Z,33.58,34.38,32.96,33.92,36082,-70099,-34017,30936,-13501,17435,28781,-12199,16582,NaN,NaN,NaN,NaN,120227,36082,-70099,-34017,30936,-13501,17435,28781,-12199,16582
2011-05-17T22:00:00Z,33.975,35.55,33.85,35.035,36082,-70099,-34017,30936,-13501,17435,28781,-12199,16582,NaN,NaN,NaN,NaN,120227,36082,-70099,-34017,30936,-13501,17435,28781,-12199,16582
2011-05-18T22:00:00Z,35.095,35.75,34.525,34.95,36082,-70099,-34017,30936,-13501,17435,28781,-12199,16582,NaN,NaN,NaN,NaN,120227,36082,-70099,-34017,30936,-13501,17435,28781,-12199,16582
2011-05-19T22:00:00Z,34.96,35.57,34.19,35.075,36082,-70099,-34017,30936,-13501,17435,28781,-12199,16582,NaN,NaN,NaN,NaN,120227,36082,-70099,-34017,30936,-13501,17435,28781,-12199,16582
2011-05-22T22:00:00Z,35.015,35.4,34.34,35.075,36082,-70099,-34017,30936,-13501,17435,28781,-12199,16582,NaN,NaN,NaN,NaN,120227,36082,-70099,-34017,30936,-13501,17435,28781,-12199,16582
2011-05-23T22:00:00Z,35.075,36.765,34.88,36.65,33663,-68622,-34959,31754,-14171,17583,28598,-11222,17376,NaN,NaN,NaN,NaN,121395,33663,-68622,-34959,31754,-14171,17583,28598,-11222,17376
2011-05-24T22:00:00Z,36.64,37.965,36.23,37.92,33663,-68622,-34959,31754,-14171,17583,28598,-11222,17376,NaN,NaN,NaN,NaN,121395,33663,-68622,-34959,31754,-14171,17583,28598,-11222,17376
2011-05-25T22:00:00Z,37.92,38.845,36.265,37.22,33663,-68622,-34959,31754,-14171,17583,28598,-11222,17376,NaN,NaN,NaN,NaN,121395,33663,-68622,-34959,31754,-14171,17583,28598,-11222,17376
2011-05-26T22:00:00Z,37.25,38.195,37.2,38.025,33663,-68622,-34959,31754,-14171,17583,28598,-11222,17376,NaN,NaN,NaN,NaN,121395,33663,-68622,-34959,31754,-14171,17583,28598,-11222,17376
2011-05-29T22:00:00Z,37.995,38.765,37.76,38.48,36702,-71025,-34323,28870,-11288,17582,28040,-11299,16741,NaN,NaN,NaN,NaN,120853,36702,-71025,-34323,28870,-11288,17582,28040,-11299,16741
2011-05-31T22:00:00Z,38.49,38.5,36.355,36.83,36702,-71025,-34323,28870,-11288,17582,28040,-11299,16741,NaN,NaN,NaN,NaN,120853,36702,-71025,-34323,28870,-11288,17582,28040,-11299,16741
2011-06-01T22:00:00Z,36.86,37.415,35.545,36.18,36702,-71025,-34323,28870,-11288,17582,28040,-11299,16741,NaN,NaN,NaN,NaN,120853,36702,-71025,-34323,28870,-11288,17582,28040,-11299,16741
2011-06-02T22:00:00Z,36.21,36.435,35.065,36.285,36702,-71025,-34323,28870,-11288,17582,28040,-11299,16741,NaN,NaN,NaN,NaN,120853,36702,-71025,-34323,28870,-11288,17582,28040,-11299,16741
2011-06-05T22:00:00Z,36.24,37.285,36.22,36.78,36702,-71025,-34323,28870,-11288,17582,28040,-11299,16741,NaN,NaN,NaN,NaN,120853,36702,-71025,-34323,28870,-11288,17582,28040,-11299,16741
2011-06-06T22:00:00Z,36.76,37.52,36.44,37.12,37428,-70756,-33328,28761,-11762,16999,27561,-11232,16329,NaN,NaN,NaN,NaN,121191,37428,-70756,-33328,28761,-11762,16999,27561,-11232,16329
2011-06-07T22:00:00Z,37.15,37.25,36.065,36.81,37428,-70756,-33328,28761,-11762,16999,27561,-11232,16329,NaN,NaN,NaN,NaN,121191,37428,-70756,-33328,28761,-11762,16999,27561,-11232,16329
2011-06-08T22:00:00Z,36.84,37.64,36.565,37.57,37428,-70756,-33328,28761,-11762,16999,27561,-11232,16329,NaN,NaN,NaN,NaN,121191,37428,-70756,-33328,28761,-11762,16999,27561,-11232,16329
2011-06-09T22:00:00Z,37.56,37.86,36.08,36.195,37428,-70756,-33328,28761,-11762,16999,27561,-11232,16329,NaN,NaN,NaN,NaN,121191,37428,-70756,-33328,28761,-11762,16999,27561,-11232,16329
2011-06-12T22:00:00Z,36.19,36.35,34.55,34.745,37428,-70756,-33328,28761,-11762,16999,27561,-11232,16329,NaN,NaN,NaN,NaN,121191,37428,-70756,-33328,28761,-11762,16999,27561,-11232,16329
2011-06-13T22:00:00Z,34.77,35.6,34.4,35.38,38561,-71785,-33224,29261,-12674,16587,27825,-11188,16637,NaN,NaN,NaN,NaN,118846,38561,-71785,-33224,29261,-12674,16587,27825,-11188,16637
2011-06-14T22:00:00Z,35.44,35.975,34.81,35.815,38561,-71785,-33224,29261,-12674,16587,27825,-11188,16637,NaN,NaN,NaN,NaN,118846,38561,-71785,-33224,29261,-12674,16587,27825,-11188,16637
2011-06-15T22:00:00Z,35.8,35.815,35.155,35.55,38561,-71785,-33224,29261,-12674,16587,27825,-11188,16637,NaN,NaN,NaN,NaN,118846,38561,-71785,-33224,29261,-12674,16587,27825,-11188,16637
2011-06-16T22:00:00Z,35.55,35.92,34.925,35.9,38561,-71785,-33224,29261,-12674,16587,27825,-11188,16637,NaN,NaN,NaN,NaN,118846,38561,-71785,-33224,29261,-12674,16587,27825,-11188,16637
2011-06-19T22:00:00Z,35.99,36.2,35.26,36.025,38561,-71785,-33224,29261,-12674,16587,27825,-11188,16637,NaN,NaN,NaN,NaN,118846,38561,-71785,-33224,29261,-12674,16587,27825,-11188,16637
2011-06-20T22:00:00Z,36.025,36.575,35.665,36.37,35382,-70946,-35564,30454,-11131,19323,28570,-12329,16241,NaN,NaN,NaN,NaN,120238,35382,-70946,-35564,30454,-11131,19323,28570,-12329,16241
2011-06-21T22:00:00Z,36.425,36.77,35.895,36.305,35382,-70946,-35564,30454,-11131,19323,28570,-12329,16241,NaN,NaN,NaN,NaN,120238,35382,-70946,-35564,30454,-11131,19323,28570,-12329,16241
2011-06-22T22:00:00Z,36.335,36.36,34.63,35.285,35382,-70946,-35564,30454,-11131,19323,28570,-12329,16241,NaN,NaN,NaN,NaN,120238,35382,-70946,-35564,30454,-11131,19323,28570,-12329,16241
2011-06-23T22:00:00Z,35.315,35.42,34.145,34.34,35382,-70946,-35564,30454,-11131,19323,28570,-12329,16241,NaN,NaN,NaN,NaN,120238,35382,-70946,-35564,30454,-11131,19323,28570,-12329,16241
2011-06-26T22:00:00Z,34.3,34.33,33.38,33.575,35382,-70946,-35564,30454,-11131,19323,28570,-12329,16241,NaN,NaN,NaN,NaN,120238,35382,-70946,-35564,30454,-11131,19323,28570,-12329,16241
2011-06-27T22:00:00Z,33.58,34.135,33.51,33.94,36894,-66060,-29166,27439,-11441,15998,26264,-13096,13168,NaN,NaN,NaN,NaN,114330,36894,-66060,-29166,27439,-11441,15998,26264,-13096,13168
2011-06-28T22:00:00Z,33.975,34.95,33.86,34.875,36894,-66060,-29166,27439,-11441,15998,26264,-13096,13168,NaN,NaN,NaN,NaN,114330,36894,-66060,-29166,27439,-11441,15998,26264,-13096,13168
2011-06-29T22:00:00Z,34.89,35.16,34.47,34.72,36894,-66060,-29166,27439,-11441,15998,26264,-13096,13168,NaN,NaN,NaN,NaN,114330,36894,-66060,-29166,27439,-11441,15998,26264,-13096,13168
2011-06-30T22:00:00Z,34.745,34.845,33.47,33.865,36894,-66060,-29166,27439,-11441,15998,26264,-13096,13168,NaN,NaN,NaN,NaN,114330,36894,-66060,-29166,27439,-11441,15998,26264,-13096,13168
2011-07-03T22:00:00Z,33.92,35.69,33.795,35.475,33548,-66999,-33451,28131,-9296,18835,27007,-12391,14616,NaN,NaN,NaN,NaN,111251,33548,-66999,-33451,28131,-9296,18835,27007,-12391,14616
2011-07-05T22:00:00Z,35.49,36.285,35.065,35.9,33548,-66999,-33451,28131,-9296,18835,27007,-12391,14616,NaN,NaN,NaN,NaN,111251,33548,-66999,-33451,28131,-9296,18835,27007,-12391,14616
2011-07-06T22:00:00Z,35.93,36.65,35.7,36.43,33548,-66999,-33451,28131,-9296,18835,27007,-12391,14616,NaN,NaN,NaN,NaN,111251,33548,-66999,-33451,28131,-9296,18835,27007,-12391,14616
2011-07-07T22:00:00Z,36.455,36.895,36.01,36.685,33548,-66999,-33451,28131,-9296,18835,27007,-12391,14616,NaN,NaN,NaN,NaN,111251,33548,-66999,-33451,28131,-9296,18835,27007,-12391,14616
2011-07-10T22:00:00Z,36.725,36.95,35.54,35.75,33548,-66999,-33451,28131,-9296,18835,27007,-12391,14616,NaN,NaN,NaN,NaN,111251,33548,-66999,-33451,28131,-9296,18835,27007,-12391,14616
2011-07-11T22:00:00Z,35.82,36.45,34.81,36.165,30712,-68202,-37490,29967,-9464,20503,28247,-11260,16987,NaN,NaN,NaN,NaN,112795,30712,-68202,-37490,29967,-9464,20503,28247,-11260,16987
2011-07-12T22:00:00Z,36.165,38.34,36.015,38.22,30712,-68202,-37490,29967,-9464,20503,28247,-11260,16987,NaN,NaN,NaN,NaN,112795,30712,-68202,-37490,29967,-9464,20503,28247,-11260,16987
2011-07-13T22:00:00Z,38.275,39.395,38.01,38.185,30712,-68202,-37490,29967,-9464,20503,28247,-11260,16987,NaN,NaN,NaN,NaN,112795,30712,-68202,-37490,29967,-9464,20503,28247,-11260,16987
2011-07-14T22:00:00Z,38.195,39.33,37.89,39.28,30712,-68202,-37490,29967,-9464,20503,28247,-11260,16987,NaN,NaN,NaN,NaN,112795,30712,-68202,-37490,29967,-9464,20503,28247,-11260,16987
2011-07-17T22:00:00Z,39.35,40.735,39.28,40.56,30712,-68202,-37490,29967,-9464,20503,28247,-11260,16987,NaN,NaN,NaN,NaN,112795,30712,-68202,-37490,29967,-9464,20503,28247,-11260,16987
2011-07-18T22:00:00Z,40.59,40.88,38.61,39.025,31009,-70522,-39513,34248,-13499,20749,30207,-11443,18764,NaN,NaN,NaN,NaN,115999,31009,-70522,-39513,34248,-13499,20749,30207,-11443,18764
2011-07-19T22:00:00Z,39.03,40.15,38.215,40.135,31009,-70522,-39513,34248,-13499,20749,30207,-11443,18764,NaN,NaN,NaN,NaN,115999,31009,-70522,-39513,34248,-13499,20749,30207,-11443,18764
2011-07-20T22:00:00Z,40.11,40.375,38.86,39.325,31009,-70522,-39513,34248,-13499,20749,30207,-11443,18764,NaN,NaN,NaN,NaN,115999,31009,-70522,-39513,34248,-13499,20749,30207,-11443,18764
2011-07-21T22:00:00Z,39.335,40.3,38.865,40.1,31009,-70522,-39513,34248,-13499,20749,30207,-11443,18764,NaN,NaN,NaN,NaN,115999,31009,-70522,-39513,34248,-13499,20749,30207,-11443,18764
2011-07-24T22:00:00Z,40.35,41.105,39.87,40.4,31009,-70522,-39513,34248,-13499,20749,30207,-11443,18764,NaN,NaN,NaN,NaN,115999,31009,-70522,-39513,34248,-13499,20749,30207,-11443,18764
2011-07-25T22:00:00Z,40.4,40.985,40.015,40.92,29990,-72763,-42773,37358,-13445,23913,30883,-12023,18860,NaN,NaN,NaN,NaN,119563,29990,-72763,-42773,37358,-13445,23913,30883,-12023,18860
2011-07-26T22:00:00Z,40.93,41.465,40.115,40.25,29990,-72763,-42773,37358,-13445,23913,30883,-12023,18860,NaN,NaN,NaN,NaN,119563,29990,-72763,-42773,37358,-13445,23913,30883,-12023,18860
2011-07-27T22:00:00Z,40.25,40.595,39.34,39.745,29990,-72763,-42773,37358,-13445,23913,30883,-12023,18860,NaN,NaN,NaN,NaN,119563,29990,-72763,-42773,37358,-13445,23913,30883,-12023,18860
2011-07-28T22:00:00Z,39.725,40.41,39.3,39.89,29990,-72763,-42773,37358,-13445,23913,30883,-12023,18860,NaN,NaN,NaN,NaN,119563,29990,-72763,-42773,37358,-13445,23913,30883,-12023,18860
2011-07-31T22:00:00Z,39.645,40.07,39.04,39.28,29990,-72763,-42773,37358,-13445,23913,30883,-12023,18860,NaN,NaN,NaN,NaN,119563,29990,-72763,-42773,37358,-13445,23913,30883,-12023,18860
2011-08-01T22:00:00Z,39.265,40.885,39.21,40.86,30441,-75029,-44588,38265,-13414,24851,30874,-11137,19737,NaN,NaN,NaN,NaN,120385,30441,-75029,-44588,38265,-13414,24851,30874,-11137,19737
2011-08-02T22:00:00Z,40.87,42.06,40.575,41.74,30441,-75029,-44588,38265,-13414,24851,30874,-11137,19737,NaN,NaN,NaN,NaN,120385,30441,-75029,-44588,38265,-13414,24851,30874,-11137,19737
2011-08-03T22:00:00Z,41.755,42.295,38.47,38.9,30441,-75029,-44588,38265,-13414,24851,30874,-11137,19737,NaN,NaN,NaN,NaN,120385,30441,-75029,-44588,38265,-13414,24851,30874,-11137,19737
2011-08-04T22:00:00Z,38.79,39.87,37.555,38.33,30441,-75029,-44588,38265,-13414,24851,30874,-11137,19737,NaN,NaN,NaN,NaN,120385,30441,-75029,-44588,38265,-13414,24851,30874,-11137,19737
2011-08-07T22:00:00Z,38.825,40.4,38.32,39.05,30441,-75029,-44588,38265,-13414,24851,30874,-11137,19737,NaN,NaN,NaN,NaN,120385,30441,-75029,-44588,38265,-13414,24851,30874,-11137,19737
2011-08-08T22:00:00Z,39.06,39.655,37.025,37.72,36394,-71735,-35341,32101,-13713,18388,28683,-11730,16953,NaN,NaN,NaN,NaN,115939,36394,-71735,-35341,32101,-13713,18388,28683,-11730,16953
2011-08-09T22:00:00Z,37.78,39.58,37.615,39.295,36394,-71735,-35341,32101,-13713,18388,28683,-11730,16953,NaN,NaN,NaN,NaN,115939,36394,-71735,-35341,32101,-13713,18388,28683,-11730,16953
2011-08-10T22:00:00Z,39.285,39.86,37.935,38.645,36394,-71735,-35341,32101,-13713,18388,28683,-11730,16953,NaN,NaN,NaN,NaN,115939,36394,-71735,-35341,32101,-13713,18388,28683,-11730,16953
2011-08-11T22:00:00Z,38.78,39.235,38.215,39.07,36394,-71735,-35341,32101,-13713,18388,28683,-11730,16953,NaN,NaN,NaN,NaN,115939,36394,-71735,-35341,32101,-13713,18388,28683,-11730,16953
2011-08-14T22:00:00Z,39.075,39.99,38.69,39.93,36394,-71735,-35341,32101,-13713,18388,28683,-11730,16953,NaN,NaN,NaN,NaN,115939,36394,-71735,-35341,32101,-13713,18388,28683,-11730,16953
2011-08-15T22:00:00Z,39.945,40.175,39.29,39.915,34555,-75236,-40681,32697,-10769,21928,29010,-10257,18753,NaN,NaN,NaN,NaN,116007,34555,-75236,-40681,32697,-10769,21928,29010,-10257,18753
2011-08-16T22:00:00Z,39.915,40.615,39.785,40.25,34555,-75236,-40681,32697,-10769,21928,29010,-10257,18753,NaN,NaN,NaN,NaN,116007,34555,-75236,-40681,32697,-10769,21928,29010,-10257,18753
2011-08-17T22:00:00Z,40.285,40.95,40.08,40.66,34555,-75236,-40681,32697,-10769,21928,29010,-10257,18753,NaN,NaN,NaN,NaN,116007,34555,-75236,-40681,32697,-10769,21928,29010,-10257,18753
2011-08-18T22:00:00Z,40.64,42.97,40.56,42.93,34555,-75236,-40681,32697,-10769,21928,29010,-10257,18753,NaN,NaN,NaN,NaN,116007,34555,-75236,-40681,32697,-10769,21928,29010,-10257,18753
2011-08-21T22:00:00Z,43.575,44.09,42.475,43.74,34555,-75236,-40681,32697,-10769,21928,29010,-10257,18753,NaN,NaN,NaN,NaN,116007,34555,-75236,-40681,32697,-10769,21928,29010,-10257,18753
2011-08-22T22:00:00Z,43.765,44.275,41.5,41.895,34281,-81380,-47099,38756,-11745,27011,30387,-10299,20088,NaN,NaN,NaN,NaN,122543,34281,-81380,-47099,38756,-11745,27011,30387,-10299,20088
2011-08-23T22:00:00Z,41.95,42.485,39.09,39.71,34281,-81380,-47099,38756,-11745,27011,30387,-10299,20088,NaN,NaN,NaN,NaN,122543,34281,-81380,-47099,38756,-11745,27011,30387,-10299,20088
2011-08-24T22:00:00Z,39.68,41.19,38.76,41.145,34281,-81380,-47099,38756,-11745,27011,30387,-10299,20088,NaN,NaN,NaN,NaN,122543,34281,-81380,-47099,38756,-11745,27011,30387,-10299,20088
2011-08-25T22:00:00Z,41.16,41.725,40.12,41.725,34281,-81380,-47099,38756,-11745,27011,30387,-10299,20088,NaN,NaN,NaN,NaN,122543,34281,-81380,-47099,38756,-11745,27011,30387,-10299,20088
2011-08-28T22:00:00Z,41.74,41.8,40.29,40.9,34281,-81380,-47099,38756,-11745,27011,30387,-10299,20088,NaN,NaN,NaN,NaN,122543,34281,-81380,-47099,38756,-11745,27011,30387,-10299,20088
2011-08-29T22:00:00Z,40.89,41.73,40.455,41.385,31944,-77092,-45148,36537,-9694,26843,26464,-8159,18305,NaN,NaN,NaN,NaN,112375,31944,-77092,-45148,36537,-9694,26843,26464,-8159,18305
2011-08-30T22:00:00Z,41.385,42.095,41.135,41.56,31944,-77092,-45148,36537,-9694,26843,26464,-8159,18305,NaN,NaN,NaN,NaN,112375,31944,-77092,-45148,36537,-9694,26843,26464,-8159,18305
2011-08-31T22:00:00Z,41.575,41.885,41.205,41.54,31944,-77092,-45148,36537,-9694,26843,26464,-8159,18305,NaN,NaN,NaN,NaN,112375,31944,-77092,-45148,36537,-9694,26843,26464,-8159,18305
2011-09-01T22:00:00Z,41.535,43.5,41.535,43.3,31944,-77092,-45148,36537,-9694,26843,26464,-8159,18305,NaN,NaN,NaN,NaN,112375,31944,-77092,-45148,36537,-9694,26843,26464,-8159,18305
2011-09-04T22:00:00Z,42.99,43.445,41.6,42.005,30563,-77869,-47306,37185,-9978,27207,28736,-8637,20099,NaN,NaN,NaN,NaN,113449,30563,-77869,-47306,37185,-9978,27207,28736,-8637,20099
2011-09-06T22:00:00Z,42,42.275,40.385,41.605,30563,-77869,-47306,37185,-9978,27207,28736,-8637,20099,NaN,NaN,NaN,NaN,113449,30563,-77869,-47306,37185,-9978,27207,28736,-8637,20099
2011-09-07T22:00:00Z,41.655,42.725,41.285,42.39,30563,-77869,-47306,37185,-9978,27207,28736,-8637,20099,NaN,NaN,NaN,NaN,113449,30563,-77869,-47306,37185,-9978,27207,28736,-8637,20099
2011-09-08T22:00:00Z,42.37,42.785,41.2,41.43,30563,-77869,-47306,37185,-9978,27207,28736,-8637,20099,NaN,NaN,NaN,NaN,113449,30563,-77869,-47306,37185,-9978,27207,28736,-8637,20099
2011-09-11T22:00:00Z,41.49,41.6,39.75,40.36,30563,-77869,-47306,37185,-9978,27207,28736,-8637,20099,NaN,NaN,NaN,NaN,113449,30563,-77869,-47306,37185,-9978,27207,28736,-8637,20099
2011-09-12T22:00:00Z,40.36,41.385,40.09,41.195,31851,-77238,-45387,36588,-10301,26287,27197,-8097,19100,NaN,NaN,NaN,NaN,112726,31851,-77238,-45387,36588,-10301,26287,27197,-8097,19100
2011-09-13T22:00:00Z,41.155,41.41,40.31,40.825,31851,-77238,-45387,36588,-10301,26287,27197,-8097,19100,NaN,NaN,NaN,NaN,112726,31851,-77238,-45387,36588,-10301,26287,27197,-8097,19100
2011-09-14T22:00:00Z,40.835,40.85,39.4,39.97,31851,-77238,-45387,36588,-10301,26287,27197,-8097,19100,NaN,NaN,NaN,NaN,112726,31851,-77238,-45387,36588,-10301,26287,27197,-8097,19100
2011-09-15T22:00:00Z,39.945,40.985,39.455,40.705,31851,-77238,-45387,36588,-10301,26287,27197,-8097,19100,NaN,NaN,NaN,NaN,112726,31851,-77238,-45387,36588,-10301,26287,27197,-8097,19100
2011-09-18T22:00:00Z,40.675,40.9,39.03,39.71,31851,-77238,-45387,36588,-10301,26287,27197,-8097,19100,NaN,NaN,NaN,NaN,112726,31851,-77238,-45387,36588,-10301,26287,27197,-8097,19100
2011-09-19T22:00:00Z,39.73,40.375,39.23,39.805,32373,-73081,-40708,33947,-11409,22538,28187,-10017,18170,NaN,NaN,NaN,NaN,112103,32373,-73081,-40708,33947,-11409,22538,28187,-10017,18170
2011-09-20T22:00:00Z,39.825,40.78,39.44,39.67,32373,-73081,-40708,33947,-11409,22538,28187,-10017,18170,NaN,NaN,NaN,NaN,112103,32373,-73081,-40708,33947,-11409,22538,28187,-10017,18170
2011-09-21T22:00:00Z,39.67,39.85,35.525,35.9,32373,-73081,-40708,33947,-11409,22538,28187,-10017,18170,NaN,NaN,NaN,NaN,112103,32373,-73081,-40708,33947,-11409,22538,28187,-10017,18170
2011-09-22T22:00:00Z,35.885,36.68,29.845,31.02,32373,-73081,-40708,33947,-11409,22538,28187,-10017,18170,NaN,NaN,NaN,NaN,112103,32373,-73081,-40708,33947,-11409,22538,28187,-10017,18170
2011-09-25T22:00:00Z,30.85,30.97,26.15,30.785,32373,-73081,-40708,33947,-11409,22538,28187,-10017,18170,NaN,NaN,NaN,NaN,112103,32373,-73081,-40708,33947,-11409,22538,28187,-10017,18170
2011-09-26T22:00:00Z,30.7,33.585,30.275,31.91,38025,-62287,-24262,25153,-9728,15425,20325,-11488,8837,NaN,NaN,NaN,NaN,102014,38025,-62287,-24262,25153,-9728,15425,20325,-11488,8837
2011-09-27T22:00:00Z,31.94,32.88,29.485,29.965,38025,-62287,-24262,25153,-9728,15425,20325,-11488,8837,NaN,NaN,NaN,NaN,102014,38025,-62287,-24262,25153,-9728,15425,20325,-11488,8837
2011-09-28T22:00:00Z,29.895,31.535,29.095,30.695,38025,-62287,-24262,25153,-9728,15425,20325,-11488,8837,NaN,NaN,NaN,NaN,102014,38025,-62287,-24262,25153,-9728,15425,20325,-11488,8837
2011-09-29T22:00:00Z,30.605,31.335,29.66,29.98,38025,-62287,-24262,25153,-9728,15425,20325,-11488,8837,NaN,NaN,NaN,NaN,102014,38025,-62287,-24262,25153,-9728,15425,20325,-11488,8837
2011-10-02T22:00:00Z,29.935,31.43,29.67,30.495,38025,-62287,-24262,25153,-9728,15425,20325,-11488,8837,NaN,NaN,NaN,NaN,102014,38025,-62287,-24262,25153,-9728,15425,20325,-11488,8837
2011-10-03T22:00:00Z,30.49,31.355,28.665,30.24,39584,-58507,-18923,23859,-11959,11900,18879,-11856,7023,NaN,NaN,NaN,NaN,101102,39584,-58507,-18923,23859,-11959,11900,18879,-11856,7023
2011-10-04T22:00:00Z,30.255,30.64,28.435,30.47,39584,-58507,-18923,23859,-11959,11900,18879,-11856,7023,NaN,NaN,NaN,NaN,101102,39584,-58507,-18923,23859,-11959,11900,18879,-11856,7023
2011-10-05T22:00:00Z,30.51,32.21,30.24,31.935,39584,-58507,-18923,23859,-11959,11900,18879,-11856,7023,NaN,NaN,NaN,NaN,101102,39584,-58507,-18923,23859,-11959,11900,18879,-11856,7023
2011-10-06T22:00:00Z,31.94,32.85,30.71,31.23,39584,-58507,-18923,23859,-11959,11900,18879,-11856,7023,NaN,NaN,NaN,NaN,101102,39584,-58507,-18923,23859,-11959,11900,18879,-11856,7023
2011-10-09T22:00:00Z,31.34,32.36,31.215,32.085,39584,-58507,-18923,23859,-11959,11900,18879,-11856,7023,NaN,NaN,NaN,NaN,101102,39584,-58507,-18923,23859,-11959,11900,18879,-11856,7023
2011-10-10T22:00:00Z,32.105,32.58,31.35,32.14,37590,-58418,-20828,23571,-11623,11948,19709,-10829,8880,NaN,NaN,NaN,NaN,99698,37590,-58418,-20828,23571,-11623,11948,19709,-10829,8880
2011-10-11T22:00:00Z,32.155,33.1,31.86,32.565,37590,-58418,-20828,23571,-11623,11948,19709,-10829,8880,NaN,NaN,NaN,NaN,99698,37590,-58418,-20828,23571,-11623,11948,19709,-10829,8880
2011-10-12T22:00:00Z,32.55,32.8,31.455,31.825,37590,-58418,-20828,23571,-11623,11948,19709,-10829,8880,NaN,NaN,NaN,NaN,99698,37590,-58418,-20828,23571,-11623,11948,19709,-10829,8880
2011-10-13T22:00:00Z,31.805,32.565,31.21,32.17,37590,-58418,-20828,23571,-11623,11948,19709,-10829,8880,NaN,NaN,NaN,NaN,99698,37590,-58418,-20828,23571,-11623,11948,19709,-10829,8880
2011-10-16T22:00:00Z,32.22,32.675,31.475,31.83,37590,-58418,-20828,23571,-11623,11948,19709,-10829,8880,NaN,NaN,NaN,NaN,99698,37590,-58418,-20828,23571,-11623,11948,19709,-10829,8880
2011-10-17T22:00:00Z,31.85,32.355,30.37,32.045,40121,-58895,-18774,23005,-12653,10352,20026,-11604,8422,NaN,NaN,NaN,NaN,103357,40121,-58895,-18774,23005,-12653,10352,20026,-11604,8422
2011-10-18T22:00:00Z,32.05,32.15,30.9,31.28,40121,-58895,-18774,23005,-12653,10352,20026,-11604,8422,NaN,NaN,NaN,NaN,103357,40121,-58895,-18774,23005,-12653,10352,20026,-11604,8422
2011-10-19T22:00:00Z,31.235,31.375,29.935,30.555,40121,-58895,-18774,23005,-12653,10352,20026,-11604,8422,NaN,NaN,NaN,NaN,103357,40121,-58895,-18774,23005,-12653,10352,20026,-11604,8422
2011-10-20T22:00:00Z,30.555,31.515,30.28,31.36,40121,-58895,-18774,23005,-12653,10352,20026,-11604,8422,NaN,NaN,NaN,NaN,103357,40121,-58895,-18774,23005,-12653,10352,20026,-11604,8422
2011-10-23T22:00:00Z,31.39,32.04,31.23,31.75,40121,-58895,-18774,23005,-12653,10352,20026,-11604,8422,NaN,NaN,NaN,NaN,103357,40121,-58895,-18774,23005,-12653,10352,20026,-11604,8422
2011-10-24T22:00:00Z,31.76,33.385,31.355,33.195,38176,-61692,-23516,23660,-12638,11022,23650,-11156,12494,NaN,NaN,NaN,NaN,107066,38176,-61692,-23516,23660,-12638,11022,23650,-11156,12494
2011-10-25T22:00:00Z,33.17,33.95,32.905,33.41,38176,-61692,-23516,23660,-12638,11022,23650,-11156,12494,NaN,NaN,NaN,NaN,107066,38176,-61692,-23516,23660,-12638,11022,23650,-11156,12494
2011-10-26T22:00:00Z,33.43,35.375,33.145,35.125,38176,-61692,-23516,23660,-12638,11022,23650,-11156,12494,NaN,NaN,NaN,NaN,107066,38176,-61692,-23516,23660,-12638,11022,23650,-11156,12494
2011-10-27T22:00:00Z,35.13,35.7,34.715,35.37,38176,-61692,-23516,23660,-12638,11022,23650,-11156,12494,NaN,NaN,NaN,NaN,107066,38176,-61692,-23516,23660,-12638,11022,23650,-11156,12494
2011-10-30T22:00:00Z,35.205,35.45,34.085,34.2,38176,-61692,-23516,23660,-12638,11022,23650,-11156,12494,NaN,NaN,NaN,NaN,107066,38176,-61692,-23516,23660,-12638,11022,23650,-11156,12494
2011-10-31T22:00:00Z,34.19,34.725,32.105,33.47,39207,-62049,-22842,24084,-11910,12174,21772,-11104,10668,NaN,NaN,NaN,NaN,108675,39207,-62049,-22842,24084,-11910,12174,21772,-11104,10668
2011-11-01T22:00:00Z,33.485,34.435,33.1,34.27,39207,-62049,-22842,24084,-11910,12174,21772,-11104,10668,NaN,NaN,NaN,NaN,108675,39207,-62049,-22842,24084,-11910,12174,21772,-11104,10668
2011-11-02T22:00:00Z,34.295,34.905,33.27,34.485,39207,-62049,-22842,24084,-11910,12174,21772,-11104,10668,NaN,NaN,NaN,NaN,108675,39207,-62049,-22842,24084,-11910,12174,21772,-11104,10668
2011-11-03T22:00:00Z,34.565,34.75,33.81,34.145,39207,-62049,-22842,24084,-11910,12174,21772,-11104,10668,NaN,NaN,NaN,NaN,108675,39207,-62049,-22842,24084,-11910,12174,21772,-11104,10668
2011-11-06T23:00:00Z,34.084,35.01,33.855,34.98,39207,-62049,-22842,24084,-11910,12174,21772,-11104,10668,NaN,NaN,NaN,NaN,108675,39207,-62049,-22842,24084,-11910,12174,21772,-11104,10668
2011-11-07T23:00:00Z,34.98,35.35,34.505,34.905,41455,-66166,-24711,24414,-11474,12940,28252,-16481,11771,NaN,NaN,NaN,NaN,111841,41455,-66166,-24711,24414,-11474,12940,28252,-16481,11771
2011-11-08T23:00:00Z,34.975,35.255,33.745,34.045,41455,-66166,-24711,24414,-11474,12940,28252,-16481,11771,NaN,NaN,NaN,NaN,111841,41455,-66166,-24711,24414,-11474,12940,28252,-16481,11771
2011-11-09T23:00:00Z,34.085,34.34,33.13,34.025,41455,-66166,-24711,24414,-11474,12940,28252,-16481,11771,NaN,NaN,NaN,NaN,111841,41455,-66166,-24711,24414,-11474,12940,28252,-16481,11771
2011-11-10T23:00:00Z,34.07,34.85,33.665,34.63,41455,-66166,-24711,24414,-11474,12940,28252,-16481,11771,NaN,NaN,NaN,NaN,111841,41455,-66166,-24711,24414,-11474,12940,28252,-16481,11771
2011-11-13T23:00:00Z,34.715,34.92,33.95,34.2,41455,-66166,-24711,24414,-11474,12940,28252,-16481,11771,NaN,NaN,NaN,NaN,111841,41455,-66166,-24711,24414,-11474,12940,28252,-16481,11771
2011-11-14T23:00:00Z,34.24,34.835,33.75,34.59,38950,-65242,-26292,25822,-11375,14447,23438,-11593,11845,NaN,NaN,NaN,NaN,110513,38950,-65242,-26292,25822,-11375,14447,23438,-11593,11845
2011-11-15T23:00:00Z,34.58,34.63,33.57,33.7,38950,-65242,-26292,25822,-11375,14447,23438,-11593,11845,NaN,NaN,NaN,NaN,110513,38950,-65242,-26292,25822,-11375,14447,23438,-11593,11845
2011-11-16T23:00:00Z,33.7,33.98,31.04,31.675,38950,-65242,-26292,25822,-11375,14447,23438,-11593,11845,NaN,NaN,NaN,NaN,110513,38950,-65242,-26292,25822,-11375,14447,23438,-11593,11845
2011-11-17T23:00:00Z,31.68,32.6,30.925,32.42,38950,-65242,-26292,25822,-11375,14447,23438,-11593,11845,NaN,NaN,NaN,NaN,110513,38950,-65242,-26292,25822,-11375,14447,23438,-11593,11845
2011-11-20T23:00:00Z,32.4,32.415,30.65,31.615,38950,-65242,-26292,25822,-11375,14447,23438,-11593,11845,NaN,NaN,NaN,NaN,110513,38950,-65242,-26292,25822,-11375,14447,23438,-11593,11845
2011-11-21T23:00:00Z,31.575,33.04,31.16,32.77,40241,-61972,-21731,23577,-10953,12624,22432,-13325,9107,NaN,NaN,NaN,NaN,108548,40241,-61972,-21731,23577,-10953,12624,22432,-13325,9107
2011-11-22T23:00:00Z,32.785,32.87,31.22,31.75,40241,-61972,-21731,23577,-10953,12624,22432,-13325,9107,NaN,NaN,NaN,NaN,108548,40241,-61972,-21731,23577,-10953,12624,22432,-13325,9107
2011-11-23T23:00:00Z,31.815,32.22,30.935,30.95,40241,-61972,-21731,23577,-10953,12624,22432,-13325,9107,NaN,NaN,NaN,NaN,108548,40241,-61972,-21731,23577,-10953,12624,22432,-13325,9107
2011-11-27T23:00:00Z,31.26,32.285,31.245,32.03,40241,-61972,-21731,23577,-10953,12624,22432,-13325,9107,NaN,NaN,NaN,NaN,108548,40241,-61972,-21731,23577,-10953,12624,22432,-13325,9107
2011-11-28T23:00:00Z,32.12,32.24,31.53,31.96,38884,-59572,-20688,23816,-11722,12094,20156,-11562,8594,NaN,NaN,NaN,NaN,98959,38884,-59572,-20688,23816,-11722,12094,20156,-11562,8594
2011-11-29T23:00:00Z,31.99,32.995,31.12,32.87,38884,-59572,-20688,23816,-11722,12094,20156,-11562,8594,NaN,NaN,NaN,NaN,98959,38884,-59572,-20688,23816,-11722,12094,20156,-11562,8594
2011-11-30T23:00:00Z,32.865,33.495,32.53,32.875,38884,-59572,-20688,23816,-11722,12094,20156,-11562,8594,NaN,NaN,NaN,NaN,98959,38884,-59572,-20688,23816,-11722,12094,20156,-11562,8594
2011-12-01T23:00:00Z,32.86,33.74,32.365,32.69,38884,-59572,-20688,23816,-11722,12094,20156,-11562,8594,NaN,NaN,NaN,NaN,98959,38884,-59572,-20688,23816,-11722,12094,20156,-11562,8594
2011-12-04T23:00:00Z,32.67,33.085,31.915,32.125,38884,-59572,-20688,23816,-11722,12094,20156,-11562,8594,NaN,NaN,NaN,NaN,98959,38884,-59572,-20688,23816,-11722,12094,20156,-11562,8594
2011-12-05T23:00:00Z,32.12,32.945,31.65,32.805,35493,-58012,-22519,23211,-10581,12630,20916,-11027,9889,NaN,NaN,NaN,NaN,95684,35493,-58012,-22519,23211,-10581,12630,20916,-11027,9889
2011-12-06T23:00:00Z,32.745,32.86,32.265,32.555,35493,-58012,-22519,23211,-10581,12630,20916,-11027,9889,NaN,NaN,NaN,NaN,95684,35493,-58012,-22519,23211,-10581,12630,20916,-11027,9889
2011-12-07T23:00:00Z,32.605,33.3,31.425,31.71,35493,-58012,-22519,23211,-10581,12630,20916,-11027,9889,NaN,NaN,NaN,NaN,95684,35493,-58012,-22519,23211,-10581,12630,20916,-11027,9889
2011-12-08T23:00:00Z,31.61,32.395,31.505,32.29,35493,-58012,-22519,23211,-10581,12630,20916,-11027,9889,NaN,NaN,NaN,NaN,95684,35493,-58012,-22519,23211,-10581,12630,20916,-11027,9889
2011-12-11T23:00:00Z,32.25,32.3,30.92,31.345,35493,-58012,-22519,23211,-10581,12630,20916,-11027,9889,NaN,NaN,NaN,NaN,95684,35493,-58012,-22519,23211,-10581,12630,20916,-11027,9889
2011-12-12T23:00:00Z,31.34,32.04,30.455,30.855,35629,-55934,-20305,25572,-11905,13667,19934,-13296,6638,NaN,NaN,NaN,NaN,98311,35629,-55934,-20305,25572,-11905,13667,19934,-13296,6638
2011-12-13T23:00:00Z,30.825,31.07,28.53,28.985,35629,-55934,-20305,25572,-11905,13667,19934,-13296,6638,NaN,NaN,NaN,NaN,98311,35629,-55934,-20305,25572,-11905,13667,19934,-13296,6638
2011-12-14T23:00:00Z,28.965,29.35,28.12,29.315,35629,-55934,-20305,25572,-11905,13667,19934,-13296,6638,NaN,NaN,NaN,NaN,98311,35629,-55934,-20305,25572,-11905,13667,19934,-13296,6638
2011-12-15T23:00:00Z,29.28,29.93,29.12,29.73,35629,-55934,-20305,25572,-11905,13667,19934,-13296,6638,NaN,NaN,NaN,NaN,98311,35629,-55934,-20305,25572,-11905,13667,19934,-13296,6638
2011-12-18T23:00:00Z,29.77,29.795,28.68,28.765,35629,-55934,-20305,25572,-11905,13667,19934,-13296,6638,NaN,NaN,NaN,NaN,98311,35629,-55934,-20305,25572,-11905,13667,19934,-13296,6638
2011-12-19T23:00:00Z,28.78,29.625,28.695,29.52,40017,-54842,-14825,24302,-16874,7428,18867,-11470,7397,NaN,NaN,NaN,NaN,101165,40017,-54842,-14825,24302,-16874,7428,18867,-11470,7397
2011-12-20T23:00:00Z,29.535,30.21,29.13,29.305,40017,-54842,-14825,24302,-16874,7428,18867,-11470,7397,NaN,NaN,NaN,NaN,101165,40017,-54842,-14825,24302,-16874,7428,18867,-11470,7397
2011-12-21T23:00:00Z,29.25,29.685,29,29.095,40017,-54842,-14825,24302,-16874,7428,18867,-11470,7397,NaN,NaN,NaN,NaN,101165,40017,-54842,-14825,24302,-16874,7428,18867,-11470,7397
2011-12-22T23:00:00Z,29.095,29.45,29.03,29.105,40017,-54842,-14825,24302,-16874,7428,18867,-11470,7397,NaN,NaN,NaN,NaN,101165,40017,-54842,-14825,24302,-16874,7428,18867,-11470,7397
2011-12-26T23:00:00Z,29.1,29.22,28.615,28.695,41224,-55356,-14132,24026,-17171,6855,20294,-13017,7277,NaN,NaN,NaN,NaN,103993,41224,-55356,-14132,24026,-17171,6855,20294,-13017,7277
2011-12-27T23:00:00Z,28.69,28.79,26.845,27.115,41224,-55356,-14132,24026,-17171,6855,20294,-13017,7277,NaN,NaN,NaN,NaN,103993,41224,-55356,-14132,24026,-17171,6855,20294,-13017,7277
2011-12-28T23:00:00Z,27.08,27.84,26.145,27.74,41224,-55356,-14132,24026,-17171,6855,20294,-13017,7277,NaN,NaN,NaN,NaN,103993,41224,-55356,-14132,24026,-17171,6855,20294,-13017,7277
2011-12-29T23:00:00Z,27.475,28.46,27.26,27.87,41224,-55356,-14132,24026,-17171,6855,20294,-13017,7277,NaN,NaN,NaN,NaN,103993,41224,-55356,-14132,24026,-17171,6855,20294,-13017,7277
2012-01-02T23:00:00Z,27.98,29.73,27.905,29.685,41300,-57216,-15916,26629,-16991,9638,19960,-13682,6278,NaN,NaN,NaN,NaN,107101,41300,-57216,-15916,26629,-16991,9638,19960,-13682,6278
2012-01-03T23:00:00Z,29.69,29.74,28.9,29.125,41300,-57216,-15916,26629,-16991,9638,19960,-13682,6278,NaN,NaN,NaN,NaN,107101,41300,-57216,-15916,26629,-16991,9638,19960,-13682,6278
2012-01-04T23:00:00Z,29.105,29.615,28.685,29.315,41300,-57216,-15916,26629,-16991,9638,19960,-13682,6278,NaN,NaN,NaN,NaN,107101,41300,-57216,-15916,26629,-16991,9638,19960,-13682,6278
2012-01-05T23:00:00Z,29.285,29.46,28.57,28.7,41300,-57216,-15916,26629,-16991,9638,19960,-13682,6278,NaN,NaN,NaN,NaN,107101,41300,-57216,-15916,26629,-16991,9638,19960,-13682,6278
2012-01-08T23:00:00Z,28.77,29.205,28.55,28.995,41300,-57216,-15916,26629,-16991,9638,19960,-13682,6278,NaN,NaN,NaN,NaN,107101,41300,-57216,-15916,26629,-16991,9638,19960,-13682,6278
2012-01-09T23:00:00Z,28.98,30.31,28.905,29.89,38959,-58021,-19062,26208,-15137,11071,20322,-12331,7991,NaN,NaN,NaN,NaN,104345,38959,-58021,-19062,26208,-15137,11071,20322,-12331,7991
2012-01-10T23:00:00Z,29.885,30.235,29.545,29.92,38959,-58021,-19062,26208,-15137,11071,20322,-12331,7991,NaN,NaN,NaN,NaN,104345,38959,-58021,-19062,26208,-15137,11071,20322,-12331,7991
2012-01-11T23:00:00Z,29.95,30.675,29.87,30.22,38959,-58021,-19062,26208,-15137,11071,20322,-12331,7991,NaN,NaN,NaN,NaN,104345,38959,-58021,-19062,26208,-15137,11071,20322,-12331,7991
2012-01-12T23:00:00Z,30.195,30.245,29.42,29.74,38959,-58021,-19062,26208,-15137,11071,20322,-12331,7991,NaN,NaN,NaN,NaN,104345,38959,-58021,-19062,26208,-15137,11071,20322,-12331,7991
2012-01-15T23:00:00Z,29.67,30.57,29.455,30.025,39029,-59411,-20382,26209,-12816,13393,19202,-12213,6989,NaN,NaN,NaN,NaN,103668,39029,-59411,-20382,26209,-12816,13393,19202,-12213,6989
2012-01-17T23:00:00Z,30.07,30.59,29.74,30.485,39029,-59411,-20382,26209,-12816,13393,19202,-12213,6989,NaN,NaN,NaN,NaN,103668,39029,-59411,-20382,26209,-12816,13393,19202,-12213,6989
2012-01-18T23:00:00Z,30.53,30.9,30.335,30.595,39029,-59411,-20382,26209,-12816,13393,19202,-12213,6989,NaN,NaN,NaN,NaN,103668,39029,-59411,-20382,26209,-12816,13393,19202,-12213,6989
2012-01-19T23:00:00Z,30.61,32.21,30.28,32.175,39029,-59411,-20382,26209,-12816,13393,19202,-12213,6989,NaN,NaN,NaN,NaN,103668,39029,-59411,-20382,26209,-12816,13393,19202,-12213,6989
2012-01-22T23:00:00Z,32.105,32.775,31.79,32.32,39029,-59411,-20382,26209,-12816,13393,19202,-12213,6989,NaN,NaN,NaN,NaN,103668,39029,-59411,-20382,26209,-12816,13393,19202,-12213,6989
2012-01-23T23:00:00Z,32.345,32.47,31.855,32.015,35283,-60304,-25021,27051,-10934,16117,20171,-11267,8904,NaN,NaN,NaN,NaN,103025,35283,-60304,-25021,27051,-10934,16117,20171,-11267,8904
2012-01-24T23:00:00Z,32.05,33.4,31.525,33.24,35283,-60304,-25021,27051,-10934,16117,20171,-11267,8904,NaN,NaN,NaN,NaN,103025,35283,-60304,-25021,27051,-10934,16117,20171,-11267,8904
2012-01-25T23:00:00Z,33.25,33.79,32.975,33.44,35283,-60304,-25021,27051,-10934,16117,20171,-11267,8904,NaN,NaN,NaN,NaN,103025,35283,-60304,-25021,27051,-10934,16117,20171,-11267,8904
2012-01-26T23:00:00Z,33.42,33.965,33.24,33.965,35283,-60304,-25021,27051,-10934,16117,20171,-11267,8904,NaN,NaN,NaN,NaN,103025,35283,-60304,-25021,27051,-10934,16117,20171,-11267,8904
2012-01-29T23:00:00Z,33.85,34.015,33.035,33.47,35283,-60304,-25021,27051,-10934,16117,20171,-11267,8904,NaN,NaN,NaN,NaN,103025,35283,-60304,-25021,27051,-10934,16117,20171,-11267,8904
2012-01-30T23:00:00Z,33.55,34.13,32.93,33.1,33693,-62422,-28729,28465,-9374,19091,19985,-10347,9638,NaN,NaN,NaN,NaN,101747,33693,-62422,-28729,28465,-9374,19091,19985,-10347,9638
2012-01-31T23:00:00Z,33.105,34,33.07,33.69,33693,-62422,-28729,28465,-9374,19091,19985,-10347,9638,NaN,NaN,NaN,NaN,101747,33693,-62422,-28729,28465,-9374,19091,19985,-10347,9638
2012-02-01T23:00:00Z,33.69,34.41,33.455,34.335,33693,-62422,-28729,28465,-9374,19091,19985,-10347,9638,NaN,NaN,NaN,NaN,101747,33693,-62422,-28729,28465,-9374,19091,19985,-10347,9638
2012-02-02T23:00:00Z,34.335,34.39,33.31,33.63,33693,-62422,-28729,28465,-9374,19091,19985,-10347,9638,NaN,NaN,NaN,NaN,101747,33693,-62422,-28729,28465,-9374,19091,19985,-10347,9638
2012-02-05T23:00:00Z,33.665,33.87,32.985,33.675,33693,-62422,-28729,28465,-9374,19091,19985,-10347,9638,NaN,NaN,NaN,NaN,101747,33693,-62422,-28729,28465,-9374,19091,19985,-10347,9638
2012-02-06T23:00:00Z,33.665,34.37,33.155,34.14,31795,-66445,-34650,32239,-8652,23587,21955,-10892,11063,NaN,NaN,NaN,NaN,106008,31795,-66445,-34650,32239,-8652,23587,21955,-10892,11063
2012-02-07T23:00:00Z,34.17,34.52,33.655,33.945,31795,-66445,-34650,32239,-8652,23587,21955,-10892,11063,NaN,NaN,NaN,NaN,106008,31795,-66445,-34650,32239,-8652,23587,21955,-10892,11063
2012-02-08T23:00:00Z,33.935,34.45,33.675,33.915,31795,-66445,-34650,32239,-8652,23587,21955,-10892,11063,NaN,NaN,NaN,NaN,106008,31795,-66445,-34650,32239,-8652,23587,21955,-10892,11063
2012-02-09T23:00:00Z,33.905,34.06,33.17,33.59,31795,-66445,-34650,32239,-8652,23587,21955,-10892,11063,NaN,NaN,NaN,NaN,106008,31795,-66445,-34650,32239,-8652,23587,21955,-10892,11063
2012-02-12T23:00:00Z,33.665,34.035,33.455,33.71,31795,-66445,-34650,32239,-8652,23587,21955,-10892,11063,NaN,NaN,NaN,NaN,106008,31795,-66445,-34650,32239,-8652,23587,21955,-10892,11063
2012-02-13T23:00:00Z,33.705,33.845,33.255,33.57,31427,-68737,-37310,32860,-7192,25668,21214,-9572,11642,NaN,NaN,NaN,NaN,104872,31427,-68737,-37310,32860,-7192,25668,21214,-9572,11642
2012-02-14T23:00:00Z,33.585,33.975,33.1,33.49,31427,-68737,-37310,32860,-7192,25668,21214,-9572,11642,NaN,NaN,NaN,NaN,104872,31427,-68737,-37310,32860,-7192,25668,21214,-9572,11642
2012-02-15T23:00:00Z,33.46,33.555,32.64,33.47,31427,-68737,-37310,32860,-7192,25668,21214,-9572,11642,NaN,NaN,NaN,NaN,104872,31427,-68737,-37310,32860,-7192,25668,21214,-9572,11642
2012-02-16T23:00:00Z,33.425,33.69,33.05,33.265,31427,-68737,-37310,32860,-7192,25668,21214,-9572,11642,NaN,NaN,NaN,NaN,104872,31427,-68737,-37310,32860,-7192,25668,21214,-9572,11642
2012-02-19T23:00:00Z,33.33,34.465,33.325,34.34,31735,-70923,-39188,34819,-8154,26665,22484,-9961,12523,NaN,NaN,NaN,NaN,110583,31735,-70923,-39188,34819,-8154,26665,22484,-9961,12523
2012-02-21T23:00:00Z,34.36,34.495,33.9,34.25,31735,-70923,-39188,34819,-8154,26665,22484,-9961,12523,NaN,NaN,NaN,NaN,110583,31735,-70923,-39188,34819,-8154,26665,22484,-9961,12523
2012-02-22T23:00:00Z,34.265,35.61,34.23,35.395,31735,-70923,-39188,34819,-8154,26665,22484,-9961,12523,NaN,NaN,NaN,NaN,110583,31735,-70923,-39188,34819,-8154,26665,22484,-9961,12523
2012-02-23T23:00:00Z,35.435,35.72,35.19,35.375,31735,-70923,-39188,34819,-8154,26665,22484,-9961,12523,NaN,NaN,NaN,NaN,110583,31735,-70923,-39188,34819,-8154,26665,22484,-9961,12523
2012-02-26T23:00:00Z,35.43,35.625,35.045,35.43,31735,-70923,-39188,34819,-8154,26665,22484,-9961,12523,NaN,NaN,NaN,NaN,110583,31735,-70923,-39188,34819,-8154,26665,22484,-9961,12523
2012-02-27T23:00:00Z,35.535,37.295,35.39,36.99,33802,-78395,-44593,38012,-8009,30003,24180,-9590,14590,NaN,NaN,NaN,NaN,115866,33802,-78395,-44593,38012,-8009,30003,24180,-9590,14590
2012-02-28T23:00:00Z,36.98,37.58,33.825,34.7,33802,-78395,-44593,38012,-8009,30003,24180,-9590,14590,NaN,NaN,NaN,NaN,115866,33802,-78395,-44593,38012,-8009,30003,24180,-9590,14590
2012-02-29T23:00:00Z,34.645,35.705,34.455,35.55,33802,-78395,-44593,38012,-8009,30003,24180,-9590,14590,NaN,NaN,NaN,NaN,115866,33802,-78395,-44593,38012,-8009,30003,24180,-9590,14590
2012-03-01T23:00:00Z,35.53,35.56,34.375,34.78,33802,-78395,-44593,38012,-8009,30003,24180,-9590,14590,NaN,NaN,NaN,NaN,115866,33802,-78395,-44593,38012,-8009,30003,24180,-9590,14590
2012-03-04T23:00:00Z,34.71,34.95,33.555,34.03,33802,-78395,-44593,38012,-8009,30003,24180,-9590,14590,NaN,NaN,NaN,NaN,115866,33802,-78395,-44593,38012,-8009,30003,24180,-9590,14590
2012-03-05T23:00:00Z,34.02,34.205,32.49,32.985,36329,-72125,-35796,30635,-7443,23192,22559,-9955,12604,NaN,NaN,NaN,NaN,111023,36329,-72125,-35796,30635,-7443,23192,22559,-9955,12604
2012-03-06T23:00:00Z,32.945,33.61,32.755,33.485,36329,-72125,-35796,30635,-7443,23192,22559,-9955,12604,NaN,NaN,NaN,NaN,111023,36329,-72125,-35796,30635,-7443,23192,22559,-9955,12604
2012-03-07T23:00:00Z,33.48,34.185,33.36,33.91,36329,-72125,-35796,30635,-7443,23192,22559,-9955,12604,NaN,NaN,NaN,NaN,111023,36329,-72125,-35796,30635,-7443,23192,22559,-9955,12604
2012-03-08T23:00:00Z,33.91,34.445,33.145,34.335,36329,-72125,-35796,30635,-7443,23192,22559,-9955,12604,NaN,NaN,NaN,NaN,111023,36329,-72125,-35796,30635,-7443,23192,22559,-9955,12604
2012-03-11T22:00:00Z,34.29,34.41,33.38,33.615,36329,-72125,-35796,30635,-7443,23192,22559,-9955,12604,NaN,NaN,NaN,NaN,111023,36329,-72125,-35796,30635,-7443,23192,22559,-9955,12604
2012-03-12T22:00:00Z,33.65,33.835,33,33.42,35341,-70972,-35631,28459,-6643,21816,23145,-9330,13815,NaN,NaN,NaN,NaN,111730,35341,-70972,-35631,28459,-6643,21816,23145,-9330,13815
2012-03-13T22:00:00Z,33.42,33.47,31.625,32.16,35341,-70972,-35631,28459,-6643,21816,23145,-9330,13815,NaN,NaN,NaN,NaN,111730,35341,-70972,-35631,28459,-6643,21816,23145,-9330,13815
2012-03-14T22:00:00Z,32.1,32.9,31.935,32.56,35341,-70972,-35631,28459,-6643,21816,23145,-9330,13815,NaN,NaN,NaN,NaN,111730,35341,-70972,-35631,28459,-6643,21816,23145,-9330,13815
2012-03-15T22:00:00Z,32.58,32.755,32.135,32.59,35341,-70972,-35631,28459,-6643,21816,23145,-9330,13815,NaN,NaN,NaN,NaN,111730,35341,-70972,-35631,28459,-6643,21816,23145,-9330,13815
2012-03-18T22:00:00Z,32.575,33.09,32.33,32.9,35341,-70972,-35631,28459,-6643,21816,23145,-9330,13815,NaN,NaN,NaN,NaN,111730,35341,-70972,-35631,28459,-6643,21816,23145,-9330,13815
2012-03-19T22:00:00Z,32.935,32.96,31.75,32.16,37622,-69748,-32126,28489,-7320,21169,21065,-10108,10957,NaN,NaN,NaN,NaN,111422,37622,-69748,-32126,28489,-7320,21169,21065,-10108,10957
2012-03-20T22:00:00Z,32.155,32.41,31.865,32.175,37622,-69748,-32126,28489,-7320,21169,21065,-10108,10957,NaN,NaN,NaN,NaN,111422,37622,-69748,-32126,28489,-7320,21169,21065,-10108,10957
2012-03-21T22:00:00Z,32.155,32.35,31.09,31.545,37622,-69748,-32126,28489,-7320,21169,21065,-10108,10957,NaN,NaN,NaN,NaN,111422,37622,-69748,-32126,28489,-7320,21169,21065,-10108,10957
2012-03-22T22:00:00Z,31.545,32.3,31.435,32.2,37622,-69748,-32126,28489,-7320,21169,21065,-10108,10957,NaN,NaN,NaN,NaN,111422,37622,-69748,-32126,28489,-7320,21169,21065,-10108,10957
2012-03-25T22:00:00Z,32.255,32.935,32.02,32.815,37622,-69748,-32126,28489,-7320,21169,21065,-10108,10957,NaN,NaN,NaN,NaN,111422,37622,-69748,-32126,28489,-7320,21169,21065,-10108,10957
2012-03-26T22:00:00Z,32.84,33.19,32.48,32.57,38722,-68400,-29678,26897,-8242,18655,21234,-10211,11023,NaN,NaN,NaN,NaN,109859,38722,-68400,-29678,26897,-8242,18655,21234,-10211,11023
2012-03-27T22:00:00Z,32.57,32.685,31.765,32,38722,-68400,-29678,26897,-8242,18655,21234,-10211,11023,NaN,NaN,NaN,NaN,109859,38722,-68400,-29678,26897,-8242,18655,21234,-10211,11023
2012-03-28T22:00:00Z,32.055,32.3,31.63,32.275,38722,-68400,-29678,26897,-8242,18655,21234,-10211,11023,NaN,NaN,NaN,NaN,109859,38722,-68400,-29678,26897,-8242,18655,21234,-10211,11023
2012-03-29T22:00:00Z,32.275,32.625,32.13,32.25,38722,-68400,-29678,26897,-8242,18655,21234,-10211,11023,NaN,NaN,NaN,NaN,109859,38722,-68400,-29678,26897,-8242,18655,21234,-10211,11023
2012-04-01T22:00:00Z,32.355,33.25,32.34,32.98,38722,-68400,-29678,26897,-8242,18655,21234,-10211,11023,NaN,NaN,NaN,NaN,109859,38722,-68400,-29678,26897,-8242,18655,21234,-10211,11023
2012-04-02T22:00:00Z,33,33.295,32.465,32.645,39894,-71230,-31336,29242,-9187,20055,22041,-10760,11281,NaN,NaN,NaN,NaN,116434,39894,-71230,-31336,29242,-9187,20055,22041,-10760,11281
2012-04-03T22:00:00Z,32.65,32.68,30.98,31.33,39894,-71230,-31336,29242,-9187,20055,22041,-10760,11281,NaN,NaN,NaN,NaN,116434,39894,-71230,-31336,29242,-9187,20055,22041,-10760,11281
2012-04-04T22:00:00Z,31.28,31.81,31.175,31.715,39894,-71230,-31336,29242,-9187,20055,22041,-10760,11281,NaN,NaN,NaN,NaN,116434,39894,-71230,-31336,29242,-9187,20055,22041,-10760,11281
2012-04-08T22:00:00Z,31.9,32.1,31.31,31.555,39894,-71230,-31336,29242,-9187,20055,22041,-10760,11281,NaN,NaN,NaN,NaN,116434,39894,-71230,-31336,29242,-9187,20055,22041,-10760,11281
2012-04-09T22:00:00Z,31.555,31.94,31.11,31.81,42151,-68537,-26386,28154,-9968,18186,20185,-11985,8200,NaN,NaN,NaN,NaN,114469,42151,-68537,-26386,28154,-9968,18186,20185,-11985,8200
2012-04-10T22:00:00Z,31.78,31.82,31.37,31.585,42151,-68537,-26386,28154,-9968,18186,20185,-11985,8200,NaN,NaN,NaN,NaN,114469,42151,-68537,-26386,28154,-9968,18186,20185,-11985,8200
2012-04-11T22:00:00Z,31.585,32.58,31.42,32.345,42151,-68537,-26386,28154,-9968,18186,20185,-11985,8200,NaN,NaN,NaN,NaN,114469,42151,-68537,-26386,28154,-9968,18186,20185,-11985,8200
2012-04-12T22:00:00Z,32.365,32.435,31.295,31.485,42151,-68537,-26386,28154,-9968,18186,20185,-11985,8200,NaN,NaN,NaN,NaN,114469,42151,-68537,-26386,28154,-9968,18186,20185,-11985,8200
2012-04-15T22:00:00Z,31.445,31.7,31.175,31.49,42151,-68537,-26386,28154,-9968,18186,20185,-11985,8200,NaN,NaN,NaN,NaN,114469,42151,-68537,-26386,28154,-9968,18186,20185,-11985,8200
2012-04-16T22:00:00Z,31.455,31.91,31.305,31.685,44523,-71020,-26497,28051,-9644,18407,22962,-14872,8090,NaN,NaN,NaN,NaN,121448,44523,-71020,-26497,28051,-9644,18407,22962,-14872,8090
2012-04-17T22:00:00Z,31.675,31.885,31.34,31.615,44523,-71020,-26497,28051,-9644,18407,22962,-14872,8090,NaN,NaN,NaN,NaN,121448,44523,-71020,-26497,28051,-9644,18407,22962,-14872,8090
2012-04-18T22:00:00Z,31.59,32.015,31.29,31.765,44523,-71020,-26497,28051,-9644,18407,22962,-14872,8090,NaN,NaN,NaN,NaN,121448,44523,-71020,-26497,28051,-9644,18407,22962,-14872,8090
2012-04-19T22:00:00Z,31.74,31.905,31.54,31.65,44523,-71020,-26497,28051,-9644,18407,22962,-14872,8090,NaN,NaN,NaN,NaN,121448,44523,-71020,-26497,28051,-9644,18407,22962,-14872,8090
2012-04-22T22:00:00Z,31.64,31.685,30.45,30.785,44523,-71020,-26497,28051,-9644,18407,22962,-14872,8090,NaN,NaN,NaN,NaN,121448,44523,-71020,-26497,28051,-9644,18407,22962,-14872,8090
2012-04-23T22:00:00Z,30.82,31.11,30.635,30.76,48344,-70697,-22353,28913,-12442,16471,19247,-13365,5882,NaN,NaN,NaN,NaN,122325,48344,-70697,-22353,28913,-12442,16471,19247,-13365,5882
2012-04-24T22:00:00Z,30.785,30.965,29.925,30.685,48344,-70697,-22353,28913,-12442,16471,19247,-13365,5882,NaN,NaN,NaN,NaN,122325,48344,-70697,-22353,28913,-12442,16471,19247,-13365,5882
2012-04-25T22:00:00Z,30.685,31.26,30.595,31.055,48344,-70697,-22353,28913,-12442,16471,19247,-13365,5882,NaN,NaN,NaN,NaN,122325,48344,-70697,-22353,28913,-12442,16471,19247,-13365,5882
2012-04-26T22:00:00Z,31.085,31.47,30.945,31.285,48344,-70697,-22353,28913,-12442,16471,19247,-13365,5882,NaN,NaN,NaN,NaN,122325,48344,-70697,-22353,28913,-12442,16471,19247,-13365,5882
2012-04-29T22:00:00Z,31.33,31.445,30.6,30.99,48344,-70697,-22353,28913,-12442,16471,19247,-13365,5882,NaN,NaN,NaN,NaN,122325,48344,-70697,-22353,28913,-12442,16471,19247,-13365,5882
2012-04-30T22:00:00Z,30.98,31.365,30.79,30.96,42450,-66193,-23743,26855,-11271,15584,20193,-12034,8159,NaN,NaN,NaN,NaN,110862,42450,-66193,-23743,26855,-11271,15584,20193,-12034,8159
2012-05-01T22:00:00Z,30.985,31.06,30.41,30.65,42450,-66193,-23743,26855,-11271,15584,20193,-12034,8159,NaN,NaN,NaN,NaN,110862,42450,-66193,-23743,26855,-11271,15584,20193,-12034,8159
2012-05-02T22:00:00Z,30.645,30.675,29.835,30.07,42450,-66193,-23743,26855,-11271,15584,20193,-12034,8159,NaN,NaN,NaN,NaN,110862,42450,-66193,-23743,26855,-11271,15584,20193,-12034,8159
2012-05-03T22:00:00Z,30.08,30.48,29.78,30.32,42450,-66193,-23743,26855,-11271,15584,20193,-12034,8159,NaN,NaN,NaN,NaN,110862,42450,-66193,-23743,26855,-11271,15584,20193,-12034,8159
2012-05-06T22:00:00Z,30.31,30.39,29.675,30.08,42450,-66193,-23743,26855,-11271,15584,20193,-12034,8159,NaN,NaN,NaN,NaN,110862,42450,-66193,-23743,26855,-11271,15584,20193,-12034,8159
2012-05-07T22:00:00Z,30.08,30.125,29.135,29.455,45482,-63381,-17899,28008,-15445,12563,19896,-14560,5336,NaN,NaN,NaN,NaN,113549,45482,-63381,-17899,28008,-15445,12563,19896,-14560,5336
2012-05-08T22:00:00Z,29.465,29.5,28.615,29.26,45482,-63381,-17899,28008,-15445,12563,19896,-14560,5336,NaN,NaN,NaN,NaN,113549,45482,-63381,-17899,28008,-15445,12563,19896,-14560,5336
2012-05-09T22:00:00Z,29.25,29.455,28.94,29.005,45482,-63381,-17899,28008,-15445,12563,19896,-14560,5336,NaN,NaN,NaN,NaN,113549,45482,-63381,-17899,28008,-15445,12563,19896,-14560,5336
2012-05-10T22:00:00Z,28.995,29.1,28.415,28.885,45482,-63381,-17899,28008,-15445,12563,19896,-14560,5336,NaN,NaN,NaN,NaN,113549,45482,-63381,-17899,28008,-15445,12563,19896,-14560,5336
2012-05-13T22:00:00Z,28.88,29,28.075,28.17,45482,-63381,-17899,28008,-15445,12563,19896,-14560,5336,NaN,NaN,NaN,NaN,113549,45482,-63381,-17899,28008,-15445,12563,19896,-14560,5336
2012-05-14T22:00:00Z,28.155,28.43,27.565,27.685,45565,-61473,-15908,27251,-15777,11474,19658,-15224,4434,NaN,NaN,NaN,NaN,114208,45565,-61473,-15908,27251,-15777,11474,19658,-15224,4434
2012-05-15T22:00:00Z,27.615,27.965,26.73,27.245,45565,-61473,-15908,27251,-15777,11474,19658,-15224,4434,NaN,NaN,NaN,NaN,114208,45565,-61473,-15908,27251,-15777,11474,19658,-15224,4434
2012-05-16T22:00:00Z,27.195,28.295,27.175,28.015,45565,-61473,-15908,27251,-15777,11474,19658,-15224,4434,NaN,NaN,NaN,NaN,114208,45565,-61473,-15908,27251,-15777,11474,19658,-15224,4434
2012-05-17T22:00:00Z,28.005,28.895,27.78,28.66,45565,-61473,-15908,27251,-15777,11474,19658,-15224,4434,NaN,NaN,NaN,NaN,114208,45565,-61473,-15908,27251,-15777,11474,19658,-15224,4434
2012-05-20T22:00:00Z,28.685,28.855,28.035,28.42,45565,-61473,-15908,27251,-15777,11474,19658,-15224,4434,NaN,NaN,NaN,NaN,114208,45565,-61473,-15908,27251,-15777,11474,19658,-15224,4434
2012-05-21T22:00:00Z,28.47,28.775,27.925,28.145,44547,-59769,-15222,28018,-17221,10797,20098,-15673,4425,NaN,NaN,NaN,NaN,113647,44547,-59769,-15222,28018,-17221,10797,20098,-15673,4425
2012-05-22T22:00:00Z,28.12,28.17,27.08,27.76,44547,-59769,-15222,28018,-17221,10797,20098,-15673,4425,NaN,NaN,NaN,NaN,113647,44547,-59769,-15222,28018,-17221,10797,20098,-15673,4425
2012-05-23T22:00:00Z,27.76,28.515,27.585,28.27,44547,-59769,-15222,28018,-17221,10797,20098,-15673,4425,NaN,NaN,NaN,NaN,113647,44547,-59769,-15222,28018,-17221,10797,20098,-15673,4425
2012-05-24T22:00:00Z,28.25,28.565,27.875,28.47,44547,-59769,-15222,28018,-17221,10797,20098,-15673,4425,NaN,NaN,NaN,NaN,113647,44547,-59769,-15222,28018,-17221,10797,20098,-15673,4425
2012-05-27T22:00:00Z,28.595,28.76,27.71,27.8,45817,-60151,-14334,26499,-17941,8558,20933,-15157,5776,NaN,NaN,NaN,NaN,113961,45817,-60151,-14334,26499,-17941,8558,20933,-15157,5776
2012-05-29T22:00:00Z,27.79,28.145,27.355,27.87,45817,-60151,-14334,26499,-17941,8558,20933,-15157,5776,NaN,NaN,NaN,NaN,113961,45817,-60151,-14334,26499,-17941,8558,20933,-15157,5776
2012-05-30T22:00:00Z,27.88,28.19,27.51,27.66,45817,-60151,-14334,26499,-17941,8558,20933,-15157,5776,NaN,NaN,NaN,NaN,113961,45817,-60151,-14334,26499,-17941,8558,20933,-15157,5776
2012-05-31T22:00:00Z,27.685,28.68,27.17,28.66,45817,-60151,-14334,26499,-17941,8558,20933,-15157,5776,NaN,NaN,NaN,NaN,113961,45817,-60151,-14334,26499,-17941,8558,20933,-15157,5776
2012-06-03T22:00:00Z,28.68,28.68,27.955,28.215,45817,-60151,-14334,26499,-17941,8558,20933,-15157,5776,NaN,NaN,NaN,NaN,113961,45817,-60151,-14334,26499,-17941,8558,20933,-15157,5776
2012-06-04T22:00:00Z,28.22,28.545,28.08,28.475,44927,-61452,-16525,27809,-18015,9794,21292,-14561,6731,NaN,NaN,NaN,NaN,116809,44927,-61452,-16525,27809,-18015,9794,21292,-14561,6731
2012-06-05T22:00:00Z,28.475,29.865,28.41,29.385,44927,-61452,-16525,27809,-18015,9794,21292,-14561,6731,NaN,NaN,NaN,NaN,116809,44927,-61452,-16525,27809,-18015,9794,21292,-14561,6731
2012-06-06T22:00:00Z,29.465,29.675,28.36,28.545,44927,-61452,-16525,27809,-18015,9794,21292,-14561,6731,NaN,NaN,NaN,NaN,116809,44927,-61452,-16525,27809,-18015,9794,21292,-14561,6731
2012-06-07T22:00:00Z,28.585,28.65,27.91,28.455,44927,-61452,-16525,27809,-18015,9794,21292,-14561,6731,NaN,NaN,NaN,NaN,116809,44927,-61452,-16525,27809,-18015,9794,21292,-14561,6731
2012-06-10T22:00:00Z,28.74,29,28.255,28.51,44927,-61452,-16525,27809,-18015,9794,21292,-14561,6731,NaN,NaN,NaN,NaN,116809,44927,-61452,-16525,27809,-18015,9794,21292,-14561,6731
2012-06-11T22:00:00Z,28.51,29.05,28.315,28.905,46701,-64620,-17919,26716,-17107,9609,22300,-13990,8310,NaN,NaN,NaN,NaN,122080,46701,-64620,-17919,26716,-17107,9609,22300,-13990,8310
2012-06-12T22:00:00Z,28.9,29.095,28.7,28.81,46701,-64620,-17919,26716,-17107,9609,22300,-13990,8310,NaN,NaN,NaN,NaN,122080,46701,-64620,-17919,26716,-17107,9609,22300,-13990,8310
2012-06-13T22:00:00Z,28.8,29.075,28.15,28.59,46701,-64620,-17919,26716,-17107,9609,22300,-13990,8310,NaN,NaN,NaN,NaN,122080,46701,-64620,-17919,26716,-17107,9609,22300,-13990,8310
2012-06-14T22:00:00Z,28.59,28.82,28.48,28.69,46701,-64620,-17919,26716,-17107,9609,22300,-13990,8310,NaN,NaN,NaN,NaN,122080,46701,-64620,-17919,26716,-17107,9609,22300,-13990,8310
2012-06-17T22:00:00Z,28.99,29.01,28.235,28.68,46701,-64620,-17919,26716,-17107,9609,22300,-13990,8310,NaN,NaN,NaN,NaN,122080,46701,-64620,-17919,26716,-17107,9609,22300,-13990,8310
2012-06-18T22:00:00Z,28.675,28.9,28.27,28.37,47447,-64401,-16954,27767,-17665,10102,21704,-14852,6852,NaN,NaN,NaN,NaN,122508,47447,-64401,-16954,27767,-17665,10102,21704,-14852,6852
2012-06-19T22:00:00Z,28.355,28.595,27.63,28.03,47447,-64401,-16954,27767,-17665,10102,21704,-14852,6852,NaN,NaN,NaN,NaN,122508,47447,-64401,-16954,27767,-17665,10102,21704,-14852,6852
2012-06-20T22:00:00Z,28.04,28.07,26.8,26.82,47447,-64401,-16954,27767,-17665,10102,21704,-14852,6852,NaN,NaN,NaN,NaN,122508,47447,-64401,-16954,27767,-17665,10102,21704,-14852,6852
2012-06-21T22:00:00Z,26.825,26.995,26.51,26.82,47447,-64401,-16954,27767,-17665,10102,21704,-14852,6852,NaN,NaN,NaN,NaN,122508,47447,-64401,-16954,27767,-17665,10102,21704,-14852,6852
2012-06-24T22:00:00Z,26.82,27.59,26.565,27.455,47447,-64401,-16954,27767,-17665,10102,21704,-14852,6852,NaN,NaN,NaN,NaN,122508,47447,-64401,-16954,27767,-17665,10102,21704,-14852,6852
2012-06-25T22:00:00Z,27.465,27.495,26.735,27.005,48591,-60602,-12011,28362,-22140,6222,21563,-15774,5789,NaN,NaN,NaN,NaN,126164,48591,-60602,-12011,28362,-22140,6222,21563,-15774,5789
2012-06-26T22:00:00Z,27.035,27.275,26.6,26.835,48591,-60602,-12011,28362,-22140,6222,21563,-15774,5789,NaN,NaN,NaN,NaN,126164,48591,-60602,-12011,28362,-22140,6222,21563,-15774,5789
2012-06-27T22:00:00Z,26.92,27.125,26.105,26.3,48591,-60602,-12011,28362,-22140,6222,21563,-15774,5789,NaN,NaN,NaN,NaN,126164,48591,-60602,-12011,28362,-22140,6222,21563,-15774,5789
2012-06-28T22:00:00Z,26.325,27.915,26.265,27.455,48591,-60602,-12011,28362,-22140,6222,21563,-15774,5789,NaN,NaN,NaN,NaN,126164,48591,-60602,-12011,28362,-22140,6222,21563,-15774,5789
2012-07-01T22:00:00Z,27.5,27.605,27.185,27.465,48591,-60602,-12011,28362,-22140,6222,21563,-15774,5789,NaN,NaN,NaN,NaN,126164,48591,-60602,-12011,28362,-22140,6222,21563,-15774,5789
2012-07-02T22:00:00Z,27.425,28.445,27.39,28.235,45803,-63157,-17354,28662,-18956,9706,20684,-13036,7648,NaN,NaN,NaN,NaN,122128,45803,-63157,-17354,28662,-18956,9706,20684,-13036,7648
2012-07-03T22:00:00Z,28.235,28.38,27.495,27.66,45803,-63157,-17354,28662,-18956,9706,20684,-13036,7648,NaN,NaN,NaN,NaN,122128,45803,-63157,-17354,28662,-18956,9706,20684,-13036,7648
2012-07-05T22:00:00Z,27.67,27.795,26.905,27.04,45803,-63157,-17354,28662,-18956,9706,20684,-13036,7648,NaN,NaN,NaN,NaN,122128,45803,-63157,-17354,28662,-18956,9706,20684,-13036,7648
2012-07-08T22:00:00Z,27.035,27.48,26.87,27.305,45803,-63157,-17354,28662,-18956,9706,20684,-13036,7648,NaN,NaN,NaN,NaN,122128,45803,-63157,-17354,28662,-18956,9706,20684,-13036,7648
2012-07-09T22:00:00Z,27.44,27.58,26.71,26.755,48371,-62478,-14107,28434,-19652,8782,21020,-15695,5325,NaN,NaN,NaN,NaN,124109,48371,-62478,-14107,28434,-19652,8782,21020,-15695,5325
2012-07-10T22:00:00Z,26.77,27.24,26.76,27.11,48371,-62478,-14107,28434,-19652,8782,21020,-15695,5325,NaN,NaN,NaN,NaN,124109,48371,-62478,-14107,28434,-19652,8782,21020,-15695,5325
2012-07-11T22:00:00Z,27.105,27.35,26.425,27.18,48371,-62478,-14107,28434,-19652,8782,21020,-15695,5325,NaN,NaN,NaN,NaN,124109,48371,-62478,-14107,28434,-19652,8782,21020,-15695,5325
2012-07-12T22:00:00Z,27.16,27.55,27.06,27.275,48371,-62478,-14107,28434,-19652,8782,21020,-15695,5325,NaN,NaN,NaN,NaN,124109,48371,-62478,-14107,28434,-19652,8782,21020,-15695,5325
2012-07-15T22:00:00Z,27.4,27.425,26.86,27.245,48371,-62478,-14107,28434,-19652,8782,21020,-15695,5325,NaN,NaN,NaN,NaN,124109,48371,-62478,-14107,28434,-19652,8782,21020,-15695,5325
2012-07-16T22:00:00Z,27.27,27.595,26.72,27.27,48214,-63349,-15135,28431,-20775,7656,21018,-13539,7479,NaN,NaN,NaN,NaN,121819,48214,-63349,-15135,28431,-20775,7656,21018,-13539,7479
2012-07-17T22:00:00Z,27.26,27.345,26.85,27.125,48214,-63349,-15135,28431,-20775,7656,21018,-13539,7479,NaN,NaN,NaN,NaN,121819,48214,-63349,-15135,28431,-20775,7656,21018,-13539,7479
2012-07-18T22:00:00Z,27.14,27.575,27.1,27.225,48214,-63349,-15135,28431,-20775,7656,21018,-13539,7479,NaN,NaN,NaN,NaN,121819,48214,-63349,-15135,28431,-20775,7656,21018,-13539,7479
2012-07-19T22:00:00Z,27.24,27.4,26.74,27.28,48214,-63349,-15135,28431,-20775,7656,21018,-13539,7479,NaN,NaN,NaN,NaN,121819,48214,-63349,-15135,28431,-20775,7656,21018,-13539,7479
2012-07-22T22:00:00Z,27.2,27.285,26.615,26.995,48214,-63349,-15135,28431,-20775,7656,21018,-13539,7479,NaN,NaN,NaN,NaN,121819,48214,-63349,-15135,28431,-20775,7656,21018,-13539,7479
2012-07-23T22:00:00Z,26.985,27.145,26.575,26.93,47198,-62653,-15455,30291,-22132,8159,20755,-13459,7296,NaN,NaN,NaN,NaN,123661,47198,-62653,-15455,30291,-22132,8159,20755,-13459,7296
2012-07-24T22:00:00Z,26.925,27.52,26.78,27.285,47198,-62653,-15455,30291,-22132,8159,20755,-13459,7296,NaN,NaN,NaN,NaN,123661,47198,-62653,-15455,30291,-22132,8159,20755,-13459,7296
2012-07-25T22:00:00Z,27.3,27.78,27.21,27.465,47198,-62653,-15455,30291,-22132,8159,20755,-13459,7296,NaN,NaN,NaN,NaN,123661,47198,-62653,-15455,30291,-22132,8159,20755,-13459,7296
2012-07-26T22:00:00Z,27.43,27.85,27.31,27.7,47198,-62653,-15455,30291,-22132,8159,20755,-13459,7296,NaN,NaN,NaN,NaN,123661,47198,-62653,-15455,30291,-22132,8159,20755,-13459,7296
2012-07-29T22:00:00Z,27.685,28.195,27.515,28.145,47198,-62653,-15455,30291,-22132,8159,20755,-13459,7296,NaN,NaN,NaN,NaN,123661,47198,-62653,-15455,30291,-22132,8159,20755,-13459,7296
2012-07-30T22:00:00Z,28.125,28.335,27.865,27.945,43698,-65060,-21362,31394,-18358,13036,21036,-12710,8326,NaN,NaN,NaN,NaN,121809,43698,-65060,-21362,31394,-18358,13036,21036,-12710,8326
2012-07-31T22:00:00Z,27.93,28.02,27.06,27.345,43698,-65060,-21362,31394,-18358,13036,21036,-12710,8326,NaN,NaN,NaN,NaN,121809,43698,-65060,-21362,31394,-18358,13036,21036,-12710,8326
2012-08-01T22:00:00Z,27.34,27.78,26.88,27.075,43698,-65060,-21362,31394,-18358,13036,21036,-12710,8326,NaN,NaN,NaN,NaN,121809,43698,-65060,-21362,31394,-18358,13036,21036,-12710,8326
2012-08-02T22:00:00Z,27.105,27.895,26.99,27.77,43698,-65060,-21362,31394,-18358,13036,21036,-12710,8326,NaN,NaN,NaN,NaN,121809,43698,-65060,-21362,31394,-18358,13036,21036,-12710,8326
2012-08-05T22:00:00Z,27.77,27.95,27.565,27.815,43698,-65060,-21362,31394,-18358,13036,21036,-12710,8326,NaN,NaN,NaN,NaN,121809,43698,-65060,-21362,31394,-18358,13036,21036,-12710,8326
2012-08-06T22:00:00Z,27.825,28.18,27.735,28.045,44595,-66447,-21852,31421,-17741,13680,21580,-13408,8172,NaN,NaN,NaN,NaN,124276,44595,-66447,-21852,31421,-17741,13680,21580,-13408,8172
2012-08-07T22:00:00Z,28.055,28.21,27.66,27.995,44595,-66447,-21852,31421,-17741,13680,21580,-13408,8172,NaN,NaN,NaN,NaN,124276,44595,-66447,-21852,31421,-17741,13680,21580,-13408,8172
2012-08-08T22:00:00Z,27.995,28.185,27.835,28.07,44595,-66447,-21852,31421,-17741,13680,21580,-13408,8172,NaN,NaN,NaN,NaN,124276,44595,-66447,-21852,31421,-17741,13680,21580,-13408,8172
2012-08-09T22:00:00Z,28.085,28.315,27.53,28.05,44595,-66447,-21852,31421,-17741,13680,21580,-13408,8172,NaN,NaN,NaN,NaN,124276,44595,-66447,-21852,31421,-17741,13680,21580,-13408,8172
2012-08-12T22:00:00Z,28.09,28.15,27.685,27.775,44595,-66447,-21852,31421,-17741,13680,21580,-13408,8172,NaN,NaN,NaN,NaN,124276,44595,-66447,-21852,31421,-17741,13680,21580,-13408,8172
2012-08-13T22:00:00Z,27.765,27.97,27.575,27.755,47797,-71199,-23402,32317,-16730,15587,21754,-13939,7815,NaN,NaN,NaN,NaN,128993,47797,-71199,-23402,32317,-16730,15587,21754,-13939,7815
2012-08-14T22:00:00Z,27.755,27.96,27.43,27.75,47797,-71199,-23402,32317,-16730,15587,21754,-13939,7815,NaN,NaN,NaN,NaN,128993,47797,-71199,-23402,32317,-16730,15587,21754,-13939,7815
2012-08-15T22:00:00Z,27.755,28.24,27.66,28.135,47797,-71199,-23402,32317,-16730,15587,21754,-13939,7815,NaN,NaN,NaN,NaN,128993,47797,-71199,-23402,32317,-16730,15587,21754,-13939,7815
2012-08-16T22:00:00Z,28.12,28.29,27.96,27.995,47797,-71199,-23402,32317,-16730,15587,21754,-13939,7815,NaN,NaN,NaN,NaN,128993,47797,-71199,-23402,32317,-16730,15587,21754,-13939,7815
2012-08-19T22:00:00Z,28.055,28.79,27.875,28.735,47797,-71199,-23402,32317,-16730,15587,21754,-13939,7815,NaN,NaN,NaN,NaN,128993,47797,-71199,-23402,32317,-16730,15587,21754,-13939,7815
2012-08-20T22:00:00Z,28.755,29.46,28.61,29.26,43146,-75623,-32477,35646,-14446,21200,24430,-13153,11277,NaN,NaN,NaN,NaN,127776,43146,-75623,-32477,35646,-14446,21200,24430,-13153,11277
2012-08-21T22:00:00Z,29.26,29.885,29.17,29.765,43146,-75623,-32477,35646,-14446,21200,24430,-13153,11277,NaN,NaN,NaN,NaN,127776,43146,-75623,-32477,35646,-14446,21200,24430,-13153,11277
2012-08-22T22:00:00Z,29.785,30.79,29.76,30.52,43146,-75623,-32477,35646,-14446,21200,24430,-13153,11277,NaN,NaN,NaN,NaN,127776,43146,-75623,-32477,35646,-14446,21200,24430,-13153,11277
2012-08-23T22:00:00Z,30.5,30.77,30.19,30.725,43146,-75623,-32477,35646,-14446,21200,24430,-13153,11277,NaN,NaN,NaN,NaN,127776,43146,-75623,-32477,35646,-14446,21200,24430,-13153,11277
2012-08-26T22:00:00Z,30.77,31.225,30.58,30.67,43146,-75623,-32477,35646,-14446,21200,24430,-13153,11277,NaN,NaN,NaN,NaN,127776,43146,-75623,-32477,35646,-14446,21200,24430,-13153,11277
2012-08-27T22:00:00Z,30.67,30.975,30.485,30.85,38039,-76613,-38574,39708,-11070,28638,21898,-11962,9936,NaN,NaN,NaN,NaN,121777,38039,-76613,-38574,39708,-11070,28638,21898,-11962,9936
2012-08-28T22:00:00Z,30.86,30.94,30.525,30.68,38039,-76613,-38574,39708,-11070,28638,21898,-11962,9936,NaN,NaN,NaN,NaN,121777,38039,-76613,-38574,39708,-11070,28638,21898,-11962,9936
2012-08-29T22:00:00Z,30.765,30.97,30.265,30.49,38039,-76613,-38574,39708,-11070,28638,21898,-11962,9936,NaN,NaN,NaN,NaN,121777,38039,-76613,-38574,39708,-11070,28638,21898,-11962,9936
2012-08-30T22:00:00Z,30.495,31.815,30.295,31.79,38039,-76613,-38574,39708,-11070,28638,21898,-11962,9936,NaN,NaN,NaN,NaN,121777,38039,-76613,-38574,39708,-11070,28638,21898,-11962,9936
2012-09-02T22:00:00Z,31.735,32.47,31.575,32.395,32297,-77217,-44920,42283,-9853,32430,23408,-10918,12490,NaN,NaN,NaN,NaN,119504,32297,-77217,-44920,42283,-9853,32430,23408,-10918,12490
2012-09-04T22:00:00Z,32.38,32.43,32,32.3,32297,-77217,-44920,42283,-9853,32430,23408,-10918,12490,NaN,NaN,NaN,NaN,119504,32297,-77217,-44920,42283,-9853,32430,23408,-10918,12490
2012-09-05T22:00:00Z,32.315,33.04,32.245,32.735,32297,-77217,-44920,42283,-9853,32430,23408,-10918,12490,NaN,NaN,NaN,NaN,119504,32297,-77217,-44920,42283,-9853,32430,23408,-10918,12490
2012-09-06T22:00:00Z,32.7,33.775,32.005,33.725,32297,-77217,-44920,42283,-9853,32430,23408,-10918,12490,NaN,NaN,NaN,NaN,119504,32297,-77217,-44920,42283,-9853,32430,23408,-10918,12490
2012-09-09T22:00:00Z,33.71,34.02,33.285,33.37,32297,-77217,-44920,42283,-9853,32430,23408,-10918,12490,NaN,NaN,NaN,NaN,119504,32297,-77217,-44920,42283,-9853,32430,23408,-10918,12490
2012-09-10T22:00:00Z,33.41,33.875,33.38,33.505,32206,-79478,-47272,41371,-9889,31482,25261,-9471,15790,NaN,NaN,NaN,NaN,121050,32206,-79478,-47272,41371,-9889,31482,25261,-9471,15790
2012-09-11T22:00:00Z,33.5,34.145,32.51,33.34,32206,-79478,-47272,41371,-9889,31482,25261,-9471,15790,NaN,NaN,NaN,NaN,121050,32206,-79478,-47272,41371,-9889,31482,25261,-9471,15790
2012-09-12T22:00:00Z,33.3,34.87,32.72,34.71,32206,-79478,-47272,41371,-9889,31482,25261,-9471,15790,NaN,NaN,NaN,NaN,121050,32206,-79478,-47272,41371,-9889,31482,25261,-9471,15790
2012-09-13T22:00:00Z,34.745,34.985,34.32,34.7,32206,-79478,-47272,41371,-9889,31482,25261,-9471,15790,NaN,NaN,NaN,NaN,121050,32206,-79478,-47272,41371,-9889,31482,25261,-9471,15790
2012-09-16T22:00:00Z,34.625,34.94,33.845,34.275,32206,-79478,-47272,41371,-9889,31482,25261,-9471,15790,NaN,NaN,NaN,NaN,121050,32206,-79478,-47272,41371,-9889,31482,25261,-9471,15790
2012-09-17T22:00:00Z,34.34,35.1,34.015,34.81,31884,-82358,-50474,43205,-10650,32555,27966,-10047,17919,NaN,NaN,NaN,NaN,127032,31884,-82358,-50474,43205,-10650,32555,27966,-10047,17919
2012-09-18T22:00:00Z,34.815,35.025,34.32,34.605,31884,-82358,-50474,43205,-10650,32555,27966,-10047,17919,NaN,NaN,NaN,NaN,127032,31884,-82358,-50474,43205,-10650,32555,27966,-10047,17919
2012-09-19T22:00:00Z,34.605,34.8,34.12,34.68,31884,-82358,-50474,43205,-10650,32555,27966,-10047,17919,NaN,NaN,NaN,NaN,127032,31884,-82358,-50474,43205,-10650,32555,27966,-10047,17919
2012-09-20T22:00:00Z,34.68,35.26,34.365,34.54,31884,-82358,-50474,43205,-10650,32555,27966,-10047,17919,NaN,NaN,NaN,NaN,127032,31884,-82358,-50474,43205,-10650,32555,27966,-10047,17919
2012-09-23T22:00:00Z,34.52,34.585,33.63,34.005,31884,-82358,-50474,43205,-10650,32555,27966,-10047,17919,NaN,NaN,NaN,NaN,127032,31884,-82358,-50474,43205,-10650,32555,27966,-10047,17919
2012-09-24T22:00:00Z,34.01,34.545,33.715,33.815,34451,-86110,-51659,44778,-10768,34010,29126,-11477,17649,NaN,NaN,NaN,NaN,133163,34451,-86110,-51659,44778,-10768,34010,29126,-11477,17649
2012-09-25T22:00:00Z,33.79,34.11,33.36,34.025,34451,-86110,-51659,44778,-10768,34010,29126,-11477,17649,NaN,NaN,NaN,NaN,133163,34451,-86110,-51659,44778,-10768,34010,29126,-11477,17649
2012-09-26T22:00:00Z,33.995,34.815,33.905,34.675,34451,-86110,-51659,44778,-10768,34010,29126,-11477,17649,NaN,NaN,NaN,NaN,133163,34451,-86110,-51659,44778,-10768,34010,29126,-11477,17649
2012-09-27T22:00:00Z,34.69,34.925,34.33,34.53,34451,-86110,-51659,44778,-10768,34010,29126,-11477,17649,NaN,NaN,NaN,NaN,133163,34451,-86110,-51659,44778,-10768,34010,29126,-11477,17649
2012-09-30T22:00:00Z,34.53,35.445,34.21,34.69,34451,-86110,-51659,44778,-10768,34010,29126,-11477,17649,NaN,NaN,NaN,NaN,133163,34451,-86110,-51659,44778,-10768,34010,29126,-11477,17649
2012-10-01T22:00:00Z,34.75,35.115,34.42,34.655,35788,-93628,-57840,47236,-9118,38118,30066,-10344,19722,NaN,NaN,NaN,NaN,139117,35788,-93628,-57840,47236,-9118,38118,30066,-10344,19722
2012-10-02T22:00:00Z,34.645,34.93,34.515,34.68,35788,-93628,-57840,47236,-9118,38118,30066,-10344,19722,NaN,NaN,NaN,NaN,139117,35788,-93628,-57840,47236,-9118,38118,30066,-10344,19722
2012-10-03T22:00:00Z,34.655,35.17,34.655,35,35788,-93628,-57840,47236,-9118,38118,30066,-10344,19722,NaN,NaN,NaN,NaN,139117,35788,-93628,-57840,47236,-9118,38118,30066,-10344,19722
2012-10-04T22:00:00Z,35.035,35.145,34.315,34.54,35788,-93628,-57840,47236,-9118,38118,30066,-10344,19722,NaN,NaN,NaN,NaN,139117,35788,-93628,-57840,47236,-9118,38118,30066,-10344,19722
2012-10-07T22:00:00Z,34.57,34.605,33.62,34.015,35788,-93628,-57840,47236,-9118,38118,30066,-10344,19722,NaN,NaN,NaN,NaN,139117,35788,-93628,-57840,47236,-9118,38118,30066,-10344,19722
2012-10-08T22:00:00Z,34.025,34.26,33.57,33.935,36184,-93188,-57004,49398,-9573,39825,28428,-11249,17179,NaN,NaN,NaN,NaN,140426,36184,-93188,-57004,49398,-9573,39825,28428,-11249,17179
2012-10-09T22:00:00Z,33.925,34.19,33.745,34.015,36184,-93188,-57004,49398,-9573,39825,28428,-11249,17179,NaN,NaN,NaN,NaN,140426,36184,-93188,-57004,49398,-9573,39825,28428,-11249,17179
2012-10-10T22:00:00Z,34.01,34.38,33.815,34.03,36184,-93188,-57004,49398,-9573,39825,28428,-11249,17179,NaN,NaN,NaN,NaN,140426,36184,-93188,-57004,49398,-9573,39825,28428,-11249,17179
2012-10-11T22:00:00Z,34.03,34.165,33.45,33.475,36184,-93188,-57004,49398,-9573,39825,28428,-11249,17179,NaN,NaN,NaN,NaN,140426,36184,-93188,-57004,49398,-9573,39825,28428,-11249,17179
2012-10-14T22:00:00Z,33.455,33.47,32.57,32.725,36184,-93188,-57004,49398,-9573,39825,28428,-11249,17179,NaN,NaN,NaN,NaN,140426,36184,-93188,-57004,49398,-9573,39825,28428,-11249,17179
2012-10-15T22:00:00Z,32.755,33.08,32.655,32.985,36221,-93315,-57094,49041,-8913,40128,27981,-11015,16966,NaN,NaN,NaN,NaN,141405,36221,-93315,-57094,49041,-8913,40128,27981,-11015,16966
2012-10-16T22:00:00Z,32.985,33.3,32.88,33.22,36221,-93315,-57094,49041,-8913,40128,27981,-11015,16966,NaN,NaN,NaN,NaN,141405,36221,-93315,-57094,49041,-8913,40128,27981,-11015,16966
2012-10-17T22:00:00Z,33.22,33.325,32.705,32.83,36221,-93315,-57094,49041,-8913,40128,27981,-11015,16966,NaN,NaN,NaN,NaN,141405,36221,-93315,-57094,49041,-8913,40128,27981,-11015,16966
2012-10-18T22:00:00Z,32.815,32.915,31.945,32.09,36221,-93315,-57094,49041,-8913,40128,27981,-11015,16966,NaN,NaN,NaN,NaN,141405,36221,-93315,-57094,49041,-8913,40128,27981,-11015,16966
2012-10-21T22:00:00Z,31.99,32.475,31.71,32.47,36221,-93315,-57094,49041,-8913,40128,27981,-11015,16966,NaN,NaN,NaN,NaN,141405,36221,-93315,-57094,49041,-8913,40128,27981,-11015,16966
2012-10-22T22:00:00Z,32.395,32.5,31.57,31.685,35786,-91285,-55499,47463,-9327,38136,27437,-10074,17363,NaN,NaN,NaN,NaN,140643,35786,-91285,-55499,47463,-9327,38136,27437,-10074,17363
2012-10-23T22:00:00Z,31.7,32.055,31.535,31.745,35786,-91285,-55499,47463,-9327,38136,27437,-10074,17363,NaN,NaN,NaN,NaN,140643,35786,-91285,-55499,47463,-9327,38136,27437,-10074,17363
2012-10-24T22:00:00Z,31.745,32.26,31.735,32.125,35786,-91285,-55499,47463,-9327,38136,27437,-10074,17363,NaN,NaN,NaN,NaN,140643,35786,-91285,-55499,47463,-9327,38136,27437,-10074,17363
2012-10-25T22:00:00Z,32.13,32.38,31.6,32.1,35786,-91285,-55499,47463,-9327,38136,27437,-10074,17363,NaN,NaN,NaN,NaN,140643,35786,-91285,-55499,47463,-9327,38136,27437,-10074,17363
2012-10-28T22:00:00Z,32.115,32.23,31.68,31.77,35786,-91285,-55499,47463,-9327,38136,27437,-10074,17363,NaN,NaN,NaN,NaN,140643,35786,-91285,-55499,47463,-9327,38136,27437,-10074,17363
2012-10-29T22:00:00Z,31.79,32.15,31.72,31.76,36939,-90671,-53732,46782,-10565,36217,26811,-9296,17515,NaN,NaN,NaN,NaN,137585,36939,-90671,-53732,46782,-10565,36217,26811,-9296,17515
2012-10-30T22:00:00Z,31.77,32.435,31.755,32.255,36939,-90671,-53732,46782,-10565,36217,26811,-9296,17515,NaN,NaN,NaN,NaN,137585,36939,-90671,-53732,46782,-10565,36217,26811,-9296,17515
2012-10-31T22:00:00Z,32.275,32.695,32.19,32.265,36939,-90671,-53732,46782,-10565,36217,26811,-9296,17515,NaN,NaN,NaN,NaN,137585,36939,-90671,-53732,46782,-10565,36217,26811,-9296,17515
2012-11-01T22:00:00Z,32.28,32.365,30.815,30.905,36939,-90671,-53732,46782,-10565,36217,26811,-9296,17515,NaN,NaN,NaN,NaN,137585,36939,-90671,-53732,46782,-10565,36217,26811,-9296,17515
2012-11-04T23:00:00Z,30.89,31.25,30.655,31.17,36939,-90671,-53732,46782,-10565,36217,26811,-9296,17515,NaN,NaN,NaN,NaN,137585,36939,-90671,-53732,46782,-10565,36217,26811,-9296,17515
2012-11-05T23:00:00Z,31.2,32.275,31.07,32.005,38726,-88404,-49678,44230,-10111,34119,25680,-10121,15559,NaN,NaN,NaN,NaN,139313,38726,-88404,-49678,44230,-10111,34119,25680,-10121,15559
2012-11-06T23:00:00Z,32,32.42,31.215,31.83,38726,-88404,-49678,44230,-10111,34119,25680,-10121,15559,NaN,NaN,NaN,NaN,139313,38726,-88404,-49678,44230,-10111,34119,25680,-10121,15559
2012-11-07T23:00:00Z,31.83,32.45,31.63,32.3,38726,-88404,-49678,44230,-10111,34119,25680,-10121,15559,NaN,NaN,NaN,NaN,139313,38726,-88404,-49678,44230,-10111,34119,25680,-10121,15559
2012-11-08T23:00:00Z,32.32,32.785,32.065,32.62,38726,-88404,-49678,44230,-10111,34119,25680,-10121,15559,NaN,NaN,NaN,NaN,139313,38726,-88404,-49678,44230,-10111,34119,25680,-10121,15559
2012-11-11T23:00:00Z,32.65,32.745,32.175,32.395,38726,-88404,-49678,44230,-10111,34119,25680,-10121,15559,NaN,NaN,NaN,NaN,139313,38726,-88404,-49678,44230,-10111,34119,25680,-10121,15559
2012-11-12T23:00:00Z,32.405,32.83,32.1,32.48,41797,-92758,-50961,45185,-10775,34410,27180,-10629,16551,NaN,NaN,NaN,NaN,144567,41797,-92758,-50961,45185,-10775,34410,27180,-10629,16551
2012-11-13T23:00:00Z,32.475,32.93,32.365,32.705,41797,-92758,-50961,45185,-10775,34410,27180,-10629,16551,NaN,NaN,NaN,NaN,144567,41797,-92758,-50961,45185,-10775,34410,27180,-10629,16551
2012-11-14T23:00:00Z,32.745,32.775,32.15,32.585,41797,-92758,-50961,45185,-10775,34410,27180,-10629,16551,NaN,NaN,NaN,NaN,144567,41797,-92758,-50961,45185,-10775,34410,27180,-10629,16551
2012-11-15T23:00:00Z,32.585,32.68,32.015,32.285,41797,-92758,-50961,45185,-10775,34410,27180,-10629,16551,NaN,NaN,NaN,NaN,144567,41797,-92758,-50961,45185,-10775,34410,27180,-10629,16551
2012-11-18T23:00:00Z,32.285,33.215,32.285,33.07,41797,-92758,-50961,45185,-10775,34410,27180,-10629,16551,NaN,NaN,NaN,NaN,144567,41797,-92758,-50961,45185,-10775,34410,27180,-10629,16551
2012-11-19T23:00:00Z,33.08,33.26,32.86,33.16,43419,-98605,-55186,47308,-9347,37961,28953,-11728,17225,NaN,NaN,NaN,NaN,150335,43419,-98605,-55186,47308,-9347,37961,28953,-11728,17225
2012-11-20T23:00:00Z,33.17,33.395,32.825,33.365,43419,-98605,-55186,47308,-9347,37961,28953,-11728,17225,NaN,NaN,NaN,NaN,150335,43419,-98605,-55186,47308,-9347,37961,28953,-11728,17225
2012-11-21T23:00:00Z,33.36,34.16,33.235,34.11,43419,-98605,-55186,47308,-9347,37961,28953,-11728,17225,NaN,NaN,NaN,NaN,150335,43419,-98605,-55186,47308,-9347,37961,28953,-11728,17225
2012-11-25T23:00:00Z,34.075,34.225,33.885,34.165,43419,-98605,-55186,47308,-9347,37961,28953,-11728,17225,NaN,NaN,NaN,NaN,150335,43419,-98605,-55186,47308,-9347,37961,28953,-11728,17225
2012-11-26T23:00:00Z,34.16,34.275,33.91,34.035,42544,-101878,-59334,51084,-9809,41275,30361,-12302,18059,NaN,NaN,NaN,NaN,150727,42544,-101878,-59334,51084,-9809,41275,30361,-12302,18059
2012-11-27T23:00:00Z,33.995,34.04,32.9,33.75,42544,-101878,-59334,51084,-9809,41275,30361,-12302,18059,NaN,NaN,NaN,NaN,150727,42544,-101878,-59334,51084,-9809,41275,30361,-12302,18059
2012-11-28T23:00:00Z,33.81,34.49,33.61,34.33,42544,-101878,-59334,51084,-9809,41275,30361,-12302,18059,NaN,NaN,NaN,NaN,150727,42544,-101878,-59334,51084,-9809,41275,30361,-12302,18059
2012-11-29T23:00:00Z,34.315,34.425,33.215,33.5,42544,-101878,-59334,51084,-9809,41275,30361,-12302,18059,NaN,NaN,NaN,NaN,150727,42544,-101878,-59334,51084,-9809,41275,30361,-12302,18059
2012-12-02T23:00:00Z,33.495,33.93,33.455,33.72,42544,-101878,-59334,51084,-9809,41275,30361,-12302,18059,NaN,NaN,NaN,NaN,150727,42544,-101878,-59334,51084,-9809,41275,30361,-12302,18059
2012-12-03T23:00:00Z,33.72,33.75,32.745,32.965,38410,-96924,-58514,50204,-8932,41272,29037,-11795,17242,NaN,NaN,NaN,NaN,141738,38410,-96924,-58514,50204,-8932,41272,29037,-11795,17242
2012-12-04T23:00:00Z,32.88,33.3,32.585,32.955,38410,-96924,-58514,50204,-8932,41272,29037,-11795,17242,NaN,NaN,NaN,NaN,141738,38410,-96924,-58514,50204,-8932,41272,29037,-11795,17242
2012-12-05T23:00:00Z,32.95,33.33,32.6,33.065,38410,-96924,-58514,50204,-8932,41272,29037,-11795,17242,NaN,NaN,NaN,NaN,141738,38410,-96924,-58514,50204,-8932,41272,29037,-11795,17242
2012-12-06T23:00:00Z,33.075,33.34,32.68,33.16,38410,-96924,-58514,50204,-8932,41272,29037,-11795,17242,NaN,NaN,NaN,NaN,141738,38410,-96924,-58514,50204,-8932,41272,29037,-11795,17242
2012-12-09T23:00:00Z,33.125,33.495,33.09,33.325,38410,-96924,-58514,50204,-8932,41272,29037,-11795,17242,NaN,NaN,NaN,NaN,141738,38410,-96924,-58514,50204,-8932,41272,29037,-11795,17242
2012-12-10T23:00:00Z,33.335,33.345,32.835,33.065,39515,-97438,-57923,48548,-9048,39500,29547,-11124,18423,NaN,NaN,NaN,NaN,142085,39515,-97438,-57923,48548,-9048,39500,29547,-11124,18423
2012-12-11T23:00:00Z,33.065,33.875,32.995,33.51,39515,-97438,-57923,48548,-9048,39500,29547,-11124,18423,NaN,NaN,NaN,NaN,142085,39515,-97438,-57923,48548,-9048,39500,29547,-11124,18423
2012-12-12T23:00:00Z,33.52,33.52,32.28,32.605,39515,-97438,-57923,48548,-9048,39500,29547,-11124,18423,NaN,NaN,NaN,NaN,142085,39515,-97438,-57923,48548,-9048,39500,29547,-11124,18423
2012-12-13T23:00:00Z,32.62,32.795,32.245,32.37,39515,-97438,-57923,48548,-9048,39500,29547,-11124,18423,NaN,NaN,NaN,NaN,142085,39515,-97438,-57923,48548,-9048,39500,29547,-11124,18423
2012-12-16T23:00:00Z,32.4,32.485,32.08,32.34,39515,-97438,-57923,48548,-9048,39500,29547,-11124,18423,NaN,NaN,NaN,NaN,142085,39515,-97438,-57923,48548,-9048,39500,29547,-11124,18423
2012-12-17T23:00:00Z,32.34,32.6,31.4,31.695,40347,-95686,-55339,44889,-8900,35989,29568,-10218,19350,NaN,NaN,NaN,NaN,141423,40347,-95686,-55339,44889,-8900,35989,29568,-10218,19350
2012-12-18T23:00:00Z,31.72,31.87,31.03,31.03,40347,-95686,-55339,44889,-8900,35989,29568,-10218,19350,NaN,NaN,NaN,NaN,141423,40347,-95686,-55339,44889,-8900,35989,29568,-10218,19350
2012-12-19T23:00:00Z,31.045,31.275,29.635,29.96,40347,-95686,-55339,44889,-8900,35989,29568,-10218,19350,NaN,NaN,NaN,NaN,141423,40347,-95686,-55339,44889,-8900,35989,29568,-10218,19350
2012-12-20T23:00:00Z,29.955,30.325,29.67,29.995,40347,-95686,-55339,44889,-8900,35989,29568,-10218,19350,NaN,NaN,NaN,NaN,141423,40347,-95686,-55339,44889,-8900,35989,29568,-10218,19350
2012-12-23T23:00:00Z,30.02,30.395,29.865,29.955,44302,-91010,-46708,39620,-8977,30643,26449,-10384,16065,NaN,NaN,NaN,NaN,140751,44302,-91010,-46708,39620,-8977,30643,26449,-10384,16065
2012-12-25T23:00:00Z,29.96,30.255,29.85,30.07,44302,-91010,-46708,39620,-8977,30643,26449,-10384,16065,NaN,NaN,NaN,NaN,140751,44302,-91010,-46708,39620,-8977,30643,26449,-10384,16065
2012-12-26T23:00:00Z,30.05,30.53,29.715,30.165,44302,-91010,-46708,39620,-8977,30643,26449,-10384,16065,NaN,NaN,NaN,NaN,140751,44302,-91010,-46708,39620,-8977,30643,26449,-10384,16065
2012-12-27T23:00:00Z,30.165,30.365,29.91,30.08,44302,-91010,-46708,39620,-8977,30643,26449,-10384,16065,NaN,NaN,NaN,NaN,140751,44302,-91010,-46708,39620,-8977,30643,26449,-10384,16065
2012-12-30T23:00:00Z,30.08,30.48,29.92,30.34,45415,-90751,-45336,38291,-9104,29187,26606,-10457,16149,NaN,NaN,NaN,NaN,141489,45415,-90751,-45336,38291,-9104,29187,26606,-10457,16149
2013-01-01T23:00:00Z,30.37,31.535,30.225,31.01,45415,-90751,-45336,38291,-9104,29187,26606,-10457,16149,NaN,NaN,NaN,NaN,141489,45415,-90751,-45336,38291,-9104,29187,26606,-10457,16149
2013-01-02T23:00:00Z,31.025,31.225,30.015,30.115,45415,-90751,-45336,38291,-9104,29187,26606,-10457,16149,NaN,NaN,NaN,NaN,141489,45415,-90751,-45336,38291,-9104,29187,26606,-10457,16149
2013-01-03T23:00:00Z,30.1,30.3,29.24,30.195,45415,-90751,-45336,38291,-9104,29187,26606,-10457,16149,NaN,NaN,NaN,NaN,141489,45415,-90751,-45336,38291,-9104,29187,26606,-10457,16149
2013-01-06T23:00:00Z,30.235,30.475,29.86,30.155,45415,-90751,-45336,38291,-9104,29187,26606,-10457,16149,NaN,NaN,NaN,NaN,141489,45415,-90751,-45336,38291,-9104,29187,26606,-10457,16149
2013-01-07T23:00:00Z,30.145,30.59,30.085,30.415,44977,-86242,-41265,37257,-9163,28094,25113,-11942,13171,NaN,NaN,NaN,NaN,137542,44977,-86242,-41265,37257,-9163,28094,25113,-11942,13171
2013-01-08T23:00:00Z,30.395,30.575,30.065,30.36,44977,-86242,-41265,37257,-9163,28094,25113,-11942,13171,NaN,NaN,NaN,NaN,137542,44977,-86242,-41265,37257,-9163,28094,25113,-11942,13171
2013-01-09T23:00:00Z,30.385,30.95,30.255,30.855,44977,-86242,-41265,37257,-9163,28094,25113,-11942,13171,NaN,NaN,NaN,NaN,137542,44977,-86242,-41265,37257,-9163,28094,25113,-11942,13171
2013-01-10T23:00:00Z,30.87,30.94,30.15,30.44,44977,-86242,-41265,37257,-9163,28094,25113,-11942,13171,NaN,NaN,NaN,NaN,137542,44977,-86242,-41265,37257,-9163,28094,25113,-11942,13171
2013-01-13T23:00:00Z,30.42,31.17,30.38,31.07,44977,-86242,-41265,37257,-9163,28094,25113,-11942,13171,NaN,NaN,NaN,NaN,137542,44977,-86242,-41265,37257,-9163,28094,25113,-11942,13171
2013-01-14T23:00:00Z,31.065,31.615,30.965,31.37,46337,-88369,-42032,38382,-9810,28572,26185,-12725,13460,NaN,NaN,NaN,NaN,140433,46337,-88369,-42032,38382,-9810,28572,26185,-12725,13460
2013-01-15T23:00:00Z,31.44,31.57,31.09,31.49,46337,-88369,-42032,38382,-9810,28572,26185,-12725,13460,NaN,NaN,NaN,NaN,140433,46337,-88369,-42032,38382,-9810,28572,26185,-12725,13460
2013-01-16T23:00:00Z,31.49,31.93,31.05,31.73,46337,-88369,-42032,38382,-9810,28572,26185,-12725,13460,NaN,NaN,NaN,NaN,140433,46337,-88369,-42032,38382,-9810,28572,26185,-12725,13460
2013-01-17T23:00:00Z,31.745,32.14,31.67,31.895,46337,-88369,-42032,38382,-9810,28572,26185,-12725,13460,NaN,NaN,NaN,NaN,140433,46337,-88369,-42032,38382,-9810,28572,26185,-12725,13460
2013-01-20T23:00:00Z,31.925,32.365,31.815,32.21,44790,-92188,-47398,41282,-10189,31093,27235,-10930,16305,NaN,NaN,NaN,NaN,142279,44790,-92188,-47398,41282,-10189,31093,27235,-10930,16305
2013-01-22T23:00:00Z,32.18,32.485,32.1,32.23,44790,-92188,-47398,41282,-10189,31093,27235,-10930,16305,NaN,NaN,NaN,NaN,142279,44790,-92188,-47398,41282,-10189,31093,27235,-10930,16305
2013-01-23T23:00:00Z,32.24,32.245,31.605,31.625,44790,-92188,-47398,41282,-10189,31093,27235,-10930,16305,NaN,NaN,NaN,NaN,142279,44790,-92188,-47398,41282,-10189,31093,27235,-10930,16305
2013-01-24T23:00:00Z,31.64,31.815,31.125,31.18,44790,-92188,-47398,41282,-10189,31093,27235,-10930,16305,NaN,NaN,NaN,NaN,142279,44790,-92188,-47398,41282,-10189,31093,27235,-10930,16305
2013-01-27T23:00:00Z,31.16,31.32,30.745,30.835,44790,-92188,-47398,41282,-10189,31093,27235,-10930,16305,NaN,NaN,NaN,NaN,142279,44790,-92188,-47398,41282,-10189,31093,27235,-10930,16305
2013-01-28T23:00:00Z,30.85,31.47,30.85,31.38,45404,-95671,-50267,43089,-8285,34804,26409,-10946,15463,NaN,NaN,NaN,NaN,148532,45404,-95671,-50267,43089,-8285,34804,26409,-10946,15463
2013-01-29T23:00:00Z,31.385,32.3,31.25,32.01,45404,-95671,-50267,43089,-8285,34804,26409,-10946,15463,NaN,NaN,NaN,NaN,148532,45404,-95671,-50267,43089,-8285,34804,26409,-10946,15463
2013-01-30T23:00:00Z,32.005,32.13,31.12,31.47,45404,-95671,-50267,43089,-8285,34804,26409,-10946,15463,NaN,NaN,NaN,NaN,148532,45404,-95671,-50267,43089,-8285,34804,26409,-10946,15463
2013-01-31T23:00:00Z,31.42,32.16,31.3,31.835,45404,-95671,-50267,43089,-8285,34804,26409,-10946,15463,NaN,NaN,NaN,NaN,148532,45404,-95671,-50267,43089,-8285,34804,26409,-10946,15463
2013-02-03T23:00:00Z,31.875,31.925,31.385,31.76,45404,-95671,-50267,43089,-8285,34804,26409,-10946,15463,NaN,NaN,NaN,NaN,148532,45404,-95671,-50267,43089,-8285,34804,26409,-10946,15463
2013-02-04T23:00:00Z,31.775,32.115,31.62,31.815,46293,-98239,-51946,42449,-6588,35861,27046,-10961,16085,NaN,NaN,NaN,NaN,151512,46293,-98239,-51946,42449,-6588,35861,27046,-10961,16085
2013-02-05T23:00:00Z,31.795,31.9,31.6,31.865,46293,-98239,-51946,42449,-6588,35861,27046,-10961,16085,NaN,NaN,NaN,NaN,151512,46293,-98239,-51946,42449,-6588,35861,27046,-10961,16085
2013-02-06T23:00:00Z,31.845,31.935,31.295,31.45,46293,-98239,-51946,42449,-6588,35861,27046,-10961,16085,NaN,NaN,NaN,NaN,151512,46293,-98239,-51946,42449,-6588,35861,27046,-10961,16085
2013-02-07T23:00:00Z,31.46,31.695,31.33,31.43,46293,-98239,-51946,42449,-6588,35861,27046,-10961,16085,NaN,NaN,NaN,NaN,151512,46293,-98239,-51946,42449,-6588,35861,27046,-10961,16085
2013-02-10T23:00:00Z,31.45,31.535,30.82,30.945,46293,-98239,-51946,42449,-6588,35861,27046,-10961,16085,NaN,NaN,NaN,NaN,151512,46293,-98239,-51946,42449,-6588,35861,27046,-10961,16085
2013-02-11T23:00:00Z,30.92,31.16,30.58,31.11,52182,-98979,-46797,40205,-8133,32072,26683,-11958,14725,NaN,NaN,NaN,NaN,152817,52182,-98979,-46797,40205,-8133,32072,26683,-11958,14725
2013-02-12T23:00:00Z,31.14,31.225,30.73,30.76,52182,-98979,-46797,40205,-8133,32072,26683,-11958,14725,NaN,NaN,NaN,NaN,152817,52182,-98979,-46797,40205,-8133,32072,26683,-11958,14725
2013-02-13T23:00:00Z,30.76,31.06,30.21,30.37,52182,-98979,-46797,40205,-8133,32072,26683,-11958,14725,NaN,NaN,NaN,NaN,152817,52182,-98979,-46797,40205,-8133,32072,26683,-11958,14725
2013-02-14T23:00:00Z,30.35,30.46,29.66,29.8,52182,-98979,-46797,40205,-8133,32072,26683,-11958,14725,NaN,NaN,NaN,NaN,152817,52182,-98979,-46797,40205,-8133,32072,26683,-11958,14725
2013-02-17T23:00:00Z,29.81,30.15,29.175,29.395,54208,-92164,-37956,39057,-12601,26456,27179,-15679,11500,NaN,NaN,NaN,NaN,155353,54208,-92164,-37956,39057,-12601,26456,27179,-15679,11500
2013-02-19T23:00:00Z,29.41,29.615,28.255,28.51,54208,-92164,-37956,39057,-12601,26456,27179,-15679,11500,NaN,NaN,NaN,NaN,155353,54208,-92164,-37956,39057,-12601,26456,27179,-15679,11500
2013-02-20T23:00:00Z,28.51,28.88,28.29,28.625,54208,-92164,-37956,39057,-12601,26456,27179,-15679,11500,NaN,NaN,NaN,NaN,155353,54208,-92164,-37956,39057,-12601,26456,27179,-15679,11500
2013-02-21T23:00:00Z,28.645,28.895,28.335,28.7,54208,-92164,-37956,39057,-12601,26456,27179,-15679,11500,NaN,NaN,NaN,NaN,155353,54208,-92164,-37956,39057,-12601,26456,27179,-15679,11500
2013-02-24T23:00:00Z,28.785,29.215,28.54,28.94,54208,-92164,-37956,39057,-12601,26456,27179,-15679,11500,NaN,NaN,NaN,NaN,155353,54208,-92164,-37956,39057,-12601,26456,27179,-15679,11500
2013-02-25T23:00:00Z,28.935,29.43,28.55,29.37,52509,-83395,-30886,37753,-16016,21737,24540,-15391,9149,NaN,NaN,NaN,NaN,145625,52509,-83395,-30886,37753,-16016,21737,24540,-15391,9149
2013-02-26T23:00:00Z,29.405,29.44,28.865,28.985,52509,-83395,-30886,37753,-16016,21737,24540,-15391,9149,NaN,NaN,NaN,NaN,145625,52509,-83395,-30886,37753,-16016,21737,24540,-15391,9149
2013-02-27T23:00:00Z,29.015,29.19,28.4,28.51,52509,-83395,-30886,37753,-16016,21737,24540,-15391,9149,NaN,NaN,NaN,NaN,145625,52509,-83395,-30886,37753,-16016,21737,24540,-15391,9149
2013-02-28T23:00:00Z,28.525,28.79,27.925,28.595,52509,-83395,-30886,37753,-16016,21737,24540,-15391,9149,NaN,NaN,NaN,NaN,145625,52509,-83395,-30886,37753,-16016,21737,24540,-15391,9149
2013-03-03T23:00:00Z,28.68,28.815,28.43,28.58,52509,-83395,-30886,37753,-16016,21737,24540,-15391,9149,NaN,NaN,NaN,NaN,145625,52509,-83395,-30886,37753,-16016,21737,24540,-15391,9149
2013-03-04T23:00:00Z,28.595,29.09,28.52,28.68,52774,-81957,-29183,38449,-19846,18603,24856,-14276,10580,NaN,NaN,NaN,NaN,147100,52774,-81957,-29183,38449,-19846,18603,24856,-14276,10580
2013-03-05T23:00:00Z,28.68,29.14,28.52,29.02,52774,-81957,-29183,38449,-19846,18603,24856,-14276,10580,NaN,NaN,NaN,NaN,147100,52774,-81957,-29183,38449,-19846,18603,24856,-14276,10580
2013-03-06T23:00:00Z,29.01,29.085,28.74,28.855,52774,-81957,-29183,38449,-19846,18603,24856,-14276,10580,NaN,NaN,NaN,NaN,147100,52774,-81957,-29183,38449,-19846,18603,24856,-14276,10580
2013-03-07T23:00:00Z,28.855,29.26,28.325,28.96,52774,-81957,-29183,38449,-19846,18603,24856,-14276,10580,NaN,NaN,NaN,NaN,147100,52774,-81957,-29183,38449,-19846,18603,24856,-14276,10580
2013-03-10T22:00:00Z,28.985,29.085,28.705,28.955,52774,-81957,-29183,38449,-19846,18603,24856,-14276,10580,NaN,NaN,NaN,NaN,147100,52774,-81957,-29183,38449,-19846,18603,24856,-14276,10580
2013-03-11T22:00:00Z,28.955,29.35,28.87,29.12,51929,-81352,-29423,38637,-20529,18108,24899,-13584,11315,NaN,NaN,NaN,NaN,148283,51929,-81352,-29423,38637,-20529,18108,24899,-13584,11315
2013-03-12T22:00:00Z,29.13,29.28,28.835,28.9,51929,-81352,-29423,38637,-20529,18108,24899,-13584,11315,NaN,NaN,NaN,NaN,148283,51929,-81352,-29423,38637,-20529,18108,24899,-13584,11315
2013-03-13T22:00:00Z,28.905,28.955,28.53,28.78,51929,-81352,-29423,38637,-20529,18108,24899,-13584,11315,NaN,NaN,NaN,NaN,148283,51929,-81352,-29423,38637,-20529,18108,24899,-13584,11315
2013-03-14T22:00:00Z,28.8,29.01,28.69,28.74,51929,-81352,-29423,38637,-20529,18108,24899,-13584,11315,NaN,NaN,NaN,NaN,148283,51929,-81352,-29423,38637,-20529,18108,24899,-13584,11315
2013-03-17T22:00:00Z,28.85,29.11,28.585,28.845,51929,-81352,-29423,38637,-20529,18108,24899,-13584,11315,NaN,NaN,NaN,NaN,148283,51929,-81352,-29423,38637,-20529,18108,24899,-13584,11315
2013-03-18T22:00:00Z,28.865,29.09,28.62,28.87,55014,-81453,-26439,38707,-23656,15051,25333,-13945,11388,NaN,NaN,NaN,NaN,151521,55014,-81453,-26439,38707,-23656,15051,25333,-13945,11388
2013-03-19T22:00:00Z,28.88,28.985,28.4,28.8,55014,-81453,-26439,38707,-23656,15051,25333,-13945,11388,NaN,NaN,NaN,NaN,151521,55014,-81453,-26439,38707,-23656,15051,25333,-13945,11388
2013-03-20T22:00:00Z,28.8,29.325,28.705,29.14,55014,-81453,-26439,38707,-23656,15051,25333,-13945,11388,NaN,NaN,NaN,NaN,151521,55014,-81453,-26439,38707,-23656,15051,25333,-13945,11388
2013-03-21T22:00:00Z,29.14,29.17,28.505,28.695,55014,-81453,-26439,38707,-23656,15051,25333,-13945,11388,NaN,NaN,NaN,NaN,151521,55014,-81453,-26439,38707,-23656,15051,25333,-13945,11388
2013-03-24T22:00:00Z,28.68,28.89,28.46,28.81,55014,-81453,-26439,38707,-23656,15051,25333,-13945,11388,NaN,NaN,NaN,NaN,151521,55014,-81453,-26439,38707,-23656,15051,25333,-13945,11388
2013-03-25T22:00:00Z,28.815,28.845,28.605,28.72,55564,-79605,-24041,37548,-26144,11404,26581,-13944,12637,NaN,NaN,NaN,NaN,151568,55564,-79605,-24041,37548,-26144,11404,26581,-13944,12637
2013-03-26T22:00:00Z,28.725,28.785,28.08,28.63,55564,-79605,-24041,37548,-26144,11404,26581,-13944,12637,NaN,NaN,NaN,NaN,151568,55564,-79605,-24041,37548,-26144,11404,26581,-13944,12637
2013-03-27T22:00:00Z,28.645,28.81,28.17,28.31,55564,-79605,-24041,37548,-26144,11404,26581,-13944,12637,NaN,NaN,NaN,NaN,151568,55564,-79605,-24041,37548,-26144,11404,26581,-13944,12637
2013-03-31T22:00:00Z,28.21,28.36,27.81,27.97,55564,-79605,-24041,37548,-26144,11404,26581,-13944,12637,NaN,NaN,NaN,NaN,151568,55564,-79605,-24041,37548,-26144,11404,26581,-13944,12637
2013-04-01T22:00:00Z,27.955,28.14,27.15,27.2,57847,-76350,-18503,38201,-30055,8146,27211,-16854,10357,NaN,NaN,NaN,NaN,155755,57847,-76350,-18503,38201,-30055,8146,27211,-16854,10357
2013-04-02T22:00:00Z,27.205,27.315,26.67,26.915,57847,-76350,-18503,38201,-30055,8146,27211,-16854,10357,NaN,NaN,NaN,NaN,155755,57847,-76350,-18503,38201,-30055,8146,27211,-16854,10357
2013-04-03T22:00:00Z,26.91,27.015,26.575,26.83,57847,-76350,-18503,38201,-30055,8146,27211,-16854,10357,NaN,NaN,NaN,NaN,155755,57847,-76350,-18503,38201,-30055,8146,27211,-16854,10357
2013-04-04T22:00:00Z,26.83,27.3,26.73,27.28,57847,-76350,-18503,38201,-30055,8146,27211,-16854,10357,NaN,NaN,NaN,NaN,155755,57847,-76350,-18503,38201,-30055,8146,27211,-16854,10357
2013-04-07T22:00:00Z,27.285,27.465,27.07,27.23,57847,-76350,-18503,38201,-30055,8146,27211,-16854,10357,NaN,NaN,NaN,NaN,155755,57847,-76350,-18503,38201,-30055,8146,27211,-16854,10357
2013-04-08T22:00:00Z,27.22,28.02,27.14,27.9,61060,-78984,-17924,38492,-30577,7915,25754,-15745,10009,NaN,NaN,NaN,NaN,162241,61060,-78984,-17924,38492,-30577,7915,25754,-15745,10009
2013-04-09T22:00:00Z,27.885,27.965,27.445,27.57,61060,-78984,-17924,38492,-30577,7915,25754,-15745,10009,NaN,NaN,NaN,NaN,162241,61060,-78984,-17924,38492,-30577,7915,25754,-15745,10009
2013-04-10T22:00:00Z,27.58,27.785,27.34,27.57,61060,-78984,-17924,38492,-30577,7915,25754,-15745,10009,NaN,NaN,NaN,NaN,162241,61060,-78984,-17924,38492,-30577,7915,25754,-15745,10009
2013-04-11T22:00:00Z,27.575,27.64,25.725,25.76,61060,-78984,-17924,38492,-30577,7915,25754,-15745,10009,NaN,NaN,NaN,NaN,162241,61060,-78984,-17924,38492,-30577,7915,25754,-15745,10009
2013-04-14T22:00:00Z,25.94,26.045,22.515,22.655,61060,-78984,-17924,38492,-30577,7915,25754,-15745,10009,NaN,NaN,NaN,NaN,162241,61060,-78984,-17924,38492,-30577,7915,25754,-15745,10009
2013-04-15T22:00:00Z,22.685,23.975,22,23.33,61641,-84139,-22498,39701,-22103,17598,22677,-17777,4900,NaN,NaN,NaN,NaN,157302,61641,-84139,-22498,39701,-22103,17598,22677,-17777,4900
2013-04-16T22:00:00Z,23.37,23.725,22.835,23.265,61641,-84139,-22498,39701,-22103,17598,22677,-17777,4900,NaN,NaN,NaN,NaN,157302,61641,-84139,-22498,39701,-22103,17598,22677,-17777,4900
2013-04-17T22:00:00Z,23.275,23.655,22.435,23.24,61641,-84139,-22498,39701,-22103,17598,22677,-17777,4900,NaN,NaN,NaN,NaN,157302,61641,-84139,-22498,39701,-22103,17598,22677,-17777,4900
2013-04-18T22:00:00Z,23.25,23.82,22.865,23.23,61641,-84139,-22498,39701,-22103,17598,22677,-17777,4900,NaN,NaN,NaN,NaN,157302,61641,-84139,-22498,39701,-22103,17598,22677,-17777,4900
2013-04-21T22:00:00Z,23.305,23.65,23.07,23.35,61641,-84139,-22498,39701,-22103,17598,22677,-17777,4900,NaN,NaN,NaN,NaN,157302,61641,-84139,-22498,39701,-22103,17598,22677,-17777,4900
2013-04-22T22:00:00Z,23.345,23.405,22.555,22.885,68258,-85422,-17164,38817,-23816,15001,20782,-18619,2163,NaN,NaN,NaN,NaN,158970,68258,-85422,-17164,38817,-23816,15001,20782,-18619,2163
2013-04-23T22:00:00Z,22.885,23.325,22.805,23.105,68258,-85422,-17164,38817,-23816,15001,20782,-18619,2163,NaN,NaN,NaN,NaN,158970,68258,-85422,-17164,38817,-23816,15001,20782,-18619,2163
2013-04-24T22:00:00Z,23.11,24.36,23.02,24.35,68258,-85422,-17164,38817,-23816,15001,20782,-18619,2163,NaN,NaN,NaN,NaN,158970,68258,-85422,-17164,38817,-23816,15001,20782,-18619,2163
2013-04-25T22:00:00Z,24.34,24.795,23.59,23.97,68258,-85422,-17164,38817,-23816,15001,20782,-18619,2163,NaN,NaN,NaN,NaN,158970,68258,-85422,-17164,38817,-23816,15001,20782,-18619,2163
2013-04-28T22:00:00Z,24.025,24.58,23.945,24.57,68258,-85422,-17164,38817,-23816,15001,20782,-18619,2163,NaN,NaN,NaN,NaN,158970,68258,-85422,-17164,38817,-23816,15001,20782,-18619,2163
2013-04-29T22:00:00Z,24.54,24.55,24.015,24.32,65685,-79915,-14230,35720,-23530,12190,18672,-16632,2040,NaN,NaN,NaN,NaN,143477,65685,-79915,-14230,35720,-23530,12190,18672,-16632,2040
2013-04-30T22:00:00Z,24.32,24.345,23.21,23.62,65685,-79915,-14230,35720,-23530,12190,18672,-16632,2040,NaN,NaN,NaN,NaN,143477,65685,-79915,-14230,35720,-23530,12190,18672,-16632,2040
2013-05-01T22:00:00Z,23.57,24.19,23.37,23.785,65685,-79915,-14230,35720,-23530,12190,18672,-16632,2040,NaN,NaN,NaN,NaN,143477,65685,-79915,-14230,35720,-23530,12190,18672,-16632,2040
2013-05-02T22:00:00Z,23.79,24.38,23.415,24.085,65685,-79915,-14230,35720,-23530,12190,18672,-16632,2040,NaN,NaN,NaN,NaN,143477,65685,-79915,-14230,35720,-23530,12190,18672,-16632,2040
2013-05-05T22:00:00Z,24.15,24.42,23.82,24,65685,-79915,-14230,35720,-23530,12190,18672,-16632,2040,NaN,NaN,NaN,NaN,143477,65685,-79915,-14230,35720,-23530,12190,18672,-16632,2040
2013-05-06T22:00:00Z,24.005,24.04,23.4,23.925,65703,-80159,-14456,35834,-22183,13651,18854,-18049,805,NaN,NaN,NaN,NaN,144156,65703,-80159,-14456,35834,-22183,13651,18854,-18049,805
2013-05-07T22:00:00Z,23.865,24.095,23.64,23.9,65703,-80159,-14456,35834,-22183,13651,18854,-18049,805,NaN,NaN,NaN,NaN,144156,65703,-80159,-14456,35834,-22183,13651,18854,-18049,805
2013-05-08T22:00:00Z,23.9,24.17,23.52,23.7,65703,-80159,-14456,35834,-22183,13651,18854,-18049,805,NaN,NaN,NaN,NaN,144156,65703,-80159,-14456,35834,-22183,13651,18854,-18049,805
2013-05-09T22:00:00Z,23.69,23.875,23.15,23.8,65703,-80159,-14456,35834,-22183,13651,18854,-18049,805,NaN,NaN,NaN,NaN,144156,65703,-80159,-14456,35834,-22183,13651,18854,-18049,805
2013-05-12T22:00:00Z,23.78,23.84,23.47,23.62,65703,-80159,-14456,35834,-22183,13651,18854,-18049,805,NaN,NaN,NaN,NaN,144156,65703,-80159,-14456,35834,-22183,13651,18854,-18049,805
2013-05-13T22:00:00Z,23.62,23.76,23.075,23.36,66717,-79935,-13218,35690,-24896,10794,19267,-16843,2424,NaN,NaN,NaN,NaN,144666,66717,-79935,-13218,35690,-24896,10794,19267,-16843,2424
2013-05-14T22:00:00Z,23.35,23.45,22.445,22.545,66717,-79935,-13218,35690,-24896,10794,19267,-16843,2424,NaN,NaN,NaN,NaN,144666,66717,-79935,-13218,35690,-24896,10794,19267,-16843,2424
2013-05-15T22:00:00Z,22.565,22.77,22.06,22.64,66717,-79935,-13218,35690,-24896,10794,19267,-16843,2424,NaN,NaN,NaN,NaN,144666,66717,-79935,-13218,35690,-24896,10794,19267,-16843,2424
2013-05-16T22:00:00Z,22.65,22.745,22.11,22.205,66717,-79935,-13218,35690,-24896,10794,19267,-16843,2424,NaN,NaN,NaN,NaN,144666,66717,-79935,-13218,35690,-24896,10794,19267,-16843,2424
2013-05-19T22:00:00Z,22.265,23.24,20.25,22.865,66717,-79935,-13218,35690,-24896,10794,19267,-16843,2424,NaN,NaN,NaN,NaN,144666,66717,-79935,-13218,35690,-24896,10794,19267,-16843,2424
2013-05-20T22:00:00Z,22.875,22.91,22.015,22.365,67754,-79680,-11926,35533,-26718,8815,20756,-17645,3111,NaN,NaN,NaN,NaN,148619,67754,-79680,-11926,35533,-26718,8815,20756,-17645,3111
2013-05-21T22:00:00Z,22.36,23.29,22.145,22.2,67754,-79680,-11926,35533,-26718,8815,20756,-17645,3111,NaN,NaN,NaN,NaN,148619,67754,-79680,-11926,35533,-26718,8815,20756,-17645,3111
2013-05-22T22:00:00Z,22.215,22.645,21.92,22.535,67754,-79680,-11926,35533,-26718,8815,20756,-17645,3111,NaN,NaN,NaN,NaN,148619,67754,-79680,-11926,35533,-26718,8815,20756,-17645,3111
2013-05-23T22:00:00Z,22.54,22.6,22.27,22.32,67754,-79680,-11926,35533,-26718,8815,20756,-17645,3111,NaN,NaN,NaN,NaN,148619,67754,-79680,-11926,35533,-26718,8815,20756,-17645,3111
2013-05-26T22:00:00Z,22.36,22.71,22.11,22.225,66428,-74762,-8334,34059,-29468,4591,20467,-16724,3743,NaN,NaN,NaN,NaN,145299,66428,-74762,-8334,34059,-29468,4591,20467,-16724,3743
2013-05-28T22:00:00Z,22.24,22.48,22.13,22.405,66428,-74762,-8334,34059,-29468,4591,20467,-16724,3743,NaN,NaN,NaN,NaN,145299,66428,-74762,-8334,34059,-29468,4591,20467,-16724,3743
2013-05-29T22:00:00Z,22.42,23.06,22.31,22.7,66428,-74762,-8334,34059,-29468,4591,20467,-16724,3743,NaN,NaN,NaN,NaN,145299,66428,-74762,-8334,34059,-29468,4591,20467,-16724,3743
2013-05-30T22:00:00Z,22.705,22.855,22.1,22.2,66428,-74762,-8334,34059,-29468,4591,20467,-16724,3743,NaN,NaN,NaN,NaN,145299,66428,-74762,-8334,34059,-29468,4591,20467,-16724,3743
2013-06-02T22:00:00Z,22.175,22.915,22.175,22.665,66428,-74762,-8334,34059,-29468,4591,20467,-16724,3743,NaN,NaN,NaN,NaN,145299,66428,-74762,-8334,34059,-29468,4591,20467,-16724,3743
2013-06-03T22:00:00Z,22.68,22.73,22.225,22.48,66857,-75256,-8399,35051,-29695,5356,19615,-16572,3043,NaN,NaN,NaN,NaN,145734,66857,-75256,-8399,35051,-29695,5356,19615,-16572,3043
2013-06-04T22:00:00Z,22.505,22.74,22.29,22.505,66857,-75256,-8399,35051,-29695,5356,19615,-16572,3043,NaN,NaN,NaN,NaN,145734,66857,-75256,-8399,35051,-29695,5356,19615,-16572,3043
2013-06-05T22:00:00Z,22.475,22.84,22.255,22.54,66857,-75256,-8399,35051,-29695,5356,19615,-16572,3043,NaN,NaN,NaN,NaN,145734,66857,-75256,-8399,35051,-29695,5356,19615,-16572,3043
2013-06-06T22:00:00Z,22.575,22.755,21.51,21.64,66857,-75256,-8399,35051,-29695,5356,19615,-16572,3043,NaN,NaN,NaN,NaN,145734,66857,-75256,-8399,35051,-29695,5356,19615,-16572,3043
2013-06-09T22:00:00Z,21.565,22.03,21.33,21.865,66857,-75256,-8399,35051,-29695,5356,19615,-16572,3043,NaN,NaN,NaN,NaN,145734,66857,-75256,-8399,35051,-29695,5356,19615,-16572,3043
2013-06-10T22:00:00Z,21.84,21.96,21.4,21.59,68438,-73458,-5020,35509,-31806,3703,19256,-17939,1317,NaN,NaN,NaN,NaN,147175,68438,-73458,-5020,35509,-31806,3703,19256,-17939,1317
2013-06-11T22:00:00Z,21.575,21.95,21.455,21.685,68438,-73458,-5020,35509,-31806,3703,19256,-17939,1317,NaN,NaN,NaN,NaN,147175,68438,-73458,-5020,35509,-31806,3703,19256,-17939,1317
2013-06-12T22:00:00Z,21.7,21.915,21.5,21.75,68438,-73458,-5020,35509,-31806,3703,19256,-17939,1317,NaN,NaN,NaN,NaN,147175,68438,-73458,-5020,35509,-31806,3703,19256,-17939,1317
2013-06-13T22:00:00Z,21.755,22.5,21.62,21.985,68438,-73458,-5020,35509,-31806,3703,19256,-17939,1317,NaN,NaN,NaN,NaN,147175,68438,-73458,-5020,35509,-31806,3703,19256,-17939,1317
2013-06-16T22:00:00Z,22.05,22.055,21.605,21.76,68438,-73458,-5020,35509,-31806,3703,19256,-17939,1317,NaN,NaN,NaN,NaN,147175,68438,-73458,-5020,35509,-31806,3703,19256,-17939,1317
2013-06-17T22:00:00Z,21.765,21.89,21.445,21.6,68245,-74197,-5952,35474,-31570,3904,19235,-17187,2048,NaN,NaN,NaN,NaN,149891,68245,-74197,-5952,35474,-31570,3904,19235,-17187,2048
2013-06-18T22:00:00Z,21.595,21.85,21.19,21.25,68245,-74197,-5952,35474,-31570,3904,19235,-17187,2048,NaN,NaN,NaN,NaN,149891,68245,-74197,-5952,35474,-31570,3904,19235,-17187,2048
2013-06-19T22:00:00Z,21.275,21.28,19.515,19.52,68245,-74197,-5952,35474,-31570,3904,19235,-17187,2048,NaN,NaN,NaN,NaN,149891,68245,-74197,-5952,35474,-31570,3904,19235,-17187,2048
2013-06-20T22:00:00Z,19.59,20.11,19.31,20.045,68245,-74197,-5952,35474,-31570,3904,19235,-17187,2048,NaN,NaN,NaN,NaN,149891,68245,-74197,-5952,35474,-31570,3904,19235,-17187,2048
2013-06-23T22:00:00Z,20.055,20.175,19.38,19.6,68245,-74197,-5952,35474,-31570,3904,19235,-17187,2048,NaN,NaN,NaN,NaN,149891,68245,-74197,-5952,35474,-31570,3904,19235,-17187,2048
2013-06-24T22:00:00Z,19.595,19.79,19.4,19.555,66478,-70571,-4093,34505,-33668,837,19432,-16176,3256,NaN,NaN,NaN,NaN,140639,66478,-70571,-4093,34505,-33668,837,19432,-16176,3256
2013-06-25T22:00:00Z,19.56,19.58,18.36,18.44,66478,-70571,-4093,34505,-33668,837,19432,-16176,3256,NaN,NaN,NaN,NaN,140639,66478,-70571,-4093,34505,-33668,837,19432,-16176,3256
2013-06-26T22:00:00Z,18.5,18.955,18.35,18.42,66478,-70571,-4093,34505,-33668,837,19432,-16176,3256,NaN,NaN,NaN,NaN,140639,66478,-70571,-4093,34505,-33668,837,19432,-16176,3256
2013-06-27T22:00:00Z,18.48,19.645,18.17,19.595,66478,-70571,-4093,34505,-33668,837,19432,-16176,3256,NaN,NaN,NaN,NaN,140639,66478,-70571,-4093,34505,-33668,837,19432,-16176,3256
2013-06-30T22:00:00Z,19.5,20.075,19.36,19.6,66478,-70571,-4093,34505,-33668,837,19432,-16176,3256,NaN,NaN,NaN,NaN,140639,66478,-70571,-4093,34505,-33668,837,19432,-16176,3256
2013-07-01T22:00:00Z,19.59,19.79,19.22,19.325,63219,-70988,-7769,36175,-31528,4647,18739,-15617,3122,NaN,NaN,NaN,NaN,136146,63219,-70988,-7769,36175,-31528,4647,18739,-15617,3122
2013-07-02T22:00:00Z,19.345,19.885,19.315,19.685,63219,-70988,-7769,36175,-31528,4647,18739,-15617,3122,NaN,NaN,NaN,NaN,136146,63219,-70988,-7769,36175,-31528,4647,18739,-15617,3122
2013-07-03T22:00:00Z,19.75,19.83,18.665,18.855,63219,-70988,-7769,36175,-31528,4647,18739,-15617,3122,NaN,NaN,NaN,NaN,136146,63219,-70988,-7769,36175,-31528,4647,18739,-15617,3122
2013-07-07T22:00:00Z,18.855,19.265,18.67,19.035,63219,-70988,-7769,36175,-31528,4647,18739,-15617,3122,NaN,NaN,NaN,NaN,136146,63219,-70988,-7769,36175,-31528,4647,18739,-15617,3122
2013-07-08T22:00:00Z,19.055,19.485,18.93,19.22,62307,-69205,-6898,36560,-31539,5021,18367,-16490,1877,NaN,NaN,NaN,NaN,133851,62307,-69205,-6898,36560,-31539,5021,18367,-16490,1877
2013-07-09T22:00:00Z,19.21,19.54,18.985,19.435,62307,-69205,-6898,36560,-31539,5021,18367,-16490,1877,NaN,NaN,NaN,NaN,133851,62307,-69205,-6898,36560,-31539,5021,18367,-16490,1877
2013-07-10T22:00:00Z,19.545,20.25,19.43,20.1,62307,-69205,-6898,36560,-31539,5021,18367,-16490,1877,NaN,NaN,NaN,NaN,133851,62307,-69205,-6898,36560,-31539,5021,18367,-16490,1877
2013-07-11T22:00:00Z,20.125,20.19,19.62,19.86,62307,-69205,-6898,36560,-31539,5021,18367,-16490,1877,NaN,NaN,NaN,NaN,133851,62307,-69205,-6898,36560,-31539,5021,18367,-16490,1877
2013-07-14T22:00:00Z,19.865,20.135,19.54,19.885,62307,-69205,-6898,36560,-31539,5021,18367,-16490,1877,NaN,NaN,NaN,NaN,133851,62307,-69205,-6898,36560,-31539,5021,18367,-16490,1877
2013-07-15T22:00:00Z,19.905,20.045,19.66,19.97,61325,-72647,-11322,36775,-30140,6635,18873,-14186,4687,NaN,NaN,NaN,NaN,133445,61325,-72647,-11322,36775,-30140,6635,18873,-14186,4687
2013-07-16T22:00:00Z,19.99,20.18,19.23,19.245,61325,-72647,-11322,36775,-30140,6635,18873,-14186,4687,NaN,NaN,NaN,NaN,133445,61325,-72647,-11322,36775,-30140,6635,18873,-14186,4687
2013-07-17T22:00:00Z,19.25,19.57,19.215,19.335,61325,-72647,-11322,36775,-30140,6635,18873,-14186,4687,NaN,NaN,NaN,NaN,133445,61325,-72647,-11322,36775,-30140,6635,18873,-14186,4687
2013-07-18T22:00:00Z,19.355,19.6,19.285,19.485,61325,-72647,-11322,36775,-30140,6635,18873,-14186,4687,NaN,NaN,NaN,NaN,133445,61325,-72647,-11322,36775,-30140,6635,18873,-14186,4687
2013-07-21T22:00:00Z,19.495,20.575,19.495,20.5,61325,-72647,-11322,36775,-30140,6635,18873,-14186,4687,NaN,NaN,NaN,NaN,133445,61325,-72647,-11322,36775,-30140,6635,18873,-14186,4687
2013-07-22T22:00:00Z,20.515,20.595,20.08,20.445,60950,-71063,-10113,35440,-29759,5681,19662,-15230,4432,NaN,NaN,NaN,NaN,131748,60950,-71063,-10113,35440,-29759,5681,19662,-15230,4432
2013-07-23T22:00:00Z,20.435,20.49,19.965,20.12,60950,-71063,-10113,35440,-29759,5681,19662,-15230,4432,NaN,NaN,NaN,NaN,131748,60950,-71063,-10113,35440,-29759,5681,19662,-15230,4432
2013-07-24T22:00:00Z,20.11,20.3,19.75,20.205,60950,-71063,-10113,35440,-29759,5681,19662,-15230,4432,NaN,NaN,NaN,NaN,131748,60950,-71063,-10113,35440,-29759,5681,19662,-15230,4432
2013-07-25T22:00:00Z,20.225,20.355,19.625,19.945,60950,-71063,-10113,35440,-29759,5681,19662,-15230,4432,NaN,NaN,NaN,NaN,131748,60950,-71063,-10113,35440,-29759,5681,19662,-15230,4432
2013-07-28T22:00:00Z,19.92,20.2,19.66,19.815,60950,-71063,-10113,35440,-29759,5681,19662,-15230,4432,NaN,NaN,NaN,NaN,131748,60950,-71063,-10113,35440,-29759,5681,19662,-15230,4432
2013-07-29T22:00:00Z,19.8,19.875,19.5,19.68,60510,-68817,-8307,35628,-30653,4975,18913,-15581,3332,NaN,NaN,NaN,NaN,132831,60510,-68817,-8307,35628,-30653,4975,18913,-15581,3332
2013-07-30T22:00:00Z,19.705,20.1,19.355,19.765,60510,-68817,-8307,35628,-30653,4975,18913,-15581,3332,NaN,NaN,NaN,NaN,132831,60510,-68817,-8307,35628,-30653,4975,18913,-15581,3332
2013-07-31T22:00:00Z,19.805,19.955,19.51,19.585,60510,-68817,-8307,35628,-30653,4975,18913,-15581,3332,NaN,NaN,NaN,NaN,132831,60510,-68817,-8307,35628,-30653,4975,18913,-15581,3332
2013-08-01T22:00:00Z,19.595,20.265,19.185,19.845,60510,-68817,-8307,35628,-30653,4975,18913,-15581,3332,NaN,NaN,NaN,NaN,132831,60510,-68817,-8307,35628,-30653,4975,18913,-15581,3332
2013-08-04T22:00:00Z,19.85,19.99,19.52,19.665,60510,-68817,-8307,35628,-30653,4975,18913,-15581,3332,NaN,NaN,NaN,NaN,132831,60510,-68817,-8307,35628,-30653,4975,18913,-15581,3332
2013-08-05T22:00:00Z,19.675,19.78,19.44,19.445,58203,-68503,-10300,34627,-29160,5467,19945,-15112,4833,NaN,NaN,NaN,NaN,132053,58203,-68503,-10300,34627,-29160,5467,19945,-15112,4833
2013-08-06T22:00:00Z,19.465,19.6,19.1,19.54,58203,-68503,-10300,34627,-29160,5467,19945,-15112,4833,NaN,NaN,NaN,NaN,132053,58203,-68503,-10300,34627,-29160,5467,19945,-15112,4833
2013-08-07T22:00:00Z,19.525,20.31,19.455,20.215,58203,-68503,-10300,34627,-29160,5467,19945,-15112,4833,NaN,NaN,NaN,NaN,132053,58203,-68503,-10300,34627,-29160,5467,19945,-15112,4833
2013-08-08T22:00:00Z,20.225,20.58,20.045,20.51,58203,-68503,-10300,34627,-29160,5467,19945,-15112,4833,NaN,NaN,NaN,NaN,132053,58203,-68503,-10300,34627,-29160,5467,19945,-15112,4833
2013-08-11T22:00:00Z,20.68,21.445,20.62,21.37,58203,-68503,-10300,34627,-29160,5467,19945,-15112,4833,NaN,NaN,NaN,NaN,132053,58203,-68503,-10300,34627,-29160,5467,19945,-15112,4833
2013-08-12T22:00:00Z,21.37,21.75,21.12,21.415,60196,-80472,-20276,36945,-24236,12709,21031,-13464,7567,NaN,NaN,NaN,NaN,135226,60196,-80472,-20276,36945,-24236,12709,21031,-13464,7567
2013-08-13T22:00:00Z,21.42,21.855,21.265,21.855,60196,-80472,-20276,36945,-24236,12709,21031,-13464,7567,NaN,NaN,NaN,NaN,135226,60196,-80472,-20276,36945,-24236,12709,21031,-13464,7567
2013-08-14T22:00:00Z,21.865,23.19,21.705,22.975,60196,-80472,-20276,36945,-24236,12709,21031,-13464,7567,NaN,NaN,NaN,NaN,135226,60196,-80472,-20276,36945,-24236,12709,21031,-13464,7567
2013-08-15T22:00:00Z,22.935,23.4,22.755,23.185,60196,-80472,-20276,36945,-24236,12709,21031,-13464,7567,NaN,NaN,NaN,NaN,135226,60196,-80472,-20276,36945,-24236,12709,21031,-13464,7567
2013-08-18T22:00:00Z,23.25,23.605,22.955,23.14,60196,-80472,-20276,36945,-24236,12709,21031,-13464,7567,NaN,NaN,NaN,NaN,135226,60196,-80472,-20276,36945,-24236,12709,21031,-13464,7567
2013-08-19T22:00:00Z,23.145,23.31,22.28,23.005,59439,-82713,-23274,37308,-18800,18508,18790,-14024,4766,NaN,NaN,NaN,NaN,131076,59439,-82713,-23274,37308,-18800,18508,18790,-14024,4766
2013-08-20T22:00:00Z,23,23.36,22.755,22.85,59439,-82713,-23274,37308,-18800,18508,18790,-14024,4766,NaN,NaN,NaN,NaN,131076,59439,-82713,-23274,37308,-18800,18508,18790,-14024,4766
2013-08-21T22:00:00Z,22.835,23.325,22.45,23.155,59439,-82713,-23274,37308,-18800,18508,18790,-14024,4766,NaN,NaN,NaN,NaN,131076,59439,-82713,-23274,37308,-18800,18508,18790,-14024,4766
2013-08-22T22:00:00Z,23.155,24.11,22.885,24.045,59439,-82713,-23274,37308,-18800,18508,18790,-14024,4766,NaN,NaN,NaN,NaN,131076,59439,-82713,-23274,37308,-18800,18508,18790,-14024,4766
2013-08-25T22:00:00Z,24.02,24.425,23.8,24.31,59439,-82713,-23274,37308,-18800,18508,18790,-14024,4766,NaN,NaN,NaN,NaN,131076,59439,-82713,-23274,37308,-18800,18508,18790,-14024,4766
2013-08-26T22:00:00Z,24.345,24.715,23.98,24.5,54973,-79347,-24374,33147,-16767,16380,20618,-12624,7994,NaN,NaN,NaN,NaN,122271,54973,-79347,-24374,33147,-16767,16380,20618,-12624,7994
2013-08-27T22:00:00Z,24.5,25.12,24.22,24.37,54973,-79347,-24374,33147,-16767,16380,20618,-12624,7994,NaN,NaN,NaN,NaN,122271,54973,-79347,-24374,33147,-16767,16380,20618,-12624,7994
2013-08-28T22:00:00Z,24.38,24.485,23.7,23.905,54973,-79347,-24374,33147,-16767,16380,20618,-12624,7994,NaN,NaN,NaN,NaN,122271,54973,-79347,-24374,33147,-16767,16380,20618,-12624,7994
2013-09-01T22:00:00Z,23.48,24.53,23.11,24.31,49643,-77006,-27363,34616,-15769,18847,19679,-11163,8516,NaN,NaN,NaN,NaN,115644,49643,-77006,-27363,34616,-15769,18847,19679,-11163,8516
2013-09-03T22:00:00Z,24.325,24.43,23.375,23.475,49643,-77006,-27363,34616,-15769,18847,19679,-11163,8516,NaN,NaN,NaN,NaN,115644,49643,-77006,-27363,34616,-15769,18847,19679,-11163,8516
2013-09-04T22:00:00Z,23.51,23.68,23.04,23.225,49643,-77006,-27363,34616,-15769,18847,19679,-11163,8516,NaN,NaN,NaN,NaN,115644,49643,-77006,-27363,34616,-15769,18847,19679,-11163,8516
2013-09-05T22:00:00Z,23.21,23.99,23.075,23.86,49643,-77006,-27363,34616,-15769,18847,19679,-11163,8516,NaN,NaN,NaN,NaN,115644,49643,-77006,-27363,34616,-15769,18847,19679,-11163,8516
2013-09-08T22:00:00Z,23.835,24.25,23.44,23.735,49643,-77006,-27363,34616,-15769,18847,19679,-11163,8516,NaN,NaN,NaN,NaN,115644,49643,-77006,-27363,34616,-15769,18847,19679,-11163,8516
2013-09-09T22:00:00Z,23.74,23.82,22.84,22.99,48979,-72477,-23498,32644,-16810,15834,18186,-10522,7664,NaN,NaN,NaN,NaN,112276,48979,-72477,-23498,32644,-16810,15834,18186,-10522,7664
2013-09-10T22:00:00Z,22.985,23.25,22.785,23.235,48979,-72477,-23498,32644,-16810,15834,18186,-10522,7664,NaN,NaN,NaN,NaN,112276,48979,-72477,-23498,32644,-16810,15834,18186,-10522,7664
2013-09-11T22:00:00Z,23.22,23.265,21.75,21.755,48979,-72477,-23498,32644,-16810,15834,18186,-10522,7664,NaN,NaN,NaN,NaN,112276,48979,-72477,-23498,32644,-16810,15834,18186,-10522,7664
2013-09-12T22:00:00Z,21.88,22.285,21.42,22.285,48979,-72477,-23498,32644,-16810,15834,18186,-10522,7664,NaN,NaN,NaN,NaN,112276,48979,-72477,-23498,32644,-16810,15834,18186,-10522,7664
2013-09-15T22:00:00Z,22.3,22.49,21.685,21.83,48979,-72477,-23498,32644,-16810,15834,18186,-10522,7664,NaN,NaN,NaN,NaN,112276,48979,-72477,-23498,32644,-16810,15834,18186,-10522,7664
2013-09-16T22:00:00Z,21.83,22.14,21.64,21.745,49729,-71983,-22254,30889,-17083,13806,19493,-11045,8448,NaN,NaN,NaN,NaN,112757,49729,-71983,-22254,30889,-17083,13806,19493,-11045,8448
2013-09-17T22:00:00Z,21.77,23.25,21.225,22.95,49729,-71983,-22254,30889,-17083,13806,19493,-11045,8448,NaN,NaN,NaN,NaN,112757,49729,-71983,-22254,30889,-17083,13806,19493,-11045,8448
2013-09-18T22:00:00Z,22.965,23.445,22.855,23.095,49729,-71983,-22254,30889,-17083,13806,19493,-11045,8448,NaN,NaN,NaN,NaN,112757,49729,-71983,-22254,30889,-17083,13806,19493,-11045,8448
2013-09-19T22:00:00Z,23.08,23.18,21.755,21.79,49729,-71983,-22254,30889,-17083,13806,19493,-11045,8448,NaN,NaN,NaN,NaN,112757,49729,-71983,-22254,30889,-17083,13806,19493,-11045,8448
2013-09-22T22:00:00Z,21.89,21.97,21.3,21.63,49729,-71983,-22254,30889,-17083,13806,19493,-11045,8448,NaN,NaN,NaN,NaN,112757,49729,-71983,-22254,30889,-17083,13806,19493,-11045,8448
2013-09-23T22:00:00Z,21.665,22.035,21.325,21.71,52271,-71892,-19621,29357,-16705,12652,18123,-11154,6969,NaN,NaN,NaN,NaN,112317,52271,-71892,-19621,29357,-16705,12652,18123,-11154,6969
2013-09-24T22:00:00Z,21.73,21.96,21.49,21.785,52271,-71892,-19621,29357,-16705,12652,18123,-11154,6969,NaN,NaN,NaN,NaN,112317,52271,-71892,-19621,29357,-16705,12652,18123,-11154,6969
2013-09-25T22:00:00Z,21.805,22.13,21.665,21.715,52271,-71892,-19621,29357,-16705,12652,18123,-11154,6969,NaN,NaN,NaN,NaN,112317,52271,-71892,-19621,29357,-16705,12652,18123,-11154,6969
2013-09-26T22:00:00Z,21.73,22.175,21.41,21.77,52271,-71892,-19621,29357,-16705,12652,18123,-11154,6969,NaN,NaN,NaN,NaN,112317,52271,-71892,-19621,29357,-16705,12652,18123,-11154,6969
2013-09-29T22:00:00Z,21.795,22.11,21.435,21.695,52271,-71892,-19621,29357,-16705,12652,18123,-11154,6969,NaN,NaN,NaN,NaN,112317,52271,-71892,-19621,29357,-16705,12652,18123,-11154,6969
2013-09-30T22:00:00Z,21.7,21.97,20.63,21.165,54294,-70939,-16645,31235,-18460,12775,16914,-13044,3870,NaN,NaN,NaN,NaN,115238,54294,-70939,-16645,31235,-18460,12775,16914,-13044,3870
2013-10-01T22:00:00Z,21.165,22.04,20.99,21.73,54294,-70939,-16645,31235,-18460,12775,16914,-13044,3870,NaN,NaN,NaN,NaN,115238,54294,-70939,-16645,31235,-18460,12775,16914,-13044,3870
2013-10-02T22:00:00Z,21.745,21.86,21.44,21.695,54294,-70939,-16645,31235,-18460,12775,16914,-13044,3870,NaN,NaN,NaN,NaN,115238,54294,-70939,-16645,31235,-18460,12775,16914,-13044,3870
2013-10-03T22:00:00Z,21.735,21.93,21.5,21.74,54294,-70939,-16645,31235,-18460,12775,16914,-13044,3870,NaN,NaN,NaN,NaN,115238,54294,-70939,-16645,31235,-18460,12775,16914,-13044,3870
2013-10-06T22:00:00Z,21.74,22.495,21.65,22.35,54294,-70939,-16645,31235,-18460,12775,16914,-13044,3870,NaN,NaN,NaN,NaN,115238,54294,-70939,-16645,31235,-18460,12775,16914,-13044,3870
2013-10-07T22:00:00Z,22.385,22.525,22.11,22.29,52815,-74081,-21266,31887,-16881,15006,19180,-12920,6260,NaN,NaN,NaN,NaN,116098,52815,-74081,-21266,31887,-16881,15006,19180,-12920,6260
2013-10-08T22:00:00Z,22.315,22.41,21.75,21.89,52815,-74081,-21266,31887,-16881,15006,19180,-12920,6260,NaN,NaN,NaN,NaN,116098,52815,-74081,-21266,31887,-16881,15006,19180,-12920,6260
2013-10-09T22:00:00Z,21.91,22.25,21.55,21.68,52815,-74081,-21266,31887,-16881,15006,19180,-12920,6260,NaN,NaN,NaN,NaN,116098,52815,-74081,-21266,31887,-16881,15006,19180,-12920,6260
2013-10-10T22:00:00Z,21.685,21.86,20.95,21.33,52815,-74081,-21266,31887,-16881,15006,19180,-12920,6260,NaN,NaN,NaN,NaN,116098,52815,-74081,-21266,31887,-16881,15006,19180,-12920,6260
2013-10-13T22:00:00Z,21.39,21.68,21.11,21.26,52815,-74081,-21266,31887,-16881,15006,19180,-12920,6260,NaN,NaN,NaN,NaN,116098,52815,-74081,-21266,31887,-16881,15006,19180,-12920,6260
2013-10-14T22:00:00Z,21.29,21.525,20.495,21.29,52976,-72249,-19273,33368,-18600,14768,17962,-13457,4505,NaN,NaN,NaN,NaN,116207,52976,-72249,-19273,33368,-18600,14768,17962,-13457,4505
2013-10-15T22:00:00Z,21.3,21.445,21.12,21.41,52976,-72249,-19273,33368,-18600,14768,17962,-13457,4505,NaN,NaN,NaN,NaN,116207,52976,-72249,-19273,33368,-18600,14768,17962,-13457,4505
2013-10-16T22:00:00Z,21.39,22.2,21.1,21.88,52976,-72249,-19273,33368,-18600,14768,17962,-13457,4505,NaN,NaN,NaN,NaN,116207,52976,-72249,-19273,33368,-18600,14768,17962,-13457,4505
2013-10-17T22:00:00Z,21.905,22.05,21.74,21.945,52976,-72249,-19273,33368,-18600,14768,17962,-13457,4505,NaN,NaN,NaN,NaN,116207,52976,-72249,-19273,33368,-18600,14768,17962,-13457,4505
2013-10-20T22:00:00Z,21.91,22.335,21.855,22.225,52976,-72249,-19273,33368,-18600,14768,17962,-13457,4505,NaN,NaN,NaN,NaN,116207,52976,-72249,-19273,33368,-18600,14768,17962,-13457,4505
2013-10-21T22:00:00Z,22.22,22.83,21.985,22.695,51120,-76005,-24885,35706,-17498,18208,18947,-12270,6677,NaN,NaN,NaN,NaN,116767,51120,-76005,-24885,35706,-17498,18208,18947,-12270,6677
2013-10-22T22:00:00Z,22.72,22.82,22.5,22.55,51120,-76005,-24885,35706,-17498,18208,18947,-12270,6677,NaN,NaN,NaN,NaN,116767,51120,-76005,-24885,35706,-17498,18208,18947,-12270,6677
2013-10-23T22:00:00Z,22.545,22.91,22.51,22.71,51120,-76005,-24885,35706,-17498,18208,18947,-12270,6677,NaN,NaN,NaN,NaN,116767,51120,-76005,-24885,35706,-17498,18208,18947,-12270,6677
2013-10-24T22:00:00Z,22.73,22.755,22.26,22.59,51120,-76005,-24885,35706,-17498,18208,18947,-12270,6677,NaN,NaN,NaN,NaN,116767,51120,-76005,-24885,35706,-17498,18208,18947,-12270,6677
2013-10-27T22:00:00Z,22.59,22.715,22.375,22.5,51120,-76005,-24885,35706,-17498,18208,18947,-12270,6677,NaN,NaN,NaN,NaN,116767,51120,-76005,-24885,35706,-17498,18208,18947,-12270,6677
2013-10-28T22:00:00Z,22.525,22.63,22.3,22.51,51321,-77457,-26136,36674,-18225,18449,19537,-11850,7687,NaN,NaN,NaN,NaN,117934,51321,-77457,-26136,36674,-18225,18449,19537,-11850,7687
2013-10-29T22:00:00Z,22.525,23.095,22.39,22.725,51321,-77457,-26136,36674,-18225,18449,19537,-11850,7687,NaN,NaN,NaN,NaN,117934,51321,-77457,-26136,36674,-18225,18449,19537,-11850,7687
2013-10-30T22:00:00Z,22.68,22.69,21.73,21.895,51321,-77457,-26136,36674,-18225,18449,19537,-11850,7687,NaN,NaN,NaN,NaN,117934,51321,-77457,-26136,36674,-18225,18449,19537,-11850,7687
2013-10-31T22:00:00Z,21.895,21.995,21.705,21.855,51321,-77457,-26136,36674,-18225,18449,19537,-11850,7687,NaN,NaN,NaN,NaN,117934,51321,-77457,-26136,36674,-18225,18449,19537,-11850,7687
2013-11-03T23:00:00Z,21.87,21.935,21.58,21.645,51321,-77457,-26136,36674,-18225,18449,19537,-11850,7687,NaN,NaN,NaN,NaN,117934,51321,-77457,-26136,36674,-18225,18449,19537,-11850,7687
2013-11-04T23:00:00Z,21.645,21.79,21.56,21.7,51669,-77503,-25834,36134,-17231,18903,20033,-13102,6931,NaN,NaN,NaN,NaN,118718,51669,-77503,-25834,36134,-17231,18903,20033,-13102,6931
2013-11-05T23:00:00Z,21.685,22.075,21.62,21.795,51669,-77503,-25834,36134,-17231,18903,20033,-13102,6931,NaN,NaN,NaN,NaN,118718,51669,-77503,-25834,36134,-17231,18903,20033,-13102,6931
2013-11-06T23:00:00Z,21.815,22.015,21.375,21.66,51669,-77503,-25834,36134,-17231,18903,20033,-13102,6931,NaN,NaN,NaN,NaN,118718,51669,-77503,-25834,36134,-17231,18903,20033,-13102,6931
2013-11-07T23:00:00Z,21.66,21.905,21.25,21.5,51669,-77503,-25834,36134,-17231,18903,20033,-13102,6931,NaN,NaN,NaN,NaN,118718,51669,-77503,-25834,36134,-17231,18903,20033,-13102,6931
2013-11-10T23:00:00Z,21.425,21.45,21.23,21.34,51669,-77503,-25834,36134,-17231,18903,20033,-13102,6931,NaN,NaN,NaN,NaN,118718,51669,-77503,-25834,36134,-17231,18903,20033,-13102,6931
2013-11-11T23:00:00Z,21.345,21.355,20.56,20.69,55623,-78252,-22629,37380,-24344,13036,23953,-14360,9593,NaN,NaN,NaN,NaN,129525,55623,-78252,-22629,37380,-24344,13036,23953,-14360,9593
2013-11-12T23:00:00Z,20.7,20.855,20.41,20.6,55623,-78252,-22629,37380,-24344,13036,23953,-14360,9593,NaN,NaN,NaN,NaN,129525,55623,-78252,-22629,37380,-24344,13036,23953,-14360,9593
2013-11-13T23:00:00Z,20.595,20.885,20.57,20.745,55623,-78252,-22629,37380,-24344,13036,23953,-14360,9593,NaN,NaN,NaN,NaN,129525,55623,-78252,-22629,37380,-24344,13036,23953,-14360,9593
2013-11-14T23:00:00Z,20.755,20.82,20.55,20.77,55623,-78252,-22629,37380,-24344,13036,23953,-14360,9593,NaN,NaN,NaN,NaN,129525,55623,-78252,-22629,37380,-24344,13036,23953,-14360,9593
2013-11-17T23:00:00Z,20.775,20.8,20.29,20.385,55623,-78252,-22629,37380,-24344,13036,23953,-14360,9593,NaN,NaN,NaN,NaN,129525,55623,-78252,-22629,37380,-24344,13036,23953,-14360,9593
2013-11-18T23:00:00Z,20.395,20.475,20.2,20.33,60926,-78390,-17464,38586,-28555,10031,23803,-16370,7433,NaN,NaN,NaN,NaN,138809,60926,-78390,-17464,38586,-28555,10031,23803,-16370,7433
2013-11-19T23:00:00Z,20.345,20.49,19.78,19.84,60926,-78390,-17464,38586,-28555,10031,23803,-16370,7433,NaN,NaN,NaN,NaN,138809,60926,-78390,-17464,38586,-28555,10031,23803,-16370,7433
2013-11-20T23:00:00Z,19.84,20.045,19.705,19.945,60926,-78390,-17464,38586,-28555,10031,23803,-16370,7433,NaN,NaN,NaN,NaN,138809,60926,-78390,-17464,38586,-28555,10031,23803,-16370,7433
2013-11-21T23:00:00Z,19.96,20.045,19.81,19.81,60926,-78390,-17464,38586,-28555,10031,23803,-16370,7433,NaN,NaN,NaN,NaN,138809,60926,-78390,-17464,38586,-28555,10031,23803,-16370,7433
2013-11-24T23:00:00Z,19.83,20.3,19.57,20.185,60926,-78390,-17464,38586,-28555,10031,23803,-16370,7433,NaN,NaN,NaN,NaN,138809,60926,-78390,-17464,38586,-28555,10031,23803,-16370,7433
2013-11-25T23:00:00Z,20.155,20.29,19.78,19.805,56669,-73097,-16428,39270,-32648,6622,26707,-16901,9806,NaN,NaN,NaN,NaN,133287,56669,-73097,-16428,39270,-32648,6622,26707,-16901,9806
2013-11-26T23:00:00Z,19.87,20.14,19.65,19.655,56669,-73097,-16428,39270,-32648,6622,26707,-16901,9806,NaN,NaN,NaN,NaN,133287,56669,-73097,-16428,39270,-32648,6622,26707,-16901,9806
2013-11-27T23:00:00Z,19.685,20.1,19.645,20.015,56669,-73097,-16428,39270,-32648,6622,26707,-16901,9806,NaN,NaN,NaN,NaN,133287,56669,-73097,-16428,39270,-32648,6622,26707,-16901,9806
2013-12-01T23:00:00Z,19.99,20.01,19.115,19.145,56669,-73097,-16428,39270,-32648,6622,26707,-16901,9806,NaN,NaN,NaN,NaN,133287,56669,-73097,-16428,39270,-32648,6622,26707,-16901,9806
2013-12-02T23:00:00Z,19.17,19.335,18.975,19.115,56666,-68831,-12165,40438,-37537,2901,25990,-16726,9264,NaN,NaN,NaN,NaN,133109,56666,-68831,-12165,40438,-37537,2901,25990,-16726,9264
2013-12-03T23:00:00Z,19.1,19.89,18.89,19.675,56666,-68831,-12165,40438,-37537,2901,25990,-16726,9264,NaN,NaN,NaN,NaN,133109,56666,-68831,-12165,40438,-37537,2901,25990,-16726,9264
2013-12-04T23:00:00Z,19.675,19.72,19.215,19.395,56666,-68831,-12165,40438,-37537,2901,25990,-16726,9264,NaN,NaN,NaN,NaN,133109,56666,-68831,-12165,40438,-37537,2901,25990,-16726,9264
2013-12-05T23:00:00Z,19.4,19.785,19.165,19.52,56666,-68831,-12165,40438,-37537,2901,25990,-16726,9264,NaN,NaN,NaN,NaN,133109,56666,-68831,-12165,40438,-37537,2901,25990,-16726,9264
2013-12-08T23:00:00Z,19.555,19.98,19.435,19.82,56666,-68831,-12165,40438,-37537,2901,25990,-16726,9264,NaN,NaN,NaN,NaN,133109,56666,-68831,-12165,40438,-37537,2901,25990,-16726,9264
2013-12-09T23:00:00Z,19.8,20.43,19.74,20.41,56471,-74003,-17532,42551,-32598,9953,23756,-16177,7579,NaN,NaN,NaN,NaN,133086,56471,-74003,-17532,42551,-32598,9953,23756,-16177,7579
2013-12-10T23:00:00Z,20.385,20.48,20.21,20.28,56471,-74003,-17532,42551,-32598,9953,23756,-16177,7579,NaN,NaN,NaN,NaN,133086,56471,-74003,-17532,42551,-32598,9953,23756,-16177,7579
2013-12-11T23:00:00Z,20.305,20.345,19.41,19.455,56471,-74003,-17532,42551,-32598,9953,23756,-16177,7579,NaN,NaN,NaN,NaN,133086,56471,-74003,-17532,42551,-32598,9953,23756,-16177,7579
2013-12-12T23:00:00Z,19.475,19.74,19.28,19.66,56471,-74003,-17532,42551,-32598,9953,23756,-16177,7579,NaN,NaN,NaN,NaN,133086,56471,-74003,-17532,42551,-32598,9953,23756,-16177,7579
2013-12-15T23:00:00Z,19.655,20.29,19.445,19.955,56471,-74003,-17532,42551,-32598,9953,23756,-16177,7579,NaN,NaN,NaN,NaN,133086,56471,-74003,-17532,42551,-32598,9953,23756,-16177,7579
2013-12-16T23:00:00Z,19.975,20.23,19.675,19.93,55860,-75105,-19245,41916,-30368,11548,23605,-15908,7697,NaN,NaN,NaN,NaN,133306,55860,-75105,-19245,41916,-30368,11548,23605,-15908,7697
2013-12-17T23:00:00Z,19.93,20.265,19.425,19.71,55860,-75105,-19245,41916,-30368,11548,23605,-15908,7697,NaN,NaN,NaN,NaN,133306,55860,-75105,-19245,41916,-30368,11548,23605,-15908,7697
2013-12-18T23:00:00Z,19.71,19.905,19.1,19.23,55860,-75105,-19245,41916,-30368,11548,23605,-15908,7697,NaN,NaN,NaN,NaN,133306,55860,-75105,-19245,41916,-30368,11548,23605,-15908,7697
2013-12-19T23:00:00Z,19.205,19.52,19.13,19.395,55860,-75105,-19245,41916,-30368,11548,23605,-15908,7697,NaN,NaN,NaN,NaN,133306,55860,-75105,-19245,41916,-30368,11548,23605,-15908,7697
2013-12-22T23:00:00Z,19.42,19.52,19.265,19.44,55860,-75105,-19245,41916,-30368,11548,23605,-15908,7697,NaN,NaN,NaN,NaN,133306,55860,-75105,-19245,41916,-30368,11548,23605,-15908,7697
2013-12-23T23:00:00Z,19.43,19.575,19.31,19.475,56157,-75843,-19686,42097,-29999,12098,23121,-15533,7588,NaN,NaN,NaN,NaN,132501,56157,-75843,-19686,42097,-29999,12098,23121,-15533,7588
2013-12-25T23:00:00Z,19.48,20.03,19.415,19.78,56157,-75843,-19686,42097,-29999,12098,23121,-15533,7588,NaN,NaN,NaN,NaN,132501,56157,-75843,-19686,42097,-29999,12098,23121,-15533,7588
2013-12-26T23:00:00Z,19.8,20.105,19.75,20.055,56157,-75843,-19686,42097,-29999,12098,23121,-15533,7588,NaN,NaN,NaN,NaN,132501,56157,-75843,-19686,42097,-29999,12098,23121,-15533,7588
2013-12-29T23:00:00Z,20.08,20.18,19.46,19.555,56157,-75843,-19686,42097,-29999,12098,23121,-15533,7588,NaN,NaN,NaN,NaN,132501,56157,-75843,-19686,42097,-29999,12098,23121,-15533,7588
2013-12-30T23:00:00Z,19.575,19.825,18.72,19.425,54280,-79052,-24772,42083,-27402,14681,24963,-14872,10091,NaN,NaN,NaN,NaN,132475,54280,-79052,-24772,42083,-27402,14681,24963,-14872,10091
2014-01-01T23:00:00Z,19.44,20.44,19.43,20,54280,-79052,-24772,42083,-27402,14681,24963,-14872,10091,NaN,NaN,NaN,NaN,132475,54280,-79052,-24772,42083,-27402,14681,24963,-14872,10091
2014-01-02T23:00:00Z,20.015,20.325,19.985,20.135,54280,-79052,-24772,42083,-27402,14681,24963,-14872,10091,NaN,NaN,NaN,NaN,132475,54280,-79052,-24772,42083,-27402,14681,24963,-14872,10091
2014-01-05T23:00:00Z,20.135,20.355,19.95,20.16,54280,-79052,-24772,42083,-27402,14681,24963,-14872,10091,NaN,NaN,NaN,NaN,132475,54280,-79052,-24772,42083,-27402,14681,24963,-14872,10091
2014-01-06T23:00:00Z,20.18,20.28,19.625,19.835,53875,-79404,-25529,41285,-23950,17335,23378,-15184,8194,NaN,NaN,NaN,NaN,131294,53875,-79404,-25529,41285,-23950,17335,23378,-15184,8194
2014-01-07T23:00:00Z,19.83,19.865,19.31,19.51,53875,-79404,-25529,41285,-23950,17335,23378,-15184,8194,NaN,NaN,NaN,NaN,131294,53875,-79404,-25529,41285,-23950,17335,23378,-15184,8194
2014-01-08T23:00:00Z,19.525,19.71,19.38,19.535,53875,-79404,-25529,41285,-23950,17335,23378,-15184,8194,NaN,NaN,NaN,NaN,131294,53875,-79404,-25529,41285,-23950,17335,23378,-15184,8194
2014-01-09T23:00:00Z,19.55,20.25,19.545,20.16,53875,-79404,-25529,41285,-23950,17335,23378,-15184,8194,NaN,NaN,NaN,NaN,131294,53875,-79404,-25529,41285,-23950,17335,23378,-15184,8194
2014-01-12T23:00:00Z,20.19,20.47,19.955,20.395,53875,-79404,-25529,41285,-23950,17335,23378,-15184,8194,NaN,NaN,NaN,NaN,131294,53875,-79404,-25529,41285,-23950,17335,23378,-15184,8194
2014-01-13T23:00:00Z,20.39,20.67,20.125,20.245,58869,-83678,-24809,41287,-24798,16489,21523,-13203,8320,NaN,NaN,NaN,NaN,136158,58869,-83678,-24809,41287,-24798,16489,21523,-13203,8320
2014-01-14T23:00:00Z,20.255,20.27,19.905,20.19,58869,-83678,-24809,41287,-24798,16489,21523,-13203,8320,NaN,NaN,NaN,NaN,136158,58869,-83678,-24809,41287,-24798,16489,21523,-13203,8320
2014-01-15T23:00:00Z,20.21,20.25,19.97,20.085,58869,-83678,-24809,41287,-24798,16489,21523,-13203,8320,NaN,NaN,NaN,NaN,136158,58869,-83678,-24809,41287,-24798,16489,21523,-13203,8320
2014-01-16T23:00:00Z,20.1,20.425,19.96,20.31,58869,-83678,-24809,41287,-24798,16489,21523,-13203,8320,NaN,NaN,NaN,NaN,136158,58869,-83678,-24809,41287,-24798,16489,21523,-13203,8320
2014-01-19T23:00:00Z,20.3,20.435,19.655,19.855,60600,-84551,-23951,42334,-26466,15868,21666,-13583,8083,NaN,NaN,NaN,NaN,139468,60600,-84551,-23951,42334,-26466,15868,21666,-13583,8083
2014-01-21T23:00:00Z,19.875,19.94,19.735,19.785,60600,-84551,-23951,42334,-26466,15868,21666,-13583,8083,NaN,NaN,NaN,NaN,139468,60600,-84551,-23951,42334,-26466,15868,21666,-13583,8083
2014-01-22T23:00:00Z,19.775,20.31,19.645,20.005,60600,-84551,-23951,42334,-26466,15868,21666,-13583,8083,NaN,NaN,NaN,NaN,139468,60600,-84551,-23951,42334,-26466,15868,21666,-13583,8083
2014-01-23T23:00:00Z,20,20.285,19.715,19.9,60600,-84551,-23951,42334,-26466,15868,21666,-13583,8083,NaN,NaN,NaN,NaN,139468,60600,-84551,-23951,42334,-26466,15868,21666,-13583,8083
2014-01-26T23:00:00Z,19.97,20.09,19.55,19.675,60600,-84551,-23951,42334,-26466,15868,21666,-13583,8083,NaN,NaN,NaN,NaN,139468,60600,-84551,-23951,42334,-26466,15868,21666,-13583,8083
2014-01-27T23:00:00Z,19.665,19.84,19.455,19.55,62077,-83110,-21033,40816,-30324,10492,24328,-13787,10541,NaN,NaN,NaN,NaN,144244,62077,-83110,-21033,40816,-30324,10492,24328,-13787,10541
2014-01-28T23:00:00Z,19.57,19.965,19.45,19.7,62077,-83110,-21033,40816,-30324,10492,24328,-13787,10541,NaN,NaN,NaN,NaN,144244,62077,-83110,-21033,40816,-30324,10492,24328,-13787,10541
2014-01-29T23:00:00Z,19.725,19.73,18.97,19.125,62077,-83110,-21033,40816,-30324,10492,24328,-13787,10541,NaN,NaN,NaN,NaN,144244,62077,-83110,-21033,40816,-30324,10492,24328,-13787,10541
2014-01-30T23:00:00Z,19.13,19.465,19.065,19.145,62077,-83110,-21033,40816,-30324,10492,24328,-13787,10541,NaN,NaN,NaN,NaN,144244,62077,-83110,-21033,40816,-30324,10492,24328,-13787,10541
2014-02-02T23:00:00Z,19.095,19.62,19.06,19.315,62077,-83110,-21033,40816,-30324,10492,24328,-13787,10541,NaN,NaN,NaN,NaN,144244,62077,-83110,-21033,40816,-30324,10492,24328,-13787,10541
2014-02-03T23:00:00Z,19.345,19.51,19.26,19.49,65457,-80309,-14852,41321,-34333,6988,23368,-15504,7864,NaN,NaN,NaN,NaN,149163,65457,-80309,-14852,41321,-34333,6988,23368,-15504,7864
2014-02-04T23:00:00Z,19.48,20.335,19.435,19.875,65457,-80309,-14852,41321,-34333,6988,23368,-15504,7864,NaN,NaN,NaN,NaN,149163,65457,-80309,-14852,41321,-34333,6988,23368,-15504,7864
2014-02-05T23:00:00Z,19.885,20.18,19.83,19.925,65457,-80309,-14852,41321,-34333,6988,23368,-15504,7864,NaN,NaN,NaN,NaN,149163,65457,-80309,-14852,41321,-34333,6988,23368,-15504,7864
2014-02-06T23:00:00Z,19.93,20.09,19.755,19.98,65457,-80309,-14852,41321,-34333,6988,23368,-15504,7864,NaN,NaN,NaN,NaN,149163,65457,-80309,-14852,41321,-34333,6988,23368,-15504,7864
2014-02-09T23:00:00Z,19.97,20.275,19.96,20.055,65457,-80309,-14852,41321,-34333,6988,23368,-15504,7864,NaN,NaN,NaN,NaN,149163,65457,-80309,-14852,41321,-34333,6988,23368,-15504,7864
2014-02-10T23:00:00Z,20.055,20.29,19.915,20.22,61524,-83941,-22417,41279,-28645,12634,23950,-14167,9783,NaN,NaN,NaN,NaN,147988,61524,-83941,-22417,41279,-28645,12634,23950,-14167,9783
2014-02-11T23:00:00Z,20.22,20.39,20.08,20.22,61524,-83941,-22417,41279,-28645,12634,23950,-14167,9783,NaN,NaN,NaN,NaN,147988,61524,-83941,-22417,41279,-28645,12634,23950,-14167,9783
2014-02-12T23:00:00Z,20.22,20.52,20.125,20.465,61524,-83941,-22417,41279,-28645,12634,23950,-14167,9783,NaN,NaN,NaN,NaN,147988,61524,-83941,-22417,41279,-28645,12634,23950,-14167,9783
2014-02-13T23:00:00Z,20.48,21.49,20.445,21.485,61524,-83941,-22417,41279,-28645,12634,23950,-14167,9783,NaN,NaN,NaN,NaN,147988,61524,-83941,-22417,41279,-28645,12634,23950,-14167,9783
2014-02-16T23:00:00Z,21.48,21.98,21.315,21.95,63221,-96074,-32853,40506,-16971,23535,24041,-14723,9318,NaN,NaN,NaN,NaN,147035,63221,-96074,-32853,40506,-16971,23535,24041,-14723,9318
2014-02-18T23:00:00Z,21.955,21.96,21.375,21.53,63221,-96074,-32853,40506,-16971,23535,24041,-14723,9318,NaN,NaN,NaN,NaN,147035,63221,-96074,-32853,40506,-16971,23535,24041,-14723,9318
2014-02-19T23:00:00Z,21.555,21.9,21.4,21.81,63221,-96074,-32853,40506,-16971,23535,24041,-14723,9318,NaN,NaN,NaN,NaN,147035,63221,-96074,-32853,40506,-16971,23535,24041,-14723,9318
2014-02-20T23:00:00Z,21.825,21.975,21.575,21.835,63221,-96074,-32853,40506,-16971,23535,24041,-14723,9318,NaN,NaN,NaN,NaN,147035,63221,-96074,-32853,40506,-16971,23535,24041,-14723,9318
2014-02-23T23:00:00Z,21.92,22.18,21.52,21.965,63221,-96074,-32853,40506,-16971,23535,24041,-14723,9318,NaN,NaN,NaN,NaN,147035,63221,-96074,-32853,40506,-16971,23535,24041,-14723,9318
2014-02-24T23:00:00Z,21.96,22.025,21.67,21.89,59225,-98210,-38985,44848,-15911,28937,23352,-13304,10048,NaN,NaN,NaN,NaN,144305,59225,-98210,-38985,44848,-15911,28937,23352,-13304,10048
2014-02-25T23:00:00Z,21.875,22.035,21.085,21.22,59225,-98210,-38985,44848,-15911,28937,23352,-13304,10048,NaN,NaN,NaN,NaN,144305,59225,-98210,-38985,44848,-15911,28937,23352,-13304,10048
2014-02-26T23:00:00Z,21.275,21.515,21.025,21.3,59225,-98210,-38985,44848,-15911,28937,23352,-13304,10048,NaN,NaN,NaN,NaN,144305,59225,-98210,-38985,44848,-15911,28937,23352,-13304,10048
2014-02-27T23:00:00Z,21.295,21.43,21.105,21.265,59225,-98210,-38985,44848,-15911,28937,23352,-13304,10048,NaN,NaN,NaN,NaN,144305,59225,-98210,-38985,44848,-15911,28937,23352,-13304,10048
2014-03-02T23:00:00Z,21.325,21.74,21.26,21.445,59225,-98210,-38985,44848,-15911,28937,23352,-13304,10048,NaN,NaN,NaN,NaN,144305,59225,-98210,-38985,44848,-15911,28937,23352,-13304,10048
2014-03-03T23:00:00Z,21.45,21.54,21.04,21.18,54619,-94388,-39769,44297,-16388,27909,21588,-9728,11860,NaN,NaN,NaN,NaN,133550,54619,-94388,-39769,44297,-16388,27909,21588,-9728,11860
2014-03-04T23:00:00Z,21.21,21.34,21.155,21.195,54619,-94388,-39769,44297,-16388,27909,21588,-9728,11860,NaN,NaN,NaN,NaN,133550,54619,-94388,-39769,44297,-16388,27909,21588,-9728,11860
2014-03-05T23:00:00Z,21.2,21.65,21.105,21.475,54619,-94388,-39769,44297,-16388,27909,21588,-9728,11860,NaN,NaN,NaN,NaN,133550,54619,-94388,-39769,44297,-16388,27909,21588,-9728,11860
2014-03-06T23:00:00Z,21.49,21.61,20.755,20.885,54619,-94388,-39769,44297,-16388,27909,21588,-9728,11860,NaN,NaN,NaN,NaN,133550,54619,-94388,-39769,44297,-16388,27909,21588,-9728,11860
2014-03-09T22:00:00Z,20.93,21.06,20.61,20.835,54619,-94388,-39769,44297,-16388,27909,21588,-9728,11860,NaN,NaN,NaN,NaN,133550,54619,-94388,-39769,44297,-16388,27909,21588,-9728,11860
2014-03-10T22:00:00Z,20.85,21.325,20.67,20.885,55639,-93273,-37634,43886,-17222,26664,22333,-11363,10970,NaN,NaN,NaN,NaN,136625,55639,-93273,-37634,43886,-17222,26664,22333,-11363,10970
2014-03-11T22:00:00Z,20.86,21.435,20.82,21.32,55639,-93273,-37634,43886,-17222,26664,22333,-11363,10970,NaN,NaN,NaN,NaN,136625,55639,-93273,-37634,43886,-17222,26664,22333,-11363,10970
2014-03-12T22:00:00Z,21.33,21.48,21.105,21.175,55639,-93273,-37634,43886,-17222,26664,22333,-11363,10970,NaN,NaN,NaN,NaN,136625,55639,-93273,-37634,43886,-17222,26664,22333,-11363,10970
2014-03-13T22:00:00Z,21.2,21.795,21.14,21.46,55639,-93273,-37634,43886,-17222,26664,22333,-11363,10970,NaN,NaN,NaN,NaN,136625,55639,-93273,-37634,43886,-17222,26664,22333,-11363,10970
2014-03-16T22:00:00Z,21.49,21.65,21.125,21.19,55639,-93273,-37634,43886,-17222,26664,22333,-11363,10970,NaN,NaN,NaN,NaN,136625,55639,-93273,-37634,43886,-17222,26664,22333,-11363,10970
2014-03-17T22:00:00Z,21.19,21.25,20.625,20.825,60632,-96532,-35900,44744,-20372,24372,22942,-11414,11528,NaN,NaN,NaN,NaN,144578,60632,-96532,-35900,44744,-20372,24372,22942,-11414,11528
2014-03-18T22:00:00Z,20.835,20.965,20.505,20.62,60632,-96532,-35900,44744,-20372,24372,22942,-11414,11528,NaN,NaN,NaN,NaN,144578,60632,-96532,-35900,44744,-20372,24372,22942,-11414,11528
2014-03-19T22:00:00Z,20.615,20.73,20.14,20.28,60632,-96532,-35900,44744,-20372,24372,22942,-11414,11528,NaN,NaN,NaN,NaN,144578,60632,-96532,-35900,44744,-20372,24372,22942,-11414,11528
2014-03-20T22:00:00Z,20.32,20.585,20.265,20.285,60632,-96532,-35900,44744,-20372,24372,22942,-11414,11528,NaN,NaN,NaN,NaN,144578,60632,-96532,-35900,44744,-20372,24372,22942,-11414,11528
2014-03-23T22:00:00Z,20.29,20.315,19.92,19.94,60632,-96532,-35900,44744,-20372,24372,22942,-11414,11528,NaN,NaN,NaN,NaN,144578,60632,-96532,-35900,44744,-20372,24372,22942,-11414,11528
2014-03-24T22:00:00Z,19.95,20.215,19.905,19.98,60091,-91846,-31755,45500,-26487,19013,24600,-11858,12742,NaN,NaN,NaN,NaN,147597,60091,-91846,-31755,45500,-26487,19013,24600,-11858,12742
2014-03-25T22:00:00Z,20,20.145,19.68,19.735,60091,-91846,-31755,45500,-26487,19013,24600,-11858,12742,NaN,NaN,NaN,NaN,147597,60091,-91846,-31755,45500,-26487,19013,24600,-11858,12742
2014-03-26T22:00:00Z,19.755,19.87,19.575,19.7,60091,-91846,-31755,45500,-26487,19013,24600,-11858,12742,NaN,NaN,NaN,NaN,147597,60091,-91846,-31755,45500,-26487,19013,24600,-11858,12742
2014-03-27T22:00:00Z,19.725,19.92,19.62,19.83,60091,-91846,-31755,45500,-26487,19013,24600,-11858,12742,NaN,NaN,NaN,NaN,147597,60091,-91846,-31755,45500,-26487,19013,24600,-11858,12742
2014-03-30T22:00:00Z,19.855,20.01,19.725,19.755,60091,-91846,-31755,45500,-26487,19013,24600,-11858,12742,NaN,NaN,NaN,NaN,147597,60091,-91846,-31755,45500,-26487,19013,24600,-11858,12742
2014-03-31T22:00:00Z,19.775,19.91,19.635,19.74,61104,-89546,-28442,44145,-29641,14504,25953,-12015,13938,NaN,NaN,NaN,NaN,150361,61104,-89546,-28442,44145,-29641,14504,25953,-12015,13938
2014-04-01T22:00:00Z,19.75,20.145,19.73,19.975,61104,-89546,-28442,44145,-29641,14504,25953,-12015,13938,NaN,NaN,NaN,NaN,150361,61104,-89546,-28442,44145,-29641,14504,25953,-12015,13938
2014-04-02T22:00:00Z,19.995,20.08,19.66,19.815,61104,-89546,-28442,44145,-29641,14504,25953,-12015,13938,NaN,NaN,NaN,NaN,150361,61104,-89546,-28442,44145,-29641,14504,25953,-12015,13938
2014-04-03T22:00:00Z,19.835,20.23,19.785,19.955,61104,-89546,-28442,44145,-29641,14504,25953,-12015,13938,NaN,NaN,NaN,NaN,150361,61104,-89546,-28442,44145,-29641,14504,25953,-12015,13938
2014-04-06T22:00:00Z,19.995,20.015,19.775,19.865,61104,-89546,-28442,44145,-29641,14504,25953,-12015,13938,NaN,NaN,NaN,NaN,150361,61104,-89546,-28442,44145,-29641,14504,25953,-12015,13938
2014-04-07T22:00:00Z,19.87,20.175,19.85,20.06,67545,-96450,-28905,45042,-28780,16262,25741,-13098,12643,NaN,NaN,NaN,NaN,159316,67545,-96450,-28905,45042,-28780,16262,25741,-13098,12643
2014-04-08T22:00:00Z,20.04,20.095,19.6,19.845,67545,-96450,-28905,45042,-28780,16262,25741,-13098,12643,NaN,NaN,NaN,NaN,159316,67545,-96450,-28905,45042,-28780,16262,25741,-13098,12643
2014-04-09T22:00:00Z,19.86,20.4,19.86,20.03,67545,-96450,-28905,45042,-28780,16262,25741,-13098,12643,NaN,NaN,NaN,NaN,159316,67545,-96450,-28905,45042,-28780,16262,25741,-13098,12643
2014-04-10T22:00:00Z,20.04,20.13,19.91,19.96,67545,-96450,-28905,45042,-28780,16262,25741,-13098,12643,NaN,NaN,NaN,NaN,159316,67545,-96450,-28905,45042,-28780,16262,25741,-13098,12643
2014-04-13T22:00:00Z,20.035,20.14,19.72,19.965,67545,-96450,-28905,45042,-28780,16262,25741,-13098,12643,NaN,NaN,NaN,NaN,159316,67545,-96450,-28905,45042,-28780,16262,25741,-13098,12643
2014-04-14T22:00:00Z,19.97,19.995,19.22,19.56,74713,-98007,-23294,45957,-32858,13099,25549,-15354,10195,NaN,NaN,NaN,NaN,164158,74713,-98007,-23294,45957,-32858,13099,25549,-15354,10195
2014-04-15T22:00:00Z,19.555,19.805,19.325,19.63,74713,-98007,-23294,45957,-32858,13099,25549,-15354,10195,NaN,NaN,NaN,NaN,164158,74713,-98007,-23294,45957,-32858,13099,25549,-15354,10195
2014-04-16T22:00:00Z,19.635,19.72,19.49,19.65,74713,-98007,-23294,45957,-32858,13099,25549,-15354,10195,NaN,NaN,NaN,NaN,164158,74713,-98007,-23294,45957,-32858,13099,25549,-15354,10195
2014-04-20T22:00:00Z,19.6,19.705,19.23,19.44,74713,-98007,-23294,45957,-32858,13099,25549,-15354,10195,NaN,NaN,NaN,NaN,164158,74713,-98007,-23294,45957,-32858,13099,25549,-15354,10195
2014-04-21T22:00:00Z,19.415,19.53,19.285,19.385,71987,-94760,-22773,45868,-31751,14117,23319,-14663,8656,NaN,NaN,NaN,NaN,157687,71987,-94760,-22773,45868,-31751,14117,23319,-14663,8656
2014-04-22T22:00:00Z,19.405,19.545,19.38,19.45,71987,-94760,-22773,45868,-31751,14117,23319,-14663,8656,NaN,NaN,NaN,NaN,157687,71987,-94760,-22773,45868,-31751,14117,23319,-14663,8656
2014-04-23T22:00:00Z,19.435,19.91,18.93,19.64,71987,-94760,-22773,45868,-31751,14117,23319,-14663,8656,NaN,NaN,NaN,NaN,157687,71987,-94760,-22773,45868,-31751,14117,23319,-14663,8656
2014-04-24T22:00:00Z,19.655,19.81,19.515,19.715,71987,-94760,-22773,45868,-31751,14117,23319,-14663,8656,NaN,NaN,NaN,NaN,157687,71987,-94760,-22773,45868,-31751,14117,23319,-14663,8656
2014-04-27T22:00:00Z,19.73,19.755,19.47,19.56,71987,-94760,-22773,45868,-31751,14117,23319,-14663,8656,NaN,NaN,NaN,NaN,157687,71987,-94760,-22773,45868,-31751,14117,23319,-14663,8656
2014-04-28T22:00:00Z,19.6,19.63,19.335,19.47,63507,-86863,-23356,46103,-34052,12051,24014,-12709,11305,NaN,NaN,NaN,NaN,149341,63507,-86863,-23356,46103,-34052,12051,24014,-12709,11305
2014-04-29T22:00:00Z,19.485,19.51,19.06,19.175,63507,-86863,-23356,46103,-34052,12051,24014,-12709,11305,NaN,NaN,NaN,NaN,149341,63507,-86863,-23356,46103,-34052,12051,24014,-12709,11305
2014-04-30T22:00:00Z,19.19,19.25,18.685,19.045,63507,-86863,-23356,46103,-34052,12051,24014,-12709,11305,NaN,NaN,NaN,NaN,149341,63507,-86863,-23356,46103,-34052,12051,24014,-12709,11305
2014-05-01T22:00:00Z,19.045,19.7,18.905,19.49,63507,-86863,-23356,46103,-34052,12051,24014,-12709,11305,NaN,NaN,NaN,NaN,149341,63507,-86863,-23356,46103,-34052,12051,24014,-12709,11305
2014-05-04T22:00:00Z,19.545,19.745,19.485,19.615,63507,-86863,-23356,46103,-34052,12051,24014,-12709,11305,NaN,NaN,NaN,NaN,149341,63507,-86863,-23356,46103,-34052,12051,24014,-12709,11305
2014-05-05T22:00:00Z,19.625,19.715,19.505,19.58,63588,-83937,-20349,45772,-35393,10379,23756,-13786,9970,NaN,NaN,NaN,NaN,149495,63588,-83937,-20349,45772,-35393,10379,23756,-13786,9970
2014-05-06T22:00:00Z,19.605,19.77,19.295,19.325,63588,-83937,-20349,45772,-35393,10379,23756,-13786,9970,NaN,NaN,NaN,NaN,149495,63588,-83937,-20349,45772,-35393,10379,23756,-13786,9970
2014-05-07T22:00:00Z,19.32,19.39,19.125,19.18,63588,-83937,-20349,45772,-35393,10379,23756,-13786,9970,NaN,NaN,NaN,NaN,149495,63588,-83937,-20349,45772,-35393,10379,23756,-13786,9970
2014-05-08T22:00:00Z,19.19,19.315,19.045,19.185,63588,-83937,-20349,45772,-35393,10379,23756,-13786,9970,NaN,NaN,NaN,NaN,149495,63588,-83937,-20349,45772,-35393,10379,23756,-13786,9970
2014-05-11T22:00:00Z,19.155,19.67,19.045,19.53,63588,-83937,-20349,45772,-35393,10379,23756,-13786,9970,NaN,NaN,NaN,NaN,149495,63588,-83937,-20349,45772,-35393,10379,23756,-13786,9970
2014-05-12T22:00:00Z,19.53,19.62,19.365,19.56,63645,-83079,-19434,46625,-35088,11537,23129,-15232,7897,NaN,NaN,NaN,NaN,149922,63645,-83079,-19434,46625,-35088,11537,23129,-15232,7897
2014-05-13T22:00:00Z,19.55,20.005,19.51,19.775,63645,-83079,-19434,46625,-35088,11537,23129,-15232,7897,NaN,NaN,NaN,NaN,149922,63645,-83079,-19434,46625,-35088,11537,23129,-15232,7897
2014-05-14T22:00:00Z,19.79,19.835,19.43,19.49,63645,-83079,-19434,46625,-35088,11537,23129,-15232,7897,NaN,NaN,NaN,NaN,149922,63645,-83079,-19434,46625,-35088,11537,23129,-15232,7897
2014-05-15T22:00:00Z,19.5,19.53,19.255,19.355,63645,-83079,-19434,46625,-35088,11537,23129,-15232,7897,NaN,NaN,NaN,NaN,149922,63645,-83079,-19434,46625,-35088,11537,23129,-15232,7897
2014-05-18T22:00:00Z,19.37,19.685,19.31,19.345,63645,-83079,-19434,46625,-35088,11537,23129,-15232,7897,NaN,NaN,NaN,NaN,149922,63645,-83079,-19434,46625,-35088,11537,23129,-15232,7897
2014-05-19T22:00:00Z,19.345,19.465,19.225,19.395,63691,-81288,-17597,45967,-37891,8076,23445,-13924,9521,NaN,NaN,NaN,NaN,150164,63691,-81288,-17597,45967,-37891,8076,23445,-13924,9521
2014-05-20T22:00:00Z,19.4,19.5,19.265,19.395,63691,-81288,-17597,45967,-37891,8076,23445,-13924,9521,NaN,NaN,NaN,NaN,150164,63691,-81288,-17597,45967,-37891,8076,23445,-13924,9521
2014-05-21T22:00:00Z,19.4,19.825,19.36,19.49,63691,-81288,-17597,45967,-37891,8076,23445,-13924,9521,NaN,NaN,NaN,NaN,150164,63691,-81288,-17597,45967,-37891,8076,23445,-13924,9521
2014-05-22T22:00:00Z,19.49,19.525,19.295,19.485,63691,-81288,-17597,45967,-37891,8076,23445,-13924,9521,NaN,NaN,NaN,NaN,150164,63691,-81288,-17597,45967,-37891,8076,23445,-13924,9521
2014-05-25T22:00:00Z,19.44,19.5,19.025,19.045,64976,-79206,-14230,48126,-43038,5088,24297,-15155,9142,NaN,NaN,NaN,NaN,156319,64976,-79206,-14230,48126,-43038,5088,24297,-15155,9142
2014-05-27T22:00:00Z,19.07,19.155,18.97,19.015,64976,-79206,-14230,48126,-43038,5088,24297,-15155,9142,NaN,NaN,NaN,NaN,156319,64976,-79206,-14230,48126,-43038,5088,24297,-15155,9142
2014-05-28T22:00:00Z,19.035,19.095,18.78,19.03,64976,-79206,-14230,48126,-43038,5088,24297,-15155,9142,NaN,NaN,NaN,NaN,156319,64976,-79206,-14230,48126,-43038,5088,24297,-15155,9142
2014-05-29T22:00:00Z,19.035,19.085,18.615,18.8,64976,-79206,-14230,48126,-43038,5088,24297,-15155,9142,NaN,NaN,NaN,NaN,156319,64976,-79206,-14230,48126,-43038,5088,24297,-15155,9142
2014-06-01T22:00:00Z,18.795,18.87,18.65,18.75,64976,-79206,-14230,48126,-43038,5088,24297,-15155,9142,NaN,NaN,NaN,NaN,156319,64976,-79206,-14230,48126,-43038,5088,24297,-15155,9142
2014-06-02T22:00:00Z,18.755,18.92,18.71,18.795,65523,-75163,-9640,49778,-49012,766,25023,-16149,8874,NaN,NaN,NaN,NaN,161062,65523,-75163,-9640,49778,-49012,766,25023,-16149,8874
2014-06-03T22:00:00Z,18.78,18.88,18.72,18.785,65523,-75163,-9640,49778,-49012,766,25023,-16149,8874,NaN,NaN,NaN,NaN,161062,65523,-75163,-9640,49778,-49012,766,25023,-16149,8874
2014-06-04T22:00:00Z,18.8,19.155,18.67,19.025,65523,-75163,-9640,49778,-49012,766,25023,-16149,8874,NaN,NaN,NaN,NaN,161062,65523,-75163,-9640,49778,-49012,766,25023,-16149,8874
2014-06-05T22:00:00Z,19.04,19.2,18.88,19,65523,-75163,-9640,49778,-49012,766,25023,-16149,8874,NaN,NaN,NaN,NaN,161062,65523,-75163,-9640,49778,-49012,766,25023,-16149,8874
2014-06-08T22:00:00Z,19.02,19.19,18.985,19.045,65523,-75163,-9640,49778,-49012,766,25023,-16149,8874,NaN,NaN,NaN,NaN,161062,65523,-75163,-9640,49778,-49012,766,25023,-16149,8874
2014-06-09T22:00:00Z,19.055,19.245,18.97,19.18,63087,-77409,-14322,48592,-44486,4106,25014,-14798,10216,NaN,NaN,NaN,NaN,161532,63087,-77409,-14322,48592,-44486,4106,25014,-14798,10216
2014-06-10T22:00:00Z,19.185,19.33,19.145,19.185,63087,-77409,-14322,48592,-44486,4106,25014,-14798,10216,NaN,NaN,NaN,NaN,161532,63087,-77409,-14322,48592,-44486,4106,25014,-14798,10216
2014-06-11T22:00:00Z,19.19,19.565,19.15,19.515,63087,-77409,-14322,48592,-44486,4106,25014,-14798,10216,NaN,NaN,NaN,NaN,161532,63087,-77409,-14322,48592,-44486,4106,25014,-14798,10216
2014-06-12T22:00:00Z,19.525,19.72,19.47,19.66,63087,-77409,-14322,48592,-44486,4106,25014,-14798,10216,NaN,NaN,NaN,NaN,161532,63087,-77409,-14322,48592,-44486,4106,25014,-14798,10216
2014-06-15T22:00:00Z,19.67,19.875,19.57,19.66,63087,-77409,-14322,48592,-44486,4106,25014,-14798,10216,NaN,NaN,NaN,NaN,161532,63087,-77409,-14322,48592,-44486,4106,25014,-14798,10216
2014-06-16T22:00:00Z,19.665,19.775,19.435,19.75,66461,-89299,-22838,48333,-34996,13337,24007,-14506,9501,NaN,NaN,NaN,NaN,164576,66461,-89299,-22838,48333,-34996,13337,24007,-14506,9501
2014-06-17T22:00:00Z,19.74,19.92,19.665,19.89,66461,-89299,-22838,48333,-34996,13337,24007,-14506,9501,NaN,NaN,NaN,NaN,164576,66461,-89299,-22838,48333,-34996,13337,24007,-14506,9501
2014-06-18T22:00:00Z,19.895,20.925,19.83,20.745,66461,-89299,-22838,48333,-34996,13337,24007,-14506,9501,NaN,NaN,NaN,NaN,164576,66461,-89299,-22838,48333,-34996,13337,24007,-14506,9501
2014-06-19T22:00:00Z,20.77,20.99,20.58,20.865,66461,-89299,-22838,48333,-34996,13337,24007,-14506,9501,NaN,NaN,NaN,NaN,164576,66461,-89299,-22838,48333,-34996,13337,24007,-14506,9501
2014-06-22T22:00:00Z,20.865,20.945,20.735,20.885,66461,-89299,-22838,48333,-34996,13337,24007,-14506,9501,NaN,NaN,NaN,NaN,164576,66461,-89299,-22838,48333,-34996,13337,24007,-14506,9501
2014-06-23T22:00:00Z,20.89,21.17,20.81,20.915,58728,-101625,-42897,54160,-24830,29330,25899,-12332,13567,NaN,NaN,NaN,NaN,158093,58728,-101625,-42897,54160,-24830,29330,25899,-12332,13567
2014-06-24T22:00:00Z,20.91,21.165,20.705,21.015,58728,-101625,-42897,54160,-24830,29330,25899,-12332,13567,NaN,NaN,NaN,NaN,158093,58728,-101625,-42897,54160,-24830,29330,25899,-12332,13567
2014-06-25T22:00:00Z,21.015,21.12,20.795,21.12,58728,-101625,-42897,54160,-24830,29330,25899,-12332,13567,NaN,NaN,NaN,NaN,158093,58728,-101625,-42897,54160,-24830,29330,25899,-12332,13567
2014-06-26T22:00:00Z,21.155,21.25,20.945,20.97,58728,-101625,-42897,54160,-24830,29330,25899,-12332,13567,NaN,NaN,NaN,NaN,158093,58728,-101625,-42897,54160,-24830,29330,25899,-12332,13567
2014-06-29T22:00:00Z,21.06,21.17,20.805,21.06,58728,-101625,-42897,54160,-24830,29330,25899,-12332,13567,NaN,NaN,NaN,NaN,158093,58728,-101625,-42897,54160,-24830,29330,25899,-12332,13567
2014-06-30T22:00:00Z,21.07,21.275,21.05,21.075,52495,-104450,-51955,60392,-20093,40299,23928,-12272,11656,NaN,NaN,NaN,NaN,156698,52495,-104450,-51955,60392,-20093,40299,23928,-12272,11656
2014-07-01T22:00:00Z,21.085,21.335,20.96,21.2,52495,-104450,-51955,60392,-20093,40299,23928,-12272,11656,NaN,NaN,NaN,NaN,156698,52495,-104450,-51955,60392,-20093,40299,23928,-12272,11656
2014-07-02T22:00:00Z,21.21,21.23,20.82,21.175,52495,-104450,-51955,60392,-20093,40299,23928,-12272,11656,NaN,NaN,NaN,NaN,156698,52495,-104450,-51955,60392,-20093,40299,23928,-12272,11656
2014-07-03T22:00:00Z,21.2,21.215,20.865,21.105,52495,-104450,-51955,60392,-20093,40299,23928,-12272,11656,NaN,NaN,NaN,NaN,156698,52495,-104450,-51955,60392,-20093,40299,23928,-12272,11656
2014-07-07T22:00:00Z,21.1,21.245,20.955,21.075,51053,-109071,-58018,67029,-19148,47881,23258,-13121,10137,NaN,NaN,NaN,NaN,162879,51053,-109071,-58018,67029,-19148,47881,23258,-13121,10137
2014-07-08T22:00:00Z,21.085,21.285,21.04,21.155,51053,-109071,-58018,67029,-19148,47881,23258,-13121,10137,NaN,NaN,NaN,NaN,162879,51053,-109071,-58018,67029,-19148,47881,23258,-13121,10137
2014-07-09T22:00:00Z,21.12,21.63,21.12,21.475,51053,-109071,-58018,67029,-19148,47881,23258,-13121,10137,NaN,NaN,NaN,NaN,162879,51053,-109071,-58018,67029,-19148,47881,23258,-13121,10137
2014-07-10T22:00:00Z,21.465,21.565,21.42,21.505,51053,-109071,-58018,67029,-19148,47881,23258,-13121,10137,NaN,NaN,NaN,NaN,162879,51053,-109071,-58018,67029,-19148,47881,23258,-13121,10137
2014-07-13T22:00:00Z,21.485,21.53,20.9,20.96,51053,-109071,-58018,67029,-19148,47881,23258,-13121,10137,NaN,NaN,NaN,NaN,162879,51053,-109071,-58018,67029,-19148,47881,23258,-13121,10137
2014-07-14T22:00:00Z,20.975,21.13,20.67,20.735,49410,-108106,-58696,65907,-16629,49278,22356,-12938,9418,NaN,NaN,NaN,NaN,162447,49410,-108106,-58696,65907,-16629,49278,22356,-12938,9418
2014-07-15T22:00:00Z,20.75,20.88,20.63,20.83,49410,-108106,-58696,65907,-16629,49278,22356,-12938,9418,NaN,NaN,NaN,NaN,162447,49410,-108106,-58696,65907,-16629,49278,22356,-12938,9418
2014-07-16T22:00:00Z,20.815,21.3,20.76,21.195,49410,-108106,-58696,65907,-16629,49278,22356,-12938,9418,NaN,NaN,NaN,NaN,162447,49410,-108106,-58696,65907,-16629,49278,22356,-12938,9418
2014-07-17T22:00:00Z,21.205,21.315,20.78,20.93,49410,-108106,-58696,65907,-16629,49278,22356,-12938,9418,NaN,NaN,NaN,NaN,162447,49410,-108106,-58696,65907,-16629,49278,22356,-12938,9418
2014-07-20T22:00:00Z,20.93,21.165,20.86,20.965,49410,-108106,-58696,65907,-16629,49278,22356,-12938,9418,NaN,NaN,NaN,NaN,162447,49410,-108106,-58696,65907,-16629,49278,22356,-12938,9418
2014-07-21T22:00:00Z,20.97,21.12,20.785,21.015,49553,-107900,-58347,64277,-16752,47525,23066,-12244,10822,NaN,NaN,NaN,NaN,162485,49553,-107900,-58347,64277,-16752,47525,23066,-12244,10822
2014-07-22T22:00:00Z,21.025,21.105,20.94,20.955,49553,-107900,-58347,64277,-16752,47525,23066,-12244,10822,NaN,NaN,NaN,NaN,162485,49553,-107900,-58347,64277,-16752,47525,23066,-12244,10822
2014-07-23T22:00:00Z,20.96,20.97,20.35,20.415,49553,-107900,-58347,64277,-16752,47525,23066,-12244,10822,NaN,NaN,NaN,NaN,162485,49553,-107900,-58347,64277,-16752,47525,23066,-12244,10822
2014-07-24T22:00:00Z,20.42,20.81,20.35,20.795,49553,-107900,-58347,64277,-16752,47525,23066,-12244,10822,NaN,NaN,NaN,NaN,162485,49553,-107900,-58347,64277,-16752,47525,23066,-12244,10822
2014-07-27T22:00:00Z,20.715,20.775,20.55,20.62,49553,-107900,-58347,64277,-16752,47525,23066,-12244,10822,NaN,NaN,NaN,NaN,162485,49553,-107900,-58347,64277,-16752,47525,23066,-12244,10822
2014-07-28T22:00:00Z,20.63,20.845,20.505,20.61,51091,-107674,-56583,59030,-14918,44112,23846,-11375,12471,NaN,NaN,NaN,NaN,158558,51091,-107674,-56583,59030,-14918,44112,23846,-11375,12471
2014-07-29T22:00:00Z,20.6,20.76,20.48,20.655,51091,-107674,-56583,59030,-14918,44112,23846,-11375,12471,NaN,NaN,NaN,NaN,158558,51091,-107674,-56583,59030,-14918,44112,23846,-11375,12471
2014-07-30T22:00:00Z,20.645,20.78,20.37,20.42,51091,-107674,-56583,59030,-14918,44112,23846,-11375,12471,NaN,NaN,NaN,NaN,158558,51091,-107674,-56583,59030,-14918,44112,23846,-11375,12471
2014-07-31T22:00:00Z,20.4,20.58,20.245,20.335,51091,-107674,-56583,59030,-14918,44112,23846,-11375,12471,NaN,NaN,NaN,NaN,158558,51091,-107674,-56583,59030,-14918,44112,23846,-11375,12471
2014-08-03T22:00:00Z,20.335,20.48,20.17,20.17,51091,-107674,-56583,59030,-14918,44112,23846,-11375,12471,NaN,NaN,NaN,NaN,158558,51091,-107674,-56583,59030,-14918,44112,23846,-11375,12471
2014-08-04T22:00:00Z,20.18,20.29,19.76,19.78,52922,-101125,-48203,54165,-19802,34363,26891,-13051,13840,NaN,NaN,NaN,NaN,157578,52922,-101125,-48203,54165,-19802,34363,26891,-13051,13840
2014-08-05T22:00:00Z,19.785,20.135,19.77,20.045,52922,-101125,-48203,54165,-19802,34363,26891,-13051,13840,NaN,NaN,NaN,NaN,157578,52922,-101125,-48203,54165,-19802,34363,26891,-13051,13840
2014-08-06T22:00:00Z,20.05,20.13,19.88,19.985,52922,-101125,-48203,54165,-19802,34363,26891,-13051,13840,NaN,NaN,NaN,NaN,157578,52922,-101125,-48203,54165,-19802,34363,26891,-13051,13840
2014-08-07T22:00:00Z,19.995,20.185,19.845,19.915,52922,-101125,-48203,54165,-19802,34363,26891,-13051,13840,NaN,NaN,NaN,NaN,157578,52922,-101125,-48203,54165,-19802,34363,26891,-13051,13840
2014-08-10T22:00:00Z,19.92,20.11,19.845,20.01,52922,-101125,-48203,54165,-19802,34363,26891,-13051,13840,NaN,NaN,NaN,NaN,157578,52922,-101125,-48203,54165,-19802,34363,26891,-13051,13840
2014-08-11T22:00:00Z,20.015,20.155,19.875,19.915,57024,-100750,-43726,53942,-24245,29697,27483,-13454,14029,NaN,NaN,NaN,NaN,158219,57024,-100750,-43726,53942,-24245,29697,27483,-13454,14029
2014-08-12T22:00:00Z,19.925,20.085,19.705,19.81,57024,-100750,-43726,53942,-24245,29697,27483,-13454,14029,NaN,NaN,NaN,NaN,158219,57024,-100750,-43726,53942,-24245,29697,27483,-13454,14029
2014-08-13T22:00:00Z,19.82,19.985,19.785,19.855,57024,-100750,-43726,53942,-24245,29697,27483,-13454,14029,NaN,NaN,NaN,NaN,158219,57024,-100750,-43726,53942,-24245,29697,27483,-13454,14029
2014-08-14T22:00:00Z,19.865,19.955,19.505,19.55,57024,-100750,-43726,53942,-24245,29697,27483,-13454,14029,NaN,NaN,NaN,NaN,158219,57024,-100750,-43726,53942,-24245,29697,27483,-13454,14029
2014-08-17T22:00:00Z,19.58,19.695,19.47,19.585,57024,-100750,-43726,53942,-24245,29697,27483,-13454,14029,NaN,NaN,NaN,NaN,158219,57024,-100750,-43726,53942,-24245,29697,27483,-13454,14029
2014-08-18T22:00:00Z,19.595,19.7,19.365,19.405,60527,-97910,-37383,53677,-29526,24151,28313,-15081,13232,NaN,NaN,NaN,NaN,164893,60527,-97910,-37383,53677,-29526,24151,28313,-15081,13232
2014-08-19T22:00:00Z,19.425,19.585,19.395,19.45,60527,-97910,-37383,53677,-29526,24151,28313,-15081,13232,NaN,NaN,NaN,NaN,164893,60527,-97910,-37383,53677,-29526,24151,28313,-15081,13232
2014-08-20T22:00:00Z,19.465,19.48,19.285,19.415,60527,-97910,-37383,53677,-29526,24151,28313,-15081,13232,NaN,NaN,NaN,NaN,164893,60527,-97910,-37383,53677,-29526,24151,28313,-15081,13232
2014-08-21T22:00:00Z,19.425,19.55,19.285,19.395,60527,-97910,-37383,53677,-29526,24151,28313,-15081,13232,NaN,NaN,NaN,NaN,164893,60527,-97910,-37383,53677,-29526,24151,28313,-15081,13232
2014-08-24T22:00:00Z,19.415,19.47,19.295,19.315,60527,-97910,-37383,53677,-29526,24151,28313,-15081,13232,NaN,NaN,NaN,NaN,164893,60527,-97910,-37383,53677,-29526,24151,28313,-15081,13232
2014-08-25T22:00:00Z,19.325,19.66,19.305,19.325,60343,-97662,-37319,55545,-33021,22524,28683,-13888,14795,NaN,NaN,NaN,NaN,164262,60343,-97662,-37319,55545,-33021,22524,28683,-13888,14795
2014-08-26T22:00:00Z,19.34,19.475,19.285,19.42,60343,-97662,-37319,55545,-33021,22524,28683,-13888,14795,NaN,NaN,NaN,NaN,164262,60343,-97662,-37319,55545,-33021,22524,28683,-13888,14795
2014-08-27T22:00:00Z,19.48,19.95,19.47,19.53,60343,-97662,-37319,55545,-33021,22524,28683,-13888,14795,NaN,NaN,NaN,NaN,164262,60343,-97662,-37319,55545,-33021,22524,28683,-13888,14795
2014-08-28T22:00:00Z,19.54,19.675,19.475,19.51,60343,-97662,-37319,55545,-33021,22524,28683,-13888,14795,NaN,NaN,NaN,NaN,164262,60343,-97662,-37319,55545,-33021,22524,28683,-13888,14795
2014-08-31T22:00:00Z,19.495,19.565,19.11,19.185,57555,-89850,-32295,59472,-39917,19555,27232,-14492,12740,NaN,NaN,NaN,NaN,162307,57555,-89850,-32295,59472,-39917,19555,27232,-14492,12740
2014-09-02T22:00:00Z,19.21,19.28,19.135,19.205,57555,-89850,-32295,59472,-39917,19555,27232,-14492,12740,NaN,NaN,NaN,NaN,162307,57555,-89850,-32295,59472,-39917,19555,27232,-14492,12740
2014-09-03T22:00:00Z,19.215,19.39,19.045,19.085,57555,-89850,-32295,59472,-39917,19555,27232,-14492,12740,NaN,NaN,NaN,NaN,162307,57555,-89850,-32295,59472,-39917,19555,27232,-14492,12740
2014-09-04T22:00:00Z,19.065,19.28,19.02,19.22,57555,-89850,-32295,59472,-39917,19555,27232,-14492,12740,NaN,NaN,NaN,NaN,162307,57555,-89850,-32295,59472,-39917,19555,27232,-14492,12740
2014-09-07T22:00:00Z,19.19,19.345,18.93,19.05,57555,-89850,-32295,59472,-39917,19555,27232,-14492,12740,NaN,NaN,NaN,NaN,162307,57555,-89850,-32295,59472,-39917,19555,27232,-14492,12740
2014-09-08T22:00:00Z,19.055,19.155,18.89,19.085,59823,-89776,-29953,58910,-42373,16537,27544,-14128,13416,NaN,NaN,NaN,NaN,165281,59823,-89776,-29953,58910,-42373,16537,27544,-14128,13416
2014-09-09T22:00:00Z,19.08,19.125,18.9,18.97,59823,-89776,-29953,58910,-42373,16537,27544,-14128,13416,NaN,NaN,NaN,NaN,165281,59823,-89776,-29953,58910,-42373,16537,27544,-14128,13416
2014-09-10T22:00:00Z,18.96,18.985,18.57,18.69,59823,-89776,-29953,58910,-42373,16537,27544,-14128,13416,NaN,NaN,NaN,NaN,165281,59823,-89776,-29953,58910,-42373,16537,27544,-14128,13416
2014-09-11T22:00:00Z,18.685,18.72,18.455,18.62,59823,-89776,-29953,58910,-42373,16537,27544,-14128,13416,NaN,NaN,NaN,NaN,165281,59823,-89776,-29953,58910,-42373,16537,27544,-14128,13416
2014-09-14T22:00:00Z,18.61,18.71,18.555,18.665,59823,-89776,-29953,58910,-42373,16537,27544,-14128,13416,NaN,NaN,NaN,NaN,165281,59823,-89776,-29953,58910,-42373,16537,27544,-14128,13416
2014-09-15T22:00:00Z,18.645,18.885,18.61,18.695,64619,-88178,-23559,58536,-47624,10912,27836,-15189,12647,NaN,NaN,NaN,NaN,171260,64619,-88178,-23559,58536,-47624,10912,27836,-15189,12647
2014-09-16T22:00:00Z,18.695,18.8,18.49,18.545,64619,-88178,-23559,58536,-47624,10912,27836,-15189,12647,NaN,NaN,NaN,NaN,171260,64619,-88178,-23559,58536,-47624,10912,27836,-15189,12647
2014-09-17T22:00:00Z,18.51,18.62,18.27,18.52,64619,-88178,-23559,58536,-47624,10912,27836,-15189,12647,NaN,NaN,NaN,NaN,171260,64619,-88178,-23559,58536,-47624,10912,27836,-15189,12647
2014-09-18T22:00:00Z,18.525,18.595,17.78,17.79,64619,-88178,-23559,58536,-47624,10912,27836,-15189,12647,NaN,NaN,NaN,NaN,171260,64619,-88178,-23559,58536,-47624,10912,27836,-15189,12647
2014-09-21T22:00:00Z,17.855,17.865,17.325,17.72,64619,-88178,-23559,58536,-47624,10912,27836,-15189,12647,NaN,NaN,NaN,NaN,171260,64619,-88178,-23559,58536,-47624,10912,27836,-15189,12647
2014-09-22T22:00:00Z,17.725,17.99,17.61,17.77,67047,-83814,-16767,55602,-46780,8822,25801,-17856,7945,NaN,NaN,NaN,NaN,170393,67047,-83814,-16767,55602,-46780,8822,25801,-17856,7945
2014-09-23T22:00:00Z,17.765,17.87,17.51,17.665,67047,-83814,-16767,55602,-46780,8822,25801,-17856,7945,NaN,NaN,NaN,NaN,170393,67047,-83814,-16767,55602,-46780,8822,25801,-17856,7945
2014-09-24T22:00:00Z,17.675,17.69,17.27,17.49,67047,-83814,-16767,55602,-46780,8822,25801,-17856,7945,NaN,NaN,NaN,NaN,170393,67047,-83814,-16767,55602,-46780,8822,25801,-17856,7945
2014-09-25T22:00:00Z,17.5,17.725,17.44,17.65,67047,-83814,-16767,55602,-46780,8822,25801,-17856,7945,NaN,NaN,NaN,NaN,170393,67047,-83814,-16767,55602,-46780,8822,25801,-17856,7945
2014-09-28T22:00:00Z,17.575,17.635,17.43,17.45,67047,-83814,-16767,55602,-46780,8822,25801,-17856,7945,NaN,NaN,NaN,NaN,170393,67047,-83814,-16767,55602,-46780,8822,25801,-17856,7945
2014-09-29T22:00:00Z,17.46,17.575,16.85,16.96,68945,-84406,-15461,58730,-52104,6626,26625,-17790,8835,NaN,NaN,NaN,NaN,173222,68945,-84406,-15461,58730,-52104,6626,26625,-17790,8835
2014-09-30T22:00:00Z,16.975,17.44,16.865,17.165,68945,-84406,-15461,58730,-52104,6626,26625,-17790,8835,NaN,NaN,NaN,NaN,173222,68945,-84406,-15461,58730,-52104,6626,26625,-17790,8835
2014-10-01T22:00:00Z,17.19,17.35,16.93,17.085,68945,-84406,-15461,58730,-52104,6626,26625,-17790,8835,NaN,NaN,NaN,NaN,173222,68945,-84406,-15461,58730,-52104,6626,26625,-17790,8835
2014-10-02T22:00:00Z,17.06,17.155,16.64,16.845,68945,-84406,-15461,58730,-52104,6626,26625,-17790,8835,NaN,NaN,NaN,NaN,173222,68945,-84406,-15461,58730,-52104,6626,26625,-17790,8835
2014-10-05T22:00:00Z,16.805,17.36,16.66,17.34,68945,-84406,-15461,58730,-52104,6626,26625,-17790,8835,NaN,NaN,NaN,NaN,173222,68945,-84406,-15461,58730,-52104,6626,26625,-17790,8835
2014-10-06T22:00:00Z,17.34,17.625,17.085,17.18,67816,-84056,-16240,58526,-49584,8942,25106,-17808,7298,NaN,NaN,NaN,NaN,171283,67816,-84056,-16240,58526,-49584,8942,25106,-17808,7298
2014-10-07T22:00:00Z,17.195,17.465,17.055,17.37,67816,-84056,-16240,58526,-49584,8942,25106,-17808,7298,NaN,NaN,NaN,NaN,171283,67816,-84056,-16240,58526,-49584,8942,25106,-17808,7298
2014-10-08T22:00:00Z,17.37,17.72,17.325,17.34,67816,-84056,-16240,58526,-49584,8942,25106,-17808,7298,NaN,NaN,NaN,NaN,171283,67816,-84056,-16240,58526,-49584,8942,25106,-17808,7298
2014-10-09T22:00:00Z,17.36,17.42,17.205,17.385,67816,-84056,-16240,58526,-49584,8942,25106,-17808,7298,NaN,NaN,NaN,NaN,171283,67816,-84056,-16240,58526,-49584,8942,25106,-17808,7298
2014-10-12T22:00:00Z,17.36,17.68,17.28,17.49,67816,-84056,-16240,58526,-49584,8942,25106,-17808,7298,NaN,NaN,NaN,NaN,171283,67816,-84056,-16240,58526,-49584,8942,25106,-17808,7298
2014-10-13T22:00:00Z,17.5,17.57,17.325,17.38,66900,-83160,-16260,58188,-50451,7737,25341,-16818,8523,NaN,NaN,NaN,NaN,169329,66900,-83160,-16260,58188,-50451,7737,25341,-16818,8523
2014-10-14T22:00:00Z,17.38,17.82,17.02,17.435,66900,-83160,-16260,58188,-50451,7737,25341,-16818,8523,NaN,NaN,NaN,NaN,169329,66900,-83160,-16260,58188,-50451,7737,25341,-16818,8523
2014-10-15T22:00:00Z,17.45,17.54,17.2,17.355,66900,-83160,-16260,58188,-50451,7737,25341,-16818,8523,NaN,NaN,NaN,NaN,169329,66900,-83160,-16260,58188,-50451,7737,25341,-16818,8523
2014-10-16T22:00:00Z,17.37,17.44,17.22,17.27,66900,-83160,-16260,58188,-50451,7737,25341,-16818,8523,NaN,NaN,NaN,NaN,169329,66900,-83160,-16260,58188,-50451,7737,25341,-16818,8523
2014-10-19T22:00:00Z,17.335,17.52,17.25,17.415,66900,-83160,-16260,58188,-50451,7737,25341,-16818,8523,NaN,NaN,NaN,NaN,169329,66900,-83160,-16260,58188,-50451,7737,25341,-16818,8523
2014-10-20T22:00:00Z,17.42,17.655,17.355,17.505,70098,-84689,-14591,57236,-50405,6831,24523,-16763,7760,NaN,NaN,NaN,NaN,170192,70098,-84689,-14591,57236,-50405,6831,24523,-16763,7760
2014-10-21T22:00:00Z,17.52,17.535,17.115,17.16,70098,-84689,-14591,57236,-50405,6831,24523,-16763,7760,NaN,NaN,NaN,NaN,170192,70098,-84689,-14591,57236,-50405,6831,24523,-16763,7760
2014-10-22T22:00:00Z,17.175,17.25,17.035,17.185,70098,-84689,-14591,57236,-50405,6831,24523,-16763,7760,NaN,NaN,NaN,NaN,170192,70098,-84689,-14591,57236,-50405,6831,24523,-16763,7760
2014-10-23T22:00:00Z,17.2,17.355,17.135,17.195,70098,-84689,-14591,57236,-50405,6831,24523,-16763,7760,NaN,NaN,NaN,NaN,170192,70098,-84689,-14591,57236,-50405,6831,24523,-16763,7760
2014-10-26T22:00:00Z,17.185,17.23,17.08,17.1,70098,-84689,-14591,57236,-50405,6831,24523,-16763,7760,NaN,NaN,NaN,NaN,170192,70098,-84689,-14591,57236,-50405,6831,24523,-16763,7760
2014-10-27T22:00:00Z,17.095,17.4,17.06,17.185,71215,-85370,-14155,57469,-51537,5932,25038,-16815,8223,NaN,NaN,NaN,NaN,173733,71215,-85370,-14155,57469,-51537,5932,25038,-16815,8223
2014-10-28T22:00:00Z,17.2,17.315,17.015,17.08,71215,-85370,-14155,57469,-51537,5932,25038,-16815,8223,NaN,NaN,NaN,NaN,173733,71215,-85370,-14155,57469,-51537,5932,25038,-16815,8223
2014-10-29T22:00:00Z,17.095,17.205,16.33,16.45,71215,-85370,-14155,57469,-51537,5932,25038,-16815,8223,NaN,NaN,NaN,NaN,173733,71215,-85370,-14155,57469,-51537,5932,25038,-16815,8223
2014-10-30T22:00:00Z,16.495,16.515,15.635,16.17,71215,-85370,-14155,57469,-51537,5932,25038,-16815,8223,NaN,NaN,NaN,NaN,173733,71215,-85370,-14155,57469,-51537,5932,25038,-16815,8223
2014-11-02T23:00:00Z,16.11,16.22,15.74,16.125,71215,-85370,-14155,57469,-51537,5932,25038,-16815,8223,NaN,NaN,NaN,NaN,173733,71215,-85370,-14155,57469,-51537,5932,25038,-16815,8223
2014-11-03T23:00:00Z,16.115,16.165,15.905,16.01,73977,-86385,-12408,58088,-51146,6942,24305,-18839,5466,NaN,NaN,NaN,NaN,176463,73977,-86385,-12408,58088,-51146,6942,24305,-18839,5466
2014-11-04T23:00:00Z,16.02,16.045,15.12,15.295,73977,-86385,-12408,58088,-51146,6942,24305,-18839,5466,NaN,NaN,NaN,NaN,176463,73977,-86385,-12408,58088,-51146,6942,24305,-18839,5466
2014-11-05T23:00:00Z,15.34,15.455,15.205,15.405,73977,-86385,-12408,58088,-51146,6942,24305,-18839,5466,NaN,NaN,NaN,NaN,176463,73977,-86385,-12408,58088,-51146,6942,24305,-18839,5466
2014-11-06T23:00:00Z,15.405,15.88,15.04,15.81,73977,-86385,-12408,58088,-51146,6942,24305,-18839,5466,NaN,NaN,NaN,NaN,176463,73977,-86385,-12408,58088,-51146,6942,24305,-18839,5466
2014-11-09T23:00:00Z,15.8,15.88,15.48,15.59,73977,-86385,-12408,58088,-51146,6942,24305,-18839,5466,NaN,NaN,NaN,NaN,176463,73977,-86385,-12408,58088,-51146,6942,24305,-18839,5466
2014-11-10T23:00:00Z,15.595,15.88,15.445,15.68,69712,-87324,-17612,57465,-47033,10432,24224,-17044,7180,NaN,NaN,NaN,NaN,170684,69712,-87324,-17612,57465,-47033,10432,24224,-17044,7180
2014-11-11T23:00:00Z,15.685,15.765,15.545,15.645,69712,-87324,-17612,57465,-47033,10432,24224,-17044,7180,NaN,NaN,NaN,NaN,170684,69712,-87324,-17612,57465,-47033,10432,24224,-17044,7180
2014-11-12T23:00:00Z,15.64,15.79,15.535,15.645,69712,-87324,-17612,57465,-47033,10432,24224,-17044,7180,NaN,NaN,NaN,NaN,170684,69712,-87324,-17612,57465,-47033,10432,24224,-17044,7180
2014-11-13T23:00:00Z,15.63,16.38,15.25,16.305,69712,-87324,-17612,57465,-47033,10432,24224,-17044,7180,NaN,NaN,NaN,NaN,170684,69712,-87324,-17612,57465,-47033,10432,24224,-17044,7180
2014-11-16T23:00:00Z,16.305,16.455,16.015,16.125,69712,-87324,-17612,57465,-47033,10432,24224,-17044,7180,NaN,NaN,NaN,NaN,170684,69712,-87324,-17612,57465,-47033,10432,24224,-17044,7180
2014-11-17T23:00:00Z,16.13,16.4,15.97,16.17,74136,-92503,-18367,56831,-45077,11754,23366,-16753,6613,NaN,NaN,NaN,NaN,173075,74136,-92503,-18367,56831,-45077,11754,23366,-16753,6613
2014-11-18T23:00:00Z,16.165,16.535,15.87,16.11,74136,-92503,-18367,56831,-45077,11754,23366,-16753,6613,NaN,NaN,NaN,NaN,173075,74136,-92503,-18367,56831,-45077,11754,23366,-16753,6613
2014-11-19T23:00:00Z,16.12,16.32,15.955,16.23,74136,-92503,-18367,56831,-45077,11754,23366,-16753,6613,NaN,NaN,NaN,NaN,173075,74136,-92503,-18367,56831,-45077,11754,23366,-16753,6613
2014-11-20T23:00:00Z,16.255,16.6,16.095,16.425,74136,-92503,-18367,56831,-45077,11754,23366,-16753,6613,NaN,NaN,NaN,NaN,173075,74136,-92503,-18367,56831,-45077,11754,23366,-16753,6613
2014-11-23T23:00:00Z,16.365,16.47,16.245,16.445,74136,-92503,-18367,56831,-45077,11754,23366,-16753,6613,NaN,NaN,NaN,NaN,173075,74136,-92503,-18367,56831,-45077,11754,23366,-16753,6613
2014-11-24T23:00:00Z,16.435,16.69,16.435,16.645,65268,-87311,-22043,52883,-37427,15456,22481,-15894,6587,NaN,NaN,NaN,NaN,156984,65268,-87311,-22043,52883,-37427,15456,22481,-15894,6587
2014-11-25T23:00:00Z,16.715,16.715,16.515,16.54,65268,-87311,-22043,52883,-37427,15456,22481,-15894,6587,NaN,NaN,NaN,NaN,156984,65268,-87311,-22043,52883,-37427,15456,22481,-15894,6587
2014-11-26T23:00:00Z,16.54,16.575,15.41,15.455,65268,-87311,-22043,52883,-37427,15456,22481,-15894,6587,NaN,NaN,NaN,NaN,156984,65268,-87311,-22043,52883,-37427,15456,22481,-15894,6587
2014-11-30T23:00:00Z,15.39,16.81,14.155,16.46,65268,-87311,-22043,52883,-37427,15456,22481,-15894,6587,NaN,NaN,NaN,NaN,156984,65268,-87311,-22043,52883,-37427,15456,22481,-15894,6587
2014-12-01T23:00:00Z,16.495,16.535,16.07,16.465,62023,-88609,-26586,50686,-29095,21591,21087,-16092,4995,NaN,NaN,NaN,NaN,148422,62023,-88609,-26586,50686,-29095,21591,21087,-16092,4995
2014-12-02T23:00:00Z,16.465,16.595,16.235,16.43,62023,-88609,-26586,50686,-29095,21591,21087,-16092,4995,NaN,NaN,NaN,NaN,148422,62023,-88609,-26586,50686,-29095,21591,21087,-16092,4995
2014-12-03T23:00:00Z,16.425,16.68,16.375,16.49,62023,-88609,-26586,50686,-29095,21591,21087,-16092,4995,NaN,NaN,NaN,NaN,148422,62023,-88609,-26586,50686,-29095,21591,21087,-16092,4995
2014-12-04T23:00:00Z,16.475,16.56,16.22,16.285,62023,-88609,-26586,50686,-29095,21591,21087,-16092,4995,NaN,NaN,NaN,NaN,148422,62023,-88609,-26586,50686,-29095,21591,21087,-16092,4995
2014-12-07T23:00:00Z,16.25,16.44,16.165,16.375,62023,-88609,-26586,50686,-29095,21591,21087,-16092,4995,NaN,NaN,NaN,NaN,148422,62023,-88609,-26586,50686,-29095,21591,21087,-16092,4995
2014-12-08T23:00:00Z,16.36,17.23,16.29,17.105,59448,-94805,-35357,52129,-23670,28459,21699,-14801,6898,NaN,NaN,NaN,NaN,148195,59448,-94805,-35357,52129,-23670,28459,21699,-14801,6898
2014-12-09T23:00:00Z,17.125,17.355,16.95,17.075,59448,-94805,-35357,52129,-23670,28459,21699,-14801,6898,NaN,NaN,NaN,NaN,148195,59448,-94805,-35357,52129,-23670,28459,21699,-14801,6898
2014-12-10T23:00:00Z,17.065,17.24,16.945,17.095,59448,-94805,-35357,52129,-23670,28459,21699,-14801,6898,NaN,NaN,NaN,NaN,148195,59448,-94805,-35357,52129,-23670,28459,21699,-14801,6898
2014-12-11T23:00:00Z,17.11,17.23,17.01,17.035,59448,-94805,-35357,52129,-23670,28459,21699,-14801,6898,NaN,NaN,NaN,NaN,148195,59448,-94805,-35357,52129,-23670,28459,21699,-14801,6898
2014-12-14T23:00:00Z,17.05,17.08,16.135,16.185,59448,-94805,-35357,52129,-23670,28459,21699,-14801,6898,NaN,NaN,NaN,NaN,148195,59448,-94805,-35357,52129,-23670,28459,21699,-14801,6898
2014-12-15T23:00:00Z,16.205,16.665,15.54,15.715,62195,-96192,-33997,52921,-26432,26489,21094,-13586,7508,NaN,NaN,NaN,NaN,150199,62195,-96192,-33997,52921,-26432,26489,21094,-13586,7508
2014-12-16T23:00:00Z,15.755,16.06,15.615,15.75,62195,-96192,-33997,52921,-26432,26489,21094,-13586,7508,NaN,NaN,NaN,NaN,150199,62195,-96192,-33997,52921,-26432,26489,21094,-13586,7508
2014-12-17T23:00:00Z,15.755,16.23,15.74,15.875,62195,-96192,-33997,52921,-26432,26489,21094,-13586,7508,NaN,NaN,NaN,NaN,150199,62195,-96192,-33997,52921,-26432,26489,21094,-13586,7508
2014-12-18T23:00:00Z,15.875,16.11,15.83,16.065,62195,-96192,-33997,52921,-26432,26489,21094,-13586,7508,NaN,NaN,NaN,NaN,150199,62195,-96192,-33997,52921,-26432,26489,21094,-13586,7508
2014-12-21T23:00:00Z,16.15,16.175,15.53,15.68,62195,-96192,-33997,52921,-26432,26489,21094,-13586,7508,NaN,NaN,NaN,NaN,150199,62195,-96192,-33997,52921,-26432,26489,21094,-13586,7508
2014-12-22T23:00:00Z,15.675,15.895,15.56,15.79,62444,-96176,-33732,52057,-25744,26313,20470,-13051,7419,NaN,NaN,NaN,NaN,149149,62444,-96176,-33732,52057,-25744,26313,20470,-13051,7419
2014-12-23T23:00:00Z,15.775,15.865,15.68,15.765,62444,-96176,-33732,52057,-25744,26313,20470,-13051,7419,NaN,NaN,NaN,NaN,149149,62444,-96176,-33732,52057,-25744,26313,20470,-13051,7419
2014-12-25T23:00:00Z,15.78,16.305,15.765,16.085,62444,-96176,-33732,52057,-25744,26313,20470,-13051,7419,NaN,NaN,NaN,NaN,149149,62444,-96176,-33732,52057,-25744,26313,20470,-13051,7419
2014-12-28T23:00:00Z,16.08,16.255,15.72,15.805,62444,-96176,-33732,52057,-25744,26313,20470,-13051,7419,NaN,NaN,NaN,NaN,149149,62444,-96176,-33732,52057,-25744,26313,20470,-13051,7419
2014-12-29T23:00:00Z,15.81,16.48,15.75,16.27,60612,-99248,-38636,54126,-24104,30022,20867,-12253,8614,NaN,NaN,NaN,NaN,149594,60612,-99248,-38636,54126,-24104,30022,20867,-12253,8614
2014-12-30T23:00:00Z,16.25,16.31,15.545,15.685,60612,-99248,-38636,54126,-24104,30022,20867,-12253,8614,NaN,NaN,NaN,NaN,149594,60612,-99248,-38636,54126,-24104,30022,20867,-12253,8614
2015-01-01T23:00:00Z,15.73,16.06,15.51,15.785,60612,-99248,-38636,54126,-24104,30022,20867,-12253,8614,NaN,NaN,NaN,NaN,149594,60612,-99248,-38636,54126,-24104,30022,20867,-12253,8614
2015-01-04T23:00:00Z,15.795,16.26,15.63,16.19,60612,-99248,-38636,54126,-24104,30022,20867,-12253,8614,NaN,NaN,NaN,NaN,149594,60612,-99248,-38636,54126,-24104,30022,20867,-12253,8614
2015-01-05T23:00:00Z,16.16,16.74,16.115,16.55,62455,-102064,-39609,54911,-22872,32039,20613,-13043,7570,NaN,NaN,NaN,NaN,152879,62455,-102064,-39609,54911,-22872,32039,20613,-13043,7570
2015-01-06T23:00:00Z,16.575,16.66,16.3,16.53,62455,-102064,-39609,54911,-22872,32039,20613,-13043,7570,NaN,NaN,NaN,NaN,152879,62455,-102064,-39609,54911,-22872,32039,20613,-13043,7570
2015-01-07T23:00:00Z,16.545,16.665,16.305,16.375,62455,-102064,-39609,54911,-22872,32039,20613,-13043,7570,NaN,NaN,NaN,NaN,152879,62455,-102064,-39609,54911,-22872,32039,20613,-13043,7570
2015-01-08T23:00:00Z,16.375,16.625,16.21,16.52,62455,-102064,-39609,54911,-22872,32039,20613,-13043,7570,NaN,NaN,NaN,NaN,152879,62455,-102064,-39609,54911,-22872,32039,20613,-13043,7570
2015-01-11T23:00:00Z,16.495,16.69,16.43,16.61,62455,-102064,-39609,54911,-22872,32039,20613,-13043,7570,NaN,NaN,NaN,NaN,152879,62455,-102064,-39609,54911,-22872,32039,20613,-13043,7570
2015-01-12T23:00:00Z,16.59,17.215,16.57,17.09,61363,-108167,-46804,59808,-19869,39939,20266,-13401,6865,NaN,NaN,NaN,NaN,157282,61363,-108167,-46804,59808,-19869,39939,20266,-13401,6865
2015-01-13T23:00:00Z,17.07,17.095,16.56,16.835,61363,-108167,-46804,59808,-19869,39939,20266,-13401,6865,NaN,NaN,NaN,NaN,157282,61363,-108167,-46804,59808,-19869,39939,20266,-13401,6865
2015-01-14T23:00:00Z,16.84,17.24,16.71,16.955,61363,-108167,-46804,59808,-19869,39939,20266,-13401,6865,NaN,NaN,NaN,NaN,157282,61363,-108167,-46804,59808,-19869,39939,20266,-13401,6865
2015-01-15T23:00:00Z,16.965,17.865,16.89,17.78,61363,-108167,-46804,59808,-19869,39939,20266,-13401,6865,NaN,NaN,NaN,NaN,157282,61363,-108167,-46804,59808,-19869,39939,20266,-13401,6865
2015-01-18T23:00:00Z,17.84,18.045,17.63,18.005,60587,-116228,-55641,62203,-15929,46274,21747,-12380,9367,NaN,NaN,NaN,NaN,159904,60587,-116228,-55641,62203,-15929,46274,21747,-12380,9367
2015-01-20T23:00:00Z,18.01,18.505,17.915,18.14,60587,-116228,-55641,62203,-15929,46274,21747,-12380,9367,NaN,NaN,NaN,NaN,159904,60587,-116228,-55641,62203,-15929,46274,21747,-12380,9367
2015-01-21T23:00:00Z,18.16,18.49,17.89,18.34,60587,-116228,-55641,62203,-15929,46274,21747,-12380,9367,NaN,NaN,NaN,NaN,159904,60587,-116228,-55641,62203,-15929,46274,21747,-12380,9367
2015-01-22T23:00:00Z,18.335,18.415,18.12,18.325,60587,-116228,-55641,62203,-15929,46274,21747,-12380,9367,NaN,NaN,NaN,NaN,159904,60587,-116228,-55641,62203,-15929,46274,21747,-12380,9367
2015-01-25T23:00:00Z,18.3,18.49,17.865,17.935,60587,-116228,-55641,62203,-15929,46274,21747,-12380,9367,NaN,NaN,NaN,NaN,159904,60587,-116228,-55641,62203,-15929,46274,21747,-12380,9367
2015-01-26T23:00:00Z,17.92,18.215,17.405,18.06,59964,-121557,-61593,65722,-12375,53347,21197,-12951,8246,NaN,NaN,NaN,NaN,162440,59964,-121557,-61593,65722,-12375,53347,21197,-12951,8246
2015-01-27T23:00:00Z,18.045,18.175,17.945,17.99,59964,-121557,-61593,65722,-12375,53347,21197,-12951,8246,NaN,NaN,NaN,NaN,162440,59964,-121557,-61593,65722,-12375,53347,21197,-12951,8246
2015-01-28T23:00:00Z,18,18.05,16.74,16.945,59964,-121557,-61593,65722,-12375,53347,21197,-12951,8246,NaN,NaN,NaN,NaN,162440,59964,-121557,-61593,65722,-12375,53347,21197,-12951,8246
2015-01-29T23:00:00Z,16.99,17.32,16.815,17.255,59964,-121557,-61593,65722,-12375,53347,21197,-12951,8246,NaN,NaN,NaN,NaN,162440,59964,-121557,-61593,65722,-12375,53347,21197,-12951,8246
2015-02-01T23:00:00Z,17.155,17.34,16.995,17.21,59964,-121557,-61593,65722,-12375,53347,21197,-12951,8246,NaN,NaN,NaN,NaN,162440,59964,-121557,-61593,65722,-12375,53347,21197,-12951,8246
2015-02-02T23:00:00Z,17.24,17.75,17.07,17.3,65063,-121262,-56199,64166,-13593,50573,20310,-14684,5626,NaN,NaN,NaN,NaN,168486,65063,-121262,-56199,64166,-13593,50573,20310,-14684,5626
2015-02-03T23:00:00Z,17.33,17.67,17.17,17.36,65063,-121262,-56199,64166,-13593,50573,20310,-14684,5626,NaN,NaN,NaN,NaN,168486,65063,-121262,-56199,64166,-13593,50573,20310,-14684,5626
2015-02-04T23:00:00Z,17.37,17.5,16.92,17.25,65063,-121262,-56199,64166,-13593,50573,20310,-14684,5626,NaN,NaN,NaN,NaN,168486,65063,-121262,-56199,64166,-13593,50573,20310,-14684,5626
2015-02-05T23:00:00Z,17.28,17.37,16.545,16.715,65063,-121262,-56199,64166,-13593,50573,20310,-14684,5626,NaN,NaN,NaN,NaN,168486,65063,-121262,-56199,64166,-13593,50573,20310,-14684,5626
2015-02-08T23:00:00Z,16.785,17.145,16.685,16.97,65063,-121262,-56199,64166,-13593,50573,20310,-14684,5626,NaN,NaN,NaN,NaN,168486,65063,-121262,-56199,64166,-13593,50573,20310,-14684,5626
2015-02-09T23:00:00Z,16.965,17.095,16.715,16.905,64438,-117895,-53457,62034,-15170,46864,21236,-14643,6593,NaN,NaN,NaN,NaN,168146,64438,-117895,-53457,62034,-15170,46864,21236,-14643,6593
2015-02-10T23:00:00Z,16.93,17.075,16.71,16.785,64438,-117895,-53457,62034,-15170,46864,21236,-14643,6593,NaN,NaN,NaN,NaN,168146,64438,-117895,-53457,62034,-15170,46864,21236,-14643,6593
2015-02-11T23:00:00Z,16.795,17.04,16.605,16.835,64438,-117895,-53457,62034,-15170,46864,21236,-14643,6593,NaN,NaN,NaN,NaN,168146,64438,-117895,-53457,62034,-15170,46864,21236,-14643,6593
2015-02-12T23:00:00Z,16.84,17.43,16.835,17.32,64438,-117895,-53457,62034,-15170,46864,21236,-14643,6593,NaN,NaN,NaN,NaN,168146,64438,-117895,-53457,62034,-15170,46864,21236,-14643,6593
2015-02-15T23:00:00Z,17.325,17.4,16.26,16.47,68694,-116415,-47721,61145,-19822,41323,21279,-14881,6398,NaN,NaN,NaN,NaN,175193,68694,-116415,-47721,61145,-19822,41323,21279,-14881,6398
2015-02-17T23:00:00Z,16.48,16.575,16.23,16.465,68694,-116415,-47721,61145,-19822,41323,21279,-14881,6398,NaN,NaN,NaN,NaN,175193,68694,-116415,-47721,61145,-19822,41323,21279,-14881,6398
2015-02-18T23:00:00Z,16.445,16.77,16.32,16.345,68694,-116415,-47721,61145,-19822,41323,21279,-14881,6398,NaN,NaN,NaN,NaN,175193,68694,-116415,-47721,61145,-19822,41323,21279,-14881,6398
2015-02-19T23:00:00Z,16.345,16.555,16.16,16.235,68694,-116415,-47721,61145,-19822,41323,21279,-14881,6398,NaN,NaN,NaN,NaN,175193,68694,-116415,-47721,61145,-19822,41323,21279,-14881,6398
2015-02-22T23:00:00Z,16.255,16.59,16.065,16.29,68694,-116415,-47721,61145,-19822,41323,21279,-14881,6398,NaN,NaN,NaN,NaN,175193,68694,-116415,-47721,61145,-19822,41323,21279,-14881,6398
2015-02-23T23:00:00Z,16.3,16.455,16.04,16.28,67267,-109414,-42147,57348,-20009,37339,19017,-14209,4808,NaN,NaN,NaN,NaN,166676,67267,-109414,-42147,57348,-20009,37339,19017,-14209,4808
2015-02-24T23:00:00Z,16.285,16.7,16.28,16.515,67267,-109414,-42147,57348,-20009,37339,19017,-14209,4808,NaN,NaN,NaN,NaN,166676,67267,-109414,-42147,57348,-20009,37339,19017,-14209,4808
2015-02-25T23:00:00Z,16.535,16.905,16.52,16.575,67267,-109414,-42147,57348,-20009,37339,19017,-14209,4808,NaN,NaN,NaN,NaN,166676,67267,-109414,-42147,57348,-20009,37339,19017,-14209,4808
2015-02-26T23:00:00Z,16.565,16.7,16.425,16.62,67267,-109414,-42147,57348,-20009,37339,19017,-14209,4808,NaN,NaN,NaN,NaN,166676,67267,-109414,-42147,57348,-20009,37339,19017,-14209,4808
2015-03-01T23:00:00Z,16.575,16.79,16.35,16.405,67267,-109414,-42147,57348,-20009,37339,19017,-14209,4808,NaN,NaN,NaN,NaN,166676,67267,-109414,-42147,57348,-20009,37339,19017,-14209,4808
2015-03-02T23:00:00Z,16.405,16.58,16.07,16.275,63453,-103165,-39712,56342,-25135,31207,21614,-13109,8505,NaN,NaN,NaN,NaN,164018,63453,-103165,-39712,56342,-25135,31207,21614,-13109,8505
2015-03-03T23:00:00Z,16.26,16.36,16.055,16.215,63453,-103165,-39712,56342,-25135,31207,21614,-13109,8505,NaN,NaN,NaN,NaN,164018,63453,-103165,-39712,56342,-25135,31207,21614,-13109,8505
2015-03-04T23:00:00Z,16.22,16.355,16.14,16.2,63453,-103165,-39712,56342,-25135,31207,21614,-13109,8505,NaN,NaN,NaN,NaN,164018,63453,-103165,-39712,56342,-25135,31207,21614,-13109,8505
2015-03-05T23:00:00Z,16.185,16.235,15.745,15.925,63453,-103165,-39712,56342,-25135,31207,21614,-13109,8505,NaN,NaN,NaN,NaN,164018,63453,-103165,-39712,56342,-25135,31207,21614,-13109,8505
2015-03-08T22:00:00Z,15.93,15.96,15.705,15.73,63453,-103165,-39712,56342,-25135,31207,21614,-13109,8505,NaN,NaN,NaN,NaN,164018,63453,-103165,-39712,56342,-25135,31207,21614,-13109,8505
2015-03-09T22:00:00Z,15.72,15.825,15.58,15.62,65853,-99116,-33263,57966,-31994,25972,21817,-14526,7291,NaN,NaN,NaN,NaN,169125,65853,-99116,-33263,57966,-31994,25972,21817,-14526,7291
2015-03-10T22:00:00Z,15.625,15.73,15.26,15.465,65853,-99116,-33263,57966,-31994,25972,21817,-14526,7291,NaN,NaN,NaN,NaN,169125,65853,-99116,-33263,57966,-31994,25972,21817,-14526,7291
2015-03-11T22:00:00Z,15.47,15.685,15.385,15.555,65853,-99116,-33263,57966,-31994,25972,21817,-14526,7291,NaN,NaN,NaN,NaN,169125,65853,-99116,-33263,57966,-31994,25972,21817,-14526,7291
2015-03-12T22:00:00Z,15.565,15.66,15.455,15.64,65853,-99116,-33263,57966,-31994,25972,21817,-14526,7291,NaN,NaN,NaN,NaN,169125,65853,-99116,-33263,57966,-31994,25972,21817,-14526,7291
2015-03-15T22:00:00Z,15.63,15.755,15.49,15.63,65853,-99116,-33263,57966,-31994,25972,21817,-14526,7291,NaN,NaN,NaN,NaN,169125,65853,-99116,-33263,57966,-31994,25972,21817,-14526,7291
2015-03-16T22:00:00Z,15.625,15.72,15.36,15.53,72202,-102412,-30210,61649,-37238,24411,21042,-15243,5799,NaN,NaN,NaN,NaN,178524,72202,-102412,-30210,61649,-37238,24411,21042,-15243,5799
2015-03-17T22:00:00Z,15.53,16.095,15.43,15.89,72202,-102412,-30210,61649,-37238,24411,21042,-15243,5799,NaN,NaN,NaN,NaN,178524,72202,-102412,-30210,61649,-37238,24411,21042,-15243,5799
2015-03-18T22:00:00Z,15.93,16.205,15.795,16.11,72202,-102412,-30210,61649,-37238,24411,21042,-15243,5799,NaN,NaN,NaN,NaN,178524,72202,-102412,-30210,61649,-37238,24411,21042,-15243,5799
2015-03-19T22:00:00Z,16.125,16.89,16.08,16.725,72202,-102412,-30210,61649,-37238,24411,21042,-15243,5799,NaN,NaN,NaN,NaN,178524,72202,-102412,-30210,61649,-37238,24411,21042,-15243,5799
2015-03-22T22:00:00Z,16.755,17.09,16.61,16.975,72202,-102412,-30210,61649,-37238,24411,21042,-15243,5799,NaN,NaN,NaN,NaN,178524,72202,-102412,-30210,61649,-37238,24411,21042,-15243,5799
2015-03-23T22:00:00Z,16.995,17.04,16.805,16.94,67276,-106518,-39242,62332,-30209,32123,20254,-13135,7119,NaN,NaN,NaN,NaN,172659,67276,-106518,-39242,62332,-30209,32123,20254,-13135,7119
2015-03-24T22:00:00Z,16.935,17.14,16.84,16.955,67276,-106518,-39242,62332,-30209,32123,20254,-13135,7119,NaN,NaN,NaN,NaN,172659,67276,-106518,-39242,62332,-30209,32123,20254,-13135,7119
2015-03-25T22:00:00Z,16.97,17.405,16.91,17.1,67276,-106518,-39242,62332,-30209,32123,20254,-13135,7119,NaN,NaN,NaN,NaN,172659,67276,-106518,-39242,62332,-30209,32123,20254,-13135,7119
2015-03-26T22:00:00Z,17.085,17.195,16.855,16.97,67276,-106518,-39242,62332,-30209,32123,20254,-13135,7119,NaN,NaN,NaN,NaN,172659,67276,-106518,-39242,62332,-30209,32123,20254,-13135,7119
2015-03-29T22:00:00Z,16.99,16.99,16.625,16.69,67276,-106518,-39242,62332,-30209,32123,20254,-13135,7119,NaN,NaN,NaN,NaN,172659,67276,-106518,-39242,62332,-30209,32123,20254,-13135,7119
2015-03-30T22:00:00Z,16.705,16.82,16.435,16.63,63225,-113086,-49861,65426,-22314,43112,19486,-12737,6749,NaN,NaN,NaN,NaN,170105,63225,-113086,-49861,65426,-22314,43112,19486,-12737,6749
2015-03-31T22:00:00Z,16.62,17.075,16.5,16.935,63225,-113086,-49861,65426,-22314,43112,19486,-12737,6749,NaN,NaN,NaN,NaN,170105,63225,-113086,-49861,65426,-22314,43112,19486,-12737,6749
2015-04-01T22:00:00Z,16.935,17,16.57,16.755,63225,-113086,-49861,65426,-22314,43112,19486,-12737,6749,NaN,NaN,NaN,NaN,170105,63225,-113086,-49861,65426,-22314,43112,19486,-12737,6749
2015-04-05T22:00:00Z,16.995,17.31,16.935,16.965,63225,-113086,-49861,65426,-22314,43112,19486,-12737,6749,NaN,NaN,NaN,NaN,170105,63225,-113086,-49861,65426,-22314,43112,19486,-12737,6749
2015-04-06T22:00:00Z,16.96,16.975,16.73,16.825,64592,-115030,-50438,63241,-21160,42081,20134,-11777,8357,NaN,NaN,NaN,NaN,169700,64592,-115030,-50438,63241,-21160,42081,20134,-11777,8357
2015-04-07T22:00:00Z,16.845,16.905,16.37,16.51,64592,-115030,-50438,63241,-21160,42081,20134,-11777,8357,NaN,NaN,NaN,NaN,169700,64592,-115030,-50438,63241,-21160,42081,20134,-11777,8357
2015-04-08T22:00:00Z,16.5,16.51,16.105,16.15,64592,-115030,-50438,63241,-21160,42081,20134,-11777,8357,NaN,NaN,NaN,NaN,169700,64592,-115030,-50438,63241,-21160,42081,20134,-11777,8357
2015-04-09T22:00:00Z,16.14,16.65,16.14,16.485,64592,-115030,-50438,63241,-21160,42081,20134,-11777,8357,NaN,NaN,NaN,NaN,169700,64592,-115030,-50438,63241,-21160,42081,20134,-11777,8357
2015-04-12T22:00:00Z,16.42,16.51,16.225,16.255,64592,-115030,-50438,63241,-21160,42081,20134,-11777,8357,NaN,NaN,NaN,NaN,169700,64592,-115030,-50438,63241,-21160,42081,20134,-11777,8357
2015-04-13T22:00:00Z,16.28,16.34,15.955,16.125,67026,-110891,-43865,61417,-26872,34545,21708,-12388,9320,NaN,NaN,NaN,NaN,177877,67026,-110891,-43865,61417,-26872,34545,21708,-12388,9320
2015-04-14T22:00:00Z,16.145,16.37,16.045,16.305,67026,-110891,-43865,61417,-26872,34545,21708,-12388,9320,NaN,NaN,NaN,NaN,177877,67026,-110891,-43865,61417,-26872,34545,21708,-12388,9320
2015-04-15T22:00:00Z,16.29,16.475,16.1,16.265,67026,-110891,-43865,61417,-26872,34545,21708,-12388,9320,NaN,NaN,NaN,NaN,177877,67026,-110891,-43865,61417,-26872,34545,21708,-12388,9320
2015-04-16T22:00:00Z,16.26,16.49,16.185,16.225,67026,-110891,-43865,61417,-26872,34545,21708,-12388,9320,NaN,NaN,NaN,NaN,177877,67026,-110891,-43865,61417,-26872,34545,21708,-12388,9320
2015-04-19T22:00:00Z,16.275,16.34,15.82,15.94,67026,-110891,-43865,61417,-26872,34545,21708,-12388,9320,NaN,NaN,NaN,NaN,177877,67026,-110891,-43865,61417,-26872,34545,21708,-12388,9320
2015-04-20T22:00:00Z,15.92,16.165,15.86,15.98,73151,-106987,-33836,60848,-36523,24325,23639,-14128,9511,NaN,NaN,NaN,NaN,182633,73151,-106987,-33836,60848,-36523,24325,23639,-14128,9511
2015-04-21T22:00:00Z,15.965,16.075,15.655,15.76,73151,-106987,-33836,60848,-36523,24325,23639,-14128,9511,NaN,NaN,NaN,NaN,182633,73151,-106987,-33836,60848,-36523,24325,23639,-14128,9511
2015-04-22T22:00:00Z,15.76,15.92,15.705,15.85,73151,-106987,-33836,60848,-36523,24325,23639,-14128,9511,NaN,NaN,NaN,NaN,182633,73151,-106987,-33836,60848,-36523,24325,23639,-14128,9511
2015-04-23T22:00:00Z,15.84,15.885,15.55,15.715,73151,-106987,-33836,60848,-36523,24325,23639,-14128,9511,NaN,NaN,NaN,NaN,182633,73151,-106987,-33836,60848,-36523,24325,23639,-14128,9511
2015-04-26T22:00:00Z,15.73,16.445,15.68,16.36,73151,-106987,-33836,60848,-36523,24325,23639,-14128,9511,NaN,NaN,NaN,NaN,182633,73151,-106987,-33836,60848,-36523,24325,23639,-14128,9511
2015-04-27T22:00:00Z,16.375,16.66,16.275,16.59,69451,-103450,-33999,64340,-41410,22930,24434,-13365,11069,NaN,NaN,NaN,NaN,179461,69451,-103450,-33999,64340,-41410,22930,24434,-13365,11069
2015-04-28T22:00:00Z,16.62,16.725,16.415,16.57,69451,-103450,-33999,64340,-41410,22930,24434,-13365,11069,NaN,NaN,NaN,NaN,179461,69451,-103450,-33999,64340,-41410,22930,24434,-13365,11069
2015-04-29T22:00:00Z,16.575,16.73,15.8,16.13,69451,-103450,-33999,64340,-41410,22930,24434,-13365,11069,NaN,NaN,NaN,NaN,179461,69451,-103450,-33999,64340,-41410,22930,24434,-13365,11069
2015-04-30T22:00:00Z,16.145,16.26,15.895,16.125,69451,-103450,-33999,64340,-41410,22930,24434,-13365,11069,NaN,NaN,NaN,NaN,179461,69451,-103450,-33999,64340,-41410,22930,24434,-13365,11069
2015-05-03T22:00:00Z,16.13,16.765,16.125,16.4,69451,-103450,-33999,64340,-41410,22930,24434,-13365,11069,NaN,NaN,NaN,NaN,179461,69451,-103450,-33999,64340,-41410,22930,24434,-13365,11069
2015-05-04T22:00:00Z,16.4,16.705,16.345,16.54,67908,-105158,-37250,65383,-37760,27623,21439,-11812,9627,NaN,NaN,NaN,NaN,175694,67908,-105158,-37250,65383,-37760,27623,21439,-11812,9627
2015-05-05T22:00:00Z,16.54,16.65,16.385,16.515,67908,-105158,-37250,65383,-37760,27623,21439,-11812,9627,NaN,NaN,NaN,NaN,175694,67908,-105158,-37250,65383,-37760,27623,21439,-11812,9627
2015-05-06T22:00:00Z,16.535,16.555,16.16,16.325,67908,-105158,-37250,65383,-37760,27623,21439,-11812,9627,NaN,NaN,NaN,NaN,175694,67908,-105158,-37250,65383,-37760,27623,21439,-11812,9627
2015-05-07T22:00:00Z,16.305,16.555,16.26,16.425,67908,-105158,-37250,65383,-37760,27623,21439,-11812,9627,NaN,NaN,NaN,NaN,175694,67908,-105158,-37250,65383,-37760,27623,21439,-11812,9627
2015-05-10T22:00:00Z,16.415,16.55,16.2,16.305,67908,-105158,-37250,65383,-37760,27623,21439,-11812,9627,NaN,NaN,NaN,NaN,175694,67908,-105158,-37250,65383,-37760,27623,21439,-11812,9627
2015-05-11T22:00:00Z,16.285,16.595,16.12,16.51,68337,-106440,-38103,65302,-35964,29338,21192,-12427,8765,NaN,NaN,NaN,NaN,174919,68337,-106440,-38103,65302,-35964,29338,21192,-12427,8765
2015-05-12T22:00:00Z,16.52,17.235,16.48,17.12,68337,-106440,-38103,65302,-35964,29338,21192,-12427,8765,NaN,NaN,NaN,NaN,174919,68337,-106440,-38103,65302,-35964,29338,21192,-12427,8765
2015-05-13T22:00:00Z,17.16,17.585,17.07,17.475,68337,-106440,-38103,65302,-35964,29338,21192,-12427,8765,NaN,NaN,NaN,NaN,174919,68337,-106440,-38103,65302,-35964,29338,21192,-12427,8765
2015-05-14T22:00:00Z,17.46,17.585,17.205,17.525,68337,-106440,-38103,65302,-35964,29338,21192,-12427,8765,NaN,NaN,NaN,NaN,174919,68337,-106440,-38103,65302,-35964,29338,21192,-12427,8765
2015-05-17T22:00:00Z,17.535,17.775,17.475,17.71,68337,-106440,-38103,65302,-35964,29338,21192,-12427,8765,NaN,NaN,NaN,NaN,174919,68337,-106440,-38103,65302,-35964,29338,21192,-12427,8765
2015-05-18T22:00:00Z,17.705,17.735,16.87,17.1,62550,-125035,-62485,68171,-16891,51280,22335,-11130,11205,NaN,NaN,NaN,NaN,174337,62550,-125035,-62485,68171,-16891,51280,22335,-11130,11205
2015-05-19T22:00:00Z,17.095,17.28,16.935,17.105,62550,-125035,-62485,68171,-16891,51280,22335,-11130,11205,NaN,NaN,NaN,NaN,174337,62550,-125035,-62485,68171,-16891,51280,22335,-11130,11205
2015-05-20T22:00:00Z,17.1,17.25,17,17.16,62550,-125035,-62485,68171,-16891,51280,22335,-11130,11205,NaN,NaN,NaN,NaN,174337,62550,-125035,-62485,68171,-16891,51280,22335,-11130,11205
2015-05-21T22:00:00Z,17.14,17.335,16.94,17.105,62550,-125035,-62485,68171,-16891,51280,22335,-11130,11205,NaN,NaN,NaN,NaN,174337,62550,-125035,-62485,68171,-16891,51280,22335,-11130,11205
2015-05-24T22:00:00Z,17.05,17.18,16.645,16.75,63321,-124823,-61502,66592,-15611,50981,22380,-11859,10521,NaN,NaN,NaN,NaN,173629,63321,-124823,-61502,66592,-15611,50981,22380,-11859,10521
2015-05-26T22:00:00Z,16.735,16.81,16.58,16.68,63321,-124823,-61502,66592,-15611,50981,22380,-11859,10521,NaN,NaN,NaN,NaN,173629,63321,-124823,-61502,66592,-15611,50981,22380,-11859,10521
2015-05-27T22:00:00Z,16.675,16.775,16.54,16.69,63321,-124823,-61502,66592,-15611,50981,22380,-11859,10521,NaN,NaN,NaN,NaN,173629,63321,-124823,-61502,66592,-15611,50981,22380,-11859,10521
2015-05-28T22:00:00Z,16.67,16.85,16.64,16.71,63321,-124823,-61502,66592,-15611,50981,22380,-11859,10521,NaN,NaN,NaN,NaN,173629,63321,-124823,-61502,66592,-15611,50981,22380,-11859,10521
2015-05-31T22:00:00Z,16.695,17.17,16.59,16.735,63321,-124823,-61502,66592,-15611,50981,22380,-11859,10521,NaN,NaN,NaN,NaN,173629,63321,-124823,-61502,66592,-15611,50981,22380,-11859,10521
2015-06-01T22:00:00Z,16.725,16.84,16.61,16.775,67193,-124762,-57569,63573,-16728,46845,22646,-11922,10724,NaN,NaN,NaN,NaN,178343,67193,-124762,-57569,63573,-16728,46845,22646,-11922,10724
2015-06-02T22:00:00Z,16.775,16.795,16.375,16.475,67193,-124762,-57569,63573,-16728,46845,22646,-11922,10724,NaN,NaN,NaN,NaN,178343,67193,-124762,-57569,63573,-16728,46845,22646,-11922,10724
2015-06-03T22:00:00Z,16.48,16.5,16.065,16.075,67193,-124762,-57569,63573,-16728,46845,22646,-11922,10724,NaN,NaN,NaN,NaN,178343,67193,-124762,-57569,63573,-16728,46845,22646,-11922,10724
2015-06-04T22:00:00Z,16.065,16.16,15.925,16.095,67193,-124762,-57569,63573,-16728,46845,22646,-11922,10724,NaN,NaN,NaN,NaN,178343,67193,-124762,-57569,63573,-16728,46845,22646,-11922,10724
2015-06-07T22:00:00Z,16.04,16.11,15.88,15.925,67193,-124762,-57569,63573,-16728,46845,22646,-11922,10724,NaN,NaN,NaN,NaN,178343,67193,-124762,-57569,63573,-16728,46845,22646,-11922,10724
2015-06-08T22:00:00Z,15.92,16.135,15.905,15.905,71347,-107288,-35941,65881,-43335,22546,28005,-14610,13395,NaN,NaN,NaN,NaN,189524,71347,-107288,-35941,65881,-43335,22546,28005,-14610,13395
2015-06-09T22:00:00Z,15.91,16.19,15.895,15.975,71347,-107288,-35941,65881,-43335,22546,28005,-14610,13395,NaN,NaN,NaN,NaN,189524,71347,-107288,-35941,65881,-43335,22546,28005,-14610,13395
2015-06-10T22:00:00Z,15.96,16.04,15.77,15.995,71347,-107288,-35941,65881,-43335,22546,28005,-14610,13395,NaN,NaN,NaN,NaN,189524,71347,-107288,-35941,65881,-43335,22546,28005,-14610,13395
2015-06-11T22:00:00Z,15.98,16.005,15.785,15.925,71347,-107288,-35941,65881,-43335,22546,28005,-14610,13395,NaN,NaN,NaN,NaN,189524,71347,-107288,-35941,65881,-43335,22546,28005,-14610,13395
2015-06-14T22:00:00Z,15.9,16.235,15.81,16.04,71347,-107288,-35941,65881,-43335,22546,28005,-14610,13395,NaN,NaN,NaN,NaN,189524,71347,-107288,-35941,65881,-43335,22546,28005,-14610,13395
2015-06-15T22:00:00Z,16.035,16.105,15.85,15.98,74139,-102994,-28855,67315,-51643,15672,27894,-14711,13183,NaN,NaN,NaN,NaN,191774,74139,-102994,-28855,67315,-51643,15672,27894,-14711,13183
2015-06-16T22:00:00Z,15.965,16.25,15.885,16.085,74139,-102994,-28855,67315,-51643,15672,27894,-14711,13183,NaN,NaN,NaN,NaN,191774,74139,-102994,-28855,67315,-51643,15672,27894,-14711,13183
2015-06-17T22:00:00Z,16.075,16.43,16.02,16.125,74139,-102994,-28855,67315,-51643,15672,27894,-14711,13183,NaN,NaN,NaN,NaN,191774,74139,-102994,-28855,67315,-51643,15672,27894,-14711,13183
2015-06-18T22:00:00Z,16.11,16.19,15.87,16.05,74139,-102994,-28855,67315,-51643,15672,27894,-14711,13183,NaN,NaN,NaN,NaN,191774,74139,-102994,-28855,67315,-51643,15672,27894,-14711,13183
2015-06-21T22:00:00Z,16.1,16.23,15.985,16.135,74139,-102994,-28855,67315,-51643,15672,27894,-14711,13183,NaN,NaN,NaN,NaN,191774,74139,-102994,-28855,67315,-51643,15672,27894,-14711,13183
2015-06-22T22:00:00Z,16.135,16.175,15.67,15.81,73843,-103320,-29477,74254,-58697,15557,28702,-14782,13920,NaN,NaN,NaN,NaN,200273,73843,-103320,-29477,74254,-58697,15557,28702,-14782,13920
2015-06-23T22:00:00Z,15.81,15.885,15.72,15.85,73843,-103320,-29477,74254,-58697,15557,28702,-14782,13920,NaN,NaN,NaN,NaN,200273,73843,-103320,-29477,74254,-58697,15557,28702,-14782,13920
2015-06-24T22:00:00Z,15.85,15.91,15.73,15.805,73843,-103320,-29477,74254,-58697,15557,28702,-14782,13920,NaN,NaN,NaN,NaN,200273,73843,-103320,-29477,74254,-58697,15557,28702,-14782,13920
2015-06-25T22:00:00Z,15.815,15.865,15.45,15.745,73843,-103320,-29477,74254,-58697,15557,28702,-14782,13920,NaN,NaN,NaN,NaN,200273,73843,-103320,-29477,74254,-58697,15557,28702,-14782,13920
2015-06-28T22:00:00Z,15.865,16.04,15.66,15.755,73843,-103320,-29477,74254,-58697,15557,28702,-14782,13920,NaN,NaN,NaN,NaN,200273,73843,-103320,-29477,74254,-58697,15557,28702,-14782,13920
2015-06-29T22:00:00Z,15.77,15.84,15.435,15.665,76246,-97406,-21160,71886,-62005,9881,26032,-14753,11279,NaN,NaN,NaN,NaN,196724,76246,-97406,-21160,71886,-62005,9881,26032,-14753,11279
2015-06-30T22:00:00Z,15.615,15.685,15.5,15.52,76246,-97406,-21160,71886,-62005,9881,26032,-14753,11279,NaN,NaN,NaN,NaN,196724,76246,-97406,-21160,71886,-62005,9881,26032,-14753,11279
2015-07-01T22:00:00Z,15.53,15.755,15.45,15.65,76246,-97406,-21160,71886,-62005,9881,26032,-14753,11279,NaN,NaN,NaN,NaN,196724,76246,-97406,-21160,71886,-62005,9881,26032,-14753,11279
2015-07-02T22:00:00Z,15.715,15.82,15.495,15.715,76246,-97406,-21160,71886,-62005,9881,26032,-14753,11279,NaN,NaN,NaN,NaN,196724,76246,-97406,-21160,71886,-62005,9881,26032,-14753,11279
2015-07-06T22:00:00Z,15.67,15.71,14.62,15.01,78158,-92477,-14319,70786,-63993,6793,25140,-17614,7526,NaN,NaN,NaN,NaN,197092,78158,-92477,-14319,70786,-63993,6793,25140,-17614,7526
2015-07-07T22:00:00Z,15.005,15.22,14.705,15.09,78158,-92477,-14319,70786,-63993,6793,25140,-17614,7526,NaN,NaN,NaN,NaN,197092,78158,-92477,-14319,70786,-63993,6793,25140,-17614,7526
2015-07-08T22:00:00Z,15.11,15.525,14.975,15.36,78158,-92477,-14319,70786,-63993,6793,25140,-17614,7526,NaN,NaN,NaN,NaN,197092,78158,-92477,-14319,70786,-63993,6793,25140,-17614,7526
2015-07-09T22:00:00Z,15.375,15.635,15.34,15.59,78158,-92477,-14319,70786,-63993,6793,25140,-17614,7526,NaN,NaN,NaN,NaN,197092,78158,-92477,-14319,70786,-63993,6793,25140,-17614,7526
2015-07-12T22:00:00Z,15.555,15.9,15.27,15.475,78158,-92477,-14319,70786,-63993,6793,25140,-17614,7526,NaN,NaN,NaN,NaN,197092,78158,-92477,-14319,70786,-63993,6793,25140,-17614,7526
2015-07-13T22:00:00Z,15.48,15.48,15.235,15.345,75946,-91535,-15589,66392,-56839,9553,21747,-15711,6036,NaN,NaN,NaN,NaN,185716,75946,-91535,-15589,66392,-56839,9553,21747,-15711,6036
2015-07-14T22:00:00Z,15.325,15.36,14.96,15.06,75946,-91535,-15589,66392,-56839,9553,21747,-15711,6036,NaN,NaN,NaN,NaN,185716,75946,-91535,-15589,66392,-56839,9553,21747,-15711,6036
2015-07-15T22:00:00Z,15.06,15.145,14.845,14.945,75946,-91535,-15589,66392,-56839,9553,21747,-15711,6036,NaN,NaN,NaN,NaN,185716,75946,-91535,-15589,66392,-56839,9553,21747,-15711,6036
2015-07-16T22:00:00Z,14.955,15.005,14.795,14.81,75946,-91535,-15589,66392,-56839,9553,21747,-15711,6036,NaN,NaN,NaN,NaN,185716,75946,-91535,-15589,66392,-56839,9553,21747,-15711,6036
2015-07-19T22:00:00Z,14.83,14.98,14.49,14.64,75946,-91535,-15589,66392,-56839,9553,21747,-15711,6036,NaN,NaN,NaN,NaN,185716,75946,-91535,-15589,66392,-56839,9553,21747,-15711,6036
2015-07-20T22:00:00Z,14.635,14.93,14.615,14.82,79791,-90958,-11167,66576,-62331,4245,23438,-16516,6922,NaN,NaN,NaN,NaN,190226,79791,-90958,-11167,66576,-62331,4245,23438,-16516,6922
2015-07-21T22:00:00Z,14.81,14.865,14.585,14.765,79791,-90958,-11167,66576,-62331,4245,23438,-16516,6922,NaN,NaN,NaN,NaN,190226,79791,-90958,-11167,66576,-62331,4245,23438,-16516,6922
2015-07-22T22:00:00Z,14.74,14.96,14.545,14.63,79791,-90958,-11167,66576,-62331,4245,23438,-16516,6922,NaN,NaN,NaN,NaN,190226,79791,-90958,-11167,66576,-62331,4245,23438,-16516,6922
2015-07-23T22:00:00Z,14.615,14.71,14.33,14.71,79791,-90958,-11167,66576,-62331,4245,23438,-16516,6922,NaN,NaN,NaN,NaN,190226,79791,-90958,-11167,66576,-62331,4245,23438,-16516,6922
2015-07-26T22:00:00Z,14.69,14.74,14.495,14.51,79791,-90958,-11167,66576,-62331,4245,23438,-16516,6922,NaN,NaN,NaN,NaN,190226,79791,-90958,-11167,66576,-62331,4245,23438,-16516,6922
2015-07-27T22:00:00Z,14.515,14.675,14.51,14.655,79630,-91703,-12073,67125,-60829,6296,21698,-15921,5777,NaN,NaN,NaN,NaN,190322,79630,-91703,-12073,67125,-60829,6296,21698,-15921,5777
2015-07-28T22:00:00Z,14.64,14.9,14.57,14.78,79630,-91703,-12073,67125,-60829,6296,21698,-15921,5777,NaN,NaN,NaN,NaN,190322,79630,-91703,-12073,67125,-60829,6296,21698,-15921,5777
2015-07-29T22:00:00Z,14.775,14.815,14.58,14.7,79630,-91703,-12073,67125,-60829,6296,21698,-15921,5777,NaN,NaN,NaN,NaN,190322,79630,-91703,-12073,67125,-60829,6296,21698,-15921,5777
2015-07-30T22:00:00Z,14.695,14.97,14.51,14.76,79630,-91703,-12073,67125,-60829,6296,21698,-15921,5777,NaN,NaN,NaN,NaN,190322,79630,-91703,-12073,67125,-60829,6296,21698,-15921,5777
2015-08-02T22:00:00Z,14.75,14.765,14.39,14.46,79630,-91703,-12073,67125,-60829,6296,21698,-15921,5777,NaN,NaN,NaN,NaN,190322,79630,-91703,-12073,67125,-60829,6296,21698,-15921,5777
2015-08-03T22:00:00Z,14.45,14.625,14.345,14.545,76161,-89917,-13756,66772,-58367,8405,21558,-16207,5351,NaN,NaN,NaN,NaN,185848,76161,-89917,-13756,66772,-58367,8405,21558,-16207,5351
2015-08-04T22:00:00Z,14.545,14.675,14.465,14.56,76161,-89917,-13756,66772,-58367,8405,21558,-16207,5351,NaN,NaN,NaN,NaN,185848,76161,-89917,-13756,66772,-58367,8405,21558,-16207,5351
2015-08-05T22:00:00Z,14.545,14.735,14.49,14.625,76161,-89917,-13756,66772,-58367,8405,21558,-16207,5351,NaN,NaN,NaN,NaN,185848,76161,-89917,-13756,66772,-58367,8405,21558,-16207,5351
2015-08-06T22:00:00Z,14.63,14.99,14.565,14.78,76161,-89917,-13756,66772,-58367,8405,21558,-16207,5351,NaN,NaN,NaN,NaN,185848,76161,-89917,-13756,66772,-58367,8405,21558,-16207,5351
2015-08-09T22:00:00Z,14.75,15.375,14.705,15.195,76161,-89917,-13756,66772,-58367,8405,21558,-16207,5351,NaN,NaN,NaN,NaN,185848,76161,-89917,-13756,66772,-58367,8405,21558,-16207,5351
2015-08-10T22:00:00Z,15.23,15.38,15.065,15.325,68255,-90482,-22227,65566,-48729,16837,21106,-15716,5390,NaN,NaN,NaN,NaN,177902,68255,-90482,-22227,65566,-48729,16837,21106,-15716,5390
2015-08-11T22:00:00Z,15.29,15.57,15.125,15.505,68255,-90482,-22227,65566,-48729,16837,21106,-15716,5390,NaN,NaN,NaN,NaN,177902,68255,-90482,-22227,65566,-48729,16837,21106,-15716,5390
2015-08-12T22:00:00Z,15.515,15.555,15.265,15.39,68255,-90482,-22227,65566,-48729,16837,21106,-15716,5390,NaN,NaN,NaN,NaN,177902,68255,-90482,-22227,65566,-48729,16837,21106,-15716,5390
2015-08-13T22:00:00Z,15.4,15.585,15.14,15.215,68255,-90482,-22227,65566,-48729,16837,21106,-15716,5390,NaN,NaN,NaN,NaN,177902,68255,-90482,-22227,65566,-48729,16837,21106,-15716,5390
2015-08-16T22:00:00Z,15.225,15.375,15.18,15.29,68255,-90482,-22227,65566,-48729,16837,21106,-15716,5390,NaN,NaN,NaN,NaN,177902,68255,-90482,-22227,65566,-48729,16837,21106,-15716,5390
2015-08-17T22:00:00Z,15.3,15.325,14.68,14.84,71220,-94613,-23393,59535,-45501,14034,24813,-15454,9359,NaN,NaN,NaN,NaN,173545,71220,-94613,-23393,59535,-45501,14034,24813,-15454,9359
2015-08-18T22:00:00Z,14.865,15.32,14.795,15.275,71220,-94613,-23393,59535,-45501,14034,24813,-15454,9359,NaN,NaN,NaN,NaN,173545,71220,-94613,-23393,59535,-45501,14034,24813,-15454,9359
2015-08-19T22:00:00Z,15.27,15.56,15.255,15.545,71220,-94613,-23393,59535,-45501,14034,24813,-15454,9359,NaN,NaN,NaN,NaN,173545,71220,-94613,-23393,59535,-45501,14034,24813,-15454,9359
2015-08-20T22:00:00Z,15.54,15.715,15.105,15.32,71220,-94613,-23393,59535,-45501,14034,24813,-15454,9359,NaN,NaN,NaN,NaN,173545,71220,-94613,-23393,59535,-45501,14034,24813,-15454,9359
2015-08-23T22:00:00Z,15.345,15.39,14.555,14.76,71220,-94613,-23393,59535,-45501,14034,24813,-15454,9359,NaN,NaN,NaN,NaN,173545,71220,-94613,-23393,59535,-45501,14034,24813,-15454,9359
2015-08-24T22:00:00Z,14.795,14.93,14.52,14.665,71182,-95152,-23970,58687,-43129,15558,22448,-14036,8412,NaN,NaN,NaN,NaN,167243,71182,-95152,-23970,58687,-43129,15558,22448,-14036,8412
2015-08-25T22:00:00Z,14.675,14.705,13.91,14.08,71182,-95152,-23970,58687,-43129,15558,22448,-14036,8412,NaN,NaN,NaN,NaN,167243,71182,-95152,-23970,58687,-43129,15558,22448,-14036,8412
2015-08-26T22:00:00Z,14.1,14.56,14.05,14.465,71182,-95152,-23970,58687,-43129,15558,22448,-14036,8412,NaN,NaN,NaN,NaN,167243,71182,-95152,-23970,58687,-43129,15558,22448,-14036,8412
2015-08-27T22:00:00Z,14.505,14.67,14.35,14.565,71182,-95152,-23970,58687,-43129,15558,22448,-14036,8412,NaN,NaN,NaN,NaN,167243,71182,-95152,-23970,58687,-43129,15558,22448,-14036,8412
2015-08-30T22:00:00Z,14.58,14.67,14.39,14.6,71182,-95152,-23970,58687,-43129,15558,22448,-14036,8412,NaN,NaN,NaN,NaN,167243,71182,-95152,-23970,58687,-43129,15558,22448,-14036,8412
2015-08-31T22:00:00Z,14.595,14.755,14.495,14.585,63067,-85633,-22566,57866,-40394,17472,21006,-15912,5094,NaN,NaN,NaN,NaN,157013,63067,-85633,-22566,57866,-40394,17472,21006,-15912,5094
2015-09-01T22:00:00Z,14.585,14.815,14.425,14.665,63067,-85633,-22566,57866,-40394,17472,21006,-15912,5094,NaN,NaN,NaN,NaN,157013,63067,-85633,-22566,57866,-40394,17472,21006,-15912,5094
2015-09-02T22:00:00Z,14.66,14.95,14.55,14.695,63067,-85633,-22566,57866,-40394,17472,21006,-15912,5094,NaN,NaN,NaN,NaN,157013,63067,-85633,-22566,57866,-40394,17472,21006,-15912,5094
2015-09-03T22:00:00Z,14.69,14.825,14.475,14.55,63067,-85633,-22566,57866,-40394,17472,21006,-15912,5094,NaN,NaN,NaN,NaN,157013,63067,-85633,-22566,57866,-40394,17472,21006,-15912,5094
2015-09-06T22:00:00Z,14.55,14.88,14.44,14.77,60995,-86555,-25560,58761,-40020,18741,20915,-14096,6819,NaN,NaN,NaN,NaN,155615,60995,-86555,-25560,58761,-40020,18741,20915,-14096,6819
2015-09-08T22:00:00Z,14.795,14.93,14.56,14.58,60995,-86555,-25560,58761,-40020,18741,20915,-14096,6819,NaN,NaN,NaN,NaN,155615,60995,-86555,-25560,58761,-40020,18741,20915,-14096,6819
2015-09-09T22:00:00Z,14.59,14.845,14.535,14.675,60995,-86555,-25560,58761,-40020,18741,20915,-14096,6819,NaN,NaN,NaN,NaN,155615,60995,-86555,-25560,58761,-40020,18741,20915,-14096,6819
2015-09-10T22:00:00Z,14.685,14.745,14.25,14.585,60995,-86555,-25560,58761,-40020,18741,20915,-14096,6819,NaN,NaN,NaN,NaN,155615,60995,-86555,-25560,58761,-40020,18741,20915,-14096,6819
2015-09-13T22:00:00Z,14.555,14.59,14.31,14.38,60995,-86555,-25560,58761,-40020,18741,20915,-14096,6819,NaN,NaN,NaN,NaN,155615,60995,-86555,-25560,58761,-40020,18741,20915,-14096,6819
2015-09-14T22:00:00Z,14.365,14.41,14.24,14.375,61170,-82527,-21357,60443,-46180,14263,21818,-14724,7094,NaN,NaN,NaN,NaN,158007,61170,-82527,-21357,60443,-46180,14263,21818,-14724,7094
2015-09-15T22:00:00Z,14.37,14.965,14.31,14.905,61170,-82527,-21357,60443,-46180,14263,21818,-14724,7094,NaN,NaN,NaN,NaN,158007,61170,-82527,-21357,60443,-46180,14263,21818,-14724,7094
2015-09-16T22:00:00Z,14.925,15.275,14.77,15.11,61170,-82527,-21357,60443,-46180,14263,21818,-14724,7094,NaN,NaN,NaN,NaN,158007,61170,-82527,-21357,60443,-46180,14263,21818,-14724,7094
2015-09-17T22:00:00Z,15.12,15.435,15.015,15.15,61170,-82527,-21357,60443,-46180,14263,21818,-14724,7094,NaN,NaN,NaN,NaN,158007,61170,-82527,-21357,60443,-46180,14263,21818,-14724,7094
2015-09-20T22:00:00Z,15.165,15.245,15.08,15.18,61170,-82527,-21357,60443,-46180,14263,21818,-14724,7094,NaN,NaN,NaN,NaN,158007,61170,-82527,-21357,60443,-46180,14263,21818,-14724,7094
2015-09-21T22:00:00Z,15.18,15.22,14.695,14.735,56244,-87558,-31314,60413,-35554,24859,20929,-14474,6455,NaN,NaN,NaN,NaN,152140,56244,-87558,-31314,60413,-35554,24859,20929,-14474,6455
2015-09-22T22:00:00Z,14.765,14.91,14.685,14.76,56244,-87558,-31314,60413,-35554,24859,20929,-14474,6455,NaN,NaN,NaN,NaN,152140,56244,-87558,-31314,60413,-35554,24859,20929,-14474,6455
2015-09-23T22:00:00Z,14.765,15.18,14.745,15.12,56244,-87558,-31314,60413,-35554,24859,20929,-14474,6455,NaN,NaN,NaN,NaN,152140,56244,-87558,-31314,60413,-35554,24859,20929,-14474,6455
2015-09-24T22:00:00Z,15.07,15.185,14.945,15.095,56244,-87558,-31314,60413,-35554,24859,20929,-14474,6455,NaN,NaN,NaN,NaN,152140,56244,-87558,-31314,60413,-35554,24859,20929,-14474,6455
2015-09-27T22:00:00Z,15.07,15.11,14.47,14.565,56244,-87558,-31314,60413,-35554,24859,20929,-14474,6455,NaN,NaN,NaN,NaN,152140,56244,-87558,-31314,60413,-35554,24859,20929,-14474,6455
2015-09-28T22:00:00Z,14.585,14.7,14.455,14.61,56932,-87038,-30106,61556,-38453,23103,21196,-14193,7003,NaN,NaN,NaN,NaN,156905,56932,-87038,-30106,61556,-38453,23103,21196,-14193,7003
2015-09-29T22:00:00Z,14.605,14.725,14.435,14.485,56932,-87038,-30106,61556,-38453,23103,21196,-14193,7003,NaN,NaN,NaN,NaN,156905,56932,-87038,-30106,61556,-38453,23103,21196,-14193,7003
2015-09-30T22:00:00Z,14.5,14.67,14.43,14.495,56932,-87038,-30106,61556,-38453,23103,21196,-14193,7003,NaN,NaN,NaN,NaN,156905,56932,-87038,-30106,61556,-38453,23103,21196,-14193,7003
2015-10-01T22:00:00Z,14.49,15.3,14.36,15.235,56932,-87038,-30106,61556,-38453,23103,21196,-14193,7003,NaN,NaN,NaN,NaN,156905,56932,-87038,-30106,61556,-38453,23103,21196,-14193,7003
2015-10-04T22:00:00Z,15.25,15.73,15.1,15.635,56932,-87038,-30106,61556,-38453,23103,21196,-14193,7003,NaN,NaN,NaN,NaN,156905,56932,-87038,-30106,61556,-38453,23103,21196,-14193,7003
2015-10-05T22:00:00Z,15.62,16.09,15.57,15.885,48944,-98446,-49502,68838,-28052,40786,21484,-12768,8716,NaN,NaN,NaN,NaN,156226,48944,-98446,-49502,68838,-28052,40786,21484,-12768,8716
2015-10-06T22:00:00Z,15.89,16.115,15.82,16.05,48944,-98446,-49502,68838,-28052,40786,21484,-12768,8716,NaN,NaN,NaN,NaN,156226,48944,-98446,-49502,68838,-28052,40786,21484,-12768,8716
2015-10-07T22:00:00Z,16.055,16.08,15.375,15.665,48944,-98446,-49502,68838,-28052,40786,21484,-12768,8716,NaN,NaN,NaN,NaN,156226,48944,-98446,-49502,68838,-28052,40786,21484,-12768,8716
2015-10-08T22:00:00Z,15.68,16.01,15.585,15.82,48944,-98446,-49502,68838,-28052,40786,21484,-12768,8716,NaN,NaN,NaN,NaN,156226,48944,-98446,-49502,68838,-28052,40786,21484,-12768,8716
2015-10-11T22:00:00Z,15.795,16.075,15.765,15.815,48944,-98446,-49502,68838,-28052,40786,21484,-12768,8716,NaN,NaN,NaN,NaN,156226,48944,-98446,-49502,68838,-28052,40786,21484,-12768,8716
2015-10-12T22:00:00Z,15.815,15.985,15.615,15.905,45022,-103648,-58626,74575,-22865,51710,21539,-14623,6916,NaN,NaN,NaN,NaN,161346,45022,-103648,-58626,74575,-22865,51710,21539,-14623,6916
2015-10-13T22:00:00Z,15.91,16.195,15.79,16.12,45022,-103648,-58626,74575,-22865,51710,21539,-14623,6916,NaN,NaN,NaN,NaN,161346,45022,-103648,-58626,74575,-22865,51710,21539,-14623,6916
2015-10-14T22:00:00Z,16.13,16.195,15.9,16.12,45022,-103648,-58626,74575,-22865,51710,21539,-14623,6916,NaN,NaN,NaN,NaN,161346,45022,-103648,-58626,74575,-22865,51710,21539,-14623,6916
2015-10-15T22:00:00Z,16.12,16.165,15.935,16.03,45022,-103648,-58626,74575,-22865,51710,21539,-14623,6916,NaN,NaN,NaN,NaN,161346,45022,-103648,-58626,74575,-22865,51710,21539,-14623,6916
2015-10-18T22:00:00Z,16.015,16.04,15.735,15.83,45022,-103648,-58626,74575,-22865,51710,21539,-14623,6916,NaN,NaN,NaN,NaN,161346,45022,-103648,-58626,74575,-22865,51710,21539,-14623,6916
2015-10-19T22:00:00Z,15.83,15.965,15.74,15.9,42189,-108989,-66800,79449,-22151,57298,22555,-13053,9502,NaN,NaN,NaN,NaN,167574,42189,-108989,-66800,79449,-22151,57298,22555,-13053,9502
2015-10-20T22:00:00Z,15.9,15.94,15.61,15.68,42189,-108989,-66800,79449,-22151,57298,22555,-13053,9502,NaN,NaN,NaN,NaN,167574,42189,-108989,-66800,79449,-22151,57298,22555,-13053,9502
2015-10-21T22:00:00Z,15.68,15.91,15.64,15.84,42189,-108989,-66800,79449,-22151,57298,22555,-13053,9502,NaN,NaN,NaN,NaN,167574,42189,-108989,-66800,79449,-22151,57298,22555,-13053,9502
2015-10-22T22:00:00Z,15.815,16.1,15.705,15.81,42189,-108989,-66800,79449,-22151,57298,22555,-13053,9502,NaN,NaN,NaN,NaN,167574,42189,-108989,-66800,79449,-22151,57298,22555,-13053,9502
2015-10-25T22:00:00Z,15.845,15.98,15.77,15.84,42189,-108989,-66800,79449,-22151,57298,22555,-13053,9502,NaN,NaN,NaN,NaN,167574,42189,-108989,-66800,79449,-22151,57298,22555,-13053,9502
2015-10-26T22:00:00Z,15.84,15.95,15.78,15.87,41050,-110423,-69373,82023,-19578,62445,21690,-14762,6928,NaN,NaN,NaN,NaN,169757,41050,-110423,-69373,82023,-19578,62445,21690,-14762,6928
2015-10-27T22:00:00Z,15.86,16.37,15.72,15.94,41050,-110423,-69373,82023,-19578,62445,21690,-14762,6928,NaN,NaN,NaN,NaN,169757,41050,-110423,-69373,82023,-19578,62445,21690,-14762,6928
2015-10-28T22:00:00Z,15.935,16.01,15.535,15.58,41050,-110423,-69373,82023,-19578,62445,21690,-14762,6928,NaN,NaN,NaN,NaN,169757,41050,-110423,-69373,82023,-19578,62445,21690,-14762,6928
2015-10-29T22:00:00Z,15.6,15.655,15.475,15.535,41050,-110423,-69373,82023,-19578,62445,21690,-14762,6928,NaN,NaN,NaN,NaN,169757,41050,-110423,-69373,82023,-19578,62445,21690,-14762,6928
2015-11-01T23:00:00Z,15.535,15.55,15.25,15.405,41050,-110423,-69373,82023,-19578,62445,21690,-14762,6928,NaN,NaN,NaN,NaN,169757,41050,-110423,-69373,82023,-19578,62445,21690,-14762,6928
2015-11-02T23:00:00Z,15.4,15.45,15.2,15.255,41512,-108653,-67141,77220,-18843,58377,22718,-13954,8764,NaN,NaN,NaN,NaN,166942,41512,-108653,-67141,77220,-18843,58377,22718,-13954,8764
2015-11-03T23:00:00Z,15.255,15.325,15.025,15.06,41512,-108653,-67141,77220,-18843,58377,22718,-13954,8764,NaN,NaN,NaN,NaN,166942,41512,-108653,-67141,77220,-18843,58377,22718,-13954,8764
2015-11-04T23:00:00Z,15.065,15.09,14.91,14.945,41512,-108653,-67141,77220,-18843,58377,22718,-13954,8764,NaN,NaN,NaN,NaN,166942,41512,-108653,-67141,77220,-18843,58377,22718,-13954,8764
2015-11-05T23:00:00Z,14.96,15.045,14.685,14.74,41512,-108653,-67141,77220,-18843,58377,22718,-13954,8764,NaN,NaN,NaN,NaN,166942,41512,-108653,-67141,77220,-18843,58377,22718,-13954,8764
2015-11-08T23:00:00Z,14.73,14.76,14.395,14.53,41512,-108653,-67141,77220,-18843,58377,22718,-13954,8764,NaN,NaN,NaN,NaN,166942,41512,-108653,-67141,77220,-18843,58377,22718,-13954,8764
2015-11-09T23:00:00Z,14.515,14.555,14.265,14.38,48381,-98510,-50129,72304,-33314,38990,25798,-14659,11139,NaN,NaN,NaN,NaN,162435,48381,-98510,-50129,72304,-33314,38990,25798,-14659,11139
2015-11-10T23:00:00Z,14.375,14.49,14.23,14.295,48381,-98510,-50129,72304,-33314,38990,25798,-14659,11139,NaN,NaN,NaN,NaN,162435,48381,-98510,-50129,72304,-33314,38990,25798,-14659,11139
2015-11-11T23:00:00Z,14.275,14.465,14.155,14.26,48381,-98510,-50129,72304,-33314,38990,25798,-14659,11139,NaN,NaN,NaN,NaN,162435,48381,-98510,-50129,72304,-33314,38990,25798,-14659,11139
2015-11-12T23:00:00Z,14.25,14.35,14.14,14.23,48381,-98510,-50129,72304,-33314,38990,25798,-14659,11139,NaN,NaN,NaN,NaN,162435,48381,-98510,-50129,72304,-33314,38990,25798,-14659,11139
2015-11-15T23:00:00Z,14.265,14.42,14.17,14.2,48381,-98510,-50129,72304,-33314,38990,25798,-14659,11139,NaN,NaN,NaN,NaN,162435,48381,-98510,-50129,72304,-33314,38990,25798,-14659,11139
2015-11-16T23:00:00Z,14.22,14.25,14.08,14.14,57596,-93120,-35524,72282,-47028,25254,25898,-15628,10270,NaN,NaN,NaN,NaN,170721,57596,-93120,-35524,72282,-47028,25254,25898,-15628,10270
2015-11-17T23:00:00Z,14.145,14.21,13.99,14.13,57596,-93120,-35524,72282,-47028,25254,25898,-15628,10270,NaN,NaN,NaN,NaN,170721,57596,-93120,-35524,72282,-47028,25254,25898,-15628,10270
2015-11-18T23:00:00Z,14.14,14.37,14.09,14.235,57596,-93120,-35524,72282,-47028,25254,25898,-15628,10270,NaN,NaN,NaN,NaN,170721,57596,-93120,-35524,72282,-47028,25254,25898,-15628,10270
2015-11-19T23:00:00Z,14.23,14.37,14.04,14.145,57596,-93120,-35524,72282,-47028,25254,25898,-15628,10270,NaN,NaN,NaN,NaN,170721,57596,-93120,-35524,72282,-47028,25254,25898,-15628,10270
2015-11-22T23:00:00Z,14.135,14.155,13.855,14.1,57596,-93120,-35524,72282,-47028,25254,25898,-15628,10270,NaN,NaN,NaN,NaN,170721,57596,-93120,-35524,72282,-47028,25254,25898,-15628,10270
2015-11-23T23:00:00Z,14.09,14.27,14.02,14.15,58718,-87443,-28725,70210,-50817,19393,25099,-15767,9332,NaN,NaN,NaN,NaN,170092,58718,-87443,-28725,70210,-50817,19393,25099,-15767,9332
2015-11-24T23:00:00Z,14.16,14.24,13.995,14.155,58718,-87443,-28725,70210,-50817,19393,25099,-15767,9332,NaN,NaN,NaN,NaN,170092,58718,-87443,-28725,70210,-50817,19393,25099,-15767,9332
2015-11-25T23:00:00Z,14.17,14.375,13.93,14.07,58718,-87443,-28725,70210,-50817,19393,25099,-15767,9332,NaN,NaN,NaN,NaN,170092,58718,-87443,-28725,70210,-50817,19393,25099,-15767,9332
2015-11-29T23:00:00Z,14.045,14.18,13.975,14.06,58718,-87443,-28725,70210,-50817,19393,25099,-15767,9332,NaN,NaN,NaN,NaN,170092,58718,-87443,-28725,70210,-50817,19393,25099,-15767,9332
2015-11-30T23:00:00Z,14.06,14.24,14.04,14.165,53239,-83060,-29821,72909,-51019,21890,24015,-16084,7931,NaN,NaN,NaN,NaN,163286,53239,-83060,-29821,72909,-51019,21890,24015,-16084,7931
2015-12-01T23:00:00Z,14.165,14.21,13.9,13.97,53239,-83060,-29821,72909,-51019,21890,24015,-16084,7931,NaN,NaN,NaN,NaN,163286,53239,-83060,-29821,72909,-51019,21890,24015,-16084,7931
2015-12-02T23:00:00Z,13.975,14.145,13.805,14.07,53239,-83060,-29821,72909,-51019,21890,24015,-16084,7931,NaN,NaN,NaN,NaN,163286,53239,-83060,-29821,72909,-51019,21890,24015,-16084,7931
2015-12-03T23:00:00Z,14.1,14.61,14.02,14.545,53239,-83060,-29821,72909,-51019,21890,24015,-16084,7931,NaN,NaN,NaN,NaN,163286,53239,-83060,-29821,72909,-51019,21890,24015,-16084,7931
2015-12-06T23:00:00Z,14.59,14.64,14.205,14.225,53239,-83060,-29821,72909,-51019,21890,24015,-16084,7931,NaN,NaN,NaN,NaN,163286,53239,-83060,-29821,72909,-51019,21890,24015,-16084,7931
2015-12-07T23:00:00Z,14.22,14.31,14.065,14.14,52285,-83312,-31027,70591,-49331,21260,23779,-14012,9767,NaN,NaN,NaN,NaN,162758,52285,-83312,-31027,70591,-49331,21260,23779,-14012,9767
2015-12-08T23:00:00Z,14.13,14.335,14.105,14.14,52285,-83312,-31027,70591,-49331,21260,23779,-14012,9767,NaN,NaN,NaN,NaN,162758,52285,-83312,-31027,70591,-49331,21260,23779,-14012,9767
2015-12-09T23:00:00Z,14.155,14.225,14.09,14.1,52285,-83312,-31027,70591,-49331,21260,23779,-14012,9767,NaN,NaN,NaN,NaN,162758,52285,-83312,-31027,70591,-49331,21260,23779,-14012,9767
2015-12-10T23:00:00Z,14.07,14.135,13.75,13.89,52285,-83312,-31027,70591,-49331,21260,23779,-14012,9767,NaN,NaN,NaN,NaN,162758,52285,-83312,-31027,70591,-49331,21260,23779,-14012,9767
2015-12-13T23:00:00Z,13.9,13.965,13.62,13.65,52285,-83312,-31027,70591,-49331,21260,23779,-14012,9767,NaN,NaN,NaN,NaN,162758,52285,-83312,-31027,70591,-49331,21260,23779,-14012,9767
2015-12-14T23:00:00Z,13.655,13.81,13.635,13.755,54707,-78249,-23542,71479,-55902,15577,23873,-15908,7965,NaN,NaN,NaN,NaN,166864,54707,-78249,-23542,71479,-55902,15577,23873,-15908,7965
2015-12-15T23:00:00Z,13.745,14.31,13.745,14.17,54707,-78249,-23542,71479,-55902,15577,23873,-15908,7965,NaN,NaN,NaN,NaN,166864,54707,-78249,-23542,71479,-55902,15577,23873,-15908,7965
2015-12-16T23:00:00Z,14.195,14.225,13.665,13.685,54707,-78249,-23542,71479,-55902,15577,23873,-15908,7965,NaN,NaN,NaN,NaN,166864,54707,-78249,-23542,71479,-55902,15577,23873,-15908,7965
2015-12-17T23:00:00Z,13.71,14.195,13.685,14.08,54707,-78249,-23542,71479,-55902,15577,23873,-15908,7965,NaN,NaN,NaN,NaN,166864,54707,-78249,-23542,71479,-55902,15577,23873,-15908,7965
2015-12-20T23:00:00Z,14.11,14.33,14.045,14.245,54707,-78249,-23542,71479,-55902,15577,23873,-15908,7965,NaN,NaN,NaN,NaN,166864,54707,-78249,-23542,71479,-55902,15577,23873,-15908,7965
2015-12-21T23:00:00Z,14.24,14.4,14.215,14.25,51148,-82310,-31162,68584,-45193,23391,22002,-14231,7771,NaN,NaN,NaN,NaN,161116,51148,-82310,-31162,68584,-45193,23391,22002,-14231,7771
2015-12-22T23:00:00Z,14.26,14.345,14.2,14.31,51148,-82310,-31162,68584,-45193,23391,22002,-14231,7771,NaN,NaN,NaN,NaN,161116,51148,-82310,-31162,68584,-45193,23391,22002,-14231,7771
2015-12-23T23:00:00Z,14.3,14.4,14.265,14.38,51148,-82310,-31162,68584,-45193,23391,22002,-14231,7771,NaN,NaN,NaN,NaN,161116,51148,-82310,-31162,68584,-45193,23391,22002,-14231,7771
2015-12-27T23:00:00Z,14.365,14.425,13.85,13.915,51148,-82310,-31162,68584,-45193,23391,22002,-14231,7771,NaN,NaN,NaN,NaN,161116,51148,-82310,-31162,68584,-45193,23391,22002,-14231,7771
2015-12-28T23:00:00Z,13.915,14.055,13.9,13.94,52149,-82027,-29878,68450,-47746,20704,24044,-14870,9174,NaN,NaN,NaN,NaN,165006,52149,-82027,-29878,68450,-47746,20704,24044,-14870,9174
2015-12-29T23:00:00Z,13.925,13.985,13.75,13.875,52149,-82027,-29878,68450,-47746,20704,24044,-14870,9174,NaN,NaN,NaN,NaN,165006,52149,-82027,-29878,68450,-47746,20704,24044,-14870,9174
2015-12-30T23:00:00Z,13.865,13.96,13.765,13.825,52149,-82027,-29878,68450,-47746,20704,24044,-14870,9174,NaN,NaN,NaN,NaN,165006,52149,-82027,-29878,68450,-47746,20704,24044,-14870,9174
2016-01-03T23:00:00Z,13.815,14.185,13.8,13.845,52149,-82027,-29878,68450,-47746,20704,24044,-14870,9174,NaN,NaN,NaN,NaN,165006,52149,-82027,-29878,68450,-47746,20704,24044,-14870,9174
2016-01-04T23:00:00Z,13.86,14.065,13.845,13.965,52680,-81479,-28799,69779,-48153,21626,22889,-15716,7173,NaN,NaN,NaN,NaN,167520,52680,-81479,-28799,69779,-48153,21626,22889,-15716,7173
2016-01-05T23:00:00Z,13.95,14.135,13.855,13.995,52680,-81479,-28799,69779,-48153,21626,22889,-15716,7173,NaN,NaN,NaN,NaN,167520,52680,-81479,-28799,69779,-48153,21626,22889,-15716,7173
2016-01-06T23:00:00Z,13.995,14.385,13.92,14.305,52680,-81479,-28799,69779,-48153,21626,22889,-15716,7173,NaN,NaN,NaN,NaN,167520,52680,-81479,-28799,69779,-48153,21626,22889,-15716,7173
2016-01-07T23:00:00Z,14.325,14.34,13.87,13.925,52680,-81479,-28799,69779,-48153,21626,22889,-15716,7173,NaN,NaN,NaN,NaN,167520,52680,-81479,-28799,69779,-48153,21626,22889,-15716,7173
2016-01-10T23:00:00Z,13.965,14.075,13.825,13.85,52680,-81479,-28799,69779,-48153,21626,22889,-15716,7173,NaN,NaN,NaN,NaN,167520,52680,-81479,-28799,69779,-48153,21626,22889,-15716,7173
2016-01-11T23:00:00Z,13.875,13.91,13.73,13.77,50690,-81252,-30562,71255,-48772,22483,24531,-16452,8079,NaN,NaN,NaN,NaN,166172,50690,-81252,-30562,71255,-48772,22483,24531,-16452,8079
2016-01-12T23:00:00Z,13.785,14.205,13.75,14.155,50690,-81252,-30562,71255,-48772,22483,24531,-16452,8079,NaN,NaN,NaN,NaN,166172,50690,-81252,-30562,71255,-48772,22483,24531,-16452,8079
2016-01-13T23:00:00Z,14.175,14.185,13.74,13.825,50690,-81252,-30562,71255,-48772,22483,24531,-16452,8079,NaN,NaN,NaN,NaN,166172,50690,-81252,-30562,71255,-48772,22483,24531,-16452,8079
2016-01-14T23:00:00Z,13.85,14.135,13.765,13.91,50690,-81252,-30562,71255,-48772,22483,24531,-16452,8079,NaN,NaN,NaN,NaN,166172,50690,-81252,-30562,71255,-48772,22483,24531,-16452,8079
2016-01-17T23:00:00Z,13.92,14.185,13.84,14.02,49508,-85542,-36034,68196,-39238,28958,22543,-15467,7076,NaN,NaN,NaN,NaN,159521,49508,-85542,-36034,68196,-39238,28958,22543,-15467,7076
2016-01-19T23:00:00Z,14.035,14.22,13.995,14.155,49508,-85542,-36034,68196,-39238,28958,22543,-15467,7076,NaN,NaN,NaN,NaN,159521,49508,-85542,-36034,68196,-39238,28958,22543,-15467,7076
2016-01-20T23:00:00Z,14.175,14.21,13.885,14.095,49508,-85542,-36034,68196,-39238,28958,22543,-15467,7076,NaN,NaN,NaN,NaN,159521,49508,-85542,-36034,68196,-39238,28958,22543,-15467,7076
2016-01-21T23:00:00Z,14.115,14.36,14.02,14.02,49508,-85542,-36034,68196,-39238,28958,22543,-15467,7076,NaN,NaN,NaN,NaN,159521,49508,-85542,-36034,68196,-39238,28958,22543,-15467,7076
2016-01-24T23:00:00Z,14.065,14.31,14.025,14.24,49508,-85542,-36034,68196,-39238,28958,22543,-15467,7076,NaN,NaN,NaN,NaN,159521,49508,-85542,-36034,68196,-39238,28958,22543,-15467,7076
2016-01-25T23:00:00Z,14.255,14.58,14.22,14.515,46228,-91352,-45124,68920,-31334,37586,22837,-15299,7538,NaN,NaN,NaN,NaN,154734,46228,-91352,-45124,68920,-31334,37586,22837,-15299,7538
2016-01-26T23:00:00Z,14.515,14.585,14.36,14.5,46228,-91352,-45124,68920,-31334,37586,22837,-15299,7538,NaN,NaN,NaN,NaN,154734,46228,-91352,-45124,68920,-31334,37586,22837,-15299,7538
2016-01-27T23:00:00Z,14.51,14.54,14.07,14.24,46228,-91352,-45124,68920,-31334,37586,22837,-15299,7538,NaN,NaN,NaN,NaN,154734,46228,-91352,-45124,68920,-31334,37586,22837,-15299,7538
2016-01-28T23:00:00Z,14.25,14.31,14.16,14.255,46228,-91352,-45124,68920,-31334,37586,22837,-15299,7538,NaN,NaN,NaN,NaN,154734,46228,-91352,-45124,68920,-31334,37586,22837,-15299,7538
2016-01-31T23:00:00Z,14.255,14.42,14.2,14.35,46228,-91352,-45124,68920,-31334,37586,22837,-15299,7538,NaN,NaN,NaN,NaN,154734,46228,-91352,-45124,68920,-31334,37586,22837,-15299,7538
2016-02-01T23:00:00Z,14.345,14.405,14.23,14.31,47967,-93441,-45474,70685,-32097,38588,21673,-14787,6886,NaN,NaN,NaN,NaN,157934,47967,-93441,-45474,70685,-32097,38588,21673,-14787,6886
2016-02-02T23:00:00Z,14.31,14.82,14.27,14.695,47967,-93441,-45474,70685,-32097,38588,21673,-14787,6886,NaN,NaN,NaN,NaN,157934,47967,-93441,-45474,70685,-32097,38588,21673,-14787,6886
2016-02-03T23:00:00Z,14.705,14.93,14.65,14.87,47967,-93441,-45474,70685,-32097,38588,21673,-14787,6886,NaN,NaN,NaN,NaN,157934,47967,-93441,-45474,70685,-32097,38588,21673,-14787,6886
2016-02-04T23:00:00Z,14.88,15.065,14.67,15.03,47967,-93441,-45474,70685,-32097,38588,21673,-14787,6886,NaN,NaN,NaN,NaN,157934,47967,-93441,-45474,70685,-32097,38588,21673,-14787,6886
2016-02-07T23:00:00Z,15,15.48,14.9,15.325,47967,-93441,-45474,70685,-32097,38588,21673,-14787,6886,NaN,NaN,NaN,NaN,157934,47967,-93441,-45474,70685,-32097,38588,21673,-14787,6886
2016-02-08T23:00:00Z,15.36,15.47,15.205,15.25,44437,-106146,-61709,78108,-25426,52682,24196,-15169,9027,NaN,NaN,NaN,NaN,164664,44437,-106146,-61709,78108,-25426,52682,24196,-15169,9027
2016-02-09T23:00:00Z,15.285,15.325,15.11,15.295,44437,-106146,-61709,78108,-25426,52682,24196,-15169,9027,NaN,NaN,NaN,NaN,164664,44437,-106146,-61709,78108,-25426,52682,24196,-15169,9027
2016-02-10T23:00:00Z,15.285,15.99,15.285,15.795,44437,-106146,-61709,78108,-25426,52682,24196,-15169,9027,NaN,NaN,NaN,NaN,164664,44437,-106146,-61709,78108,-25426,52682,24196,-15169,9027
2016-02-11T23:00:00Z,15.805,15.845,15.65,15.79,44437,-106146,-61709,78108,-25426,52682,24196,-15169,9027,NaN,NaN,NaN,NaN,164664,44437,-106146,-61709,78108,-25426,52682,24196,-15169,9027
2016-02-14T23:00:00Z,15.705,15.74,15.155,15.26,44638,-114700,-70062,80249,-21532,58717,23069,-11724,11345,NaN,NaN,NaN,NaN,166645,44638,-114700,-70062,80249,-21532,58717,23069,-11724,11345
2016-02-16T23:00:00Z,15.275,15.415,15.19,15.305,44638,-114700,-70062,80249,-21532,58717,23069,-11724,11345,NaN,NaN,NaN,NaN,166645,44638,-114700,-70062,80249,-21532,58717,23069,-11724,11345
2016-02-17T23:00:00Z,15.315,15.57,15.225,15.42,44638,-114700,-70062,80249,-21532,58717,23069,-11724,11345,NaN,NaN,NaN,NaN,166645,44638,-114700,-70062,80249,-21532,58717,23069,-11724,11345
2016-02-18T23:00:00Z,15.42,15.495,15.29,15.355,44638,-114700,-70062,80249,-21532,58717,23069,-11724,11345,NaN,NaN,NaN,NaN,166645,44638,-114700,-70062,80249,-21532,58717,23069,-11724,11345
2016-02-21T23:00:00Z,15.365,15.37,14.945,15.195,44638,-114700,-70062,80249,-21532,58717,23069,-11724,11345,NaN,NaN,NaN,NaN,166645,44638,-114700,-70062,80249,-21532,58717,23069,-11724,11345
2016-02-22T23:00:00Z,15.19,15.32,15.17,15.3,45040,-118717,-73677,83189,-21262,61927,24297,-12547,11750,NaN,NaN,NaN,NaN,174697,45040,-118717,-73677,83189,-21262,61927,24297,-12547,11750
2016-02-23T23:00:00Z,15.3,15.595,15.185,15.245,45040,-118717,-73677,83189,-21262,61927,24297,-12547,11750,NaN,NaN,NaN,NaN,174697,45040,-118717,-73677,83189,-21262,61927,24297,-12547,11750
2016-02-24T23:00:00Z,15.24,15.33,15.03,15.14,45040,-118717,-73677,83189,-21262,61927,24297,-12547,11750,NaN,NaN,NaN,NaN,174697,45040,-118717,-73677,83189,-21262,61927,24297,-12547,11750
2016-02-25T23:00:00Z,15.175,15.26,14.695,14.71,45040,-118717,-73677,83189,-21262,61927,24297,-12547,11750,NaN,NaN,NaN,NaN,174697,45040,-118717,-73677,83189,-21262,61927,24297,-12547,11750
2016-02-28T23:00:00Z,14.755,14.945,14.61,14.925,45040,-118717,-73677,83189,-21262,61927,24297,-12547,11750,NaN,NaN,NaN,NaN,174697,45040,-118717,-73677,83189,-21262,61927,24297,-12547,11750
2016-02-29T23:00:00Z,14.915,15.105,14.745,14.845,48025,-113262,-65237,78607,-23127,55480,22131,-12374,9757,NaN,NaN,NaN,NaN,162293,48025,-113262,-65237,78607,-23127,55480,22131,-12374,9757
2016-03-01T23:00:00Z,14.83,15.045,14.77,14.965,48025,-113262,-65237,78607,-23127,55480,22131,-12374,9757,NaN,NaN,NaN,NaN,162293,48025,-113262,-65237,78607,-23127,55480,22131,-12374,9757
2016-03-02T23:00:00Z,14.98,15.34,14.865,15.255,48025,-113262,-65237,78607,-23127,55480,22131,-12374,9757,NaN,NaN,NaN,NaN,162293,48025,-113262,-65237,78607,-23127,55480,22131,-12374,9757
2016-03-03T23:00:00Z,15.23,15.84,15.15,15.545,48025,-113262,-65237,78607,-23127,55480,22131,-12374,9757,NaN,NaN,NaN,NaN,162293,48025,-113262,-65237,78607,-23127,55480,22131,-12374,9757
2016-03-06T23:00:00Z,15.575,15.83,15.495,15.665,48025,-113262,-65237,78607,-23127,55480,22131,-12374,9757,NaN,NaN,NaN,NaN,162293,48025,-113262,-65237,78607,-23127,55480,22131,-12374,9757
2016-03-07T23:00:00Z,15.65,15.76,15.35,15.365,47434,-118249,-70815,79879,-19995,59884,24035,-13104,10931,NaN,NaN,NaN,NaN,169875,47434,-118249,-70815,79879,-19995,59884,24035,-13104,10931
2016-03-08T23:00:00Z,15.37,15.455,15.205,15.31,47434,-118249,-70815,79879,-19995,59884,24035,-13104,10931,NaN,NaN,NaN,NaN,169875,47434,-118249,-70815,79879,-19995,59884,24035,-13104,10931
2016-03-09T23:00:00Z,15.31,15.665,15.165,15.625,47434,-118249,-70815,79879,-19995,59884,24035,-13104,10931,NaN,NaN,NaN,NaN,169875,47434,-118249,-70815,79879,-19995,59884,24035,-13104,10931
2016-03-10T23:00:00Z,15.615,15.755,15.48,15.51,47434,-118249,-70815,79879,-19995,59884,24035,-13104,10931,NaN,NaN,NaN,NaN,169875,47434,-118249,-70815,79879,-19995,59884,24035,-13104,10931
2016-03-13T22:00:00Z,15.52,15.85,15.31,15.365,47434,-118249,-70815,79879,-19995,59884,24035,-13104,10931,NaN,NaN,NaN,NaN,169875,47434,-118249,-70815,79879,-19995,59884,24035,-13104,10931
2016-03-14T22:00:00Z,15.375,15.42,15.2,15.29,46447,-116471,-70024,76606,-18533,58073,24009,-12058,11951,NaN,NaN,NaN,NaN,166180,46447,-116471,-70024,76606,-18533,58073,24009,-12058,11951
2016-03-15T22:00:00Z,15.29,15.675,15.21,15.635,46447,-116471,-70024,76606,-18533,58073,24009,-12058,11951,NaN,NaN,NaN,NaN,166180,46447,-116471,-70024,76606,-18533,58073,24009,-12058,11951
2016-03-16T22:00:00Z,15.625,16.075,15.565,15.935,46447,-116471,-70024,76606,-18533,58073,24009,-12058,11951,NaN,NaN,NaN,NaN,166180,46447,-116471,-70024,76606,-18533,58073,24009,-12058,11951
2016-03-17T22:00:00Z,15.97,16.17,15.755,15.825,46447,-116471,-70024,76606,-18533,58073,24009,-12058,11951,NaN,NaN,NaN,NaN,166180,46447,-116471,-70024,76606,-18533,58073,24009,-12058,11951
2016-03-20T22:00:00Z,15.83,15.925,15.725,15.865,46447,-116471,-70024,76606,-18533,58073,24009,-12058,11951,NaN,NaN,NaN,NaN,166180,46447,-116471,-70024,76606,-18533,58073,24009,-12058,11951
2016-03-21T22:00:00Z,15.855,16.04,15.79,15.9,47743,-124985,-77242,82933,-19504,63429,26722,-12909,13813,NaN,NaN,NaN,NaN,175775,47743,-124985,-77242,82933,-19504,63429,26722,-12909,13813
2016-03-22T22:00:00Z,15.885,15.935,15.235,15.25,47743,-124985,-77242,82933,-19504,63429,26722,-12909,13813,NaN,NaN,NaN,NaN,175775,47743,-124985,-77242,82933,-19504,63429,26722,-12909,13813
2016-03-23T22:00:00Z,15.275,15.335,15.105,15.2,47743,-124985,-77242,82933,-19504,63429,26722,-12909,13813,NaN,NaN,NaN,NaN,175775,47743,-124985,-77242,82933,-19504,63429,26722,-12909,13813
2016-03-27T22:00:00Z,15.19,15.375,15.14,15.25,47743,-124985,-77242,82933,-19504,63429,26722,-12909,13813,NaN,NaN,NaN,NaN,175775,47743,-124985,-77242,82933,-19504,63429,26722,-12909,13813
2016-03-28T22:00:00Z,15.23,15.375,15.06,15.36,47675,-115779,-68104,79493,-24986,54507,26251,-12654,13597,NaN,NaN,NaN,NaN,175255,47675,-115779,-68104,79493,-24986,54507,26251,-12654,13597
2016-03-29T22:00:00Z,15.36,15.46,15.175,15.22,47675,-115779,-68104,79493,-24986,54507,26251,-12654,13597,NaN,NaN,NaN,NaN,175255,47675,-115779,-68104,79493,-24986,54507,26251,-12654,13597
2016-03-30T22:00:00Z,15.215,15.55,15.2,15.45,47675,-115779,-68104,79493,-24986,54507,26251,-12654,13597,NaN,NaN,NaN,NaN,175255,47675,-115779,-68104,79493,-24986,54507,26251,-12654,13597
2016-03-31T22:00:00Z,15.445,15.48,14.785,15.05,47675,-115779,-68104,79493,-24986,54507,26251,-12654,13597,NaN,NaN,NaN,NaN,175255,47675,-115779,-68104,79493,-24986,54507,26251,-12654,13597
2016-04-03T22:00:00Z,15.025,15.105,14.895,14.905,47675,-115779,-68104,79493,-24986,54507,26251,-12654,13597,NaN,NaN,NaN,NaN,175255,47675,-115779,-68104,79493,-24986,54507,26251,-12654,13597
2016-04-04T22:00:00Z,14.94,15.22,14.925,15.14,51291,-110956,-59665,79942,-27931,52011,22984,-15330,7654,NaN,NaN,NaN,NaN,179913,51291,-110956,-59665,79942,-27931,52011,22984,-15330,7654
2016-04-05T22:00:00Z,15.13,15.195,14.915,15.065,51291,-110956,-59665,79942,-27931,52011,22984,-15330,7654,NaN,NaN,NaN,NaN,179913,51291,-110956,-59665,79942,-27931,52011,22984,-15330,7654
2016-04-06T22:00:00Z,15.055,15.365,15.055,15.23,51291,-110956,-59665,79942,-27931,52011,22984,-15330,7654,NaN,NaN,NaN,NaN,179913,51291,-110956,-59665,79942,-27931,52011,22984,-15330,7654
2016-04-07T22:00:00Z,15.215,15.39,15.12,15.36,51291,-110956,-59665,79942,-27931,52011,22984,-15330,7654,NaN,NaN,NaN,NaN,179913,51291,-110956,-59665,79942,-27931,52011,22984,-15330,7654
2016-04-10T22:00:00Z,15.38,15.985,15.37,15.935,51291,-110956,-59665,79942,-27931,52011,22984,-15330,7654,NaN,NaN,NaN,NaN,179913,51291,-110956,-59665,79942,-27931,52011,22984,-15330,7654
2016-04-11T22:00:00Z,15.95,16.23,15.8,16.215,52108,-124524,-72416,87892,-25424,62468,26922,-16974,9948,NaN,NaN,NaN,NaN,184800,52108,-124524,-72416,87892,-25424,62468,26922,-16974,9948
2016-04-12T22:00:00Z,16.2,16.345,16.015,16.235,52108,-124524,-72416,87892,-25424,62468,26922,-16974,9948,NaN,NaN,NaN,NaN,184800,52108,-124524,-72416,87892,-25424,62468,26922,-16974,9948
2016-04-13T22:00:00Z,16.23,16.27,15.925,16.185,52108,-124524,-72416,87892,-25424,62468,26922,-16974,9948,NaN,NaN,NaN,NaN,184800,52108,-124524,-72416,87892,-25424,62468,26922,-16974,9948
2016-04-14T22:00:00Z,16.185,16.395,16.11,16.255,52108,-124524,-72416,87892,-25424,62468,26922,-16974,9948,NaN,NaN,NaN,NaN,184800,52108,-124524,-72416,87892,-25424,62468,26922,-16974,9948
2016-04-17T22:00:00Z,16.295,16.34,16.13,16.23,52108,-124524,-72416,87892,-25424,62468,26922,-16974,9948,NaN,NaN,NaN,NaN,184800,52108,-124524,-72416,87892,-25424,62468,26922,-16974,9948
2016-04-18T22:00:00Z,16.235,17.11,16.18,16.955,53952,-138036,-84084,94988,-23560,71428,29798,-17142,12656,NaN,NaN,NaN,NaN,194510,53952,-138036,-84084,94988,-23560,71428,29798,-17142,12656
2016-04-19T22:00:00Z,16.96,17.255,16.855,16.97,53952,-138036,-84084,94988,-23560,71428,29798,-17142,12656,NaN,NaN,NaN,NaN,194510,53952,-138036,-84084,94988,-23560,71428,29798,-17142,12656
2016-04-20T22:00:00Z,16.96,17.72,16.755,17,53952,-138036,-84084,94988,-23560,71428,29798,-17142,12656,NaN,NaN,NaN,NaN,194510,53952,-138036,-84084,94988,-23560,71428,29798,-17142,12656
2016-04-21T22:00:00Z,17.015,17.36,16.855,16.985,53952,-138036,-84084,94988,-23560,71428,29798,-17142,12656,NaN,NaN,NaN,NaN,194510,53952,-138036,-84084,94988,-23560,71428,29798,-17142,12656
2016-04-24T22:00:00Z,16.9,17.14,16.81,17.02,53952,-138036,-84084,94988,-23560,71428,29798,-17142,12656,NaN,NaN,NaN,NaN,194510,53952,-138036,-84084,94988,-23560,71428,29798,-17142,12656
2016-04-25T22:00:00Z,17.005,17.175,16.835,17.16,56700,-148002,-91302,99774,-21001,78773,29448,-16919,12529,NaN,NaN,NaN,NaN,206748,56700,-148002,-91302,99774,-21001,78773,29448,-16919,12529
2016-04-26T22:00:00Z,17.16,17.435,17.055,17.245,56700,-148002,-91302,99774,-21001,78773,29448,-16919,12529,NaN,NaN,NaN,NaN,206748,56700,-148002,-91302,99774,-21001,78773,29448,-16919,12529
2016-04-27T22:00:00Z,17.285,17.695,17.185,17.6,56700,-148002,-91302,99774,-21001,78773,29448,-16919,12529,NaN,NaN,NaN,NaN,206748,56700,-148002,-91302,99774,-21001,78773,29448,-16919,12529
2016-04-28T22:00:00Z,17.63,18.02,17.615,17.89,56700,-148002,-91302,99774,-21001,78773,29448,-16919,12529,NaN,NaN,NaN,NaN,206748,56700,-148002,-91302,99774,-21001,78773,29448,-16919,12529
2016-05-01T22:00:00Z,17.92,18.06,17.53,17.58,56700,-148002,-91302,99774,-21001,78773,29448,-16919,12529,NaN,NaN,NaN,NaN,206748,56700,-148002,-91302,99774,-21001,78773,29448,-16919,12529
2016-05-02T22:00:00Z,17.605,17.76,17.365,17.46,55731,-146325,-90594,100401,-24526,75875,27506,-12787,14719,NaN,NaN,NaN,NaN,198237,55731,-146325,-90594,100401,-24526,75875,27506,-12787,14719
2016-05-03T22:00:00Z,17.45,17.51,17.215,17.41,55731,-146325,-90594,100401,-24526,75875,27506,-12787,14719,NaN,NaN,NaN,NaN,198237,55731,-146325,-90594,100401,-24526,75875,27506,-12787,14719
2016-05-04T22:00:00Z,17.41,17.685,17.285,17.375,55731,-146325,-90594,100401,-24526,75875,27506,-12787,14719,NaN,NaN,NaN,NaN,198237,55731,-146325,-90594,100401,-24526,75875,27506,-12787,14719
2016-05-05T22:00:00Z,17.37,17.635,17.22,17.505,55731,-146325,-90594,100401,-24526,75875,27506,-12787,14719,NaN,NaN,NaN,NaN,198237,55731,-146325,-90594,100401,-24526,75875,27506,-12787,14719
2016-05-08T22:00:00Z,17.46,17.505,16.96,17.06,55731,-146325,-90594,100401,-24526,75875,27506,-12787,14719,NaN,NaN,NaN,NaN,198237,55731,-146325,-90594,100401,-24526,75875,27506,-12787,14719
2016-05-09T22:00:00Z,17.05,17.19,16.925,17.145,53870,-145602,-91732,107844,-27573,80271,27013,-15552,11461,NaN,NaN,NaN,NaN,205391,53870,-145602,-91732,107844,-27573,80271,27013,-15552,11461
2016-05-10T22:00:00Z,17.155,17.62,17.125,17.45,53870,-145602,-91732,107844,-27573,80271,27013,-15552,11461,NaN,NaN,NaN,NaN,205391,53870,-145602,-91732,107844,-27573,80271,27013,-15552,11461
2016-05-11T22:00:00Z,17.445,17.485,17,17,53870,-145602,-91732,107844,-27573,80271,27013,-15552,11461,NaN,NaN,NaN,NaN,205391,53870,-145602,-91732,107844,-27573,80271,27013,-15552,11461
2016-05-12T22:00:00Z,17.025,17.2,16.85,17.13,53870,-145602,-91732,107844,-27573,80271,27013,-15552,11461,NaN,NaN,NaN,NaN,205391,53870,-145602,-91732,107844,-27573,80271,27013,-15552,11461
2016-05-15T22:00:00Z,17.14,17.43,17.075,17.17,53870,-145602,-91732,107844,-27573,80271,27013,-15552,11461,NaN,NaN,NaN,NaN,205391,53870,-145602,-91732,107844,-27573,80271,27013,-15552,11461
2016-05-16T22:00:00Z,17.175,17.38,17.055,17.275,54759,-144654,-89895,105988,-28786,77202,27750,-15057,12693,NaN,NaN,NaN,NaN,207394,54759,-144654,-89895,105988,-28786,77202,27750,-15057,12693
2016-05-17T22:00:00Z,17.285,17.32,16.715,16.925,54759,-144654,-89895,105988,-28786,77202,27750,-15057,12693,NaN,NaN,NaN,NaN,207394,54759,-144654,-89895,105988,-28786,77202,27750,-15057,12693
2016-05-18T22:00:00Z,16.855,16.95,16.35,16.51,54759,-144654,-89895,105988,-28786,77202,27750,-15057,12693,NaN,NaN,NaN,NaN,207394,54759,-144654,-89895,105988,-28786,77202,27750,-15057,12693
2016-05-19T22:00:00Z,16.5,16.675,16.435,16.55,54759,-144654,-89895,105988,-28786,77202,27750,-15057,12693,NaN,NaN,NaN,NaN,207394,54759,-144654,-89895,105988,-28786,77202,27750,-15057,12693
2016-05-22T22:00:00Z,16.5,16.59,16.325,16.4,54759,-144654,-89895,105988,-28786,77202,27750,-15057,12693,NaN,NaN,NaN,NaN,207394,54759,-144654,-89895,105988,-28786,77202,27750,-15057,12693
2016-05-23T22:00:00Z,16.4,16.455,16.21,16.245,59097,-137390,-78293,97242,-31358,65884,26886,-14477,12409,NaN,NaN,NaN,NaN,203682,59097,-137390,-78293,97242,-31358,65884,26886,-14477,12409
2016-05-24T22:00:00Z,16.235,16.38,16.185,16.34,59097,-137390,-78293,97242,-31358,65884,26886,-14477,12409,NaN,NaN,NaN,NaN,203682,59097,-137390,-78293,97242,-31358,65884,26886,-14477,12409
2016-05-25T22:00:00Z,16.335,16.585,16.25,16.345,59097,-137390,-78293,97242,-31358,65884,26886,-14477,12409,NaN,NaN,NaN,NaN,203682,59097,-137390,-78293,97242,-31358,65884,26886,-14477,12409
2016-05-26T22:00:00Z,16.335,16.395,16.14,16.25,59097,-137390,-78293,97242,-31358,65884,26886,-14477,12409,NaN,NaN,NaN,NaN,203682,59097,-137390,-78293,97242,-31358,65884,26886,-14477,12409
2016-05-29T22:00:00Z,16.22,16.245,15.915,16,59970,-135935,-75965,89815,-28184,61631,28191,-13857,14334,NaN,NaN,NaN,NaN,198118,59970,-135935,-75965,89815,-28184,61631,28191,-13857,14334
2016-05-31T22:00:00Z,16.02,16.105,15.83,15.975,59970,-135935,-75965,89815,-28184,61631,28191,-13857,14334,NaN,NaN,NaN,NaN,198118,59970,-135935,-75965,89815,-28184,61631,28191,-13857,14334
2016-06-01T22:00:00Z,15.985,16.065,15.925,16.01,59970,-135935,-75965,89815,-28184,61631,28191,-13857,14334,NaN,NaN,NaN,NaN,198118,59970,-135935,-75965,89815,-28184,61631,28191,-13857,14334
2016-06-02T22:00:00Z,16.015,16.47,15.97,16.44,59970,-135935,-75965,89815,-28184,61631,28191,-13857,14334,NaN,NaN,NaN,NaN,198118,59970,-135935,-75965,89815,-28184,61631,28191,-13857,14334
2016-06-05T22:00:00Z,16.415,16.545,16.365,16.49,59970,-135935,-75965,89815,-28184,61631,28191,-13857,14334,NaN,NaN,NaN,NaN,198118,59970,-135935,-75965,89815,-28184,61631,28191,-13857,14334
2016-06-06T22:00:00Z,16.485,16.49,16.245,16.39,56476,-128310,-71834,86676,-29635,57041,27959,-13166,14793,NaN,NaN,NaN,NaN,192376,56476,-128310,-71834,86676,-29635,57041,27959,-13166,14793
2016-06-07T22:00:00Z,16.41,17.115,16.39,17.055,56476,-128310,-71834,86676,-29635,57041,27959,-13166,14793,NaN,NaN,NaN,NaN,192376,56476,-128310,-71834,86676,-29635,57041,27959,-13166,14793
2016-06-08T22:00:00Z,17.055,17.34,16.95,17.28,56476,-128310,-71834,86676,-29635,57041,27959,-13166,14793,NaN,NaN,NaN,NaN,192376,56476,-128310,-71834,86676,-29635,57041,27959,-13166,14793
2016-06-09T22:00:00Z,17.28,17.38,17.16,17.33,56476,-128310,-71834,86676,-29635,57041,27959,-13166,14793,NaN,NaN,NaN,NaN,192376,56476,-128310,-71834,86676,-29635,57041,27959,-13166,14793
2016-06-12T22:00:00Z,17.33,17.465,17.105,17.455,56476,-128310,-71834,86676,-29635,57041,27959,-13166,14793,NaN,NaN,NaN,NaN,192376,56476,-128310,-71834,86676,-29635,57041,27959,-13166,14793
2016-06-13T22:00:00Z,17.46,17.5,17.225,17.395,56766,-138510,-81744,97370,-27731,69639,26487,-14382,12105,NaN,NaN,NaN,NaN,199111,56766,-138510,-81744,97370,-27731,69639,26487,-14382,12105
2016-06-14T22:00:00Z,17.4,17.635,17.355,17.54,56766,-138510,-81744,97370,-27731,69639,26487,-14382,12105,NaN,NaN,NaN,NaN,199111,56766,-138510,-81744,97370,-27731,69639,26487,-14382,12105
2016-06-15T22:00:00Z,17.55,17.88,17.17,17.2,56766,-138510,-81744,97370,-27731,69639,26487,-14382,12105,NaN,NaN,NaN,NaN,199111,56766,-138510,-81744,97370,-27731,69639,26487,-14382,12105
2016-06-16T22:00:00Z,17.21,17.53,17.21,17.52,56766,-138510,-81744,97370,-27731,69639,26487,-14382,12105,NaN,NaN,NaN,NaN,199111,56766,-138510,-81744,97370,-27731,69639,26487,-14382,12105
2016-06-19T22:00:00Z,17.46,17.66,17.3,17.52,56766,-138510,-81744,97370,-27731,69639,26487,-14382,12105,NaN,NaN,NaN,NaN,199111,56766,-138510,-81744,97370,-27731,69639,26487,-14382,12105
2016-06-20T22:00:00Z,17.5,17.605,17.19,17.3,55836,-145772,-89936,106942,-26699,80243,24514,-14821,9693,NaN,NaN,NaN,NaN,205618,55836,-145772,-89936,106942,-26699,80243,24514,-14821,9693
2016-06-21T22:00:00Z,17.31,17.355,17.125,17.275,55836,-145772,-89936,106942,-26699,80243,24514,-14821,9693,NaN,NaN,NaN,NaN,205618,55836,-145772,-89936,106942,-26699,80243,24514,-14821,9693
2016-06-22T22:00:00Z,17.25,17.5,17.215,17.29,55836,-145772,-89936,106942,-26699,80243,24514,-14821,9693,NaN,NaN,NaN,NaN,205618,55836,-145772,-89936,106942,-26699,80243,24514,-14821,9693
2016-06-23T22:00:00Z,17.15,18.37,17.105,17.77,55836,-145772,-89936,106942,-26699,80243,24514,-14821,9693,NaN,NaN,NaN,NaN,205618,55836,-145772,-89936,106942,-26699,80243,24514,-14821,9693
2016-06-26T22:00:00Z,17.79,17.94,17.66,17.78,55836,-145772,-89936,106942,-26699,80243,24514,-14821,9693,NaN,NaN,NaN,NaN,205618,55836,-145772,-89936,106942,-26699,80243,24514,-14821,9693
2016-06-27T22:00:00Z,17.8,17.88,17.55,17.8,56671,-151872,-95201,107555,-23894,83661,24896,-13356,11540,NaN,NaN,NaN,NaN,211396,56671,-151872,-95201,107555,-23894,83661,24896,-13356,11540
2016-06-28T22:00:00Z,17.865,18.58,17.845,18.37,56671,-151872,-95201,107555,-23894,83661,24896,-13356,11540,NaN,NaN,NaN,NaN,211396,56671,-151872,-95201,107555,-23894,83661,24896,-13356,11540
2016-06-29T22:00:00Z,18.36,18.9,18.26,18.795,56671,-151872,-95201,107555,-23894,83661,24896,-13356,11540,NaN,NaN,NaN,NaN,211396,56671,-151872,-95201,107555,-23894,83661,24896,-13356,11540
2016-06-30T22:00:00Z,18.815,19.98,18.795,19.855,56671,-151872,-95201,107555,-23894,83661,24896,-13356,11540,NaN,NaN,NaN,NaN,211396,56671,-151872,-95201,107555,-23894,83661,24896,-13356,11540
2016-07-03T22:00:00Z,19.84,21.225,19.61,20.01,55718,-154486,-98768,111348,-25594,85754,25873,-12859,13014,NaN,NaN,NaN,NaN,211347,55718,-154486,-98768,111348,-25594,85754,25873,-12859,13014
2016-07-05T22:00:00Z,20.015,20.585,19.93,20.155,55718,-154486,-98768,111348,-25594,85754,25873,-12859,13014,NaN,NaN,NaN,NaN,211347,55718,-154486,-98768,111348,-25594,85754,25873,-12859,13014
2016-07-06T22:00:00Z,20.165,20.335,19.525,19.745,55718,-154486,-98768,111348,-25594,85754,25873,-12859,13014,NaN,NaN,NaN,NaN,211347,55718,-154486,-98768,111348,-25594,85754,25873,-12859,13014
2016-07-07T22:00:00Z,19.735,20.39,19.28,20.35,55718,-154486,-98768,111348,-25594,85754,25873,-12859,13014,NaN,NaN,NaN,NaN,211347,55718,-154486,-98768,111348,-25594,85754,25873,-12859,13014
2016-07-10T22:00:00Z,20.4,20.76,20.17,20.36,55718,-154486,-98768,111348,-25594,85754,25873,-12859,13014,NaN,NaN,NaN,NaN,211347,55718,-154486,-98768,111348,-25594,85754,25873,-12859,13014
2016-07-11T22:00:00Z,20.365,20.595,20.02,20.22,54035,-154155,-100120,114376,-26724,87652,26591,-14123,12468,NaN,NaN,NaN,NaN,214617,54035,-154155,-100120,114376,-26724,87652,26591,-14123,12468
2016-07-12T22:00:00Z,20.22,20.55,19.955,20.41,54035,-154155,-100120,114376,-26724,87652,26591,-14123,12468,NaN,NaN,NaN,NaN,214617,54035,-154155,-100120,114376,-26724,87652,26591,-14123,12468
2016-07-13T22:00:00Z,20.45,20.615,20.06,20.365,54035,-154155,-100120,114376,-26724,87652,26591,-14123,12468,NaN,NaN,NaN,NaN,214617,54035,-154155,-100120,114376,-26724,87652,26591,-14123,12468
2016-07-14T22:00:00Z,20.39,20.395,20.06,20.295,54035,-154155,-100120,114376,-26724,87652,26591,-14123,12468,NaN,NaN,NaN,NaN,214617,54035,-154155,-100120,114376,-26724,87652,26591,-14123,12468
2016-07-17T22:00:00Z,20.235,20.295,19.77,20.115,54035,-154155,-100120,114376,-26724,87652,26591,-14123,12468,NaN,NaN,NaN,NaN,214617,54035,-154155,-100120,114376,-26724,87652,26591,-14123,12468
2016-07-18T22:00:00Z,20.115,20.125,19.87,19.975,50379,-156634,-106255,120839,-26449,94390,26626,-14761,11865,NaN,NaN,NaN,NaN,219206,50379,-156634,-106255,120839,-26449,94390,26626,-14761,11865
2016-07-19T22:00:00Z,19.97,20.05,19.385,19.47,50379,-156634,-106255,120839,-26449,94390,26626,-14761,11865,NaN,NaN,NaN,NaN,219206,50379,-156634,-106255,120839,-26449,94390,26626,-14761,11865
2016-07-20T22:00:00Z,19.45,19.935,19.27,19.835,50379,-156634,-106255,120839,-26449,94390,26626,-14761,11865,NaN,NaN,NaN,NaN,219206,50379,-156634,-106255,120839,-26449,94390,26626,-14761,11865
2016-07-21T22:00:00Z,19.87,20.02,19.62,19.69,50379,-156634,-106255,120839,-26449,94390,26626,-14761,11865,NaN,NaN,NaN,NaN,219206,50379,-156634,-106255,120839,-26449,94390,26626,-14761,11865
2016-07-24T22:00:00Z,19.695,19.76,19.355,19.605,50379,-156634,-106255,120839,-26449,94390,26626,-14761,11865,NaN,NaN,NaN,NaN,219206,50379,-156634,-106255,120839,-26449,94390,26626,-14761,11865
2016-07-25T22:00:00Z,19.625,19.8,19.49,19.685,48115,-155238,-107123,123737,-27660,96077,25124,-14078,11046,NaN,NaN,NaN,NaN,218299,48115,-155238,-107123,123737,-27660,96077,25124,-14078,11046
2016-07-26T22:00:00Z,19.71,20.47,19.575,20.42,48115,-155238,-107123,123737,-27660,96077,25124,-14078,11046,NaN,NaN,NaN,NaN,218299,48115,-155238,-107123,123737,-27660,96077,25124,-14078,11046
2016-07-27T22:00:00Z,20.42,20.585,20.155,20.215,48115,-155238,-107123,123737,-27660,96077,25124,-14078,11046,NaN,NaN,NaN,NaN,218299,48115,-155238,-107123,123737,-27660,96077,25124,-14078,11046
2016-07-28T22:00:00Z,20.225,20.455,20.005,20.385,48115,-155238,-107123,123737,-27660,96077,25124,-14078,11046,NaN,NaN,NaN,NaN,218299,48115,-155238,-107123,123737,-27660,96077,25124,-14078,11046
2016-07-31T22:00:00Z,20.41,20.695,20.335,20.495,48115,-155238,-107123,123737,-27660,96077,25124,-14078,11046,NaN,NaN,NaN,NaN,218299,48115,-155238,-107123,123737,-27660,96077,25124,-14078,11046
2016-08-01T22:00:00Z,20.53,20.835,20.385,20.665,49123,-158244,-109121,122676,-29242,93434,28250,-12563,15687,NaN,NaN,NaN,NaN,224540,49123,-158244,-109121,122676,-29242,93434,28250,-12563,15687
2016-08-02T22:00:00Z,20.675,20.77,20.405,20.445,49123,-158244,-109121,122676,-29242,93434,28250,-12563,15687,NaN,NaN,NaN,NaN,224540,49123,-158244,-109121,122676,-29242,93434,28250,-12563,15687
2016-08-03T22:00:00Z,20.45,20.55,20.08,20.38,49123,-158244,-109121,122676,-29242,93434,28250,-12563,15687,NaN,NaN,NaN,NaN,224540,49123,-158244,-109121,122676,-29242,93434,28250,-12563,15687
2016-08-04T22:00:00Z,20.41,20.47,19.715,19.725,49123,-158244,-109121,122676,-29242,93434,28250,-12563,15687,NaN,NaN,NaN,NaN,224540,49123,-158244,-109121,122676,-29242,93434,28250,-12563,15687
2016-08-07T22:00:00Z,19.55,19.89,19.515,19.755,49123,-158244,-109121,122676,-29242,93434,28250,-12563,15687,NaN,NaN,NaN,NaN,224540,49123,-158244,-109121,122676,-29242,93434,28250,-12563,15687
2016-08-08T22:00:00Z,19.75,19.9,19.605,19.87,47020,-150331,-103311,122165,-31101,91064,26925,-14678,12247,NaN,NaN,NaN,NaN,210647,47020,-150331,-103311,122165,-31101,91064,26925,-14678,12247
2016-08-09T22:00:00Z,19.92,20.515,19.9,20.175,47020,-150331,-103311,122165,-31101,91064,26925,-14678,12247,NaN,NaN,NaN,NaN,210647,47020,-150331,-103311,122165,-31101,91064,26925,-14678,12247
2016-08-10T22:00:00Z,20.19,20.34,19.905,19.98,47020,-150331,-103311,122165,-31101,91064,26925,-14678,12247,NaN,NaN,NaN,NaN,210647,47020,-150331,-103311,122165,-31101,91064,26925,-14678,12247
2016-08-11T22:00:00Z,20,20.235,19.66,19.72,47020,-150331,-103311,122165,-31101,91064,26925,-14678,12247,NaN,NaN,NaN,NaN,210647,47020,-150331,-103311,122165,-31101,91064,26925,-14678,12247
2016-08-14T22:00:00Z,19.755,20.05,19.7,19.82,47020,-150331,-103311,122165,-31101,91064,26925,-14678,12247,NaN,NaN,NaN,NaN,210647,47020,-150331,-103311,122165,-31101,91064,26925,-14678,12247
2016-08-15T22:00:00Z,19.855,20.12,19.715,19.79,49176,-149770,-100594,118988,-33999,84989,28905,-13300,15605,NaN,NaN,NaN,NaN,205905,49176,-149770,-100594,118988,-33999,84989,28905,-13300,15605
2016-08-16T22:00:00Z,19.82,19.895,19.375,19.69,49176,-149770,-100594,118988,-33999,84989,28905,-13300,15605,NaN,NaN,NaN,NaN,205905,49176,-149770,-100594,118988,-33999,84989,28905,-13300,15605
2016-08-17T22:00:00Z,19.695,19.94,19.625,19.75,49176,-149770,-100594,118988,-33999,84989,28905,-13300,15605,NaN,NaN,NaN,NaN,205905,49176,-149770,-100594,118988,-33999,84989,28905,-13300,15605
2016-08-18T22:00:00Z,19.775,19.8,19.22,19.305,49176,-149770,-100594,118988,-33999,84989,28905,-13300,15605,NaN,NaN,NaN,NaN,205905,49176,-149770,-100594,118988,-33999,84989,28905,-13300,15605
2016-08-21T22:00:00Z,19.25,19.25,18.71,18.875,49176,-149770,-100594,118988,-33999,84989,28905,-13300,15605,NaN,NaN,NaN,NaN,205905,49176,-149770,-100594,118988,-33999,84989,28905,-13300,15605
2016-08-22T22:00:00Z,18.865,19.09,18.77,18.78,47602,-145671,-98069,118356,-35153,83203,27923,-13057,14866,NaN,NaN,NaN,NaN,206264,47602,-145671,-98069,118356,-35153,83203,27923,-13057,14866
2016-08-23T22:00:00Z,18.82,18.965,18.5,18.505,47602,-145671,-98069,118356,-35153,83203,27923,-13057,14866,NaN,NaN,NaN,NaN,206264,47602,-145671,-98069,118356,-35153,83203,27923,-13057,14866
2016-08-24T22:00:00Z,18.5,18.62,18.44,18.505,47602,-145671,-98069,118356,-35153,83203,27923,-13057,14866,NaN,NaN,NaN,NaN,206264,47602,-145671,-98069,118356,-35153,83203,27923,-13057,14866
2016-08-25T22:00:00Z,18.49,19.035,18.47,18.63,47602,-145671,-98069,118356,-35153,83203,27923,-13057,14866,NaN,NaN,NaN,NaN,206264,47602,-145671,-98069,118356,-35153,83203,27923,-13057,14866
2016-08-28T22:00:00Z,18.61,18.88,18.37,18.85,47602,-145671,-98069,118356,-35153,83203,27923,-13057,14866,NaN,NaN,NaN,NaN,206264,47602,-145671,-98069,118356,-35153,83203,27923,-13057,14866
2016-08-29T22:00:00Z,18.96,19.04,18.645,18.66,44378,-140056,-95678,114230,-29876,84354,23375,-12051,11324,NaN,NaN,NaN,NaN,189416,44378,-140056,-95678,114230,-29876,84354,23375,-12051,11324
2016-08-30T22:00:00Z,18.66,18.93,18.6,18.72,44378,-140056,-95678,114230,-29876,84354,23375,-12051,11324,NaN,NaN,NaN,NaN,189416,44378,-140056,-95678,114230,-29876,84354,23375,-12051,11324
2016-08-31T22:00:00Z,18.72,18.995,18.65,18.955,44378,-140056,-95678,114230,-29876,84354,23375,-12051,11324,NaN,NaN,NaN,NaN,189416,44378,-140056,-95678,114230,-29876,84354,23375,-12051,11324
2016-09-01T22:00:00Z,18.955,19.535,18.825,19.52,44378,-140056,-95678,114230,-29876,84354,23375,-12051,11324,NaN,NaN,NaN,NaN,189416,44378,-140056,-95678,114230,-29876,84354,23375,-12051,11324
2016-09-04T22:00:00Z,19.47,20.22,19.38,20.155,45970,-145552,-99582,118059,-30031,88028,26354,-14800,11554,NaN,NaN,NaN,NaN,199197,45970,-145552,-99582,118059,-30031,88028,26354,-14800,11554
2016-09-06T22:00:00Z,20.115,20.235,19.815,19.87,45970,-145552,-99582,118059,-30031,88028,26354,-14800,11554,NaN,NaN,NaN,NaN,199197,45970,-145552,-99582,118059,-30031,88028,26354,-14800,11554
2016-09-07T22:00:00Z,19.87,20.02,19.63,19.695,45970,-145552,-99582,118059,-30031,88028,26354,-14800,11554,NaN,NaN,NaN,NaN,199197,45970,-145552,-99582,118059,-30031,88028,26354,-14800,11554
2016-09-08T22:00:00Z,19.68,19.725,19.08,19.13,45970,-145552,-99582,118059,-30031,88028,26354,-14800,11554,NaN,NaN,NaN,NaN,199197,45970,-145552,-99582,118059,-30031,88028,26354,-14800,11554
2016-09-11T22:00:00Z,19.205,19.245,18.765,19.175,45970,-145552,-99582,118059,-30031,88028,26354,-14800,11554,NaN,NaN,NaN,NaN,199197,45970,-145552,-99582,118059,-30031,88028,26354,-14800,11554
2016-09-12T22:00:00Z,19.16,19.35,18.855,18.925,45479,-142154,-96675,113792,-32224,81568,26508,-11401,15107,NaN,NaN,NaN,NaN,193953,45479,-142154,-96675,113792,-32224,81568,26508,-11401,15107
2016-09-13T22:00:00Z,18.94,19.175,18.845,19.015,45479,-142154,-96675,113792,-32224,81568,26508,-11401,15107,NaN,NaN,NaN,NaN,193953,45479,-142154,-96675,113792,-32224,81568,26508,-11401,15107
2016-09-14T22:00:00Z,19.02,19.28,18.875,19.035,45479,-142154,-96675,113792,-32224,81568,26508,-11401,15107,NaN,NaN,NaN,NaN,193953,45479,-142154,-96675,113792,-32224,81568,26508,-11401,15107
2016-09-15T22:00:00Z,19.06,19.085,18.715,18.835,45479,-142154,-96675,113792,-32224,81568,26508,-11401,15107,NaN,NaN,NaN,NaN,193953,45479,-142154,-96675,113792,-32224,81568,26508,-11401,15107
2016-09-18T22:00:00Z,18.845,19.38,18.84,19.22,45479,-142154,-96675,113792,-32224,81568,26508,-11401,15107,NaN,NaN,NaN,NaN,193953,45479,-142154,-96675,113792,-32224,81568,26508,-11401,15107
2016-09-19T22:00:00Z,19.22,19.365,19.145,19.305,45909,-142854,-96945,113567,-30932,82635,25686,-11376,14310,NaN,NaN,NaN,NaN,193501,45909,-142854,-96945,113567,-30932,82635,25686,-11376,14310
2016-09-20T22:00:00Z,19.32,19.955,19.07,19.915,45909,-142854,-96945,113567,-30932,82635,25686,-11376,14310,NaN,NaN,NaN,NaN,193501,45909,-142854,-96945,113567,-30932,82635,25686,-11376,14310
2016-09-21T22:00:00Z,19.9,20.145,19.785,19.94,45909,-142854,-96945,113567,-30932,82635,25686,-11376,14310,NaN,NaN,NaN,NaN,193501,45909,-142854,-96945,113567,-30932,82635,25686,-11376,14310
2016-09-22T22:00:00Z,19.96,20.025,19.665,19.775,45909,-142854,-96945,113567,-30932,82635,25686,-11376,14310,NaN,NaN,NaN,NaN,193501,45909,-142854,-96945,113567,-30932,82635,25686,-11376,14310
2016-09-25T22:00:00Z,19.79,19.825,19.425,19.525,45909,-142854,-96945,113567,-30932,82635,25686,-11376,14310,NaN,NaN,NaN,NaN,193501,45909,-142854,-96945,113567,-30932,82635,25686,-11376,14310
2016-09-26T22:00:00Z,19.51,19.61,19.045,19.22,48161,-148979,-100818,116948,-32086,84862,27805,-11849,15956,NaN,NaN,NaN,NaN,201486,48161,-148979,-100818,116948,-32086,84862,27805,-11849,15956
2016-09-27T22:00:00Z,19.19,19.27,18.975,19.25,48161,-148979,-100818,116948,-32086,84862,27805,-11849,15956,NaN,NaN,NaN,NaN,201486,48161,-148979,-100818,116948,-32086,84862,27805,-11849,15956
2016-09-28T22:00:00Z,19.255,19.46,19.05,19.17,48161,-148979,-100818,116948,-32086,84862,27805,-11849,15956,NaN,NaN,NaN,NaN,201486,48161,-148979,-100818,116948,-32086,84862,27805,-11849,15956
2016-09-29T22:00:00Z,19.16,19.77,19.12,19.245,48161,-148979,-100818,116948,-32086,84862,27805,-11849,15956,NaN,NaN,NaN,NaN,201486,48161,-148979,-100818,116948,-32086,84862,27805,-11849,15956
2016-10-02T22:00:00Z,19.26,19.385,18.75,18.855,48161,-148979,-100818,116948,-32086,84862,27805,-11849,15956,NaN,NaN,NaN,NaN,201486,48161,-148979,-100818,116948,-32086,84862,27805,-11849,15956
2016-10-03T22:00:00Z,18.875,18.94,17.745,17.825,48885,-139781,-90896,110764,-34961,75803,26981,-11888,15093,NaN,NaN,NaN,NaN,198747,48885,-139781,-90896,110764,-34961,75803,26981,-11888,15093
2016-10-04T22:00:00Z,17.805,18.04,17.585,17.78,48885,-139781,-90896,110764,-34961,75803,26981,-11888,15093,NaN,NaN,NaN,NaN,198747,48885,-139781,-90896,110764,-34961,75803,26981,-11888,15093
2016-10-05T22:00:00Z,17.785,17.88,17.14,17.335,48885,-139781,-90896,110764,-34961,75803,26981,-11888,15093,NaN,NaN,NaN,NaN,198747,48885,-139781,-90896,110764,-34961,75803,26981,-11888,15093
2016-10-06T22:00:00Z,17.345,17.685,17.115,17.575,48885,-139781,-90896,110764,-34961,75803,26981,-11888,15093,NaN,NaN,NaN,NaN,198747,48885,-139781,-90896,110764,-34961,75803,26981,-11888,15093
2016-10-09T22:00:00Z,17.6,17.84,17.57,17.655,48885,-139781,-90896,110764,-34961,75803,26981,-11888,15093,NaN,NaN,NaN,NaN,198747,48885,-139781,-90896,110764,-34961,75803,26981,-11888,15093
2016-10-10T22:00:00Z,17.66,17.855,17.465,17.475,52174,-129809,-77635,97527,-34634,62893,26315,-11573,14742,NaN,NaN,NaN,NaN,187469,52174,-129809,-77635,97527,-34634,62893,26315,-11573,14742
2016-10-11T22:00:00Z,17.495,17.64,17.38,17.5,52174,-129809,-77635,97527,-34634,62893,26315,-11573,14742,NaN,NaN,NaN,NaN,187469,52174,-129809,-77635,97527,-34634,62893,26315,-11573,14742
2016-10-12T22:00:00Z,17.515,17.705,17.43,17.515,52174,-129809,-77635,97527,-34634,62893,26315,-11573,14742,NaN,NaN,NaN,NaN,187469,52174,-129809,-77635,97527,-34634,62893,26315,-11573,14742
2016-10-13T22:00:00Z,17.525,17.6,17.315,17.42,52174,-129809,-77635,97527,-34634,62893,26315,-11573,14742,NaN,NaN,NaN,NaN,187469,52174,-129809,-77635,97527,-34634,62893,26315,-11573,14742
2016-10-16T22:00:00Z,17.45,17.515,17.36,17.48,52174,-129809,-77635,97527,-34634,62893,26315,-11573,14742,NaN,NaN,NaN,NaN,187469,52174,-129809,-77635,97527,-34634,62893,26315,-11573,14742
2016-10-17T22:00:00Z,17.46,17.73,17.455,17.63,53771,-128682,-74911,94230,-34944,59286,26658,-11033,15625,NaN,NaN,NaN,NaN,189229,53771,-128682,-74911,94230,-34944,59286,26658,-11033,15625
2016-10-18T22:00:00Z,17.625,17.79,17.57,17.69,53771,-128682,-74911,94230,-34944,59286,26658,-11033,15625,NaN,NaN,NaN,NaN,189229,53771,-128682,-74911,94230,-34944,59286,26658,-11033,15625
2016-10-19T22:00:00Z,17.695,17.745,17.45,17.525,53771,-128682,-74911,94230,-34944,59286,26658,-11033,15625,NaN,NaN,NaN,NaN,189229,53771,-128682,-74911,94230,-34944,59286,26658,-11033,15625
2016-10-20T22:00:00Z,17.535,17.56,17.395,17.53,53771,-128682,-74911,94230,-34944,59286,26658,-11033,15625,NaN,NaN,NaN,NaN,189229,53771,-128682,-74911,94230,-34944,59286,26658,-11033,15625
2016-10-23T22:00:00Z,17.52,17.89,17.465,17.595,53771,-128682,-74911,94230,-34944,59286,26658,-11033,15625,NaN,NaN,NaN,NaN,189229,53771,-128682,-74911,94230,-34944,59286,26658,-11033,15625
2016-10-24T22:00:00Z,17.605,17.82,17.51,17.77,57120,-130516,-73396,92213,-35140,57073,27638,-11315,16323,NaN,NaN,NaN,NaN,196311,57120,-130516,-73396,92213,-35140,57073,27638,-11315,16323
2016-10-25T22:00:00Z,17.77,17.87,17.575,17.625,57120,-130516,-73396,92213,-35140,57073,27638,-11315,16323,NaN,NaN,NaN,NaN,196311,57120,-130516,-73396,92213,-35140,57073,27638,-11315,16323
2016-10-26T22:00:00Z,17.615,17.725,17.545,17.62,57120,-130516,-73396,92213,-35140,57073,27638,-11315,16323,NaN,NaN,NaN,NaN,196311,57120,-130516,-73396,92213,-35140,57073,27638,-11315,16323
2016-10-27T22:00:00Z,17.6,17.935,17.505,17.755,57120,-130516,-73396,92213,-35140,57073,27638,-11315,16323,NaN,NaN,NaN,NaN,196311,57120,-130516,-73396,92213,-35140,57073,27638,-11315,16323
2016-10-30T22:00:00Z,17.8,17.925,17.755,17.9,57120,-130516,-73396,92213,-35140,57073,27638,-11315,16323,NaN,NaN,NaN,NaN,196311,57120,-130516,-73396,92213,-35140,57073,27638,-11315,16323
2016-10-31T22:00:00Z,17.89,18.51,17.85,18.37,58595,-135512,-76917,89233,-27097,62136,28746,-13965,14781,NaN,NaN,NaN,NaN,196912,58595,-135512,-76917,89233,-27097,62136,28746,-13965,14781
2016-11-01T22:00:00Z,18.375,18.75,18.36,18.49,58595,-135512,-76917,89233,-27097,62136,28746,-13965,14781,NaN,NaN,NaN,NaN,196912,58595,-135512,-76917,89233,-27097,62136,28746,-13965,14781
2016-11-02T22:00:00Z,18.5,18.645,17.995,18.355,58595,-135512,-76917,89233,-27097,62136,28746,-13965,14781,NaN,NaN,NaN,NaN,196912,58595,-135512,-76917,89233,-27097,62136,28746,-13965,14781
2016-11-03T22:00:00Z,18.36,18.48,18.185,18.425,58595,-135512,-76917,89233,-27097,62136,28746,-13965,14781,NaN,NaN,NaN,NaN,196912,58595,-135512,-76917,89233,-27097,62136,28746,-13965,14781
2016-11-06T23:00:00Z,18.27,18.29,18.005,18.175,58595,-135512,-76917,89233,-27097,62136,28746,-13965,14781,NaN,NaN,NaN,NaN,196912,58595,-135512,-76917,89233,-27097,62136,28746,-13965,14781
2016-11-07T23:00:00Z,18.2,18.73,18.175,18.365,53861,-136122,-82261,89360,-24091,65269,27862,-10870,16992,NaN,NaN,NaN,NaN,188265,53861,-136122,-82261,89360,-24091,65269,27862,-10870,16992
2016-11-08T23:00:00Z,18.4,19.005,18.275,18.475,53861,-136122,-82261,89360,-24091,65269,27862,-10870,16992,NaN,NaN,NaN,NaN,188265,53861,-136122,-82261,89360,-24091,65269,27862,-10870,16992
2016-11-09T23:00:00Z,18.475,18.99,18.38,18.605,53861,-136122,-82261,89360,-24091,65269,27862,-10870,16992,NaN,NaN,NaN,NaN,188265,53861,-136122,-82261,89360,-24091,65269,27862,-10870,16992
2016-11-10T23:00:00Z,18.605,18.85,17.17,17.365,53861,-136122,-82261,89360,-24091,65269,27862,-10870,16992,NaN,NaN,NaN,NaN,188265,53861,-136122,-82261,89360,-24091,65269,27862,-10870,16992
2016-11-13T23:00:00Z,17.39,17.49,16.62,16.91,53861,-136122,-82261,89360,-24091,65269,27862,-10870,16992,NaN,NaN,NaN,NaN,188265,53861,-136122,-82261,89360,-24091,65269,27862,-10870,16992
2016-11-14T23:00:00Z,16.92,17.135,16.82,17.06,51359,-129880,-78521,85575,-22969,62606,27285,-11370,15915,NaN,NaN,NaN,NaN,174831,51359,-129880,-78521,85575,-22969,62606,27285,-11370,15915
2016-11-15T23:00:00Z,17.085,17.235,16.855,16.98,51359,-129880,-78521,85575,-22969,62606,27285,-11370,15915,NaN,NaN,NaN,NaN,174831,51359,-129880,-78521,85575,-22969,62606,27285,-11370,15915
2016-11-16T23:00:00Z,16.96,17.08,16.575,16.655,51359,-129880,-78521,85575,-22969,62606,27285,-11370,15915,NaN,NaN,NaN,NaN,174831,51359,-129880,-78521,85575,-22969,62606,27285,-11370,15915
2016-11-17T23:00:00Z,16.67,16.745,16.43,16.54,51359,-129880,-78521,85575,-22969,62606,27285,-11370,15915,NaN,NaN,NaN,NaN,174831,51359,-129880,-78521,85575,-22969,62606,27285,-11370,15915
2016-11-20T23:00:00Z,16.6,16.755,16.505,16.57,51359,-129880,-78521,85575,-22969,62606,27285,-11370,15915,NaN,NaN,NaN,NaN,174831,51359,-129880,-78521,85575,-22969,62606,27285,-11370,15915
2016-11-21T23:00:00Z,16.58,16.885,16.52,16.63,46804,-125036,-78232,81835,-21668,60167,29529,-11464,18065,NaN,NaN,NaN,NaN,169661,46804,-125036,-78232,81835,-21668,60167,29529,-11464,18065
2016-11-22T23:00:00Z,16.645,16.725,16.155,16.35,46804,-125036,-78232,81835,-21668,60167,29529,-11464,18065,NaN,NaN,NaN,NaN,169661,46804,-125036,-78232,81835,-21668,60167,29529,-11464,18065
2016-11-23T23:00:00Z,16.375,16.575,16.15,16.52,46804,-125036,-78232,81835,-21668,60167,29529,-11464,18065,NaN,NaN,NaN,NaN,169661,46804,-125036,-78232,81835,-21668,60167,29529,-11464,18065
2016-11-27T23:00:00Z,16.56,16.85,16.435,16.575,46804,-125036,-78232,81835,-21668,60167,29529,-11464,18065,NaN,NaN,NaN,NaN,169661,46804,-125036,-78232,81835,-21668,60167,29529,-11464,18065
2016-11-28T23:00:00Z,16.69,16.78,16.47,16.675,41906,-117351,-75445,79485,-20445,59040,26191,-9786,16405,NaN,NaN,NaN,NaN,156626,41906,-117351,-75445,79485,-20445,59040,26191,-9786,16405
2016-11-29T23:00:00Z,16.69,16.83,16.465,16.56,41906,-117351,-75445,79485,-20445,59040,26191,-9786,16405,NaN,NaN,NaN,NaN,156626,41906,-117351,-75445,79485,-20445,59040,26191,-9786,16405
2016-11-30T23:00:00Z,16.555,16.735,16.3,16.56,41906,-117351,-75445,79485,-20445,59040,26191,-9786,16405,NaN,NaN,NaN,NaN,156626,41906,-117351,-75445,79485,-20445,59040,26191,-9786,16405
2016-12-01T23:00:00Z,16.585,16.87,16.375,16.8,41906,-117351,-75445,79485,-20445,59040,26191,-9786,16405,NaN,NaN,NaN,NaN,156626,41906,-117351,-75445,79485,-20445,59040,26191,-9786,16405
2016-12-04T23:00:00Z,16.94,17.05,16.545,16.81,41906,-117351,-75445,79485,-20445,59040,26191,-9786,16405,NaN,NaN,NaN,NaN,156626,41906,-117351,-75445,79485,-20445,59040,26191,-9786,16405
2016-12-05T23:00:00Z,16.79,16.955,16.745,16.78,43081,-118821,-75740,81495,-22130,59365,26158,-9783,16375,NaN,NaN,NaN,NaN,159337,43081,-118821,-75740,81495,-22130,59365,26158,-9783,16375
2016-12-06T23:00:00Z,16.78,17.3,16.705,17.185,43081,-118821,-75740,81495,-22130,59365,26158,-9783,16375,NaN,NaN,NaN,NaN,159337,43081,-118821,-75740,81495,-22130,59365,26158,-9783,16375
2016-12-07T23:00:00Z,17.2,17.29,17.025,17.095,43081,-118821,-75740,81495,-22130,59365,26158,-9783,16375,NaN,NaN,NaN,NaN,159337,43081,-118821,-75740,81495,-22130,59365,26158,-9783,16375
2016-12-08T23:00:00Z,17.075,17.185,16.85,16.915,43081,-118821,-75740,81495,-22130,59365,26158,-9783,16375,NaN,NaN,NaN,NaN,159337,43081,-118821,-75740,81495,-22130,59365,26158,-9783,16375
2016-12-11T23:00:00Z,16.915,17.265,16.735,17.145,43081,-118821,-75740,81495,-22130,59365,26158,-9783,16375,NaN,NaN,NaN,NaN,159337,43081,-118821,-75740,81495,-22130,59365,26158,-9783,16375
2016-12-12T23:00:00Z,17.13,17.23,16.83,16.965,41867,-122998,-81131,87040,-20107,66933,25028,-10830,14198,NaN,NaN,NaN,NaN,163556,41867,-122998,-81131,87040,-20107,66933,25028,-10830,14198
2016-12-13T23:00:00Z,16.965,17.29,16.805,16.89,41867,-122998,-81131,87040,-20107,66933,25028,-10830,14198,NaN,NaN,NaN,NaN,163556,41867,-122998,-81131,87040,-20107,66933,25028,-10830,14198
2016-12-14T23:00:00Z,16.855,17,15.925,16.02,41867,-122998,-81131,87040,-20107,66933,25028,-10830,14198,NaN,NaN,NaN,NaN,163556,41867,-122998,-81131,87040,-20107,66933,25028,-10830,14198
2016-12-15T23:00:00Z,15.99,16.33,15.975,16.14,41867,-122998,-81131,87040,-20107,66933,25028,-10830,14198,NaN,NaN,NaN,NaN,163556,41867,-122998,-81131,87040,-20107,66933,25028,-10830,14198
2016-12-18T23:00:00Z,16.12,16.265,15.955,16.02,41867,-122998,-81131,87040,-20107,66933,25028,-10830,14198,NaN,NaN,NaN,NaN,163556,41867,-122998,-81131,87040,-20107,66933,25028,-10830,14198
2016-12-19T23:00:00Z,16.015,16.165,15.675,16.14,42097,-116045,-73948,83529,-22635,60894,24275,-11221,13054,NaN,NaN,NaN,NaN,159697,42097,-116045,-73948,83529,-22635,60894,24275,-11221,13054
2016-12-20T23:00:00Z,16.15,16.24,15.95,15.975,42097,-116045,-73948,83529,-22635,60894,24275,-11221,13054,NaN,NaN,NaN,NaN,159697,42097,-116045,-73948,83529,-22635,60894,24275,-11221,13054
2016-12-21T23:00:00Z,16,16.085,15.815,15.83,42097,-116045,-73948,83529,-22635,60894,24275,-11221,13054,NaN,NaN,NaN,NaN,159697,42097,-116045,-73948,83529,-22635,60894,24275,-11221,13054
2016-12-22T23:00:00Z,15.855,15.9,15.735,15.785,42097,-116045,-73948,83529,-22635,60894,24275,-11221,13054,NaN,NaN,NaN,NaN,159697,42097,-116045,-73948,83529,-22635,60894,24275,-11221,13054
2016-12-26T23:00:00Z,15.805,16.105,15.755,16.02,41974,-115981,-74007,84330,-25419,58911,25484,-10388,15096,NaN,NaN,NaN,NaN,163097,41974,-115981,-74007,84330,-25419,58911,25484,-10388,15096
2016-12-27T23:00:00Z,16.01,16.14,15.865,16.055,41974,-115981,-74007,84330,-25419,58911,25484,-10388,15096,NaN,NaN,NaN,NaN,163097,41974,-115981,-74007,84330,-25419,58911,25484,-10388,15096
2016-12-28T23:00:00Z,16.08,16.31,16.04,16.2,41974,-115981,-74007,84330,-25419,58911,25484,-10388,15096,NaN,NaN,NaN,NaN,163097,41974,-115981,-74007,84330,-25419,58911,25484,-10388,15096
2016-12-29T23:00:00Z,16.225,16.345,15.88,15.96,41974,-115981,-74007,84330,-25419,58911,25484,-10388,15096,NaN,NaN,NaN,NaN,163097,41974,-115981,-74007,84330,-25419,58911,25484,-10388,15096
2017-01-02T23:00:00Z,15.97,16.55,15.935,16.35,42493,-118307,-75814,86821,-25530,61291,24621,-10098,14523,NaN,NaN,NaN,NaN,163812,42493,-118307,-75814,86821,-25530,61291,24621,-10098,14523
2017-01-03T23:00:00Z,16.345,16.57,16.3,16.48,42493,-118307,-75814,86821,-25530,61291,24621,-10098,14523,NaN,NaN,NaN,NaN,163812,42493,-118307,-75814,86821,-25530,61291,24621,-10098,14523
2017-01-04T23:00:00Z,16.495,16.76,16.455,16.625,42493,-118307,-75814,86821,-25530,61291,24621,-10098,14523,NaN,NaN,NaN,NaN,163812,42493,-118307,-75814,86821,-25530,61291,24621,-10098,14523
2017-01-05T23:00:00Z,16.635,16.715,16.26,16.515,42493,-118307,-75814,86821,-25530,61291,24621,-10098,14523,NaN,NaN,NaN,NaN,163812,42493,-118307,-75814,86821,-25530,61291,24621,-10098,14523
2017-01-08T23:00:00Z,16.52,16.735,16.455,16.6,42493,-118307,-75814,86821,-25530,61291,24621,-10098,14523,NaN,NaN,NaN,NaN,163812,42493,-118307,-75814,86821,-25530,61291,24621,-10098,14523
2017-01-09T23:00:00Z,16.615,16.955,16.575,16.825,41425,-120362,-78937,88430,-23829,64601,24649,-10313,14336,NaN,NaN,NaN,NaN,165040,41425,-120362,-78937,88430,-23829,64601,24649,-10313,14336
2017-01-10T23:00:00Z,16.84,16.905,16.56,16.76,41425,-120362,-78937,88430,-23829,64601,24649,-10313,14336,NaN,NaN,NaN,NaN,165040,41425,-120362,-78937,88430,-23829,64601,24649,-10313,14336
2017-01-11T23:00:00Z,16.77,17.02,16.755,16.8,41425,-120362,-78937,88430,-23829,64601,24649,-10313,14336,NaN,NaN,NaN,NaN,165040,41425,-120362,-78937,88430,-23829,64601,24649,-10313,14336
2017-01-12T23:00:00Z,16.805,16.855,16.61,16.835,41425,-120362,-78937,88430,-23829,64601,24649,-10313,14336,NaN,NaN,NaN,NaN,165040,41425,-120362,-78937,88430,-23829,64601,24649,-10313,14336
2017-01-15T23:00:00Z,16.845,17.245,16.805,17.225,45028,-126764,-81736,90838,-21356,69482,23572,-11318,12254,NaN,NaN,NaN,NaN,172056,45028,-126764,-81736,90838,-21356,69482,23572,-11318,12254
2017-01-17T23:00:00Z,17.23,17.36,17.06,17.075,45028,-126764,-81736,90838,-21356,69482,23572,-11318,12254,NaN,NaN,NaN,NaN,172056,45028,-126764,-81736,90838,-21356,69482,23572,-11318,12254
2017-01-18T23:00:00Z,17.075,17.125,16.745,17.03,45028,-126764,-81736,90838,-21356,69482,23572,-11318,12254,NaN,NaN,NaN,NaN,172056,45028,-126764,-81736,90838,-21356,69482,23572,-11318,12254
2017-01-19T23:00:00Z,17.025,17.195,16.84,17.115,45028,-126764,-81736,90838,-21356,69482,23572,-11318,12254,NaN,NaN,NaN,NaN,172056,45028,-126764,-81736,90838,-21356,69482,23572,-11318,12254
2017-01-22T23:00:00Z,17.12,17.285,17.075,17.255,45028,-126764,-81736,90838,-21356,69482,23572,-11318,12254,NaN,NaN,NaN,NaN,172056,45028,-126764,-81736,90838,-21356,69482,23572,-11318,12254
2017-01-23T23:00:00Z,17.25,17.31,17.025,17.115,47195,-130279,-83084,92319,-21298,71021,22660,-10597,12063,NaN,NaN,NaN,NaN,177601,47195,-130279,-83084,92319,-21298,71021,22660,-10597,12063
2017-01-24T23:00:00Z,17.11,17.13,16.78,17.01,47195,-130279,-83084,92319,-21298,71021,22660,-10597,12063,NaN,NaN,NaN,NaN,177601,47195,-130279,-83084,92319,-21298,71021,22660,-10597,12063
2017-01-25T23:00:00Z,17.01,17.05,16.68,16.79,47195,-130279,-83084,92319,-21298,71021,22660,-10597,12063,NaN,NaN,NaN,NaN,177601,47195,-130279,-83084,92319,-21298,71021,22660,-10597,12063
2017-01-26T23:00:00Z,16.8,17.26,16.635,17.15,47195,-130279,-83084,92319,-21298,71021,22660,-10597,12063,NaN,NaN,NaN,NaN,177601,47195,-130279,-83084,92319,-21298,71021,22660,-10597,12063
2017-01-29T23:00:00Z,17.17,17.295,17.08,17.125,47195,-130279,-83084,92319,-21298,71021,22660,-10597,12063,NaN,NaN,NaN,NaN,177601,47195,-130279,-83084,92319,-21298,71021,22660,-10597,12063
2017-01-30T23:00:00Z,17.13,17.635,17.105,17.575,49265,-138678,-89413,96909,-20935,75974,24165,-10726,13439,NaN,NaN,NaN,NaN,186839,49265,-138678,-89413,96909,-20935,75974,24165,-10726,13439
2017-01-31T23:00:00Z,17.57,17.665,17.36,17.54,49265,-138678,-89413,96909,-20935,75974,24165,-10726,13439,NaN,NaN,NaN,NaN,186839,49265,-138678,-89413,96909,-20935,75974,24165,-10726,13439
2017-02-01T23:00:00Z,17.565,17.745,17.415,17.485,49265,-138678,-89413,96909,-20935,75974,24165,-10726,13439,NaN,NaN,NaN,NaN,186839,49265,-138678,-89413,96909,-20935,75974,24165,-10726,13439
2017-02-02T23:00:00Z,17.485,17.54,17.26,17.52,49265,-138678,-89413,96909,-20935,75974,24165,-10726,13439,NaN,NaN,NaN,NaN,186839,49265,-138678,-89413,96909,-20935,75974,24165,-10726,13439
2017-02-05T23:00:00Z,17.52,17.76,17.46,17.74,49265,-138678,-89413,96909,-20935,75974,24165,-10726,13439,NaN,NaN,NaN,NaN,186839,49265,-138678,-89413,96909,-20935,75974,24165,-10726,13439
2017-02-06T23:00:00Z,17.74,17.795,17.56,17.7,50072,-142784,-92712,98560,-20283,78277,25918,-11483,14435,NaN,NaN,NaN,NaN,193936,50072,-142784,-92712,98560,-20283,78277,25918,-11483,14435
2017-02-07T23:00:00Z,17.7,17.875,17.62,17.78,50072,-142784,-92712,98560,-20283,78277,25918,-11483,14435,NaN,NaN,NaN,NaN,193936,50072,-142784,-92712,98560,-20283,78277,25918,-11483,14435
2017-02-08T23:00:00Z,17.78,17.845,17.615,17.64,50072,-142784,-92712,98560,-20283,78277,25918,-11483,14435,NaN,NaN,NaN,NaN,193936,50072,-142784,-92712,98560,-20283,78277,25918,-11483,14435
2017-02-09T23:00:00Z,17.64,18.02,17.545,17.955,50072,-142784,-92712,98560,-20283,78277,25918,-11483,14435,NaN,NaN,NaN,NaN,193936,50072,-142784,-92712,98560,-20283,78277,25918,-11483,14435
2017-02-12T23:00:00Z,17.94,18.015,17.755,17.815,50072,-142784,-92712,98560,-20283,78277,25918,-11483,14435,NaN,NaN,NaN,NaN,193936,50072,-142784,-92712,98560,-20283,78277,25918,-11483,14435
2017-02-13T23:00:00Z,17.81,18.09,17.73,17.955,48659,-147686,-99027,104765,-19953,84812,25568,-11353,14215,NaN,NaN,NaN,NaN,195338,48659,-147686,-99027,104765,-19953,84812,25568,-11353,14215
2017-02-14T23:00:00Z,17.955,17.99,17.755,17.98,48659,-147686,-99027,104765,-19953,84812,25568,-11353,14215,NaN,NaN,NaN,NaN,195338,48659,-147686,-99027,104765,-19953,84812,25568,-11353,14215
2017-02-15T23:00:00Z,17.97,18.14,17.935,18.09,48659,-147686,-99027,104765,-19953,84812,25568,-11353,14215,NaN,NaN,NaN,NaN,195338,48659,-147686,-99027,104765,-19953,84812,25568,-11353,14215
2017-02-16T23:00:00Z,18.075,18.095,17.97,17.975,48659,-147686,-99027,104765,-19953,84812,25568,-11353,14215,NaN,NaN,NaN,NaN,195338,48659,-147686,-99027,104765,-19953,84812,25568,-11353,14215
2017-02-19T23:00:00Z,17.995,18.07,17.815,17.95,51934,-154167,-102233,108848,-20831,88017,25219,-11003,14216,NaN,NaN,NaN,NaN,208147,51934,-154167,-102233,108848,-20831,88017,25219,-11003,14216
2017-02-21T23:00:00Z,17.96,18.04,17.905,18,51934,-154167,-102233,108848,-20831,88017,25219,-11003,14216,NaN,NaN,NaN,NaN,208147,51934,-154167,-102233,108848,-20831,88017,25219,-11003,14216
2017-02-22T23:00:00Z,18,18.21,17.925,18.165,51934,-154167,-102233,108848,-20831,88017,25219,-11003,14216,NaN,NaN,NaN,NaN,208147,51934,-154167,-102233,108848,-20831,88017,25219,-11003,14216
2017-02-23T23:00:00Z,18.16,18.39,18.145,18.345,51934,-154167,-102233,108848,-20831,88017,25219,-11003,14216,NaN,NaN,NaN,NaN,208147,51934,-154167,-102233,108848,-20831,88017,25219,-11003,14216
2017-02-26T23:00:00Z,18.42,18.54,18.265,18.31,51934,-154167,-102233,108848,-20831,88017,25219,-11003,14216,NaN,NaN,NaN,NaN,208147,51934,-154167,-102233,108848,-20831,88017,25219,-11003,14216
2017-02-27T23:00:00Z,18.315,18.51,18.28,18.36,50081,-158091,-108010,115229,-19806,95423,23798,-11211,12587,NaN,NaN,NaN,NaN,197629,50081,-158091,-108010,115229,-19806,95423,23798,-11211,12587
2017-02-28T23:00:00Z,18.36,18.51,18.27,18.46,50081,-158091,-108010,115229,-19806,95423,23798,-11211,12587,NaN,NaN,NaN,NaN,197629,50081,-158091,-108010,115229,-19806,95423,23798,-11211,12587
2017-03-01T23:00:00Z,18.465,18.48,17.705,17.79,50081,-158091,-108010,115229,-19806,95423,23798,-11211,12587,NaN,NaN,NaN,NaN,197629,50081,-158091,-108010,115229,-19806,95423,23798,-11211,12587
2017-03-02T23:00:00Z,17.8,18.01,17.66,17.995,50081,-158091,-108010,115229,-19806,95423,23798,-11211,12587,NaN,NaN,NaN,NaN,197629,50081,-158091,-108010,115229,-19806,95423,23798,-11211,12587
2017-03-05T23:00:00Z,17.99,17.995,17.735,17.805,50081,-158091,-108010,115229,-19806,95423,23798,-11211,12587,NaN,NaN,NaN,NaN,197629,50081,-158091,-108010,115229,-19806,95423,23798,-11211,12587
2017-03-06T23:00:00Z,17.8,17.82,17.495,17.515,46774,-152636,-105862,113437,-19984,93453,22860,-10451,12409,NaN,NaN,NaN,NaN,192398,46774,-152636,-105862,113437,-19984,93453,22860,-10451,12409
2017-03-07T23:00:00Z,17.52,17.57,17.24,17.25,46774,-152636,-105862,113437,-19984,93453,22860,-10451,12409,NaN,NaN,NaN,NaN,192398,46774,-152636,-105862,113437,-19984,93453,22860,-10451,12409
2017-03-08T23:00:00Z,17.255,17.31,16.955,16.98,46774,-152636,-105862,113437,-19984,93453,22860,-10451,12409,NaN,NaN,NaN,NaN,192398,46774,-152636,-105862,113437,-19984,93453,22860,-10451,12409
2017-03-09T23:00:00Z,16.98,17.105,16.855,17.055,46774,-152636,-105862,113437,-19984,93453,22860,-10451,12409,NaN,NaN,NaN,NaN,192398,46774,-152636,-105862,113437,-19984,93453,22860,-10451,12409
2017-03-12T22:00:00Z,17.05,17.16,16.965,16.99,46774,-152636,-105862,113437,-19984,93453,22860,-10451,12409,NaN,NaN,NaN,NaN,192398,46774,-152636,-105862,113437,-19984,93453,22860,-10451,12409
2017-03-13T22:00:00Z,16.985,17.065,16.875,16.88,46747,-144746,-97999,102675,-19797,82878,24596,-9475,15121,NaN,NaN,NaN,NaN,186936,46747,-144746,-97999,102675,-19797,82878,24596,-9475,15121
2017-03-14T22:00:00Z,16.89,17.37,16.825,17.355,46747,-144746,-97999,102675,-19797,82878,24596,-9475,15121,NaN,NaN,NaN,NaN,186936,46747,-144746,-97999,102675,-19797,82878,24596,-9475,15121
2017-03-15T22:00:00Z,17.345,17.585,17.255,17.33,46747,-144746,-97999,102675,-19797,82878,24596,-9475,15121,NaN,NaN,NaN,NaN,186936,46747,-144746,-97999,102675,-19797,82878,24596,-9475,15121
2017-03-16T22:00:00Z,17.34,17.425,17.23,17.41,46747,-144746,-97999,102675,-19797,82878,24596,-9475,15121,NaN,NaN,NaN,NaN,186936,46747,-144746,-97999,102675,-19797,82878,24596,-9475,15121
2017-03-19T22:00:00Z,17.425,17.475,17.365,17.435,46747,-144746,-97999,102675,-19797,82878,24596,-9475,15121,NaN,NaN,NaN,NaN,186936,46747,-144746,-97999,102675,-19797,82878,24596,-9475,15121
2017-03-20T22:00:00Z,17.445,17.62,17.34,17.55,48468,-142202,-93734,100337,-21225,79112,24652,-10030,14622,NaN,NaN,NaN,NaN,190819,48468,-142202,-93734,100337,-21225,79112,24652,-10030,14622
2017-03-21T22:00:00Z,17.565,17.605,17.46,17.55,48468,-142202,-93734,100337,-21225,79112,24652,-10030,14622,NaN,NaN,NaN,NaN,190819,48468,-142202,-93734,100337,-21225,79112,24652,-10030,14622
2017-03-22T22:00:00Z,17.555,17.71,17.525,17.595,48468,-142202,-93734,100337,-21225,79112,24652,-10030,14622,NaN,NaN,NaN,NaN,190819,48468,-142202,-93734,100337,-21225,79112,24652,-10030,14622
2017-03-23T22:00:00Z,17.595,17.8,17.54,17.775,48468,-142202,-93734,100337,-21225,79112,24652,-10030,14622,NaN,NaN,NaN,NaN,190819,48468,-142202,-93734,100337,-21225,79112,24652,-10030,14622
2017-03-26T22:00:00Z,17.805,18.15,17.78,18.125,48468,-142202,-93734,100337,-21225,79112,24652,-10030,14622,NaN,NaN,NaN,NaN,190819,48468,-142202,-93734,100337,-21225,79112,24652,-10030,14622
2017-03-27T22:00:00Z,18.12,18.26,18.025,18.215,48127,-149894,-101767,112197,-21509,90688,22659,-11580,11079,NaN,NaN,NaN,NaN,201829,48127,-149894,-101767,112197,-21509,90688,22659,-11580,11079
2017-03-28T22:00:00Z,18.205,18.275,18.055,18.26,48127,-149894,-101767,112197,-21509,90688,22659,-11580,11079,NaN,NaN,NaN,NaN,201829,48127,-149894,-101767,112197,-21509,90688,22659,-11580,11079
2017-03-29T22:00:00Z,18.25,18.315,18.07,18.135,48127,-149894,-101767,112197,-21509,90688,22659,-11580,11079,NaN,NaN,NaN,NaN,201829,48127,-149894,-101767,112197,-21509,90688,22659,-11580,11079
2017-03-30T22:00:00Z,18.135,18.29,18.06,18.275,48127,-149894,-101767,112197,-21509,90688,22659,-11580,11079,NaN,NaN,NaN,NaN,201829,48127,-149894,-101767,112197,-21509,90688,22659,-11580,11079
2017-04-02T22:00:00Z,18.265,18.29,18.09,18.28,48127,-149894,-101767,112197,-21509,90688,22659,-11580,11079,NaN,NaN,NaN,NaN,201829,48127,-149894,-101767,112197,-21509,90688,22659,-11580,11079
2017-04-03T22:00:00Z,18.305,18.43,18.21,18.32,47639,-159985,-112346,126524,-25142,101382,23457,-12493,10964,NaN,NaN,NaN,NaN,219160,47639,-159985,-112346,126524,-25142,101382,23457,-12493,10964
2017-04-04T22:00:00Z,18.32,18.325,18.145,18.32,47639,-159985,-112346,126524,-25142,101382,23457,-12493,10964,NaN,NaN,NaN,NaN,219160,47639,-159985,-112346,126524,-25142,101382,23457,-12493,10964
2017-04-05T22:00:00Z,18.295,18.355,18.165,18.27,47639,-159985,-112346,126524,-25142,101382,23457,-12493,10964,NaN,NaN,NaN,NaN,219160,47639,-159985,-112346,126524,-25142,101382,23457,-12493,10964
2017-04-06T22:00:00Z,18.25,18.49,17.865,17.99,47639,-159985,-112346,126524,-25142,101382,23457,-12493,10964,NaN,NaN,NaN,NaN,219160,47639,-159985,-112346,126524,-25142,101382,23457,-12493,10964
2017-04-09T22:00:00Z,17.93,18.025,17.735,17.94,47639,-159985,-112346,126524,-25142,101382,23457,-12493,10964,NaN,NaN,NaN,NaN,219160,47639,-159985,-112346,126524,-25142,101382,23457,-12493,10964
2017-04-10T22:00:00Z,17.95,18.345,17.91,18.335,46900,-161314,-114414,131969,-26454,105515,22501,-13602,8899,NaN,NaN,NaN,NaN,220172,46900,-161314,-114414,131969,-26454,105515,22501,-13602,8899
2017-04-11T22:00:00Z,18.35,18.585,18.245,18.485,46900,-161314,-114414,131969,-26454,105515,22501,-13602,8899,NaN,NaN,NaN,NaN,220172,46900,-161314,-114414,131969,-26454,105515,22501,-13602,8899
2017-04-12T22:00:00Z,18.51,18.605,18.415,18.545,46900,-161314,-114414,131969,-26454,105515,22501,-13602,8899,NaN,NaN,NaN,NaN,220172,46900,-161314,-114414,131969,-26454,105515,22501,-13602,8899
2017-04-16T22:00:00Z,18.585,18.655,18.37,18.41,46900,-161314,-114414,131969,-26454,105515,22501,-13602,8899,NaN,NaN,NaN,NaN,220172,46900,-161314,-114414,131969,-26454,105515,22501,-13602,8899
2017-04-17T22:00:00Z,18.43,18.435,18.065,18.28,46878,-163710,-116832,128378,-24491,103887,25810,-12865,12945,NaN,NaN,NaN,NaN,227984,46878,-163710,-116832,128378,-24491,103887,25810,-12865,12945
2017-04-18T22:00:00Z,18.3,18.325,18.085,18.135,46878,-163710,-116832,128378,-24491,103887,25810,-12865,12945,NaN,NaN,NaN,NaN,227984,46878,-163710,-116832,128378,-24491,103887,25810,-12865,12945
2017-04-19T22:00:00Z,18.16,18.22,17.845,18.01,46878,-163710,-116832,128378,-24491,103887,25810,-12865,12945,NaN,NaN,NaN,NaN,227984,46878,-163710,-116832,128378,-24491,103887,25810,-12865,12945
2017-04-20T22:00:00Z,17.995,18.02,17.785,17.905,46878,-163710,-116832,128378,-24491,103887,25810,-12865,12945,NaN,NaN,NaN,NaN,227984,46878,-163710,-116832,128378,-24491,103887,25810,-12865,12945
2017-04-23T22:00:00Z,17.82,17.91,17.55,17.91,46878,-163710,-116832,128378,-24491,103887,25810,-12865,12945,NaN,NaN,NaN,NaN,227984,46878,-163710,-116832,128378,-24491,103887,25810,-12865,12945
2017-04-24T22:00:00Z,17.91,17.975,17.525,17.57,43415,-151504,-108089,121018,-27405,93613,25326,-10850,14476,NaN,NaN,NaN,NaN,214782,43415,-151504,-108089,121018,-27405,93613,25326,-10850,14476
2017-04-25T22:00:00Z,17.575,17.625,17.29,17.47,43415,-151504,-108089,121018,-27405,93613,25326,-10850,14476,NaN,NaN,NaN,NaN,214782,43415,-151504,-108089,121018,-27405,93613,25326,-10850,14476
2017-04-26T22:00:00Z,17.515,17.54,17.265,17.29,43415,-151504,-108089,121018,-27405,93613,25326,-10850,14476,NaN,NaN,NaN,NaN,214782,43415,-151504,-108089,121018,-27405,93613,25326,-10850,14476
2017-04-27T22:00:00Z,17.28,17.445,17.185,17.22,43415,-151504,-108089,121018,-27405,93613,25326,-10850,14476,NaN,NaN,NaN,NaN,214782,43415,-151504,-108089,121018,-27405,93613,25326,-10850,14476
2017-04-30T22:00:00Z,17.24,17.29,16.81,16.87,43415,-151504,-108089,121018,-27405,93613,25326,-10850,14476,NaN,NaN,NaN,NaN,214782,43415,-151504,-108089,121018,-27405,93613,25326,-10850,14476
2017-05-01T22:00:00Z,16.88,17.015,16.8,16.845,43731,-130305,-86574,101538,-30171,71367,27513,-12306,15207,NaN,NaN,NaN,NaN,189240,43731,-130305,-86574,101538,-30171,71367,27513,-12306,15207
2017-05-02T22:00:00Z,16.855,16.895,16.415,16.48,43731,-130305,-86574,101538,-30171,71367,27513,-12306,15207,NaN,NaN,NaN,NaN,189240,43731,-130305,-86574,101538,-30171,71367,27513,-12306,15207
2017-05-03T22:00:00Z,16.485,16.645,16.215,16.33,43731,-130305,-86574,101538,-30171,71367,27513,-12306,15207,NaN,NaN,NaN,NaN,189240,43731,-130305,-86574,101538,-30171,71367,27513,-12306,15207
2017-05-04T22:00:00Z,16.315,16.53,16.23,16.34,43731,-130305,-86574,101538,-30171,71367,27513,-12306,15207,NaN,NaN,NaN,NaN,189240,43731,-130305,-86574,101538,-30171,71367,27513,-12306,15207
2017-05-07T22:00:00Z,16.31,16.455,16.23,16.235,43731,-130305,-86574,101538,-30171,71367,27513,-12306,15207,NaN,NaN,NaN,NaN,189240,43731,-130305,-86574,101538,-30171,71367,27513,-12306,15207
2017-05-08T22:00:00Z,16.235,16.315,16.06,16.185,48400,-117669,-69269,94982,-41327,53655,29746,-14132,15614,NaN,NaN,NaN,NaN,196083,48400,-117669,-69269,94982,-41327,53655,29746,-14132,15614
2017-05-09T22:00:00Z,16.18,16.345,16.145,16.19,48400,-117669,-69269,94982,-41327,53655,29746,-14132,15614,NaN,NaN,NaN,NaN,196083,48400,-117669,-69269,94982,-41327,53655,29746,-14132,15614
2017-05-10T22:00:00Z,16.205,16.39,16.165,16.325,48400,-117669,-69269,94982,-41327,53655,29746,-14132,15614,NaN,NaN,NaN,NaN,196083,48400,-117669,-69269,94982,-41327,53655,29746,-14132,15614
2017-05-11T22:00:00Z,16.33,16.475,16.3,16.46,48400,-117669,-69269,94982,-41327,53655,29746,-14132,15614,NaN,NaN,NaN,NaN,196083,48400,-117669,-69269,94982,-41327,53655,29746,-14132,15614
2017-05-14T22:00:00Z,16.46,16.815,16.41,16.62,48400,-117669,-69269,94982,-41327,53655,29746,-14132,15614,NaN,NaN,NaN,NaN,196083,48400,-117669,-69269,94982,-41327,53655,29746,-14132,15614
2017-05-15T22:00:00Z,16.63,16.865,16.61,16.845,55612,-112949,-57337,100142,-57138,43004,29040,-14707,14333,NaN,NaN,NaN,NaN,215127,55612,-112949,-57337,100142,-57138,43004,29040,-14707,14333
2017-05-16T22:00:00Z,16.85,17.035,16.755,16.89,55612,-112949,-57337,100142,-57138,43004,29040,-14707,14333,NaN,NaN,NaN,NaN,215127,55612,-112949,-57337,100142,-57138,43004,29040,-14707,14333
2017-05-17T22:00:00Z,16.89,16.945,16.43,16.565,55612,-112949,-57337,100142,-57138,43004,29040,-14707,14333,NaN,NaN,NaN,NaN,215127,55612,-112949,-57337,100142,-57138,43004,29040,-14707,14333
2017-05-18T22:00:00Z,16.58,16.875,16.565,16.84,55612,-112949,-57337,100142,-57138,43004,29040,-14707,14333,NaN,NaN,NaN,NaN,215127,55612,-112949,-57337,100142,-57138,43004,29040,-14707,14333
2017-05-21T22:00:00Z,16.87,17.21,16.84,17.155,55612,-112949,-57337,100142,-57138,43004,29040,-14707,14333,NaN,NaN,NaN,NaN,215127,55612,-112949,-57337,100142,-57138,43004,29040,-14707,14333
2017-05-22T22:00:00Z,17.165,17.305,17.03,17.06,53195,-117182,-63987,96531,-45358,51173,25771,-12957,12814,NaN,NaN,NaN,NaN,203459,53195,-117182,-63987,96531,-45358,51173,25771,-12957,12814
2017-05-23T22:00:00Z,17.05,17.23,16.895,17.225,53195,-117182,-63987,96531,-45358,51173,25771,-12957,12814,NaN,NaN,NaN,NaN,203459,53195,-117182,-63987,96531,-45358,51173,25771,-12957,12814
2017-05-24T22:00:00Z,17.215,17.26,17.125,17.145,53195,-117182,-63987,96531,-45358,51173,25771,-12957,12814,NaN,NaN,NaN,NaN,203459,53195,-117182,-63987,96531,-45358,51173,25771,-12957,12814
2017-05-25T22:00:00Z,17.145,17.38,17.085,17.34,53195,-117182,-63987,96531,-45358,51173,25771,-12957,12814,NaN,NaN,NaN,NaN,203459,53195,-117182,-63987,96531,-45358,51173,25771,-12957,12814
2017-05-28T22:00:00Z,17.34,17.465,17.205,17.39,52861,-123943,-71082,96568,-35154,61414,23675,-14007,9668,NaN,NaN,NaN,NaN,205235,52861,-123943,-71082,96568,-35154,61414,23675,-14007,9668
2017-05-30T22:00:00Z,17.385,17.42,17.225,17.315,52861,-123943,-71082,96568,-35154,61414,23675,-14007,9668,NaN,NaN,NaN,NaN,205235,52861,-123943,-71082,96568,-35154,61414,23675,-14007,9668
2017-05-31T22:00:00Z,17.315,17.37,16.985,17.28,52861,-123943,-71082,96568,-35154,61414,23675,-14007,9668,NaN,NaN,NaN,NaN,205235,52861,-123943,-71082,96568,-35154,61414,23675,-14007,9668
2017-06-01T22:00:00Z,17.27,17.58,17.115,17.545,52861,-123943,-71082,96568,-35154,61414,23675,-14007,9668,NaN,NaN,NaN,NaN,205235,52861,-123943,-71082,96568,-35154,61414,23675,-14007,9668
2017-06-04T22:00:00Z,17.55,17.65,17.495,17.545,52861,-123943,-71082,96568,-35154,61414,23675,-14007,9668,NaN,NaN,NaN,NaN,205235,52861,-123943,-71082,96568,-35154,61414,23675,-14007,9668
2017-06-05T22:00:00Z,17.545,17.745,17.515,17.7,52429,-128053,-75624,101713,-35772,65941,22852,-13169,9683,NaN,NaN,NaN,NaN,208967,52429,-128053,-75624,101713,-35772,65941,22852,-13169,9683
2017-06-06T22:00:00Z,17.71,17.725,17.505,17.58,52429,-128053,-75624,101713,-35772,65941,22852,-13169,9683,NaN,NaN,NaN,NaN,208967,52429,-128053,-75624,101713,-35772,65941,22852,-13169,9683
2017-06-07T22:00:00Z,17.56,17.68,17.285,17.425,52429,-128053,-75624,101713,-35772,65941,22852,-13169,9683,NaN,NaN,NaN,NaN,208967,52429,-128053,-75624,101713,-35772,65941,22852,-13169,9683
2017-06-08T22:00:00Z,17.485,17.495,17.155,17.18,52429,-128053,-75624,101713,-35772,65941,22852,-13169,9683,NaN,NaN,NaN,NaN,208967,52429,-128053,-75624,101713,-35772,65941,22852,-13169,9683
2017-06-11T22:00:00Z,17.17,17.215,16.89,16.945,52429,-128053,-75624,101713,-35772,65941,22852,-13169,9683,NaN,NaN,NaN,NaN,208967,52429,-128053,-75624,101713,-35772,65941,22852,-13169,9683
2017-06-12T22:00:00Z,16.945,16.955,16.705,16.815,51617,-123530,-71913,102702,-42044,60658,24935,-13680,11255,NaN,NaN,NaN,NaN,201214,51617,-123530,-71913,102702,-42044,60658,24935,-13680,11255
2017-06-13T22:00:00Z,16.82,17.365,16.79,16.875,51617,-123530,-71913,102702,-42044,60658,24935,-13680,11255,NaN,NaN,NaN,NaN,201214,51617,-123530,-71913,102702,-42044,60658,24935,-13680,11255
2017-06-14T22:00:00Z,16.875,17.065,16.62,16.72,51617,-123530,-71913,102702,-42044,60658,24935,-13680,11255,NaN,NaN,NaN,NaN,201214,51617,-123530,-71913,102702,-42044,60658,24935,-13680,11255
2017-06-15T22:00:00Z,16.72,16.8,16.62,16.675,51617,-123530,-71913,102702,-42044,60658,24935,-13680,11255,NaN,NaN,NaN,NaN,201214,51617,-123530,-71913,102702,-42044,60658,24935,-13680,11255
2017-06-18T22:00:00Z,16.67,16.68,16.445,16.465,51617,-123530,-71913,102702,-42044,60658,24935,-13680,11255,NaN,NaN,NaN,NaN,201214,51617,-123530,-71913,102702,-42044,60658,24935,-13680,11255
2017-06-19T22:00:00Z,16.465,16.605,16.36,16.43,56301,-115135,-58834,96000,-49319,46681,26161,-14008,12153,NaN,NaN,NaN,NaN,199929,56301,-115135,-58834,96000,-49319,46681,26161,-14008,12153
2017-06-20T22:00:00Z,16.415,16.495,16.315,16.415,56301,-115135,-58834,96000,-49319,46681,26161,-14008,12153,NaN,NaN,NaN,NaN,199929,56301,-115135,-58834,96000,-49319,46681,26161,-14008,12153
2017-06-21T22:00:00Z,16.4,16.64,16.4,16.51,56301,-115135,-58834,96000,-49319,46681,26161,-14008,12153,NaN,NaN,NaN,NaN,199929,56301,-115135,-58834,96000,-49319,46681,26161,-14008,12153
2017-06-22T22:00:00Z,16.515,16.76,16.515,16.67,56301,-115135,-58834,96000,-49319,46681,26161,-14008,12153,NaN,NaN,NaN,NaN,199929,56301,-115135,-58834,96000,-49319,46681,26161,-14008,12153
2017-06-25T22:00:00Z,16.695,16.745,16.225,16.565,56301,-115135,-58834,96000,-49319,46681,26161,-14008,12153,NaN,NaN,NaN,NaN,199929,56301,-115135,-58834,96000,-49319,46681,26161,-14008,12153
2017-06-26T22:00:00Z,16.55,16.72,16.49,16.62,59720,-109928,-50208,93869,-58337,35532,28981,-14305,14676,NaN,NaN,NaN,NaN,204637,59720,-109928,-50208,93869,-58337,35532,28981,-14305,14676
2017-06-27T22:00:00Z,16.62,16.83,16.615,16.755,59720,-109928,-50208,93869,-58337,35532,28981,-14305,14676,NaN,NaN,NaN,NaN,204637,59720,-109928,-50208,93869,-58337,35532,28981,-14305,14676
2017-06-28T22:00:00Z,16.835,16.915,16.615,16.635,59720,-109928,-50208,93869,-58337,35532,28981,-14305,14676,NaN,NaN,NaN,NaN,204637,59720,-109928,-50208,93869,-58337,35532,28981,-14305,14676
2017-06-29T22:00:00Z,16.635,16.705,16.505,16.625,59720,-109928,-50208,93869,-58337,35532,28981,-14305,14676,NaN,NaN,NaN,NaN,204637,59720,-109928,-50208,93869,-58337,35532,28981,-14305,14676
2017-07-02T22:00:00Z,16.635,16.645,16.075,16.11,61561,-100789,-39228,91996,-65721,26275,29384,-16431,12953,NaN,NaN,NaN,NaN,203541,61561,-100789,-39228,91996,-65721,26275,29384,-16431,12953
2017-07-03T22:00:00Z,16.135,16.19,15.85,16.06,61561,-100789,-39228,91996,-65721,26275,29384,-16431,12953,NaN,NaN,NaN,NaN,203541,61561,-100789,-39228,91996,-65721,26275,29384,-16431,12953
2017-07-05T22:00:00Z,16.055,16.08,15.91,16.015,61561,-100789,-39228,91996,-65721,26275,29384,-16431,12953,NaN,NaN,NaN,NaN,203541,61561,-100789,-39228,91996,-65721,26275,29384,-16431,12953
2017-07-06T22:00:00Z,16.025,16.14,15.32,15.56,61561,-100789,-39228,91996,-65721,26275,29384,-16431,12953,NaN,NaN,NaN,NaN,203541,61561,-100789,-39228,91996,-65721,26275,29384,-16431,12953
2017-07-09T22:00:00Z,15.58,15.705,15.145,15.63,61561,-100789,-39228,91996,-65721,26275,29384,-16431,12953,NaN,NaN,NaN,NaN,203541,61561,-100789,-39228,91996,-65721,26275,29384,-16431,12953
2017-07-10T22:00:00Z,15.64,15.83,15.425,15.82,65517,-90084,-24567,91174,-77169,14005,26994,-16432,10562,NaN,NaN,NaN,NaN,207592,65517,-90084,-24567,91174,-77169,14005,26994,-16432,10562
2017-07-11T22:00:00Z,15.81,15.995,15.71,15.885,65517,-90084,-24567,91174,-77169,14005,26994,-16432,10562,NaN,NaN,NaN,NaN,207592,65517,-90084,-24567,91174,-77169,14005,26994,-16432,10562
2017-07-12T22:00:00Z,15.875,15.955,15.66,15.66,65517,-90084,-24567,91174,-77169,14005,26994,-16432,10562,NaN,NaN,NaN,NaN,207592,65517,-90084,-24567,91174,-77169,14005,26994,-16432,10562
2017-07-13T22:00:00Z,15.66,16.07,15.575,15.945,65517,-90084,-24567,91174,-77169,14005,26994,-16432,10562,NaN,NaN,NaN,NaN,207592,65517,-90084,-24567,91174,-77169,14005,26994,-16432,10562
2017-07-16T22:00:00Z,15.99,16.17,15.935,16.08,65517,-90084,-24567,91174,-77169,14005,26994,-16432,10562,NaN,NaN,NaN,NaN,207592,65517,-90084,-24567,91174,-77169,14005,26994,-16432,10562
2017-07-17T22:00:00Z,16.08,16.31,16.06,16.26,66398,-88312,-21914,90776,-81400,9376,27528,-14990,12538,NaN,NaN,NaN,NaN,209689,66398,-88312,-21914,90776,-81400,9376,27528,-14990,12538
2017-07-18T22:00:00Z,16.265,16.345,16.125,16.255,66398,-88312,-21914,90776,-81400,9376,27528,-14990,12538,NaN,NaN,NaN,NaN,209689,66398,-88312,-21914,90776,-81400,9376,27528,-14990,12538
2017-07-19T22:00:00Z,16.25,16.395,16.11,16.305,66398,-88312,-21914,90776,-81400,9376,27528,-14990,12538,NaN,NaN,NaN,NaN,209689,66398,-88312,-21914,90776,-81400,9376,27528,-14990,12538
2017-07-20T22:00:00Z,16.28,16.51,16.28,16.5,66398,-88312,-21914,90776,-81400,9376,27528,-14990,12538,NaN,NaN,NaN,NaN,209689,66398,-88312,-21914,90776,-81400,9376,27528,-14990,12538
2017-07-23T22:00:00Z,16.5,16.575,16.405,16.465,66398,-88312,-21914,90776,-81400,9376,27528,-14990,12538,NaN,NaN,NaN,NaN,209689,66398,-88312,-21914,90776,-81400,9376,27528,-14990,12538
2017-07-24T22:00:00Z,16.46,16.605,16.225,16.475,63775,-93307,-29532,90865,-71448,19417,24782,-14667,10115,NaN,NaN,NaN,NaN,206347,63775,-93307,-29532,90865,-71448,19417,24782,-14667,10115
2017-07-25T22:00:00Z,16.465,16.68,16.28,16.635,63775,-93307,-29532,90865,-71448,19417,24782,-14667,10115,NaN,NaN,NaN,NaN,206347,63775,-93307,-29532,90865,-71448,19417,24782,-14667,10115
2017-07-26T22:00:00Z,16.64,16.81,16.54,16.565,63775,-93307,-29532,90865,-71448,19417,24782,-14667,10115,NaN,NaN,NaN,NaN,206347,63775,-93307,-29532,90865,-71448,19417,24782,-14667,10115
2017-07-27T22:00:00Z,16.575,16.75,16.505,16.745,63775,-93307,-29532,90865,-71448,19417,24782,-14667,10115,NaN,NaN,NaN,NaN,206347,63775,-93307,-29532,90865,-71448,19417,24782,-14667,10115
2017-07-30T22:00:00Z,16.745,16.87,16.665,16.815,63775,-93307,-29532,90865,-71448,19417,24782,-14667,10115,NaN,NaN,NaN,NaN,206347,63775,-93307,-29532,90865,-71448,19417,24782,-14667,10115
2017-07-31T22:00:00Z,16.835,16.845,16.59,16.695,60593,-100260,-39667,92259,-61500,30759,23388,-14480,8908,NaN,NaN,NaN,NaN,207258,60593,-100260,-39667,92259,-61500,30759,23388,-14480,8908
2017-08-01T22:00:00Z,16.695,16.96,16.455,16.575,60593,-100260,-39667,92259,-61500,30759,23388,-14480,8908,NaN,NaN,NaN,NaN,207258,60593,-100260,-39667,92259,-61500,30759,23388,-14480,8908
2017-08-02T22:00:00Z,16.57,16.68,16.42,16.65,60593,-100260,-39667,92259,-61500,30759,23388,-14480,8908,NaN,NaN,NaN,NaN,207258,60593,-100260,-39667,92259,-61500,30759,23388,-14480,8908
2017-08-03T22:00:00Z,16.7,16.75,16.17,16.235,60593,-100260,-39667,92259,-61500,30759,23388,-14480,8908,NaN,NaN,NaN,NaN,207258,60593,-100260,-39667,92259,-61500,30759,23388,-14480,8908
2017-08-06T22:00:00Z,16.27,16.28,16.095,16.255,60593,-100260,-39667,92259,-61500,30759,23388,-14480,8908,NaN,NaN,NaN,NaN,207258,60593,-100260,-39667,92259,-61500,30759,23388,-14480,8908
2017-08-07T22:00:00Z,16.24,16.46,16.205,16.435,59273,-98834,-39561,91345,-57481,33864,22945,-17248,5697,NaN,NaN,NaN,NaN,195163,59273,-98834,-39561,91345,-57481,33864,22945,-17248,5697
2017-08-08T22:00:00Z,16.44,16.945,16.43,16.93,59273,-98834,-39561,91345,-57481,33864,22945,-17248,5697,NaN,NaN,NaN,NaN,195163,59273,-98834,-39561,91345,-57481,33864,22945,-17248,5697
2017-08-09T22:00:00Z,16.94,17.24,16.85,17.11,59273,-98834,-39561,91345,-57481,33864,22945,-17248,5697,NaN,NaN,NaN,NaN,195163,59273,-98834,-39561,91345,-57481,33864,22945,-17248,5697
2017-08-10T22:00:00Z,17.125,17.195,16.88,17.11,59273,-98834,-39561,91345,-57481,33864,22945,-17248,5697,NaN,NaN,NaN,NaN,195163,59273,-98834,-39561,91345,-57481,33864,22945,-17248,5697
2017-08-13T22:00:00Z,17.13,17.215,16.925,17.07,59273,-98834,-39561,91345,-57481,33864,22945,-17248,5697,NaN,NaN,NaN,NaN,195163,59273,-98834,-39561,91345,-57481,33864,22945,-17248,5697
2017-08-14T22:00:00Z,17.06,17.065,16.56,16.625,55918,-104006,-48088,91596,-52745,38851,24345,-15108,9237,NaN,NaN,NaN,NaN,187955,55918,-104006,-48088,91596,-52745,38851,24345,-15108,9237
2017-08-15T22:00:00Z,16.64,17.13,16.61,17.11,55918,-104006,-48088,91596,-52745,38851,24345,-15108,9237,NaN,NaN,NaN,NaN,187955,55918,-104006,-48088,91596,-52745,38851,24345,-15108,9237
2017-08-16T22:00:00Z,17.12,17.175,16.965,17.02,55918,-104006,-48088,91596,-52745,38851,24345,-15108,9237,NaN,NaN,NaN,NaN,187955,55918,-104006,-48088,91596,-52745,38851,24345,-15108,9237
2017-08-17T22:00:00Z,17.035,17.32,16.85,16.95,55918,-104006,-48088,91596,-52745,38851,24345,-15108,9237,NaN,NaN,NaN,NaN,187955,55918,-104006,-48088,91596,-52745,38851,24345,-15108,9237
2017-08-20T22:00:00Z,16.935,17.12,16.83,17.005,55918,-104006,-48088,91596,-52745,38851,24345,-15108,9237,NaN,NaN,NaN,NaN,187955,55918,-104006,-48088,91596,-52745,38851,24345,-15108,9237
2017-08-21T22:00:00Z,17.005,17.115,16.87,16.985,55060,-110109,-55049,91305,-46759,44546,23930,-13427,10503,NaN,NaN,NaN,NaN,187227,55060,-110109,-55049,91305,-46759,44546,23930,-13427,10503
2017-08-22T22:00:00Z,16.98,17.105,16.91,17.085,55060,-110109,-55049,91305,-46759,44546,23930,-13427,10503,NaN,NaN,NaN,NaN,187227,55060,-110109,-55049,91305,-46759,44546,23930,-13427,10503
2017-08-23T22:00:00Z,17.085,17.1,16.815,16.96,55060,-110109,-55049,91305,-46759,44546,23930,-13427,10503,NaN,NaN,NaN,NaN,187227,55060,-110109,-55049,91305,-46759,44546,23930,-13427,10503
2017-08-24T22:00:00Z,16.955,17.18,16.715,17.06,55060,-110109,-55049,91305,-46759,44546,23930,-13427,10503,NaN,NaN,NaN,NaN,187227,55060,-110109,-55049,91305,-46759,44546,23930,-13427,10503
2017-08-27T22:00:00Z,17.055,17.48,17.02,17.44,55060,-110109,-55049,91305,-46759,44546,23930,-13427,10503,NaN,NaN,NaN,NaN,187227,55060,-110109,-55049,91305,-46759,44546,23930,-13427,10503
2017-08-28T22:00:00Z,17.54,17.665,17.255,17.37,51479,-117067,-65588,92930,-39285,53645,25524,-13581,11943,NaN,NaN,NaN,NaN,182823,51479,-117067,-65588,92930,-39285,53645,25524,-13581,11943
2017-08-29T22:00:00Z,17.44,17.555,17.37,17.495,51479,-117067,-65588,92930,-39285,53645,25524,-13581,11943,NaN,NaN,NaN,NaN,182823,51479,-117067,-65588,92930,-39285,53645,25524,-13581,11943
2017-08-30T22:00:00Z,17.51,17.695,17.34,17.645,51479,-117067,-65588,92930,-39285,53645,25524,-13581,11943,NaN,NaN,NaN,NaN,182823,51479,-117067,-65588,92930,-39285,53645,25524,-13581,11943
2017-08-31T22:00:00Z,17.66,17.825,17.505,17.805,51479,-117067,-65588,92930,-39285,53645,25524,-13581,11943,NaN,NaN,NaN,NaN,182823,51479,-117067,-65588,92930,-39285,53645,25524,-13581,11943
2017-09-03T22:00:00Z,17.88,18.09,17.835,17.96,47489,-124177,-76688,96374,-32203,64171,25822,-13305,12517,NaN,NaN,NaN,NaN,183276,47489,-124177,-76688,96374,-32203,64171,25822,-13305,12517
2017-09-05T22:00:00Z,17.98,18.07,17.885,17.95,47489,-124177,-76688,96374,-32203,64171,25822,-13305,12517,NaN,NaN,NaN,NaN,183276,47489,-124177,-76688,96374,-32203,64171,25822,-13305,12517
2017-09-06T22:00:00Z,17.95,18.225,17.865,18.195,47489,-124177,-76688,96374,-32203,64171,25822,-13305,12517,NaN,NaN,NaN,NaN,183276,47489,-124177,-76688,96374,-32203,64171,25822,-13305,12517
2017-09-07T22:00:00Z,18.205,18.29,17.965,18.03,47489,-124177,-76688,96374,-32203,64171,25822,-13305,12517,NaN,NaN,NaN,NaN,183276,47489,-124177,-76688,96374,-32203,64171,25822,-13305,12517
2017-09-10T22:00:00Z,17.92,17.99,17.77,17.855,47489,-124177,-76688,96374,-32203,64171,25822,-13305,12517,NaN,NaN,NaN,NaN,183276,47489,-124177,-76688,96374,-32203,64171,25822,-13305,12517
2017-09-11T22:00:00Z,17.885,17.975,17.785,17.97,45932,-130613,-84681,102243,-27256,74987,23943,-14249,9694,NaN,NaN,NaN,NaN,188207,45932,-130613,-84681,102243,-27256,74987,23943,-14249,9694
2017-09-12T22:00:00Z,17.97,18.125,17.725,17.83,45932,-130613,-84681,102243,-27256,74987,23943,-14249,9694,NaN,NaN,NaN,NaN,188207,45932,-130613,-84681,102243,-27256,74987,23943,-14249,9694
2017-09-13T22:00:00Z,17.845,17.865,17.66,17.855,45932,-130613,-84681,102243,-27256,74987,23943,-14249,9694,NaN,NaN,NaN,NaN,188207,45932,-130613,-84681,102243,-27256,74987,23943,-14249,9694
2017-09-14T22:00:00Z,17.845,17.915,17.63,17.63,45932,-130613,-84681,102243,-27256,74987,23943,-14249,9694,NaN,NaN,NaN,NaN,188207,45932,-130613,-84681,102243,-27256,74987,23943,-14249,9694
2017-09-17T22:00:00Z,17.655,17.675,17.11,17.255,45932,-130613,-84681,102243,-27256,74987,23943,-14249,9694,NaN,NaN,NaN,NaN,188207,45932,-130613,-84681,102243,-27256,74987,23943,-14249,9694
2017-09-18T22:00:00Z,17.245,17.375,17.16,17.36,47905,-126313,-78408,99687,-31884,67803,23783,-13178,10605,NaN,NaN,NaN,NaN,192994,47905,-126313,-78408,99687,-31884,67803,23783,-13178,10605
2017-09-19T22:00:00Z,17.345,17.445,17.01,17.215,47905,-126313,-78408,99687,-31884,67803,23783,-13178,10605,NaN,NaN,NaN,NaN,192994,47905,-126313,-78408,99687,-31884,67803,23783,-13178,10605
2017-09-20T22:00:00Z,17.225,17.225,16.865,17,47905,-126313,-78408,99687,-31884,67803,23783,-13178,10605,NaN,NaN,NaN,NaN,192994,47905,-126313,-78408,99687,-31884,67803,23783,-13178,10605
2017-09-21T22:00:00Z,17.035,17.1,16.94,17.035,47905,-126313,-78408,99687,-31884,67803,23783,-13178,10605,NaN,NaN,NaN,NaN,192994,47905,-126313,-78408,99687,-31884,67803,23783,-13178,10605
2017-09-24T22:00:00Z,17.03,17.225,16.87,17.22,47905,-126313,-78408,99687,-31884,67803,23783,-13178,10605,NaN,NaN,NaN,NaN,192994,47905,-126313,-78408,99687,-31884,67803,23783,-13178,10605
2017-09-25T22:00:00Z,17.2,17.295,16.815,16.845,49345,-121611,-72266,91812,-31552,60260,24177,-12171,12006,NaN,NaN,NaN,NaN,186906,49345,-121611,-72266,91812,-31552,60260,24177,-12171,12006
2017-09-26T22:00:00Z,16.87,16.94,16.75,16.785,49345,-121611,-72266,91812,-31552,60260,24177,-12171,12006,NaN,NaN,NaN,NaN,186906,49345,-121611,-72266,91812,-31552,60260,24177,-12171,12006
2017-09-27T22:00:00Z,16.78,16.925,16.705,16.9,49345,-121611,-72266,91812,-31552,60260,24177,-12171,12006,NaN,NaN,NaN,NaN,186906,49345,-121611,-72266,91812,-31552,60260,24177,-12171,12006
2017-09-28T22:00:00Z,16.9,16.905,16.64,16.69,49345,-121611,-72266,91812,-31552,60260,24177,-12171,12006,NaN,NaN,NaN,NaN,186906,49345,-121611,-72266,91812,-31552,60260,24177,-12171,12006
2017-10-01T22:00:00Z,16.67,16.75,16.565,16.6,49345,-121611,-72266,91812,-31552,60260,24177,-12171,12006,NaN,NaN,NaN,NaN,186906,49345,-121611,-72266,91812,-31552,60260,24177,-12171,12006
2017-10-02T22:00:00Z,16.605,16.69,16.57,16.655,46546,-115263,-68717,91097,-31918,59179,21831,-12293,9538,NaN,NaN,NaN,NaN,183494,46546,-115263,-68717,91097,-31918,59179,21831,-12293,9538
2017-10-03T22:00:00Z,16.665,16.92,16.555,16.605,46546,-115263,-68717,91097,-31918,59179,21831,-12293,9538,NaN,NaN,NaN,NaN,183494,46546,-115263,-68717,91097,-31918,59179,21831,-12293,9538
2017-10-04T22:00:00Z,16.62,16.77,16.59,16.615,46546,-115263,-68717,91097,-31918,59179,21831,-12293,9538,NaN,NaN,NaN,NaN,183494,46546,-115263,-68717,91097,-31918,59179,21831,-12293,9538
2017-10-05T22:00:00Z,16.61,16.89,16.345,16.85,46546,-115263,-68717,91097,-31918,59179,21831,-12293,9538,NaN,NaN,NaN,NaN,183494,46546,-115263,-68717,91097,-31918,59179,21831,-12293,9538
2017-10-08T22:00:00Z,16.85,17.03,16.765,16.99,46546,-115263,-68717,91097,-31918,59179,21831,-12293,9538,NaN,NaN,NaN,NaN,183494,46546,-115263,-68717,91097,-31918,59179,21831,-12293,9538
2017-10-09T22:00:00Z,16.99,17.28,16.96,17.14,46444,-117052,-70608,92195,-33087,59108,23257,-11757,11500,NaN,NaN,NaN,NaN,188258,46444,-117052,-70608,92195,-33087,59108,23257,-11757,11500
2017-10-10T22:00:00Z,17.15,17.265,17.085,17.19,46444,-117052,-70608,92195,-33087,59108,23257,-11757,11500,NaN,NaN,NaN,NaN,188258,46444,-117052,-70608,92195,-33087,59108,23257,-11757,11500
2017-10-11T22:00:00Z,17.19,17.29,17.135,17.27,46444,-117052,-70608,92195,-33087,59108,23257,-11757,11500,NaN,NaN,NaN,NaN,188258,46444,-117052,-70608,92195,-33087,59108,23257,-11757,11500
2017-10-12T22:00:00Z,17.275,17.45,17.2,17.445,46444,-117052,-70608,92195,-33087,59108,23257,-11757,11500,NaN,NaN,NaN,NaN,188258,46444,-117052,-70608,92195,-33087,59108,23257,-11757,11500
2017-10-15T22:00:00Z,17.425,17.495,17.135,17.255,46444,-117052,-70608,92195,-33087,59108,23257,-11757,11500,NaN,NaN,NaN,NaN,188258,46444,-117052,-70608,92195,-33087,59108,23257,-11757,11500
2017-10-16T22:00:00Z,17.26,17.28,16.985,17.045,46960,-121873,-74913,94825,-30910,63915,23768,-12770,10998,NaN,NaN,NaN,NaN,191928,46960,-121873,-74913,94825,-30910,63915,23768,-12770,10998
2017-10-17T22:00:00Z,17.045,17.12,16.92,17.015,46960,-121873,-74913,94825,-30910,63915,23768,-12770,10998,NaN,NaN,NaN,NaN,191928,46960,-121873,-74913,94825,-30910,63915,23768,-12770,10998
2017-10-18T22:00:00Z,17.015,17.315,16.93,17.275,46960,-121873,-74913,94825,-30910,63915,23768,-12770,10998,NaN,NaN,NaN,NaN,191928,46960,-121873,-74913,94825,-30910,63915,23768,-12770,10998
2017-10-19T22:00:00Z,17.275,17.315,16.945,17.045,46960,-121873,-74913,94825,-30910,63915,23768,-12770,10998,NaN,NaN,NaN,NaN,191928,46960,-121873,-74913,94825,-30910,63915,23768,-12770,10998
2017-10-22T22:00:00Z,17.035,17.13,16.87,17.1,46960,-121873,-74913,94825,-30910,63915,23768,-12770,10998,NaN,NaN,NaN,NaN,191928,46960,-121873,-74913,94825,-30910,63915,23768,-12770,10998
2017-10-23T22:00:00Z,17.1,17.17,16.89,16.955,49309,-125814,-76505,95413,-30293,65120,23797,-12412,11385,NaN,NaN,NaN,NaN,193899,49309,-125814,-76505,95413,-30293,65120,23797,-12412,11385
2017-10-24T22:00:00Z,16.96,17.05,16.81,16.955,49309,-125814,-76505,95413,-30293,65120,23797,-12412,11385,NaN,NaN,NaN,NaN,193899,49309,-125814,-76505,95413,-30293,65120,23797,-12412,11385
2017-10-25T22:00:00Z,16.96,17.045,16.755,16.795,49309,-125814,-76505,95413,-30293,65120,23797,-12412,11385,NaN,NaN,NaN,NaN,193899,49309,-125814,-76505,95413,-30293,65120,23797,-12412,11385
2017-10-26T22:00:00Z,16.8,16.87,16.6,16.87,49309,-125814,-76505,95413,-30293,65120,23797,-12412,11385,NaN,NaN,NaN,NaN,193899,49309,-125814,-76505,95413,-30293,65120,23797,-12412,11385
2017-10-29T22:00:00Z,16.85,16.9,16.69,16.855,49309,-125814,-76505,95413,-30293,65120,23797,-12412,11385,NaN,NaN,NaN,NaN,193899,49309,-125814,-76505,95413,-30293,65120,23797,-12412,11385
2017-10-30T22:00:00Z,16.865,16.91,16.645,16.715,51632,-122660,-71028,95382,-35230,60152,24858,-13982,10876,NaN,NaN,NaN,NaN,198853,51632,-122660,-71028,95382,-35230,60152,24858,-13982,10876
2017-10-31T22:00:00Z,16.71,17.21,16.67,17.14,51632,-122660,-71028,95382,-35230,60152,24858,-13982,10876,NaN,NaN,NaN,NaN,198853,51632,-122660,-71028,95382,-35230,60152,24858,-13982,10876
2017-11-01T22:00:00Z,17.15,17.255,17.05,17.12,51632,-122660,-71028,95382,-35230,60152,24858,-13982,10876,NaN,NaN,NaN,NaN,198853,51632,-122660,-71028,95382,-35230,60152,24858,-13982,10876
2017-11-02T22:00:00Z,17.125,17.195,16.77,16.83,51632,-122660,-71028,95382,-35230,60152,24858,-13982,10876,NaN,NaN,NaN,NaN,198853,51632,-122660,-71028,95382,-35230,60152,24858,-13982,10876
2017-11-05T23:00:00Z,16.835,17.27,16.795,17.23,51632,-122660,-71028,95382,-35230,60152,24858,-13982,10876,NaN,NaN,NaN,NaN,198853,51632,-122660,-71028,95382,-35230,60152,24858,-13982,10876
2017-11-06T23:00:00Z,17.23,17.24,16.92,16.94,52183,-133824,-81641,99872,-30970,68902,25454,-12715,12739,NaN,NaN,NaN,NaN,203330,52183,-133824,-81641,99872,-30970,68902,25454,-12715,12739
2017-11-07T23:00:00Z,16.95,17.265,16.95,17.03,52183,-133824,-81641,99872,-30970,68902,25454,-12715,12739,NaN,NaN,NaN,NaN,203330,52183,-133824,-81641,99872,-30970,68902,25454,-12715,12739
2017-11-08T23:00:00Z,17.06,17.145,16.91,16.985,52183,-133824,-81641,99872,-30970,68902,25454,-12715,12739,NaN,NaN,NaN,NaN,203330,52183,-133824,-81641,99872,-30970,68902,25454,-12715,12739
2017-11-09T23:00:00Z,16.995,17.095,16.785,16.875,52183,-133824,-81641,99872,-30970,68902,25454,-12715,12739,NaN,NaN,NaN,NaN,203330,52183,-133824,-81641,99872,-30970,68902,25454,-12715,12739
2017-11-12T23:00:00Z,16.86,17.07,16.82,17.055,52183,-133824,-81641,99872,-30970,68902,25454,-12715,12739,NaN,NaN,NaN,NaN,203330,52183,-133824,-81641,99872,-30970,68902,25454,-12715,12739
2017-11-13T23:00:00Z,17.06,17.095,16.86,17.02,51730,-132178,-80448,98070,-28897,69173,24567,-13292,11275,NaN,NaN,NaN,NaN,199899,51730,-132178,-80448,98070,-28897,69173,24567,-13292,11275
2017-11-14T23:00:00Z,17.025,17.205,16.94,16.98,51730,-132178,-80448,98070,-28897,69173,24567,-13292,11275,NaN,NaN,NaN,NaN,199899,51730,-132178,-80448,98070,-28897,69173,24567,-13292,11275
2017-11-15T23:00:00Z,16.975,17.125,16.945,17.08,51730,-132178,-80448,98070,-28897,69173,24567,-13292,11275,NaN,NaN,NaN,NaN,199899,51730,-132178,-80448,98070,-28897,69173,24567,-13292,11275
2017-11-16T23:00:00Z,17.08,17.385,17.02,17.305,51730,-132178,-80448,98070,-28897,69173,24567,-13292,11275,NaN,NaN,NaN,NaN,199899,51730,-132178,-80448,98070,-28897,69173,24567,-13292,11275
2017-11-19T23:00:00Z,17.335,17.335,16.82,16.885,51730,-132178,-80448,98070,-28897,69173,24567,-13292,11275,NaN,NaN,NaN,NaN,199899,51730,-132178,-80448,98070,-28897,69173,24567,-13292,11275
2017-11-20T23:00:00Z,16.9,17.035,16.885,16.94,52431,-132867,-80436,98144,-30503,67641,25360,-12565,12795,NaN,NaN,NaN,NaN,199402,52431,-132867,-80436,98144,-30503,67641,25360,-12565,12795
2017-11-21T23:00:00Z,16.95,17.15,16.925,17.13,52431,-132867,-80436,98144,-30503,67641,25360,-12565,12795,NaN,NaN,NaN,NaN,199402,52431,-132867,-80436,98144,-30503,67641,25360,-12565,12795
2017-11-22T23:00:00Z,17.12,17.135,16.94,17.01,52431,-132867,-80436,98144,-30503,67641,25360,-12565,12795,NaN,NaN,NaN,NaN,199402,52431,-132867,-80436,98144,-30503,67641,25360,-12565,12795
2017-11-26T23:00:00Z,17.02,17.17,16.98,17.01,52431,-132867,-80436,98144,-30503,67641,25360,-12565,12795,NaN,NaN,NaN,NaN,199402,52431,-132867,-80436,98144,-30503,67641,25360,-12565,12795
2017-11-27T23:00:00Z,17.02,17.08,16.72,16.815,52073,-125148,-73075,90138,-31356,58782,26938,-12645,14293,NaN,NaN,NaN,NaN,186272,52073,-125148,-73075,90138,-31356,58782,26938,-12645,14293
2017-11-28T23:00:00Z,16.92,16.965,16.555,16.575,52073,-125148,-73075,90138,-31356,58782,26938,-12645,14293,NaN,NaN,NaN,NaN,186272,52073,-125148,-73075,90138,-31356,58782,26938,-12645,14293
2017-11-29T23:00:00Z,16.585,16.625,16.345,16.46,52073,-125148,-73075,90138,-31356,58782,26938,-12645,14293,NaN,NaN,NaN,NaN,186272,52073,-125148,-73075,90138,-31356,58782,26938,-12645,14293
2017-11-30T23:00:00Z,16.455,16.585,16.265,16.47,52073,-125148,-73075,90138,-31356,58782,26938,-12645,14293,NaN,NaN,NaN,NaN,186272,52073,-125148,-73075,90138,-31356,58782,26938,-12645,14293
2017-12-03T23:00:00Z,16.37,16.455,16.265,16.34,52073,-125148,-73075,90138,-31356,58782,26938,-12645,14293,NaN,NaN,NaN,NaN,186272,52073,-125148,-73075,90138,-31356,58782,26938,-12645,14293
2017-12-04T23:00:00Z,16.34,16.38,16.04,16.11,61774,-108128,-46354,84905,-53479,31426,29307,-14379,14928,NaN,NaN,NaN,NaN,192970,61774,-108128,-46354,84905,-53479,31426,29307,-14379,14928
2017-12-05T23:00:00Z,16.135,16.17,15.935,15.97,61774,-108128,-46354,84905,-53479,31426,29307,-14379,14928,NaN,NaN,NaN,NaN,192970,61774,-108128,-46354,84905,-53479,31426,29307,-14379,14928
2017-12-06T23:00:00Z,15.97,16.005,15.66,15.745,61774,-108128,-46354,84905,-53479,31426,29307,-14379,14928,NaN,NaN,NaN,NaN,192970,61774,-108128,-46354,84905,-53479,31426,29307,-14379,14928
2017-12-07T23:00:00Z,15.745,15.91,15.72,15.87,61774,-108128,-46354,84905,-53479,31426,29307,-14379,14928,NaN,NaN,NaN,NaN,192970,61774,-108128,-46354,84905,-53479,31426,29307,-14379,14928
2017-12-10T23:00:00Z,15.845,15.905,15.7,15.72,61774,-108128,-46354,84905,-53479,31426,29307,-14379,14928,NaN,NaN,NaN,NaN,192970,61774,-108128,-46354,84905,-53479,31426,29307,-14379,14928
2017-12-11T23:00:00Z,15.73,15.83,15.635,15.745,75352,-100181,-24829,77169,-67255,9914,31017,-16102,14915,NaN,NaN,NaN,NaN,202797,75352,-100181,-24829,77169,-67255,9914,31017,-16102,14915
2017-12-12T23:00:00Z,15.74,16.18,15.685,16.095,75352,-100181,-24829,77169,-67255,9914,31017,-16102,14915,NaN,NaN,NaN,NaN,202797,75352,-100181,-24829,77169,-67255,9914,31017,-16102,14915
2017-12-13T23:00:00Z,16.1,16.15,15.855,15.925,75352,-100181,-24829,77169,-67255,9914,31017,-16102,14915,NaN,NaN,NaN,NaN,202797,75352,-100181,-24829,77169,-67255,9914,31017,-16102,14915
2017-12-14T23:00:00Z,15.92,16.12,15.915,16.105,75352,-100181,-24829,77169,-67255,9914,31017,-16102,14915,NaN,NaN,NaN,NaN,202797,75352,-100181,-24829,77169,-67255,9914,31017,-16102,14915
2017-12-17T23:00:00Z,16.085,16.215,16.05,16.19,75352,-100181,-24829,77169,-67255,9914,31017,-16102,14915,NaN,NaN,NaN,NaN,202797,75352,-100181,-24829,77169,-67255,9914,31017,-16102,14915
2017-12-18T23:00:00Z,16.18,16.26,16.095,16.18,76696,-95317,-18621,77575,-75106,2469,29874,-13722,16152,NaN,NaN,NaN,NaN,203703,76696,-95317,-18621,77575,-75106,2469,29874,-13722,16152
2017-12-19T23:00:00Z,16.17,16.32,16.15,16.24,76696,-95317,-18621,77575,-75106,2469,29874,-13722,16152,NaN,NaN,NaN,NaN,203703,76696,-95317,-18621,77575,-75106,2469,29874,-13722,16152
2017-12-20T23:00:00Z,16.235,16.305,16.14,16.175,76696,-95317,-18621,77575,-75106,2469,29874,-13722,16152,NaN,NaN,NaN,NaN,203703,76696,-95317,-18621,77575,-75106,2469,29874,-13722,16152
2017-12-21T23:00:00Z,16.18,16.485,16.165,16.45,76696,-95317,-18621,77575,-75106,2469,29874,-13722,16152,NaN,NaN,NaN,NaN,203703,76696,-95317,-18621,77575,-75106,2469,29874,-13722,16152
2017-12-25T23:00:00Z,16.445,16.64,16.365,16.61,77046,-97785,-20739,74013,-69365,4648,29190,-13099,16091,NaN,NaN,NaN,NaN,200321,77046,-97785,-20739,74013,-69365,4648,29190,-13099,16091
2017-12-26T23:00:00Z,16.61,16.785,16.555,16.75,77046,-97785,-20739,74013,-69365,4648,29190,-13099,16091,NaN,NaN,NaN,NaN,200321,77046,-97785,-20739,74013,-69365,4648,29190,-13099,16091
2017-12-27T23:00:00Z,16.745,16.93,16.71,16.91,77046,-97785,-20739,74013,-69365,4648,29190,-13099,16091,NaN,NaN,NaN,NaN,200321,77046,-97785,-20739,74013,-69365,4648,29190,-13099,16091
2017-12-28T23:00:00Z,16.905,17.175,16.865,16.985,77046,-97785,-20739,74013,-69365,4648,29190,-13099,16091,NaN,NaN,NaN,NaN,200321,77046,-97785,-20739,74013,-69365,4648,29190,-13099,16091
2018-01-01T23:00:00Z,17.035,17.25,16.985,17.22,70480,-107672,-37192,75127,-52377,22750,26216,-11774,14442,NaN,NaN,NaN,NaN,192423,70480,-107672,-37192,75127,-52377,22750,26216,-11774,14442
2018-01-02T23:00:00Z,17.225,17.285,17.065,17.17,70480,-107672,-37192,75127,-52377,22750,26216,-11774,14442,NaN,NaN,NaN,NaN,192423,70480,-107672,-37192,75127,-52377,22750,26216,-11774,14442
2018-01-03T23:00:00Z,17.155,17.32,17.025,17.27,70480,-107672,-37192,75127,-52377,22750,26216,-11774,14442,NaN,NaN,NaN,NaN,192423,70480,-107672,-37192,75127,-52377,22750,26216,-11774,14442
2018-01-04T23:00:00Z,17.265,17.325,17.13,17.26,70480,-107672,-37192,75127,-52377,22750,26216,-11774,14442,NaN,NaN,NaN,NaN,192423,70480,-107672,-37192,75127,-52377,22750,26216,-11774,14442
2018-01-07T23:00:00Z,17.27,17.3,17.065,17.165,70480,-107672,-37192,75127,-52377,22750,26216,-11774,14442,NaN,NaN,NaN,NaN,192423,70480,-107672,-37192,75127,-52377,22750,26216,-11774,14442
2018-01-08T23:00:00Z,17.16,17.17,16.945,17.005,67973,-117915,-49942,84313,-46278,38035,25069,-13162,11907,NaN,NaN,NaN,NaN,195009,67973,-117915,-49942,84313,-46278,38035,25069,-13162,11907
2018-01-09T23:00:00Z,16.985,17.22,16.93,16.99,67973,-117915,-49942,84313,-46278,38035,25069,-13162,11907,NaN,NaN,NaN,NaN,195009,67973,-117915,-49942,84313,-46278,38035,25069,-13162,11907
2018-01-10T23:00:00Z,17,17.065,16.88,17,67973,-117915,-49942,84313,-46278,38035,25069,-13162,11907,NaN,NaN,NaN,NaN,195009,67973,-117915,-49942,84313,-46278,38035,25069,-13162,11907
2018-01-11T23:00:00Z,17,17.3,16.995,17.245,67973,-117915,-49942,84313,-46278,38035,25069,-13162,11907,NaN,NaN,NaN,NaN,195009,67973,-117915,-49942,84313,-46278,38035,25069,-13162,11907
2018-01-14T23:00:00Z,17.235,17.45,16.8,17.21,68356,-118499,-50143,79866,-42654,37212,26587,-13656,12931,NaN,NaN,NaN,NaN,196511,68356,-118499,-50143,79866,-42654,37212,26587,-13656,12931
2018-01-16T23:00:00Z,17.21,17.31,16.98,17.005,68356,-118499,-50143,79866,-42654,37212,26587,-13656,12931,NaN,NaN,NaN,NaN,196511,68356,-118499,-50143,79866,-42654,37212,26587,-13656,12931
2018-01-17T23:00:00Z,16.99,17.14,16.915,16.96,68356,-118499,-50143,79866,-42654,37212,26587,-13656,12931,NaN,NaN,NaN,NaN,196511,68356,-118499,-50143,79866,-42654,37212,26587,-13656,12931
2018-01-18T23:00:00Z,16.96,17.13,16.96,17.025,68356,-118499,-50143,79866,-42654,37212,26587,-13656,12931,NaN,NaN,NaN,NaN,196511,68356,-118499,-50143,79866,-42654,37212,26587,-13656,12931
2018-01-21T23:00:00Z,17.045,17.105,16.945,17.005,68356,-118499,-50143,79866,-42654,37212,26587,-13656,12931,NaN,NaN,NaN,NaN,196511,68356,-118499,-50143,79866,-42654,37212,26587,-13656,12931
2018-01-22T23:00:00Z,16.99,17.09,16.735,17.045,72086,-113583,-41497,76193,-47112,29081,27090,-14674,12416,NaN,NaN,NaN,NaN,199985,72086,-113583,-41497,76193,-47112,29081,27090,-14674,12416
2018-01-23T23:00:00Z,17.04,17.625,16.985,17.565,72086,-113583,-41497,76193,-47112,29081,27090,-14674,12416,NaN,NaN,NaN,NaN,199985,72086,-113583,-41497,76193,-47112,29081,27090,-14674,12416
2018-01-24T23:00:00Z,17.555,17.705,17.125,17.285,72086,-113583,-41497,76193,-47112,29081,27090,-14674,12416,NaN,NaN,NaN,NaN,199985,72086,-113583,-41497,76193,-47112,29081,27090,-14674,12416
2018-01-25T23:00:00Z,17.29,17.53,17.235,17.39,72086,-113583,-41497,76193,-47112,29081,27090,-14674,12416,NaN,NaN,NaN,NaN,199985,72086,-113583,-41497,76193,-47112,29081,27090,-14674,12416
2018-01-28T23:00:00Z,17.42,17.47,17.085,17.135,72086,-113583,-41497,76193,-47112,29081,27090,-14674,12416,NaN,NaN,NaN,NaN,199985,72086,-113583,-41497,76193,-47112,29081,27090,-14674,12416
2018-01-29T23:00:00Z,17.14,17.31,17.04,17.105,68278,-115569,-47291,72145,-39723,32422,27334,-12465,14869,NaN,NaN,NaN,NaN,198358,68278,-115569,-47291,72145,-39723,32422,27334,-12465,14869
2018-01-30T23:00:00Z,17.105,17.375,17.065,17.315,68278,-115569,-47291,72145,-39723,32422,27334,-12465,14869,NaN,NaN,NaN,NaN,198358,68278,-115569,-47291,72145,-39723,32422,27334,-12465,14869
2018-01-31T23:00:00Z,17.295,17.375,17.07,17.21,68278,-115569,-47291,72145,-39723,32422,27334,-12465,14869,NaN,NaN,NaN,NaN,198358,68278,-115569,-47291,72145,-39723,32422,27334,-12465,14869
2018-02-01T23:00:00Z,17.18,17.225,16.52,16.555,68278,-115569,-47291,72145,-39723,32422,27334,-12465,14869,NaN,NaN,NaN,NaN,198358,68278,-115569,-47291,72145,-39723,32422,27334,-12465,14869
2018-02-04T23:00:00Z,16.61,16.865,16.51,16.695,68278,-115569,-47291,72145,-39723,32422,27334,-12465,14869,NaN,NaN,NaN,NaN,198358,68278,-115569,-47291,72145,-39723,32422,27334,-12465,14869
2018-02-05T23:00:00Z,16.71,16.955,16.54,16.585,75255,-105896,-30641,63729,-47189,16540,27754,-13653,14101,NaN,NaN,NaN,NaN,205470,75255,-105896,-30641,63729,-47189,16540,27754,-13653,14101
2018-02-06T23:00:00Z,16.59,16.73,16.21,16.32,75255,-105896,-30641,63729,-47189,16540,27754,-13653,14101,NaN,NaN,NaN,NaN,205470,75255,-105896,-30641,63729,-47189,16540,27754,-13653,14101
2018-02-07T23:00:00Z,16.35,16.425,16.19,16.37,75255,-105896,-30641,63729,-47189,16540,27754,-13653,14101,NaN,NaN,NaN,NaN,205470,75255,-105896,-30641,63729,-47189,16540,27754,-13653,14101
2018-02-08T23:00:00Z,16.34,16.405,16.13,16.3,75255,-105896,-30641,63729,-47189,16540,27754,-13653,14101,NaN,NaN,NaN,NaN,205470,75255,-105896,-30641,63729,-47189,16540,27754,-13653,14101
2018-02-11T23:00:00Z,16.295,16.58,16.28,16.505,75255,-105896,-30641,63729,-47189,16540,27754,-13653,14101,NaN,NaN,NaN,NaN,205470,75255,-105896,-30641,63729,-47189,16540,27754,-13653,14101
2018-02-12T23:00:00Z,16.515,16.645,16.41,16.535,80026,-101974,-21948,64816,-56105,8711,28275,-15038,13237,NaN,NaN,NaN,NaN,194056,80026,-101974,-21948,64816,-56105,8711,28275,-15038,13237
2018-02-13T23:00:00Z,16.525,16.905,16.325,16.825,80026,-101974,-21948,64816,-56105,8711,28275,-15038,13237,NaN,NaN,NaN,NaN,194056,80026,-101974,-21948,64816,-56105,8711,28275,-15038,13237
2018-02-14T23:00:00Z,16.83,16.95,16.605,16.82,80026,-101974,-21948,64816,-56105,8711,28275,-15038,13237,NaN,NaN,NaN,NaN,194056,80026,-101974,-21948,64816,-56105,8711,28275,-15038,13237
2018-02-15T23:00:00Z,16.835,16.915,16.575,16.6,80026,-101974,-21948,64816,-56105,8711,28275,-15038,13237,NaN,NaN,NaN,NaN,194056,80026,-101974,-21948,64816,-56105,8711,28275,-15038,13237
2018-02-18T23:00:00Z,16.6,16.69,16.385,16.4,86061,-105506,-19445,63200,-57880,5320,28201,-14076,14125,NaN,NaN,NaN,NaN,203629,86061,-105506,-19445,63200,-57880,5320,28201,-14076,14125
2018-02-20T23:00:00Z,16.42,16.745,16.34,16.48,86061,-105506,-19445,63200,-57880,5320,28201,-14076,14125,NaN,NaN,NaN,NaN,203629,86061,-105506,-19445,63200,-57880,5320,28201,-14076,14125
2018-02-21T23:00:00Z,16.475,16.665,16.365,16.59,86061,-105506,-19445,63200,-57880,5320,28201,-14076,14125,NaN,NaN,NaN,NaN,203629,86061,-105506,-19445,63200,-57880,5320,28201,-14076,14125
2018-02-22T23:00:00Z,16.59,16.605,16.465,16.49,86061,-105506,-19445,63200,-57880,5320,28201,-14076,14125,NaN,NaN,NaN,NaN,203629,86061,-105506,-19445,63200,-57880,5320,28201,-14076,14125
2018-02-25T23:00:00Z,16.47,16.72,16.43,16.615,86061,-105506,-19445,63200,-57880,5320,28201,-14076,14125,NaN,NaN,NaN,NaN,203629,86061,-105506,-19445,63200,-57880,5320,28201,-14076,14125
2018-02-26T23:00:00Z,16.665,16.72,16.34,16.43,82138,-96601,-14463,63023,-64531,-1508,30417,-14446,15971,NaN,NaN,NaN,NaN,193343,82138,-96601,-14463,63023,-64531,-1508,30417,-14446,15971
2018-02-27T23:00:00Z,16.44,16.52,16.36,16.42,82138,-96601,-14463,63023,-64531,-1508,30417,-14446,15971,NaN,NaN,NaN,NaN,193343,82138,-96601,-14463,63023,-64531,-1508,30417,-14446,15971
2018-02-28T23:00:00Z,16.43,16.565,16.16,16.49,82138,-96601,-14463,63023,-64531,-1508,30417,-14446,15971,NaN,NaN,NaN,NaN,193343,82138,-96601,-14463,63023,-64531,-1508,30417,-14446,15971
2018-03-01T23:00:00Z,16.495,16.595,16.4,16.535,82138,-96601,-14463,63023,-64531,-1508,30417,-14446,15971,NaN,NaN,NaN,NaN,193343,82138,-96601,-14463,63023,-64531,-1508,30417,-14446,15971
2018-03-04T23:00:00Z,16.53,16.62,16.37,16.44,82138,-96601,-14463,63023,-64531,-1508,30417,-14446,15971,NaN,NaN,NaN,NaN,193343,82138,-96601,-14463,63023,-64531,-1508,30417,-14446,15971
2018-03-05T23:00:00Z,16.42,16.895,16.41,16.78,74760,-96570,-21810,68686,-62500,6186,29361,-13737,15624,NaN,NaN,NaN,NaN,196590,74760,-96570,-21810,68686,-62500,6186,29361,-13737,15624
2018-03-06T23:00:00Z,16.81,16.89,16.435,16.505,74760,-96570,-21810,68686,-62500,6186,29361,-13737,15624,NaN,NaN,NaN,NaN,196590,74760,-96570,-21810,68686,-62500,6186,29361,-13737,15624
2018-03-07T23:00:00Z,16.505,16.575,16.43,16.5,74760,-96570,-21810,68686,-62500,6186,29361,-13737,15624,NaN,NaN,NaN,NaN,196590,74760,-96570,-21810,68686,-62500,6186,29361,-13737,15624
2018-03-08T23:00:00Z,16.51,16.71,16.33,16.605,74760,-96570,-21810,68686,-62500,6186,29361,-13737,15624,NaN,NaN,NaN,NaN,196590,74760,-96570,-21810,68686,-62500,6186,29361,-13737,15624
2018-03-11T22:00:00Z,16.605,16.635,16.43,16.54,74760,-96570,-21810,68686,-62500,6186,29361,-13737,15624,NaN,NaN,NaN,NaN,196590,74760,-96570,-21810,68686,-62500,6186,29361,-13737,15624
2018-03-12T22:00:00Z,16.535,16.69,16.465,16.595,75362,-94635,-19273,66707,-63760,2947,29550,-13224,16326,NaN,NaN,NaN,NaN,200094,75362,-94635,-19273,66707,-63760,2947,29550,-13224,16326
2018-03-13T22:00:00Z,16.595,16.67,16.515,16.545,75362,-94635,-19273,66707,-63760,2947,29550,-13224,16326,NaN,NaN,NaN,NaN,200094,75362,-94635,-19273,66707,-63760,2947,29550,-13224,16326
2018-03-14T22:00:00Z,16.53,16.58,16.37,16.395,75362,-94635,-19273,66707,-63760,2947,29550,-13224,16326,NaN,NaN,NaN,NaN,200094,75362,-94635,-19273,66707,-63760,2947,29550,-13224,16326
2018-03-15T22:00:00Z,16.385,16.495,16.205,16.34,75362,-94635,-19273,66707,-63760,2947,29550,-13224,16326,NaN,NaN,NaN,NaN,200094,75362,-94635,-19273,66707,-63760,2947,29550,-13224,16326
2018-03-18T22:00:00Z,16.305,16.345,16.2,16.31,75362,-94635,-19273,66707,-63760,2947,29550,-13224,16326,NaN,NaN,NaN,NaN,200094,75362,-94635,-19273,66707,-63760,2947,29550,-13224,16326
2018-03-19T22:00:00Z,16.31,16.34,16.1,16.18,84080,-87789,-3709,63813,-76329,-12516,31734,-15509,16225,NaN,NaN,NaN,NaN,216042,84080,-87789,-3709,63813,-76329,-12516,31734,-15509,16225
2018-03-20T22:00:00Z,16.165,16.665,16.155,16.57,84080,-87789,-3709,63813,-76329,-12516,31734,-15509,16225,NaN,NaN,NaN,NaN,216042,84080,-87789,-3709,63813,-76329,-12516,31734,-15509,16225
2018-03-21T22:00:00Z,16.565,16.61,16.33,16.375,84080,-87789,-3709,63813,-76329,-12516,31734,-15509,16225,NaN,NaN,NaN,NaN,216042,84080,-87789,-3709,63813,-76329,-12516,31734,-15509,16225
2018-03-22T22:00:00Z,16.375,16.675,16.375,16.56,84080,-87789,-3709,63813,-76329,-12516,31734,-15509,16225,NaN,NaN,NaN,NaN,216042,84080,-87789,-3709,63813,-76329,-12516,31734,-15509,16225
2018-03-25T22:00:00Z,16.56,16.795,16.525,16.7,84080,-87789,-3709,63813,-76329,-12516,31734,-15509,16225,NaN,NaN,NaN,NaN,216042,84080,-87789,-3709,63813,-76329,-12516,31734,-15509,16225
2018-03-26T22:00:00Z,16.69,16.81,16.465,16.525,82087,-89439,-7352,60786,-74443,-13657,34190,-13181,21009,NaN,NaN,NaN,NaN,219518,82087,-89439,-7352,60786,-74443,-13657,34190,-13181,21009
2018-03-27T22:00:00Z,16.515,16.56,16.22,16.265,82087,-89439,-7352,60786,-74443,-13657,34190,-13181,21009,NaN,NaN,NaN,NaN,219518,82087,-89439,-7352,60786,-74443,-13657,34190,-13181,21009
2018-03-28T22:00:00Z,16.28,16.34,16.195,16.34,82087,-89439,-7352,60786,-74443,-13657,34190,-13181,21009,NaN,NaN,NaN,NaN,219518,82087,-89439,-7352,60786,-74443,-13657,34190,-13181,21009
2018-04-01T22:00:00Z,16.3,16.68,16.3,16.59,82087,-89439,-7352,60786,-74443,-13657,34190,-13181,21009,NaN,NaN,NaN,NaN,219518,82087,-89439,-7352,60786,-74443,-13657,34190,-13181,21009
2018-04-02T22:00:00Z,16.59,16.605,16.34,16.395,86416,-89053,-2637,65969,-82934,-16965,32333,-12731,19602,NaN,NaN,NaN,NaN,232682,86416,-89053,-2637,65969,-82934,-16965,32333,-12731,19602
2018-04-03T22:00:00Z,16.4,16.515,16.22,16.29,86416,-89053,-2637,65969,-82934,-16965,32333,-12731,19602,NaN,NaN,NaN,NaN,232682,86416,-89053,-2637,65969,-82934,-16965,32333,-12731,19602
2018-04-04T22:00:00Z,16.29,16.395,16.15,16.365,86416,-89053,-2637,65969,-82934,-16965,32333,-12731,19602,NaN,NaN,NaN,NaN,232682,86416,-89053,-2637,65969,-82934,-16965,32333,-12731,19602
2018-04-05T22:00:00Z,16.355,16.475,16.24,16.365,86416,-89053,-2637,65969,-82934,-16965,32333,-12731,19602,NaN,NaN,NaN,NaN,232682,86416,-89053,-2637,65969,-82934,-16965,32333,-12731,19602
2018-04-08T22:00:00Z,16.42,16.54,16.295,16.485,86416,-89053,-2637,65969,-82934,-16965,32333,-12731,19602,NaN,NaN,NaN,NaN,232682,86416,-89053,-2637,65969,-82934,-16965,32333,-12731,19602
2018-04-09T22:00:00Z,16.485,16.64,16.41,16.57,83340,-87918,-4578,65033,-79866,-14833,32624,-13213,19411,NaN,NaN,NaN,NaN,227175,83340,-87918,-4578,65033,-79866,-14833,32624,-13213,19411
2018-04-10T22:00:00Z,16.56,16.89,16.515,16.67,83340,-87918,-4578,65033,-79866,-14833,32624,-13213,19411,NaN,NaN,NaN,NaN,227175,83340,-87918,-4578,65033,-79866,-14833,32624,-13213,19411
2018-04-11T22:00:00Z,16.665,16.69,16.43,16.445,83340,-87918,-4578,65033,-79866,-14833,32624,-13213,19411,NaN,NaN,NaN,NaN,227175,83340,-87918,-4578,65033,-79866,-14833,32624,-13213,19411
2018-04-12T22:00:00Z,16.46,16.68,16.445,16.645,83340,-87918,-4578,65033,-79866,-14833,32624,-13213,19411,NaN,NaN,NaN,NaN,227175,83340,-87918,-4578,65033,-79866,-14833,32624,-13213,19411
2018-04-15T22:00:00Z,16.655,16.77,16.545,16.665,83340,-87918,-4578,65033,-79866,-14833,32624,-13213,19411,NaN,NaN,NaN,NaN,227175,83340,-87918,-4578,65033,-79866,-14833,32624,-13213,19411
2018-04-16T22:00:00Z,16.67,16.805,16.575,16.785,76300,-93255,-16955,66609,-66696,-87,31127,-14085,17042,NaN,NaN,NaN,NaN,214297,76300,-93255,-16955,66609,-66696,-87,31127,-14085,17042
2018-04-17T22:00:00Z,16.785,17.275,16.73,17.205,76300,-93255,-16955,66609,-66696,-87,31127,-14085,17042,NaN,NaN,NaN,NaN,214297,76300,-93255,-16955,66609,-66696,-87,31127,-14085,17042
2018-04-18T22:00:00Z,17.215,17.36,17.09,17.25,76300,-93255,-16955,66609,-66696,-87,31127,-14085,17042,NaN,NaN,NaN,NaN,214297,76300,-93255,-16955,66609,-66696,-87,31127,-14085,17042
2018-04-19T22:00:00Z,17.235,17.26,17.04,17.115,76300,-93255,-16955,66609,-66696,-87,31127,-14085,17042,NaN,NaN,NaN,NaN,214297,76300,-93255,-16955,66609,-66696,-87,31127,-14085,17042
2018-04-22T22:00:00Z,17.135,17.135,16.58,16.605,76300,-93255,-16955,66609,-66696,-87,31127,-14085,17042,NaN,NaN,NaN,NaN,214297,76300,-93255,-16955,66609,-66696,-87,31127,-14085,17042
2018-04-23T22:00:00Z,16.62,16.735,16.53,16.7,75386,-106951,-31565,67802,-55835,11967,31795,-12197,19598,NaN,NaN,NaN,NaN,201707,75386,-106951,-31565,67802,-55835,11967,31795,-12197,19598
2018-04-24T22:00:00Z,16.7,16.71,16.475,16.525,75386,-106951,-31565,67802,-55835,11967,31795,-12197,19598,NaN,NaN,NaN,NaN,201707,75386,-106951,-31565,67802,-55835,11967,31795,-12197,19598
2018-04-25T22:00:00Z,16.54,16.58,16.385,16.475,75386,-106951,-31565,67802,-55835,11967,31795,-12197,19598,NaN,NaN,NaN,NaN,201707,75386,-106951,-31565,67802,-55835,11967,31795,-12197,19598
2018-04-26T22:00:00Z,16.565,16.61,16.48,16.55,75386,-106951,-31565,67802,-55835,11967,31795,-12197,19598,NaN,NaN,NaN,NaN,201707,75386,-106951,-31565,67802,-55835,11967,31795,-12197,19598
2018-04-29T22:00:00Z,16.555,16.58,16.225,16.355,75386,-106951,-31565,67802,-55835,11967,31795,-12197,19598,NaN,NaN,NaN,NaN,201707,75386,-106951,-31565,67802,-55835,11967,31795,-12197,19598
2018-04-30T22:00:00Z,16.345,16.37,16.07,16.18,78011,-89989,-11978,68528,-75724,-7196,32743,-13569,19174,NaN,NaN,NaN,NaN,194685,78011,-89989,-11978,68528,-75724,-7196,32743,-13569,19174
2018-05-01T22:00:00Z,16.19,16.565,16.175,16.405,78011,-89989,-11978,68528,-75724,-7196,32743,-13569,19174,NaN,NaN,NaN,NaN,194685,78011,-89989,-11978,68528,-75724,-7196,32743,-13569,19174
2018-05-02T22:00:00Z,16.405,16.62,16.385,16.45,78011,-89989,-11978,68528,-75724,-7196,32743,-13569,19174,NaN,NaN,NaN,NaN,194685,78011,-89989,-11978,68528,-75724,-7196,32743,-13569,19174
2018-05-03T22:00:00Z,16.455,16.56,16.39,16.555,78011,-89989,-11978,68528,-75724,-7196,32743,-13569,19174,NaN,NaN,NaN,NaN,194685,78011,-89989,-11978,68528,-75724,-7196,32743,-13569,19174
2018-05-06T22:00:00Z,16.55,16.6,16.43,16.495,78011,-89989,-11978,68528,-75724,-7196,32743,-13569,19174,NaN,NaN,NaN,NaN,194685,78011,-89989,-11978,68528,-75724,-7196,32743,-13569,19174
2018-05-07T22:00:00Z,16.505,16.55,16.335,16.5,77127,-94204,-17077,72713,-72834,-121,30792,-13594,17198,NaN,NaN,NaN,NaN,195865,77127,-94204,-17077,72713,-72834,-121,30792,-13594,17198
2018-05-08T22:00:00Z,16.51,16.655,16.375,16.515,77127,-94204,-17077,72713,-72834,-121,30792,-13594,17198,NaN,NaN,NaN,NaN,195865,77127,-94204,-17077,72713,-72834,-121,30792,-13594,17198
2018-05-09T22:00:00Z,16.52,16.79,16.5,16.745,77127,-94204,-17077,72713,-72834,-121,30792,-13594,17198,NaN,NaN,NaN,NaN,195865,77127,-94204,-17077,72713,-72834,-121,30792,-13594,17198
2018-05-10T22:00:00Z,16.76,16.865,16.67,16.7,77127,-94204,-17077,72713,-72834,-121,30792,-13594,17198,NaN,NaN,NaN,NaN,195865,77127,-94204,-17077,72713,-72834,-121,30792,-13594,17198
2018-05-13T22:00:00Z,16.7,16.76,16.515,16.53,77127,-94204,-17077,72713,-72834,-121,30792,-13594,17198,NaN,NaN,NaN,NaN,195865,77127,-94204,-17077,72713,-72834,-121,30792,-13594,17198
2018-05-14T22:00:00Z,16.54,16.565,16.205,16.27,78406,-96472,-18066,72663,-72005,658,30546,-13138,17408,NaN,NaN,NaN,NaN,198065,78406,-96472,-18066,72663,-72005,658,30546,-13138,17408
2018-05-15T22:00:00Z,16.285,16.435,16.19,16.385,78406,-96472,-18066,72663,-72005,658,30546,-13138,17408,NaN,NaN,NaN,NaN,198065,78406,-96472,-18066,72663,-72005,658,30546,-13138,17408
2018-05-16T22:00:00Z,16.385,16.505,16.335,16.445,78406,-96472,-18066,72663,-72005,658,30546,-13138,17408,NaN,NaN,NaN,NaN,198065,78406,-96472,-18066,72663,-72005,658,30546,-13138,17408
2018-05-17T22:00:00Z,16.44,16.485,16.37,16.465,78406,-96472,-18066,72663,-72005,658,30546,-13138,17408,NaN,NaN,NaN,NaN,198065,78406,-96472,-18066,72663,-72005,658,30546,-13138,17408
2018-05-20T22:00:00Z,16.43,16.535,16.28,16.53,78406,-96472,-18066,72663,-72005,658,30546,-13138,17408,NaN,NaN,NaN,NaN,198065,78406,-96472,-18066,72663,-72005,658,30546,-13138,17408
2018-05-21T22:00:00Z,16.53,16.7,16.465,16.555,76516,-107939,-31423,78007,-62782,15225,29116,-12918,16198,NaN,NaN,NaN,NaN,198248,76516,-107939,-31423,78007,-62782,15225,29116,-12918,16198
2018-05-22T22:00:00Z,16.555,16.6,16.33,16.47,76516,-107939,-31423,78007,-62782,15225,29116,-12918,16198,NaN,NaN,NaN,NaN,198248,76516,-107939,-31423,78007,-62782,15225,29116,-12918,16198
2018-05-23T22:00:00Z,16.475,16.715,16.42,16.685,76516,-107939,-31423,78007,-62782,15225,29116,-12918,16198,NaN,NaN,NaN,NaN,198248,76516,-107939,-31423,78007,-62782,15225,29116,-12918,16198
2018-05-24T22:00:00Z,16.69,16.74,16.5,16.52,76516,-107939,-31423,78007,-62782,15225,29116,-12918,16198,NaN,NaN,NaN,NaN,198248,76516,-107939,-31423,78007,-62782,15225,29116,-12918,16198
2018-05-27T22:00:00Z,16.48,16.515,16.31,16.37,77447,-112744,-35297,83066,-65613,17453,30750,-12906,17844,NaN,NaN,NaN,NaN,207610,77447,-112744,-35297,83066,-65613,17453,30750,-12906,17844
2018-05-29T22:00:00Z,16.375,16.58,16.325,16.525,77447,-112744,-35297,83066,-65613,17453,30750,-12906,17844,NaN,NaN,NaN,NaN,207610,77447,-112744,-35297,83066,-65613,17453,30750,-12906,17844
2018-05-30T22:00:00Z,16.525,16.615,16.41,16.43,77447,-112744,-35297,83066,-65613,17453,30750,-12906,17844,NaN,NaN,NaN,NaN,207610,77447,-112744,-35297,83066,-65613,17453,30750,-12906,17844
2018-05-31T22:00:00Z,16.43,16.515,16.335,16.42,77447,-112744,-35297,83066,-65613,17453,30750,-12906,17844,NaN,NaN,NaN,NaN,207610,77447,-112744,-35297,83066,-65613,17453,30750,-12906,17844
2018-06-03T22:00:00Z,16.42,16.56,16.38,16.425,77447,-112744,-35297,83066,-65613,17453,30750,-12906,17844,NaN,NaN,NaN,NaN,207610,77447,-112744,-35297,83066,-65613,17453,30750,-12906,17844
2018-06-04T22:00:00Z,16.44,16.55,16.37,16.505,75763,-113310,-37547,85070,-65636,19434,30637,-12524,18113,NaN,NaN,NaN,NaN,211605,75763,-113310,-37547,85070,-65636,19434,30637,-12524,18113
2018-06-05T22:00:00Z,16.505,16.765,16.505,16.705,75763,-113310,-37547,85070,-65636,19434,30637,-12524,18113,NaN,NaN,NaN,NaN,211605,75763,-113310,-37547,85070,-65636,19434,30637,-12524,18113
2018-06-06T22:00:00Z,16.71,16.935,16.67,16.73,75763,-113310,-37547,85070,-65636,19434,30637,-12524,18113,NaN,NaN,NaN,NaN,211605,75763,-113310,-37547,85070,-65636,19434,30637,-12524,18113
2018-06-07T22:00:00Z,16.745,16.86,16.645,16.82,75763,-113310,-37547,85070,-65636,19434,30637,-12524,18113,NaN,NaN,NaN,NaN,211605,75763,-113310,-37547,85070,-65636,19434,30637,-12524,18113
2018-06-10T22:00:00Z,16.805,16.975,16.77,16.955,75763,-113310,-37547,85070,-65636,19434,30637,-12524,18113,NaN,NaN,NaN,NaN,211605,75763,-113310,-37547,85070,-65636,19434,30637,-12524,18113
2018-06-11T22:00:00Z,16.96,16.98,16.775,16.885,70970,-138352,-67382,101133,-51403,49730,30828,-13176,17652,NaN,NaN,NaN,NaN,230163,70970,-138352,-67382,101133,-51403,49730,30828,-13176,17652
2018-06-12T22:00:00Z,16.875,17.145,16.825,17.065,70970,-138352,-67382,101133,-51403,49730,30828,-13176,17652,NaN,NaN,NaN,NaN,230163,70970,-138352,-67382,101133,-51403,49730,30828,-13176,17652
2018-06-13T22:00:00Z,17.075,17.35,16.965,17.19,70970,-138352,-67382,101133,-51403,49730,30828,-13176,17652,NaN,NaN,NaN,NaN,230163,70970,-138352,-67382,101133,-51403,49730,30828,-13176,17652
2018-06-14T22:00:00Z,17.075,17.35,16.46,16.57,70970,-138352,-67382,101133,-51403,49730,30828,-13176,17652,NaN,NaN,NaN,NaN,230163,70970,-138352,-67382,101133,-51403,49730,30828,-13176,17652
2018-06-17T22:00:00Z,16.55,16.635,16.425,16.465,70970,-138352,-67382,101133,-51403,49730,30828,-13176,17652,NaN,NaN,NaN,NaN,230163,70970,-138352,-67382,101133,-51403,49730,30828,-13176,17652
2018-06-18T22:00:00Z,16.47,16.55,16.24,16.305,71799,-130340,-58541,95323,-54421,40902,31117,-13478,17639,NaN,NaN,NaN,NaN,218814,71799,-130340,-58541,95323,-54421,40902,31117,-13478,17639
2018-06-19T22:00:00Z,16.305,16.37,16.25,16.28,71799,-130340,-58541,95323,-54421,40902,31117,-13478,17639,NaN,NaN,NaN,NaN,218814,71799,-130340,-58541,95323,-54421,40902,31117,-13478,17639
2018-06-20T22:00:00Z,16.29,16.36,16.19,16.31,71799,-130340,-58541,95323,-54421,40902,31117,-13478,17639,NaN,NaN,NaN,NaN,218814,71799,-130340,-58541,95323,-54421,40902,31117,-13478,17639
2018-06-21T22:00:00Z,16.31,16.485,16.31,16.455,71799,-130340,-58541,95323,-54421,40902,31117,-13478,17639,NaN,NaN,NaN,NaN,218814,71799,-130340,-58541,95323,-54421,40902,31117,-13478,17639
2018-06-24T22:00:00Z,16.445,16.485,16.29,16.32,71799,-130340,-58541,95323,-54421,40902,31117,-13478,17639,NaN,NaN,NaN,NaN,218814,71799,-130340,-58541,95323,-54421,40902,31117,-13478,17639
2018-06-25T22:00:00Z,16.32,16.35,16.14,16.29,73397,-122428,-49031,93565,-59344,34221,31131,-16321,14810,NaN,NaN,NaN,NaN,218492,73397,-122428,-49031,93565,-59344,34221,31131,-16321,14810
2018-06-26T22:00:00Z,16.28,16.295,15.945,16.025,73397,-122428,-49031,93565,-59344,34221,31131,-16321,14810,NaN,NaN,NaN,NaN,218492,73397,-122428,-49031,93565,-59344,34221,31131,-16321,14810
2018-06-27T22:00:00Z,16.125,16.185,15.965,16.045,73397,-122428,-49031,93565,-59344,34221,31131,-16321,14810,NaN,NaN,NaN,NaN,218492,73397,-122428,-49031,93565,-59344,34221,31131,-16321,14810
2018-06-28T22:00:00Z,16.05,16.22,16,16.16,73397,-122428,-49031,93565,-59344,34221,31131,-16321,14810,NaN,NaN,NaN,NaN,218492,73397,-122428,-49031,93565,-59344,34221,31131,-16321,14810
2018-07-01T22:00:00Z,16.145,16.18,15.8,15.875,73397,-122428,-49031,93565,-59344,34221,31131,-16321,14810,NaN,NaN,NaN,NaN,218492,73397,-122428,-49031,93565,-59344,34221,31131,-16321,14810
2018-07-02T22:00:00Z,15.88,16.085,15.815,16.06,72877,-111432,-38555,92678,-67996,24682,30693,-16820,13873,NaN,NaN,NaN,NaN,205622,72877,-111432,-38555,92678,-67996,24682,30693,-16820,13873
2018-07-03T22:00:00Z,16.13,16.145,15.97,16.09,72877,-111432,-38555,92678,-67996,24682,30693,-16820,13873,NaN,NaN,NaN,NaN,205622,72877,-111432,-38555,92678,-67996,24682,30693,-16820,13873
2018-07-05T22:00:00Z,16.065,16.19,15.985,16.07,72877,-111432,-38555,92678,-67996,24682,30693,-16820,13873,NaN,NaN,NaN,NaN,205622,72877,-111432,-38555,92678,-67996,24682,30693,-16820,13873
2018-07-08T22:00:00Z,16.065,16.26,16.055,16.145,72877,-111432,-38555,92678,-67996,24682,30693,-16820,13873,NaN,NaN,NaN,NaN,205622,72877,-111432,-38555,92678,-67996,24682,30693,-16820,13873
2018-07-09T22:00:00Z,16.15,16.2,15.92,16.09,72068,-110668,-38600,90598,-66899,23699,31414,-16513,14901,NaN,NaN,NaN,NaN,207701,72068,-110668,-38600,90598,-66899,23699,31414,-16513,14901
2018-07-10T22:00:00Z,16.105,16.11,15.805,15.825,72068,-110668,-38600,90598,-66899,23699,31414,-16513,14901,NaN,NaN,NaN,NaN,207701,72068,-110668,-38600,90598,-66899,23699,31414,-16513,14901
2018-07-11T22:00:00Z,15.825,16.025,15.78,15.975,72068,-110668,-38600,90598,-66899,23699,31414,-16513,14901,NaN,NaN,NaN,NaN,207701,72068,-110668,-38600,90598,-66899,23699,31414,-16513,14901
2018-07-12T22:00:00Z,15.98,16.015,15.7,15.835,72068,-110668,-38600,90598,-66899,23699,31414,-16513,14901,NaN,NaN,NaN,NaN,207701,72068,-110668,-38600,90598,-66899,23699,31414,-16513,14901
2018-07-15T22:00:00Z,15.805,15.9,15.765,15.81,72068,-110668,-38600,90598,-66899,23699,31414,-16513,14901,NaN,NaN,NaN,NaN,207701,72068,-110668,-38600,90598,-66899,23699,31414,-16513,14901
2018-07-16T22:00:00Z,15.8,15.885,15.56,15.59,74948,-100013,-25065,87176,-78294,8882,33466,-17283,16183,NaN,NaN,NaN,NaN,212527,74948,-100013,-25065,87176,-78294,8882,33466,-17283,16183
2018-07-17T22:00:00Z,15.585,15.625,15.41,15.57,74948,-100013,-25065,87176,-78294,8882,33466,-17283,16183,NaN,NaN,NaN,NaN,212527,74948,-100013,-25065,87176,-78294,8882,33466,-17283,16183
2018-07-18T22:00:00Z,15.565,15.59,15.185,15.33,74948,-100013,-25065,87176,-78294,8882,33466,-17283,16183,NaN,NaN,NaN,NaN,212527,74948,-100013,-25065,87176,-78294,8882,33466,-17283,16183
2018-07-19T22:00:00Z,15.33,15.565,15.25,15.555,74948,-100013,-25065,87176,-78294,8882,33466,-17283,16183,NaN,NaN,NaN,NaN,212527,74948,-100013,-25065,87176,-78294,8882,33466,-17283,16183
2018-07-22T22:00:00Z,15.54,15.58,15.35,15.385,74948,-100013,-25065,87176,-78294,8882,33466,-17283,16183,NaN,NaN,NaN,NaN,212527,74948,-100013,-25065,87176,-78294,8882,33466,-17283,16183
2018-07-23T22:00:00Z,15.395,15.63,15.34,15.48,76088,-96113,-20025,88025,-84487,3538,33566,-17079,16487,NaN,NaN,NaN,NaN,214596,76088,-96113,-20025,88025,-84487,3538,33566,-17079,16487
2018-07-24T22:00:00Z,15.48,15.655,15.47,15.63,76088,-96113,-20025,88025,-84487,3538,33566,-17079,16487,NaN,NaN,NaN,NaN,214596,76088,-96113,-20025,88025,-84487,3538,33566,-17079,16487
2018-07-25T22:00:00Z,15.62,15.7,15.39,15.4,76088,-96113,-20025,88025,-84487,3538,33566,-17079,16487,NaN,NaN,NaN,NaN,214596,76088,-96113,-20025,88025,-84487,3538,33566,-17079,16487
2018-07-26T22:00:00Z,15.4,15.57,15.345,15.515,76088,-96113,-20025,88025,-84487,3538,33566,-17079,16487,NaN,NaN,NaN,NaN,214596,76088,-96113,-20025,88025,-84487,3538,33566,-17079,16487
2018-07-29T22:00:00Z,15.46,15.565,15.415,15.505,76088,-96113,-20025,88025,-84487,3538,33566,-17079,16487,NaN,NaN,NaN,NaN,214596,76088,-96113,-20025,88025,-84487,3538,33566,-17079,16487
2018-07-30T22:00:00Z,15.51,15.635,15.38,15.545,77534,-101683,-24149,89616,-83752,5864,34989,-16704,18285,NaN,NaN,NaN,NaN,226512,77534,-101683,-24149,89616,-83752,5864,34989,-16704,18285
2018-07-31T22:00:00Z,15.535,15.56,15.39,15.39,77534,-101683,-24149,89616,-83752,5864,34989,-16704,18285,NaN,NaN,NaN,NaN,226512,77534,-101683,-24149,89616,-83752,5864,34989,-16704,18285
2018-08-01T22:00:00Z,15.405,15.49,15.3,15.32,77534,-101683,-24149,89616,-83752,5864,34989,-16704,18285,NaN,NaN,NaN,NaN,226512,77534,-101683,-24149,89616,-83752,5864,34989,-16704,18285
2018-08-02T22:00:00Z,15.31,15.575,15.25,15.425,77534,-101683,-24149,89616,-83752,5864,34989,-16704,18285,NaN,NaN,NaN,NaN,226512,77534,-101683,-24149,89616,-83752,5864,34989,-16704,18285
2018-08-05T22:00:00Z,15.445,15.505,15.29,15.3,77534,-101683,-24149,89616,-83752,5864,34989,-16704,18285,NaN,NaN,NaN,NaN,226512,77534,-101683,-24149,89616,-83752,5864,34989,-16704,18285
2018-08-06T22:00:00Z,15.305,15.505,15.305,15.385,79490,-101608,-22118,93016,-88675,4341,33853,-16076,17777,NaN,NaN,NaN,NaN,235440,79490,-101608,-22118,93016,-88675,4341,33853,-16076,17777
2018-08-07T22:00:00Z,15.38,15.47,15.29,15.44,79490,-101608,-22118,93016,-88675,4341,33853,-16076,17777,NaN,NaN,NaN,NaN,235440,79490,-101608,-22118,93016,-88675,4341,33853,-16076,17777
2018-08-08T22:00:00Z,15.44,15.525,15.38,15.46,79490,-101608,-22118,93016,-88675,4341,33853,-16076,17777,NaN,NaN,NaN,NaN,235440,79490,-101608,-22118,93016,-88675,4341,33853,-16076,17777
2018-08-09T22:00:00Z,15.46,15.465,15.29,15.315,79490,-101608,-22118,93016,-88675,4341,33853,-16076,17777,NaN,NaN,NaN,NaN,235440,79490,-101608,-22118,93016,-88675,4341,33853,-16076,17777
2018-08-12T22:00:00Z,15.3,15.345,14.97,14.985,79490,-101608,-22118,93016,-88675,4341,33853,-16076,17777,NaN,NaN,NaN,NaN,235440,79490,-101608,-22118,93016,-88675,4341,33853,-16076,17777
2018-08-13T22:00:00Z,14.98,15.105,14.975,15.05,84657,-97033,-12376,93346,-96182,-2836,33523,-18311,15212,NaN,NaN,NaN,NaN,240038,84657,-97033,-12376,93346,-96182,-2836,33523,-18311,15212
2018-08-14T22:00:00Z,15.06,15.07,14.345,14.425,84657,-97033,-12376,93346,-96182,-2836,33523,-18311,15212,NaN,NaN,NaN,NaN,240038,84657,-97033,-12376,93346,-96182,-2836,33523,-18311,15212
2018-08-15T22:00:00Z,14.455,14.825,14.315,14.64,84657,-97033,-12376,93346,-96182,-2836,33523,-18311,15212,NaN,NaN,NaN,NaN,240038,84657,-97033,-12376,93346,-96182,-2836,33523,-18311,15212
2018-08-16T22:00:00Z,14.635,14.8,14.575,14.775,84657,-97033,-12376,93346,-96182,-2836,33523,-18311,15212,NaN,NaN,NaN,NaN,240038,84657,-97033,-12376,93346,-96182,-2836,33523,-18311,15212
2018-08-19T22:00:00Z,14.725,14.83,14.625,14.74,84657,-97033,-12376,93346,-96182,-2836,33523,-18311,15212,NaN,NaN,NaN,NaN,240038,84657,-97033,-12376,93346,-96182,-2836,33523,-18311,15212
2018-08-20T22:00:00Z,14.735,14.83,14.7,14.765,91362,-98780,-7418,91428,-98586,-7158,32759,-18183,14576,NaN,NaN,NaN,NaN,244196,91362,-98780,-7418,91428,-98586,-7158,32759,-18183,14576
2018-08-21T22:00:00Z,14.77,14.875,14.67,14.74,91362,-98780,-7418,91428,-98586,-7158,32759,-18183,14576,NaN,NaN,NaN,NaN,244196,91362,-98780,-7418,91428,-98586,-7158,32759,-18183,14576
2018-08-22T22:00:00Z,14.75,14.75,14.45,14.465,91362,-98780,-7418,91428,-98586,-7158,32759,-18183,14576,NaN,NaN,NaN,NaN,244196,91362,-98780,-7418,91428,-98586,-7158,32759,-18183,14576
2018-08-23T22:00:00Z,14.465,14.855,14.45,14.785,91362,-98780,-7418,91428,-98586,-7158,32759,-18183,14576,NaN,NaN,NaN,NaN,244196,91362,-98780,-7418,91428,-98586,-7158,32759,-18183,14576
2018-08-26T22:00:00Z,14.82,14.885,14.715,14.86,91362,-98780,-7418,91428,-98586,-7158,32759,-18183,14576,NaN,NaN,NaN,NaN,244196,91362,-98780,-7418,91428,-98586,-7158,32759,-18183,14576
2018-08-27T22:00:00Z,14.86,14.95,14.605,14.645,87538,-86121,1417,86540,-103138,-16598,32197,-17016,15181,NaN,NaN,NaN,NaN,227329,87538,-86121,1417,86540,-103138,-16598,32197,-17016,15181
2018-08-28T22:00:00Z,14.65,14.725,14.585,14.695,87538,-86121,1417,86540,-103138,-16598,32197,-17016,15181,NaN,NaN,NaN,NaN,227329,87538,-86121,1417,86540,-103138,-16598,32197,-17016,15181
2018-08-29T22:00:00Z,14.78,14.825,14.545,14.59,87538,-86121,1417,86540,-103138,-16598,32197,-17016,15181,NaN,NaN,NaN,NaN,227329,87538,-86121,1417,86540,-103138,-16598,32197,-17016,15181
2018-08-30T22:00:00Z,14.595,14.76,14.525,14.575,87538,-86121,1417,86540,-103138,-16598,32197,-17016,15181,NaN,NaN,NaN,NaN,227329,87538,-86121,1417,86540,-103138,-16598,32197,-17016,15181
2018-09-02T22:00:00Z,14.54,14.55,14.035,14.185,81421,-66808,14613,83061,-112035,-28974,30920,-16559,14361,NaN,NaN,NaN,NaN,212391,81421,-66808,14613,83061,-112035,-28974,30920,-16559,14361
2018-09-04T22:00:00Z,14.19,14.265,14.125,14.215,81421,-66808,14613,83061,-112035,-28974,30920,-16559,14361,NaN,NaN,NaN,NaN,212391,81421,-66808,14613,83061,-112035,-28974,30920,-16559,14361
2018-09-05T22:00:00Z,14.22,14.34,14.13,14.18,81421,-66808,14613,83061,-112035,-28974,30920,-16559,14361,NaN,NaN,NaN,NaN,212391,81421,-66808,14613,83061,-112035,-28974,30920,-16559,14361
2018-09-06T22:00:00Z,14.19,14.29,14.105,14.215,81421,-66808,14613,83061,-112035,-28974,30920,-16559,14361,NaN,NaN,NaN,NaN,212391,81421,-66808,14613,83061,-112035,-28974,30920,-16559,14361
2018-09-09T22:00:00Z,14.16,14.285,14.11,14.21,81421,-66808,14613,83061,-112035,-28974,30920,-16559,14361,NaN,NaN,NaN,NaN,212391,81421,-66808,14613,83061,-112035,-28974,30920,-16559,14361
2018-09-10T22:00:00Z,14.2,14.265,13.965,14.17,78140,-65766,12374,81095,-108498,-27403,31395,-16366,15029,NaN,NaN,NaN,NaN,208969,78140,-65766,12374,81095,-108498,-27403,31395,-16366,15029
2018-09-11T22:00:00Z,14.16,14.315,14.105,14.285,78140,-65766,12374,81095,-108498,-27403,31395,-16366,15029,NaN,NaN,NaN,NaN,208969,78140,-65766,12374,81095,-108498,-27403,31395,-16366,15029
2018-09-12T22:00:00Z,14.295,14.39,14.19,14.2,78140,-65766,12374,81095,-108498,-27403,31395,-16366,15029,NaN,NaN,NaN,NaN,208969,78140,-65766,12374,81095,-108498,-27403,31395,-16366,15029
2018-09-13T22:00:00Z,14.215,14.315,14.07,14.08,78140,-65766,12374,81095,-108498,-27403,31395,-16366,15029,NaN,NaN,NaN,NaN,208969,78140,-65766,12374,81095,-108498,-27403,31395,-16366,15029
2018-09-16T22:00:00Z,14.095,14.285,14.065,14.215,78140,-65766,12374,81095,-108498,-27403,31395,-16366,15029,NaN,NaN,NaN,NaN,208969,78140,-65766,12374,81095,-108498,-27403,31395,-16366,15029
2018-09-17T22:00:00Z,14.23,14.265,14.105,14.18,77147,-68313,8834,80024,-105540,-25516,32927,-16245,16682,NaN,NaN,NaN,NaN,205469,77147,-68313,8834,80024,-105540,-25516,32927,-16245,16682
2018-09-18T22:00:00Z,14.185,14.375,14.175,14.275,77147,-68313,8834,80024,-105540,-25516,32927,-16245,16682,NaN,NaN,NaN,NaN,205469,77147,-68313,8834,80024,-105540,-25516,32927,-16245,16682
2018-09-19T22:00:00Z,14.285,14.385,14.21,14.355,77147,-68313,8834,80024,-105540,-25516,32927,-16245,16682,NaN,NaN,NaN,NaN,205469,77147,-68313,8834,80024,-105540,-25516,32927,-16245,16682
2018-09-20T22:00:00Z,14.35,14.465,14.18,14.31,77147,-68313,8834,80024,-105540,-25516,32927,-16245,16682,NaN,NaN,NaN,NaN,205469,77147,-68313,8834,80024,-105540,-25516,32927,-16245,16682
2018-09-23T22:00:00Z,14.325,14.42,14.22,14.285,77147,-68313,8834,80024,-105540,-25516,32927,-16245,16682,NaN,NaN,NaN,NaN,205469,77147,-68313,8834,80024,-105540,-25516,32927,-16245,16682
2018-09-24T22:00:00Z,14.295,14.595,14.25,14.49,76039,-70653,5386,79198,-102453,-23255,33295,-15426,17869,NaN,NaN,NaN,NaN,204508,76039,-70653,5386,79198,-102453,-23255,33295,-15426,17869
2018-09-25T22:00:00Z,14.5,14.545,14.34,14.355,76039,-70653,5386,79198,-102453,-23255,33295,-15426,17869,NaN,NaN,NaN,NaN,204508,76039,-70653,5386,79198,-102453,-23255,33295,-15426,17869
2018-09-26T22:00:00Z,14.375,14.48,14.195,14.275,76039,-70653,5386,79198,-102453,-23255,33295,-15426,17869,NaN,NaN,NaN,NaN,204508,76039,-70653,5386,79198,-102453,-23255,33295,-15426,17869
2018-09-27T22:00:00Z,14.27,14.755,14.255,14.69,76039,-70653,5386,79198,-102453,-23255,33295,-15426,17869,NaN,NaN,NaN,NaN,204508,76039,-70653,5386,79198,-102453,-23255,33295,-15426,17869
2018-09-30T22:00:00Z,14.725,14.725,14.395,14.52,76039,-70653,5386,79198,-102453,-23255,33295,-15426,17869,NaN,NaN,NaN,NaN,204508,76039,-70653,5386,79198,-102453,-23255,33295,-15426,17869
2018-10-01T22:00:00Z,14.535,14.95,14.47,14.72,76734,-77746,-1012,75937,-93435,-17498,32150,-13640,18510,NaN,NaN,NaN,NaN,200173,76734,-77746,-1012,75937,-93435,-17498,32150,-13640,18510
2018-10-02T22:00:00Z,14.73,14.855,14.65,14.665,76734,-77746,-1012,75937,-93435,-17498,32150,-13640,18510,NaN,NaN,NaN,NaN,200173,76734,-77746,-1012,75937,-93435,-17498,32150,-13640,18510
2018-10-03T22:00:00Z,14.665,14.805,14.56,14.62,76734,-77746,-1012,75937,-93435,-17498,32150,-13640,18510,NaN,NaN,NaN,NaN,200173,76734,-77746,-1012,75937,-93435,-17498,32150,-13640,18510
2018-10-04T22:00:00Z,14.62,14.75,14.54,14.68,76734,-77746,-1012,75937,-93435,-17498,32150,-13640,18510,NaN,NaN,NaN,NaN,200173,76734,-77746,-1012,75937,-93435,-17498,32150,-13640,18510
2018-10-07T22:00:00Z,14.665,14.7,14.285,14.4,76734,-77746,-1012,75937,-93435,-17498,32150,-13640,18510,NaN,NaN,NaN,NaN,200173,76734,-77746,-1012,75937,-93435,-17498,32150,-13640,18510
2018-10-08T22:00:00Z,14.42,14.47,14.285,14.41,78165,-74610,3555,72135,-94385,-22250,32924,-14229,18695,NaN,NaN,NaN,NaN,199853,78165,-74610,3555,72135,-94385,-22250,32924,-14229,18695
2018-10-09T22:00:00Z,14.42,14.455,14.255,14.315,78165,-74610,3555,72135,-94385,-22250,32924,-14229,18695,NaN,NaN,NaN,NaN,199853,78165,-74610,3555,72135,-94385,-22250,32924,-14229,18695
2018-10-10T22:00:00Z,14.335,14.65,14.275,14.61,78165,-74610,3555,72135,-94385,-22250,32924,-14229,18695,NaN,NaN,NaN,NaN,199853,78165,-74610,3555,72135,-94385,-22250,32924,-14229,18695
2018-10-11T22:00:00Z,14.62,14.735,14.54,14.63,78165,-74610,3555,72135,-94385,-22250,32924,-14229,18695,NaN,NaN,NaN,NaN,199853,78165,-74610,3555,72135,-94385,-22250,32924,-14229,18695
2018-10-14T22:00:00Z,14.625,14.805,14.615,14.715,78165,-74610,3555,72135,-94385,-22250,32924,-14229,18695,NaN,NaN,NaN,NaN,199853,78165,-74610,3555,72135,-94385,-22250,32924,-14229,18695
2018-10-15T22:00:00Z,14.725,14.88,14.64,14.685,77622,-82446,-4824,72203,-87030,-14827,33920,-14269,19651,NaN,NaN,NaN,NaN,199398,77622,-82446,-4824,72203,-87030,-14827,33920,-14269,19651
2018-10-16T22:00:00Z,14.675,14.76,14.615,14.63,77622,-82446,-4824,72203,-87030,-14827,33920,-14269,19651,NaN,NaN,NaN,NaN,199398,77622,-82446,-4824,72203,-87030,-14827,33920,-14269,19651
2018-10-17T22:00:00Z,14.625,14.68,14.47,14.59,77622,-82446,-4824,72203,-87030,-14827,33920,-14269,19651,NaN,NaN,NaN,NaN,199398,77622,-82446,-4824,72203,-87030,-14827,33920,-14269,19651
2018-10-18T22:00:00Z,14.6,14.74,14.58,14.65,77622,-82446,-4824,72203,-87030,-14827,33920,-14269,19651,NaN,NaN,NaN,NaN,199398,77622,-82446,-4824,72203,-87030,-14827,33920,-14269,19651
2018-10-21T22:00:00Z,14.65,14.715,14.54,14.58,77622,-82446,-4824,72203,-87030,-14827,33920,-14269,19651,NaN,NaN,NaN,NaN,199398,77622,-82446,-4824,72203,-87030,-14827,33920,-14269,19651
2018-10-22T22:00:00Z,14.585,14.84,14.54,14.755,76579,-89841,-13262,75016,-80195,-5179,32819,-14378,18441,NaN,NaN,NaN,NaN,199746,76579,-89841,-13262,75016,-80195,-5179,32819,-14378,18441
2018-10-23T22:00:00Z,14.775,14.83,14.66,14.7,76579,-89841,-13262,75016,-80195,-5179,32819,-14378,18441,NaN,NaN,NaN,NaN,199746,76579,-89841,-13262,75016,-80195,-5179,32819,-14378,18441
2018-10-24T22:00:00Z,14.72,14.8,14.61,14.66,76579,-89841,-13262,75016,-80195,-5179,32819,-14378,18441,NaN,NaN,NaN,NaN,199746,76579,-89841,-13262,75016,-80195,-5179,32819,-14378,18441
2018-10-25T22:00:00Z,14.66,14.795,14.595,14.705,76579,-89841,-13262,75016,-80195,-5179,32819,-14378,18441,NaN,NaN,NaN,NaN,199746,76579,-89841,-13262,75016,-80195,-5179,32819,-14378,18441
2018-10-28T22:00:00Z,14.72,14.78,14.405,14.46,76579,-89841,-13262,75016,-80195,-5179,32819,-14378,18441,NaN,NaN,NaN,NaN,199746,76579,-89841,-13262,75016,-80195,-5179,32819,-14378,18441
2018-10-29T22:00:00Z,14.47,14.53,14.375,14.47,82398,-92158,-9760,76053,-84523,-8470,33724,-15494,18230,NaN,NaN,NaN,NaN,208976,82398,-92158,-9760,76053,-84523,-8470,33724,-15494,18230
2018-10-30T22:00:00Z,14.48,14.49,14.24,14.245,82398,-92158,-9760,76053,-84523,-8470,33724,-15494,18230,NaN,NaN,NaN,NaN,208976,82398,-92158,-9760,76053,-84523,-8470,33724,-15494,18230
2018-10-31T22:00:00Z,14.26,14.83,14.255,14.75,82398,-92158,-9760,76053,-84523,-8470,33724,-15494,18230,NaN,NaN,NaN,NaN,208976,82398,-92158,-9760,76053,-84523,-8470,33724,-15494,18230
2018-11-01T22:00:00Z,14.78,14.92,14.655,14.745,82398,-92158,-9760,76053,-84523,-8470,33724,-15494,18230,NaN,NaN,NaN,NaN,208976,82398,-92158,-9760,76053,-84523,-8470,33724,-15494,18230
2018-11-04T23:00:00Z,14.74,14.775,14.595,14.64,82398,-92158,-9760,76053,-84523,-8470,33724,-15494,18230,NaN,NaN,NaN,NaN,208976,82398,-92158,-9760,76053,-84523,-8470,33724,-15494,18230
2018-11-05T23:00:00Z,14.66,14.715,14.48,14.525,78778,-98069,-19291,73117,-75587,-2470,34204,-12443,21761,NaN,NaN,NaN,NaN,213566,78778,-98069,-19291,73117,-75587,-2470,34204,-12443,21761
2018-11-06T23:00:00Z,14.54,14.73,14.475,14.57,78778,-98069,-19291,73117,-75587,-2470,34204,-12443,21761,NaN,NaN,NaN,NaN,213566,78778,-98069,-19291,73117,-75587,-2470,34204,-12443,21761
2018-11-07T23:00:00Z,14.57,14.575,14.365,14.42,78778,-98069,-19291,73117,-75587,-2470,34204,-12443,21761,NaN,NaN,NaN,NaN,213566,78778,-98069,-19291,73117,-75587,-2470,34204,-12443,21761
2018-11-08T23:00:00Z,14.42,14.425,14.08,14.13,78778,-98069,-19291,73117,-75587,-2470,34204,-12443,21761,NaN,NaN,NaN,NaN,213566,78778,-98069,-19291,73117,-75587,-2470,34204,-12443,21761
2018-11-11T23:00:00Z,14.15,14.18,13.955,13.97,78778,-98069,-19291,73117,-75587,-2470,34204,-12443,21761,NaN,NaN,NaN,NaN,213566,78778,-98069,-19291,73117,-75587,-2470,34204,-12443,21761
2018-11-12T23:00:00Z,13.975,14.105,13.92,13.965,82163,-87110,-4947,74618,-91763,-17145,36705,-14613,22092,NaN,NaN,NaN,NaN,224346,82163,-87110,-4947,74618,-91763,-17145,36705,-14613,22092
2018-11-13T23:00:00Z,13.97,14.17,13.86,14.11,82163,-87110,-4947,74618,-91763,-17145,36705,-14613,22092,NaN,NaN,NaN,NaN,224346,82163,-87110,-4947,74618,-91763,-17145,36705,-14613,22092
2018-11-14T23:00:00Z,14.1,14.325,14.07,14.27,82163,-87110,-4947,74618,-91763,-17145,36705,-14613,22092,NaN,NaN,NaN,NaN,224346,82163,-87110,-4947,74618,-91763,-17145,36705,-14613,22092
2018-11-15T23:00:00Z,14.27,14.4,14.215,14.39,82163,-87110,-4947,74618,-91763,-17145,36705,-14613,22092,NaN,NaN,NaN,NaN,224346,82163,-87110,-4947,74618,-91763,-17145,36705,-14613,22092
2018-11-18T23:00:00Z,14.4,14.42,14.325,14.405,82163,-87110,-4947,74618,-91763,-17145,36705,-14613,22092,NaN,NaN,NaN,NaN,224346,82163,-87110,-4947,74618,-91763,-17145,36705,-14613,22092
2018-11-19T23:00:00Z,14.41,14.475,14.205,14.295,83855,-90749,-6894,71646,-82374,-10728,32188,-14566,17622,NaN,NaN,NaN,NaN,223049,83855,-90749,-6894,71646,-82374,-10728,32188,-14566,17622
2018-11-20T23:00:00Z,14.325,14.54,14.26,14.495,83855,-90749,-6894,71646,-82374,-10728,32188,-14566,17622,NaN,NaN,NaN,NaN,223049,83855,-90749,-6894,71646,-82374,-10728,32188,-14566,17622
2018-11-21T23:00:00Z,14.46,14.485,14.165,14.26,83855,-90749,-6894,71646,-82374,-10728,32188,-14566,17622,NaN,NaN,NaN,NaN,223049,83855,-90749,-6894,71646,-82374,-10728,32188,-14566,17622
2018-11-25T23:00:00Z,14.29,14.415,14.18,14.19,83855,-90749,-6894,71646,-82374,-10728,32188,-14566,17622,NaN,NaN,NaN,NaN,223049,83855,-90749,-6894,71646,-82374,-10728,32188,-14566,17622
2018-11-26T23:00:00Z,14.205,14.265,14.05,14.1,80490,-89331,-8841,67813,-78779,-10966,33887,-14080,19807,NaN,NaN,NaN,NaN,199783,80490,-89331,-8841,67813,-78779,-10966,33887,-14080,19807
2018-11-27T23:00:00Z,14.105,14.36,14.07,14.285,80490,-89331,-8841,67813,-78779,-10966,33887,-14080,19807,NaN,NaN,NaN,NaN,199783,80490,-89331,-8841,67813,-78779,-10966,33887,-14080,19807
2018-11-28T23:00:00Z,14.42,14.47,14.34,14.385,80490,-89331,-8841,67813,-78779,-10966,33887,-14080,19807,NaN,NaN,NaN,NaN,199783,80490,-89331,-8841,67813,-78779,-10966,33887,-14080,19807
2018-11-29T23:00:00Z,14.375,14.41,14.115,14.25,80490,-89331,-8841,67813,-78779,-10966,33887,-14080,19807,NaN,NaN,NaN,NaN,199783,80490,-89331,-8841,67813,-78779,-10966,33887,-14080,19807
2018-12-02T23:00:00Z,14.335,14.645,14.28,14.455,80490,-89331,-8841,67813,-78779,-10966,33887,-14080,19807,NaN,NaN,NaN,NaN,199783,80490,-89331,-8841,67813,-78779,-10966,33887,-14080,19807
2018-12-03T23:00:00Z,14.5,14.745,14.46,14.605,67785,-83203,-15418,69314,-69949,-635,28456,-12403,16053,NaN,NaN,NaN,NaN,179909,67785,-83203,-15418,69314,-69949,-635,28456,-12403,16053
2018-12-04T23:00:00Z,14.605,14.62,14.49,14.565,67785,-83203,-15418,69314,-69949,-635,28456,-12403,16053,NaN,NaN,NaN,NaN,179909,67785,-83203,-15418,69314,-69949,-635,28456,-12403,16053
2018-12-05T23:00:00Z,14.585,14.59,14.415,14.54,67785,-83203,-15418,69314,-69949,-635,28456,-12403,16053,NaN,NaN,NaN,NaN,179909,67785,-83203,-15418,69314,-69949,-635,28456,-12403,16053
2018-12-06T23:00:00Z,14.55,14.735,14.51,14.7,67785,-83203,-15418,69314,-69949,-635,28456,-12403,16053,NaN,NaN,NaN,NaN,179909,67785,-83203,-15418,69314,-69949,-635,28456,-12403,16053
2018-12-09T23:00:00Z,14.735,14.735,14.565,14.615,67785,-83203,-15418,69314,-69949,-635,28456,-12403,16053,NaN,NaN,NaN,NaN,179909,67785,-83203,-15418,69314,-69949,-635,28456,-12403,16053
2018-12-10T23:00:00Z,14.63,14.82,14.605,14.655,64282,-92161,-27879,71136,-59880,11256,28532,-11909,16623,NaN,NaN,NaN,NaN,174071,64282,-92161,-27879,71136,-59880,11256,28532,-11909,16623
2018-12-11T23:00:00Z,14.65,14.895,14.63,14.84,64282,-92161,-27879,71136,-59880,11256,28532,-11909,16623,NaN,NaN,NaN,NaN,174071,64282,-92161,-27879,71136,-59880,11256,28532,-11909,16623
2018-12-12T23:00:00Z,14.86,14.9,14.765,14.835,64282,-92161,-27879,71136,-59880,11256,28532,-11909,16623,NaN,NaN,NaN,NaN,174071,64282,-92161,-27879,71136,-59880,11256,28532,-11909,16623
2018-12-13T23:00:00Z,14.83,14.85,14.56,14.635,64282,-92161,-27879,71136,-59880,11256,28532,-11909,16623,NaN,NaN,NaN,NaN,174071,64282,-92161,-27879,71136,-59880,11256,28532,-11909,16623
2018-12-16T23:00:00Z,14.655,14.775,14.62,14.74,64282,-92161,-27879,71136,-59880,11256,28532,-11909,16623,NaN,NaN,NaN,NaN,174071,64282,-92161,-27879,71136,-59880,11256,28532,-11909,16623
2018-12-17T23:00:00Z,14.735,14.79,14.68,14.7,61045,-96521,-35476,74023,-54192,19831,27860,-12215,15645,NaN,NaN,NaN,NaN,172860,61045,-96521,-35476,74023,-54192,19831,27860,-12215,15645
2018-12-18T23:00:00Z,14.705,14.9,14.615,14.66,61045,-96521,-35476,74023,-54192,19831,27860,-12215,15645,NaN,NaN,NaN,NaN,172860,61045,-96521,-35476,74023,-54192,19831,27860,-12215,15645
2018-12-19T23:00:00Z,14.68,14.915,14.62,14.835,61045,-96521,-35476,74023,-54192,19831,27860,-12215,15645,NaN,NaN,NaN,NaN,172860,61045,-96521,-35476,74023,-54192,19831,27860,-12215,15645
2018-12-20T23:00:00Z,14.84,14.86,14.665,14.695,61045,-96521,-35476,74023,-54192,19831,27860,-12215,15645,NaN,NaN,NaN,NaN,172860,61045,-96521,-35476,74023,-54192,19831,27860,-12215,15645
2018-12-23T23:00:00Z,14.735,14.875,14.715,14.835,59612,-99481,-39869,77314,-51764,25550,26792,-12473,14319,NaN,NaN,NaN,NaN,173685,59612,-99481,-39869,77314,-51764,25550,26792,-12473,14319
2018-12-25T23:00:00Z,14.875,15.25,14.78,15.1,59612,-99481,-39869,77314,-51764,25550,26792,-12473,14319,NaN,NaN,NaN,NaN,173685,59612,-99481,-39869,77314,-51764,25550,26792,-12473,14319
2018-12-26T23:00:00Z,15.115,15.335,15.005,15.29,59612,-99481,-39869,77314,-51764,25550,26792,-12473,14319,NaN,NaN,NaN,NaN,173685,59612,-99481,-39869,77314,-51764,25550,26792,-12473,14319
2018-12-27T23:00:00Z,15.295,15.46,15.285,15.45,59612,-99481,-39869,77314,-51764,25550,26792,-12473,14319,NaN,NaN,NaN,NaN,173685,59612,-99481,-39869,77314,-51764,25550,26792,-12473,14319
2018-12-30T23:00:00Z,15.46,15.575,15.39,15.56,56481,-114335,-57854,83022,-38063,44959,26005,-13110,12895,NaN,NaN,NaN,NaN,176159,56481,-114335,-57854,83022,-38063,44959,26005,-13110,12895
2019-01-01T23:00:00Z,15.55,15.68,15.385,15.58,56481,-114335,-57854,83022,-38063,44959,26005,-13110,12895,NaN,NaN,NaN,NaN,176159,56481,-114335,-57854,83022,-38063,44959,26005,-13110,12895
2019-01-02T23:00:00Z,15.63,15.815,15.55,15.795,56481,-114335,-57854,83022,-38063,44959,26005,-13110,12895,NaN,NaN,NaN,NaN,176159,56481,-114335,-57854,83022,-38063,44959,26005,-13110,12895
2019-01-03T23:00:00Z,15.805,15.955,15.645,15.755,56481,-114335,-57854,83022,-38063,44959,26005,-13110,12895,NaN,NaN,NaN,NaN,176159,56481,-114335,-57854,83022,-38063,44959,26005,-13110,12895
2019-01-06T23:00:00Z,15.8,15.88,15.68,15.705,56481,-114335,-57854,83022,-38063,44959,26005,-13110,12895,NaN,NaN,NaN,NaN,176159,56481,-114335,-57854,83022,-38063,44959,26005,-13110,12895
2019-01-07T23:00:00Z,15.725,15.745,15.56,15.7,60851,-129642,-68791,86786,-32763,54023,27960,-13192,14768,NaN,NaN,NaN,NaN,186506,60851,-129642,-68791,86786,-32763,54023,27960,-13192,14768
2019-01-08T23:00:00Z,15.715,15.825,15.63,15.795,60851,-129642,-68791,86786,-32763,54023,27960,-13192,14768,NaN,NaN,NaN,NaN,186506,60851,-129642,-68791,86786,-32763,54023,27960,-13192,14768
2019-01-09T23:00:00Z,15.8,15.83,15.585,15.605,60851,-129642,-68791,86786,-32763,54023,27960,-13192,14768,NaN,NaN,NaN,NaN,186506,60851,-129642,-68791,86786,-32763,54023,27960,-13192,14768
2019-01-10T23:00:00Z,15.625,15.78,15.59,15.64,60851,-129642,-68791,86786,-32763,54023,27960,-13192,14768,NaN,NaN,NaN,NaN,186506,60851,-129642,-68791,86786,-32763,54023,27960,-13192,14768
2019-01-13T23:00:00Z,15.64,15.7,15.585,15.685,60851,-129642,-68791,86786,-32763,54023,27960,-13192,14768,NaN,NaN,NaN,NaN,186506,60851,-129642,-68791,86786,-32763,54023,27960,-13192,14768
2019-01-14T23:00:00Z,15.69,15.735,15.575,15.62,63464,-135154,-71690,85959,-33784,52175,30596,-11081,19515,NaN,NaN,NaN,NaN,191922,63464,-135154,-71690,85959,-33784,52175,30596,-11081,19515
2019-01-15T23:00:00Z,15.62,15.685,15.52,15.62,63464,-135154,-71690,85959,-33784,52175,30596,-11081,19515,NaN,NaN,NaN,NaN,191922,63464,-135154,-71690,85959,-33784,52175,30596,-11081,19515
2019-01-16T23:00:00Z,15.625,15.645,15.48,15.555,63464,-135154,-71690,85959,-33784,52175,30596,-11081,19515,NaN,NaN,NaN,NaN,191922,63464,-135154,-71690,85959,-33784,52175,30596,-11081,19515
2019-01-17T23:00:00Z,15.585,15.605,15.35,15.36,63464,-135154,-71690,85959,-33784,52175,30596,-11081,19515,NaN,NaN,NaN,NaN,191922,63464,-135154,-71690,85959,-33784,52175,30596,-11081,19515
2019-01-20T23:00:00Z,15.375,15.385,15.195,15.355,64325,-129257,-64932,83303,-35147,48156,29997,-13221,16776,NaN,NaN,NaN,NaN,188674,64325,-129257,-64932,83303,-35147,48156,29997,-13221,16776
2019-01-22T23:00:00Z,15.345,15.445,15.275,15.38,64325,-129257,-64932,83303,-35147,48156,29997,-13221,16776,NaN,NaN,NaN,NaN,188674,64325,-129257,-64932,83303,-35147,48156,29997,-13221,16776
2019-01-23T23:00:00Z,15.37,15.405,15.245,15.325,64325,-129257,-64932,83303,-35147,48156,29997,-13221,16776,NaN,NaN,NaN,NaN,188674,64325,-129257,-64932,83303,-35147,48156,29997,-13221,16776
2019-01-24T23:00:00Z,15.32,15.765,15.3,15.75,64325,-129257,-64932,83303,-35147,48156,29997,-13221,16776,NaN,NaN,NaN,NaN,188674,64325,-129257,-64932,83303,-35147,48156,29997,-13221,16776
2019-01-27T23:00:00Z,15.755,15.83,15.61,15.755,64325,-129257,-64932,83303,-35147,48156,29997,-13221,16776,NaN,NaN,NaN,NaN,188674,64325,-129257,-64932,83303,-35147,48156,29997,-13221,16776
2019-01-28T23:00:00Z,15.755,15.925,15.725,15.845,65398,-137860,-72462,86074,-31791,54283,30665,-12486,18179,NaN,NaN,NaN,NaN,194895,65398,-137860,-72462,86074,-31791,54283,30665,-12486,18179
2019-01-29T23:00:00Z,15.845,16.12,15.825,16.08,65398,-137860,-72462,86074,-31791,54283,30665,-12486,18179,NaN,NaN,NaN,NaN,194895,65398,-137860,-72462,86074,-31791,54283,30665,-12486,18179
2019-01-30T23:00:00Z,16.105,16.2,16.005,16.065,65398,-137860,-72462,86074,-31791,54283,30665,-12486,18179,NaN,NaN,NaN,NaN,194895,65398,-137860,-72462,86074,-31791,54283,30665,-12486,18179
2019-01-31T23:00:00Z,16.06,16.08,15.9,15.91,65398,-137860,-72462,86074,-31791,54283,30665,-12486,18179,NaN,NaN,NaN,NaN,194895,65398,-137860,-72462,86074,-31791,54283,30665,-12486,18179
2019-02-03T23:00:00Z,15.92,15.935,15.685,15.87,65398,-137860,-72462,86074,-31791,54283,30665,-12486,18179,NaN,NaN,NaN,NaN,194895,65398,-137860,-72462,86074,-31791,54283,30665,-12486,18179
2019-02-04T23:00:00Z,15.88,15.93,15.815,15.855,68031,-146235,-78204,89868,-32773,57095,33626,-12517,21109,NaN,NaN,NaN,NaN,207101,68031,-146235,-78204,89868,-32773,57095,33626,-12517,21109
2019-02-05T23:00:00Z,15.84,15.87,15.64,15.67,68031,-146235,-78204,89868,-32773,57095,33626,-12517,21109,NaN,NaN,NaN,NaN,207101,68031,-146235,-78204,89868,-32773,57095,33626,-12517,21109
2019-02-06T23:00:00Z,15.66,15.75,15.635,15.735,68031,-146235,-78204,89868,-32773,57095,33626,-12517,21109,NaN,NaN,NaN,NaN,207101,68031,-146235,-78204,89868,-32773,57095,33626,-12517,21109
2019-02-07T23:00:00Z,15.74,15.86,15.65,15.825,68031,-146235,-78204,89868,-32773,57095,33626,-12517,21109,NaN,NaN,NaN,NaN,207101,68031,-146235,-78204,89868,-32773,57095,33626,-12517,21109
2019-02-10T23:00:00Z,15.805,15.83,15.655,15.695,68031,-146235,-78204,89868,-32773,57095,33626,-12517,21109,NaN,NaN,NaN,NaN,207101,68031,-146235,-78204,89868,-32773,57095,33626,-12517,21109
2019-02-11T23:00:00Z,15.7,15.82,15.65,15.69,79633,-155127,-75494,89722,-36519,53203,35039,-12748,22291,NaN,NaN,NaN,NaN,217925,79633,-155127,-75494,89722,-36519,53203,35039,-12748,22291
2019-02-12T23:00:00Z,15.685,15.8,15.52,15.55,79633,-155127,-75494,89722,-36519,53203,35039,-12748,22291,NaN,NaN,NaN,NaN,217925,79633,-155127,-75494,89722,-36519,53203,35039,-12748,22291
2019-02-13T23:00:00Z,15.555,15.65,15.445,15.59,79633,-155127,-75494,89722,-36519,53203,35039,-12748,22291,NaN,NaN,NaN,NaN,217925,79633,-155127,-75494,89722,-36519,53203,35039,-12748,22291
2019-02-14T23:00:00Z,15.59,15.775,15.525,15.755,79633,-155127,-75494,89722,-36519,53203,35039,-12748,22291,NaN,NaN,NaN,NaN,217925,79633,-155127,-75494,89722,-36519,53203,35039,-12748,22291
2019-02-17T23:00:00Z,15.76,15.98,15.715,15.965,80913,-154787,-73874,89135,-38866,50269,36108,-12503,23605,NaN,NaN,NaN,NaN,220822,80913,-154787,-73874,89135,-38866,50269,36108,-12503,23605
2019-02-19T23:00:00Z,15.96,16.195,15.935,16.025,80913,-154787,-73874,89135,-38866,50269,36108,-12503,23605,NaN,NaN,NaN,NaN,220822,80913,-154787,-73874,89135,-38866,50269,36108,-12503,23605
2019-02-20T23:00:00Z,16.025,16.08,15.75,15.77,80913,-154787,-73874,89135,-38866,50269,36108,-12503,23605,NaN,NaN,NaN,NaN,220822,80913,-154787,-73874,89135,-38866,50269,36108,-12503,23605
2019-02-21T23:00:00Z,15.77,15.935,15.76,15.885,80913,-154787,-73874,89135,-38866,50269,36108,-12503,23605,NaN,NaN,NaN,NaN,220822,80913,-154787,-73874,89135,-38866,50269,36108,-12503,23605
2019-02-24T23:00:00Z,15.885,15.96,15.805,15.845,80913,-154787,-73874,89135,-38866,50269,36108,-12503,23605,NaN,NaN,NaN,NaN,220822,80913,-154787,-73874,89135,-38866,50269,36108,-12503,23605
2019-02-25T23:00:00Z,15.845,15.89,15.74,15.885,72192,-150361,-78169,90971,-32658,58313,30965,-11109,19856,NaN,NaN,NaN,NaN,206447,72192,-150361,-78169,90971,-32658,58313,30965,-11109,19856
2019-02-26T23:00:00Z,15.98,16.01,15.735,15.77,72192,-150361,-78169,90971,-32658,58313,30965,-11109,19856,NaN,NaN,NaN,NaN,206447,72192,-150361,-78169,90971,-32658,58313,30965,-11109,19856
2019-02-27T23:00:00Z,15.77,15.86,15.605,15.64,72192,-150361,-78169,90971,-32658,58313,30965,-11109,19856,NaN,NaN,NaN,NaN,206447,72192,-150361,-78169,90971,-32658,58313,30965,-11109,19856
2019-02-28T23:00:00Z,15.63,15.665,15.165,15.225,72192,-150361,-78169,90971,-32658,58313,30965,-11109,19856,NaN,NaN,NaN,NaN,206447,72192,-150361,-78169,90971,-32658,58313,30965,-11109,19856
2019-03-03T23:00:00Z,15.225,15.295,15.075,15.1,72192,-150361,-78169,90971,-32658,58313,30965,-11109,19856,NaN,NaN,NaN,NaN,206447,72192,-150361,-78169,90971,-32658,58313,30965,-11109,19856
2019-03-04T23:00:00Z,15.115,15.175,15.06,15.15,70314,-122555,-52241,76954,-44433,32521,30389,-10669,19720,NaN,NaN,NaN,NaN,190024,70314,-122555,-52241,76954,-44433,32521,30389,-10669,19720
2019-03-05T23:00:00Z,15.15,15.175,15.055,15.09,70314,-122555,-52241,76954,-44433,32521,30389,-10669,19720,NaN,NaN,NaN,NaN,190024,70314,-122555,-52241,76954,-44433,32521,30389,-10669,19720
2019-03-06T23:00:00Z,15.1,15.13,14.985,15.03,70314,-122555,-52241,76954,-44433,32521,30389,-10669,19720,NaN,NaN,NaN,NaN,190024,70314,-122555,-52241,76954,-44433,32521,30389,-10669,19720
2019-03-07T23:00:00Z,15.055,15.385,15.015,15.36,70314,-122555,-52241,76954,-44433,32521,30389,-10669,19720,NaN,NaN,NaN,NaN,190024,70314,-122555,-52241,76954,-44433,32521,30389,-10669,19720
2019-03-10T22:00:00Z,15.32,15.365,15.225,15.32,70314,-122555,-52241,76954,-44433,32521,30389,-10669,19720,NaN,NaN,NaN,NaN,190024,70314,-122555,-52241,76954,-44433,32521,30389,-10669,19720
2019-03-11T22:00:00Z,15.33,15.49,15.31,15.45,69170,-115431,-46261,76183,-49101,27082,30709,-11530,19179,NaN,NaN,NaN,NaN,189768,69170,-115431,-46261,76183,-49101,27082,30709,-11530,19179
2019-03-12T22:00:00Z,15.44,15.55,15.435,15.455,69170,-115431,-46261,76183,-49101,27082,30709,-11530,19179,NaN,NaN,NaN,NaN,189768,69170,-115431,-46261,76183,-49101,27082,30709,-11530,19179
2019-03-13T22:00:00Z,15.455,15.47,15.135,15.18,69170,-115431,-46261,76183,-49101,27082,30709,-11530,19179,NaN,NaN,NaN,NaN,189768,69170,-115431,-46261,76183,-49101,27082,30709,-11530,19179
2019-03-14T22:00:00Z,15.185,15.39,15.165,15.29,69170,-115431,-46261,76183,-49101,27082,30709,-11530,19179,NaN,NaN,NaN,NaN,189768,69170,-115431,-46261,76183,-49101,27082,30709,-11530,19179
2019-03-17T22:00:00Z,15.315,15.425,15.22,15.35,69170,-115431,-46261,76183,-49101,27082,30709,-11530,19179,NaN,NaN,NaN,NaN,189768,69170,-115431,-46261,76183,-49101,27082,30709,-11530,19179
2019-03-18T22:00:00Z,15.345,15.45,15.32,15.375,70131,-113831,-43700,75196,-51886,23310,30247,-9857,20390,NaN,NaN,NaN,NaN,189124,70131,-113831,-43700,75196,-51886,23310,30247,-9857,20390
2019-03-19T22:00:00Z,15.36,15.565,15.265,15.48,70131,-113831,-43700,75196,-51886,23310,30247,-9857,20390,NaN,NaN,NaN,NaN,189124,70131,-113831,-43700,75196,-51886,23310,30247,-9857,20390
2019-03-20T22:00:00Z,15.485,15.65,15.38,15.475,70131,-113831,-43700,75196,-51886,23310,30247,-9857,20390,NaN,NaN,NaN,NaN,189124,70131,-113831,-43700,75196,-51886,23310,30247,-9857,20390
2019-03-21T22:00:00Z,15.475,15.55,15.365,15.435,70131,-113831,-43700,75196,-51886,23310,30247,-9857,20390,NaN,NaN,NaN,NaN,189124,70131,-113831,-43700,75196,-51886,23310,30247,-9857,20390
2019-03-24T22:00:00Z,15.405,15.59,15.385,15.545,70131,-113831,-43700,75196,-51886,23310,30247,-9857,20390,NaN,NaN,NaN,NaN,189124,70131,-113831,-43700,75196,-51886,23310,30247,-9857,20390
2019-03-25T22:00:00Z,15.545,15.56,15.39,15.43,70719,-117435,-46716,76541,-49864,26677,30471,-10432,20039,NaN,NaN,NaN,NaN,192676,70719,-117435,-46716,76541,-49864,26677,30471,-10432,20039
2019-03-26T22:00:00Z,15.425,15.475,15.255,15.28,70719,-117435,-46716,76541,-49864,26677,30471,-10432,20039,NaN,NaN,NaN,NaN,192676,70719,-117435,-46716,76541,-49864,26677,30471,-10432,20039
2019-03-27T22:00:00Z,15.285,15.315,14.955,14.99,70719,-117435,-46716,76541,-49864,26677,30471,-10432,20039,NaN,NaN,NaN,NaN,192676,70719,-117435,-46716,76541,-49864,26677,30471,-10432,20039
2019-03-28T22:00:00Z,14.99,15.18,14.95,15.1,70719,-117435,-46716,76541,-49864,26677,30471,-10432,20039,NaN,NaN,NaN,NaN,192676,70719,-117435,-46716,76541,-49864,26677,30471,-10432,20039
2019-03-31T22:00:00Z,15.095,15.19,15.03,15.075,70719,-117435,-46716,76541,-49864,26677,30471,-10432,20039,NaN,NaN,NaN,NaN,192676,70719,-117435,-46716,76541,-49864,26677,30471,-10432,20039
2019-04-01T22:00:00Z,15.085,15.09,14.905,15.085,72376,-106734,-34358,78993,-62210,16783,30480,-12905,17575,NaN,NaN,NaN,NaN,199592,72376,-106734,-34358,78993,-62210,16783,30480,-12905,17575
2019-04-02T22:00:00Z,15.09,15.16,15,15.105,72376,-106734,-34358,78993,-62210,16783,30480,-12905,17575,NaN,NaN,NaN,NaN,199592,72376,-106734,-34358,78993,-62210,16783,30480,-12905,17575
2019-04-03T22:00:00Z,15.09,15.15,14.86,15.115,72376,-106734,-34358,78993,-62210,16783,30480,-12905,17575,NaN,NaN,NaN,NaN,199592,72376,-106734,-34358,78993,-62210,16783,30480,-12905,17575
2019-04-04T22:00:00Z,15.115,15.18,15.04,15.08,72376,-106734,-34358,78993,-62210,16783,30480,-12905,17575,NaN,NaN,NaN,NaN,199592,72376,-106734,-34358,78993,-62210,16783,30480,-12905,17575
2019-04-07T22:00:00Z,15.075,15.275,15.075,15.22,72376,-106734,-34358,78993,-62210,16783,30480,-12905,17575,NaN,NaN,NaN,NaN,199592,72376,-106734,-34358,78993,-62210,16783,30480,-12905,17575
2019-04-08T22:00:00Z,15.22,15.31,15.18,15.19,78785,-116547,-37762,76410,-59992,16418,34545,-13201,21344,NaN,NaN,NaN,NaN,208784,78785,-116547,-37762,76410,-59992,16418,34545,-13201,21344
2019-04-09T22:00:00Z,15.185,15.265,15.115,15.195,78785,-116547,-37762,76410,-59992,16418,34545,-13201,21344,NaN,NaN,NaN,NaN,208784,78785,-116547,-37762,76410,-59992,16418,34545,-13201,21344
2019-04-10T22:00:00Z,15.19,15.215,14.845,14.92,78785,-116547,-37762,76410,-59992,16418,34545,-13201,21344,NaN,NaN,NaN,NaN,208784,78785,-116547,-37762,76410,-59992,16418,34545,-13201,21344
2019-04-11T22:00:00Z,14.92,15.065,14.9,14.93,78785,-116547,-37762,76410,-59992,16418,34545,-13201,21344,NaN,NaN,NaN,NaN,208784,78785,-116547,-37762,76410,-59992,16418,34545,-13201,21344
2019-04-14T22:00:00Z,14.93,14.99,14.795,14.945,78785,-116547,-37762,76410,-59992,16418,34545,-13201,21344,NaN,NaN,NaN,NaN,208784,78785,-116547,-37762,76410,-59992,16418,34545,-13201,21344
2019-04-15T22:00:00Z,14.935,14.975,14.83,14.955,94236,-117908,-23672,76033,-70148,5885,33642,-15855,17787,NaN,NaN,NaN,NaN,224783,94236,-117908,-23672,76033,-70148,5885,33642,-15855,17787
2019-04-16T22:00:00Z,14.955,15.055,14.88,14.935,94236,-117908,-23672,76033,-70148,5885,33642,-15855,17787,NaN,NaN,NaN,NaN,224783,94236,-117908,-23672,76033,-70148,5885,33642,-15855,17787
2019-04-17T22:00:00Z,14.94,14.99,14.895,14.965,94236,-117908,-23672,76033,-70148,5885,33642,-15855,17787,NaN,NaN,NaN,NaN,224783,94236,-117908,-23672,76033,-70148,5885,33642,-15855,17787
2019-04-21T22:00:00Z,14.97,15.04,14.945,14.97,94236,-117908,-23672,76033,-70148,5885,33642,-15855,17787,NaN,NaN,NaN,NaN,224783,94236,-117908,-23672,76033,-70148,5885,33642,-15855,17787
2019-04-22T22:00:00Z,14.97,14.995,14.7,14.79,90400,-110392,-19992,75889,-75999,-110,34709,-14607,20102,NaN,NaN,NaN,NaN,219113,90400,-110392,-19992,75889,-75999,-110,34709,-14607,20102
2019-04-23T22:00:00Z,14.79,14.96,14.74,14.91,90400,-110392,-19992,75889,-75999,-110,34709,-14607,20102,NaN,NaN,NaN,NaN,219113,90400,-110392,-19992,75889,-75999,-110,34709,-14607,20102
2019-04-24T22:00:00Z,14.91,14.975,14.815,14.9,90400,-110392,-19992,75889,-75999,-110,34709,-14607,20102,NaN,NaN,NaN,NaN,219113,90400,-110392,-19992,75889,-75999,-110,34709,-14607,20102
2019-04-25T22:00:00Z,14.89,15.04,14.845,15.04,90400,-110392,-19992,75889,-75999,-110,34709,-14607,20102,NaN,NaN,NaN,NaN,219113,90400,-110392,-19992,75889,-75999,-110,34709,-14607,20102
2019-04-28T22:00:00Z,15.115,15.115,14.905,14.945,90400,-110392,-19992,75889,-75999,-110,34709,-14607,20102,NaN,NaN,NaN,NaN,219113,90400,-110392,-19992,75889,-75999,-110,34709,-14607,20102
2019-04-29T22:00:00Z,14.94,15.04,14.835,14.975,75855,-97215,-21360,77120,-74984,2136,30050,-10826,19224,NaN,NaN,NaN,NaN,196610,75855,-97215,-21360,77120,-74984,2136,30050,-10826,19224
2019-04-30T22:00:00Z,14.975,14.985,14.62,14.685,75855,-97215,-21360,77120,-74984,2136,30050,-10826,19224,NaN,NaN,NaN,NaN,196610,75855,-97215,-21360,77120,-74984,2136,30050,-10826,19224
2019-05-01T22:00:00Z,14.69,14.735,14.57,14.635,75855,-97215,-21360,77120,-74984,2136,30050,-10826,19224,NaN,NaN,NaN,NaN,196610,75855,-97215,-21360,77120,-74984,2136,30050,-10826,19224
2019-05-02T22:00:00Z,14.62,14.995,14.6,14.95,75855,-97215,-21360,77120,-74984,2136,30050,-10826,19224,NaN,NaN,NaN,NaN,196610,75855,-97215,-21360,77120,-74984,2136,30050,-10826,19224
2019-05-05T22:00:00Z,14.96,14.99,14.77,14.915,75855,-97215,-21360,77120,-74984,2136,30050,-10826,19224,NaN,NaN,NaN,NaN,196610,75855,-97215,-21360,77120,-74984,2136,30050,-10826,19224
2019-05-06T22:00:00Z,14.91,14.955,14.81,14.925,77749,-94408,-16659,77346,-78303,-957,29745,-12129,17616,NaN,NaN,NaN,NaN,199467,77749,-94408,-16659,77346,-78303,-957,29745,-12129,17616
2019-05-07T22:00:00Z,14.92,14.99,14.835,14.845,77749,-94408,-16659,77346,-78303,-957,29745,-12129,17616,NaN,NaN,NaN,NaN,199467,77749,-94408,-16659,77346,-78303,-957,29745,-12129,17616
2019-05-08T22:00:00Z,14.845,14.875,14.705,14.76,77749,-94408,-16659,77346,-78303,-957,29745,-12129,17616,NaN,NaN,NaN,NaN,199467,77749,-94408,-16659,77346,-78303,-957,29745,-12129,17616
2019-05-09T22:00:00Z,14.75,14.85,14.74,14.775,77749,-94408,-16659,77346,-78303,-957,29745,-12129,17616,NaN,NaN,NaN,NaN,199467,77749,-94408,-16659,77346,-78303,-957,29745,-12129,17616
2019-05-12T22:00:00Z,14.775,14.815,14.615,14.775,77749,-94408,-16659,77346,-78303,-957,29745,-12129,17616,NaN,NaN,NaN,NaN,199467,77749,-94408,-16659,77346,-78303,-957,29745,-12129,17616
2019-05-13T22:00:00Z,14.78,14.865,14.745,14.8,79189,-91967,-12778,77542,-79751,-2209,31077,-16090,14987,NaN,NaN,NaN,NaN,203788,79189,-91967,-12778,77542,-79751,-2209,31077,-16090,14987
2019-05-14T22:00:00Z,14.8,14.865,14.765,14.805,79189,-91967,-12778,77542,-79751,-2209,31077,-16090,14987,NaN,NaN,NaN,NaN,203788,79189,-91967,-12778,77542,-79751,-2209,31077,-16090,14987
2019-05-15T22:00:00Z,14.79,14.825,14.515,14.545,79189,-91967,-12778,77542,-79751,-2209,31077,-16090,14987,NaN,NaN,NaN,NaN,203788,79189,-91967,-12778,77542,-79751,-2209,31077,-16090,14987
2019-05-16T22:00:00Z,14.545,14.545,14.38,14.39,79189,-91967,-12778,77542,-79751,-2209,31077,-16090,14987,NaN,NaN,NaN,NaN,203788,79189,-91967,-12778,77542,-79751,-2209,31077,-16090,14987
2019-05-19T22:00:00Z,14.415,14.46,14.355,14.445,79189,-91967,-12778,77542,-79751,-2209,31077,-16090,14987,NaN,NaN,NaN,NaN,203788,79189,-91967,-12778,77542,-79751,-2209,31077,-16090,14987
2019-05-20T22:00:00Z,14.425,14.45,14.35,14.425,83301,-88484,-5183,75482,-90144,-14662,33298,-13453,19845,NaN,NaN,NaN,NaN,210356,83301,-88484,-5183,75482,-90144,-14662,33298,-13453,19845
2019-05-21T22:00:00Z,14.425,14.48,14.37,14.42,83301,-88484,-5183,75482,-90144,-14662,33298,-13453,19845,NaN,NaN,NaN,NaN,210356,83301,-88484,-5183,75482,-90144,-14662,33298,-13453,19845
2019-05-22T22:00:00Z,14.43,14.635,14.4,14.575,83301,-88484,-5183,75482,-90144,-14662,33298,-13453,19845,NaN,NaN,NaN,NaN,210356,83301,-88484,-5183,75482,-90144,-14662,33298,-13453,19845
2019-05-23T22:00:00Z,14.575,14.595,14.52,14.545,83301,-88484,-5183,75482,-90144,-14662,33298,-13453,19845,NaN,NaN,NaN,NaN,210356,83301,-88484,-5183,75482,-90144,-14662,33298,-13453,19845
2019-05-26T22:00:00Z,14.545,14.61,14.265,14.325,87083,-85968,1115,73663,-96072,-22409,35741,-14447,21294,NaN,NaN,NaN,NaN,217605,87083,-85968,1115,73663,-96072,-22409,35741,-14447,21294
2019-05-28T22:00:00Z,14.325,14.45,14.32,14.395,87083,-85968,1115,73663,-96072,-22409,35741,-14447,21294,NaN,NaN,NaN,NaN,217605,87083,-85968,1115,73663,-96072,-22409,35741,-14447,21294
2019-05-29T22:00:00Z,14.39,14.555,14.34,14.505,87083,-85968,1115,73663,-96072,-22409,35741,-14447,21294,NaN,NaN,NaN,NaN,217605,87083,-85968,1115,73663,-96072,-22409,35741,-14447,21294
2019-05-30T22:00:00Z,14.49,14.67,14.46,14.56,87083,-85968,1115,73663,-96072,-22409,35741,-14447,21294,NaN,NaN,NaN,NaN,217605,87083,-85968,1115,73663,-96072,-22409,35741,-14447,21294
2019-06-02T22:00:00Z,14.575,14.825,14.565,14.775,87083,-85968,1115,73663,-96072,-22409,35741,-14447,21294,NaN,NaN,NaN,NaN,217605,87083,-85968,1115,73663,-96072,-22409,35741,-14447,21294
2019-06-03T22:00:00Z,14.78,14.85,14.645,14.81,82484,-94773,-12289,76653,-85096,-8443,35097,-14365,20732,NaN,NaN,NaN,NaN,216145,82484,-94773,-12289,76653,-85096,-8443,35097,-14365,20732
2019-06-04T22:00:00Z,14.815,15.04,14.755,14.795,82484,-94773,-12289,76653,-85096,-8443,35097,-14365,20732,NaN,NaN,NaN,NaN,216145,82484,-94773,-12289,76653,-85096,-8443,35097,-14365,20732
2019-06-05T22:00:00Z,14.795,14.995,14.73,14.88,82484,-94773,-12289,76653,-85096,-8443,35097,-14365,20732,NaN,NaN,NaN,NaN,216145,82484,-94773,-12289,76653,-85096,-8443,35097,-14365,20732
2019-06-06T22:00:00Z,14.89,15.15,14.84,15.01,82484,-94773,-12289,76653,-85096,-8443,35097,-14365,20732,NaN,NaN,NaN,NaN,216145,82484,-94773,-12289,76653,-85096,-8443,35097,-14365,20732
2019-06-09T22:00:00Z,15.005,15.01,14.625,14.685,82484,-94773,-12289,76653,-85096,-8443,35097,-14365,20732,NaN,NaN,NaN,NaN,216145,82484,-94773,-12289,76653,-85096,-8443,35097,-14365,20732
2019-06-10T22:00:00Z,14.685,14.785,14.63,14.725,85922,-111113,-25191,85225,-82565,2660,36497,-13966,22531,NaN,NaN,NaN,NaN,226513,85922,-111113,-25191,85225,-82565,2660,36497,-13966,22531
2019-06-11T22:00:00Z,14.725,14.86,14.71,14.76,85922,-111113,-25191,85225,-82565,2660,36497,-13966,22531,NaN,NaN,NaN,NaN,226513,85922,-111113,-25191,85225,-82565,2660,36497,-13966,22531
2019-06-12T22:00:00Z,14.76,14.925,14.72,14.895,85922,-111113,-25191,85225,-82565,2660,36497,-13966,22531,NaN,NaN,NaN,NaN,226513,85922,-111113,-25191,85225,-82565,2660,36497,-13966,22531
2019-06-13T22:00:00Z,14.89,15.12,14.775,14.85,85922,-111113,-25191,85225,-82565,2660,36497,-13966,22531,NaN,NaN,NaN,NaN,226513,85922,-111113,-25191,85225,-82565,2660,36497,-13966,22531
2019-06-16T22:00:00Z,14.84,14.89,14.755,14.825,85922,-111113,-25191,85225,-82565,2660,36497,-13966,22531,NaN,NaN,NaN,NaN,226513,85922,-111113,-25191,85225,-82565,2660,36497,-13966,22531
2019-06-17T22:00:00Z,14.83,15.08,14.8,14.99,90242,-124729,-34487,93275,-78759,14516,33455,-13484,19971,NaN,NaN,NaN,NaN,239466,90242,-124729,-34487,93275,-78759,14516,33455,-13484,19971
2019-06-18T22:00:00Z,14.995,15.17,14.905,15.15,90242,-124729,-34487,93275,-78759,14516,33455,-13484,19971,NaN,NaN,NaN,NaN,239466,90242,-124729,-34487,93275,-78759,14516,33455,-13484,19971
2019-06-19T22:00:00Z,15.17,15.52,15.12,15.415,90242,-124729,-34487,93275,-78759,14516,33455,-13484,19971,NaN,NaN,NaN,NaN,239466,90242,-124729,-34487,93275,-78759,14516,33455,-13484,19971
2019-06-20T22:00:00Z,15.465,15.555,15.155,15.34,90242,-124729,-34487,93275,-78759,14516,33455,-13484,19971,NaN,NaN,NaN,NaN,239466,90242,-124729,-34487,93275,-78759,14516,33455,-13484,19971
2019-06-23T22:00:00Z,15.355,15.455,15.285,15.425,90242,-124729,-34487,93275,-78759,14516,33455,-13484,19971,NaN,NaN,NaN,NaN,239466,90242,-124729,-34487,93275,-78759,14516,33455,-13484,19971
2019-06-24T22:00:00Z,15.44,15.505,15.255,15.35,80049,-133601,-53552,97573,-67008,30565,34637,-11650,22987,NaN,NaN,NaN,NaN,229007,80049,-133601,-53552,97573,-67008,30565,34637,-11650,22987
2019-06-25T22:00:00Z,15.345,15.355,15.16,15.24,80049,-133601,-53552,97573,-67008,30565,34637,-11650,22987,NaN,NaN,NaN,NaN,229007,80049,-133601,-53552,97573,-67008,30565,34637,-11650,22987
2019-06-26T22:00:00Z,15.34,15.355,15.205,15.295,80049,-133601,-53552,97573,-67008,30565,34637,-11650,22987,NaN,NaN,NaN,NaN,229007,80049,-133601,-53552,97573,-67008,30565,34637,-11650,22987
2019-06-27T22:00:00Z,15.3,15.385,15.245,15.355,80049,-133601,-53552,97573,-67008,30565,34637,-11650,22987,NaN,NaN,NaN,NaN,229007,80049,-133601,-53552,97573,-67008,30565,34637,-11650,22987
2019-06-30T22:00:00Z,15.315,15.345,15.155,15.175,80049,-133601,-53552,97573,-67008,30565,34637,-11650,22987,NaN,NaN,NaN,NaN,229007,80049,-133601,-53552,97573,-67008,30565,34637,-11650,22987
2019-07-01T22:00:00Z,15.16,15.365,15.07,15.345,75576,-127639,-52063,99739,-69284,30455,31417,-9809,21608,NaN,NaN,NaN,NaN,221224,75576,-127639,-52063,99739,-69284,30455,31417,-9809,21608
2019-07-02T22:00:00Z,15.37,15.51,15.24,15.345,75576,-127639,-52063,99739,-69284,30455,31417,-9809,21608,NaN,NaN,NaN,NaN,221224,75576,-127639,-52063,99739,-69284,30455,31417,-9809,21608
2019-07-03T22:00:00Z,15.365,15.37,14.915,15.015,75576,-127639,-52063,99739,-69284,30455,31417,-9809,21608,NaN,NaN,NaN,NaN,221224,75576,-127639,-52063,99739,-69284,30455,31417,-9809,21608
2019-07-07T22:00:00Z,15.05,15.15,14.985,15.055,75576,-127639,-52063,99739,-69284,30455,31417,-9809,21608,NaN,NaN,NaN,NaN,221224,75576,-127639,-52063,99739,-69284,30455,31417,-9809,21608
2019-07-08T22:00:00Z,15.035,15.155,14.965,15.135,75714,-120991,-45277,96080,-70929,25151,30665,-10539,20126,NaN,NaN,NaN,NaN,218493,75714,-120991,-45277,96080,-70929,25151,30665,-10539,20126
2019-07-09T22:00:00Z,15.135,15.315,15.07,15.265,75714,-120991,-45277,96080,-70929,25151,30665,-10539,20126,NaN,NaN,NaN,NaN,218493,75714,-120991,-45277,96080,-70929,25151,30665,-10539,20126
2019-07-10T22:00:00Z,15.265,15.345,15.12,15.14,75714,-120991,-45277,96080,-70929,25151,30665,-10539,20126,NaN,NaN,NaN,NaN,218493,75714,-120991,-45277,96080,-70929,25151,30665,-10539,20126
2019-07-11T22:00:00Z,15.135,15.27,15.07,15.25,75714,-120991,-45277,96080,-70929,25151,30665,-10539,20126,NaN,NaN,NaN,NaN,218493,75714,-120991,-45277,96080,-70929,25151,30665,-10539,20126
2019-07-14T22:00:00Z,15.24,15.43,15.185,15.4,75714,-120991,-45277,96080,-70929,25151,30665,-10539,20126,NaN,NaN,NaN,NaN,218493,75714,-120991,-45277,96080,-70929,25151,30665,-10539,20126
2019-07-15T22:00:00Z,15.415,15.735,15.34,15.585,75284,-134641,-59357,100449,-63024,37425,31994,-10062,21932,NaN,NaN,NaN,NaN,229465,75284,-134641,-59357,100449,-63024,37425,31994,-10062,21932
2019-07-16T22:00:00Z,15.585,16.03,15.555,16.005,75284,-134641,-59357,100449,-63024,37425,31994,-10062,21932,NaN,NaN,NaN,NaN,229465,75284,-134641,-59357,100449,-63024,37425,31994,-10062,21932
2019-07-17T22:00:00Z,16.005,16.385,15.96,16.385,75284,-134641,-59357,100449,-63024,37425,31994,-10062,21932,NaN,NaN,NaN,NaN,229465,75284,-134641,-59357,100449,-63024,37425,31994,-10062,21932
2019-07-18T22:00:00Z,16.385,16.625,16.08,16.23,75284,-134641,-59357,100449,-63024,37425,31994,-10062,21932,NaN,NaN,NaN,NaN,229465,75284,-134641,-59357,100449,-63024,37425,31994,-10062,21932
2019-07-21T22:00:00Z,16.255,16.455,16.195,16.385,75284,-134641,-59357,100449,-63024,37425,31994,-10062,21932,NaN,NaN,NaN,NaN,229465,75284,-134641,-59357,100449,-63024,37425,31994,-10062,21932
2019-07-22T22:00:00Z,16.38,16.575,16.205,16.43,71168,-147306,-76138,110129,-55368,54761,31343,-9966,21377,NaN,NaN,NaN,NaN,234735,71168,-147306,-76138,110129,-55368,54761,31343,-9966,21377
2019-07-23T22:00:00Z,16.435,16.68,16.35,16.63,71168,-147306,-76138,110129,-55368,54761,31343,-9966,21377,NaN,NaN,NaN,NaN,234735,71168,-147306,-76138,110129,-55368,54761,31343,-9966,21377
2019-07-24T22:00:00Z,16.62,16.685,16.345,16.435,71168,-147306,-76138,110129,-55368,54761,31343,-9966,21377,NaN,NaN,NaN,NaN,234735,71168,-147306,-76138,110129,-55368,54761,31343,-9966,21377
2019-07-25T22:00:00Z,16.455,16.55,16.355,16.41,71168,-147306,-76138,110129,-55368,54761,31343,-9966,21377,NaN,NaN,NaN,NaN,234735,71168,-147306,-76138,110129,-55368,54761,31343,-9966,21377
2019-07-28T22:00:00Z,16.42,16.5,16.36,16.485,71168,-147306,-76138,110129,-55368,54761,31343,-9966,21377,NaN,NaN,NaN,NaN,234735,71168,-147306,-76138,110129,-55368,54761,31343,-9966,21377
2019-07-29T22:00:00Z,16.5,16.64,16.425,16.59,73649,-157565,-83916,111282,-46985,64297,30939,-11320,19619,NaN,NaN,NaN,NaN,239059,73649,-157565,-83916,111282,-46985,64297,30939,-11320,19619
2019-07-30T22:00:00Z,16.585,16.6,16.215,16.28,73649,-157565,-83916,111282,-46985,64297,30939,-11320,19619,NaN,NaN,NaN,NaN,239059,73649,-157565,-83916,111282,-46985,64297,30939,-11320,19619
2019-07-31T22:00:00Z,16.28,16.405,15.935,16.345,73649,-157565,-83916,111282,-46985,64297,30939,-11320,19619,NaN,NaN,NaN,NaN,239059,73649,-157565,-83916,111282,-46985,64297,30939,-11320,19619
2019-08-01T22:00:00Z,16.355,16.385,16.03,16.225,73649,-157565,-83916,111282,-46985,64297,30939,-11320,19619,NaN,NaN,NaN,NaN,239059,73649,-157565,-83916,111282,-46985,64297,30939,-11320,19619
2019-08-04T22:00:00Z,16.26,16.59,16.135,16.405,73649,-157565,-83916,111282,-46985,64297,30939,-11320,19619,NaN,NaN,NaN,NaN,239059,73649,-157565,-83916,111282,-46985,64297,30939,-11320,19619
2019-08-05T22:00:00Z,16.44,16.53,16.365,16.455,77974,-153240,-75266,106034,-56202,49832,34537,-9103,25434,NaN,NaN,NaN,NaN,239290,77974,-153240,-75266,106034,-56202,49832,34537,-9103,25434
2019-08-06T22:00:00Z,16.45,17.26,16.45,17.13,77974,-153240,-75266,106034,-56202,49832,34537,-9103,25434,NaN,NaN,NaN,NaN,239290,77974,-153240,-75266,106034,-56202,49832,34537,-9103,25434
2019-08-07T22:00:00Z,17.1,17.225,16.81,16.93,77974,-153240,-75266,106034,-56202,49832,34537,-9103,25434,NaN,NaN,NaN,NaN,239290,77974,-153240,-75266,106034,-56202,49832,34537,-9103,25434
2019-08-08T22:00:00Z,16.94,17.14,16.86,16.945,77974,-153240,-75266,106034,-56202,49832,34537,-9103,25434,NaN,NaN,NaN,NaN,239290,77974,-153240,-75266,106034,-56202,49832,34537,-9103,25434
2019-08-11T22:00:00Z,16.965,17.15,16.8,17.045,77974,-153240,-75266,106034,-56202,49832,34537,-9103,25434,NaN,NaN,NaN,NaN,239290,77974,-153240,-75266,106034,-56202,49832,34537,-9103,25434
2019-08-12T22:00:00Z,17.06,17.49,16.51,16.93,85877,-151110,-65233,97520,-58251,39269,36546,-10582,25964,NaN,NaN,NaN,NaN,233839,85877,-151110,-65233,97520,-58251,39269,36546,-10582,25964
2019-08-13T22:00:00Z,16.95,17.305,16.855,17.19,85877,-151110,-65233,97520,-58251,39269,36546,-10582,25964,NaN,NaN,NaN,NaN,233839,85877,-151110,-65233,97520,-58251,39269,36546,-10582,25964
2019-08-14T22:00:00Z,17.19,17.37,17.075,17.24,85877,-151110,-65233,97520,-58251,39269,36546,-10582,25964,NaN,NaN,NaN,NaN,233839,85877,-151110,-65233,97520,-58251,39269,36546,-10582,25964
2019-08-15T22:00:00Z,17.25,17.315,17.03,17.085,85877,-151110,-65233,97520,-58251,39269,36546,-10582,25964,NaN,NaN,NaN,NaN,233839,85877,-151110,-65233,97520,-58251,39269,36546,-10582,25964
2019-08-18T22:00:00Z,17.125,17.175,16.82,16.845,85877,-151110,-65233,97520,-58251,39269,36546,-10582,25964,NaN,NaN,NaN,NaN,233839,85877,-151110,-65233,97520,-58251,39269,36546,-10582,25964
2019-08-19T22:00:00Z,16.87,17.17,16.83,17.145,84338,-155201,-70863,95987,-49273,46714,39810,-15661,24149,NaN,NaN,NaN,NaN,238086,84338,-155201,-70863,95987,-49273,46714,39810,-15661,24149
2019-08-20T22:00:00Z,17.125,17.18,16.975,17.095,84338,-155201,-70863,95987,-49273,46714,39810,-15661,24149,NaN,NaN,NaN,NaN,238086,84338,-155201,-70863,95987,-49273,46714,39810,-15661,24149
2019-08-21T22:00:00Z,17.115,17.13,16.915,17.015,84338,-155201,-70863,95987,-49273,46714,39810,-15661,24149,NaN,NaN,NaN,NaN,238086,84338,-155201,-70863,95987,-49273,46714,39810,-15661,24149
2019-08-22T22:00:00Z,17.03,17.465,16.96,17.395,84338,-155201,-70863,95987,-49273,46714,39810,-15661,24149,NaN,NaN,NaN,NaN,238086,84338,-155201,-70863,95987,-49273,46714,39810,-15661,24149
2019-08-25T22:00:00Z,17.5,17.755,17.495,17.635,84338,-155201,-70863,95987,-49273,46714,39810,-15661,24149,NaN,NaN,NaN,NaN,238086,84338,-155201,-70863,95987,-49273,46714,39810,-15661,24149
2019-08-26T22:00:00Z,17.64,18.185,17.61,18.165,79050,-160731,-81681,103488,-43636,59852,34738,-12909,21829,NaN,NaN,NaN,NaN,239970,79050,-160731,-81681,103488,-43636,59852,34738,-12909,21829
2019-08-27T22:00:00Z,18.145,18.475,18.025,18.315,79050,-160731,-81681,103488,-43636,59852,34738,-12909,21829,NaN,NaN,NaN,NaN,239970,79050,-160731,-81681,103488,-43636,59852,34738,-12909,21829
2019-08-28T22:00:00Z,18.45,18.76,18.15,18.37,79050,-160731,-81681,103488,-43636,59852,34738,-12909,21829,NaN,NaN,NaN,NaN,239970,79050,-160731,-81681,103488,-43636,59852,34738,-12909,21829
2019-08-29T22:00:00Z,18.365,18.575,18.165,18.48,79050,-160731,-81681,103488,-43636,59852,34738,-12909,21829,NaN,NaN,NaN,NaN,239970,79050,-160731,-81681,103488,-43636,59852,34738,-12909,21829
2019-09-01T22:00:00Z,18.52,19.395,18.365,19.365,73728,-158406,-84678,104977,-42852,62125,34426,-11873,22553,NaN,NaN,NaN,NaN,225688,73728,-158406,-84678,104977,-42852,62125,34426,-11873,22553
2019-09-03T22:00:00Z,19.35,19.75,19.28,19.69,73728,-158406,-84678,104977,-42852,62125,34426,-11873,22553,NaN,NaN,NaN,NaN,225688,73728,-158406,-84678,104977,-42852,62125,34426,-11873,22553
2019-09-04T22:00:00Z,19.645,19.675,18.57,18.745,73728,-158406,-84678,104977,-42852,62125,34426,-11873,22553,NaN,NaN,NaN,NaN,225688,73728,-158406,-84678,104977,-42852,62125,34426,-11873,22553
2019-09-05T22:00:00Z,18.715,18.89,18.045,18.27,73728,-158406,-84678,104977,-42852,62125,34426,-11873,22553,NaN,NaN,NaN,NaN,225688,73728,-158406,-84678,104977,-42852,62125,34426,-11873,22553
2019-09-08T22:00:00Z,18.215,18.4,18.015,18.095,73728,-158406,-84678,104977,-42852,62125,34426,-11873,22553,NaN,NaN,NaN,NaN,225688,73728,-158406,-84678,104977,-42852,62125,34426,-11873,22553
2019-09-09T22:00:00Z,18.09,18.265,17.855,18.09,71511,-156279,-84768,100413,-40182,60231,33430,-8893,24537,NaN,NaN,NaN,NaN,217433,71511,-156279,-84768,100413,-40182,60231,33430,-8893,24537
2019-09-10T22:00:00Z,18.095,18.335,17.97,18.195,71511,-156279,-84768,100413,-40182,60231,33430,-8893,24537,NaN,NaN,NaN,NaN,217433,71511,-156279,-84768,100413,-40182,60231,33430,-8893,24537
2019-09-11T22:00:00Z,18.2,18.555,18.085,18.17,71511,-156279,-84768,100413,-40182,60231,33430,-8893,24537,NaN,NaN,NaN,NaN,217433,71511,-156279,-84768,100413,-40182,60231,33430,-8893,24537
2019-09-12T22:00:00Z,18.155,18.265,17.47,17.505,71511,-156279,-84768,100413,-40182,60231,33430,-8893,24537,NaN,NaN,NaN,NaN,217433,71511,-156279,-84768,100413,-40182,60231,33430,-8893,24537
2019-09-15T22:00:00Z,17.755,18.075,17.69,17.915,71511,-156279,-84768,100413,-40182,60231,33430,-8893,24537,NaN,NaN,NaN,NaN,217433,71511,-156279,-84768,100413,-40182,60231,33430,-8893,24537
2019-09-16T22:00:00Z,17.925,18.17,17.82,18.095,73993,-151540,-77547,94625,-38647,55978,30901,-9332,21569,NaN,NaN,NaN,NaN,212514,73993,-151540,-77547,94625,-38647,55978,30901,-9332,21569
2019-09-17T22:00:00Z,18.095,18.12,17.58,17.815,73993,-151540,-77547,94625,-38647,55978,30901,-9332,21569,NaN,NaN,NaN,NaN,212514,73993,-151540,-77547,94625,-38647,55978,30901,-9332,21569
2019-09-18T22:00:00Z,17.845,18.015,17.655,17.85,73993,-151540,-77547,94625,-38647,55978,30901,-9332,21569,NaN,NaN,NaN,NaN,212514,73993,-151540,-77547,94625,-38647,55978,30901,-9332,21569
2019-09-19T22:00:00Z,17.87,18.06,17.81,18.055,73993,-151540,-77547,94625,-38647,55978,30901,-9332,21569,NaN,NaN,NaN,NaN,212514,73993,-151540,-77547,94625,-38647,55978,30901,-9332,21569
2019-09-22T22:00:00Z,18.03,18.78,17.99,18.71,73993,-151540,-77547,94625,-38647,55978,30901,-9332,21569,NaN,NaN,NaN,NaN,212514,73993,-151540,-77547,94625,-38647,55978,30901,-9332,21569
2019-09-23T22:00:00Z,18.655,18.81,18.315,18.67,74207,-149986,-75779,94002,-43273,50729,33537,-8487,25050,NaN,NaN,NaN,NaN,215217,74207,-149986,-75779,94002,-43273,50729,33537,-8487,25050
2019-09-24T22:00:00Z,18.68,18.75,17.875,17.965,74207,-149986,-75779,94002,-43273,50729,33537,-8487,25050,NaN,NaN,NaN,NaN,215217,74207,-149986,-75779,94002,-43273,50729,33537,-8487,25050
2019-09-25T22:00:00Z,17.99,18.11,17.785,17.875,74207,-149986,-75779,94002,-43273,50729,33537,-8487,25050,NaN,NaN,NaN,NaN,215217,74207,-149986,-75779,94002,-43273,50729,33537,-8487,25050
2019-09-26T22:00:00Z,17.885,17.96,17.345,17.59,74207,-149986,-75779,94002,-43273,50729,33537,-8487,25050,NaN,NaN,NaN,NaN,215217,74207,-149986,-75779,94002,-43273,50729,33537,-8487,25050
2019-09-29T22:00:00Z,17.59,17.66,16.98,17.035,74207,-149986,-75779,94002,-43273,50729,33537,-8487,25050,NaN,NaN,NaN,NaN,215217,74207,-149986,-75779,94002,-43273,50729,33537,-8487,25050
2019-09-30T22:00:00Z,17.045,17.375,16.94,17.29,73357,-147138,-73781,89967,-40152,49815,32696,-8730,23966,NaN,NaN,NaN,NaN,212266,73357,-147138,-73781,89967,-40152,49815,32696,-8730,23966
2019-10-01T22:00:00Z,17.31,17.73,17.24,17.605,73357,-147138,-73781,89967,-40152,49815,32696,-8730,23966,NaN,NaN,NaN,NaN,212266,73357,-147138,-73781,89967,-40152,49815,32696,-8730,23966
2019-10-02T22:00:00Z,17.63,17.845,17.515,17.61,73357,-147138,-73781,89967,-40152,49815,32696,-8730,23966,NaN,NaN,NaN,NaN,212266,73357,-147138,-73781,89967,-40152,49815,32696,-8730,23966
2019-10-03T22:00:00Z,17.63,17.745,17.33,17.6,73357,-147138,-73781,89967,-40152,49815,32696,-8730,23966,NaN,NaN,NaN,NaN,212266,73357,-147138,-73781,89967,-40152,49815,32696,-8730,23966
2019-10-06T22:00:00Z,17.665,17.7,17.435,17.475,73357,-147138,-73781,89967,-40152,49815,32696,-8730,23966,NaN,NaN,NaN,NaN,212266,73357,-147138,-73781,89967,-40152,49815,32696,-8730,23966
2019-10-07T22:00:00Z,17.49,17.86,17.305,17.775,73677,-150583,-76906,90092,-39338,50754,34158,-8006,26152,NaN,NaN,NaN,NaN,213968,73677,-150583,-76906,90092,-39338,50754,34158,-8006,26152
2019-10-08T22:00:00Z,17.775,18,17.72,17.765,73677,-150583,-76906,90092,-39338,50754,34158,-8006,26152,NaN,NaN,NaN,NaN,213968,73677,-150583,-76906,90092,-39338,50754,34158,-8006,26152
2019-10-09T22:00:00Z,17.8,17.935,17.455,17.54,73677,-150583,-76906,90092,-39338,50754,34158,-8006,26152,NaN,NaN,NaN,NaN,213968,73677,-150583,-76906,90092,-39338,50754,34158,-8006,26152
2019-10-10T22:00:00Z,17.54,17.785,17.37,17.57,73677,-150583,-76906,90092,-39338,50754,34158,-8006,26152,NaN,NaN,NaN,NaN,213968,73677,-150583,-76906,90092,-39338,50754,34158,-8006,26152
2019-10-13T22:00:00Z,17.59,17.735,17.455,17.68,73677,-150583,-76906,90092,-39338,50754,34158,-8006,26152,NaN,NaN,NaN,NaN,213968,73677,-150583,-76906,90092,-39338,50754,34158,-8006,26152
2019-10-14T22:00:00Z,17.695,17.765,17.37,17.43,74855,-145342,-70487,85088,-41099,43989,34229,-7731,26498,NaN,NaN,NaN,NaN,210916,74855,-145342,-70487,85088,-41099,43989,34229,-7731,26498
2019-10-15T22:00:00Z,17.43,17.49,17.18,17.415,74855,-145342,-70487,85088,-41099,43989,34229,-7731,26498,NaN,NaN,NaN,NaN,210916,74855,-145342,-70487,85088,-41099,43989,34229,-7731,26498
2019-10-16T22:00:00Z,17.415,17.665,17.33,17.57,74855,-145342,-70487,85088,-41099,43989,34229,-7731,26498,NaN,NaN,NaN,NaN,210916,74855,-145342,-70487,85088,-41099,43989,34229,-7731,26498
2019-10-17T22:00:00Z,17.57,17.62,17.42,17.57,74855,-145342,-70487,85088,-41099,43989,34229,-7731,26498,NaN,NaN,NaN,NaN,210916,74855,-145342,-70487,85088,-41099,43989,34229,-7731,26498
2019-10-20T22:00:00Z,17.615,17.895,17.53,17.565,74855,-145342,-70487,85088,-41099,43989,34229,-7731,26498,NaN,NaN,NaN,NaN,210916,74855,-145342,-70487,85088,-41099,43989,34229,-7731,26498
2019-10-21T22:00:00Z,17.58,17.68,17.44,17.535,75366,-147389,-72023,89747,-43004,46743,33394,-8114,25280,NaN,NaN,NaN,NaN,214529,75366,-147389,-72023,89747,-43004,46743,33394,-8114,25280
2019-10-22T22:00:00Z,17.55,17.63,17.515,17.565,75366,-147389,-72023,89747,-43004,46743,33394,-8114,25280,NaN,NaN,NaN,NaN,214529,75366,-147389,-72023,89747,-43004,46743,33394,-8114,25280
2019-10-23T22:00:00Z,17.575,17.86,17.485,17.82,75366,-147389,-72023,89747,-43004,46743,33394,-8114,25280,NaN,NaN,NaN,NaN,214529,75366,-147389,-72023,89747,-43004,46743,33394,-8114,25280
2019-10-24T22:00:00Z,17.835,18.35,17.8,18.035,75366,-147389,-72023,89747,-43004,46743,33394,-8114,25280,NaN,NaN,NaN,NaN,214529,75366,-147389,-72023,89747,-43004,46743,33394,-8114,25280
2019-10-27T22:00:00Z,18.065,18.145,17.785,17.845,75366,-147389,-72023,89747,-43004,46743,33394,-8114,25280,NaN,NaN,NaN,NaN,214529,75366,-147389,-72023,89747,-43004,46743,33394,-8114,25280
2019-10-28T22:00:00Z,17.87,17.905,17.605,17.81,74038,-142083,-68045,95368,-41690,53678,33737,-19370,14367,NaN,NaN,NaN,NaN,221384,74038,-142083,-68045,95368,-41690,53678,33737,-19370,14367
2019-10-29T22:00:00Z,17.82,17.965,17.59,17.86,74038,-142083,-68045,95368,-41690,53678,33737,-19370,14367,NaN,NaN,NaN,NaN,221384,74038,-142083,-68045,95368,-41690,53678,33737,-19370,14367
2019-10-30T22:00:00Z,17.895,18.185,17.795,18.105,74038,-142083,-68045,95368,-41690,53678,33737,-19370,14367,NaN,NaN,NaN,NaN,221384,74038,-142083,-68045,95368,-41690,53678,33737,-19370,14367
2019-10-31T22:00:00Z,18.12,18.16,17.935,18.11,74038,-142083,-68045,95368,-41690,53678,33737,-19370,14367,NaN,NaN,NaN,NaN,221384,74038,-142083,-68045,95368,-41690,53678,33737,-19370,14367
2019-11-03T23:00:00Z,18.125,18.23,17.96,18.055,74038,-142083,-68045,95368,-41690,53678,33737,-19370,14367,NaN,NaN,NaN,NaN,221384,74038,-142083,-68045,95368,-41690,53678,33737,-19370,14367
2019-11-04T23:00:00Z,18.06,18.085,17.52,17.565,75937,-150919,-74982,97174,-49177,47997,35728,-8743,26985,NaN,NaN,NaN,NaN,227509,75937,-150919,-74982,97174,-49177,47997,35728,-8743,26985
2019-11-05T23:00:00Z,17.555,17.63,17.36,17.615,75937,-150919,-74982,97174,-49177,47997,35728,-8743,26985,NaN,NaN,NaN,NaN,227509,75937,-150919,-74982,97174,-49177,47997,35728,-8743,26985
2019-11-06T23:00:00Z,17.605,17.645,16.91,17.08,75937,-150919,-74982,97174,-49177,47997,35728,-8743,26985,NaN,NaN,NaN,NaN,227509,75937,-150919,-74982,97174,-49177,47997,35728,-8743,26985
2019-11-07T23:00:00Z,17.07,17.095,16.66,16.76,75937,-150919,-74982,97174,-49177,47997,35728,-8743,26985,NaN,NaN,NaN,NaN,227509,75937,-150919,-74982,97174,-49177,47997,35728,-8743,26985
2019-11-10T23:00:00Z,16.755,16.91,16.63,16.835,75937,-150919,-74982,97174,-49177,47997,35728,-8743,26985,NaN,NaN,NaN,NaN,227509,75937,-150919,-74982,97174,-49177,47997,35728,-8743,26985
2019-11-11T23:00:00Z,16.785,16.875,16.615,16.735,81555,-143447,-61892,89327,-51963,37364,34287,-9759,24528,NaN,NaN,NaN,NaN,222122,81555,-143447,-61892,89327,-51963,37364,34287,-9759,24528
2019-11-12T23:00:00Z,16.72,17,16.72,16.945,81555,-143447,-61892,89327,-51963,37364,34287,-9759,24528,NaN,NaN,NaN,NaN,222122,81555,-143447,-61892,89327,-51963,37364,34287,-9759,24528
2019-11-13T23:00:00Z,16.93,17.08,16.845,17,81555,-143447,-61892,89327,-51963,37364,34287,-9759,24528,NaN,NaN,NaN,NaN,222122,81555,-143447,-61892,89327,-51963,37364,34287,-9759,24528
2019-11-14T23:00:00Z,17,17.01,16.78,16.935,81555,-143447,-61892,89327,-51963,37364,34287,-9759,24528,NaN,NaN,NaN,NaN,222122,81555,-143447,-61892,89327,-51963,37364,34287,-9759,24528
2019-11-17T23:00:00Z,16.95,17.03,16.705,17.015,81555,-143447,-61892,89327,-51963,37364,34287,-9759,24528,NaN,NaN,NaN,NaN,222122,81555,-143447,-61892,89327,-51963,37364,34287,-9759,24528
2019-11-18T23:00:00Z,17.005,17.16,16.935,17.12,78576,-145125,-66549,89898,-45182,44716,34364,-12531,21833,NaN,NaN,NaN,NaN,221707,78576,-145125,-66549,89898,-45182,44716,34364,-12531,21833
2019-11-19T23:00:00Z,17.115,17.185,17,17.125,78576,-145125,-66549,89898,-45182,44716,34364,-12531,21833,NaN,NaN,NaN,NaN,221707,78576,-145125,-66549,89898,-45182,44716,34364,-12531,21833
2019-11-20T23:00:00Z,17.145,17.17,17.01,17.075,78576,-145125,-66549,89898,-45182,44716,34364,-12531,21833,NaN,NaN,NaN,NaN,221707,78576,-145125,-66549,89898,-45182,44716,34364,-12531,21833
2019-11-21T23:00:00Z,17.075,17.21,16.95,16.96,78576,-145125,-66549,89898,-45182,44716,34364,-12531,21833,NaN,NaN,NaN,NaN,221707,78576,-145125,-66549,89898,-45182,44716,34364,-12531,21833
2019-11-24T23:00:00Z,16.96,16.97,16.82,16.85,78576,-145125,-66549,89898,-45182,44716,34364,-12531,21833,NaN,NaN,NaN,NaN,221707,78576,-145125,-66549,89898,-45182,44716,34364,-12531,21833
2019-11-25T23:00:00Z,16.78,17.085,16.78,17.04,69422,-143295,-73873,90895,-38385,52510,30057,-8694,21363,NaN,NaN,NaN,NaN,209603,69422,-143295,-73873,90895,-38385,52510,30057,-8694,21363
2019-11-26T23:00:00Z,17.19,17.2,17.025,17.055,69422,-143295,-73873,90895,-38385,52510,30057,-8694,21363,NaN,NaN,NaN,NaN,209603,69422,-143295,-73873,90895,-38385,52510,30057,-8694,21363
2019-11-27T23:00:00Z,17.06,17.125,16.935,17.105,69422,-143295,-73873,90895,-38385,52510,30057,-8694,21363,NaN,NaN,NaN,NaN,209603,69422,-143295,-73873,90895,-38385,52510,30057,-8694,21363
2019-12-01T23:00:00Z,17.07,17.1,16.895,16.98,69422,-143295,-73873,90895,-38385,52510,30057,-8694,21363,NaN,NaN,NaN,NaN,209603,69422,-143295,-73873,90895,-38385,52510,30057,-8694,21363
2019-12-02T23:00:00Z,16.98,17.285,16.945,17.25,66399,-140698,-74299,89241,-39014,50227,31638,-7566,24072,NaN,NaN,NaN,NaN,205807,66399,-140698,-74299,89241,-39014,50227,31638,-7566,24072
2019-12-03T23:00:00Z,17.25,17.415,16.865,16.915,66399,-140698,-74299,89241,-39014,50227,31638,-7566,24072,NaN,NaN,NaN,NaN,205807,66399,-140698,-74299,89241,-39014,50227,31638,-7566,24072
2019-12-04T23:00:00Z,16.92,17.075,16.87,17.025,66399,-140698,-74299,89241,-39014,50227,31638,-7566,24072,NaN,NaN,NaN,NaN,205807,66399,-140698,-74299,89241,-39014,50227,31638,-7566,24072
2019-12-05T23:00:00Z,17.02,17.125,16.575,16.625,66399,-140698,-74299,89241,-39014,50227,31638,-7566,24072,NaN,NaN,NaN,NaN,205807,66399,-140698,-74299,89241,-39014,50227,31638,-7566,24072
2019-12-08T23:00:00Z,16.6,16.73,16.565,16.66,66399,-140698,-74299,89241,-39014,50227,31638,-7566,24072,NaN,NaN,NaN,NaN,205807,66399,-140698,-74299,89241,-39014,50227,31638,-7566,24072
2019-12-09T23:00:00Z,16.655,16.77,16.625,16.715,67583,-130730,-63147,85617,-44875,40742,30249,-7844,22405,NaN,NaN,NaN,NaN,202258,67583,-130730,-63147,85617,-44875,40742,30249,-7844,22405
2019-12-10T23:00:00Z,16.71,17.025,16.65,16.92,67583,-130730,-63147,85617,-44875,40742,30249,-7844,22405,NaN,NaN,NaN,NaN,202258,67583,-130730,-63147,85617,-44875,40742,30249,-7844,22405
2019-12-11T23:00:00Z,16.93,17.185,16.82,16.98,67583,-130730,-63147,85617,-44875,40742,30249,-7844,22405,NaN,NaN,NaN,NaN,202258,67583,-130730,-63147,85617,-44875,40742,30249,-7844,22405
2019-12-12T23:00:00Z,16.97,17.095,16.895,17,67583,-130730,-63147,85617,-44875,40742,30249,-7844,22405,NaN,NaN,NaN,NaN,202258,67583,-130730,-63147,85617,-44875,40742,30249,-7844,22405
2019-12-15T23:00:00Z,17.005,17.14,16.955,17.095,67583,-130730,-63147,85617,-44875,40742,30249,-7844,22405,NaN,NaN,NaN,NaN,202258,67583,-130730,-63147,85617,-44875,40742,30249,-7844,22405
2019-12-16T23:00:00Z,17.105,17.17,17.015,17.065,67638,-138596,-70958,88215,-42434,45781,31480,-6303,25177,NaN,NaN,NaN,NaN,206302,67638,-138596,-70958,88215,-42434,45781,31480,-6303,25177
2019-12-17T23:00:00Z,17.06,17.125,16.935,17.065,67638,-138596,-70958,88215,-42434,45781,31480,-6303,25177,NaN,NaN,NaN,NaN,206302,67638,-138596,-70958,88215,-42434,45781,31480,-6303,25177
2019-12-18T23:00:00Z,17.065,17.18,16.95,17.115,67638,-138596,-70958,88215,-42434,45781,31480,-6303,25177,NaN,NaN,NaN,NaN,206302,67638,-138596,-70958,88215,-42434,45781,31480,-6303,25177
2019-12-19T23:00:00Z,17.115,17.315,17.08,17.265,67638,-138596,-70958,88215,-42434,45781,31480,-6303,25177,NaN,NaN,NaN,NaN,206302,67638,-138596,-70958,88215,-42434,45781,31480,-6303,25177
2019-12-22T23:00:00Z,17.23,17.52,17.23,17.52,67638,-138596,-70958,88215,-42434,45781,31480,-6303,25177,NaN,NaN,NaN,NaN,206302,67638,-138596,-70958,88215,-42434,45781,31480,-6303,25177
2019-12-23T23:00:00Z,17.515,17.865,17.425,17.85,68772,-154099,-85327,101030,-38608,62422,30644,-7739,22905,NaN,NaN,NaN,NaN,223046,68772,-154099,-85327,101030,-38608,62422,30644,-7739,22905
2019-12-25T23:00:00Z,17.83,18.135,17.81,17.98,68772,-154099,-85327,101030,-38608,62422,30644,-7739,22905,NaN,NaN,NaN,NaN,223046,68772,-154099,-85327,101030,-38608,62422,30644,-7739,22905
2019-12-26T23:00:00Z,17.995,18.05,17.815,17.83,68772,-154099,-85327,101030,-38608,62422,30644,-7739,22905,NaN,NaN,NaN,NaN,223046,68772,-154099,-85327,101030,-38608,62422,30644,-7739,22905
2019-12-29T23:00:00Z,17.86,18.02,17.83,17.975,68772,-154099,-85327,101030,-38608,62422,30644,-7739,22905,NaN,NaN,NaN,NaN,223046,68772,-154099,-85327,101030,-38608,62422,30644,-7739,22905
2019-12-30T23:00:00Z,17.97,18.2,17.87,17.9,64730,-161382,-96652,106310,-36582,69728,33135,-6211,26924,NaN,NaN,NaN,NaN,229680,64730,-161382,-96652,106310,-36582,69728,33135,-6211,26924
2020-01-01T23:00:00Z,17.905,18.15,17.83,18.075,64730,-161382,-96652,106310,-36582,69728,33135,-6211,26924,NaN,NaN,NaN,NaN,229680,64730,-161382,-96652,106310,-36582,69728,33135,-6211,26924
2020-01-02T23:00:00Z,18.07,18.325,18.04,18.095,64730,-161382,-96652,106310,-36582,69728,33135,-6211,26924,NaN,NaN,NaN,NaN,229680,64730,-161382,-96652,106310,-36582,69728,33135,-6211,26924
2020-01-05T23:00:00Z,18.17,18.55,18.045,18.18,64730,-161382,-96652,106310,-36582,69728,33135,-6211,26924,NaN,NaN,NaN,NaN,229680,64730,-161382,-96652,106310,-36582,69728,33135,-6211,26924
2020-01-06T23:00:00Z,18.185,18.47,17.975,18.435,66666,-157840,-91174,109224,-41971,67253,32322,-8401,23921,NaN,NaN,NaN,NaN,234324,66666,-157840,-91174,109224,-41971,67253,32322,-8401,23921
2020-01-07T23:00:00Z,18.45,18.895,18.085,18.13,66666,-157840,-91174,109224,-41971,67253,32322,-8401,23921,NaN,NaN,NaN,NaN,234324,66666,-157840,-91174,109224,-41971,67253,32322,-8401,23921
2020-01-08T23:00:00Z,18.12,18.225,17.815,17.915,66666,-157840,-91174,109224,-41971,67253,32322,-8401,23921,NaN,NaN,NaN,NaN,234324,66666,-157840,-91174,109224,-41971,67253,32322,-8401,23921
2020-01-09T23:00:00Z,17.92,18.175,17.86,18.13,66666,-157840,-91174,109224,-41971,67253,32322,-8401,23921,NaN,NaN,NaN,NaN,234324,66666,-157840,-91174,109224,-41971,67253,32322,-8401,23921
2020-01-12T23:00:00Z,18.13,18.13,17.935,17.975,66666,-157840,-91174,109224,-41971,67253,32322,-8401,23921,NaN,NaN,NaN,NaN,234324,66666,-157840,-91174,109224,-41971,67253,32322,-8401,23921
2020-01-13T23:00:00Z,17.975,17.985,17.69,17.81,64104,-156461,-92357,110762,-43389,67373,31592,-6608,24984,NaN,NaN,NaN,NaN,234639,64104,-156461,-92357,110762,-43389,67373,31592,-6608,24984
2020-01-14T23:00:00Z,17.8,18.055,17.755,18.005,64104,-156461,-92357,110762,-43389,67373,31592,-6608,24984,NaN,NaN,NaN,NaN,234639,64104,-156461,-92357,110762,-43389,67373,31592,-6608,24984
2020-01-15T23:00:00Z,18.01,18.055,17.875,17.94,64104,-156461,-92357,110762,-43389,67373,31592,-6608,24984,NaN,NaN,NaN,NaN,234639,64104,-156461,-92357,110762,-43389,67373,31592,-6608,24984
2020-01-16T23:00:00Z,17.95,18.185,17.905,18.04,64104,-156461,-92357,110762,-43389,67373,31592,-6608,24984,NaN,NaN,NaN,NaN,234639,64104,-156461,-92357,110762,-43389,67373,31592,-6608,24984
2020-01-19T23:00:00Z,18.04,18.155,17.62,17.78,63830,-158058,-94228,109144,-40269,68875,32142,-6789,25353,NaN,NaN,NaN,NaN,233858,63830,-158058,-94228,109144,-40269,68875,32142,-6789,25353
2020-01-21T23:00:00Z,17.785,17.93,17.675,17.835,63830,-158058,-94228,109144,-40269,68875,32142,-6789,25353,NaN,NaN,NaN,NaN,233858,63830,-158058,-94228,109144,-40269,68875,32142,-6789,25353
2020-01-22T23:00:00Z,17.835,17.91,17.59,17.79,63830,-158058,-94228,109144,-40269,68875,32142,-6789,25353,NaN,NaN,NaN,NaN,233858,63830,-158058,-94228,109144,-40269,68875,32142,-6789,25353
2020-01-23T23:00:00Z,17.8,18.145,17.74,18.12,63830,-158058,-94228,109144,-40269,68875,32142,-6789,25353,NaN,NaN,NaN,NaN,233858,63830,-158058,-94228,109144,-40269,68875,32142,-6789,25353
2020-01-26T23:00:00Z,18.26,18.375,18.04,18.095,63830,-158058,-94228,109144,-40269,68875,32142,-6789,25353,NaN,NaN,NaN,NaN,233858,63830,-158058,-94228,109144,-40269,68875,32142,-6789,25353
2020-01-27T23:00:00Z,18.095,18.115,17.42,17.445,65248,-154419,-89171,105637,-42220,63417,32223,-6469,25754,NaN,NaN,NaN,NaN,231933,65248,-154419,-89171,105637,-42220,63417,32223,-6469,25754
2020-01-28T23:00:00Z,17.44,17.575,17.28,17.535,65248,-154419,-89171,105637,-42220,63417,32223,-6469,25754,NaN,NaN,NaN,NaN,231933,65248,-154419,-89171,105637,-42220,63417,32223,-6469,25754
2020-01-29T23:00:00Z,17.54,18.04,17.52,17.825,65248,-154419,-89171,105637,-42220,63417,32223,-6469,25754,NaN,NaN,NaN,NaN,231933,65248,-154419,-89171,105637,-42220,63417,32223,-6469,25754
2020-01-30T23:00:00Z,17.825,18.09,17.76,18.03,65248,-154419,-89171,105637,-42220,63417,32223,-6469,25754,NaN,NaN,NaN,NaN,231933,65248,-154419,-89171,105637,-42220,63417,32223,-6469,25754
2020-02-02T23:00:00Z,18.1,18.125,17.58,17.66,65248,-154419,-89171,105637,-42220,63417,32223,-6469,25754,NaN,NaN,NaN,NaN,231933,65248,-154419,-89171,105637,-42220,63417,32223,-6469,25754
2020-02-03T23:00:00Z,17.65,17.77,17.51,17.57,66390,-157746,-91356,97078,-29275,67803,31451,-7898,23553,NaN,NaN,NaN,NaN,224936,66390,-157746,-91356,97078,-29275,67803,31451,-7898,23553
2020-02-04T23:00:00Z,17.565,17.71,17.465,17.585,66390,-157746,-91356,97078,-29275,67803,31451,-7898,23553,NaN,NaN,NaN,NaN,224936,66390,-157746,-91356,97078,-29275,67803,31451,-7898,23553
2020-02-05T23:00:00Z,17.61,17.875,17.575,17.81,66390,-157746,-91356,97078,-29275,67803,31451,-7898,23553,NaN,NaN,NaN,NaN,224936,66390,-157746,-91356,97078,-29275,67803,31451,-7898,23553
2020-02-06T23:00:00Z,17.81,17.855,17.605,17.685,66390,-157746,-91356,97078,-29275,67803,31451,-7898,23553,NaN,NaN,NaN,NaN,224936,66390,-157746,-91356,97078,-29275,67803,31451,-7898,23553
2020-02-09T23:00:00Z,17.705,17.825,17.665,17.755,66390,-157746,-91356,97078,-29275,67803,31451,-7898,23553,NaN,NaN,NaN,NaN,224936,66390,-157746,-91356,97078,-29275,67803,31451,-7898,23553
2020-02-10T23:00:00Z,17.755,17.8,17.55,17.62,68930,-161387,-92457,96395,-28758,67637,32802,-7982,24820,NaN,NaN,NaN,NaN,221858,68930,-161387,-92457,96395,-28758,67637,32802,-7982,24820
2020-02-11T23:00:00Z,17.62,17.65,17.435,17.455,68930,-161387,-92457,96395,-28758,67637,32802,-7982,24820,NaN,NaN,NaN,NaN,221858,68930,-161387,-92457,96395,-28758,67637,32802,-7982,24820
2020-02-12T23:00:00Z,17.455,17.715,17.44,17.62,68930,-161387,-92457,96395,-28758,67637,32802,-7982,24820,NaN,NaN,NaN,NaN,221858,68930,-161387,-92457,96395,-28758,67637,32802,-7982,24820
2020-02-13T23:00:00Z,17.625,17.79,17.595,17.715,68930,-161387,-92457,96395,-28758,67637,32802,-7982,24820,NaN,NaN,NaN,NaN,221858,68930,-161387,-92457,96395,-28758,67637,32802,-7982,24820
2020-02-16T23:00:00Z,17.725,18.215,17.67,18.155,69992,-170773,-100781,107940,-30063,77877,32952,-10048,22904,NaN,NaN,NaN,NaN,238077,69992,-170773,-100781,107940,-30063,77877,32952,-10048,22904
2020-02-18T23:00:00Z,18.155,18.45,18.135,18.415,69992,-170773,-100781,107940,-30063,77877,32952,-10048,22904,NaN,NaN,NaN,NaN,238077,69992,-170773,-100781,107940,-30063,77877,32952,-10048,22904
2020-02-19T23:00:00Z,18.425,18.44,18.205,18.345,69992,-170773,-100781,107940,-30063,77877,32952,-10048,22904,NaN,NaN,NaN,NaN,238077,69992,-170773,-100781,107940,-30063,77877,32952,-10048,22904
2020-02-20T23:00:00Z,18.36,18.625,18.335,18.455,69992,-170773,-100781,107940,-30063,77877,32952,-10048,22904,NaN,NaN,NaN,NaN,238077,69992,-170773,-100781,107940,-30063,77877,32952,-10048,22904
2020-02-23T23:00:00Z,18.65,18.92,18.51,18.6,69992,-170773,-100781,107940,-30063,77877,32952,-10048,22904,NaN,NaN,NaN,NaN,238077,69992,-170773,-100781,107940,-30063,77877,32952,-10048,22904
2020-02-24T23:00:00Z,18.625,18.64,17.82,17.95,70697,-170057,-99360,107490,-32697,74793,34442,-9875,24567,NaN,NaN,NaN,NaN,238970,70697,-170057,-99360,107490,-32697,74793,34442,-9875,24567
2020-02-25T23:00:00Z,17.965,18.17,17.745,17.87,70697,-170057,-99360,107490,-32697,74793,34442,-9875,24567,NaN,NaN,NaN,NaN,238970,70697,-170057,-99360,107490,-32697,74793,34442,-9875,24567
2020-02-26T23:00:00Z,17.945,18.16,17.63,17.8,70697,-170057,-99360,107490,-32697,74793,34442,-9875,24567,NaN,NaN,NaN,NaN,238970,70697,-170057,-99360,107490,-32697,74793,34442,-9875,24567
2020-02-27T23:00:00Z,17.76,17.885,16.4,16.68,70697,-170057,-99360,107490,-32697,74793,34442,-9875,24567,NaN,NaN,NaN,NaN,238970,70697,-170057,-99360,107490,-32697,74793,34442,-9875,24567
2020-03-01T23:00:00Z,16.5,17.06,16.445,16.73,70697,-170057,-99360,107490,-32697,74793,34442,-9875,24567,NaN,NaN,NaN,NaN,238970,70697,-170057,-99360,107490,-32697,74793,34442,-9875,24567
2020-03-02T23:00:00Z,16.665,17.48,16.665,17.215,69143,-137587,-68444,82570,-34267,48303,28661,-8520,20141,NaN,NaN,NaN,NaN,196909,69143,-137587,-68444,82570,-34267,48303,28661,-8520,20141
2020-03-03T23:00:00Z,17.205,17.335,17.075,17.21,69143,-137587,-68444,82570,-34267,48303,28661,-8520,20141,NaN,NaN,NaN,NaN,196909,69143,-137587,-68444,82570,-34267,48303,28661,-8520,20141
2020-03-04T23:00:00Z,17.23,17.465,17.15,17.43,69143,-137587,-68444,82570,-34267,48303,28661,-8520,20141,NaN,NaN,NaN,NaN,196909,69143,-137587,-68444,82570,-34267,48303,28661,-8520,20141
2020-03-05T23:00:00Z,17.45,17.575,17.015,17.345,69143,-137587,-68444,82570,-34267,48303,28661,-8520,20141,NaN,NaN,NaN,NaN,196909,69143,-137587,-68444,82570,-34267,48303,28661,-8520,20141
2020-03-08T22:00:00Z,17.49,17.615,16.55,17.01,69143,-137587,-68444,82570,-34267,48303,28661,-8520,20141,NaN,NaN,NaN,NaN,196909,69143,-137587,-68444,82570,-34267,48303,28661,-8520,20141
2020-03-09T22:00:00Z,17.02,17.2,16.79,16.88,71377,-131713,-60336,75117,-30170,44947,24943,-9554,15389,NaN,NaN,NaN,NaN,187060,71377,-131713,-60336,75117,-30170,44947,24943,-9554,15389
2020-03-10T22:00:00Z,16.875,17.11,16.66,16.735,71377,-131713,-60336,75117,-30170,44947,24943,-9554,15389,NaN,NaN,NaN,NaN,187060,71377,-131713,-60336,75117,-30170,44947,24943,-9554,15389
2020-03-11T22:00:00Z,16.72,16.91,15.505,15.815,71377,-131713,-60336,75117,-30170,44947,24943,-9554,15389,NaN,NaN,NaN,NaN,187060,71377,-131713,-60336,75117,-30170,44947,24943,-9554,15389
2020-03-12T22:00:00Z,15.825,15.89,14.425,14.685,71377,-131713,-60336,75117,-30170,44947,24943,-9554,15389,NaN,NaN,NaN,NaN,187060,71377,-131713,-60336,75117,-30170,44947,24943,-9554,15389
2020-03-15T22:00:00Z,15.1,15.245,11.77,12.915,71377,-131713,-60336,75117,-30170,44947,24943,-9554,15389,NaN,NaN,NaN,NaN,187060,71377,-131713,-60336,75117,-30170,44947,24943,-9554,15389
2020-03-16T22:00:00Z,12.86,13.23,12.11,12.61,66031,-120678,-54647,61215,-19247,41968,22681,-10002,12679,NaN,NaN,NaN,NaN,166682,66031,-120678,-54647,61215,-19247,41968,22681,-10002,12679
2020-03-17T22:00:00Z,12.61,12.905,11.64,11.98,66031,-120678,-54647,61215,-19247,41968,22681,-10002,12679,NaN,NaN,NaN,NaN,166682,66031,-120678,-54647,61215,-19247,41968,22681,-10002,12679
2020-03-18T22:00:00Z,11.975,12.33,11.76,12.145,66031,-120678,-54647,61215,-19247,41968,22681,-10002,12679,NaN,NaN,NaN,NaN,166682,66031,-120678,-54647,61215,-19247,41968,22681,-10002,12679
2020-03-19T22:00:00Z,12.125,13.095,12.005,12.63,66031,-120678,-54647,61215,-19247,41968,22681,-10002,12679,NaN,NaN,NaN,NaN,166682,66031,-120678,-54647,61215,-19247,41968,22681,-10002,12679
2020-03-22T22:00:00Z,12.615,13.33,12.29,13.31,66031,-120678,-54647,61215,-19247,41968,22681,-10002,12679,NaN,NaN,NaN,NaN,166682,66031,-120678,-54647,61215,-19247,41968,22681,-10002,12679
2020-03-23T22:00:00Z,13.32,14.435,13.22,14.4,64915,-109595,-44680,53077,-19390,33687,21976,-10983,10993,NaN,NaN,NaN,NaN,150700,64915,-109595,-44680,53077,-19390,33687,21976,-10983,10993
2020-03-24T22:00:00Z,14.415,14.93,14.205,14.725,64915,-109595,-44680,53077,-19390,33687,21976,-10983,10993,NaN,NaN,NaN,NaN,150700,64915,-109595,-44680,53077,-19390,33687,21976,-10983,10993
2020-03-25T22:00:00Z,14.77,14.98,14.4,14.61,64915,-109595,-44680,53077,-19390,33687,21976,-10983,10993,NaN,NaN,NaN,NaN,150700,64915,-109595,-44680,53077,-19390,33687,21976,-10983,10993
2020-03-26T22:00:00Z,14.66,14.84,14.345,14.625,64915,-109595,-44680,53077,-19390,33687,21976,-10983,10993,NaN,NaN,NaN,NaN,150700,64915,-109595,-44680,53077,-19390,33687,21976,-10983,10993
2020-03-29T22:00:00Z,14.7,14.71,13.945,14.205,64915,-109595,-44680,53077,-19390,33687,21976,-10983,10993,NaN,NaN,NaN,NaN,150700,64915,-109595,-44680,53077,-19390,33687,21976,-10983,10993
2020-03-30T22:00:00Z,14.205,14.5,14.055,14.155,64811,-106111,-41300,47050,-16172,30878,20051,-9629,10422,NaN,NaN,NaN,NaN,139256,64811,-106111,-41300,47050,-16172,30878,20051,-9629,10422
2020-03-31T22:00:00Z,14.145,14.265,13.895,14.055,64811,-106111,-41300,47050,-16172,30878,20051,-9629,10422,NaN,NaN,NaN,NaN,139256,64811,-106111,-41300,47050,-16172,30878,20051,-9629,10422
2020-04-01T22:00:00Z,14.055,14.72,13.99,14.63,64811,-106111,-41300,47050,-16172,30878,20051,-9629,10422,NaN,NaN,NaN,NaN,139256,64811,-106111,-41300,47050,-16172,30878,20051,-9629,10422
2020-04-02T22:00:00Z,14.63,14.75,14.44,14.525,64811,-106111,-41300,47050,-16172,30878,20051,-9629,10422,NaN,NaN,NaN,NaN,139256,64811,-106111,-41300,47050,-16172,30878,20051,-9629,10422
2020-04-05T22:00:00Z,14.54,15.405,14.355,15.31,64811,-106111,-41300,47050,-16172,30878,20051,-9629,10422,NaN,NaN,NaN,NaN,139256,64811,-106111,-41300,47050,-16172,30878,20051,-9629,10422
2020-04-06T22:00:00Z,15.28,15.93,15.205,15.305,63121,-106108,-42987,46471,-16754,29717,22096,-8826,13270,NaN,NaN,NaN,NaN,138974,63121,-106108,-42987,46471,-16754,29717,22096,-8826,13270
2020-04-07T22:00:00Z,15.305,15.445,15.11,15.205,63121,-106108,-42987,46471,-16754,29717,22096,-8826,13270,NaN,NaN,NaN,NaN,138974,63121,-106108,-42987,46471,-16754,29717,22096,-8826,13270
2020-04-08T22:00:00Z,15.215,16.09,15.175,15.915,63121,-106108,-42987,46471,-16754,29717,22096,-8826,13270,NaN,NaN,NaN,NaN,138974,63121,-106108,-42987,46471,-16754,29717,22096,-8826,13270
2020-04-12T22:00:00Z,15.875,15.975,15.385,15.665,63121,-106108,-42987,46471,-16754,29717,22096,-8826,13270,NaN,NaN,NaN,NaN,138974,63121,-106108,-42987,46471,-16754,29717,22096,-8826,13270
2020-04-13T22:00:00Z,15.655,16.3,15.655,16.045,64266,-107722,-43456,48003,-17449,30554,24118,-11216,12902,NaN,NaN,NaN,NaN,143477,64266,-107722,-43456,48003,-17449,30554,24118,-11216,12902
2020-04-14T22:00:00Z,16.06,16.08,15.48,15.645,64266,-107722,-43456,48003,-17449,30554,24118,-11216,12902,NaN,NaN,NaN,NaN,143477,64266,-107722,-43456,48003,-17449,30554,24118,-11216,12902
2020-04-15T22:00:00Z,15.65,15.915,15.43,15.74,64266,-107722,-43456,48003,-17449,30554,24118,-11216,12902,NaN,NaN,NaN,NaN,143477,64266,-107722,-43456,48003,-17449,30554,24118,-11216,12902
2020-04-16T22:00:00Z,15.75,15.8,15.195,15.335,64266,-107722,-43456,48003,-17449,30554,24118,-11216,12902,NaN,NaN,NaN,NaN,143477,64266,-107722,-43456,48003,-17449,30554,24118,-11216,12902
2020-04-19T22:00:00Z,15.285,15.69,15.215,15.55,64266,-107722,-43456,48003,-17449,30554,24118,-11216,12902,NaN,NaN,NaN,NaN,143477,64266,-107722,-43456,48003,-17449,30554,24118,-11216,12902
2020-04-20T22:00:00Z,15.535,15.56,14.56,14.96,63216,-102551,-39335,46688,-18180,28508,21903,-11076,10827,NaN,NaN,NaN,NaN,139607,63216,-102551,-39335,46688,-18180,28508,21903,-11076,10827
2020-04-21T22:00:00Z,14.96,15.365,14.775,15.3,63216,-102551,-39335,46688,-18180,28508,21903,-11076,10827,NaN,NaN,NaN,NaN,139607,63216,-102551,-39335,46688,-18180,28508,21903,-11076,10827
2020-04-22T22:00:00Z,15.28,15.72,15.205,15.375,63216,-102551,-39335,46688,-18180,28508,21903,-11076,10827,NaN,NaN,NaN,NaN,139607,63216,-102551,-39335,46688,-18180,28508,21903,-11076,10827
2020-04-23T22:00:00Z,15.375,15.55,15.09,15.355,63216,-102551,-39335,46688,-18180,28508,21903,-11076,10827,NaN,NaN,NaN,NaN,139607,63216,-102551,-39335,46688,-18180,28508,21903,-11076,10827
2020-04-26T22:00:00Z,15.32,15.445,15.105,15.305,63216,-102551,-39335,46688,-18180,28508,21903,-11076,10827,NaN,NaN,NaN,NaN,139607,63216,-102551,-39335,46688,-18180,28508,21903,-11076,10827
2020-04-27T22:00:00Z,15.295,15.33,14.94,15.22,62881,-99738,-36857,45020,-19515,25505,21333,-9981,11352,NaN,NaN,NaN,NaN,138349,62881,-99738,-36857,45020,-19515,25505,21333,-9981,11352
2020-04-28T22:00:00Z,15.33,15.605,15.235,15.53,62881,-99738,-36857,45020,-19515,25505,21333,-9981,11352,NaN,NaN,NaN,NaN,138349,62881,-99738,-36857,45020,-19515,25505,21333,-9981,11352
2020-04-29T22:00:00Z,15.53,15.94,14.85,15.065,62881,-99738,-36857,45020,-19515,25505,21333,-9981,11352,NaN,NaN,NaN,NaN,138349,62881,-99738,-36857,45020,-19515,25505,21333,-9981,11352
2020-04-30T22:00:00Z,15.075,15.15,14.82,15.065,62881,-99738,-36857,45020,-19515,25505,21333,-9981,11352,NaN,NaN,NaN,NaN,138349,62881,-99738,-36857,45020,-19515,25505,21333,-9981,11352
2020-05-03T22:00:00Z,15.075,15.225,14.76,14.83,62881,-99738,-36857,45020,-19515,25505,21333,-9981,11352,NaN,NaN,NaN,NaN,138349,62881,-99738,-36857,45020,-19515,25505,21333,-9981,11352
2020-05-04T22:00:00Z,14.845,15.2,14.76,15.115,60917,-94865,-33948,44052,-21137,22915,20670,-9637,11033,NaN,NaN,NaN,NaN,132573,60917,-94865,-33948,44052,-21137,22915,20670,-9637,11033
2020-05-05T22:00:00Z,15.115,15.39,14.84,14.94,60917,-94865,-33948,44052,-21137,22915,20670,-9637,11033,NaN,NaN,NaN,NaN,132573,60917,-94865,-33948,44052,-21137,22915,20670,-9637,11033
2020-05-06T22:00:00Z,14.92,15.695,14.92,15.63,60917,-94865,-33948,44052,-21137,22915,20670,-9637,11033,NaN,NaN,NaN,NaN,132573,60917,-94865,-33948,44052,-21137,22915,20670,-9637,11033
2020-05-07T22:00:00Z,15.625,15.98,15.505,15.775,60917,-94865,-33948,44052,-21137,22915,20670,-9637,11033,NaN,NaN,NaN,NaN,132573,60917,-94865,-33948,44052,-21137,22915,20670,-9637,11033
2020-05-10T22:00:00Z,15.755,15.92,15.51,15.705,60917,-94865,-33948,44052,-21137,22915,20670,-9637,11033,NaN,NaN,NaN,NaN,132573,60917,-94865,-33948,44052,-21137,22915,20670,-9637,11033
2020-05-11T22:00:00Z,15.7,15.88,15.525,15.63,59195,-99876,-40681,44757,-18984,25773,23852,-8944,14908,NaN,NaN,NaN,NaN,135987,59195,-99876,-40681,44757,-18984,25773,23852,-8944,14908
2020-05-12T22:00:00Z,15.625,15.91,15.545,15.76,59195,-99876,-40681,44757,-18984,25773,23852,-8944,14908,NaN,NaN,NaN,NaN,135987,59195,-99876,-40681,44757,-18984,25773,23852,-8944,14908
2020-05-13T22:00:00Z,15.755,16.225,15.66,16.205,59195,-99876,-40681,44757,-18984,25773,23852,-8944,14908,NaN,NaN,NaN,NaN,135987,59195,-99876,-40681,44757,-18984,25773,23852,-8944,14908
2020-05-14T22:00:00Z,16.185,17.15,16.155,17.08,59195,-99876,-40681,44757,-18984,25773,23852,-8944,14908,NaN,NaN,NaN,NaN,135987,59195,-99876,-40681,44757,-18984,25773,23852,-8944,14908
2020-05-17T22:00:00Z,17.225,17.985,17.125,17.32,59195,-99876,-40681,44757,-18984,25773,23852,-8944,14908,NaN,NaN,NaN,NaN,135987,59195,-99876,-40681,44757,-18984,25773,23852,-8944,14908
2020-05-18T22:00:00Z,17.37,18.01,17.34,17.86,64331,-109220,-44889,54391,-23463,30928,25755,-11794,13961,NaN,NaN,NaN,NaN,151890,64331,-109220,-44889,54391,-23463,30928,25755,-11794,13961
2020-05-19T22:00:00Z,17.875,18.165,17.755,18.065,64331,-109220,-44889,54391,-23463,30928,25755,-11794,13961,NaN,NaN,NaN,NaN,151890,64331,-109220,-44889,54391,-23463,30928,25755,-11794,13961
2020-05-20T22:00:00Z,18.055,18.06,17.26,17.445,64331,-109220,-44889,54391,-23463,30928,25755,-11794,13961,NaN,NaN,NaN,NaN,151890,64331,-109220,-44889,54391,-23463,30928,25755,-11794,13961
2020-05-21T22:00:00Z,17.435,17.77,17.19,17.69,64331,-109220,-44889,54391,-23463,30928,25755,-11794,13961,NaN,NaN,NaN,NaN,151890,64331,-109220,-44889,54391,-23463,30928,25755,-11794,13961
2020-05-24T22:00:00Z,17.69,18.04,17.37,17.565,63923,-114515,-50592,61525,-24336,37189,24929,-11526,13403,NaN,NaN,NaN,NaN,158185,63923,-114515,-50592,61525,-24336,37189,24929,-11526,13403
2020-05-26T22:00:00Z,17.56,17.86,17.225,17.795,63923,-114515,-50592,61525,-24336,37189,24929,-11526,13403,NaN,NaN,NaN,NaN,158185,63923,-114515,-50592,61525,-24336,37189,24929,-11526,13403
2020-05-27T22:00:00Z,17.8,18.11,17.685,17.895,63923,-114515,-50592,61525,-24336,37189,24929,-11526,13403,NaN,NaN,NaN,NaN,158185,63923,-114515,-50592,61525,-24336,37189,24929,-11526,13403
2020-05-28T22:00:00Z,17.92,18.55,17.81,18.485,63923,-114515,-50592,61525,-24336,37189,24929,-11526,13403,NaN,NaN,NaN,NaN,158185,63923,-114515,-50592,61525,-24336,37189,24929,-11526,13403
2020-05-31T22:00:00Z,18.635,18.95,18.455,18.82,63923,-114515,-50592,61525,-24336,37189,24929,-11526,13403,NaN,NaN,NaN,NaN,158185,63923,-114515,-50592,61525,-24336,37189,24929,-11526,13403
2020-06-01T22:00:00Z,18.85,18.9,18.115,18.39,67850,-121797,-53947,64997,-27773,37224,27516,-10793,16723,NaN,NaN,NaN,NaN,169670,67850,-121797,-53947,64997,-27773,37224,27516,-10793,16723
2020-06-02T22:00:00Z,18.395,18.405,17.675,17.955,67850,-121797,-53947,64997,-27773,37224,27516,-10793,16723,NaN,NaN,NaN,NaN,169670,67850,-121797,-53947,64997,-27773,37224,27516,-10793,16723
2020-06-03T22:00:00Z,17.965,18.13,17.785,17.995,67850,-121797,-53947,64997,-27773,37224,27516,-10793,16723,NaN,NaN,NaN,NaN,169670,67850,-121797,-53947,64997,-27773,37224,27516,-10793,16723
2020-06-04T22:00:00Z,18.02,18.05,17.375,17.57,67850,-121797,-53947,64997,-27773,37224,27516,-10793,16723,NaN,NaN,NaN,NaN,169670,67850,-121797,-53947,64997,-27773,37224,27516,-10793,16723
2020-06-07T22:00:00Z,17.545,17.98,17.495,17.96,67850,-121797,-53947,64997,-27773,37224,27516,-10793,16723,NaN,NaN,NaN,NaN,169670,67850,-121797,-53947,64997,-27773,37224,27516,-10793,16723
2020-06-08T22:00:00Z,17.945,17.99,17.685,17.74,69696,-119867,-50171,65660,-32295,33365,27098,-10292,16806,NaN,NaN,NaN,NaN,175240,69696,-119867,-50171,65660,-32295,33365,27098,-10292,16806
2020-06-09T22:00:00Z,17.74,18.405,17.685,18.34,69696,-119867,-50171,65660,-32295,33365,27098,-10292,16806,NaN,NaN,NaN,NaN,175240,69696,-119867,-50171,65660,-32295,33365,27098,-10292,16806
2020-06-10T22:00:00Z,18.335,18.39,17.6,17.75,69696,-119867,-50171,65660,-32295,33365,27098,-10292,16806,NaN,NaN,NaN,NaN,175240,69696,-119867,-50171,65660,-32295,33365,27098,-10292,16806
2020-06-11T22:00:00Z,17.755,17.87,17.47,17.585,69696,-119867,-50171,65660,-32295,33365,27098,-10292,16806,NaN,NaN,NaN,NaN,175240,69696,-119867,-50171,65660,-32295,33365,27098,-10292,16806
2020-06-14T22:00:00Z,17.56,17.63,17.015,17.52,69696,-119867,-50171,65660,-32295,33365,27098,-10292,16806,NaN,NaN,NaN,NaN,175240,69696,-119867,-50171,65660,-32295,33365,27098,-10292,16806
2020-06-15T22:00:00Z,17.52,17.79,17.465,17.62,70308,-119338,-49030,66664,-30042,36622,25479,-13071,12408,NaN,NaN,NaN,NaN,174386,70308,-119338,-49030,66664,-30042,36622,25479,-13071,12408
2020-06-16T22:00:00Z,17.63,17.815,17.515,17.71,70308,-119338,-49030,66664,-30042,36622,25479,-13071,12408,NaN,NaN,NaN,NaN,174386,70308,-119338,-49030,66664,-30042,36622,25479,-13071,12408
2020-06-17T22:00:00Z,17.705,17.92,17.4,17.485,70308,-119338,-49030,66664,-30042,36622,25479,-13071,12408,NaN,NaN,NaN,NaN,174386,70308,-119338,-49030,66664,-30042,36622,25479,-13071,12408
2020-06-18T22:00:00Z,17.49,18.03,17.47,17.825,70308,-119338,-49030,66664,-30042,36622,25479,-13071,12408,NaN,NaN,NaN,NaN,174386,70308,-119338,-49030,66664,-30042,36622,25479,-13071,12408
2020-06-21T22:00:00Z,17.92,18.19,17.785,17.79,70308,-119338,-49030,66664,-30042,36622,25479,-13071,12408,NaN,NaN,NaN,NaN,174386,70308,-119338,-49030,66664,-30042,36622,25479,-13071,12408
2020-06-22T22:00:00Z,17.805,18.14,17.73,18.09,69758,-120595,-50837,71859,-33936,37923,25667,-12753,12914,NaN,NaN,NaN,NaN,183444,69758,-120595,-50837,71859,-33936,37923,25667,-12753,12914
2020-06-23T22:00:00Z,18.1,18.255,17.425,17.555,69758,-120595,-50837,71859,-33936,37923,25667,-12753,12914,NaN,NaN,NaN,NaN,183444,69758,-120595,-50837,71859,-33936,37923,25667,-12753,12914
2020-06-24T22:00:00Z,17.575,17.94,17.5,17.93,69758,-120595,-50837,71859,-33936,37923,25667,-12753,12914,NaN,NaN,NaN,NaN,183444,69758,-120595,-50837,71859,-33936,37923,25667,-12753,12914
2020-06-25T22:00:00Z,17.925,18.125,17.56,17.95,69758,-120595,-50837,71859,-33936,37923,25667,-12753,12914,NaN,NaN,NaN,NaN,183444,69758,-120595,-50837,71859,-33936,37923,25667,-12753,12914
2020-06-28T22:00:00Z,18.11,18.285,17.935,18.095,69758,-120595,-50837,71859,-33936,37923,25667,-12753,12914,NaN,NaN,NaN,NaN,183444,69758,-120595,-50837,71859,-33936,37923,25667,-12753,12914
2020-06-29T22:00:00Z,18.095,18.655,18.02,18.57,56406,-106680,-50274,78746,-41145,37601,25337,-12664,12673,NaN,NaN,NaN,NaN,169418,56406,-106680,-50274,78746,-41145,37601,25337,-12664,12673
2020-06-30T22:00:00Z,18.58,18.85,18.095,18.28,56406,-106680,-50274,78746,-41145,37601,25337,-12664,12673,NaN,NaN,NaN,NaN,169418,56406,-106680,-50274,78746,-41145,37601,25337,-12664,12673
2020-07-01T22:00:00Z,18.285,18.4,17.995,18.26,56406,-106680,-50274,78746,-41145,37601,25337,-12664,12673,NaN,NaN,NaN,NaN,169418,56406,-106680,-50274,78746,-41145,37601,25337,-12664,12673
2020-07-02T22:00:00Z,18.27,18.78,18.23,18.59,56406,-106680,-50274,78746,-41145,37601,25337,-12664,12673,NaN,NaN,NaN,NaN,169418,56406,-106680,-50274,78746,-41145,37601,25337,-12664,12673
2020-07-06T22:00:00Z,18.585,18.72,18.235,18.615,52444,-105086,-52642,80741,-42916,37825,26510,-11693,14817,NaN,NaN,NaN,NaN,169513,52444,-105086,-52642,80741,-42916,37825,26510,-11693,14817
2020-07-07T22:00:00Z,18.625,19.215,18.585,19.135,52444,-105086,-52642,80741,-42916,37825,26510,-11693,14817,NaN,NaN,NaN,NaN,169513,52444,-105086,-52642,80741,-42916,37825,26510,-11693,14817
2020-07-08T22:00:00Z,19.15,19.445,18.83,19.02,52444,-105086,-52642,80741,-42916,37825,26510,-11693,14817,NaN,NaN,NaN,NaN,169513,52444,-105086,-52642,80741,-42916,37825,26510,-11693,14817
2020-07-09T22:00:00Z,19.025,19.195,18.91,19.08,52444,-105086,-52642,80741,-42916,37825,26510,-11693,14817,NaN,NaN,NaN,NaN,169513,52444,-105086,-52642,80741,-42916,37825,26510,-11693,14817
2020-07-12T22:00:00Z,19.08,19.81,19.08,19.45,52444,-105086,-52642,80741,-42916,37825,26510,-11693,14817,NaN,NaN,NaN,NaN,169513,52444,-105086,-52642,80741,-42916,37825,26510,-11693,14817
2020-07-13T22:00:00Z,19.455,19.685,19.24,19.64,52696,-112891,-60195,85679,-41810,43869,28574,-12248,16326,NaN,NaN,NaN,NaN,178367,52696,-112891,-60195,85679,-41810,43869,28574,-12248,16326
2020-07-14T22:00:00Z,19.645,19.845,19.525,19.805,52696,-112891,-60195,85679,-41810,43869,28574,-12248,16326,NaN,NaN,NaN,NaN,178367,52696,-112891,-60195,85679,-41810,43869,28574,-12248,16326
2020-07-15T22:00:00Z,19.82,19.87,19.475,19.515,52696,-112891,-60195,85679,-41810,43869,28574,-12248,16326,NaN,NaN,NaN,NaN,178367,52696,-112891,-60195,85679,-41810,43869,28574,-12248,16326
2020-07-16T22:00:00Z,19.535,19.79,19.355,19.745,52696,-112891,-60195,85679,-41810,43869,28574,-12248,16326,NaN,NaN,NaN,NaN,178367,52696,-112891,-60195,85679,-41810,43869,28574,-12248,16326
2020-07-19T22:00:00Z,19.765,20.34,19.655,20.33,52696,-112891,-60195,85679,-41810,43869,28574,-12248,16326,NaN,NaN,NaN,NaN,178367,52696,-112891,-60195,85679,-41810,43869,28574,-12248,16326
2020-07-20T22:00:00Z,20.34,21.725,20.315,21.715,54095,-116064,-61969,90010,-43255,46755,29952,-14738,15214,NaN,NaN,NaN,NaN,185745,54095,-116064,-61969,90010,-43255,46755,29952,-14738,15214
2020-07-21T22:00:00Z,21.7,23.42,21.68,23.335,54095,-116064,-61969,90010,-43255,46755,29952,-14738,15214,NaN,NaN,NaN,NaN,185745,54095,-116064,-61969,90010,-43255,46755,29952,-14738,15214
2020-07-22T22:00:00Z,23.405,23.67,22.475,22.765,54095,-116064,-61969,90010,-43255,46755,29952,-14738,15214,NaN,NaN,NaN,NaN,185745,54095,-116064,-61969,90010,-43255,46755,29952,-14738,15214
2020-07-23T22:00:00Z,22.835,23.185,22.58,22.975,54095,-116064,-61969,90010,-43255,46755,29952,-14738,15214,NaN,NaN,NaN,NaN,185745,54095,-116064,-61969,90010,-43255,46755,29952,-14738,15214
2020-07-26T22:00:00Z,22.97,24.82,22.94,24.745,54095,-116064,-61969,90010,-43255,46755,29952,-14738,15214,NaN,NaN,NaN,NaN,185745,54095,-116064,-61969,90010,-43255,46755,29952,-14738,15214
2020-07-27T22:00:00Z,24.7,26.275,22.46,24.525,60398,-107882,-47484,74401,-47093,27308,30996,-10820,20176,NaN,NaN,NaN,NaN,184020,60398,-107882,-47484,74401,-47093,27308,30996,-10820,20176
2020-07-28T22:00:00Z,24.58,25.12,23.435,24.41,60398,-107882,-47484,74401,-47093,27308,30996,-10820,20176,NaN,NaN,NaN,NaN,184020,60398,-107882,-47484,74401,-47093,27308,30996,-10820,20176
2020-07-29T22:00:00Z,24.45,24.58,23,23.62,60398,-107882,-47484,74401,-47093,27308,30996,-10820,20176,NaN,NaN,NaN,NaN,184020,60398,-107882,-47484,74401,-47093,27308,30996,-10820,20176
2020-07-30T22:00:00Z,23.625,24.67,23.41,24.63,60398,-107882,-47484,74401,-47093,27308,30996,-10820,20176,NaN,NaN,NaN,NaN,184020,60398,-107882,-47484,74401,-47093,27308,30996,-10820,20176
2020-08-02T22:00:00Z,24.68,25.275,24.16,24.46,60398,-107882,-47484,74401,-47093,27308,30996,-10820,20176,NaN,NaN,NaN,NaN,184020,60398,-107882,-47484,74401,-47093,27308,30996,-10820,20176
2020-08-03T22:00:00Z,24.49,26.26,24.24,26.245,64304,-115474,-51170,75498,-45609,29889,32783,-11502,21281,NaN,NaN,NaN,NaN,205527,64304,-115474,-51170,75498,-45609,29889,32783,-11502,21281
2020-08-04T22:00:00Z,26.29,27.25,25.64,27.075,64304,-115474,-51170,75498,-45609,29889,32783,-11502,21281,NaN,NaN,NaN,NaN,205527,64304,-115474,-51170,75498,-45609,29889,32783,-11502,21281
2020-08-05T22:00:00Z,27.105,29.2,26.935,29.01,64304,-115474,-51170,75498,-45609,29889,32783,-11502,21281,NaN,NaN,NaN,NaN,205527,64304,-115474,-51170,75498,-45609,29889,32783,-11502,21281
2020-08-06T22:00:00Z,29.025,29.915,27.43,28.4,64304,-115474,-51170,75498,-45609,29889,32783,-11502,21281,NaN,NaN,NaN,NaN,205527,64304,-115474,-51170,75498,-45609,29889,32783,-11502,21281
2020-08-09T22:00:00Z,28.525,29.53,27.96,29.255,64304,-115474,-51170,75498,-45609,29889,32783,-11502,21281,NaN,NaN,NaN,NaN,205527,64304,-115474,-51170,75498,-45609,29889,32783,-11502,21281
2020-08-10T22:00:00Z,29.235,29.44,24.48,24.86,67658,-113318,-45660,67428,-43860,23568,33122,-11030,22092,NaN,NaN,NaN,NaN,198069,67658,-113318,-45660,67428,-43860,23568,33122,-11030,22092
2020-08-11T22:00:00Z,24.9,26.355,23.58,25.605,67658,-113318,-45660,67428,-43860,23568,33122,-11030,22092,NaN,NaN,NaN,NaN,198069,67658,-113318,-45660,67428,-43860,23568,33122,-11030,22092
2020-08-12T22:00:00Z,25.63,27.855,25.355,27.615,67658,-113318,-45660,67428,-43860,23568,33122,-11030,22092,NaN,NaN,NaN,NaN,198069,67658,-113318,-45660,67428,-43860,23568,33122,-11030,22092
2020-08-13T22:00:00Z,27.62,27.885,25.78,26.545,67658,-113318,-45660,67428,-43860,23568,33122,-11030,22092,NaN,NaN,NaN,NaN,198069,67658,-113318,-45660,67428,-43860,23568,33122,-11030,22092
2020-08-16T22:00:00Z,26.67,27.71,25.915,27.615,67658,-113318,-45660,67428,-43860,23568,33122,-11030,22092,NaN,NaN,NaN,NaN,198069,67658,-113318,-45660,67428,-43860,23568,33122,-11030,22092
2020-08-17T22:00:00Z,27.62,28.605,27.19,27.785,69141,-113269,-44128,71283,-44727,26556,30101,-12529,17572,NaN,NaN,NaN,NaN,194897,69141,-113269,-44128,71283,-44727,26556,30101,-12529,17572
2020-08-18T22:00:00Z,27.855,28.13,26.53,26.735,69141,-113269,-44128,71283,-44727,26556,30101,-12529,17572,NaN,NaN,NaN,NaN,194897,69141,-113269,-44128,71283,-44727,26556,30101,-12529,17572
2020-08-19T22:00:00Z,26.77,27.63,26.65,27.35,69141,-113269,-44128,71283,-44727,26556,30101,-12529,17572,NaN,NaN,NaN,NaN,194897,69141,-113269,-44128,71283,-44727,26556,30101,-12529,17572
2020-08-20T22:00:00Z,27.375,27.635,26.095,26.885,69141,-113269,-44128,71283,-44727,26556,30101,-12529,17572,NaN,NaN,NaN,NaN,194897,69141,-113269,-44128,71283,-44727,26556,30101,-12529,17572
2020-08-23T22:00:00Z,26.89,27.34,26.33,26.66,69141,-113269,-44128,71283,-44727,26556,30101,-12529,17572,NaN,NaN,NaN,NaN,194897,69141,-113269,-44128,71283,-44727,26556,30101,-12529,17572
2020-08-24T22:00:00Z,26.655,26.855,26.13,26.605,61444,-109226,-47782,74311,-42974,31337,28165,-11720,16445,NaN,NaN,NaN,NaN,187631,61444,-109226,-47782,74311,-42974,31337,28165,-11720,16445
2020-08-25T22:00:00Z,26.61,27.665,26.155,27.665,61444,-109226,-47782,74311,-42974,31337,28165,-11720,16445,NaN,NaN,NaN,NaN,187631,61444,-109226,-47782,74311,-42974,31337,28165,-11720,16445
2020-08-26T22:00:00Z,27.645,28.035,26.565,27.065,61444,-109226,-47782,74311,-42974,31337,28165,-11720,16445,NaN,NaN,NaN,NaN,187631,61444,-109226,-47782,74311,-42974,31337,28165,-11720,16445
2020-08-27T22:00:00Z,27.265,27.99,27.05,27.76,61444,-109226,-47782,74311,-42974,31337,28165,-11720,16445,NaN,NaN,NaN,NaN,187631,61444,-109226,-47782,74311,-42974,31337,28165,-11720,16445
2020-08-30T22:00:00Z,27.83,28.65,27.79,28.43,61444,-109226,-47782,74311,-42974,31337,28165,-11720,16445,NaN,NaN,NaN,NaN,187631,61444,-109226,-47782,74311,-42974,31337,28165,-11720,16445
2020-08-31T22:00:00Z,28.43,29.235,27.835,28.365,55051,-106835,-51784,76346,-42874,33472,29447,-11135,18312,NaN,NaN,NaN,NaN,166449,55051,-106835,-51784,76346,-42874,33472,29447,-11135,18312
2020-09-01T22:00:00Z,28.385,28.54,27.275,27.615,55051,-106835,-51784,76346,-42874,33472,29447,-11135,18312,NaN,NaN,NaN,NaN,166449,55051,-106835,-51784,76346,-42874,33472,29447,-11135,18312
2020-09-02T22:00:00Z,27.635,27.89,26.63,26.76,55051,-106835,-51784,76346,-42874,33472,29447,-11135,18312,NaN,NaN,NaN,NaN,166449,55051,-106835,-51784,76346,-42874,33472,29447,-11135,18312
2020-09-03T22:00:00Z,26.765,27.245,26.455,27.115,55051,-106835,-51784,76346,-42874,33472,29447,-11135,18312,NaN,NaN,NaN,NaN,166449,55051,-106835,-51784,76346,-42874,33472,29447,-11135,18312
2020-09-06T22:00:00Z,27.04,27.385,25.985,26.835,53676,-102795,-49119,73019,-39539,33480,26467,-10828,15639,NaN,NaN,NaN,NaN,158991,53676,-102795,-49119,73019,-39539,33480,26467,-10828,15639
2020-09-08T22:00:00Z,26.905,27.325,26.565,27.195,53676,-102795,-49119,73019,-39539,33480,26467,-10828,15639,NaN,NaN,NaN,NaN,158991,53676,-102795,-49119,73019,-39539,33480,26467,-10828,15639
2020-09-09T22:00:00Z,27.185,27.755,26.865,27.04,53676,-102795,-49119,73019,-39539,33480,26467,-10828,15639,NaN,NaN,NaN,NaN,158991,53676,-102795,-49119,73019,-39539,33480,26467,-10828,15639
2020-09-10T22:00:00Z,27.035,27.24,26.725,26.925,53676,-102795,-49119,73019,-39539,33480,26467,-10828,15639,NaN,NaN,NaN,NaN,158991,53676,-102795,-49119,73019,-39539,33480,26467,-10828,15639
2020-09-13T22:00:00Z,26.91,27.545,26.85,27.36,53676,-102795,-49119,73019,-39539,33480,26467,-10828,15639,NaN,NaN,NaN,NaN,158991,53676,-102795,-49119,73019,-39539,33480,26467,-10828,15639
2020-09-14T22:00:00Z,27.38,27.865,27.195,27.345,51418,-107425,-56007,77004,-38655,38349,27716,-10058,17658,NaN,NaN,NaN,NaN,162397,51418,-107425,-56007,77004,-38655,38349,27716,-10058,17658
2020-09-15T22:00:00Z,27.35,27.705,27.055,27.335,51418,-107425,-56007,77004,-38655,38349,27716,-10058,17658,NaN,NaN,NaN,NaN,162397,51418,-107425,-56007,77004,-38655,38349,27716,-10058,17658
2020-09-16T22:00:00Z,27.345,27.4,26.405,27.255,51418,-107425,-56007,77004,-38655,38349,27716,-10058,17658,NaN,NaN,NaN,NaN,162397,51418,-107425,-56007,77004,-38655,38349,27716,-10058,17658
2020-09-17T22:00:00Z,27.285,27.58,26.87,26.95,51418,-107425,-56007,77004,-38655,38349,27716,-10058,17658,NaN,NaN,NaN,NaN,162397,51418,-107425,-56007,77004,-38655,38349,27716,-10058,17658
2020-09-20T22:00:00Z,27.005,27.13,23.78,24.795,51418,-107425,-56007,77004,-38655,38349,27716,-10058,17658,NaN,NaN,NaN,NaN,162397,51418,-107425,-56007,77004,-38655,38349,27716,-10058,17658
2020-09-21T22:00:00Z,24.785,25.3,23.91,24.51,50232,-103466,-53234,75009,-36062,38947,25552,-11265,14287,NaN,NaN,NaN,NaN,157908,50232,-103466,-53234,75009,-36062,38947,25552,-11265,14287
2020-09-22T22:00:00Z,24.525,24.62,22.725,22.895,50232,-103466,-53234,75009,-36062,38947,25552,-11265,14287,NaN,NaN,NaN,NaN,157908,50232,-103466,-53234,75009,-36062,38947,25552,-11265,14287
2020-09-23T22:00:00Z,22.875,23.44,21.81,23.225,50232,-103466,-53234,75009,-36062,38947,25552,-11265,14287,NaN,NaN,NaN,NaN,157908,50232,-103466,-53234,75009,-36062,38947,25552,-11265,14287
2020-09-24T22:00:00Z,23.24,23.415,22.52,22.985,50232,-103466,-53234,75009,-36062,38947,25552,-11265,14287,NaN,NaN,NaN,NaN,157908,50232,-103466,-53234,75009,-36062,38947,25552,-11265,14287
2020-09-27T22:00:00Z,22.995,23.86,22.61,23.815,50232,-103466,-53234,75009,-36062,38947,25552,-11265,14287,NaN,NaN,NaN,NaN,157908,50232,-103466,-53234,75009,-36062,38947,25552,-11265,14287
2020-09-28T22:00:00Z,23.805,24.545,23.51,24.345,51503,-104702,-53199,74631,-33901,40730,25068,-12599,12469,NaN,NaN,NaN,NaN,157308,51503,-104702,-53199,74631,-33901,40730,25068,-12599,12469
2020-09-29T22:00:00Z,24.505,24.505,23.235,23.34,51503,-104702,-53199,74631,-33901,40730,25068,-12599,12469,NaN,NaN,NaN,NaN,157308,51503,-104702,-53199,74631,-33901,40730,25068,-12599,12469
2020-09-30T22:00:00Z,23.355,24.32,23.325,23.92,51503,-104702,-53199,74631,-33901,40730,25068,-12599,12469,NaN,NaN,NaN,NaN,157308,51503,-104702,-53199,74631,-33901,40730,25068,-12599,12469
2020-10-01T22:00:00Z,23.9,24.355,23.58,23.86,51503,-104702,-53199,74631,-33901,40730,25068,-12599,12469,NaN,NaN,NaN,NaN,157308,51503,-104702,-53199,74631,-33901,40730,25068,-12599,12469
2020-10-04T22:00:00Z,24.075,24.675,23.805,24.52,51503,-104702,-53199,74631,-33901,40730,25068,-12599,12469,NaN,NaN,NaN,NaN,157308,51503,-104702,-53199,74631,-33901,40730,25068,-12599,12469
2020-10-05T22:00:00Z,24.52,24.65,22.965,23.16,49407,-105603,-56196,75358,-34101,41257,25199,-10260,14939,NaN,NaN,NaN,NaN,155484,49407,-105603,-56196,75358,-34101,41257,25199,-10260,14939
2020-10-06T22:00:00Z,23.16,24.12,23.09,23.925,49407,-105603,-56196,75358,-34101,41257,25199,-10260,14939,NaN,NaN,NaN,NaN,155484,49407,-105603,-56196,75358,-34101,41257,25199,-10260,14939
2020-10-07T22:00:00Z,23.925,24.355,23.775,23.97,49407,-105603,-56196,75358,-34101,41257,25199,-10260,14939,NaN,NaN,NaN,NaN,155484,49407,-105603,-56196,75358,-34101,41257,25199,-10260,14939
2020-10-08T22:00:00Z,23.97,25.33,23.965,25.3,49407,-105603,-56196,75358,-34101,41257,25199,-10260,14939,NaN,NaN,NaN,NaN,155484,49407,-105603,-56196,75358,-34101,41257,25199,-10260,14939
2020-10-11T22:00:00Z,25.28,25.71,24.905,25.225,49407,-105603,-56196,75358,-34101,41257,25199,-10260,14939,NaN,NaN,NaN,NaN,155484,49407,-105603,-56196,75358,-34101,41257,25199,-10260,14939
2020-10-12T22:00:00Z,25.24,25.31,24.015,24.225,49700,-106648,-56948,76920,-36132,40788,26501,-10341,16160,NaN,NaN,NaN,NaN,158203,49700,-106648,-56948,76920,-36132,40788,26501,-10341,16160
2020-10-13T22:00:00Z,24.24,24.725,23.93,24.36,49700,-106648,-56948,76920,-36132,40788,26501,-10341,16160,NaN,NaN,NaN,NaN,158203,49700,-106648,-56948,76920,-36132,40788,26501,-10341,16160
2020-10-14T22:00:00Z,24.37,24.44,23.65,24.43,49700,-106648,-56948,76920,-36132,40788,26501,-10341,16160,NaN,NaN,NaN,NaN,158203,49700,-106648,-56948,76920,-36132,40788,26501,-10341,16160
2020-10-15T22:00:00Z,24.43,24.66,24.185,24.28,49700,-106648,-56948,76920,-36132,40788,26501,-10341,16160,NaN,NaN,NaN,NaN,158203,49700,-106648,-56948,76920,-36132,40788,26501,-10341,16160
2020-10-18T22:00:00Z,24.29,25.12,24.215,24.505,49700,-106648,-56948,76920,-36132,40788,26501,-10341,16160,NaN,NaN,NaN,NaN,158203,49700,-106648,-56948,76920,-36132,40788,26501,-10341,16160
2020-10-19T22:00:00Z,24.485,25.06,24.405,24.745,49016,-108516,-59500,76946,-32220,44726,26197,-11423,14774,NaN,NaN,NaN,NaN,157845,49016,-108516,-59500,76946,-32220,44726,26197,-11423,14774
2020-10-20T22:00:00Z,24.795,25.425,24.775,25.18,49016,-108516,-59500,76946,-32220,44726,26197,-11423,14774,NaN,NaN,NaN,NaN,157845,49016,-108516,-59500,76946,-32220,44726,26197,-11423,14774
2020-10-21T22:00:00Z,25.18,25.225,24.46,24.825,49016,-108516,-59500,76946,-32220,44726,26197,-11423,14774,NaN,NaN,NaN,NaN,157845,49016,-108516,-59500,76946,-32220,44726,26197,-11423,14774
2020-10-22T22:00:00Z,24.835,24.98,24.5,24.7,49016,-108516,-59500,76946,-32220,44726,26197,-11423,14774,NaN,NaN,NaN,NaN,157845,49016,-108516,-59500,76946,-32220,44726,26197,-11423,14774
2020-10-25T22:00:00Z,24.75,24.765,24.145,24.37,49016,-108516,-59500,76946,-32220,44726,26197,-11423,14774,NaN,NaN,NaN,NaN,157845,49016,-108516,-59500,76946,-32220,44726,26197,-11423,14774
2020-10-26T22:00:00Z,24.385,24.76,24.265,24.465,50389,-109475,-59086,76652,-32021,44631,26008,-11553,14455,NaN,NaN,NaN,NaN,160550,50389,-109475,-59086,76652,-32021,44631,26008,-11553,14455
2020-10-27T22:00:00Z,24.495,24.675,23.06,23.425,50389,-109475,-59086,76652,-32021,44631,26008,-11553,14455,NaN,NaN,NaN,NaN,160550,50389,-109475,-59086,76652,-32021,44631,26008,-11553,14455
2020-10-28T22:00:00Z,23.44,23.65,22.625,23.325,50389,-109475,-59086,76652,-32021,44631,26008,-11553,14455,NaN,NaN,NaN,NaN,160550,50389,-109475,-59086,76652,-32021,44631,26008,-11553,14455
2020-10-29T22:00:00Z,23.35,23.91,23.23,23.715,50389,-109475,-59086,76652,-32021,44631,26008,-11553,14455,NaN,NaN,NaN,NaN,160550,50389,-109475,-59086,76652,-32021,44631,26008,-11553,14455
2020-11-01T23:00:00Z,23.635,24.26,23.46,24.155,50389,-109475,-59086,76652,-32021,44631,26008,-11553,14455,NaN,NaN,NaN,NaN,160550,50389,-109475,-59086,76652,-32021,44631,26008,-11553,14455
2020-11-02T23:00:00Z,24.17,24.485,23.975,24.29,47860,-107191,-59331,72516,-27175,45341,26164,-12174,13990,NaN,NaN,NaN,NaN,153267,47860,-107191,-59331,72516,-27175,45341,26164,-12174,13990
2020-11-03T23:00:00Z,24.29,24.62,23.26,23.97,47860,-107191,-59331,72516,-27175,45341,26164,-12174,13990,NaN,NaN,NaN,NaN,153267,47860,-107191,-59331,72516,-27175,45341,26164,-12174,13990
2020-11-04T23:00:00Z,23.98,25.54,23.955,25.465,47860,-107191,-59331,72516,-27175,45341,26164,-12174,13990,NaN,NaN,NaN,NaN,153267,47860,-107191,-59331,72516,-27175,45341,26164,-12174,13990
2020-11-05T23:00:00Z,25.45,25.975,25.01,25.705,47860,-107191,-59331,72516,-27175,45341,26164,-12174,13990,NaN,NaN,NaN,NaN,153267,47860,-107191,-59331,72516,-27175,45341,26164,-12174,13990
2020-11-08T23:00:00Z,25.86,26.135,23.6,24.145,47860,-107191,-59331,72516,-27175,45341,26164,-12174,13990,NaN,NaN,NaN,NaN,153267,47860,-107191,-59331,72516,-27175,45341,26164,-12174,13990
2020-11-09T23:00:00Z,24.18,24.58,23.95,24.3,49658,-109200,-59542,72544,-26716,45828,26319,-12605,13714,NaN,NaN,NaN,NaN,155011,49658,-109200,-59542,72544,-26716,45828,26319,-12605,13714
2020-11-10T23:00:00Z,24.305,24.51,23.81,24.355,49658,-109200,-59542,72544,-26716,45828,26319,-12605,13714,NaN,NaN,NaN,NaN,155011,49658,-109200,-59542,72544,-26716,45828,26319,-12605,13714
2020-11-11T23:00:00Z,24.36,24.475,24.09,24.345,49658,-109200,-59542,72544,-26716,45828,26319,-12605,13714,NaN,NaN,NaN,NaN,155011,49658,-109200,-59542,72544,-26716,45828,26319,-12605,13714
2020-11-12T23:00:00Z,24.365,24.9,24.215,24.76,49658,-109200,-59542,72544,-26716,45828,26319,-12605,13714,NaN,NaN,NaN,NaN,155011,49658,-109200,-59542,72544,-26716,45828,26319,-12605,13714
2020-11-15T23:00:00Z,24.8,25.155,24.255,24.865,49658,-109200,-59542,72544,-26716,45828,26319,-12605,13714,NaN,NaN,NaN,NaN,155011,49658,-109200,-59542,72544,-26716,45828,26319,-12605,13714
2020-11-16T23:00:00Z,24.88,24.9,24.435,24.56,49095,-110771,-61676,75632,-30018,45614,26499,-10437,16062,NaN,NaN,NaN,NaN,160972,49095,-110771,-61676,75632,-30018,45614,26499,-10437,16062
2020-11-17T23:00:00Z,24.565,24.78,24.235,24.395,49095,-110771,-61676,75632,-30018,45614,26499,-10437,16062,NaN,NaN,NaN,NaN,160972,49095,-110771,-61676,75632,-30018,45614,26499,-10437,16062
2020-11-18T23:00:00Z,24.38,24.425,23.67,24.1,49095,-110771,-61676,75632,-30018,45614,26499,-10437,16062,NaN,NaN,NaN,NaN,160972,49095,-110771,-61676,75632,-30018,45614,26499,-10437,16062
2020-11-19T23:00:00Z,24.115,24.6,23.955,24.225,49095,-110771,-61676,75632,-30018,45614,26499,-10437,16062,NaN,NaN,NaN,NaN,160972,49095,-110771,-61676,75632,-30018,45614,26499,-10437,16062
2020-11-22T23:00:00Z,24.225,24.455,23.46,23.61,49095,-110771,-61676,75632,-30018,45614,26499,-10437,16062,NaN,NaN,NaN,NaN,160972,49095,-110771,-61676,75632,-30018,45614,26499,-10437,16062
2020-11-23T23:00:00Z,23.63,23.65,22.935,23.285,49577,-109737,-60160,74771,-29091,45680,25866,-11386,14480,NaN,NaN,NaN,NaN,162092,49577,-109737,-60160,74771,-29091,45680,25866,-11386,14480
2020-11-24T23:00:00Z,23.29,23.545,23.115,23.385,49577,-109737,-60160,74771,-29091,45680,25866,-11386,14480,NaN,NaN,NaN,NaN,162092,49577,-109737,-60160,74771,-29091,45680,25866,-11386,14480
2020-11-25T23:00:00Z,23.485,23.575,22.4,22.775,49577,-109737,-60160,74771,-29091,45680,25866,-11386,14480,NaN,NaN,NaN,NaN,162092,49577,-109737,-60160,74771,-29091,45680,25866,-11386,14480
2020-11-29T23:00:00Z,22.78,22.83,21.96,22.72,49577,-109737,-60160,74771,-29091,45680,25866,-11386,14480,NaN,NaN,NaN,NaN,162092,49577,-109737,-60160,74771,-29091,45680,25866,-11386,14480
2020-11-30T23:00:00Z,22.7,24.18,22.665,24.14,45567,-107452,-61885,77023,-29131,47892,24131,-10138,13993,NaN,NaN,NaN,NaN,152372,45567,-107452,-61885,77023,-29131,47892,24131,-10138,13993
2020-12-01T23:00:00Z,24.13,24.455,23.68,24.225,45567,-107452,-61885,77023,-29131,47892,24131,-10138,13993,NaN,NaN,NaN,NaN,152372,45567,-107452,-61885,77023,-29131,47892,24131,-10138,13993
2020-12-02T23:00:00Z,24.22,24.42,23.85,24.19,45567,-107452,-61885,77023,-29131,47892,24131,-10138,13993,NaN,NaN,NaN,NaN,152372,45567,-107452,-61885,77023,-29131,47892,24131,-10138,13993
2020-12-03T23:00:00Z,24.195,24.585,24.065,24.32,45567,-107452,-61885,77023,-29131,47892,24131,-10138,13993,NaN,NaN,NaN,NaN,152372,45567,-107452,-61885,77023,-29131,47892,24131,-10138,13993
2020-12-06T23:00:00Z,24.31,24.94,23.63,24.66,45567,-107452,-61885,77023,-29131,47892,24131,-10138,13993,NaN,NaN,NaN,NaN,152372,45567,-107452,-61885,77023,-29131,47892,24131,-10138,13993
2020-12-07T23:00:00Z,24.655,25.015,24.55,24.705,41771,-108693,-66922,79310,-30934,48376,27611,-9065,18546,NaN,NaN,NaN,NaN,154821,41771,-108693,-66922,79310,-30934,48376,27611,-9065,18546
2020-12-08T23:00:00Z,24.735,24.755,23.695,24.05,41771,-108693,-66922,79310,-30934,48376,27611,-9065,18546,NaN,NaN,NaN,NaN,154821,41771,-108693,-66922,79310,-30934,48376,27611,-9065,18546
2020-12-09T23:00:00Z,24.055,24.43,23.825,24.13,41771,-108693,-66922,79310,-30934,48376,27611,-9065,18546,NaN,NaN,NaN,NaN,154821,41771,-108693,-66922,79310,-30934,48376,27611,-9065,18546
2020-12-10T23:00:00Z,24.135,24.245,23.69,24.075,41771,-108693,-66922,79310,-30934,48376,27611,-9065,18546,NaN,NaN,NaN,NaN,154821,41771,-108693,-66922,79310,-30934,48376,27611,-9065,18546
2020-12-13T23:00:00Z,24.14,24.365,23.755,23.955,41771,-108693,-66922,79310,-30934,48376,27611,-9065,18546,NaN,NaN,NaN,NaN,154821,41771,-108693,-66922,79310,-30934,48376,27611,-9065,18546
2020-12-14T23:00:00Z,23.965,24.7,23.94,24.63,41702,-110692,-68990,80689,-31177,49512,28350,-8872,19478,NaN,NaN,NaN,NaN,158268,41702,-110692,-68990,80689,-31177,49512,28350,-8872,19478
2020-12-15T23:00:00Z,24.645,25.64,24.575,25.505,41702,-110692,-68990,80689,-31177,49512,28350,-8872,19478,NaN,NaN,NaN,NaN,158268,41702,-110692,-68990,80689,-31177,49512,28350,-8872,19478
2020-12-16T23:00:00Z,25.5,26.305,25.335,26.255,41702,-110692,-68990,80689,-31177,49512,28350,-8872,19478,NaN,NaN,NaN,NaN,158268,41702,-110692,-68990,80689,-31177,49512,28350,-8872,19478
2020-12-17T23:00:00Z,26.255,26.35,25.865,26,41702,-110692,-68990,80689,-31177,49512,28350,-8872,19478,NaN,NaN,NaN,NaN,158268,41702,-110692,-68990,80689,-31177,49512,28350,-8872,19478
2020-12-20T23:00:00Z,26.11,27.635,25.12,26.39,42591,-119749,-77158,90473,-33184,57289,28804,-8935,19869,NaN,NaN,NaN,NaN,171398,42591,-119749,-77158,90473,-33184,57289,28804,-8935,19869
2020-12-21T23:00:00Z,26.42,26.815,25.225,25.315,42591,-119749,-77158,90473,-33184,57289,28804,-8935,19869,NaN,NaN,NaN,NaN,171398,42591,-119749,-77158,90473,-33184,57289,28804,-8935,19869
2020-12-22T23:00:00Z,25.315,25.96,25.185,25.71,42591,-119749,-77158,90473,-33184,57289,28804,-8935,19869,NaN,NaN,NaN,NaN,171398,42591,-119749,-77158,90473,-33184,57289,28804,-8935,19869
2020-12-23T23:00:00Z,25.74,26.08,25.535,25.945,42591,-119749,-77158,90473,-33184,57289,28804,-8935,19869,NaN,NaN,NaN,NaN,171398,42591,-119749,-77158,90473,-33184,57289,28804,-8935,19869
2020-12-27T23:00:00Z,26.13,26.98,26,26.42,42591,-119749,-77158,90473,-33184,57289,28804,-8935,19869,NaN,NaN,NaN,NaN,171398,42591,-119749,-77158,90473,-33184,57289,28804,-8935,19869
2020-12-28T23:00:00Z,26.45,26.77,26.075,26.325,42244,-118070,-75826,88868,-34089,54779,28971,-7924,21047,NaN,NaN,NaN,NaN,170057,42244,-118070,-75826,88868,-34089,54779,28971,-7924,21047
2020-12-29T23:00:00Z,26.325,26.835,26.26,26.825,42244,-118070,-75826,88868,-34089,54779,28971,-7924,21047,NaN,NaN,NaN,NaN,170057,42244,-118070,-75826,88868,-34089,54779,28971,-7924,21047
2020-12-30T23:00:00Z,26.835,26.88,26.345,26.525,42244,-118070,-75826,88868,-34089,54779,28971,-7924,21047,NaN,NaN,NaN,NaN,170057,42244,-118070,-75826,88868,-34089,54779,28971,-7924,21047
2021-01-03T23:00:00Z,26.77,27.76,26.73,27.385,42244,-118070,-75826,88868,-34089,54779,28971,-7924,21047,NaN,NaN,NaN,NaN,170057,42244,-118070,-75826,88868,-34089,54779,28971,-7924,21047
2021-01-04T23:00:00Z,27.355,27.85,27.15,27.7,42825,-120339,-77514,90777,-35226,55551,30481,-8518,21963,NaN,NaN,NaN,NaN,176005,42825,-120339,-77514,90777,-35226,55551,30481,-8518,21963
2021-01-05T23:00:00Z,27.72,28.105,26.7,27.395,42825,-120339,-77514,90777,-35226,55551,30481,-8518,21963,NaN,NaN,NaN,NaN,176005,42825,-120339,-77514,90777,-35226,55551,30481,-8518,21963
2021-01-06T23:00:00Z,27.41,27.495,27.02,27.255,42825,-120339,-77514,90777,-35226,55551,30481,-8518,21963,NaN,NaN,NaN,NaN,176005,42825,-120339,-77514,90777,-35226,55551,30481,-8518,21963
2021-01-07T23:00:00Z,27.28,27.335,24.53,25.5,42825,-120339,-77514,90777,-35226,55551,30481,-8518,21963,NaN,NaN,NaN,NaN,176005,42825,-120339,-77514,90777,-35226,55551,30481,-8518,21963
2021-01-10T23:00:00Z,25.47,25.595,24.365,24.985,42825,-120339,-77514,90777,-35226,55551,30481,-8518,21963,NaN,NaN,NaN,NaN,176005,42825,-120339,-77514,90777,-35226,55551,30481,-8518,21963
2021-01-11T23:00:00Z,25.015,25.745,25,25.645,42147,-112133,-69986,87905,-35113,52792,27520,-10326,17194,NaN,NaN,NaN,NaN,170033,42147,-112133,-69986,87905,-35113,52792,27520,-10326,17194
2021-01-12T23:00:00Z,25.655,25.785,25.17,25.285,42147,-112133,-69986,87905,-35113,52792,27520,-10326,17194,NaN,NaN,NaN,NaN,170033,42147,-112133,-69986,87905,-35113,52792,27520,-10326,17194
2021-01-13T23:00:00Z,25.29,25.99,25.095,25.565,42147,-112133,-69986,87905,-35113,52792,27520,-10326,17194,NaN,NaN,NaN,NaN,170033,42147,-112133,-69986,87905,-35113,52792,27520,-10326,17194
2021-01-14T23:00:00Z,25.61,25.865,24.61,24.83,42147,-112133,-69986,87905,-35113,52792,27520,-10326,17194,NaN,NaN,NaN,NaN,170033,42147,-112133,-69986,87905,-35113,52792,27520,-10326,17194
2021-01-17T23:00:00Z,24.835,25.48,24.04,25.275,41109,-111425,-70316,84009,-32007,52002,27907,-9593,18314,NaN,NaN,NaN,NaN,166896,41109,-111425,-70316,84009,-32007,52002,27907,-9593,18314
2021-01-19T23:00:00Z,25.29,25.96,25.06,25.905,41109,-111425,-70316,84009,-32007,52002,27907,-9593,18314,NaN,NaN,NaN,NaN,166896,41109,-111425,-70316,84009,-32007,52002,27907,-9593,18314
2021-01-20T23:00:00Z,25.91,26.13,25.7,26.005,41109,-111425,-70316,84009,-32007,52002,27907,-9593,18314,NaN,NaN,NaN,NaN,166896,41109,-111425,-70316,84009,-32007,52002,27907,-9593,18314
2021-01-21T23:00:00Z,26.025,26.045,25.05,25.565,41109,-111425,-70316,84009,-32007,52002,27907,-9593,18314,NaN,NaN,NaN,NaN,166896,41109,-111425,-70316,84009,-32007,52002,27907,-9593,18314
2021-01-24T23:00:00Z,25.535,25.835,25.205,25.39,41109,-111425,-70316,84009,-32007,52002,27907,-9593,18314,NaN,NaN,NaN,NaN,166896,41109,-111425,-70316,84009,-32007,52002,27907,-9593,18314
2021-01-25T23:00:00Z,25.395,25.72,25.23,25.525,41135,-114547,-73412,84444,-29984,54460,28344,-9392,18952,NaN,NaN,NaN,NaN,167880,41135,-114547,-73412,84444,-29984,54460,28344,-9392,18952
2021-01-26T23:00:00Z,25.53,25.545,24.715,25.315,41135,-114547,-73412,84444,-29984,54460,28344,-9392,18952,NaN,NaN,NaN,NaN,167880,41135,-114547,-73412,84444,-29984,54460,28344,-9392,18952
2021-01-27T23:00:00Z,25.33,27.1,24.895,26.6,41135,-114547,-73412,84444,-29984,54460,28344,-9392,18952,NaN,NaN,NaN,NaN,167880,41135,-114547,-73412,84444,-29984,54460,28344,-9392,18952
2021-01-28T23:00:00Z,26.625,27.77,26.15,27.06,41135,-114547,-73412,84444,-29984,54460,28344,-9392,18952,NaN,NaN,NaN,NaN,167880,41135,-114547,-73412,84444,-29984,54460,28344,-9392,18952
2021-01-31T23:00:00Z,28.425,30.35,28.155,29.25,41135,-114547,-73412,84444,-29984,54460,28344,-9392,18952,NaN,NaN,NaN,NaN,167880,41135,-114547,-73412,84444,-29984,54460,28344,-9392,18952
2021-02-01T23:00:00Z,29.095,29.15,26.35,26.78,45782,-119636,-73854,80634,-29225,51409,34313,-11868,22445,NaN,NaN,NaN,NaN,179786,45782,-119636,-73854,80634,-29225,51409,34313,-11868,22445
2021-02-02T23:00:00Z,26.735,27.26,26.545,26.95,45782,-119636,-73854,80634,-29225,51409,34313,-11868,22445,NaN,NaN,NaN,NaN,179786,45782,-119636,-73854,80634,-29225,51409,34313,-11868,22445
2021-02-03T23:00:00Z,26.96,27.015,25.935,26.395,45782,-119636,-73854,80634,-29225,51409,34313,-11868,22445,NaN,NaN,NaN,NaN,179786,45782,-119636,-73854,80634,-29225,51409,34313,-11868,22445
2021-02-04T23:00:00Z,26.42,27.105,26.255,27.035,45782,-119636,-73854,80634,-29225,51409,34313,-11868,22445,NaN,NaN,NaN,NaN,179786,45782,-119636,-73854,80634,-29225,51409,34313,-11868,22445
2021-02-07T23:00:00Z,27.2,27.7,26.93,27.355,45782,-119636,-73854,80634,-29225,51409,34313,-11868,22445,NaN,NaN,NaN,NaN,179786,45782,-119636,-73854,80634,-29225,51409,34313,-11868,22445
2021-02-08T23:00:00Z,27.37,27.875,27.13,27.33,48818,-121638,-72820,80133,-30590,49543,35745,-12468,23277,NaN,NaN,NaN,NaN,179288,48818,-121638,-72820,80133,-30590,49543,35745,-12468,23277
2021-02-09T23:00:00Z,27.35,27.595,26.88,27.095,48818,-121638,-72820,80133,-30590,49543,35745,-12468,23277,NaN,NaN,NaN,NaN,179288,48818,-121638,-72820,80133,-30590,49543,35745,-12468,23277
2021-02-10T23:00:00Z,27.095,27.35,26.75,27.03,48818,-121638,-72820,80133,-30590,49543,35745,-12468,23277,NaN,NaN,NaN,NaN,179288,48818,-121638,-72820,80133,-30590,49543,35745,-12468,23277
2021-02-11T23:00:00Z,27.02,27.5,26.91,27.45,48818,-121638,-72820,80133,-30590,49543,35745,-12468,23277,NaN,NaN,NaN,NaN,179288,48818,-121638,-72820,80133,-30590,49543,35745,-12468,23277
2021-02-14T23:00:00Z,27.49,28.075,26.87,27.3,50829,-122217,-71388,81648,-31824,49824,35174,-13610,21564,NaN,NaN,NaN,NaN,183544,50829,-122217,-71388,81648,-31824,49824,35174,-13610,21564
2021-02-16T23:00:00Z,27.31,27.49,26.915,27.445,50829,-122217,-71388,81648,-31824,49824,35174,-13610,21564,NaN,NaN,NaN,NaN,183544,50829,-122217,-71388,81648,-31824,49824,35174,-13610,21564
2021-02-17T23:00:00Z,27.465,27.595,26.905,27.08,50829,-122217,-71388,81648,-31824,49824,35174,-13610,21564,NaN,NaN,NaN,NaN,183544,50829,-122217,-71388,81648,-31824,49824,35174,-13610,21564
2021-02-18T23:00:00Z,27.11,27.71,26.105,27.37,50829,-122217,-71388,81648,-31824,49824,35174,-13610,21564,NaN,NaN,NaN,NaN,183544,50829,-122217,-71388,81648,-31824,49824,35174,-13610,21564
2021-02-21T23:00:00Z,27.555,28.345,27.33,28.21,50829,-122217,-71388,81648,-31824,49824,35174,-13610,21564,NaN,NaN,NaN,NaN,183544,50829,-122217,-71388,81648,-31824,49824,35174,-13610,21564
2021-02-22T23:00:00Z,28.25,28.425,27.285,27.725,46268,-116710,-70442,78710,-31067,47643,34122,-11323,22799,NaN,NaN,NaN,NaN,172392,46268,-116710,-70442,78710,-31067,47643,34122,-11323,22799
2021-02-23T23:00:00Z,27.715,28.08,27.365,28.005,46268,-116710,-70442,78710,-31067,47643,34122,-11323,22799,NaN,NaN,NaN,NaN,172392,46268,-116710,-70442,78710,-31067,47643,34122,-11323,22799
2021-02-24T23:00:00Z,28.08,28.345,27.345,27.495,46268,-116710,-70442,78710,-31067,47643,34122,-11323,22799,NaN,NaN,NaN,NaN,172392,46268,-116710,-70442,78710,-31067,47643,34122,-11323,22799
2021-02-25T23:00:00Z,27.53,27.65,26.16,26.7,46268,-116710,-70442,78710,-31067,47643,34122,-11323,22799,NaN,NaN,NaN,NaN,172392,46268,-116710,-70442,78710,-31067,47643,34122,-11323,22799
2021-02-28T23:00:00Z,26.7,27.175,26.51,26.64,46268,-116710,-70442,78710,-31067,47643,34122,-11323,22799,NaN,NaN,NaN,NaN,172392,46268,-116710,-70442,78710,-31067,47643,34122,-11323,22799
2021-03-01T23:00:00Z,26.63,26.985,25.82,26.86,45896,-105096,-59200,74925,-35309,39616,30710,-11126,19584,NaN,NaN,NaN,NaN,158349,45896,-105096,-59200,74925,-35309,39616,30710,-11126,19584
2021-03-02T23:00:00Z,26.86,26.915,25.875,26.18,45896,-105096,-59200,74925,-35309,39616,30710,-11126,19584,NaN,NaN,NaN,NaN,158349,45896,-105096,-59200,74925,-35309,39616,30710,-11126,19584
2021-03-03T23:00:00Z,26.175,26.385,25.08,25.37,45896,-105096,-59200,74925,-35309,39616,30710,-11126,19584,NaN,NaN,NaN,NaN,158349,45896,-105096,-59200,74925,-35309,39616,30710,-11126,19584
2021-03-04T23:00:00Z,25.385,25.505,24.845,25.295,45896,-105096,-59200,74925,-35309,39616,30710,-11126,19584,NaN,NaN,NaN,NaN,158349,45896,-105096,-59200,74925,-35309,39616,30710,-11126,19584
2021-03-07T23:00:00Z,25.4,25.965,24.97,25.18,45896,-105096,-59200,74925,-35309,39616,30710,-11126,19584,NaN,NaN,NaN,NaN,158349,45896,-105096,-59200,74925,-35309,39616,30710,-11126,19584
2021-03-08T23:00:00Z,25.17,26.22,25.09,26.02,47998,-103166,-55168,71445,-35296,36149,28909,-9890,19019,NaN,NaN,NaN,NaN,155425,47998,-103166,-55168,71445,-35296,36149,28909,-9890,19019
2021-03-09T23:00:00Z,26.025,26.315,25.61,26.31,47998,-103166,-55168,71445,-35296,36149,28909,-9890,19019,NaN,NaN,NaN,NaN,155425,47998,-103166,-55168,71445,-35296,36149,28909,-9890,19019
2021-03-10T23:00:00Z,26.315,26.545,25.885,26.195,47998,-103166,-55168,71445,-35296,36149,28909,-9890,19019,NaN,NaN,NaN,NaN,155425,47998,-103166,-55168,71445,-35296,36149,28909,-9890,19019
2021-03-11T23:00:00Z,26.195,26.235,25.425,26.01,47998,-103166,-55168,71445,-35296,36149,28909,-9890,19019,NaN,NaN,NaN,NaN,155425,47998,-103166,-55168,71445,-35296,36149,28909,-9890,19019
2021-03-14T22:00:00Z,26.07,26.39,25.845,26.34,47998,-103166,-55168,71445,-35296,36149,28909,-9890,19019,NaN,NaN,NaN,NaN,155425,47998,-103166,-55168,71445,-35296,36149,28909,-9890,19019
2021-03-15T22:00:00Z,26.34,26.405,25.885,25.995,50087,-102864,-52777,70658,-37049,33609,30354,-11186,19168,NaN,NaN,NaN,NaN,159092,50087,-102864,-52777,70658,-37049,33609,30354,-11186,19168
2021-03-16T22:00:00Z,26.005,26.615,25.805,26.41,50087,-102864,-52777,70658,-37049,33609,30354,-11186,19168,NaN,NaN,NaN,NaN,159092,50087,-102864,-52777,70658,-37049,33609,30354,-11186,19168
2021-03-17T22:00:00Z,26.4,26.74,25.875,26.145,50087,-102864,-52777,70658,-37049,33609,30354,-11186,19168,NaN,NaN,NaN,NaN,159092,50087,-102864,-52777,70658,-37049,33609,30354,-11186,19168
2021-03-18T22:00:00Z,26.15,26.4,25.925,26.335,50087,-102864,-52777,70658,-37049,33609,30354,-11186,19168,NaN,NaN,NaN,NaN,159092,50087,-102864,-52777,70658,-37049,33609,30354,-11186,19168
2021-03-21T22:00:00Z,26.34,26.35,25.45,25.835,50087,-102864,-52777,70658,-37049,33609,30354,-11186,19168,NaN,NaN,NaN,NaN,159092,50087,-102864,-52777,70658,-37049,33609,30354,-11186,19168
2021-03-22T22:00:00Z,25.85,25.915,25.05,25.1,51442,-101044,-49602,70257,-39178,31079,29894,-11371,18523,NaN,NaN,NaN,NaN,160437,51442,-101044,-49602,70257,-39178,31079,29894,-11371,18523
2021-03-23T22:00:00Z,25.12,25.43,25.02,25.165,51442,-101044,-49602,70257,-39178,31079,29894,-11371,18523,NaN,NaN,NaN,NaN,160437,51442,-101044,-49602,70257,-39178,31079,29894,-11371,18523
2021-03-24T22:00:00Z,25.17,25.255,24.435,25.14,51442,-101044,-49602,70257,-39178,31079,29894,-11371,18523,NaN,NaN,NaN,NaN,160437,51442,-101044,-49602,70257,-39178,31079,29894,-11371,18523
2021-03-25T22:00:00Z,25.15,25.335,24.92,25.11,51442,-101044,-49602,70257,-39178,31079,29894,-11371,18523,NaN,NaN,NaN,NaN,160437,51442,-101044,-49602,70257,-39178,31079,29894,-11371,18523
2021-03-28T22:00:00Z,25.105,25.15,24.48,24.705,51442,-101044,-49602,70257,-39178,31079,29894,-11371,18523,NaN,NaN,NaN,NaN,160437,51442,-101044,-49602,70257,-39178,31079,29894,-11371,18523
2021-03-29T22:00:00Z,24.725,24.77,23.88,24.06,52310,-97471,-45161,66502,-37532,28970,28192,-12001,16191,NaN,NaN,NaN,NaN,154987,52310,-97471,-45161,66502,-37532,28970,28192,-12001,16191
2021-03-30T22:00:00Z,24.045,24.565,23.74,24.445,52310,-97471,-45161,66502,-37532,28970,28192,-12001,16191,NaN,NaN,NaN,NaN,154987,52310,-97471,-45161,66502,-37532,28970,28192,-12001,16191
2021-03-31T22:00:00Z,24.46,25.045,24.27,25.045,52310,-97471,-45161,66502,-37532,28970,28192,-12001,16191,NaN,NaN,NaN,NaN,154987,52310,-97471,-45161,66502,-37532,28970,28192,-12001,16191
2021-04-04T22:00:00Z,25.05,25.14,24.66,24.91,52310,-97471,-45161,66502,-37532,28970,28192,-12001,16191,NaN,NaN,NaN,NaN,154987,52310,-97471,-45161,66502,-37532,28970,28192,-12001,16191
2021-04-05T22:00:00Z,24.905,25.355,24.795,25.21,49415,-100000,-50585,67245,-34930,32315,28893,-10623,18270,NaN,NaN,NaN,NaN,154593,49415,-100000,-50585,67245,-34930,32315,28893,-10623,18270
2021-04-06T22:00:00Z,25.21,25.33,24.895,25.2,49415,-100000,-50585,67245,-34930,32315,28893,-10623,18270,NaN,NaN,NaN,NaN,154593,49415,-100000,-50585,67245,-34930,32315,28893,-10623,18270
2021-04-07T22:00:00Z,25.21,25.675,25.02,25.525,49415,-100000,-50585,67245,-34930,32315,28893,-10623,18270,NaN,NaN,NaN,NaN,154593,49415,-100000,-50585,67245,-34930,32315,28893,-10623,18270
2021-04-08T22:00:00Z,25.53,25.555,25.01,25.325,49415,-100000,-50585,67245,-34930,32315,28893,-10623,18270,NaN,NaN,NaN,NaN,154593,49415,-100000,-50585,67245,-34930,32315,28893,-10623,18270
2021-04-11T22:00:00Z,25.3,25.33,24.725,24.83,49415,-100000,-50585,67245,-34930,32315,28893,-10623,18270,NaN,NaN,NaN,NaN,154593,49415,-100000,-50585,67245,-34930,32315,28893,-10623,18270
2021-04-12T22:00:00Z,24.83,25.54,24.68,25.405,51505,-107007,-55502,69429,-33005,36424,30007,-10929,19078,NaN,NaN,NaN,NaN,164066,51505,-107007,-55502,69429,-33005,36424,30007,-10929,19078
2021-04-13T22:00:00Z,25.405,25.59,25.235,25.475,51505,-107007,-55502,69429,-33005,36424,30007,-10929,19078,NaN,NaN,NaN,NaN,164066,51505,-107007,-55502,69429,-33005,36424,30007,-10929,19078
2021-04-14T22:00:00Z,25.48,26.07,25.38,25.925,51505,-107007,-55502,69429,-33005,36424,30007,-10929,19078,NaN,NaN,NaN,NaN,164066,51505,-107007,-55502,69429,-33005,36424,30007,-10929,19078
2021-04-15T22:00:00Z,25.94,26.38,25.795,26.04,51505,-107007,-55502,69429,-33005,36424,30007,-10929,19078,NaN,NaN,NaN,NaN,164066,51505,-107007,-55502,69429,-33005,36424,30007,-10929,19078
2021-04-18T22:00:00Z,26.055,26.28,25.67,25.875,51505,-107007,-55502,69429,-33005,36424,30007,-10929,19078,NaN,NaN,NaN,NaN,164066,51505,-107007,-55502,69429,-33005,36424,30007,-10929,19078
2021-04-19T22:00:00Z,25.875,26.15,25.725,25.875,53628,-114745,-61117,75167,-33486,41681,30326,-10890,19436,NaN,NaN,NaN,NaN,169420,53628,-114745,-61117,75167,-33486,41681,30326,-10890,19436
2021-04-20T22:00:00Z,25.88,26.73,25.795,26.64,53628,-114745,-61117,75167,-33486,41681,30326,-10890,19436,NaN,NaN,NaN,NaN,169420,53628,-114745,-61117,75167,-33486,41681,30326,-10890,19436
2021-04-21T22:00:00Z,26.65,26.67,26.025,26.195,53628,-114745,-61117,75167,-33486,41681,30326,-10890,19436,NaN,NaN,NaN,NaN,169420,53628,-114745,-61117,75167,-33486,41681,30326,-10890,19436
2021-04-22T22:00:00Z,26.195,26.47,25.89,26.05,53628,-114745,-61117,75167,-33486,41681,30326,-10890,19436,NaN,NaN,NaN,NaN,169420,53628,-114745,-61117,75167,-33486,41681,30326,-10890,19436
2021-04-25T22:00:00Z,26.045,26.28,25.895,26.28,53628,-114745,-61117,75167,-33486,41681,30326,-10890,19436,NaN,NaN,NaN,NaN,169420,53628,-114745,-61117,75167,-33486,41681,30326,-10890,19436
2021-04-26T22:00:00Z,26.275,26.515,26.1,26.32,54556,-118308,-63752,76380,-33539,42841,31705,-10794,20911,NaN,NaN,NaN,NaN,172470,54556,-118308,-63752,76380,-33539,42841,31705,-10794,20911
2021-04-27T22:00:00Z,26.325,26.345,25.84,26.24,54556,-118308,-63752,76380,-33539,42841,31705,-10794,20911,NaN,NaN,NaN,NaN,172470,54556,-118308,-63752,76380,-33539,42841,31705,-10794,20911
2021-04-28T22:00:00Z,26.3,26.58,25.745,26.16,54556,-118308,-63752,76380,-33539,42841,31705,-10794,20911,NaN,NaN,NaN,NaN,172470,54556,-118308,-63752,76380,-33539,42841,31705,-10794,20911
2021-04-29T22:00:00Z,26.17,26.275,25.855,25.99,54556,-118308,-63752,76380,-33539,42841,31705,-10794,20911,NaN,NaN,NaN,NaN,172470,54556,-118308,-63752,76380,-33539,42841,31705,-10794,20911
2021-05-02T22:00:00Z,25.99,27.115,25.85,27.035,54556,-118308,-63752,76380,-33539,42841,31705,-10794,20911,NaN,NaN,NaN,NaN,172470,54556,-118308,-63752,76380,-33539,42841,31705,-10794,20911
2021-05-03T22:00:00Z,27.015,27.24,26.16,26.595,49532,-118077,-68545,78858,-30991,47867,29989,-9311,20678,NaN,NaN,NaN,NaN,167073,49532,-118077,-68545,78858,-30991,47867,29989,-9311,20678
2021-05-04T22:00:00Z,26.595,26.71,26.165,26.565,49532,-118077,-68545,78858,-30991,47867,29989,-9311,20678,NaN,NaN,NaN,NaN,167073,49532,-118077,-68545,78858,-30991,47867,29989,-9311,20678
2021-05-05T22:00:00Z,26.59,27.585,26.245,27.435,49532,-118077,-68545,78858,-30991,47867,29989,-9311,20678,NaN,NaN,NaN,NaN,167073,49532,-118077,-68545,78858,-30991,47867,29989,-9311,20678
2021-05-06T22:00:00Z,27.45,27.8,27.23,27.565,49532,-118077,-68545,78858,-30991,47867,29989,-9311,20678,NaN,NaN,NaN,NaN,167073,49532,-118077,-68545,78858,-30991,47867,29989,-9311,20678
2021-05-09T22:00:00Z,27.68,28.005,27.32,27.385,49532,-118077,-68545,78858,-30991,47867,29989,-9311,20678,NaN,NaN,NaN,NaN,167073,49532,-118077,-68545,78858,-30991,47867,29989,-9311,20678
2021-05-10T22:00:00Z,27.4,27.78,27.18,27.745,50873,-124148,-73275,86397,-33554,52843,30664,-10232,20432,NaN,NaN,NaN,NaN,178250,50873,-124148,-73275,86397,-33554,52843,30664,-10232,20432
2021-05-11T22:00:00Z,27.76,27.83,27.03,27.1,50873,-124148,-73275,86397,-33554,52843,30664,-10232,20432,NaN,NaN,NaN,NaN,178250,50873,-124148,-73275,86397,-33554,52843,30664,-10232,20432
2021-05-12T22:00:00Z,27.095,27.33,26.78,27.18,50873,-124148,-73275,86397,-33554,52843,30664,-10232,20432,NaN,NaN,NaN,NaN,178250,50873,-124148,-73275,86397,-33554,52843,30664,-10232,20432
2021-05-13T22:00:00Z,27.19,27.595,26.92,27.525,50873,-124148,-73275,86397,-33554,52843,30664,-10232,20432,NaN,NaN,NaN,NaN,178250,50873,-124148,-73275,86397,-33554,52843,30664,-10232,20432
2021-05-16T22:00:00Z,27.515,28.435,27.44,28.325,50873,-124148,-73275,86397,-33554,52843,30664,-10232,20432,NaN,NaN,NaN,NaN,178250,50873,-124148,-73275,86397,-33554,52843,30664,-10232,20432
2021-05-17T22:00:00Z,28.325,28.9,28.12,28.29,50722,-125083,-74361,86640,-35659,50981,32714,-9334,23380,NaN,NaN,NaN,NaN,181606,50722,-125083,-74361,86640,-35659,50981,32714,-9334,23380
2021-05-18T22:00:00Z,28.3,28.365,27.425,27.825,50722,-125083,-74361,86640,-35659,50981,32714,-9334,23380,NaN,NaN,NaN,NaN,181606,50722,-125083,-74361,86640,-35659,50981,32714,-9334,23380
2021-05-19T22:00:00Z,27.84,28.125,27.49,27.855,50722,-125083,-74361,86640,-35659,50981,32714,-9334,23380,NaN,NaN,NaN,NaN,181606,50722,-125083,-74361,86640,-35659,50981,32714,-9334,23380
2021-05-20T22:00:00Z,27.87,28.195,27.265,27.66,50722,-125083,-74361,86640,-35659,50981,32714,-9334,23380,NaN,NaN,NaN,NaN,181606,50722,-125083,-74361,86640,-35659,50981,32714,-9334,23380
2021-05-23T22:00:00Z,27.69,28.015,27.55,27.875,50722,-125083,-74361,86640,-35659,50981,32714,-9334,23380,NaN,NaN,NaN,NaN,181606,50722,-125083,-74361,86640,-35659,50981,32714,-9334,23380
2021-05-24T22:00:00Z,27.88,28.16,27.545,28.12,51487,-123761,-72274,86013,-35531,50482,31411,-9619,21792,NaN,NaN,NaN,NaN,180830,51487,-123761,-72274,86013,-35531,50482,31411,-9619,21792
2021-05-25T22:00:00Z,28.105,28.34,27.685,27.765,51487,-123761,-72274,86013,-35531,50482,31411,-9619,21792,NaN,NaN,NaN,NaN,180830,51487,-123761,-72274,86013,-35531,50482,31411,-9619,21792
2021-05-26T22:00:00Z,27.765,27.995,27.575,27.95,51487,-123761,-72274,86013,-35531,50482,31411,-9619,21792,NaN,NaN,NaN,NaN,180830,51487,-123761,-72274,86013,-35531,50482,31411,-9619,21792
2021-05-27T22:00:00Z,27.98,28.095,27.48,28.065,51487,-123761,-72274,86013,-35531,50482,31411,-9619,21792,NaN,NaN,NaN,NaN,180830,51487,-123761,-72274,86013,-35531,50482,31411,-9619,21792
2021-05-30T22:00:00Z,28.06,28.71,27.93,27.99,52300,-123782,-71482,84400,-36883,47517,33452,-9487,23965,NaN,NaN,NaN,NaN,182312,52300,-123782,-71482,84400,-36883,47517,33452,-9487,23965
2021-06-01T22:00:00Z,27.995,28.32,27.765,28.305,52300,-123782,-71482,84400,-36883,47517,33452,-9487,23965,NaN,NaN,NaN,NaN,182312,52300,-123782,-71482,84400,-36883,47517,33452,-9487,23965
2021-06-02T22:00:00Z,28.295,28.37,27.09,27.515,52300,-123782,-71482,84400,-36883,47517,33452,-9487,23965,NaN,NaN,NaN,NaN,182312,52300,-123782,-71482,84400,-36883,47517,33452,-9487,23965
2021-06-03T22:00:00Z,27.53,27.98,27.31,27.92,52300,-123782,-71482,84400,-36883,47517,33452,-9487,23965,NaN,NaN,NaN,NaN,182312,52300,-123782,-71482,84400,-36883,47517,33452,-9487,23965
2021-06-06T22:00:00Z,27.91,28.085,27.595,28.02,52300,-123782,-71482,84400,-36883,47517,33452,-9487,23965,NaN,NaN,NaN,NaN,182312,52300,-123782,-71482,84400,-36883,47517,33452,-9487,23965
2021-06-07T22:00:00Z,28.025,28.12,27.61,27.725,54818,-124931,-70113,83378,-33572,49806,33582,-13275,20307,NaN,NaN,NaN,NaN,184841,54818,-124931,-70113,83378,-33572,49806,33582,-13275,20307
2021-06-08T22:00:00Z,27.735,28.145,27.62,27.89,54818,-124931,-70113,83378,-33572,49806,33582,-13275,20307,NaN,NaN,NaN,NaN,184841,54818,-124931,-70113,83378,-33572,49806,33582,-13275,20307
2021-06-09T22:00:00Z,27.905,28.18,27.475,28.13,54818,-124931,-70113,83378,-33572,49806,33582,-13275,20307,NaN,NaN,NaN,NaN,184841,54818,-124931,-70113,83378,-33572,49806,33582,-13275,20307
2021-06-10T22:00:00Z,28.145,28.445,28.025,28.05,54818,-124931,-70113,83378,-33572,49806,33582,-13275,20307,NaN,NaN,NaN,NaN,184841,54818,-124931,-70113,83378,-33572,49806,33582,-13275,20307
2021-06-13T22:00:00Z,28.095,28.16,27.565,27.995,54818,-124931,-70113,83378,-33572,49806,33582,-13275,20307,NaN,NaN,NaN,NaN,184841,54818,-124931,-70113,83378,-33572,49806,33582,-13275,20307
2021-06-14T22:00:00Z,28,28.03,27.485,27.79,61399,-132403,-71004,88591,-36527,52064,31524,-12584,18940,NaN,NaN,NaN,NaN,194268,61399,-132403,-71004,88591,-36527,52064,31524,-12584,18940
2021-06-15T22:00:00Z,27.795,27.97,26.7,27.05,61399,-132403,-71004,88591,-36527,52064,31524,-12584,18940,NaN,NaN,NaN,NaN,194268,61399,-132403,-71004,88591,-36527,52064,31524,-12584,18940
2021-06-16T22:00:00Z,27.005,27.32,25.82,25.95,61399,-132403,-71004,88591,-36527,52064,31524,-12584,18940,NaN,NaN,NaN,NaN,194268,61399,-132403,-71004,88591,-36527,52064,31524,-12584,18940
2021-06-17T22:00:00Z,25.95,26.555,25.77,25.845,61399,-132403,-71004,88591,-36527,52064,31524,-12584,18940,NaN,NaN,NaN,NaN,194268,61399,-132403,-71004,88591,-36527,52064,31524,-12584,18940
2021-06-20T22:00:00Z,25.865,26.135,25.58,25.99,61399,-132403,-71004,88591,-36527,52064,31524,-12584,18940,NaN,NaN,NaN,NaN,194268,61399,-132403,-71004,88591,-36527,52064,31524,-12584,18940
2021-06-21T22:00:00Z,25.995,26.085,25.735,25.835,59243,-116925,-57682,73841,-33970,39871,29267,-11456,17811,NaN,NaN,NaN,NaN,175703,59243,-116925,-57682,73841,-33970,39871,29267,-11456,17811
2021-06-22T22:00:00Z,25.835,26.37,25.8,25.935,59243,-116925,-57682,73841,-33970,39871,29267,-11456,17811,NaN,NaN,NaN,NaN,175703,59243,-116925,-57682,73841,-33970,39871,29267,-11456,17811
2021-06-23T22:00:00Z,25.935,26.245,25.865,26,59243,-116925,-57682,73841,-33970,39871,29267,-11456,17811,NaN,NaN,NaN,NaN,175703,59243,-116925,-57682,73841,-33970,39871,29267,-11456,17811
2021-06-24T22:00:00Z,26.01,26.38,25.97,26.19,59243,-116925,-57682,73841,-33970,39871,29267,-11456,17811,NaN,NaN,NaN,NaN,175703,59243,-116925,-57682,73841,-33970,39871,29267,-11456,17811
2021-06-27T22:00:00Z,26.19,26.295,25.845,26.205,59243,-116925,-57682,73841,-33970,39871,29267,-11456,17811,NaN,NaN,NaN,NaN,175703,59243,-116925,-57682,73841,-33970,39871,29267,-11456,17811
2021-06-28T22:00:00Z,26.235,26.235,25.58,25.865,48274,-105382,-57108,71855,-30378,41477,26084,-10453,15631,NaN,NaN,NaN,NaN,157119,48274,-105382,-57108,71855,-30378,41477,26084,-10453,15631
2021-06-29T22:00:00Z,25.875,26.275,25.8,26.255,48274,-105382,-57108,71855,-30378,41477,26084,-10453,15631,NaN,NaN,NaN,NaN,157119,48274,-105382,-57108,71855,-30378,41477,26084,-10453,15631
2021-06-30T22:00:00Z,26.25,26.525,26.045,26.145,48274,-105382,-57108,71855,-30378,41477,26084,-10453,15631,NaN,NaN,NaN,NaN,157119,48274,-105382,-57108,71855,-30378,41477,26084,-10453,15631
2021-07-01T22:00:00Z,26.145,26.7,26.1,26.595,48274,-105382,-57108,71855,-30378,41477,26084,-10453,15631,NaN,NaN,NaN,NaN,157119,48274,-105382,-57108,71855,-30378,41477,26084,-10453,15631
2021-07-04T22:00:00Z,26.64,26.91,26.1,26.25,43915,-107012,-63097,76790,-32302,44488,28067,-9458,18609,NaN,NaN,NaN,NaN,157216,43915,-107012,-63097,76790,-32302,44488,28067,-9458,18609
2021-07-06T22:00:00Z,26.265,26.545,26.06,26.22,43915,-107012,-63097,76790,-32302,44488,28067,-9458,18609,NaN,NaN,NaN,NaN,157216,43915,-107012,-63097,76790,-32302,44488,28067,-9458,18609
2021-07-07T22:00:00Z,26.265,26.31,25.875,26,43915,-107012,-63097,76790,-32302,44488,28067,-9458,18609,NaN,NaN,NaN,NaN,157216,43915,-107012,-63097,76790,-32302,44488,28067,-9458,18609
2021-07-08T22:00:00Z,26.005,26.3,25.82,26.185,43915,-107012,-63097,76790,-32302,44488,28067,-9458,18609,NaN,NaN,NaN,NaN,157216,43915,-107012,-63097,76790,-32302,44488,28067,-9458,18609
2021-07-11T22:00:00Z,26.185,26.375,25.93,26.3,43915,-107012,-63097,76790,-32302,44488,28067,-9458,18609,NaN,NaN,NaN,NaN,157216,43915,-107012,-63097,76790,-32302,44488,28067,-9458,18609
2021-07-12T22:00:00Z,26.32,26.44,26.005,26.06,43326,-104194,-60868,74247,-30558,43689,27595,-10416,17179,NaN,NaN,NaN,NaN,154699,43326,-104194,-60868,74247,-30558,43689,27595,-10416,17179
2021-07-13T22:00:00Z,26.055,26.575,26.01,26.335,43326,-104194,-60868,74247,-30558,43689,27595,-10416,17179,NaN,NaN,NaN,NaN,154699,43326,-104194,-60868,74247,-30558,43689,27595,-10416,17179
2021-07-14T22:00:00Z,26.325,26.49,26.245,26.435,43326,-104194,-60868,74247,-30558,43689,27595,-10416,17179,NaN,NaN,NaN,NaN,154699,43326,-104194,-60868,74247,-30558,43689,27595,-10416,17179
2021-07-15T22:00:00Z,26.43,26.55,25.64,25.7,43326,-104194,-60868,74247,-30558,43689,27595,-10416,17179,NaN,NaN,NaN,NaN,154699,43326,-104194,-60868,74247,-30558,43689,27595,-10416,17179
2021-07-18T22:00:00Z,25.7,25.805,25.035,25.23,43326,-104194,-60868,74247,-30558,43689,27595,-10416,17179,NaN,NaN,NaN,NaN,154699,43326,-104194,-60868,74247,-30558,43689,27595,-10416,17179
2021-07-19T22:00:00Z,25.24,25.315,24.84,24.965,43900,-96442,-52542,70286,-32811,37475,27343,-12276,15067,NaN,NaN,NaN,NaN,151763,43900,-96442,-52542,70286,-32811,37475,27343,-12276,15067
2021-07-20T22:00:00Z,24.975,25.365,24.79,25.305,43900,-96442,-52542,70286,-32811,37475,27343,-12276,15067,NaN,NaN,NaN,NaN,151763,43900,-96442,-52542,70286,-32811,37475,27343,-12276,15067
2021-07-21T22:00:00Z,25.33,25.515,25.06,25.495,43900,-96442,-52542,70286,-32811,37475,27343,-12276,15067,NaN,NaN,NaN,NaN,151763,43900,-96442,-52542,70286,-32811,37475,27343,-12276,15067
2021-07-22T22:00:00Z,25.48,25.535,25.05,25.24,43900,-96442,-52542,70286,-32811,37475,27343,-12276,15067,NaN,NaN,NaN,NaN,151763,43900,-96442,-52542,70286,-32811,37475,27343,-12276,15067
2021-07-25T22:00:00Z,25.27,25.51,25.175,25.245,43900,-96442,-52542,70286,-32811,37475,27343,-12276,15067,NaN,NaN,NaN,NaN,151763,43900,-96442,-52542,70286,-32811,37475,27343,-12276,15067
2021-07-26T22:00:00Z,25.255,25.32,24.515,24.715,45816,-92725,-46909,66733,-35516,31217,27330,-11638,15692,NaN,NaN,NaN,NaN,150814,45816,-92725,-46909,66733,-35516,31217,27330,-11638,15692
2021-07-27T22:00:00Z,24.73,25.06,24.655,24.995,45816,-92725,-46909,66733,-35516,31217,27330,-11638,15692,NaN,NaN,NaN,NaN,150814,45816,-92725,-46909,66733,-35516,31217,27330,-11638,15692
2021-07-28T22:00:00Z,25.015,25.875,25,25.585,45816,-92725,-46909,66733,-35516,31217,27330,-11638,15692,NaN,NaN,NaN,NaN,150814,45816,-92725,-46909,66733,-35516,31217,27330,-11638,15692
2021-07-29T22:00:00Z,25.6,25.685,25.395,25.55,45816,-92725,-46909,66733,-35516,31217,27330,-11638,15692,NaN,NaN,NaN,NaN,150814,45816,-92725,-46909,66733,-35516,31217,27330,-11638,15692
2021-08-01T22:00:00Z,25.625,25.675,25.345,25.46,45816,-92725,-46909,66733,-35516,31217,27330,-11638,15692,NaN,NaN,NaN,NaN,150814,45816,-92725,-46909,66733,-35516,31217,27330,-11638,15692
2021-08-02T22:00:00Z,25.47,25.665,25.27,25.59,42659,-94828,-52169,66192,-30053,36139,27295,-11265,16030,NaN,NaN,NaN,NaN,146196,42659,-94828,-52169,66192,-30053,36139,27295,-11265,16030
2021-08-03T22:00:00Z,25.59,26.09,25.375,25.42,42659,-94828,-52169,66192,-30053,36139,27295,-11265,16030,NaN,NaN,NaN,NaN,146196,42659,-94828,-52169,66192,-30053,36139,27295,-11265,16030
2021-08-04T22:00:00Z,25.425,25.565,25.115,25.185,42659,-94828,-52169,66192,-30053,36139,27295,-11265,16030,NaN,NaN,NaN,NaN,146196,42659,-94828,-52169,66192,-30053,36139,27295,-11265,16030
2021-08-05T22:00:00Z,25.195,25.23,24.205,24.33,42659,-94828,-52169,66192,-30053,36139,27295,-11265,16030,NaN,NaN,NaN,NaN,146196,42659,-94828,-52169,66192,-30053,36139,27295,-11265,16030
2021-08-08T22:00:00Z,24.34,24.38,22.295,23.445,42659,-94828,-52169,66192,-30053,36139,27295,-11265,16030,NaN,NaN,NaN,NaN,146196,42659,-94828,-52169,66192,-30053,36139,27295,-11265,16030
2021-08-09T22:00:00Z,23.45,23.675,23.22,23.325,51825,-91673,-39848,64379,-39905,24474,28129,-12755,15374,NaN,NaN,NaN,NaN,154491,51825,-91673,-39848,64379,-39905,24474,28129,-12755,15374
2021-08-10T22:00:00Z,23.325,23.565,23.19,23.52,51825,-91673,-39848,64379,-39905,24474,28129,-12755,15374,NaN,NaN,NaN,NaN,154491,51825,-91673,-39848,64379,-39905,24474,28129,-12755,15374
2021-08-11T22:00:00Z,23.515,23.53,22.97,23.145,51825,-91673,-39848,64379,-39905,24474,28129,-12755,15374,NaN,NaN,NaN,NaN,154491,51825,-91673,-39848,64379,-39905,24474,28129,-12755,15374
2021-08-12T22:00:00Z,23.155,23.83,23.13,23.74,51825,-91673,-39848,64379,-39905,24474,28129,-12755,15374,NaN,NaN,NaN,NaN,154491,51825,-91673,-39848,64379,-39905,24474,28129,-12755,15374
2021-08-15T22:00:00Z,23.675,23.89,23.38,23.84,51825,-91673,-39848,64379,-39905,24474,28129,-12755,15374,NaN,NaN,NaN,NaN,154491,51825,-91673,-39848,64379,-39905,24474,28129,-12755,15374
2021-08-16T22:00:00Z,23.84,23.955,23.565,23.65,55831,-91321,-35490,63390,-42170,21220,26597,-12327,14270,NaN,NaN,NaN,NaN,153825,55831,-91321,-35490,63390,-42170,21220,26597,-12327,14270
2021-08-17T22:00:00Z,23.66,23.83,23.265,23.48,55831,-91321,-35490,63390,-42170,21220,26597,-12327,14270,NaN,NaN,NaN,NaN,153825,55831,-91321,-35490,63390,-42170,21220,26597,-12327,14270
2021-08-18T22:00:00Z,23.5,23.515,23.08,23.225,55831,-91321,-35490,63390,-42170,21220,26597,-12327,14270,NaN,NaN,NaN,NaN,153825,55831,-91321,-35490,63390,-42170,21220,26597,-12327,14270
2021-08-19T22:00:00Z,23.21,23.3,22.835,22.97,55831,-91321,-35490,63390,-42170,21220,26597,-12327,14270,NaN,NaN,NaN,NaN,153825,55831,-91321,-35490,63390,-42170,21220,26597,-12327,14270
2021-08-22T22:00:00Z,22.985,23.705,22.925,23.645,55831,-91321,-35490,63390,-42170,21220,26597,-12327,14270,NaN,NaN,NaN,NaN,153825,55831,-91321,-35490,63390,-42170,21220,26597,-12327,14270
2021-08-23T22:00:00Z,23.645,23.975,23.545,23.885,50674,-86800,-36126,63311,-41450,21861,26586,-12321,14265,NaN,NaN,NaN,NaN,149847,50674,-86800,-36126,63311,-41450,21861,26586,-12321,14265
2021-08-24T22:00:00Z,23.875,23.91,23.59,23.865,50674,-86800,-36126,63311,-41450,21861,26586,-12321,14265,NaN,NaN,NaN,NaN,149847,50674,-86800,-36126,63311,-41450,21861,26586,-12321,14265
2021-08-25T22:00:00Z,23.87,23.895,23.42,23.555,50674,-86800,-36126,63311,-41450,21861,26586,-12321,14265,NaN,NaN,NaN,NaN,149847,50674,-86800,-36126,63311,-41450,21861,26586,-12321,14265
2021-08-26T22:00:00Z,23.565,24.135,23.305,24.03,50674,-86800,-36126,63311,-41450,21861,26586,-12321,14265,NaN,NaN,NaN,NaN,149847,50674,-86800,-36126,63311,-41450,21861,26586,-12321,14265
2021-08-29T22:00:00Z,24.13,24.28,23.95,24.075,50674,-86800,-36126,63311,-41450,21861,26586,-12321,14265,NaN,NaN,NaN,NaN,149847,50674,-86800,-36126,63311,-41450,21861,26586,-12321,14265
2021-08-30T22:00:00Z,24.065,24.27,23.83,23.925,45248,-83215,-37967,62935,-40604,22331,26835,-11199,15636,NaN,NaN,NaN,NaN,140937,45248,-83215,-37967,62935,-40604,22331,26835,-11199,15636
2021-08-31T22:00:00Z,23.935,24.325,23.775,24.195,45248,-83215,-37967,62935,-40604,22331,26835,-11199,15636,NaN,NaN,NaN,NaN,140937,45248,-83215,-37967,62935,-40604,22331,26835,-11199,15636
2021-09-01T22:00:00Z,24.2,24.275,23.815,23.94,45248,-83215,-37967,62935,-40604,22331,26835,-11199,15636,NaN,NaN,NaN,NaN,140937,45248,-83215,-37967,62935,-40604,22331,26835,-11199,15636
2021-09-02T22:00:00Z,23.95,24.945,23.91,24.795,45248,-83215,-37967,62935,-40604,22331,26835,-11199,15636,NaN,NaN,NaN,NaN,140937,45248,-83215,-37967,62935,-40604,22331,26835,-11199,15636
2021-09-05T22:00:00Z,24.865,24.895,24.21,24.385,42561,-85813,-43252,63879,-35323,28556,25817,-11121,14696,NaN,NaN,NaN,NaN,139187,42561,-85813,-43252,63879,-35323,28556,25817,-11121,14696
2021-09-07T22:00:00Z,24.39,24.48,23.94,23.98,42561,-85813,-43252,63879,-35323,28556,25817,-11121,14696,NaN,NaN,NaN,NaN,139187,42561,-85813,-43252,63879,-35323,28556,25817,-11121,14696
2021-09-08T22:00:00Z,23.995,24.355,23.865,24.085,42561,-85813,-43252,63879,-35323,28556,25817,-11121,14696,NaN,NaN,NaN,NaN,139187,42561,-85813,-43252,63879,-35323,28556,25817,-11121,14696
2021-09-09T22:00:00Z,24.1,24.345,23.76,23.76,42561,-85813,-43252,63879,-35323,28556,25817,-11121,14696,NaN,NaN,NaN,NaN,139187,42561,-85813,-43252,63879,-35323,28556,25817,-11121,14696
2021-09-12T22:00:00Z,23.79,23.89,23.36,23.76,42561,-85813,-43252,63879,-35323,28556,25817,-11121,14696,NaN,NaN,NaN,NaN,139187,42561,-85813,-43252,63879,-35323,28556,25817,-11121,14696
2021-09-13T22:00:00Z,23.775,23.98,23.435,23.88,42909,-83065,-40156,64827,-38151,26676,25503,-12023,13480,NaN,NaN,NaN,NaN,140540,42909,-83065,-40156,64827,-38151,26676,25503,-12023,13480
2021-09-14T22:00:00Z,23.865,23.94,23.67,23.865,42909,-83065,-40156,64827,-38151,26676,25503,-12023,13480,NaN,NaN,NaN,NaN,140540,42909,-83065,-40156,64827,-38151,26676,25503,-12023,13480
2021-09-15T22:00:00Z,23.865,24,22.585,22.89,42909,-83065,-40156,64827,-38151,26676,25503,-12023,13480,NaN,NaN,NaN,NaN,140540,42909,-83065,-40156,64827,-38151,26676,25503,-12023,13480
2021-09-16T22:00:00Z,22.91,23.13,22.305,22.36,42909,-83065,-40156,64827,-38151,26676,25503,-12023,13480,NaN,NaN,NaN,NaN,140540,42909,-83065,-40156,64827,-38151,26676,25503,-12023,13480
2021-09-19T22:00:00Z,22.33,22.5,22.025,22.245,42909,-83065,-40156,64827,-38151,26676,25503,-12023,13480,NaN,NaN,NaN,NaN,140540,42909,-83065,-40156,64827,-38151,26676,25503,-12023,13480
2021-09-20T22:00:00Z,22.265,22.72,22.21,22.485,45282,-73337,-28055,66708,-51073,15635,25423,-13003,12420,NaN,NaN,NaN,NaN,145537,45282,-73337,-28055,66708,-51073,15635,25423,-13003,12420
2021-09-21T22:00:00Z,22.485,23.15,22.455,22.69,45282,-73337,-28055,66708,-51073,15635,25423,-13003,12420,NaN,NaN,NaN,NaN,145537,45282,-73337,-28055,66708,-51073,15635,25423,-13003,12420
2021-09-22T22:00:00Z,22.695,22.88,22.465,22.52,45282,-73337,-28055,66708,-51073,15635,25423,-13003,12420,NaN,NaN,NaN,NaN,145537,45282,-73337,-28055,66708,-51073,15635,25423,-13003,12420
2021-09-23T22:00:00Z,22.53,22.79,22.09,22.415,45282,-73337,-28055,66708,-51073,15635,25423,-13003,12420,NaN,NaN,NaN,NaN,145537,45282,-73337,-28055,66708,-51073,15635,25423,-13003,12420
2021-09-26T22:00:00Z,22.395,22.865,22.39,22.635,45282,-73337,-28055,66708,-51073,15635,25423,-13003,12420,NaN,NaN,NaN,NaN,145537,45282,-73337,-28055,66708,-51073,15635,25423,-13003,12420
2021-09-27T22:00:00Z,22.625,22.68,22.08,22.465,44202,-72850,-28648,64490,-47785,16705,24795,-12852,11943,NaN,NaN,NaN,NaN,142163,44202,-72850,-28648,64490,-47785,16705,24795,-12852,11943
2021-09-28T22:00:00Z,22.475,22.565,21.41,21.515,44202,-72850,-28648,64490,-47785,16705,24795,-12852,11943,NaN,NaN,NaN,NaN,142163,44202,-72850,-28648,64490,-47785,16705,24795,-12852,11943
2021-09-29T22:00:00Z,21.515,22.225,21.46,22.165,44202,-72850,-28648,64490,-47785,16705,24795,-12852,11943,NaN,NaN,NaN,NaN,142163,44202,-72850,-28648,64490,-47785,16705,24795,-12852,11943
2021-09-30T22:00:00Z,22.185,22.6,21.99,22.565,44202,-72850,-28648,64490,-47785,16705,24795,-12852,11943,NaN,NaN,NaN,NaN,142163,44202,-72850,-28648,64490,-47785,16705,24795,-12852,11943
2021-10-03T22:00:00Z,22.6,22.805,22.29,22.705,44202,-72850,-28648,64490,-47785,16705,24795,-12852,11943,NaN,NaN,NaN,NaN,142163,44202,-72850,-28648,64490,-47785,16705,24795,-12852,11943
2021-10-04T22:00:00Z,22.725,22.73,22.38,22.645,43573,-71351,-27778,63957,-47578,16379,24323,-12924,11399,NaN,NaN,NaN,NaN,139763,43573,-71351,-27778,63957,-47578,16379,24323,-12924,11399
2021-10-05T22:00:00Z,22.635,22.7,22.185,22.645,43573,-71351,-27778,63957,-47578,16379,24323,-12924,11399,NaN,NaN,NaN,NaN,139763,43573,-71351,-27778,63957,-47578,16379,24323,-12924,11399
2021-10-06T22:00:00Z,22.64,22.84,22.385,22.61,43573,-71351,-27778,63957,-47578,16379,24323,-12924,11399,NaN,NaN,NaN,NaN,139763,43573,-71351,-27778,63957,-47578,16379,24323,-12924,11399
2021-10-07T22:00:00Z,22.61,23.22,22.435,22.685,43573,-71351,-27778,63957,-47578,16379,24323,-12924,11399,NaN,NaN,NaN,NaN,139763,43573,-71351,-27778,63957,-47578,16379,24323,-12924,11399
2021-10-10T22:00:00Z,22.685,22.83,22.495,22.59,43573,-71351,-27778,63957,-47578,16379,24323,-12924,11399,NaN,NaN,NaN,NaN,139763,43573,-71351,-27778,63957,-47578,16379,24323,-12924,11399
2021-10-11T22:00:00Z,22.61,22.79,22.325,22.56,43055,-73347,-30292,63488,-45501,17987,25151,-12846,12305,NaN,NaN,NaN,NaN,139403,43055,-73347,-30292,63488,-45501,17987,25151,-12846,12305
2021-10-12T22:00:00Z,22.57,23.285,22.48,23.105,43055,-73347,-30292,63488,-45501,17987,25151,-12846,12305,NaN,NaN,NaN,NaN,139403,43055,-73347,-30292,63488,-45501,17987,25151,-12846,12305
2021-10-13T22:00:00Z,23.1,23.625,22.925,23.56,43055,-73347,-30292,63488,-45501,17987,25151,-12846,12305,NaN,NaN,NaN,NaN,139403,43055,-73347,-30292,63488,-45501,17987,25151,-12846,12305
2021-10-14T22:00:00Z,23.565,23.645,23.1,23.35,43055,-73347,-30292,63488,-45501,17987,25151,-12846,12305,NaN,NaN,NaN,NaN,139403,43055,-73347,-30292,63488,-45501,17987,25151,-12846,12305
2021-10-17T22:00:00Z,23.38,23.495,23.035,23.225,43055,-73347,-30292,63488,-45501,17987,25151,-12846,12305,NaN,NaN,NaN,NaN,139403,43055,-73347,-30292,63488,-45501,17987,25151,-12846,12305
2021-10-18T22:00:00Z,23.25,24.18,23.22,23.71,40556,-85136,-44580,66572,-36216,30356,27203,-12979,14224,NaN,NaN,NaN,NaN,143664,40556,-85136,-44580,66572,-36216,30356,27203,-12979,14224
2021-10-19T22:00:00Z,23.71,24.495,23.615,24.365,40556,-85136,-44580,66572,-36216,30356,27203,-12979,14224,NaN,NaN,NaN,NaN,143664,40556,-85136,-44580,66572,-36216,30356,27203,-12979,14224
2021-10-20T22:00:00Z,24.37,24.55,24.07,24.23,40556,-85136,-44580,66572,-36216,30356,27203,-12979,14224,NaN,NaN,NaN,NaN,143664,40556,-85136,-44580,66572,-36216,30356,27203,-12979,14224
2021-10-21T22:00:00Z,24.22,24.92,24.185,24.39,40556,-85136,-44580,66572,-36216,30356,27203,-12979,14224,NaN,NaN,NaN,NaN,143664,40556,-85136,-44580,66572,-36216,30356,27203,-12979,14224
2021-10-24T22:00:00Z,24.395,24.695,24.365,24.65,40556,-85136,-44580,66572,-36216,30356,27203,-12979,14224,NaN,NaN,NaN,NaN,143664,40556,-85136,-44580,66572,-36216,30356,27203,-12979,14224
2021-10-25T22:00:00Z,24.65,24.655,23.925,24.215,39289,-90793,-51504,66677,-29145,37532,26376,-12404,13972,NaN,NaN,NaN,NaN,141581,39289,-90793,-51504,66677,-29145,37532,26376,-12404,13972
2021-10-26T22:00:00Z,24.22,24.33,23.905,24.125,39289,-90793,-51504,66677,-29145,37532,26376,-12404,13972,NaN,NaN,NaN,NaN,141581,39289,-90793,-51504,66677,-29145,37532,26376,-12404,13972
2021-10-27T22:00:00Z,24.13,24.31,24.02,24.125,39289,-90793,-51504,66677,-29145,37532,26376,-12404,13972,NaN,NaN,NaN,NaN,141581,39289,-90793,-51504,66677,-29145,37532,26376,-12404,13972
2021-10-28T22:00:00Z,24.135,24.14,23.705,23.965,39289,-90793,-51504,66677,-29145,37532,26376,-12404,13972,NaN,NaN,NaN,NaN,141581,39289,-90793,-51504,66677,-29145,37532,26376,-12404,13972
2021-10-31T22:00:00Z,23.985,24.175,23.81,24.125,39289,-90793,-51504,66677,-29145,37532,26376,-12404,13972,NaN,NaN,NaN,NaN,141581,39289,-90793,-51504,66677,-29145,37532,26376,-12404,13972
2021-11-01T22:00:00Z,24.13,24.14,23.43,23.58,41473,-90333,-48860,64502,-31387,33115,27091,-11346,15745,NaN,NaN,NaN,NaN,141394,41473,-90333,-48860,64502,-31387,33115,27091,-11346,15745
2021-11-02T22:00:00Z,23.57,23.665,23.045,23.55,41473,-90333,-48860,64502,-31387,33115,27091,-11346,15745,NaN,NaN,NaN,NaN,141394,41473,-90333,-48860,64502,-31387,33115,27091,-11346,15745
2021-11-03T22:00:00Z,23.53,24.115,23.485,23.86,41473,-90333,-48860,64502,-31387,33115,27091,-11346,15745,NaN,NaN,NaN,NaN,141394,41473,-90333,-48860,64502,-31387,33115,27091,-11346,15745
2021-11-04T22:00:00Z,23.87,24.255,23.665,24.245,41473,-90333,-48860,64502,-31387,33115,27091,-11346,15745,NaN,NaN,NaN,NaN,141394,41473,-90333,-48860,64502,-31387,33115,27091,-11346,15745
2021-11-07T23:00:00Z,24.285,24.59,24.13,24.54,41473,-90333,-48860,64502,-31387,33115,27091,-11346,15745,NaN,NaN,NaN,NaN,141394,41473,-90333,-48860,64502,-31387,33115,27091,-11346,15745
2021-11-08T23:00:00Z,24.55,24.565,24.09,24.36,43811,-97480,-53669,65013,-28098,36915,28432,-11678,16754,NaN,NaN,NaN,NaN,144370,43811,-97480,-53669,65013,-28098,36915,28432,-11678,16754
2021-11-09T23:00:00Z,24.375,25.22,24.04,24.715,43811,-97480,-53669,65013,-28098,36915,28432,-11678,16754,NaN,NaN,NaN,NaN,144370,43811,-97480,-53669,65013,-28098,36915,28432,-11678,16754
2021-11-10T23:00:00Z,24.71,25.365,24.645,25.355,43811,-97480,-53669,65013,-28098,36915,28432,-11678,16754,NaN,NaN,NaN,NaN,144370,43811,-97480,-53669,65013,-28098,36915,28432,-11678,16754
2021-11-11T23:00:00Z,25.35,25.47,24.925,25.41,43811,-97480,-53669,65013,-28098,36915,28432,-11678,16754,NaN,NaN,NaN,NaN,144370,43811,-97480,-53669,65013,-28098,36915,28432,-11678,16754
2021-11-14T23:00:00Z,25.425,25.465,24.97,25.13,43811,-97480,-53669,65013,-28098,36915,28432,-11678,16754,NaN,NaN,NaN,NaN,144370,43811,-97480,-53669,65013,-28098,36915,28432,-11678,16754
2021-11-15T23:00:00Z,25.135,25.49,24.825,24.88,40998,-107146,-66148,73944,-28319,45625,31619,-11096,20523,NaN,NaN,NaN,NaN,152404,40998,-107146,-66148,73944,-28319,45625,31619,-11096,20523
2021-11-16T23:00:00Z,24.86,25.285,24.85,25.15,40998,-107146,-66148,73944,-28319,45625,31619,-11096,20523,NaN,NaN,NaN,NaN,152404,40998,-107146,-66148,73944,-28319,45625,31619,-11096,20523
2021-11-17T23:00:00Z,25.15,25.23,24.73,24.855,40998,-107146,-66148,73944,-28319,45625,31619,-11096,20523,NaN,NaN,NaN,NaN,152404,40998,-107146,-66148,73944,-28319,45625,31619,-11096,20523
2021-11-18T23:00:00Z,24.85,25.04,24.61,24.63,40998,-107146,-66148,73944,-28319,45625,31619,-11096,20523,NaN,NaN,NaN,NaN,152404,40998,-107146,-66148,73944,-28319,45625,31619,-11096,20523
2021-11-21T23:00:00Z,24.67,24.955,24.14,24.205,40998,-107146,-66148,73944,-28319,45625,31619,-11096,20523,NaN,NaN,NaN,NaN,152404,40998,-107146,-66148,73944,-28319,45625,31619,-11096,20523
2021-11-22T23:00:00Z,24.21,24.34,23.28,23.655,41120,-98118,-56998,68478,-28373,40105,29715,-12822,16893,NaN,NaN,NaN,NaN,149642,41120,-98118,-56998,68478,-28373,40105,29715,-12822,16893
2021-11-23T23:00:00Z,23.64,23.695,23.4,23.56,41120,-98118,-56998,68478,-28373,40105,29715,-12822,16893,NaN,NaN,NaN,NaN,149642,41120,-98118,-56998,68478,-28373,40105,29715,-12822,16893
2021-11-24T23:00:00Z,23.58,23.735,22.915,23.145,41120,-98118,-56998,68478,-28373,40105,29715,-12822,16893,NaN,NaN,NaN,NaN,149642,41120,-98118,-56998,68478,-28373,40105,29715,-12822,16893
2021-11-28T23:00:00Z,23.16,23.46,22.775,22.925,41120,-98118,-56998,68478,-28373,40105,29715,-12822,16893,NaN,NaN,NaN,NaN,149642,41120,-98118,-56998,68478,-28373,40105,29715,-12822,16893
2021-11-29T23:00:00Z,22.93,23.355,22.705,22.865,40107,-92116,-52009,62678,-24244,38434,26184,-12609,13575,NaN,NaN,NaN,NaN,138003,40107,-92116,-52009,62678,-24244,38434,26184,-12609,13575
2021-11-30T23:00:00Z,22.875,23.06,22.185,22.315,40107,-92116,-52009,62678,-24244,38434,26184,-12609,13575,NaN,NaN,NaN,NaN,138003,40107,-92116,-52009,62678,-24244,38434,26184,-12609,13575
2021-12-01T23:00:00Z,22.335,22.505,22.215,22.405,40107,-92116,-52009,62678,-24244,38434,26184,-12609,13575,NaN,NaN,NaN,NaN,138003,40107,-92116,-52009,62678,-24244,38434,26184,-12609,13575
2021-12-02T23:00:00Z,22.41,22.59,22.035,22.565,40107,-92116,-52009,62678,-24244,38434,26184,-12609,13575,NaN,NaN,NaN,NaN,138003,40107,-92116,-52009,62678,-24244,38434,26184,-12609,13575
2021-12-05T23:00:00Z,22.61,22.635,22.125,22.395,40107,-92116,-52009,62678,-24244,38434,26184,-12609,13575,NaN,NaN,NaN,NaN,138003,40107,-92116,-52009,62678,-24244,38434,26184,-12609,13575
2021-12-06T23:00:00Z,22.395,22.625,22.23,22.525,39369,-82517,-43148,62930,-33097,29833,26328,-13013,13315,NaN,NaN,NaN,NaN,136572,39369,-82517,-43148,62930,-33097,29833,26328,-13013,13315
2021-12-07T23:00:00Z,22.525,22.58,22.305,22.435,39369,-82517,-43148,62930,-33097,29833,26328,-13013,13315,NaN,NaN,NaN,NaN,136572,39369,-82517,-43148,62930,-33097,29833,26328,-13013,13315
2021-12-08T23:00:00Z,22.435,22.475,21.84,21.96,39369,-82517,-43148,62930,-33097,29833,26328,-13013,13315,NaN,NaN,NaN,NaN,136572,39369,-82517,-43148,62930,-33097,29833,26328,-13013,13315
2021-12-09T23:00:00Z,21.975,22.24,21.815,22.215,39369,-82517,-43148,62930,-33097,29833,26328,-13013,13315,NaN,NaN,NaN,NaN,136572,39369,-82517,-43148,62930,-33097,29833,26328,-13013,13315
2021-12-12T23:00:00Z,22.195,22.43,22.16,22.34,39369,-82517,-43148,62930,-33097,29833,26328,-13013,13315,NaN,NaN,NaN,NaN,136572,39369,-82517,-43148,62930,-33097,29833,26328,-13013,13315
2021-12-13T23:00:00Z,22.35,22.355,21.67,21.95,43477,-79332,-35855,63669,-41685,21984,26796,-12925,13871,NaN,NaN,NaN,NaN,142384,43477,-79332,-35855,63669,-41685,21984,26796,-12925,13871
2021-12-14T23:00:00Z,21.945,22.13,21.41,22.075,43477,-79332,-35855,63669,-41685,21984,26796,-12925,13871,NaN,NaN,NaN,NaN,142384,43477,-79332,-35855,63669,-41685,21984,26796,-12925,13871
2021-12-15T23:00:00Z,22.07,22.56,21.93,22.51,43477,-79332,-35855,63669,-41685,21984,26796,-12925,13871,NaN,NaN,NaN,NaN,142384,43477,-79332,-35855,63669,-41685,21984,26796,-12925,13871
2021-12-16T23:00:00Z,22.53,22.69,22.355,22.36,43477,-79332,-35855,63669,-41685,21984,26796,-12925,13871,NaN,NaN,NaN,NaN,142384,43477,-79332,-35855,63669,-41685,21984,26796,-12925,13871
2021-12-19T23:00:00Z,22.39,22.435,22.19,22.28,43477,-79332,-35855,63669,-41685,21984,26796,-12925,13871,NaN,NaN,NaN,NaN,142384,43477,-79332,-35855,63669,-41685,21984,26796,-12925,13871
2021-12-20T23:00:00Z,22.29,22.805,22.185,22.53,42742,-79141,-36399,62070,-41144,20926,27251,-11778,15473,NaN,NaN,NaN,NaN,141119,42742,-79141,-36399,62070,-41144,20926,27251,-11778,15473
2021-12-21T23:00:00Z,22.525,22.86,22.44,22.84,42742,-79141,-36399,62070,-41144,20926,27251,-11778,15473,NaN,NaN,NaN,NaN,141119,42742,-79141,-36399,62070,-41144,20926,27251,-11778,15473
2021-12-22T23:00:00Z,22.815,22.965,22.68,22.91,42742,-79141,-36399,62070,-41144,20926,27251,-11778,15473,NaN,NaN,NaN,NaN,141119,42742,-79141,-36399,62070,-41144,20926,27251,-11778,15473
2021-12-26T23:00:00Z,22.9,23.15,22.655,23.1,42742,-79141,-36399,62070,-41144,20926,27251,-11778,15473,NaN,NaN,NaN,NaN,141119,42742,-79141,-36399,62070,-41144,20926,27251,-11778,15473
2021-12-27T23:00:00Z,23.105,23.48,23.005,23.06,41386,-83314,-41928,63873,-37415,26458,26850,-11380,15470,NaN,NaN,NaN,NaN,141246,41386,-83314,-41928,63873,-37415,26458,26850,-11380,15470
2021-12-28T23:00:00Z,23.05,23.185,22.6,22.88,41386,-83314,-41928,63873,-37415,26458,26850,-11380,15470,NaN,NaN,NaN,NaN,141246,41386,-83314,-41928,63873,-37415,26458,26850,-11380,15470
2021-12-29T23:00:00Z,22.87,23.155,22.63,23.075,41386,-83314,-41928,63873,-37415,26458,26850,-11380,15470,NaN,NaN,NaN,NaN,141246,41386,-83314,-41928,63873,-37415,26458,26850,-11380,15470
2021-12-30T23:00:00Z,23.095,23.39,23.07,23.355,41386,-83314,-41928,63873,-37415,26458,26850,-11380,15470,NaN,NaN,NaN,NaN,141246,41386,-83314,-41928,63873,-37415,26458,26850,-11380,15470
2022-01-02T23:00:00Z,23.385,23.44,22.69,22.92,41386,-83314,-41928,63873,-37415,26458,26850,-11380,15470,NaN,NaN,NaN,NaN,141246,41386,-83314,-41928,63873,-37415,26458,26850,-11380,15470
2022-01-03T23:00:00Z,22.92,23.14,22.655,23.09,39892,-83865,-43973,65108,-34189,30919,25396,-12342,13054,NaN,NaN,NaN,NaN,139521,39892,-83865,-43973,65108,-34189,30919,25396,-12342,13054
2022-01-04T23:00:00Z,23.095,23.3,22.75,22.82,39892,-83865,-43973,65108,-34189,30919,25396,-12342,13054,NaN,NaN,NaN,NaN,139521,39892,-83865,-43973,65108,-34189,30919,25396,-12342,13054
2022-01-05T23:00:00Z,22.81,22.85,22,22.2,39892,-83865,-43973,65108,-34189,30919,25396,-12342,13054,NaN,NaN,NaN,NaN,139521,39892,-83865,-43973,65108,-34189,30919,25396,-12342,13054
2022-01-06T23:00:00Z,22.195,22.46,21.945,22.385,39892,-83865,-43973,65108,-34189,30919,25396,-12342,13054,NaN,NaN,NaN,NaN,139521,39892,-83865,-43973,65108,-34189,30919,25396,-12342,13054
2022-01-09T23:00:00Z,22.385,22.54,22.205,22.5,39892,-83865,-43973,65108,-34189,30919,25396,-12342,13054,NaN,NaN,NaN,NaN,139521,39892,-83865,-43973,65108,-34189,30919,25396,-12342,13054
2022-01-10T23:00:00Z,22.5,22.86,22.48,22.82,46451,-83811,-37360,66193,-38645,27548,23703,-13891,9812,NaN,NaN,NaN,NaN,144442,46451,-83811,-37360,66193,-38645,27548,23703,-13891,9812
2022-01-11T23:00:00Z,22.82,23.26,22.68,23.18,46451,-83811,-37360,66193,-38645,27548,23703,-13891,9812,NaN,NaN,NaN,NaN,144442,46451,-83811,-37360,66193,-38645,27548,23703,-13891,9812
2022-01-12T23:00:00Z,23.19,23.315,23.025,23.12,46451,-83811,-37360,66193,-38645,27548,23703,-13891,9812,NaN,NaN,NaN,NaN,144442,46451,-83811,-37360,66193,-38645,27548,23703,-13891,9812
2022-01-13T23:00:00Z,23.115,23.345,22.845,22.99,46451,-83811,-37360,66193,-38645,27548,23703,-13891,9812,NaN,NaN,NaN,NaN,144442,46451,-83811,-37360,66193,-38645,27548,23703,-13891,9812
2022-01-16T23:00:00Z,22.995,23.68,22.82,23.51,50331,-91871,-41540,65985,-36285,29700,24763,-12923,11840,NaN,NaN,NaN,NaN,148737,50331,-91871,-41540,65985,-36285,29700,24763,-12923,11840
2022-01-18T23:00:00Z,23.505,24.265,23.43,24.195,50331,-91871,-41540,65985,-36285,29700,24763,-12923,11840,NaN,NaN,NaN,NaN,148737,50331,-91871,-41540,65985,-36285,29700,24763,-12923,11840
2022-01-19T23:00:00Z,24.185,24.755,24.125,24.53,50331,-91871,-41540,65985,-36285,29700,24763,-12923,11840,NaN,NaN,NaN,NaN,148737,50331,-91871,-41540,65985,-36285,29700,24763,-12923,11840
2022-01-20T23:00:00Z,24.525,24.64,24.205,24.345,50331,-91871,-41540,65985,-36285,29700,24763,-12923,11840,NaN,NaN,NaN,NaN,148737,50331,-91871,-41540,65985,-36285,29700,24763,-12923,11840
2022-01-23T23:00:00Z,24.305,24.36,23.595,24.035,50331,-91871,-41540,65985,-36285,29700,24763,-12923,11840,NaN,NaN,NaN,NaN,148737,50331,-91871,-41540,65985,-36285,29700,24763,-12923,11840
2022-01-24T23:00:00Z,24.045,24.045,23.635,23.855,50135,-97819,-47684,63923,-31782,32141,28132,-12589,15543,NaN,NaN,NaN,NaN,151779,50135,-97819,-47684,63923,-31782,32141,28132,-12589,15543
2022-01-25T23:00:00Z,23.85,24.025,23.46,23.555,50135,-97819,-47684,63923,-31782,32141,28132,-12589,15543,NaN,NaN,NaN,NaN,151779,50135,-97819,-47684,63923,-31782,32141,28132,-12589,15543
2022-01-26T23:00:00Z,23.565,23.625,22.585,22.785,50135,-97819,-47684,63923,-31782,32141,28132,-12589,15543,NaN,NaN,NaN,NaN,151779,50135,-97819,-47684,63923,-31782,32141,28132,-12589,15543
2022-01-27T23:00:00Z,22.79,22.83,22.15,22.49,50135,-97819,-47684,63923,-31782,32141,28132,-12589,15543,NaN,NaN,NaN,NaN,151779,50135,-97819,-47684,63923,-31782,32141,28132,-12589,15543
2022-01-30T23:00:00Z,22.475,22.655,22.25,22.47,50135,-97819,-47684,63923,-31782,32141,28132,-12589,15543,NaN,NaN,NaN,NaN,151779,50135,-97819,-47684,63923,-31782,32141,28132,-12589,15543
2022-01-31T23:00:00Z,22.49,23.06,22.405,22.64,52970,-88233,-35263,60723,-38605,22118,24681,-11536,13145,NaN,NaN,NaN,NaN,149136,52970,-88233,-35263,60723,-38605,22118,24681,-11536,13145
2022-02-01T23:00:00Z,22.64,22.875,22.465,22.655,52970,-88233,-35263,60723,-38605,22118,24681,-11536,13145,NaN,NaN,NaN,NaN,149136,52970,-88233,-35263,60723,-38605,22118,24681,-11536,13145
2022-02-02T23:00:00Z,22.65,22.66,21.985,22.425,52970,-88233,-35263,60723,-38605,22118,24681,-11536,13145,NaN,NaN,NaN,NaN,149136,52970,-88233,-35263,60723,-38605,22118,24681,-11536,13145
2022-02-03T23:00:00Z,22.42,22.69,22.1,22.52,52970,-88233,-35263,60723,-38605,22118,24681,-11536,13145,NaN,NaN,NaN,NaN,149136,52970,-88233,-35263,60723,-38605,22118,24681,-11536,13145
2022-02-06T23:00:00Z,22.535,23.11,22.5,23.025,52970,-88233,-35263,60723,-38605,22118,24681,-11536,13145,NaN,NaN,NaN,NaN,149136,52970,-88233,-35263,60723,-38605,22118,24681,-11536,13145
2022-02-07T23:00:00Z,23.025,23.265,22.77,23.195,52943,-85514,-32571,56905,-37606,19299,26231,-12959,13272,NaN,NaN,NaN,NaN,147379,52943,-85514,-32571,56905,-37606,19299,26231,-12959,13272
2022-02-08T23:00:00Z,23.195,23.365,23.095,23.31,52943,-85514,-32571,56905,-37606,19299,26231,-12959,13272,NaN,NaN,NaN,NaN,147379,52943,-85514,-32571,56905,-37606,19299,26231,-12959,13272
2022-02-09T23:00:00Z,23.31,23.735,23.145,23.205,52943,-85514,-32571,56905,-37606,19299,26231,-12959,13272,NaN,NaN,NaN,NaN,147379,52943,-85514,-32571,56905,-37606,19299,26231,-12959,13272
2022-02-10T23:00:00Z,23.205,23.71,22.855,23.6,52943,-85514,-32571,56905,-37606,19299,26231,-12959,13272,NaN,NaN,NaN,NaN,147379,52943,-85514,-32571,56905,-37606,19299,26231,-12959,13272
2022-02-13T23:00:00Z,23.6,23.965,23.555,23.865,52943,-85514,-32571,56905,-37606,19299,26231,-12959,13272,NaN,NaN,NaN,NaN,147379,52943,-85514,-32571,56905,-37606,19299,26231,-12959,13272
2022-02-14T23:00:00Z,23.885,24.015,23.07,23.375,56394,-92742,-36348,56911,-33355,23556,25107,-12315,12792,NaN,NaN,NaN,NaN,156968,56394,-92742,-36348,56911,-33355,23556,25107,-12315,12792
2022-02-15T23:00:00Z,23.38,23.67,23.29,23.6,56394,-92742,-36348,56911,-33355,23556,25107,-12315,12792,NaN,NaN,NaN,NaN,156968,56394,-92742,-36348,56911,-33355,23556,25107,-12315,12792
2022-02-16T23:00:00Z,23.645,23.93,23.44,23.845,56394,-92742,-36348,56911,-33355,23556,25107,-12315,12792,NaN,NaN,NaN,NaN,156968,56394,-92742,-36348,56911,-33355,23556,25107,-12315,12792
2022-02-17T23:00:00Z,23.855,24.115,23.7,23.95,56394,-92742,-36348,56911,-33355,23556,25107,-12315,12792,NaN,NaN,NaN,NaN,156968,56394,-92742,-36348,56911,-33355,23556,25107,-12315,12792
2022-02-20T23:00:00Z,24.06,24.385,23.71,24.13,55747,-99467,-43720,58830,-28528,30302,26556,-13138,13418,NaN,NaN,NaN,NaN,163745,55747,-99467,-43720,58830,-28528,30302,26556,-13138,13418
2022-02-22T23:00:00Z,24.145,24.62,24.05,24.59,55747,-99467,-43720,58830,-28528,30302,26556,-13138,13418,NaN,NaN,NaN,NaN,163745,55747,-99467,-43720,58830,-28528,30302,26556,-13138,13418
2022-02-23T23:00:00Z,24.61,25.67,23.86,24.245,55747,-99467,-43720,58830,-28528,30302,26556,-13138,13418,NaN,NaN,NaN,NaN,163745,55747,-99467,-43720,58830,-28528,30302,26556,-13138,13418
2022-02-24T23:00:00Z,24.33,24.55,23.92,24.325,55747,-99467,-43720,58830,-28528,30302,26556,-13138,13418,NaN,NaN,NaN,NaN,163745,55747,-99467,-43720,58830,-28528,30302,26556,-13138,13418
2022-02-27T23:00:00Z,24.62,24.88,24.155,24.505,55747,-99467,-43720,58830,-28528,30302,26556,-13138,13418,NaN,NaN,NaN,NaN,163745,55747,-99467,-43720,58830,-28528,30302,26556,-13138,13418
2022-02-28T23:00:00Z,24.455,25.65,24.345,25.485,51440,-108590,-57150,71235,-26287,44948,25234,-13032,12202,NaN,NaN,NaN,NaN,157391,51440,-108590,-57150,71235,-26287,44948,25234,-13032,12202
2022-03-01T23:00:00Z,25.505,25.545,24.96,25.415,51440,-108590,-57150,71235,-26287,44948,25234,-13032,12202,NaN,NaN,NaN,NaN,157391,51440,-108590,-57150,71235,-26287,44948,25234,-13032,12202
2022-03-02T23:00:00Z,25.45,25.665,25.075,25.28,51440,-108590,-57150,71235,-26287,44948,25234,-13032,12202,NaN,NaN,NaN,NaN,157391,51440,-108590,-57150,71235,-26287,44948,25234,-13032,12202
2022-03-03T23:00:00Z,25.285,25.92,25.155,25.885,51440,-108590,-57150,71235,-26287,44948,25234,-13032,12202,NaN,NaN,NaN,NaN,157391,51440,-108590,-57150,71235,-26287,44948,25234,-13032,12202
2022-03-06T23:00:00Z,26.025,26.37,25.465,25.855,51440,-108590,-57150,71235,-26287,44948,25234,-13032,12202,NaN,NaN,NaN,NaN,157391,51440,-108590,-57150,71235,-26287,44948,25234,-13032,12202
2022-03-07T23:00:00Z,25.805,27.495,25.55,26.885,48816,-118425,-69609,76565,-24268,52297,28583,-11271,17312,NaN,NaN,NaN,NaN,168283,48816,-118425,-69609,76565,-24268,52297,28583,-11271,17312
2022-03-08T23:00:00Z,26.925,27.39,25.73,26.06,48816,-118425,-69609,76565,-24268,52297,28583,-11271,17312,NaN,NaN,NaN,NaN,168283,48816,-118425,-69609,76565,-24268,52297,28583,-11271,17312
2022-03-09T23:00:00Z,26.06,26.425,25.6,26.25,48816,-118425,-69609,76565,-24268,52297,28583,-11271,17312,NaN,NaN,NaN,NaN,168283,48816,-118425,-69609,76565,-24268,52297,28583,-11271,17312
2022-03-10T23:00:00Z,26.255,26.35,25.695,26.22,48816,-118425,-69609,76565,-24268,52297,28583,-11271,17312,NaN,NaN,NaN,NaN,168283,48816,-118425,-69609,76565,-24268,52297,28583,-11271,17312
2022-03-13T22:00:00Z,26.28,26.29,25.16,25.26,48816,-118425,-69609,76565,-24268,52297,28583,-11271,17312,NaN,NaN,NaN,NaN,168283,48816,-118425,-69609,76565,-24268,52297,28583,-11271,17312
2022-03-14T22:00:00Z,25.26,25.315,24.75,25.095,44324,-111903,-67579,74044,-22490,51554,26270,-10245,16025,NaN,NaN,NaN,NaN,159571,44324,-111903,-67579,74044,-22490,51554,26270,-10245,16025
2022-03-15T22:00:00Z,25.115,25.25,24.55,25.23,44324,-111903,-67579,74044,-22490,51554,26270,-10245,16025,NaN,NaN,NaN,NaN,159571,44324,-111903,-67579,74044,-22490,51554,26270,-10245,16025
2022-03-16T22:00:00Z,25.24,25.75,25.165,25.57,44324,-111903,-67579,74044,-22490,51554,26270,-10245,16025,NaN,NaN,NaN,NaN,159571,44324,-111903,-67579,74044,-22490,51554,26270,-10245,16025
2022-03-17T22:00:00Z,25.595,25.64,24.98,25.135,44324,-111903,-67579,74044,-22490,51554,26270,-10245,16025,NaN,NaN,NaN,NaN,159571,44324,-111903,-67579,74044,-22490,51554,26270,-10245,16025
2022-03-20T22:00:00Z,25.15,25.52,25.05,25.41,44324,-111903,-67579,74044,-22490,51554,26270,-10245,16025,NaN,NaN,NaN,NaN,159571,44324,-111903,-67579,74044,-22490,51554,26270,-10245,16025
2022-03-21T22:00:00Z,25.41,25.59,24.695,24.9,44270,-108827,-64557,69279,-21332,47947,26925,-10315,16610,NaN,NaN,NaN,NaN,155456,44270,-108827,-64557,69279,-21332,47947,26925,-10315,16610
2022-03-22T22:00:00Z,24.915,25.37,24.78,25.29,44270,-108827,-64557,69279,-21332,47947,26925,-10315,16610,NaN,NaN,NaN,NaN,155456,44270,-108827,-64557,69279,-21332,47947,26925,-10315,16610
2022-03-23T22:00:00Z,25.285,26.16,25.17,25.815,44270,-108827,-64557,69279,-21332,47947,26925,-10315,16610,NaN,NaN,NaN,NaN,155456,44270,-108827,-64557,69279,-21332,47947,26925,-10315,16610
2022-03-24T22:00:00Z,25.85,26.035,25.47,25.725,44270,-108827,-64557,69279,-21332,47947,26925,-10315,16610,NaN,NaN,NaN,NaN,155456,44270,-108827,-64557,69279,-21332,47947,26925,-10315,16610
2022-03-27T22:00:00Z,25.725,25.795,24.94,25.035,44270,-108827,-64557,69279,-21332,47947,26925,-10315,16610,NaN,NaN,NaN,NaN,155456,44270,-108827,-64557,69279,-21332,47947,26925,-10315,16610
2022-03-28T22:00:00Z,25.01,25.135,24.045,24.91,44589,-105961,-61372,65917,-17677,48240,25145,-12013,13132,NaN,NaN,NaN,NaN,147370,44589,-105961,-61372,65917,-17677,48240,25145,-12013,13132
2022-03-29T22:00:00Z,24.92,25.265,24.855,25.03,44589,-105961,-61372,65917,-17677,48240,25145,-12013,13132,NaN,NaN,NaN,NaN,147370,44589,-105961,-61372,65917,-17677,48240,25145,-12013,13132
2022-03-30T22:00:00Z,25.035,25.285,24.67,24.97,44589,-105961,-61372,65917,-17677,48240,25145,-12013,13132,NaN,NaN,NaN,NaN,147370,44589,-105961,-61372,65917,-17677,48240,25145,-12013,13132
2022-03-31T22:00:00Z,24.99,25.04,24.565,24.755,44589,-105961,-61372,65917,-17677,48240,25145,-12013,13132,NaN,NaN,NaN,NaN,147370,44589,-105961,-61372,65917,-17677,48240,25145,-12013,13132
2022-04-03T22:00:00Z,24.735,25.005,24.385,24.645,44589,-105961,-61372,65917,-17677,48240,25145,-12013,13132,NaN,NaN,NaN,NaN,147370,44589,-105961,-61372,65917,-17677,48240,25145,-12013,13132
2022-04-04T22:00:00Z,24.665,25.11,24.355,24.45,45922,-105958,-60036,64936,-19902,45034,26307,-11305,15002,NaN,NaN,NaN,NaN,148526,45922,-105958,-60036,64936,-19902,45034,26307,-11305,15002
2022-04-05T22:00:00Z,24.465,24.68,24.2,24.58,45922,-105958,-60036,64936,-19902,45034,26307,-11305,15002,NaN,NaN,NaN,NaN,148526,45922,-105958,-60036,64936,-19902,45034,26307,-11305,15002
2022-04-06T22:00:00Z,24.57,24.78,24.335,24.71,45922,-105958,-60036,64936,-19902,45034,26307,-11305,15002,NaN,NaN,NaN,NaN,148526,45922,-105958,-60036,64936,-19902,45034,26307,-11305,15002
2022-04-07T22:00:00Z,24.725,24.935,24.495,24.905,45922,-105958,-60036,64936,-19902,45034,26307,-11305,15002,NaN,NaN,NaN,NaN,148526,45922,-105958,-60036,64936,-19902,45034,26307,-11305,15002
2022-04-10T22:00:00Z,24.925,25.6,24.795,25.25,45922,-105958,-60036,64936,-19902,45034,26307,-11305,15002,NaN,NaN,NaN,NaN,148526,45922,-105958,-60036,64936,-19902,45034,26307,-11305,15002
2022-04-11T22:00:00Z,25.255,25.84,25.025,25.555,51139,-114829,-63690,66356,-20370,45986,29877,-12173,17704,NaN,NaN,NaN,NaN,158813,51139,-114829,-63690,66356,-20370,45986,29877,-12173,17704
2022-04-12T22:00:00Z,25.585,26.07,25.53,25.955,51139,-114829,-63690,66356,-20370,45986,29877,-12173,17704,NaN,NaN,NaN,NaN,158813,51139,-114829,-63690,66356,-20370,45986,29877,-12173,17704
2022-04-13T22:00:00Z,25.955,26.115,25.46,25.855,51139,-114829,-63690,66356,-20370,45986,29877,-12173,17704,NaN,NaN,NaN,NaN,158813,51139,-114829,-63690,66356,-20370,45986,29877,-12173,17704
2022-04-17T22:00:00Z,25.875,26.495,25.805,26.045,51139,-114829,-63690,66356,-20370,45986,29877,-12173,17704,NaN,NaN,NaN,NaN,158813,51139,-114829,-63690,66356,-20370,45986,29877,-12173,17704
2022-04-18T22:00:00Z,26.055,26.195,25.165,25.29,54719,-118007,-63288,69088,-22659,46429,28471,-11612,16859,NaN,NaN,NaN,NaN,170577,54719,-118007,-63288,69088,-22659,46429,28471,-11612,16859
2022-04-19T22:00:00Z,25.315,25.4,24.98,25.3,54719,-118007,-63288,69088,-22659,46429,28471,-11612,16859,NaN,NaN,NaN,NaN,170577,54719,-118007,-63288,69088,-22659,46429,28471,-11612,16859
2022-04-20T22:00:00Z,25.305,25.31,24.48,24.725,54719,-118007,-63288,69088,-22659,46429,28471,-11612,16859,NaN,NaN,NaN,NaN,170577,54719,-118007,-63288,69088,-22659,46429,28471,-11612,16859
2022-04-21T22:00:00Z,24.72,24.74,24.08,24.19,54719,-118007,-63288,69088,-22659,46429,28471,-11612,16859,NaN,NaN,NaN,NaN,170577,54719,-118007,-63288,69088,-22659,46429,28471,-11612,16859
2022-04-24T22:00:00Z,24.215,24.24,23.42,23.69,54719,-118007,-63288,69088,-22659,46429,28471,-11612,16859,NaN,NaN,NaN,NaN,170577,54719,-118007,-63288,69088,-22659,46429,28471,-11612,16859
2022-04-25T22:00:00Z,23.705,23.975,23.445,23.55,50176,-98959,-48783,56782,-21376,35406,26656,-13279,13377,NaN,NaN,NaN,NaN,145538,50176,-98959,-48783,56782,-21376,35406,26656,-13279,13377
2022-04-26T22:00:00Z,23.59,23.765,23.275,23.32,50176,-98959,-48783,56782,-21376,35406,26656,-13279,13377,NaN,NaN,NaN,NaN,145538,50176,-98959,-48783,56782,-21376,35406,26656,-13279,13377
2022-04-27T22:00:00Z,23.365,23.455,22.94,23.23,50176,-98959,-48783,56782,-21376,35406,26656,-13279,13377,NaN,NaN,NaN,NaN,145538,50176,-98959,-48783,56782,-21376,35406,26656,-13279,13377
2022-04-28T22:00:00Z,23.23,23.65,22.71,22.785,50176,-98959,-48783,56782,-21376,35406,26656,-13279,13377,NaN,NaN,NaN,NaN,145538,50176,-98959,-48783,56782,-21376,35406,26656,-13279,13377
2022-05-01T22:00:00Z,22.785,22.88,22.13,22.685,50176,-98959,-48783,56782,-21376,35406,26656,-13279,13377,NaN,NaN,NaN,NaN,145538,50176,-98959,-48783,56782,-21376,35406,26656,-13279,13377
2022-05-02T22:00:00Z,22.7,22.89,22.44,22.595,50184,-89501,-39317,56764,-28696,28068,23860,-12611,11249,NaN,NaN,NaN,NaN,137692,50184,-89501,-39317,56764,-28696,28068,23860,-12611,11249
2022-05-03T22:00:00Z,22.6,23.125,22.22,23.005,50184,-89501,-39317,56764,-28696,28068,23860,-12611,11249,NaN,NaN,NaN,NaN,137692,50184,-89501,-39317,56764,-28696,28068,23860,-12611,11249
2022-05-04T22:00:00Z,23.04,23.345,22.325,22.53,50184,-89501,-39317,56764,-28696,28068,23860,-12611,11249,NaN,NaN,NaN,NaN,137692,50184,-89501,-39317,56764,-28696,28068,23860,-12611,11249
2022-05-05T22:00:00Z,22.52,22.665,22.11,22.37,50184,-89501,-39317,56764,-28696,28068,23860,-12611,11249,NaN,NaN,NaN,NaN,137692,50184,-89501,-39317,56764,-28696,28068,23860,-12611,11249
2022-05-08T22:00:00Z,22.395,22.395,21.65,21.77,50184,-89501,-39317,56764,-28696,28068,23860,-12611,11249,NaN,NaN,NaN,NaN,137692,50184,-89501,-39317,56764,-28696,28068,23860,-12611,11249
2022-05-09T22:00:00Z,21.77,22.085,21.155,21.23,52637,-83156,-30519,59829,-40747,19082,24862,-13425,11437,NaN,NaN,NaN,NaN,142752,52637,-83156,-30519,59829,-40747,19082,24862,-13425,11437
2022-05-10T22:00:00Z,21.21,21.97,21.2,21.56,52637,-83156,-30519,59829,-40747,19082,24862,-13425,11437,NaN,NaN,NaN,NaN,142752,52637,-83156,-30519,59829,-40747,19082,24862,-13425,11437
2022-05-11T22:00:00Z,21.555,21.625,20.59,20.655,52637,-83156,-30519,59829,-40747,19082,24862,-13425,11437,NaN,NaN,NaN,NaN,142752,52637,-83156,-30519,59829,-40747,19082,24862,-13425,11437
2022-05-12T22:00:00Z,20.635,21.125,20.42,21.125,52637,-83156,-30519,59829,-40747,19082,24862,-13425,11437,NaN,NaN,NaN,NaN,142752,52637,-83156,-30519,59829,-40747,19082,24862,-13425,11437
2022-05-15T22:00:00Z,21.105,21.71,20.835,21.635,52637,-83156,-30519,59829,-40747,19082,24862,-13425,11437,NaN,NaN,NaN,NaN,142752,52637,-83156,-30519,59829,-40747,19082,24862,-13425,11437
2022-05-16T22:00:00Z,21.65,21.925,21.52,21.64,54287,-79128,-24841,59857,-43743,16114,23121,-14394,8727,NaN,NaN,NaN,NaN,144534,54287,-79128,-24841,59857,-43743,16114,23121,-14394,8727
2022-05-17T22:00:00Z,21.665,21.75,21.365,21.415,54287,-79128,-24841,59857,-43743,16114,23121,-14394,8727,NaN,NaN,NaN,NaN,144534,54287,-79128,-24841,59857,-43743,16114,23121,-14394,8727
2022-05-18T22:00:00Z,21.43,22.01,21.25,21.935,54287,-79128,-24841,59857,-43743,16114,23121,-14394,8727,NaN,NaN,NaN,NaN,144534,54287,-79128,-24841,59857,-43743,16114,23121,-14394,8727
2022-05-19T22:00:00Z,21.965,22.08,21.58,21.765,54287,-79128,-24841,59857,-43743,16114,23121,-14394,8727,NaN,NaN,NaN,NaN,144534,54287,-79128,-24841,59857,-43743,16114,23121,-14394,8727
2022-05-22T22:00:00Z,21.78,22.205,21.66,21.775,54287,-79128,-24841,59857,-43743,16114,23121,-14394,8727,NaN,NaN,NaN,NaN,144534,54287,-79128,-24841,59857,-43743,16114,23121,-14394,8727
2022-05-23T22:00:00Z,21.77,22.215,21.645,22.115,56910,-80207,-23297,58748,-44645,14103,23064,-13870,9194,NaN,NaN,NaN,NaN,146456,56910,-80207,-23297,58748,-44645,14103,23064,-13870,9194
2022-05-24T22:00:00Z,22.115,22.145,21.725,21.98,56910,-80207,-23297,58748,-44645,14103,23064,-13870,9194,NaN,NaN,NaN,NaN,146456,56910,-80207,-23297,58748,-44645,14103,23064,-13870,9194
2022-05-25T22:00:00Z,21.975,22.075,21.73,22.02,56910,-80207,-23297,58748,-44645,14103,23064,-13870,9194,NaN,NaN,NaN,NaN,146456,56910,-80207,-23297,58748,-44645,14103,23064,-13870,9194
2022-05-26T22:00:00Z,22.035,22.475,21.94,22.135,56910,-80207,-23297,58748,-44645,14103,23064,-13870,9194,NaN,NaN,NaN,NaN,146456,56910,-80207,-23297,58748,-44645,14103,23064,-13870,9194
2022-05-29T22:00:00Z,22.15,22.31,21.455,21.545,56447,-80308,-23861,55545,-41548,13997,24482,-14618,9864,NaN,NaN,NaN,NaN,147301,56447,-80308,-23861,55545,-41548,13997,24482,-14618,9864
2022-05-31T22:00:00Z,21.535,21.995,21.41,21.86,56447,-80308,-23861,55545,-41548,13997,24482,-14618,9864,NaN,NaN,NaN,NaN,147301,56447,-80308,-23861,55545,-41548,13997,24482,-14618,9864
2022-06-01T22:00:00Z,21.86,22.38,21.785,22.34,56447,-80308,-23861,55545,-41548,13997,24482,-14618,9864,NaN,NaN,NaN,NaN,147301,56447,-80308,-23861,55545,-41548,13997,24482,-14618,9864
2022-06-02T22:00:00Z,22.355,22.525,21.86,21.94,56447,-80308,-23861,55545,-41548,13997,24482,-14618,9864,NaN,NaN,NaN,NaN,147301,56447,-80308,-23861,55545,-41548,13997,24482,-14618,9864
2022-06-05T22:00:00Z,21.945,22.565,21.9,22.09,56447,-80308,-23861,55545,-41548,13997,24482,-14618,9864,NaN,NaN,NaN,NaN,147301,56447,-80308,-23861,55545,-41548,13997,24482,-14618,9864
2022-06-06T22:00:00Z,22.085,22.3,21.84,22.255,54707,-82697,-27990,54899,-37495,17404,25089,-14503,10586,NaN,NaN,NaN,NaN,148294,54707,-82697,-27990,54899,-37495,17404,25089,-14503,10586
2022-06-07T22:00:00Z,22.275,22.275,21.795,22.07,54707,-82697,-27990,54899,-37495,17404,25089,-14503,10586,NaN,NaN,NaN,NaN,148294,54707,-82697,-27990,54899,-37495,17404,25089,-14503,10586
2022-06-08T22:00:00Z,22.085,22.165,21.535,21.695,54707,-82697,-27990,54899,-37495,17404,25089,-14503,10586,NaN,NaN,NaN,NaN,148294,54707,-82697,-27990,54899,-37495,17404,25089,-14503,10586
2022-06-09T22:00:00Z,21.715,22.02,21.235,21.925,54707,-82697,-27990,54899,-37495,17404,25089,-14503,10586,NaN,NaN,NaN,NaN,148294,54707,-82697,-27990,54899,-37495,17404,25089,-14503,10586
2022-06-12T22:00:00Z,22.01,22.04,20.91,21.02,54707,-82697,-27990,54899,-37495,17404,25089,-14503,10586,NaN,NaN,NaN,NaN,148294,54707,-82697,-27990,54899,-37495,17404,25089,-14503,10586
2022-06-13T22:00:00Z,21.07,21.36,20.845,21,60161,-82208,-22047,57216,-43211,14005,24268,-16226,8042,NaN,NaN,NaN,NaN,151978,60161,-82208,-22047,57216,-43211,14005,24268,-16226,8042
2022-06-14T22:00:00Z,21.01,21.845,20.97,21.69,60161,-82208,-22047,57216,-43211,14005,24268,-16226,8042,NaN,NaN,NaN,NaN,151978,60161,-82208,-22047,57216,-43211,14005,24268,-16226,8042
2022-06-15T22:00:00Z,21.68,21.97,21.32,21.955,60161,-82208,-22047,57216,-43211,14005,24268,-16226,8042,NaN,NaN,NaN,NaN,151978,60161,-82208,-22047,57216,-43211,14005,24268,-16226,8042
2022-06-16T22:00:00Z,21.955,21.965,21.56,21.63,60161,-82208,-22047,57216,-43211,14005,24268,-16226,8042,NaN,NaN,NaN,NaN,151978,60161,-82208,-22047,57216,-43211,14005,24268,-16226,8042
2022-06-19T22:00:00Z,21.52,21.95,21.43,21.675,54828,-82078,-27250,54451,-36032,18419,25018,-16187,8831,NaN,NaN,NaN,NaN,145356,54828,-82078,-27250,54451,-36032,18419,25018,-16187,8831
2022-06-21T22:00:00Z,21.67,21.675,21.205,21.4,54828,-82078,-27250,54451,-36032,18419,25018,-16187,8831,NaN,NaN,NaN,NaN,145356,54828,-82078,-27250,54451,-36032,18419,25018,-16187,8831
2022-06-22T22:00:00Z,21.42,21.495,20.89,20.925,54828,-82078,-27250,54451,-36032,18419,25018,-16187,8831,NaN,NaN,NaN,NaN,145356,54828,-82078,-27250,54451,-36032,18419,25018,-16187,8831
2022-06-23T22:00:00Z,20.92,21.205,20.545,21.13,54828,-82078,-27250,54451,-36032,18419,25018,-16187,8831,NaN,NaN,NaN,NaN,145356,54828,-82078,-27250,54451,-36032,18419,25018,-16187,8831
2022-06-26T22:00:00Z,21.2,21.535,21.08,21.165,54828,-82078,-27250,54451,-36032,18419,25018,-16187,8831,NaN,NaN,NaN,NaN,145356,54828,-82078,-27250,54451,-36032,18419,25018,-16187,8831
2022-06-27T22:00:00Z,21.17,21.355,20.72,20.775,55406,-73891,-18485,52932,-42041,10891,22724,-15130,7594,NaN,NaN,NaN,NaN,135775,55406,-73891,-18485,52932,-42041,10891,22724,-15130,7594
2022-06-28T22:00:00Z,20.84,21.065,20.61,20.725,55406,-73891,-18485,52932,-42041,10891,22724,-15130,7594,NaN,NaN,NaN,NaN,135775,55406,-73891,-18485,52932,-42041,10891,22724,-15130,7594
2022-06-29T22:00:00Z,20.725,20.785,20.145,20.245,55406,-73891,-18485,52932,-42041,10891,22724,-15130,7594,NaN,NaN,NaN,NaN,135775,55406,-73891,-18485,52932,-42041,10891,22724,-15130,7594
2022-06-30T22:00:00Z,20.29,20.29,19.295,19.855,55406,-73891,-18485,52932,-42041,10891,22724,-15130,7594,NaN,NaN,NaN,NaN,135775,55406,-73891,-18485,52932,-42041,10891,22724,-15130,7594
2022-07-03T22:00:00Z,19.88,20.1,18.97,19.135,56137,-67759,-11622,54841,-49702,5139,22495,-16012,6483,NaN,NaN,NaN,NaN,140463,56137,-67759,-11622,54841,-49702,5139,22495,-16012,6483
2022-07-05T22:00:00Z,19.155,19.325,18.705,19.155,56137,-67759,-11622,54841,-49702,5139,22495,-16012,6483,NaN,NaN,NaN,NaN,140463,56137,-67759,-11622,54841,-49702,5139,22495,-16012,6483
2022-07-06T22:00:00Z,19.17,19.435,19.035,19.16,56137,-67759,-11622,54841,-49702,5139,22495,-16012,6483,NaN,NaN,NaN,NaN,140463,56137,-67759,-11622,54841,-49702,5139,22495,-16012,6483
2022-07-07T22:00:00Z,19.17,19.39,18.935,19.235,56137,-67759,-11622,54841,-49702,5139,22495,-16012,6483,NaN,NaN,NaN,NaN,140463,56137,-67759,-11622,54841,-49702,5139,22495,-16012,6483
2022-07-10T22:00:00Z,19.265,19.31,19.015,19.05,56137,-67759,-11622,54841,-49702,5139,22495,-16012,6483,NaN,NaN,NaN,NaN,140463,56137,-67759,-11622,54841,-49702,5139,22495,-16012,6483
2022-07-11T22:00:00Z,19.055,19.135,18.63,18.865,57865,-67477,-9612,54744,-51540,3204,21748,-15340,6408,NaN,NaN,NaN,NaN,142259,57865,-67477,-9612,54744,-51540,3204,21748,-15340,6408
2022-07-12T22:00:00Z,18.87,19.36,18.79,19.145,57865,-67477,-9612,54744,-51540,3204,21748,-15340,6408,NaN,NaN,NaN,NaN,142259,57865,-67477,-9612,54744,-51540,3204,21748,-15340,6408
2022-07-13T22:00:00Z,19.18,19.18,18.01,18.33,57865,-67477,-9612,54744,-51540,3204,21748,-15340,6408,NaN,NaN,NaN,NaN,142259,57865,-67477,-9612,54744,-51540,3204,21748,-15340,6408
2022-07-14T22:00:00Z,18.335,18.695,18.095,18.66,57865,-67477,-9612,54744,-51540,3204,21748,-15340,6408,NaN,NaN,NaN,NaN,142259,57865,-67477,-9612,54744,-51540,3204,21748,-15340,6408
2022-07-17T22:00:00Z,18.675,18.95,18.585,18.635,57865,-67477,-9612,54744,-51540,3204,21748,-15340,6408,NaN,NaN,NaN,NaN,142259,57865,-67477,-9612,54744,-51540,3204,21748,-15340,6408
2022-07-18T22:00:00Z,18.655,18.845,18.51,18.69,58430,-66643,-8213,56187,-54827,1360,21517,-14664,6853,NaN,NaN,NaN,NaN,145247,58430,-66643,-8213,56187,-54827,1360,21517,-14664,6853
2022-07-19T22:00:00Z,18.695,19.03,18.565,18.585,58430,-66643,-8213,56187,-54827,1360,21517,-14664,6853,NaN,NaN,NaN,NaN,145247,58430,-66643,-8213,56187,-54827,1360,21517,-14664,6853
2022-07-20T22:00:00Z,18.61,18.805,18.12,18.78,58430,-66643,-8213,56187,-54827,1360,21517,-14664,6853,NaN,NaN,NaN,NaN,145247,58430,-66643,-8213,56187,-54827,1360,21517,-14664,6853
2022-07-21T22:00:00Z,18.785,18.88,18.42,18.49,58430,-66643,-8213,56187,-54827,1360,21517,-14664,6853,NaN,NaN,NaN,NaN,145247,58430,-66643,-8213,56187,-54827,1360,21517,-14664,6853
2022-07-24T22:00:00Z,18.54,18.675,18.195,18.335,58430,-66643,-8213,56187,-54827,1360,21517,-14664,6853,NaN,NaN,NaN,NaN,145247,58430,-66643,-8213,56187,-54827,1360,21517,-14664,6853
2022-07-25T22:00:00Z,18.33,18.62,18.285,18.52,62080,-64733,-2653,54671,-59171,-4500,22309,-15156,7153,NaN,NaN,NaN,NaN,147784,62080,-64733,-2653,54671,-59171,-4500,22309,-15156,7153
2022-07-26T22:00:00Z,18.535,19.095,18.36,19.04,62080,-64733,-2653,54671,-59171,-4500,22309,-15156,7153,NaN,NaN,NaN,NaN,147784,62080,-64733,-2653,54671,-59171,-4500,22309,-15156,7153
2022-07-27T22:00:00Z,19.05,20,19.01,19.985,62080,-64733,-2653,54671,-59171,-4500,22309,-15156,7153,NaN,NaN,NaN,NaN,147784,62080,-64733,-2653,54671,-59171,-4500,22309,-15156,7153
2022-07-28T22:00:00Z,19.99,20.35,19.825,20.335,62080,-64733,-2653,54671,-59171,-4500,22309,-15156,7153,NaN,NaN,NaN,NaN,147784,62080,-64733,-2653,54671,-59171,-4500,22309,-15156,7153
2022-07-31T22:00:00Z,20.335,20.51,20.065,20.335,62080,-64733,-2653,54671,-59171,-4500,22309,-15156,7153,NaN,NaN,NaN,NaN,147784,62080,-64733,-2653,54671,-59171,-4500,22309,-15156,7153
2022-08-01T22:00:00Z,20.34,20.495,19.915,19.93,55536,-64600,-9064,49220,-48246,974,22198,-14108,8090,NaN,NaN,NaN,NaN,136267,55536,-64600,-9064,49220,-48246,974,22198,-14108,8090
2022-08-02T22:00:00Z,19.955,20.14,19.75,20.025,55536,-64600,-9064,49220,-48246,974,22198,-14108,8090,NaN,NaN,NaN,NaN,136267,55536,-64600,-9064,49220,-48246,974,22198,-14108,8090
2022-08-03T22:00:00Z,20.045,20.38,19.93,20.135,55536,-64600,-9064,49220,-48246,974,22198,-14108,8090,NaN,NaN,NaN,NaN,136267,55536,-64600,-9064,49220,-48246,974,22198,-14108,8090
2022-08-04T22:00:00Z,20.16,20.28,19.47,19.86,55536,-64600,-9064,49220,-48246,974,22198,-14108,8090,NaN,NaN,NaN,NaN,136267,55536,-64600,-9064,49220,-48246,974,22198,-14108,8090
2022-08-07T22:00:00Z,19.84,20.745,19.745,20.67,55536,-64600,-9064,49220,-48246,974,22198,-14108,8090,NaN,NaN,NaN,NaN,136267,55536,-64600,-9064,49220,-48246,974,22198,-14108,8090
2022-08-08T22:00:00Z,20.695,20.74,20.4,20.495,56876,-70450,-13574,48864,-45985,2879,24122,-13427,10695,NaN,NaN,NaN,NaN,141093,56876,-70450,-13574,48864,-45985,2879,24122,-13427,10695
2022-08-09T22:00:00Z,20.5,20.83,20.315,20.57,56876,-70450,-13574,48864,-45985,2879,24122,-13427,10695,NaN,NaN,NaN,NaN,141093,56876,-70450,-13574,48864,-45985,2879,24122,-13427,10695
2022-08-10T22:00:00Z,20.575,20.605,20.19,20.265,56876,-70450,-13574,48864,-45985,2879,24122,-13427,10695,NaN,NaN,NaN,NaN,141093,56876,-70450,-13574,48864,-45985,2879,24122,-13427,10695
2022-08-11T22:00:00Z,20.26,20.85,20.19,20.835,56876,-70450,-13574,48864,-45985,2879,24122,-13427,10695,NaN,NaN,NaN,NaN,141093,56876,-70450,-13574,48864,-45985,2879,24122,-13427,10695
2022-08-14T22:00:00Z,20.805,20.87,20.02,20.225,56876,-70450,-13574,48864,-45985,2879,24122,-13427,10695,NaN,NaN,NaN,NaN,141093,56876,-70450,-13574,48864,-45985,2879,24122,-13427,10695
2022-08-15T22:00:00Z,20.23,20.25,19.86,20.11,59753,-72204,-12451,47851,-44343,3508,23230,-14287,8943,NaN,NaN,NaN,NaN,144314,59753,-72204,-12451,47851,-44343,3508,23230,-14287,8943
2022-08-16T22:00:00Z,20.105,20.24,19.63,19.735,59753,-72204,-12451,47851,-44343,3508,23230,-14287,8943,NaN,NaN,NaN,NaN,144314,59753,-72204,-12451,47851,-44343,3508,23230,-14287,8943
2022-08-17T22:00:00Z,19.74,19.885,19.41,19.46,59753,-72204,-12451,47851,-44343,3508,23230,-14287,8943,NaN,NaN,NaN,NaN,144314,59753,-72204,-12451,47851,-44343,3508,23230,-14287,8943
2022-08-18T22:00:00Z,19.47,19.48,18.925,18.965,59753,-72204,-12451,47851,-44343,3508,23230,-14287,8943,NaN,NaN,NaN,NaN,144314,59753,-72204,-12451,47851,-44343,3508,23230,-14287,8943
2022-08-21T22:00:00Z,18.97,19.065,18.605,18.885,59753,-72204,-12451,47851,-44343,3508,23230,-14287,8943,NaN,NaN,NaN,NaN,144314,59753,-72204,-12451,47851,-44343,3508,23230,-14287,8943
2022-08-22T22:00:00Z,18.885,19.155,18.65,18.995,63429,-67748,-4319,49151,-53651,-4500,23653,-14834,8819,NaN,NaN,NaN,NaN,144357,63429,-67748,-4319,49151,-53651,-4500,23653,-14834,8819
2022-08-23T22:00:00Z,19.02,19.105,18.815,18.985,63429,-67748,-4319,49151,-53651,-4500,23653,-14834,8819,NaN,NaN,NaN,NaN,144357,63429,-67748,-4319,49151,-53651,-4500,23653,-14834,8819
2022-08-24T22:00:00Z,18.995,19.26,18.955,19.13,63429,-67748,-4319,49151,-53651,-4500,23653,-14834,8819,NaN,NaN,NaN,NaN,144357,63429,-67748,-4319,49151,-53651,-4500,23653,-14834,8819
2022-08-25T22:00:00Z,19.13,19.345,18.68,18.775,63429,-67748,-4319,49151,-53651,-4500,23653,-14834,8819,NaN,NaN,NaN,NaN,144357,63429,-67748,-4319,49151,-53651,-4500,23653,-14834,8819
2022-08-28T22:00:00Z,18.77,18.77,18.3,18.545,63429,-67748,-4319,49151,-53651,-4500,23653,-14834,8819,NaN,NaN,NaN,NaN,144357,63429,-67748,-4319,49151,-53651,-4500,23653,-14834,8819
2022-08-29T22:00:00Z,18.675,18.7,18.225,18.295,58592,-58327,265,49468,-57739,-8271,22715,-14709,8006,NaN,NaN,NaN,NaN,138714,58592,-58327,265,49468,-57739,-8271,22715,-14709,8006
2022-08-30T22:00:00Z,18.29,18.39,17.8,17.865,58592,-58327,265,49468,-57739,-8271,22715,-14709,8006,NaN,NaN,NaN,NaN,138714,58592,-58327,265,49468,-57739,-8271,22715,-14709,8006
2022-08-31T22:00:00Z,17.85,17.865,17.4,17.655,58592,-58327,265,49468,-57739,-8271,22715,-14709,8006,NaN,NaN,NaN,NaN,138714,58592,-58327,265,49468,-57739,-8271,22715,-14709,8006
2022-09-01T22:00:00Z,17.665,18.165,17.62,17.91,58592,-58327,265,49468,-57739,-8271,22715,-14709,8006,NaN,NaN,NaN,NaN,138714,58592,-58327,265,49468,-57739,-8271,22715,-14709,8006
2022-09-04T22:00:00Z,17.94,18.465,17.815,17.91,55823,-50768,5055,51714,-64498,-12784,22687,-14958,7729,NaN,NaN,NaN,NaN,138300,55823,-50768,5055,51714,-64498,-12784,22687,-14958,7729
2022-09-06T22:00:00Z,17.905,18.4,17.74,18.38,55823,-50768,5055,51714,-64498,-12784,22687,-14958,7729,NaN,NaN,NaN,NaN,138300,55823,-50768,5055,51714,-64498,-12784,22687,-14958,7729
2022-09-07T22:00:00Z,18.395,18.665,18.24,18.455,55823,-50768,5055,51714,-64498,-12784,22687,-14958,7729,NaN,NaN,NaN,NaN,138300,55823,-50768,5055,51714,-64498,-12784,22687,-14958,7729
2022-09-08T22:00:00Z,18.45,18.86,18.445,18.785,55823,-50768,5055,51714,-64498,-12784,22687,-14958,7729,NaN,NaN,NaN,NaN,138300,55823,-50768,5055,51714,-64498,-12784,22687,-14958,7729
2022-09-11T22:00:00Z,18.815,20.005,18.775,19.77,55823,-50768,5055,51714,-64498,-12784,22687,-14958,7729,NaN,NaN,NaN,NaN,138300,55823,-50768,5055,51714,-64498,-12784,22687,-14958,7729
2022-09-12T22:00:00Z,19.785,19.93,19.295,19.3,51822,-54373,-2551,53373,-58013,-4640,21808,-14617,7191,NaN,NaN,NaN,NaN,135530,51822,-54373,-2551,53373,-58013,-4640,21808,-14617,7191
2022-09-13T22:00:00Z,19.3,19.685,19.215,19.6,51822,-54373,-2551,53373,-58013,-4640,21808,-14617,7191,NaN,NaN,NaN,NaN,135530,51822,-54373,-2551,53373,-58013,-4640,21808,-14617,7191
2022-09-14T22:00:00Z,19.6,19.625,19.11,19.175,51822,-54373,-2551,53373,-58013,-4640,21808,-14617,7191,NaN,NaN,NaN,NaN,135530,51822,-54373,-2551,53373,-58013,-4640,21808,-14617,7191
2022-09-15T22:00:00Z,19.175,19.64,18.77,19.615,51822,-54373,-2551,53373,-58013,-4640,21808,-14617,7191,NaN,NaN,NaN,NaN,135530,51822,-54373,-2551,53373,-58013,-4640,21808,-14617,7191
2022-09-18T22:00:00Z,19.6,19.69,19.235,19.58,51822,-54373,-2551,53373,-58013,-4640,21808,-14617,7191,NaN,NaN,NaN,NaN,135530,51822,-54373,-2551,53373,-58013,-4640,21808,-14617,7191
2022-09-19T22:00:00Z,19.595,19.605,19.07,19.27,50661,-56290,-5629,52323,-53963,-1640,21383,-14114,7269,NaN,NaN,NaN,NaN,132107,50661,-56290,-5629,52323,-53963,-1640,21383,-14114,7269
2022-09-20T22:00:00Z,19.265,19.96,19.23,19.605,50661,-56290,-5629,52323,-53963,-1640,21383,-14114,7269,NaN,NaN,NaN,NaN,132107,50661,-56290,-5629,52323,-53963,-1640,21383,-14114,7269
2022-09-21T22:00:00Z,19.645,19.89,19.25,19.66,50661,-56290,-5629,52323,-53963,-1640,21383,-14114,7269,NaN,NaN,NaN,NaN,132107,50661,-56290,-5629,52323,-53963,-1640,21383,-14114,7269
2022-09-22T22:00:00Z,19.66,19.745,18.76,18.835,50661,-56290,-5629,52323,-53963,-1640,21383,-14114,7269,NaN,NaN,NaN,NaN,132107,50661,-56290,-5629,52323,-53963,-1640,21383,-14114,7269
2022-09-25T22:00:00Z,18.85,19.045,18.31,18.34,50661,-56290,-5629,52323,-53963,-1640,21383,-14114,7269,NaN,NaN,NaN,NaN,132107,50661,-56290,-5629,52323,-53963,-1640,21383,-14114,7269
2022-09-26T22:00:00Z,18.35,18.785,18.295,18.365,48993,-55853,-6860,49984,-49226,758,20681,-14579,6102,NaN,NaN,NaN,NaN,129000,48993,-55853,-6860,49984,-49226,758,20681,-14579,6102
2022-09-27T22:00:00Z,18.365,18.965,17.895,18.89,48993,-55853,-6860,49984,-49226,758,20681,-14579,6102,NaN,NaN,NaN,NaN,129000,48993,-55853,-6860,49984,-49226,758,20681,-14579,6102
2022-09-28T22:00:00Z,18.91,18.915,18.465,18.795,48993,-55853,-6860,49984,-49226,758,20681,-14579,6102,NaN,NaN,NaN,NaN,129000,48993,-55853,-6860,49984,-49226,758,20681,-14579,6102
2022-09-29T22:00:00Z,18.81,19.3,18.745,19.015,48993,-55853,-6860,49984,-49226,758,20681,-14579,6102,NaN,NaN,NaN,NaN,129000,48993,-55853,-6860,49984,-49226,758,20681,-14579,6102
2022-10-02T22:00:00Z,18.995,20.78,18.98,20.76,48993,-55853,-6860,49984,-49226,758,20681,-14579,6102,NaN,NaN,NaN,NaN,129000,48993,-55853,-6860,49984,-49226,758,20681,-14579,6102
2022-10-03T22:00:00Z,20.745,21.31,20.68,21.12,47755,-65372,-17617,51926,-43218,8708,22040,-13131,8909,NaN,NaN,NaN,NaN,129524,47755,-65372,-17617,51926,-43218,8708,22040,-13131,8909
2022-10-04T22:00:00Z,21.12,21.135,19.985,20.685,47755,-65372,-17617,51926,-43218,8708,22040,-13131,8909,NaN,NaN,NaN,NaN,129524,47755,-65372,-17617,51926,-43218,8708,22040,-13131,8909
2022-10-05T22:00:00Z,20.75,20.93,20.4,20.69,47755,-65372,-17617,51926,-43218,8708,22040,-13131,8909,NaN,NaN,NaN,NaN,129524,47755,-65372,-17617,51926,-43218,8708,22040,-13131,8909
2022-10-06T22:00:00Z,20.71,20.875,20.02,20.16,47755,-65372,-17617,51926,-43218,8708,22040,-13131,8909,NaN,NaN,NaN,NaN,129524,47755,-65372,-17617,51926,-43218,8708,22040,-13131,8909
2022-10-09T22:00:00Z,20.185,20.21,19.525,19.605,47755,-65372,-17617,51926,-43218,8708,22040,-13131,8909,NaN,NaN,NaN,NaN,129524,47755,-65372,-17617,51926,-43218,8708,22040,-13131,8909
2022-10-10T22:00:00Z,19.63,19.725,19.05,19.145,47603,-63206,-15603,47939,-40550,7389,21347,-13133,8214,NaN,NaN,NaN,NaN,125623,47603,-63206,-15603,47939,-40550,7389,21347,-13133,8214
2022-10-11T22:00:00Z,19.175,19.31,18.84,18.995,47603,-63206,-15603,47939,-40550,7389,21347,-13133,8214,NaN,NaN,NaN,NaN,125623,47603,-63206,-15603,47939,-40550,7389,21347,-13133,8214
2022-10-12T22:00:00Z,19.01,19.29,18.41,18.85,47603,-63206,-15603,47939,-40550,7389,21347,-13133,8214,NaN,NaN,NaN,NaN,125623,47603,-63206,-15603,47939,-40550,7389,21347,-13133,8214
2022-10-13T22:00:00Z,18.865,19.055,18.01,18.2,47603,-63206,-15603,47939,-40550,7389,21347,-13133,8214,NaN,NaN,NaN,NaN,125623,47603,-63206,-15603,47939,-40550,7389,21347,-13133,8214
2022-10-16T22:00:00Z,18.16,18.89,18.155,18.6,47603,-63206,-15603,47939,-40550,7389,21347,-13133,8214,NaN,NaN,NaN,NaN,125623,47603,-63206,-15603,47939,-40550,7389,21347,-13133,8214
2022-10-17T22:00:00Z,18.625,18.865,18.49,18.68,50956,-60041,-9085,51541,-50274,1267,22014,-14196,7818,NaN,NaN,NaN,NaN,136055,50956,-60041,-9085,51541,-50274,1267,22014,-14196,7818
2022-10-18T22:00:00Z,18.685,18.755,18.305,18.405,50956,-60041,-9085,51541,-50274,1267,22014,-14196,7818,NaN,NaN,NaN,NaN,136055,50956,-60041,-9085,51541,-50274,1267,22014,-14196,7818
2022-10-19T22:00:00Z,18.405,18.96,18.15,18.61,50956,-60041,-9085,51541,-50274,1267,22014,-14196,7818,NaN,NaN,NaN,NaN,136055,50956,-60041,-9085,51541,-50274,1267,22014,-14196,7818
2022-10-20T22:00:00Z,18.625,19.405,18.205,19.4,50956,-60041,-9085,51541,-50274,1267,22014,-14196,7818,NaN,NaN,NaN,NaN,136055,50956,-60041,-9085,51541,-50274,1267,22014,-14196,7818
2022-10-23T22:00:00Z,19.395,19.675,18.985,19.19,50956,-60041,-9085,51541,-50274,1267,22014,-14196,7818,NaN,NaN,NaN,NaN,136055,50956,-60041,-9085,51541,-50274,1267,22014,-14196,7818
2022-10-24T22:00:00Z,19.195,19.41,18.74,19.31,52952,-61809,-8857,51163,-51264,-101,22331,-13373,8958,NaN,NaN,NaN,NaN,139085,52952,-61809,-8857,51163,-51264,-101,22331,-13373,8958
2022-10-25T22:00:00Z,19.325,19.765,19.18,19.545,52952,-61809,-8857,51163,-51264,-101,22331,-13373,8958,NaN,NaN,NaN,NaN,139085,52952,-61809,-8857,51163,-51264,-101,22331,-13373,8958
2022-10-26T22:00:00Z,19.555,19.66,19.255,19.57,52952,-61809,-8857,51163,-51264,-101,22331,-13373,8958,NaN,NaN,NaN,NaN,139085,52952,-61809,-8857,51163,-51264,-101,22331,-13373,8958
2022-10-27T22:00:00Z,19.565,19.62,18.95,19.2,52952,-61809,-8857,51163,-51264,-101,22331,-13373,8958,NaN,NaN,NaN,NaN,139085,52952,-61809,-8857,51163,-51264,-101,22331,-13373,8958
2022-10-30T22:00:00Z,19.2,19.225,18.865,19.12,52952,-61809,-8857,51163,-51264,-101,22331,-13373,8958,NaN,NaN,NaN,NaN,139085,52952,-61809,-8857,51163,-51264,-101,22331,-13373,8958
2022-10-31T22:00:00Z,19.11,20.04,19.085,19.625,51802,-62165,-10363,51286,-49762,1524,22076,-13237,8839,NaN,NaN,NaN,NaN,138875,51802,-62165,-10363,51286,-49762,1524,22076,-13237,8839
2022-11-01T22:00:00Z,19.635,20.11,19.2,19.22,51802,-62165,-10363,51286,-49762,1524,22076,-13237,8839,NaN,NaN,NaN,NaN,138875,51802,-62165,-10363,51286,-49762,1524,22076,-13237,8839
2022-11-02T22:00:00Z,19.23,19.555,18.805,19.475,51802,-62165,-10363,51286,-49762,1524,22076,-13237,8839,NaN,NaN,NaN,NaN,138875,51802,-62165,-10363,51286,-49762,1524,22076,-13237,8839
2022-11-03T22:00:00Z,19.5,20.965,19.425,20.915,51802,-62165,-10363,51286,-49762,1524,22076,-13237,8839,NaN,NaN,NaN,NaN,138875,51802,-62165,-10363,51286,-49762,1524,22076,-13237,8839
2022-11-06T23:00:00Z,20.57,21.08,20.435,20.865,51802,-62165,-10363,51286,-49762,1524,22076,-13237,8839,NaN,NaN,NaN,NaN,138875,51802,-62165,-10363,51286,-49762,1524,22076,-13237,8839
2022-11-07T23:00:00Z,20.85,21.72,20.57,21.425,47451,-69539,-22088,53651,-40648,13003,23040,-13955,9085,NaN,NaN,NaN,NaN,140437,47451,-69539,-22088,53651,-40648,13003,23040,-13955,9085
2022-11-08T23:00:00Z,21.425,21.695,21.055,21.12,47451,-69539,-22088,53651,-40648,13003,23040,-13955,9085,NaN,NaN,NaN,NaN,140437,47451,-69539,-22088,53651,-40648,13003,23040,-13955,9085
2022-11-09T23:00:00Z,21.115,21.94,21.045,21.755,47451,-69539,-22088,53651,-40648,13003,23040,-13955,9085,NaN,NaN,NaN,NaN,140437,47451,-69539,-22088,53651,-40648,13003,23040,-13955,9085
2022-11-10T23:00:00Z,21.77,22.16,21.355,21.795,47451,-69539,-22088,53651,-40648,13003,23040,-13955,9085,NaN,NaN,NaN,NaN,140437,47451,-69539,-22088,53651,-40648,13003,23040,-13955,9085
2022-11-13T23:00:00Z,21.77,22.19,21.37,22.075,47451,-69539,-22088,53651,-40648,13003,23040,-13955,9085,NaN,NaN,NaN,NaN,140437,47451,-69539,-22088,53651,-40648,13003,23040,-13955,9085
2022-11-14T23:00:00Z,22.065,22.38,21.45,21.63,48393,-77817,-29424,52692,-35085,17607,24386,-12569,11817,NaN,NaN,NaN,NaN,141623,48393,-77817,-29424,52692,-35085,17607,24386,-12569,11817
2022-11-15T23:00:00Z,21.63,22.155,21.455,21.52,48393,-77817,-29424,52692,-35085,17607,24386,-12569,11817,NaN,NaN,NaN,NaN,141623,48393,-77817,-29424,52692,-35085,17607,24386,-12569,11817
2022-11-16T23:00:00Z,21.505,21.535,20.785,20.99,48393,-77817,-29424,52692,-35085,17607,24386,-12569,11817,NaN,NaN,NaN,NaN,141623,48393,-77817,-29424,52692,-35085,17607,24386,-12569,11817
2022-11-17T23:00:00Z,21.02,21.325,20.87,20.975,48393,-77817,-29424,52692,-35085,17607,24386,-12569,11817,NaN,NaN,NaN,NaN,141623,48393,-77817,-29424,52692,-35085,17607,24386,-12569,11817
2022-11-20T23:00:00Z,20.985,21.04,20.6,20.88,48393,-77817,-29424,52692,-35085,17607,24386,-12569,11817,NaN,NaN,NaN,NaN,141623,48393,-77817,-29424,52692,-35085,17607,24386,-12569,11817
2022-11-21T23:00:00Z,20.86,21.37,20.86,21.105,45351,-72993,-27642,50540,-33774,16766,23279,-12403,10876,NaN,NaN,NaN,NaN,128907,45351,-72993,-27642,50540,-33774,16766,23279,-12403,10876
2022-11-22T23:00:00Z,21.1,21.63,20.925,21.595,45351,-72993,-27642,50540,-33774,16766,23279,-12403,10876,NaN,NaN,NaN,NaN,128907,45351,-72993,-27642,50540,-33774,16766,23279,-12403,10876
2022-11-23T23:00:00Z,21.605,21.73,21.175,21.48,45351,-72993,-27642,50540,-33774,16766,23279,-12403,10876,NaN,NaN,NaN,NaN,128907,45351,-72993,-27642,50540,-33774,16766,23279,-12403,10876
2022-11-27T23:00:00Z,21.45,21.64,20.835,20.9,45351,-72993,-27642,50540,-33774,16766,23279,-12403,10876,NaN,NaN,NaN,NaN,128907,45351,-72993,-27642,50540,-33774,16766,23279,-12403,10876
2022-11-28T23:00:00Z,21.13,21.635,21.06,21.415,46270,-75267,-28997,48441,-30958,17483,22150,-10636,11514,NaN,NaN,NaN,NaN,121258,46270,-75267,-28997,48441,-30958,17483,22150,-10636,11514
2022-11-29T23:00:00Z,21.415,22.41,21.355,22.395,46270,-75267,-28997,48441,-30958,17483,22150,-10636,11514,NaN,NaN,NaN,NaN,121258,46270,-75267,-28997,48441,-30958,17483,22150,-10636,11514
2022-11-30T23:00:00Z,22.41,23.005,22.24,22.97,46270,-75267,-28997,48441,-30958,17483,22150,-10636,11514,NaN,NaN,NaN,NaN,121258,46270,-75267,-28997,48441,-30958,17483,22150,-10636,11514
2022-12-01T23:00:00Z,22.975,23.475,22.48,23.355,46270,-75267,-28997,48441,-30958,17483,22150,-10636,11514,NaN,NaN,NaN,NaN,121258,46270,-75267,-28997,48441,-30958,17483,22150,-10636,11514
2022-12-04T23:00:00Z,23.29,23.69,22.35,22.43,46270,-75267,-28997,48441,-30958,17483,22150,-10636,11514,NaN,NaN,NaN,NaN,121258,46270,-75267,-28997,48441,-30958,17483,22150,-10636,11514
2022-12-05T23:00:00Z,22.435,22.78,22.19,22.35,44757,-77019,-32262,48954,-29746,19208,23648,-10594,13054,NaN,NaN,NaN,NaN,122558,44757,-77019,-32262,48954,-29746,19208,23648,-10594,13054
2022-12-06T23:00:00Z,22.35,23.01,22.255,22.895,44757,-77019,-32262,48954,-29746,19208,23648,-10594,13054,NaN,NaN,NaN,NaN,122558,44757,-77019,-32262,48954,-29746,19208,23648,-10594,13054
2022-12-07T23:00:00Z,22.92,23.425,22.725,23.275,44757,-77019,-32262,48954,-29746,19208,23648,-10594,13054,NaN,NaN,NaN,NaN,122558,44757,-77019,-32262,48954,-29746,19208,23648,-10594,13054
2022-12-08T23:00:00Z,23.305,23.9,23.14,23.68,44757,-77019,-32262,48954,-29746,19208,23648,-10594,13054,NaN,NaN,NaN,NaN,122558,44757,-77019,-32262,48954,-29746,19208,23648,-10594,13054
2022-12-11T23:00:00Z,23.65,23.765,23.32,23.51,44757,-77019,-32262,48954,-29746,19208,23648,-10594,13054,NaN,NaN,NaN,NaN,122558,44757,-77019,-32262,48954,-29746,19208,23648,-10594,13054
2022-12-12T23:00:00Z,23.52,24.39,23.49,23.96,44913,-80719,-35806,51405,-28586,22819,23843,-10856,12987,NaN,NaN,NaN,NaN,125555,44913,-80719,-35806,51405,-28586,22819,23843,-10856,12987
2022-12-13T23:00:00Z,23.965,24.275,23.605,24.17,44913,-80719,-35806,51405,-28586,22819,23843,-10856,12987,NaN,NaN,NaN,NaN,125555,44913,-80719,-35806,51405,-28586,22819,23843,-10856,12987
2022-12-14T23:00:00Z,24.18,24.18,23.155,23.28,44913,-80719,-35806,51405,-28586,22819,23843,-10856,12987,NaN,NaN,NaN,NaN,125555,44913,-80719,-35806,51405,-28586,22819,23843,-10856,12987
2022-12-15T23:00:00Z,23.27,23.445,22.735,23.41,44913,-80719,-35806,51405,-28586,22819,23843,-10856,12987,NaN,NaN,NaN,NaN,125555,44913,-80719,-35806,51405,-28586,22819,23843,-10856,12987
2022-12-18T23:00:00Z,23.415,23.625,23.03,23.175,44913,-80719,-35806,51405,-28586,22819,23843,-10856,12987,NaN,NaN,NaN,NaN,125555,44913,-80719,-35806,51405,-28586,22819,23843,-10856,12987
2022-12-19T23:00:00Z,23.18,24.49,23.05,24.395,44388,-84697,-40309,56164,-26402,29762,23707,-13160,10547,NaN,NaN,NaN,NaN,129278,44388,-84697,-40309,56164,-26402,29762,23707,-13160,10547
2022-12-20T23:00:00Z,24.395,24.525,24.055,24.195,44388,-84697,-40309,56164,-26402,29762,23707,-13160,10547,NaN,NaN,NaN,NaN,129278,44388,-84697,-40309,56164,-26402,29762,23707,-13160,10547
2022-12-21T23:00:00Z,24.195,24.315,23.55,23.74,44388,-84697,-40309,56164,-26402,29762,23707,-13160,10547,NaN,NaN,NaN,NaN,129278,44388,-84697,-40309,56164,-26402,29762,23707,-13160,10547
2022-12-22T23:00:00Z,23.74,24.095,23.685,23.92,44388,-84697,-40309,56164,-26402,29762,23707,-13160,10547,NaN,NaN,NaN,NaN,129278,44388,-84697,-40309,56164,-26402,29762,23707,-13160,10547
2022-12-26T23:00:00Z,24.05,24.495,23.975,24.24,44044,-86961,-42917,55870,-24843,31027,23579,-11689,11890,NaN,NaN,NaN,NaN,128467,44044,-86961,-42917,55870,-24843,31027,23579,-11689,11890
2022-12-27T23:00:00Z,24.24,24.275,23.645,23.72,44044,-86961,-42917,55870,-24843,31027,23579,-11689,11890,NaN,NaN,NaN,NaN,128467,44044,-86961,-42917,55870,-24843,31027,23579,-11689,11890
2022-12-28T23:00:00Z,23.725,24.28,23.69,24.115,44044,-86961,-42917,55870,-24843,31027,23579,-11689,11890,NaN,NaN,NaN,NaN,128467,44044,-86961,-42917,55870,-24843,31027,23579,-11689,11890
2022-12-29T23:00:00Z,24.105,24.36,23.705,24.18,44044,-86961,-42917,55870,-24843,31027,23579,-11689,11890,NaN,NaN,NaN,NaN,128467,44044,-86961,-42917,55870,-24843,31027,23579,-11689,11890
2023-01-02T23:00:00Z,24.305,24.775,24.095,24.175,44229,-88440,-44211,57801,-26867,30934,23576,-10299,13277,NaN,NaN,NaN,NaN,131990,44229,-88440,-44211,57801,-26867,30934,23576,-10299,13277
2023-01-03T23:00:00Z,24.175,24.64,23.745,23.92,44229,-88440,-44211,57801,-26867,30934,23576,-10299,13277,NaN,NaN,NaN,NaN,131990,44229,-88440,-44211,57801,-26867,30934,23576,-10299,13277
2023-01-04T23:00:00Z,23.94,24.06,23.26,23.38,44229,-88440,-44211,57801,-26867,30934,23576,-10299,13277,NaN,NaN,NaN,NaN,131990,44229,-88440,-44211,57801,-26867,30934,23576,-10299,13277
2023-01-05T23:00:00Z,23.385,24.055,23.345,23.98,44229,-88440,-44211,57801,-26867,30934,23576,-10299,13277,NaN,NaN,NaN,NaN,131990,44229,-88440,-44211,57801,-26867,30934,23576,-10299,13277